# 
#  Image file: frame00151.jpg
#  Applied threshold: 500
#  Algorithm used: fill2                 
#  Particle count: 24
#  Location (x,y), max luminance, and mass:
# 
 41	 65	764	  4	
 82	135	764	  7	
169	229	764	  3	
175	 13	764	  3	
183	 98	764	  3	
212	187	701	  5	
217	278	641	  3	
245	287	764	  3	
254	223	581	  1	
270	414	764	  3	
329	130	764	  3	
350	292	728	  5	
361	172	764	  3	
375	475	548	  2	
378	  4	650	  4	
390	324	581	  1	
394	469	764	  3	
395	218	765	  3	
420	338	503	  1	
500	391	764	  4	
502	461	764	  4	
503	180	764	  2	
559	119	764	  4	
598	180	764	  3	
