# 
#  Image file: Goad2_T0012.jpg
#  Applied threshold: 575
#  Algorithm used: fill2                 
#  Particle count: 2121
#  Location (x,y), max luminance, and mass:
# 
  2	240	765	  1	
  5	440	765	  1	
  6	460	765	  1	
  8	106	765	  1	
  8	164	765	  1	
  8	175	765	  1	
  8	186	765	  1	
  8	189	765	  1	
  8	240	765	  1	
 12	247	765	  1	
 15	552	765	  1	
 16	116	765	  1	
 16	423	765	  1	
 21	178	765	  1	
 21	563	765	  1	
 23	492	765	  1	
 27	170	765	  1	
 27	493	765	  1	
 30	272	765	  1	
 38	416	765	  1	
 40	  7	765	  1	
 40	311	765	  1	
 42	543	765	  1	
 46	272	765	  1	
 47	255	765	  1	
 47	552	765	  1	
 48	343	765	  1	
 54	387	765	  1	
 56	102	765	  1	
 56	106	765	  1	
 61	111	765	  1	
 63	104	765	  1	
 63	383	765	  1	
 64	102	765	  1	
 64	111	765	  1	
 64	120	765	  1	
 64	311	765	  1	
 65	103	765	  1	
 67	110	765	  1	
 71	 48	765	  1	
 71	110	765	  1	
 71	120	765	  1	
 71	304	765	  1	
 80	104	765	  1	
 80	112	765	  1	
 80	119	765	  1	
 80	375	765	  1	
 83	 40	765	  1	
 83	219	765	  1	
 83	368	765	  1	
 87	375	765	  1	
 88	272	765	  1	
 91	393	765	  1	
 95	151	765	  1	
 96	 24	765	  1	
 96	272	765	  1	
 96	279	765	  1	
 96	314	765	  1	
 96	543	765	  1	
 99	 88	765	  1	
104	 96	765	  1	
104	211	765	  1	
104	317	765	  1	
106	102	765	  1	
107	112	765	  1	
107	142	765	  1	
108	225	765	  1	
108	239	765	  1	
108	312	765	  1	
109	 96	765	  1	
109	339	765	  1	
109	347	765	  1	
110	 44	765	  1	
110	269	765	  1	
110	433	765	  1	
111	102	765	  1	
111	118	765	  1	
111	211	765	  1	
111	231	765	  1	
111	233	765	  1	
111	360	765	  1	
111	495	765	  1	
112	 16	765	  1	
112	 80	765	  1	
112	 87	765	  1	
112	125	765	  1	
112	202	765	  1	
112	327	765	  1	
113	330	765	  1	
114	101	765	  1	
114	136	765	  1	
114	576	765	  1	
115	320	765	  1	
115	335	765	  1	
117	 74	765	  1	
117	207	765	  1	
118	120	765	  1	
119	 22	765	  1	
119	 83	765	  1	
119	 96	765	  1	
119	327	765	  1	
119	391	765	  1	
120	184	765	  1	
120	210	765	  1	
120	216	765	  1	
120	257	765	  1	
120	299	765	  1	
120	354	765	  1	
120	599	765	  1	
122	 79	765	  1	
122	190	765	  1	
122	273	765	  1	
123	432	765	  1	
124	  0	765	  1	
124	355	765	  1	
125	184	765	  1	
125	256	765	  1	
126	 71	765	  1	
126	295	765	  1	
127	190	765	  1	
127	303	765	  1	
127	399	765	  1	
128	103	765	  1	
128	304	765	  1	
128	311	765	  1	
128	344	765	  1	
128	366	765	  1	
130	128	765	  1	
131	351	765	  1	
132	256	765	  1	
133	336	765	  1	
134	184	765	  1	
134	363	765	  1	
135	 16	765	  1	
135	307	765	  1	
135	344	765	  1	
136	 34	765	  1	
136	 67	765	  1	
136	 96	765	  1	
136	174	765	  1	
136	183	765	  1	
136	222	765	  1	
136	310	765	  1	
137	168	765	  1	
137	364	765	  1	
139	  7	765	  1	
139	103	765	  1	
139	128	765	  1	
139	376	765	  1	
139	431	765	  1	
140	296	765	  1	
141	 72	765	  1	
141	 77	765	  1	
141	 83	765	  1	
142	  4	765	  1	
142	141	765	  1	
142	311	765	  1	
142	382	765	  1	
142	392	765	  1	
143	  0	765	  1	
143	 64	765	  1	
143	 96	765	  1	
143	134	765	  1	
143	303	765	  1	
143	352	765	  1	
144	 24	765	  1	
144	154	765	  1	
144	159	765	  1	
144	229	765	  1	
144	367	765	  1	
144	533	765	  1	
145	125	765	  1	
146	 13	765	  1	
146	136	765	  1	
146	143	765	  1	
147	301	765	  1	
148	 39	765	  1	
148	106	765	  1	
148	361	765	  1	
149	223	765	  1	
149	371	765	  1	
150	120	765	  1	
150	524	765	  1	
151	382	765	  1	
151	571	765	  1	
152	  8	765	  1	
152	 20	765	  1	
152	 80	765	  1	
152	126	765	  1	
152	135	765	  1	
152	160	765	  1	
152	184	765	  1	
152	320	765	  1	
153	367	765	  1	
153	370	765	  1	
154	 55	765	  1	
155	144	765	  1	
155	191	765	  1	
155	375	765	  1	
156	 15	765	  1	
156	 96	765	  1	
157	123	765	  1	
157	176	765	  1	
157	200	765	  1	
157	207	765	  1	
157	224	765	  1	
157	432	765	  1	
158	192	765	  1	
159	302	765	  1	
160	104	765	  1	
160	144	765	  1	
160	152	765	  1	
160	167	765	  1	
160	195	765	  1	
160	288	765	  1	
160	295	765	  1	
162	109	765	  1	
162	365	765	  1	
163	 88	765	  1	
163	416	765	  1	
165	 87	765	  1	
165	266	765	  1	
165	271	765	  1	
166	 19	765	  1	
166	192	765	  1	
166	256	765	  1	
167	291	765	  1	
168	  8	765	  1	
168	 22	765	  1	
168	 64	765	  1	
168	 94	765	  1	
168	123	765	  1	
168	152	765	  1	
168	171	765	  1	
168	210	765	  1	
168	215	765	  1	
168	263	765	  1	
168	275	765	  1	
168	288	765	  1	
168	319	765	  1	
168	392	765	  1	
169	  0	765	  1	
169	  7	765	  1	
170	110	765	  1	
171	 15	765	  1	
171	 24	765	  1	
171	294	765	  1	
171	399	765	  1	
172	 70	765	  1	
172	242	765	  1	
173	112	765	  1	
174	 91	765	  1	
175	  8	765	  1	
175	 22	765	  1	
175	168	765	  1	
175	175	765	  1	
175	259	765	  1	
175	392	765	  1	
175	455	765	  1	
176	101	765	  1	
176	189	765	  1	
176	200	765	  1	
176	269	765	  1	
176	287	765	  1	
176	407	765	  1	
178	 87	765	  1	
179	  8	765	  1	
179	152	765	  1	
179	280	765	  1	
179	298	765	  1	
179	431	765	  1	
180	187	765	  1	
181	167	765	  1	
181	193	765	  1	
182	157	765	  1	
183	 96	765	  1	
183	104	765	  1	
183	112	765	  1	
183	287	765	  1	
184	 56	765	  1	
184	103	765	  1	
184	245	765	  1	
184	254	765	  1	
184	280	765	  1	
184	304	765	  1	
186	209	765	  1	
186	215	765	  1	
186	239	765	  1	
187	 16	765	  1	
187	 63	765	  1	
187	 96	765	  1	
187	118	765	  1	
187	402	765	  1	
189	 71	765	  1	
189	 99	765	  1	
189	339	765	  1	
190	104	765	  1	
190	113	765	  1	
191	191	765	  1	
191	210	765	  1	
191	215	765	  1	
191	304	765	  1	
191	313	765	  1	
192	 31	765	  1	
192	 76	765	  1	
192	144	765	  1	
192	154	765	  1	
192	166	765	  1	
192	223	765	  1	
192	256	765	  1	
192	263	765	  1	
192	286	765	  1	
192	296	765	  1	
192	424	765	  1	
192	488	765	  1	
194	239	765	  1	
194	462	765	  1	
195	 80	765	  1	
196	456	765	  1	
197	 79	765	  1	
197	104	765	  1	
197	159	765	  1	
197	167	765	  1	
197	192	765	  1	
197	219	765	  1	
198	283	765	  1	
198	320	765	  1	
198	471	765	  1	
198	488	765	  1	
199	259	765	  1	
199	336	765	  1	
199	343	765	  1	
199	439	765	  1	
200	 51	765	  1	
200	 64	765	  1	
200	118	765	  1	
200	136	765	  1	
200	165	765	  1	
200	248	765	  1	
200	456	765	  1	
202	253	765	  1	
203	 75	765	  1	
203	199	765	  1	
203	305	765	  1	
203	350	765	  1	
206	  0	765	  1	
206	 48	765	  1	
206	310	765	  1	
206	376	765	  1	
207	 46	765	  1	
207	160	765	  1	
207	192	765	  1	
207	248	765	  1	
207	471	765	  1	
208	 43	765	  1	
208	 78	765	  1	
208	211	765	  1	
208	336	765	  1	
208	342	765	  1	
208	352	765	  1	
208	359	765	  1	
208	412	765	  1	
208	429	765	  1	
208	455	765	  1	
209	 56	765	  1	
209	112	765	  1	
210	136	765	  1	
210	280	765	  1	
211	 47	765	  1	
211	126	765	  1	
211	152	765	  1	
211	252	765	  1	
212	117	765	  1	
213	 75	765	  1	
213	150	765	  1	
213	191	765	  1	
213	315	765	  1	
213	384	765	  1	
214	159	765	  1	
214	260	765	  1	
215	 64	765	  1	
215	112	765	  1	
215	215	765	  1	
215	248	765	  1	
215	408	765	  1	
216	 39	765	  1	
216	 80	765	  1	
216	104	765	  1	
216	120	765	  1	
216	124	765	  1	
216	163	765	  1	
216	197	765	  1	
216	236	765	  1	
216	392	765	  1	
216	407	765	  1	
216	476	765	  1	
216	502	765	  1	
216	568	765	  1	
217	361	765	  1	
218	192	765	  1	
219	200	765	  1	
219	431	765	  1	
220	239	765	  1	
221	 86	765	  1	
221	248	765	  1	
222	198	765	  1	
222	309	765	  1	
223	397	765	  1	
223	500	765	  1	
224	  0	765	  1	
224	  8	765	  1	
224	 19	765	  1	
224	 45	765	  1	
224	 53	765	  1	
224	 64	765	  1	
224	 80	765	  1	
224	 91	765	  1	
224	110	765	  1	
224	123	765	  1	
224	152	765	  1	
224	159	765	  1	
224	170	765	  1	
224	216	765	  1	
224	256	765	  1	
224	296	765	  1	
224	326	765	  1	
224	376	765	  1	
225	 95	765	  1	
226	148	765	  1	
227	 35	765	  1	
227	121	765	  1	
227	164	765	  1	
227	192	765	  1	
228	 24	765	  1	
228	100	765	  1	
228	140	765	  1	
228	309	765	  1	
229	 48	765	  1	
230	  0	765	  1	
230	256	765	  1	
230	319	765	  1	
230	323	765	  1	
230	415	765	  1	
231	 16	765	  1	
231	 23	765	  1	
231	 95	765	  1	
231	148	765	  1	
231	155	765	  1	
231	170	765	  1	
231	199	765	  1	
231	409	765	  1	
232	 33	765	  1	
232	 42	765	  1	
232	 69	765	  1	
232	 75	765	  1	
232	152	765	  1	
232	192	765	  1	
232	205	765	  1	
232	307	765	  1	
232	344	765	  1	
232	354	765	  1	
232	368	765	  1	
232	424	765	  1	
232	439	765	  1	
232	461	765	  1	
232	472	765	  1	
234	373	765	  1	
235	  0	765	  1	
235	 47	765	  1	
235	167	765	  1	
235	199	765	  1	
236	 64	765	  1	
236	350	765	  1	
237	 43	765	  1	
237	139	765	  1	
237	352	765	  1	
237	359	765	  1	
238	104	765	  1	
238	474	765	  1	
238	559	765	  1	
239	 33	765	  1	
239	 70	765	  1	
239	178	765	  1	
239	192	765	  1	
239	304	765	  1	
239	311	765	  1	
239	424	765	  1	
239	435	765	  1	
240	  8	765	  1	
240	129	765	  1	
240	144	765	  1	
240	175	765	  1	
240	190	765	  1	
240	216	765	  1	
240	243	765	  1	
240	253	765	  1	
240	299	765	  1	
240	384	765	  1	
240	391	765	  1	
240	393	765	  1	
240	419	765	  1	
240	455	765	  1	
241	184	765	  1	
241	248	765	  1	
241	270	765	  1	
242	400	765	  1	
242	407	765	  1	
243	120	765	  1	
243	135	765	  1	
243	159	765	  1	
243	182	765	  1	
243	232	765	  1	
243	239	765	  1	
243	255	765	  1	
243	451	765	  1	
244	150	765	  1	
244	175	765	  1	
244	546	765	  1	
245	 40	765	  1	
245	 47	765	  1	
246	352	765	  1	
246	368	765	  1	
246	373	765	  1	
246	488	765	  1	
247	  8	765	  1	
247	171	765	  1	
247	307	765	  1	
247	384	765	  1	
247	391	765	  1	
247	456	765	  1	
248	 72	765	  1	
248	104	765	  1	
248	216	765	  1	
248	240	765	  1	
248	249	765	  1	
248	288	765	  1	
248	295	765	  1	
248	344	765	  1	
248	351	765	  1	
248	379	765	  1	
248	440	765	  1	
248	447	765	  1	
248	599	765	  1	
250	 84	765	  1	
251	 32	765	  1	
251	 79	765	  1	
251	111	765	  1	
251	266	765	  1	
251	311	765	  1	
252	 17	765	  1	
252	255	765	  1	
252	527	765	  1	
253	163	765	  1	
253	315	765	  1	
254	253	765	  1	
255	 72	765	  1	
255	104	765	  1	
255	188	765	  1	
255	248	765	  1	
255	291	765	  1	
255	305	765	  1	
255	423	765	  1	
255	461	765	  1	
255	491	765	  1	
255	503	765	  1	
255	596	765	  1	
256	112	765	  1	
256	117	765	  1	
256	122	765	  1	
256	141	765	  1	
256	152	765	  1	
256	217	765	  1	
256	227	765	  1	
256	236	765	  1	
256	283	765	  1	
256	336	765	  1	
256	410	765	  1	
256	515	765	  1	
257	232	765	  1	
258	104	765	  1	
258	136	765	  1	
258	414	765	  1	
258	469	765	  1	
259	  8	765	  1	
259	110	765	  1	
259	160	765	  1	
259	184	765	  1	
259	423	765	  1	
259	437	765	  1	
259	478	765	  1	
260	208	765	  1	
261	232	765	  1	
261	327	765	  1	
261	408	765	  1	
261	464	765	  1	
262	 15	765	  1	
262	142	765	  1	
262	176	765	  1	
262	301	765	  1	
262	472	765	  1	
262	516	765	  1	
263	104	765	  1	
263	112	765	  1	
263	152	765	  1	
263	458	765	  1	
264	  8	765	  1	
264	 88	765	  1	
264	162	765	  1	
264	328	765	  1	
264	381	765	  1	
264	400	765	  1	
265	237	765	  1	
266	111	765	  1	
267	161	765	  1	
267	410	765	  1	
268	174	765	  1	
268	247	765	  1	
268	430	765	  1	
269	 94	765	  1	
269	195	765	  1	
269	272	765	  1	
269	488	765	  1	
269	506	765	  1	
269	511	765	  1	
269	523	765	  1	
270	104	765	  1	
270	119	765	  1	
270	424	765	  1	
270	464	765	  1	
271	126	765	  1	
271	242	765	  1	
271	415	765	  1	
271	469	765	  1	
272	  8	765	  1	
272	 27	765	  1	
272	 98	765	  1	
272	120	765	  1	
272	128	765	  1	
272	213	765	  1	
272	248	765	  1	
272	280	765	  1	
272	288	765	  1	
272	316	765	  1	
272	402	765	  1	
272	433	765	  1	
272	448	765	  1	
272	453	765	  1	
274	107	765	  1	
274	158	765	  1	
274	181	765	  1	
274	437	765	  1	
274	510	765	  1	
275	 16	765	  1	
275	264	765	  1	
275	382	765	  1	
275	432	765	  1	
275	576	765	  1	
276	232	765	  1	
276	236	765	  1	
277	126	765	  1	
277	134	765	  1	
277	175	765	  1	
277	207	765	  1	
277	523	765	  1	
278	 23	765	  1	
278	152	765	  1	
278	319	765	  1	
278	442	765	  1	
278	504	765	  1	
279	  8	765	  1	
279	 31	765	  1	
279	 96	765	  1	
279	103	765	  1	
279	291	765	  1	
280	 34	765	  1	
280	 93	765	  1	
280	136	765	  1	
280	144	765	  1	
280	248	765	  1	
280	272	765	  1	
280	303	765	  1	
280	310	765	  1	
280	344	765	  1	
280	381	765	  1	
280	400	765	  1	
280	414	765	  1	
280	454	765	  1	
280	464	765	  1	
280	528	765	  1	
280	555	765	  1	
281	368	765	  1	
281	535	765	  1	
282	254	765	  1	
282	286	765	  1	
282	408	765	  1	
283	296	765	  1	
285	 38	765	  1	
285	152	765	  1	
285	159	765	  1	
285	200	765	  1	
285	207	765	  1	
286	248	765	  1	
286	256	765	  1	
286	344	765	  1	
287	115	765	  1	
287	292	765	  1	
287	303	765	  1	
287	528	765	  1	
287	552	765	  1	
287	559	765	  1	
288	 18	765	  1	
288	 64	765	  1	
288	 85	765	  1	
288	127	765	  1	
288	192	765	  1	
288	212	765	  1	
288	223	765	  1	
288	255	765	  1	
288	375	765	  1	
289	327	765	  1	
291	  0	765	  1	
291	 30	765	  1	
291	 33	765	  1	
291	181	765	  1	
291	349	765	  1	
291	358	765	  1	
293	 96	765	  1	
293	164	765	  1	
293	362	765	  1	
293	372	765	  1	
293	376	765	  1	
293	528	765	  1	
293	591	765	  1	
294	320	765	  1	
294	410	765	  1	
294	520	765	  1	
295	 38	765	  1	
295	120	765	  1	
295	127	765	  1	
295	532	765	  1	
296	  8	765	  1	
296	 39	765	  1	
296	 77	765	  1	
296	 80	765	  1	
296	111	765	  1	
296	136	765	  1	
296	146	765	  1	
296	155	765	  1	
296	223	765	  1	
296	241	765	  1	
296	252	765	  1	
296	290	765	  1	
296	296	765	  1	
296	355	765	  1	
296	401	765	  1	
296	463	765	  1	
296	472	765	  1	
296	496	765	  1	
296	500	765	  1	
296	559	765	  1	
297	 15	765	  1	
297	203	765	  1	
298	 96	765	  1	
298	366	765	  1	
299	 50	765	  1	
299	184	765	  1	
299	247	765	  1	
299	304	765	  1	
299	327	765	  1	
299	456	765	  1	
299	479	765	  1	
299	534	765	  1	
300	 91	765	  1	
300	101	765	  1	
300	107	765	  1	
300	352	765	  1	
301	 83	765	  1	
301	312	765	  1	
302	207	765	  1	
302	320	765	  1	
302	360	765	  1	
302	528	765	  1	
303	200	765	  1	
303	415	765	  1	
303	463	765	  1	
303	472	765	  1	
304	 80	765	  1	
304	173	765	  1	
304	286	765	  1	
304	301	765	  1	
304	333	765	  1	
304	424	765	  1	
304	520	765	  1	
304	527	765	  1	
304	568	765	  1	
305	 71	765	  1	
306	 63	765	  1	
306	127	765	  1	
306	200	765	  1	
306	405	765	  1	
306	530	765	  1	
308	 54	765	  1	
308	256	765	  1	
309	 16	765	  1	
309	160	765	  1	
309	208	765	  1	
309	231	765	  1	
309	312	765	  1	
309	415	765	  1	
310	 70	765	  1	
310	 83	765	  1	
310	123	765	  1	
310	424	765	  1	
310	519	765	  1	
310	523	765	  1	
311	104	765	  1	
311	405	765	  1	
311	543	765	  1	
311	552	765	  1	
311	568	765	  1	
312	  2	765	  1	
312	  8	765	  1	
312	 15	765	  1	
312	 24	765	  1	
312	 31	765	  1	
312	 60	765	  1	
312	114	765	  1	
312	119	765	  1	
312	152	765	  1	
312	156	765	  1	
312	186	765	  1	
312	248	765	  1	
312	320	765	  1	
312	344	765	  1	
312	351	765	  1	
312	354	765	  1	
312	359	765	  1	
312	460	765	  1	
312	491	765	  1	
312	512	765	  1	
314	 70	765	  1	
314	125	765	  1	
314	346	765	  1	
315	 48	765	  1	
315	413	765	  1	
315	519	765	  1	
316	 69	765	  1	
316	452	765	  1	
316	536	765	  1	
317	163	765	  1	
317	171	765	  1	
317	251	765	  1	
317	264	765	  1	
317	400	765	  1	
317	456	765	  1	
318	 71	765	  1	
318	316	765	  1	
318	543	765	  1	
319	 24	765	  1	
319	 31	765	  1	
319	120	765	  1	
319	320	765	  1	
319	344	765	  1	
319	432	765	  1	
319	439	765	  1	
319	512	765	  1	
320	  6	765	  1	
320	 18	765	  1	
320	101	765	  1	
320	112	765	  1	
320	116	765	  1	
320	123	765	  1	
320	136	765	  1	
320	184	765	  1	
320	186	765	  1	
320	200	765	  1	
320	206	765	  1	
320	214	765	  1	
320	288	765	  1	
320	300	765	  1	
320	360	765	  1	
321	 14	765	  1	
322	  0	765	  1	
322	408	765	  1	
323	 94	765	  1	
323	174	765	  1	
323	304	765	  1	
323	309	765	  1	
323	352	765	  1	
323	463	765	  1	
324	296	765	  1	
324	413	765	  1	
325	112	765	  1	
325	166	765	  1	
325	203	765	  1	
325	263	765	  1	
326	  4	765	  1	
326	  8	765	  1	
326	208	765	  1	
326	212	765	  1	
326	267	765	  1	
326	497	765	  1	
327	117	765	  1	
327	344	765	  1	
327	456	765	  1	
328	  7	765	  1	
328	 51	765	  1	
328	 67	765	  1	
328	 78	765	  1	
328	104	765	  1	
328	144	765	  1	
328	150	765	  1	
328	158	765	  1	
328	192	765	  1	
328	240	765	  1	
328	285	765	  1	
328	299	765	  1	
328	371	765	  1	
328	398	765	  1	
328	470	765	  1	
329	310	765	  1	
330	127	765	  1	
332	170	765	  1	
333	186	765	  1	
333	279	765	  1	
333	293	765	  1	
334	266	765	  1	
335	 80	765	  1	
335	147	765	  1	
335	398	765	  1	
335	456	765	  1	
336	  8	765	  1	
336	 32	765	  1	
336	 74	765	  1	
336	 79	765	  1	
336	 88	765	  1	
336	133	765	  1	
336	183	765	  1	
336	194	765	  1	
336	200	765	  1	
336	215	765	  1	
336	248	765	  1	
336	254	765	  1	
336	272	765	  1	
336	313	765	  1	
336	339	765	  1	
336	358	765	  1	
337	126	765	  1	
337	291	765	  1	
338	 94	765	  1	
338	117	765	  1	
338	163	765	  1	
338	176	765	  1	
338	352	765	  1	
339	 56	765	  1	
339	232	765	  1	
339	327	765	  1	
340	 86	765	  1	
341	 40	765	  1	
341	192	765	  1	
341	231	765	  1	
341	320	765	  1	
341	375	765	  1	
341	384	765	  1	
341	416	765	  1	
341	471	765	  1	
342	 32	765	  1	
342	 88	765	  1	
342	272	765	  1	
343	 96	765	  1	
343	211	765	  1	
344	 24	765	  1	
344	 92	765	  1	
344	120	765	  1	
344	152	765	  1	
344	188	765	  1	
344	226	765	  1	
344	255	765	  1	
344	285	765	  1	
344	331	765	  1	
344	344	765	  1	
344	365	765	  1	
344	371	765	  1	
344	398	765	  1	
344	408	765	  1	
344	440	765	  1	
344	458	765	  1	
344	495	765	  1	
346	 80	765	  1	
346	110	765	  1	
346	126	765	  1	
346	416	765	  1	
347	 16	765	  1	
347	 64	765	  1	
347	159	765	  1	
347	248	765	  1	
347	392	765	  1	
348	176	765	  1	
349	 35	765	  1	
349	 84	765	  1	
349	191	765	  1	
350	 24	765	  1	
350	104	765	  1	
350	120	765	  1	
350	344	765	  1	
350	444	765	  1	
350	467	765	  1	
351	 47	765	  1	
351	152	765	  1	
351	255	765	  1	
351	258	765	  1	
352	  0	765	  1	
352	  7	765	  1	
352	 58	765	  1	
352	 96	765	  1	
352	111	765	  1	
352	147	765	  1	
352	160	765	  1	
352	267	765	  1	
352	285	765	  1	
352	333	765	  1	
352	408	765	  1	
352	435	765	  1	
353	264	765	  1	
354	279	765	  1	
355	240	765	  1	
355	259	765	  1	
355	366	765	  1	
355	387	765	  1	
355	405	765	  1	
356	490	765	  1	
356	528	765	  1	
357	 32	765	  1	
357	 39	765	  1	
357	 56	765	  1	
357	 63	765	  1	
357	 72	765	  1	
357	212	765	  1	
357	412	765	  1	
357	432	765	  1	
358	299	765	  1	
358	357	765	  1	
358	512	765	  1	
358	544	765	  1	
359	269	765	  1	
359	447	765	  1	
360	130	765	  1	
360	158	765	  1	
360	176	765	  1	
360	183	765	  1	
360	317	765	  1	
360	368	765	  1	
360	374	765	  1	
360	387	765	  1	
360	429	765	  1	
360	436	765	  1	
360	519	765	  1	
362	 22	765	  1	
362	 82	765	  1	
362	155	765	  1	
362	284	765	  1	
363	192	765	  1	
363	224	765	  1	
363	231	765	  1	
363	240	765	  1	
363	276	765	  1	
364	296	765	  1	
364	442	765	  1	
365	135	765	  1	
365	168	765	  1	
365	191	765	  1	
365	277	765	  1	
365	371	765	  1	
365	443	765	  1	
366	 16	765	  1	
366	256	765	  1	
366	274	765	  1	
366	287	765	  1	
367	179	765	  1	
367	266	765	  1	
367	284	765	  1	
367	305	765	  1	
367	384	765	  1	
367	391	765	  1	
367	447	765	  1	
368	 40	765	  1	
368	 50	765	  1	
368	163	765	  1	
368	248	765	  1	
368	254	765	  1	
368	328	765	  1	
368	382	765	  1	
368	392	765	  1	
368	408	765	  1	
368	454	765	  1	
368	466	765	  1	
369	 16	765	  1	
369	 22	765	  1	
369	104	765	  1	
369	176	765	  1	
370	152	765	  1	
370	283	765	  1	
370	376	765	  1	
371	 13	765	  1	
371	 31	765	  1	
371	264	765	  1	
371	335	765	  1	
371	387	765	  1	
371	436	765	  1	
371	452	765	  1	
372	  8	765	  1	
372	 16	765	  1	
373	 72	765	  1	
373	 86	765	  1	
373	276	765	  1	
373	336	765	  1	
373	343	765	  1	
374	158	765	  1	
374	266	765	  1	
374	287	765	  1	
374	311	765	  1	
374	455	765	  1	
375	 51	765	  1	
375	272	765	  1	
375	328	765	  1	
375	380	765	  1	
375	402	765	  1	
375	430	765	  1	
375	480	765	  1	
376	 10	765	  1	
376	 53	765	  1	
376	 72	765	  1	
376	104	765	  1	
376	142	765	  1	
376	171	765	  1	
376	184	765	  1	
376	257	765	  1	
376	336	765	  1	
377	  8	765	  1	
377	118	765	  1	
377	378	765	  1	
377	383	765	  1	
378	 18	765	  1	
378	 58	765	  1	
379	 63	765	  1	
379	 79	765	  1	
379	140	765	  1	
379	240	765	  1	
379	400	765	  1	
380	 47	765	  1	
380	128	765	  1	
380	263	765	  1	
381	190	765	  1	
381	208	765	  1	
382	 31	765	  1	
382	143	765	  1	
382	365	765	  1	
382	416	765	  1	
384	 70	765	  1	
384	112	765	  1	
384	120	765	  1	
384	168	765	  1	
384	175	765	  1	
384	192	765	  1	
384	205	765	  1	
384	217	765	  1	
384	240	765	  1	
384	247	765	  1	
384	256	765	  1	
384	279	765	  1	
384	283	765	  1	
384	328	765	  1	
384	363	765	  1	
384	383	765	  1	
385	  0	765	  1	
386	239	765	  1	
386	262	765	  1	
386	272	765	  1	
386	368	765	  1	
386	488	765	  1	
387	 72	765	  1	
387	 88	765	  1	
387	327	765	  1	
387	376	765	  1	
388	 23	765	  1	
389	  8	765	  1	
389	 67	765	  1	
389	 80	765	  1	
389	399	765	  1	
390	256	765	  1	
391	168	765	  1	
391	216	765	  1	
391	243	765	  1	
391	279	765	  1	
391	360	765	  1	
391	367	765	  1	
391	383	765	  1	
391	447	765	  1	
392	 49	765	  1	
392	 54	765	  1	
392	 96	765	  1	
392	101	765	  1	
392	135	765	  1	
392	152	765	  1	
392	165	765	  1	
392	200	765	  1	
392	285	765	  1	
392	298	765	  1	
392	520	765	  1	
393	 72	765	  1	
393	 79	765	  1	
393	120	765	  1	
394	  0	765	  1	
394	239	765	  1	
395	184	765	  1	
395	272	765	  1	
396	136	765	  1	
398	100	765	  1	
398	160	765	  1	
398	560	765	  1	
399	 31	765	  1	
399	218	765	  1	
399	286	765	  1	
400	 10	765	  1	
400	 15	765	  1	
400	 45	765	  1	
400	 59	765	  1	
400	 72	765	  1	
400	 91	765	  1	
400	166	765	  1	
400	192	765	  1	
400	256	765	  1	
400	311	765	  1	
400	344	765	  1	
400	392	765	  1	
400	416	765	  1	
402	112	765	  1	
402	136	765	  1	
402	222	765	  1	
402	286	765	  1	
402	358	765	  1	
403	127	765	  1	
403	158	765	  1	
403	174	765	  1	
404	 23	765	  1	
404	 47	765	  1	
404	304	765	  1	
405	163	765	  1	
405	470	765	  1	
406	 40	765	  1	
406	 62	765	  1	
406	133	765	  1	
406	168	765	  1	
406	351	765	  1	
406	575	765	  1	
407	142	765	  1	
407	145	765	  1	
407	464	765	  1	
408	  3	765	  1	
408	 23	765	  1	
408	 39	765	  1	
408	 48	765	  1	
408	136	765	  1	
408	184	765	  1	
408	188	765	  1	
408	232	765	  1	
408	272	765	  1	
408	331	765	  1	
408	344	765	  1	
408	352	765	  1	
408	395	765	  1	
408	430	765	  1	
408	466	765	  1	
408	482	765	  1	
409	 27	765	  1	
409	408	765	  1	
409	411	765	  1	
410	279	765	  1	
410	427	765	  1	
411	 32	765	  1	
411	112	765	  1	
413	 19	765	  1	
413	 67	765	  1	
413	124	765	  1	
413	160	765	  1	
413	408	765	  1	
414	 37	765	  1	
414	217	765	  1	
414	352	765	  1	
414	414	765	  1	
415	145	765	  1	
415	274	765	  1	
415	328	765	  1	
415	335	765	  1	
415	344	765	  1	
415	395	765	  1	
415	469	765	  1	
416	 42	765	  1	
416	 48	765	  1	
416	247	765	  1	
417	328	765	  1	
419	 32	765	  1	
419	144	765	  1	
419	168	765	  1	
419	202	765	  1	
420	 56	765	  1	
421	 47	765	  1	
421	487	765	  1	
422	 24	765	  1	
422	301	765	  1	
423	 55	765	  1	
424	  6	765	  1	
424	 15	765	  1	
424	 32	765	  1	
424	 38	765	  1	
424	 52	765	  1	
424	 60	765	  1	
424	 72	765	  1	
424	 96	765	  1	
424	147	765	  1	
424	156	765	  1	
424	176	765	  1	
424	294	765	  1	
424	348	765	  1	
424	367	765	  1	
425	185	765	  1	
426	 56	765	  1	
427	  0	765	  1	
427	358	765	  1	
428	471	765	  1	
429	 67	765	  1	
429	102	765	  1	
429	295	765	  1	
430	 29	765	  1	
430	 60	765	  1	
430	 79	765	  1	
430	223	765	  1	
430	376	765	  1	
430	397	765	  1	
431	203	765	  1	
431	210	765	  1	
431	317	765	  1	
431	339	765	  1	
431	367	765	  1	
431	448	765	  1	
431	464	765	  1	
432	 44	765	  1	
432	179	765	  1	
433	 61	765	  1	
434	189	765	  1	
436	192	765	  1	
437	 72	765	  1	
437	292	765	  1	
438	 13	765	  1	
438	215	765	  1	
438	224	765	  1	
439	190	765	  1	
439	248	765	  1	
440	  2	765	  1	
440	  7	765	  1	
440	 51	765	  1	
440	 92	765	  1	
440	163	765	  1	
440	174	765	  1	
440	263	765	  1	
440	312	765	  1	
440	355	765	  1	
440	376	765	  1	
440	438	765	  1	
442	295	765	  1	
442	387	765	  1	
443	 80	765	  1	
443	 88	765	  1	
443	432	765	  1	
444	199	765	  1	
444	222	765	  1	
445	 64	765	  1	
445	176	765	  1	
445	208	765	  1	
446	 93	765	  1	
446	191	765	  1	
446	216	765	  1	
446	303	765	  1	
447	194	765	  1	
448	 56	765	  1	
448	 70	765	  1	
448	344	765	  1	
448	395	765	  1	
451	 92	765	  1	
453	 80	765	  1	
453	 87	765	  1	
453	311	765	  1	
455	 40	765	  1	
455	 61	765	  1	
455	391	765	  1	
456	  2	765	  1	
456	 21	765	  1	
456	112	765	  1	
456	152	765	  1	
456	171	765	  1	
456	224	765	  1	
456	231	765	  1	
456	318	765	  1	
457	187	765	  1	
458	 32	765	  1	
458	 38	765	  1	
458	312	765	  1	
459	143	765	  1	
460	167	765	  1	
461	 72	765	  1	
461	131	765	  1	
461	136	765	  1	
461	160	765	  1	
461	352	765	  1	
463	  6	765	  1	
463	 21	765	  1	
463	168	765	  1	
463	175	765	  1	
463	227	765	  1	
463	386	765	  1	
464	 12	765	  1	
464	 24	765	  1	
464	 52	765	  1	
464	 94	765	  1	
464	108	765	  1	
464	141	765	  1	
464	166	765	  1	
464	184	765	  1	
464	200	765	  1	
464	207	765	  1	
464	312	765	  1	
464	336	765	  1	
466	  8	765	  1	
467	  5	765	  1	
467	 48	765	  1	
467	288	765	  1	
469	 12	765	  1	
469	 91	765	  1	
469	136	765	  1	
470	  3	765	  1	
470	112	765	  1	
470	314	765	  1	
470	336	765	  1	
471	203	765	  1	
471	227	765	  1	
472	  0	765	  1	
472	  4	765	  1	
472	 55	765	  1	
472	 61	765	  1	
472	 64	765	  1	
472	128	765	  1	
472	195	765	  1	
472	200	765	  1	
472	353	765	  1	
472	423	765	  1	
473	344	765	  1	
474	 35	765	  1	
474	184	765	  1	
474	256	765	  1	
474	416	765	  1	
475	272	765	  1	
476	423	765	  1	
477	 24	765	  1	
477	 58	765	  1	
477	191	765	  1	
478	 63	765	  1	
479	416	765	  1	
480	  8	765	  1	
480	 16	765	  1	
480	 68	765	  1	
480	 75	765	  1	
480	 79	765	  1	
480	100	765	  1	
480	112	765	  1	
480	145	765	  1	
480	176	765	  1	
480	226	765	  1	
480	231	765	  1	
480	253	765	  1	
480	290	765	  1	
480	295	765	  1	
480	298	765	  1	
480	311	765	  1	
482	304	765	  1	
483	 32	765	  1	
484	 48	765	  1	
485	 30	765	  1	
485	248	765	  1	
485	299	765	  1	
486	 55	765	  1	
486	136	765	  1	
487	 15	765	  1	
487	 19	765	  1	
487	228	765	  1	
487	311	765	  1	
487	528	765	  1	
488	 56	765	  1	
488	110	765	  1	
488	132	765	  1	
488	208	765	  1	
488	215	765	  1	
488	232	765	  1	
488	238	765	  1	
488	268	765	  1	
488	306	765	  1	
488	314	765	  1	
488	319	765	  1	
488	333	765	  1	
488	448	765	  1	
488	464	765	  1	
490	 95	765	  1	
491	 63	765	  1	
491	 66	765	  1	
491	280	765	  1	
491	380	765	  1	
492	342	765	  1	
493	235	765	  1	
494	108	765	  1	
495	 15	765	  1	
495	 56	765	  1	
495	271	765	  1	
495	407	765	  1	
496	 32	765	  1	
496	 48	765	  1	
496	105	765	  1	
496	112	765	  1	
496	133	765	  1	
496	215	765	  1	
496	218	765	  1	
496	224	765	  1	
496	256	765	  1	
496	262	765	  1	
496	488	765	  1	
496	531	765	  1	
496	567	765	  1	
498	150	765	  1	
498	226	765	  1	
498	231	765	  1	
498	288	765	  1	
499	 80	765	  1	
499	208	765	  1	
499	320	765	  1	
500	124	765	  1	
501	 15	765	  1	
501	 48	765	  1	
501	105	765	  1	
501	135	765	  1	
501	142	765	  1	
501	360	765	  1	
502	168	765	  1	
502	217	765	  1	
503	 32	765	  1	
503	130	765	  1	
503	215	765	  1	
503	224	765	  1	
503	259	765	  1	
503	552	765	  1	
503	560	765	  1	
504	 11	765	  1	
504	 16	765	  1	
504	 23	765	  1	
504	 50	765	  1	
504	 62	765	  1	
504	 75	765	  1	
504	136	765	  1	
504	164	765	  1	
504	176	765	  1	
504	183	765	  1	
504	190	765	  1	
504	200	765	  1	
504	238	765	  1	
504	244	765	  1	
504	272	765	  1	
504	296	765	  1	
504	300	765	  1	
504	304	765	  1	
504	325	765	  1	
504	335	765	  1	
504	355	765	  1	
506	 29	765	  1	
508	310	765	  1	
509	  7	765	  1	
509	 48	765	  1	
509	 55	765	  1	
509	 59	765	  1	
509	 80	765	  1	
509	 87	765	  1	
509	112	765	  1	
509	135	765	  1	
509	278	765	  1	
510	191	765	  1	
510	236	765	  1	
510	388	765	  1	
511	 15	765	  1	
511	 19	765	  1	
511	139	765	  1	
511	359	765	  1	
511	432	765	  1	
512	 43	765	  1	
512	 64	765	  1	
512	101	765	  1	
512	110	765	  1	
512	128	765	  1	
512	144	765	  1	
512	151	765	  1	
512	192	765	  1	
512	196	765	  1	
512	204	765	  1	
512	220	765	  1	
512	231	765	  1	
512	256	765	  1	
512	260	765	  1	
512	264	765	  1	
512	274	765	  1	
512	320	765	  1	
512	362	765	  1	
512	367	765	  1	
513	224	765	  1	
514	270	765	  1	
514	399	765	  1	
515	312	765	  1	
516	199	765	  1	
517	 24	765	  1	
517	240	765	  1	
518	 77	765	  1	
518	183	765	  1	
518	194	765	  1	
518	206	765	  1	
518	212	765	  1	
518	231	765	  1	
518	264	765	  1	
518	320	765	  1	
518	399	765	  1	
519	 51	765	  1	
520	 14	765	  1	
520	103	765	  1	
520	118	765	  1	
520	125	765	  1	
520	288	765	  1	
520	296	765	  1	
520	303	765	  1	
520	338	765	  1	
520	599	765	  1	
521	 43	765	  1	
521	 70	765	  1	
523	139	765	  1	
523	147	765	  1	
524	126	765	  1	
525	198	765	  1	
525	227	765	  1	
525	263	765	  1	
525	331	765	  1	
526	224	765	  1	
526	231	765	  1	
527	 13	765	  1	
527	299	765	  1	
527	391	765	  1	
528	 47	765	  1	
528	 51	765	  1	
528	 56	765	  1	
528	 72	765	  1	
528	 83	765	  1	
528	 88	765	  1	
528	 96	765	  1	
528	102	765	  1	
528	176	765	  1	
528	183	765	  1	
528	195	765	  1	
528	244	765	  1	
528	248	765	  1	
528	272	765	  1	
528	312	765	  1	
528	403	765	  1	
530	 40	765	  1	
530	576	765	  1	
531	216	765	  1	
531	278	765	  1	
531	368	765	  1	
531	400	765	  1	
531	407	765	  1	
533	 99	765	  1	
533	112	765	  1	
533	136	765	  1	
533	263	765	  1	
534	 63	765	  1	
534	 92	765	  1	
534	192	765	  1	
534	199	765	  1	
534	374	765	  1	
535	 47	765	  1	
535	179	765	  1	
535	248	765	  1	
535	403	765	  1	
536	  0	765	  1	
536	 15	765	  1	
536	104	765	  1	
536	128	765	  1	
536	185	765	  1	
536	208	765	  1	
536	232	765	  1	
536	240	765	  1	
536	268	765	  1	
536	288	765	  1	
536	310	765	  1	
536	335	765	  1	
537	147	765	  1	
538	134	765	  1	
539	 52	765	  1	
539	423	765	  1	
541	 88	765	  1	
541	127	765	  1	
541	152	765	  1	
541	195	765	  1	
541	246	765	  1	
541	264	765	  1	
541	352	765	  1	
542	  8	765	  1	
543	 62	765	  1	
543	208	765	  1	
543	368	765	  1	
543	373	765	  1	
543	400	765	  1	
543	555	765	  1	
544	 32	765	  1	
544	 64	765	  1	
544	 76	765	  1	
544	131	765	  1	
544	151	765	  1	
544	176	765	  1	
544	224	765	  1	
544	236	765	  1	
544	315	765	  1	
544	325	765	  1	
544	333	765	  1	
546	 14	765	  1	
546	253	765	  1	
546	320	765	  1	
547	143	765	  1	
547	192	765	  1	
547	248	765	  1	
548	312	765	  1	
549	 79	765	  1	
549	152	765	  1	
549	159	765	  1	
549	214	765	  1	
550	 24	765	  1	
550	400	765	  1	
551	  0	765	  1	
551	202	765	  1	
551	368	765	  1	
552	 15	765	  1	
552	 57	765	  1	
552	112	765	  1	
552	117	765	  1	
552	176	765	  1	
552	208	765	  1	
552	216	765	  1	
552	248	765	  1	
552	254	765	  1	
554	180	765	  1	
555	 51	765	  1	
555	104	765	  1	
555	128	765	  1	
555	135	765	  1	
555	160	765	  1	
555	272	765	  1	
555	368	765	  1	
555	482	765	  1	
557	 40	765	  1	
557	235	765	  1	
557	320	765	  1	
559	  0	765	  1	
559	119	765	  1	
559	186	765	  1	
559	204	765	  1	
559	283	765	  1	
559	376	765	  1	
560	 31	765	  1	
560	 96	765	  1	
560	152	765	  1	
560	164	765	  1	
560	216	765	  1	
560	312	765	  1	
560	328	765	  1	
560	339	765	  1	
560	344	765	  1	
560	351	765	  1	
560	388	765	  1	
560	458	765	  1	
560	467	765	  1	
561	 51	765	  1	
561	 90	765	  1	
562	205	765	  1	
562	245	765	  1	
563	112	765	  1	
563	200	765	  1	
563	240	765	  1	
563	384	765	  1	
564	176	765	  1	
565	168	765	  1	
565	222	765	  1	
565	303	765	  1	
565	376	765	  1	
566	 19	765	  1	
566	183	765	  1	
567	 61	765	  1	
567	189	765	  1	
567	336	765	  1	
567	343	765	  1	
567	347	765	  1	
567	548	765	  1	
568	 38	765	  1	
568	 48	765	  1	
568	 89	765	  1	
568	104	765	  1	
568	128	765	  1	
568	141	765	  1	
568	160	765	  1	
568	235	765	  1	
568	272	765	  1	
568	280	765	  1	
568	287	765	  1	
568	375	765	  1	
568	408	765	  1	
568	415	765	  1	
569	368	765	  1	
570	166	765	  1	
570	392	765	  1	
571	 55	765	  1	
571	 87	765	  1	
571	200	765	  1	
571	496	765	  1	
572	 71	765	  1	
572	 95	765	  1	
572	104	765	  1	
572	371	765	  1	
573	  7	765	  1	
573	232	765	  1	
573	277	765	  1	
573	399	765	  1	
574	160	765	  1	
574	175	765	  1	
574	220	765	  1	
574	372	765	  1	
574	440	765	  1	
575	 48	765	  1	
575	128	765	  1	
575	283	765	  1	
575	312	765	  1	
575	411	765	  1	
575	500	765	  1	
576	138	765	  1	
576	152	765	  1	
576	172	765	  1	
576	184	765	  1	
576	192	765	  1	
576	199	765	  1	
576	216	765	  1	
576	221	765	  1	
576	262	765	  1	
576	279	765	  1	
576	361	765	  1	
577	224	765	  1	
578	 79	765	  1	
578	352	765	  1	
579	272	765	  1	
579	446	765	  1	
581	182	765	  1	
581	190	765	  1	
581	205	765	  1	
582	 55	765	  1	
583	 77	765	  1	
583	279	765	  1	
583	360	765	  1	
584	 23	765	  1	
584	 82	765	  1	
584	 91	765	  1	
584	 95	765	  1	
584	106	765	  1	
584	149	765	  1	
584	227	765	  1	
584	237	765	  1	
584	248	765	  1	
584	263	765	  1	
584	274	765	  1	
584	288	765	  1	
584	300	765	  1	
584	320	765	  1	
584	344	765	  1	
584	357	765	  1	
584	384	765	  1	
584	405	765	  1	
585	330	765	  1	
586	 88	765	  1	
586	111	765	  1	
587	296	765	  1	
587	390	765	  1	
588	  6	765	  1	
588	 92	765	  1	
588	310	765	  1	
588	355	765	  1	
589	180	765	  1	
589	211	765	  1	
589	248	765	  1	
589	272	765	  1	
590	303	765	  1	
591	 87	765	  1	
591	224	765	  1	
591	231	765	  1	
591	320	765	  1	
592	 56	765	  1	
592	 72	765	  1	
592	 88	765	  1	
592	112	765	  1	
592	160	765	  1	
592	171	765	  1	
592	176	765	  1	
592	202	765	  1	
592	221	765	  1	
592	311	765	  1	
592	332	765	  1	
592	352	765	  1	
594	304	765	  1	
595	 53	765	  1	
595	 79	765	  1	
595	224	765	  1	
595	314	765	  1	
595	407	765	  1	
595	563	765	  1	
596	263	765	  1	
596	392	765	  1	
596	580	765	  1	
597	162	765	  1	
597	200	765	  1	
597	207	765	  1	
597	215	765	  1	
597	240	765	  1	
597	260	765	  1	
598	167	765	  1	
598	319	765	  1	
599	 72	765	  1	
599	 90	765	  1	
599	175	765	  1	
599	331	765	  1	
600	114	765	  1	
600	151	765	  1	
600	279	765	  1	
600	290	765	  1	
600	295	765	  1	
600	328	765	  1	
601	423	765	  1	
601	432	765	  1	
602	214	765	  1	
603	144	765	  1	
603	254	765	  1	
604	 64	765	  1	
604	371	765	  1	
605	 67	765	  1	
605	243	765	  1	
605	280	765	  1	
605	287	765	  1	
605	349	765	  1	
606	208	765	  1	
607	 95	765	  1	
607	151	765	  1	
607	336	765	  1	
607	423	765	  1	
607	436	765	  1	
608	  8	765	  1	
608	126	765	  1	
608	132	765	  1	
608	187	765	  1	
608	198	765	  1	
608	216	765	  1	
608	232	765	  1	
608	237	765	  1	
608	240	765	  1	
608	268	765	  1	
608	296	765	  1	
609	264	765	  1	
610	298	765	  1	
611	 19	765	  1	
612	425	765	  1	
614	133	765	  1	
614	199	765	  1	
614	269	765	  1	
614	326	765	  1	
615	119	765	  1	
615	245	765	  1	
615	296	765	  1	
616	 51	765	  1	
616	208	765	  1	
616	211	765	  1	
616	229	765	  1	
616	258	765	  1	
616	277	765	  1	
616	286	765	  1	
616	301	765	  1	
616	349	765	  1	
616	367	765	  1	
618	  8	765	  1	
618	112	765	  1	
618	224	765	  1	
619	240	765	  1	
620	232	765	  1	
620	247	765	  1	
620	269	765	  1	
620	423	765	  1	
621	283	765	  1	
621	581	765	  1	
622	139	765	  1	
622	291	765	  1	
623	  8	765	  1	
623	119	765	  1	
623	239	765	  1	
623	263	765	  1	
624	 44	765	  1	
624	 52	765	  1	
624	199	765	  1	
624	208	765	  1	
624	218	765	  1	
624	424	765	  1	
626	212	765	  1	
627	146	765	  1	
627	190	765	  1	
627	392	765	  1	
628	 40	765	  1	
628	 61	765	  1	
628	110	765	  1	
628	158	765	  1	
630	104	765	  1	
630	536	765	  1	
631	 75	765	  1	
631	184	765	  1	
631	288	765	  1	
631	295	765	  1	
632	 55	765	  1	
632	110	765	  1	
632	158	765	  1	
632	203	765	  1	
632	285	765	  1	
632	588	765	  1	
634	215	765	  1	
637	104	765	  1	
637	115	765	  1	
637	280	765	  1	
637	315	765	  1	
638	 51	765	  1	
639	127	765	  1	
640	103	765	  1	
640	134	765	  1	
640	144	765	  1	
640	167	765	  1	
640	230	765	  1	
640	287	765	  1	
640	336	765	  1	
640	344	765	  1	
641	384	765	  1	
643	  8	765	  1	
643	151	765	  1	
643	224	765	  1	
644	336	765	  1	
645	128	765	  1	
647	144	765	  1	
647	283	765	  1	
647	388	765	  1	
648	 11	765	  1	
648	279	765	  1	
648	295	765	  1	
648	330	765	  1	
649	159	765	  1	
650	436	765	  1	
651	 78	765	  1	
651	141	765	  1	
653	274	765	  1	
655	  8	765	  1	
655	 15	765	  1	
655	227	765	  1	
655	267	765	  1	
655	384	765	  1	
656	380	765	  1	
659	200	765	  1	
660	  0	765	  1	
660	223	765	  1	
663	 75	765	  1	
663	216	765	  1	
663	224	765	  1	
663	231	765	  1	
664	101	765	  1	
664	141	765	  1	
664	183	765	  1	
664	320	765	  1	
667	 10	765	  1	
667	327	765	  1	
672	  0	765	  1	
672	144	765	  1	
674	419	765	  1	
675	360	765	  1	
678	211	765	  1	
678	479	765	  1	
679	 47	765	  1	
679	 55	765	  1	
679	231	765	  1	
680	 95	765	  1	
680	107	765	  1	
687	 95	765	  1	
688	 70	765	  1	
688	 88	765	  1	
691	495	765	  1	
695	255	765	  1	
696	292	765	  1	
698	231	765	  1	
700	207	765	  1	
701	418	765	  1	
707	255	765	  1	
712	184	765	  1	
722	495	765	  1	
725	596	765	  1	
728	298	765	  1	
736	  9	765	  1	
764	164	765	  1	
