# 
#  Image file: Goad2_T0160.jpg
#  Applied threshold: 575
#  Algorithm used: fill2                 
#  Particle count: 1665
#  Location (x,y), max luminance, and mass:
# 
  3	104	765	  1	
  7	192	765	  1	
  7	218	765	  1	
  8	370	765	  1	
 11	328	765	  1	
 24	398	765	  1	
 30	416	765	  1	
 32	116	765	  1	
 35	263	765	  1	
 35	272	765	  1	
 38	171	765	  1	
 38	232	765	  1	
 40	275	765	  1	
 40	537	765	  1	
 45	410	765	  1	
 46	109	765	  1	
 47	112	765	  1	
 47	250	765	  1	
 47	272	765	  1	
 47	279	765	  1	
 48	291	765	  1	
 57	 91	765	  1	
 58	191	765	  1	
 60	199	765	  1	
 61	103	765	  1	
 64	102	765	  1	
 64	160	765	  1	
 71	164	765	  1	
 74	144	765	  1	
 77	548	765	  1	
 79	151	765	  1	
 80	216	765	  1	
 83	328	765	  1	
 84	144	765	  1	
 87	148	765	  1	
 88	290	765	  1	
 93	360	765	  1	
 95	408	765	  1	
 96	131	765	  1	
 96	230	765	  1	
 96	386	765	  1	
 96	395	765	  1	
 96	416	765	  1	
 98	375	765	  1	
 98	492	765	  1	
 99	115	765	  1	
 99	370	765	  1	
100	391	765	  1	
102	384	765	  1	
103	128	765	  1	
103	135	765	  1	
103	320	765	  1	
103	398	765	  1	
104	136	765	  1	
104	272	765	  1	
105	407	765	  1	
106	389	765	  1	
107	143	765	  1	
110	384	765	  1	
111	136	765	  1	
111	152	765	  1	
111	394	765	  1	
112	168	765	  1	
112	256	765	  1	
112	436	765	  1	
115	144	765	  1	
115	399	765	  1	
115	407	765	  1	
117	439	765	  1	
120	128	765	  1	
120	163	765	  1	
120	191	765	  1	
120	368	765	  1	
120	431	765	  1	
122	318	765	  1	
122	392	765	  1	
123	184	765	  1	
123	405	765	  1	
123	419	765	  1	
125	375	765	  1	
125	427	765	  1	
125	464	765	  1	
126	227	765	  1	
127	160	765	  1	
127	167	765	  1	
127	176	765	  1	
127	191	765	  1	
127	288	765	  1	
128	144	765	  1	
128	265	765	  1	
128	394	765	  1	
131	151	765	  1	
133	 81	765	  1	
133	208	765	  1	
134	444	765	  1	
135	144	765	  1	
135	220	765	  1	
136	 96	765	  1	
136	118	765	  1	
136	158	765	  1	
136	336	765	  1	
136	356	765	  1	
138	283	765	  1	
139	343	765	  1	
141	224	765	  1	
141	297	765	  1	
141	416	765	  1	
142	235	765	  1	
143	158	765	  1	
143	336	765	  1	
143	356	765	  1	
144	127	765	  1	
144	131	765	  1	
144	184	765	  1	
144	200	765	  1	
145	189	765	  1	
146	196	765	  1	
147	154	765	  1	
147	207	765	  1	
151	127	765	  1	
151	131	765	  1	
151	191	765	  1	
151	200	765	  1	
151	248	765	  1	
151	255	765	  1	
152	144	765	  1	
152	184	765	  1	
152	193	765	  1	
152	208	765	  1	
152	258	765	  1	
152	264	765	  1	
152	271	765	  1	
152	368	765	  1	
154	 30	765	  1	
154	229	765	  1	
155	198	765	  1	
156	239	765	  1	
156	256	765	  1	
157	 24	765	  1	
158	151	765	  1	
158	196	765	  1	
158	372	765	  1	
159	267	765	  1	
159	392	765	  1	
160	160	765	  1	
160	187	765	  1	
160	205	765	  1	
160	288	765	  1	
160	295	765	  1	
160	311	765	  1	
160	391	765	  1	
162	200	765	  1	
163	 15	765	  1	
163	144	765	  1	
163	368	765	  1	
163	384	765	  1	
166	206	765	  1	
167	184	765	  1	
167	191	765	  1	
167	263	765	  1	
167	265	765	  1	
167	271	765	  1	
167	291	765	  1	
167	391	765	  1	
167	416	765	  1	
167	439	765	  1	
167	515	765	  1	
168	198	765	  1	
168	234	765	  1	
168	296	765	  1	
168	308	765	  1	
168	336	765	  1	
168	343	765	  1	
168	397	765	  1	
168	437	765	  1	
168	524	765	  1	
168	528	765	  1	
168	535	765	  1	
169	288	765	  1	
171	207	765	  1	
171	392	765	  1	
173	178	765	  1	
173	183	765	  1	
173	215	765	  1	
173	224	765	  1	
173	302	765	  1	
173	317	765	  1	
174	 64	765	  1	
174	196	765	  1	
174	339	765	  1	
174	397	765	  1	
175	239	765	  1	
175	266	765	  1	
175	520	765	  1	
176	184	765	  1	
176	306	765	  1	
178	196	765	  1	
179	302	765	  1	
180	184	765	  1	
181	168	765	  1	
181	175	765	  1	
182	188	765	  1	
183	  2	765	  1	
183	194	765	  1	
184	 72	765	  1	
184	111	765	  1	
184	137	765	  1	
184	256	765	  1	
184	336	765	  1	
184	347	765	  1	
184	402	765	  1	
185	135	765	  1	
186	 77	765	  1	
186	254	765	  1	
186	512	765	  1	
187	152	765	  1	
187	184	765	  1	
187	352	765	  1	
189	300	765	  1	
190	128	765	  1	
191	158	765	  1	
191	551	765	  1	
192	125	765	  1	
192	152	765	  1	
192	179	765	  1	
192	203	765	  1	
192	240	765	  1	
192	263	765	  1	
192	371	765	  1	
192	380	765	  1	
192	432	765	  1	
192	459	765	  1	
192	515	765	  1	
194	351	765	  1	
195	243	765	  1	
197	253	765	  1	
198	344	765	  1	
198	376	765	  1	
199	110	765	  1	
199	200	765	  1	
199	207	765	  1	
199	456	765	  1	
199	463	765	  1	
199	534	765	  1	
200	 23	765	  1	
200	 64	765	  1	
200	 72	765	  1	
200	112	765	  1	
200	167	765	  1	
200	192	765	  1	
200	218	765	  1	
200	271	765	  1	
200	288	765	  1	
200	446	765	  1	
200	448	765	  1	
201	 14	765	  1	
202	 43	765	  1	
202	120	765	  1	
203	110	765	  1	
203	336	765	  1	
203	343	765	  1	
203	383	765	  1	
205	223	765	  1	
205	445	765	  1	
206	112	765	  1	
206	126	765	  1	
206	374	765	  1	
207	  6	765	  1	
207	199	765	  1	
207	271	765	  1	
208	  0	765	  1	
208	 71	765	  1	
208	146	765	  1	
208	230	765	  1	
208	237	765	  1	
208	251	765	  1	
208	335	765	  1	
208	344	765	  1	
208	351	765	  1	
208	371	765	  1	
208	391	765	  1	
208	410	765	  1	
208	426	765	  1	
208	536	765	  1	
209	111	765	  1	
210	329	765	  1	
210	359	765	  1	
210	457	765	  1	
211	 64	765	  1	
211	384	765	  1	
212	431	765	  1	
213	232	765	  1	
213	280	765	  1	
215	  3	765	  1	
215	 71	765	  1	
215	224	765	  1	
215	248	765	  1	
215	255	765	  1	
215	316	765	  1	
215	347	765	  1	
215	391	765	  1	
215	448	765	  1	
216	 55	765	  1	
216	 72	765	  1	
216	 79	765	  1	
216	 99	765	  1	
216	108	765	  1	
216	215	765	  1	
216	229	765	  1	
216	246	765	  1	
216	258	765	  1	
216	359	765	  1	
217	367	765	  1	
219	103	765	  1	
219	111	765	  1	
220	580	765	  1	
221	292	765	  1	
221	304	765	  1	
221	314	765	  1	
221	551	765	  1	
223	 75	765	  1	
223	229	765	  1	
223	246	765	  1	
223	440	765	  1	
223	542	765	  1	
224	112	765	  1	
224	125	765	  1	
224	141	765	  1	
224	368	765	  1	
224	392	765	  1	
224	399	765	  1	
224	439	765	  1	
224	536	765	  1	
226	 96	765	  1	
226	224	765	  1	
227	432	765	  1	
229	120	765	  1	
230	288	765	  1	
231	228	765	  1	
231	243	765	  1	
231	368	765	  1	
231	439	765	  1	
231	536	765	  1	
232	 97	765	  1	
232	123	765	  1	
232	155	765	  1	
232	208	765	  1	
232	216	765	  1	
232	245	765	  1	
232	264	765	  1	
232	430	765	  1	
232	472	765	  1	
232	534	765	  1	
233	339	765	  1	
234	137	765	  1	
235	112	765	  1	
235	223	765	  1	
235	376	765	  1	
236	  8	765	  1	
237	120	765	  1	
237	128	765	  1	
237	160	765	  1	
238	271	765	  1	
239	 80	765	  1	
239	 87	765	  1	
239	152	765	  1	
239	216	765	  1	
239	430	765	  1	
239	456	765	  1	
240	 64	765	  1	
240	 95	765	  1	
240	107	765	  1	
240	148	765	  1	
240	217	765	  1	
240	244	765	  1	
240	284	765	  1	
240	376	765	  1	
240	416	765	  1	
240	599	765	  1	
241	311	765	  1	
242	234	765	  1	
242	327	765	  1	
243	103	765	  1	
243	184	765	  1	
243	191	765	  1	
243	215	765	  1	
243	383	765	  1	
244	287	765	  1	
244	423	765	  1	
245	 64	765	  1	
245	120	765	  1	
245	160	765	  1	
245	443	765	  1	
246	 42	765	  1	
246	 55	765	  1	
247	 92	765	  1	
247	 96	765	  1	
247	104	765	  1	
247	111	765	  1	
247	208	765	  1	
247	240	765	  1	
247	279	765	  1	
247	304	765	  1	
247	376	765	  1	
247	464	765	  1	
248	 68	765	  1	
248	112	765	  1	
248	171	765	  1	
248	199	765	  1	
248	317	765	  1	
248	408	765	  1	
248	496	765	  1	
250	479	765	  1	
251	110	765	  1	
251	128	765	  1	
251	192	765	  1	
251	294	765	  1	
251	415	765	  1	
253	  0	765	  1	
253	  8	765	  1	
253	 72	765	  1	
253	140	765	  1	
253	159	765	  1	
253	232	765	  1	
253	239	765	  1	
253	438	765	  1	
254	213	765	  1	
254	559	765	  1	
255	134	765	  1	
255	199	765	  1	
255	317	765	  1	
255	408	765	  1	
255	598	765	  1	
256	 71	765	  1	
256	 85	765	  1	
256	108	765	  1	
256	170	765	  1	
256	195	765	  1	
256	240	765	  1	
256	397	765	  1	
256	504	765	  1	
256	510	765	  1	
258	118	765	  1	
258	125	765	  1	
258	208	765	  1	
258	215	765	  1	
258	256	765	  1	
259	 64	765	  1	
259	523	765	  1	
260	104	765	  1	
261	111	765	  1	
261	168	765	  1	
261	175	765	  1	
261	188	765	  1	
261	480	765	  1	
262	 72	765	  1	
262	244	765	  1	
262	274	765	  1	
263	157	765	  1	
264	  0	765	  1	
264	 88	765	  1	
264	128	765	  1	
264	134	765	  1	
264	146	765	  1	
264	160	765	  1	
264	214	765	  1	
264	317	765	  1	
264	328	765	  1	
264	335	765	  1	
264	456	765	  1	
264	528	765	  1	
264	544	765	  1	
265	224	765	  1	
265	522	765	  1	
266	392	765	  1	
266	504	765	  1	
267	 64	765	  1	
267	446	765	  1	
267	543	765	  1	
268	 99	765	  1	
269	112	765	  1	
269	131	765	  1	
269	174	765	  1	
269	370	765	  1	
269	375	765	  1	
270	  3	765	  1	
270	508	765	  1	
271	155	765	  1	
271	214	765	  1	
271	331	765	  1	
272	 56	765	  1	
272	 72	765	  1	
272	 93	765	  1	
272	200	765	  1	
272	235	765	  1	
272	247	765	  1	
272	355	765	  1	
272	384	765	  1	
272	461	765	  1	
272	469	765	  1	
272	477	765	  1	
272	496	765	  1	
272	560	765	  1	
273	559	765	  1	
274	 47	765	  1	
274	400	765	  1	
275	 63	765	  1	
275	 79	765	  1	
275	348	765	  1	
275	410	765	  1	
275	520	765	  1	
277	259	765	  1	
277	539	765	  1	
278	168	765	  1	
278	478	765	  1	
278	532	765	  1	
278	552	765	  1	
279	 56	765	  1	
279	 72	765	  1	
279	136	765	  1	
279	200	765	  1	
279	235	765	  1	
279	247	765	  1	
279	355	765	  1	
279	368	765	  1	
279	375	765	  1	
279	413	765	  1	
279	496	765	  1	
279	567	765	  1	
280	 91	765	  1	
280	125	765	  1	
280	163	765	  1	
280	219	765	  1	
280	232	765	  1	
280	262	765	  1	
280	287	765	  1	
280	299	765	  1	
280	338	765	  1	
280	343	765	  1	
280	352	765	  1	
280	360	765	  1	
280	366	765	  1	
280	384	765	  1	
280	415	765	  1	
280	423	765	  1	
283	115	765	  1	
283	391	765	  1	
283	429	765	  1	
283	513	765	  1	
285	119	765	  1	
285	152	765	  1	
285	184	765	  1	
285	222	765	  1	
285	368	765	  1	
286	192	765	  1	
286	352	765	  1	
286	414	765	  1	
286	503	765	  1	
287	247	765	  1	
287	287	765	  1	
287	296	765	  1	
287	303	765	  1	
287	384	765	  1	
288	 56	765	  1	
288	 62	765	  1	
288	 86	765	  1	
288	105	765	  1	
288	159	765	  1	
288	173	765	  1	
288	237	765	  1	
288	251	765	  1	
288	309	765	  1	
288	320	765	  1	
288	344	765	  1	
288	360	765	  1	
288	391	765	  1	
288	396	765	  1	
288	456	765	  1	
288	536	765	  1	
289	144	765	  1	
289	355	765	  1	
290	198	765	  1	
290	373	765	  1	
291	119	765	  1	
291	327	765	  1	
291	463	765	  1	
291	504	765	  1	
291	511	765	  1	
291	543	765	  1	
292	150	765	  1	
292	368	765	  1	
293	 96	765	  1	
293	168	765	  1	
293	349	765	  1	
294	 87	765	  1	
294	145	765	  1	
294	191	765	  1	
295	112	765	  1	
295	320	765	  1	
295	373	765	  1	
295	456	765	  1	
295	536	765	  1	
296	  8	765	  1	
296	 56	765	  1	
296	117	765	  1	
296	136	765	  1	
296	184	765	  1	
296	287	765	  1	
296	459	765	  1	
296	467	765	  1	
296	560	765	  1	
296	570	765	  1	
296	584	765	  1	
296	591	765	  1	
297	301	765	  1	
298	126	765	  1	
298	139	765	  1	
299	198	765	  1	
299	327	765	  1	
301	160	765	  1	
301	208	765	  1	
302	136	765	  1	
302	184	765	  1	
303	288	765	  1	
303	320	765	  1	
303	456	765	  1	
303	463	765	  1	
303	471	765	  1	
303	485	765	  1	
303	587	765	  1	
304	  0	765	  1	
304	112	765	  1	
304	315	765	  1	
304	373	765	  1	
304	387	765	  1	
304	402	765	  1	
304	473	765	  1	
304	512	765	  1	
304	516	765	  1	
304	520	765	  1	
304	528	765	  1	
304	534	765	  1	
304	538	765	  1	
304	563	765	  1	
306	117	765	  1	
306	197	765	  1	
307	 80	765	  1	
307	208	765	  1	
307	220	765	  1	
308	407	765	  1	
309	 23	765	  1	
309	338	765	  1	
309	343	765	  1	
310	166	765	  1	
310	257	765	  1	
310	400	765	  1	
310	517	765	  1	
311	112	765	  1	
311	311	765	  1	
311	512	765	  1	
312	 80	765	  1	
312	 93	765	  1	
312	125	765	  1	
312	136	765	  1	
312	198	765	  1	
312	204	765	  1	
312	238	765	  1	
312	280	765	  1	
312	286	765	  1	
312	294	765	  1	
312	328	765	  1	
312	332	765	  1	
312	365	765	  1	
312	371	765	  1	
312	376	765	  1	
312	427	765	  1	
312	472	765	  1	
313	243	765	  1	
313	530	765	  1	
314	200	765	  1	
315	 62	765	  1	
315	144	765	  1	
315	392	765	  1	
317	263	765	  1	
317	283	765	  1	
317	364	765	  1	
318	155	765	  1	
319	 80	765	  1	
319	184	765	  1	
319	198	765	  1	
319	294	765	  1	
319	375	765	  1	
320	 19	765	  1	
320	 77	765	  1	
320	 88	765	  1	
320	101	765	  1	
320	107	765	  1	
320	113	765	  1	
320	133	765	  1	
320	173	765	  1	
320	200	765	  1	
320	214	765	  1	
320	227	765	  1	
320	248	765	  1	
320	340	765	  1	
320	348	765	  1	
320	360	765	  1	
320	389	765	  1	
320	439	765	  1	
322	344	765	  1	
323	 71	765	  1	
323	487	765	  1	
324	 56	765	  1	
324	204	765	  1	
324	391	765	  1	
325	 94	765	  1	
325	366	765	  1	
326	480	765	  1	
327	214	765	  1	
327	224	765	  1	
327	231	765	  1	
328	  1	765	  1	
328	109	765	  1	
328	136	765	  1	
328	143	765	  1	
328	176	765	  1	
328	216	765	  1	
328	256	765	  1	
328	325	765	  1	
328	336	765	  1	
328	349	765	  1	
328	383	765	  1	
328	451	765	  1	
328	492	765	  1	
330	104	765	  1	
330	138	765	  1	
331	 72	765	  1	
332	117	765	  1	
333	224	765	  1	
333	344	765	  1	
333	377	765	  1	
334	110	765	  1	
334	340	765	  1	
334	434	765	  1	
335	 79	765	  1	
335	136	765	  1	
335	143	765	  1	
335	448	765	  1	
335	455	765	  1	
336	 80	765	  1	
336	104	765	  1	
336	204	765	  1	
336	240	765	  1	
336	271	765	  1	
336	293	765	  1	
336	304	765	  1	
336	312	765	  1	
336	356	765	  1	
336	503	765	  1	
336	543	765	  1	
337	245	765	  1	
338	128	765	  1	
338	416	765	  1	
338	440	765	  1	
339	200	765	  1	
339	278	765	  1	
341	318	765	  1	
341	386	765	  1	
342	206	765	  1	
342	304	765	  1	
342	480	765	  1	
343	 44	765	  1	
343	216	765	  1	
343	344	765	  1	
343	359	765	  1	
343	540	765	  1	
344	  0	765	  1	
344	 91	765	  1	
344	 96	765	  1	
344	113	765	  1	
344	119	765	  1	
344	123	765	  1	
344	139	765	  1	
344	144	765	  1	
344	232	765	  1	
344	288	765	  1	
344	352	765	  1	
344	370	765	  1	
344	416	765	  1	
344	496	765	  1	
344	528	765	  1	
345	392	765	  1	
345	540	765	  1	
346	322	765	  1	
346	421	765	  1	
347	327	765	  1	
349	110	765	  1	
349	207	765	  1	
349	238	765	  1	
349	432	765	  1	
350	135	765	  1	
350	267	765	  1	
350	376	765	  1	
350	383	765	  1	
350	405	765	  1	
351	 99	765	  1	
351	120	765	  1	
351	288	765	  1	
351	416	765	  1	
352	 53	765	  1	
352	 80	765	  1	
352	200	765	  1	
352	211	765	  1	
352	397	765	  1	
354	 48	765	  1	
354	314	765	  1	
355	 94	765	  1	
355	191	765	  1	
355	238	765	  1	
355	256	765	  1	
355	296	765	  1	
355	319	765	  1	
355	462	765	  1	
356	 53	765	  1	
358	128	765	  1	
359	 48	765	  1	
359	 56	765	  1	
359	184	765	  1	
359	208	765	  1	
359	215	765	  1	
360	  8	765	  1	
360	 16	765	  1	
360	 42	765	  1	
360	101	765	  1	
360	120	765	  1	
360	144	765	  1	
360	151	765	  1	
360	182	765	  1	
360	299	765	  1	
360	311	765	  1	
360	519	765	  1	
363	 23	765	  1	
363	 82	765	  1	
363	176	765	  1	
363	279	765	  1	
365	 24	765	  1	
365	126	765	  1	
365	190	765	  1	
366	215	765	  1	
367	 16	765	  1	
367	147	765	  1	
367	296	765	  1	
368	 37	765	  1	
368	 59	765	  1	
368	 73	765	  1	
368	 90	765	  1	
368	152	765	  1	
368	365	765	  1	
368	376	765	  1	
368	392	765	  1	
368	400	765	  1	
368	406	765	  1	
368	537	765	  1	
370	 54	765	  1	
370	342	765	  1	
371	398	765	  1	
372	 64	765	  1	
373	 74	765	  1	
373	103	765	  1	
373	175	765	  1	
375	 61	765	  1	
375	 71	765	  1	
375	336	765	  1	
376	 17	765	  1	
376	 26	765	  1	
376	 31	765	  1	
376	112	765	  1	
376	157	765	  1	
376	184	765	  1	
376	237	765	  1	
376	247	765	  1	
376	376	765	  1	
376	382	765	  1	
377	 98	765	  1	
380	230	765	  1	
381	 56	765	  1	
381	187	765	  1	
381	379	765	  1	
382	  0	765	  1	
382	  6	765	  1	
382	224	765	  1	
382	242	765	  1	
384	  8	765	  1	
384	 15	765	  1	
384	 20	765	  1	
384	 45	765	  1	
384	 90	765	  1	
384	120	765	  1	
384	232	765	  1	
384	277	765	  1	
384	392	765	  1	
384	439	765	  1	
384	496	765	  1	
385	 29	765	  1	
385	303	765	  1	
386	 16	765	  1	
386	133	765	  1	
386	186	765	  1	
387	 86	765	  1	
387	247	765	  1	
387	432	765	  1	
387	513	765	  1	
389	207	765	  1	
389	408	765	  1	
390	  0	765	  1	
390	 24	765	  1	
390	 46	765	  1	
390	168	765	  1	
390	397	765	  1	
391	439	765	  1	
392	 22	765	  1	
392	391	765	  1	
392	432	765	  1	
392	557	765	  1	
394	 16	765	  1	
395	182	765	  1	
395	384	765	  1	
396	 22	765	  1	
397	176	765	  1	
399	391	765	  1	
399	435	765	  1	
399	559	765	  1	
400	 40	765	  1	
400	 47	765	  1	
400	 50	765	  1	
400	104	765	  1	
400	131	765	  1	
400	165	765	  1	
400	232	765	  1	
401	 67	765	  1	
402	146	765	  1	
402	184	765	  1	
402	191	765	  1	
402	223	765	  1	
402	359	765	  1	
402	435	765	  1	
402	468	765	  1	
403	 86	765	  1	
403	114	765	  1	
403	128	765	  1	
403	135	765	  1	
403	200	765	  1	
405	 48	765	  1	
405	 55	765	  1	
407	 14	765	  1	
407	 40	765	  1	
407	131	765	  1	
407	136	765	  1	
407	292	765	  1	
408	 34	765	  1	
408	 64	765	  1	
408	170	765	  1	
408	179	765	  1	
408	209	765	  1	
408	232	765	  1	
408	240	765	  1	
408	256	765	  1	
408	344	765	  1	
408	429	765	  1	
408	438	765	  1	
410	 52	765	  1	
410	507	765	  1	
411	215	765	  1	
412	176	765	  1	
413	 70	765	  1	
413	120	765	  1	
413	160	765	  1	
413	168	765	  1	
413	227	765	  1	
413	248	765	  1	
414	109	765	  1	
414	232	765	  1	
414	344	765	  1	
415	438	765	  1	
416	  0	765	  1	
416	 43	765	  1	
416	 72	765	  1	
416	103	765	  1	
416	179	765	  1	
416	207	765	  1	
416	255	765	  1	
417	 52	765	  1	
418	250	765	  1	
419	 92	765	  1	
419	104	765	  1	
419	119	765	  1	
419	154	765	  1	
419	200	765	  1	
419	215	765	  1	
419	232	765	  1	
420	 72	765	  1	
421	 98	765	  1	
422	112	765	  1	
422	156	765	  1	
422	238	765	  1	
422	255	765	  1	
423	 55	765	  1	
423	141	765	  1	
423	207	765	  1	
423	424	765	  1	
423	520	765	  1	
424	 64	765	  1	
424	 80	765	  1	
424	120	765	  1	
424	135	765	  1	
424	152	765	  1	
424	165	765	  1	
424	175	765	  1	
424	216	765	  1	
424	221	765	  1	
424	229	765	  1	
424	240	765	  1	
424	275	765	  1	
424	307	765	  1	
426	 27	765	  1	
426	160	765	  1	
426	190	765	  1	
426	324	765	  1	
427	103	765	  1	
427	256	765	  1	
428	431	765	  1	
429	 70	765	  1	
429	 86	765	  1	
429	232	765	  1	
429	296	765	  1	
430	165	765	  1	
430	170	765	  1	
431	184	765	  1	
432	 78	765	  1	
432	255	765	  1	
432	264	765	  1	
432	352	765	  1	
435	216	765	  1	
435	255	765	  1	
436	 15	765	  1	
437	128	765	  1	
437	135	765	  1	
437	359	765	  1	
438	  8	765	  1	
439	 88	765	  1	
439	152	765	  1	
439	192	765	  1	
439	312	765	  1	
440	 16	765	  1	
440	 96	765	  1	
440	163	765	  1	
440	179	765	  1	
440	216	765	  1	
440	263	765	  1	
440	267	765	  1	
440	291	765	  1	
440	360	765	  1	
440	367	765	  1	
443	256	765	  1	
443	488	765	  1	
444	 22	765	  1	
444	220	765	  1	
445	 71	765	  1	
445	 88	765	  1	
445	100	765	  1	
447	  8	765	  1	
447	 39	765	  1	
447	263	765	  1	
447	288	765	  1	
447	295	765	  1	
447	363	765	  1	
448	 11	765	  1	
448	 19	765	  1	
448	130	765	  1	
448	141	765	  1	
448	184	765	  1	
448	191	765	  1	
448	203	765	  1	
448	248	765	  1	
448	255	765	  1	
448	269	765	  1	
448	303	765	  1	
450	262	765	  1	
451	124	765	  1	
451	160	765	  1	
451	174	765	  1	
452	 48	765	  1	
453	114	765	  1	
453	183	765	  1	
453	206	765	  1	
454	224	765	  1	
454	298	765	  1	
455	 16	765	  1	
455	 23	765	  1	
455	 55	765	  1	
456	174	765	  1	
456	185	765	  1	
456	195	765	  1	
456	200	765	  1	
456	208	765	  1	
456	248	765	  1	
456	264	765	  1	
456	320	765	  1	
456	526	765	  1	
458	 16	765	  1	
458	 72	765	  1	
459	240	765	  1	
461	104	765	  1	
461	251	765	  1	
462	168	765	  1	
463	 23	765	  1	
463	 78	765	  1	
463	216	765	  1	
463	320	765	  1	
464	 83	765	  1	
464	120	765	  1	
464	184	765	  1	
464	190	765	  1	
464	198	765	  1	
464	205	765	  1	
464	224	765	  1	
464	246	765	  1	
466	504	765	  1	
467	176	765	  1	
467	288	765	  1	
467	317	765	  1	
468	 72	765	  1	
469	 40	765	  1	
469	 47	765	  1	
469	128	765	  1	
470	192	765	  1	
472	 29	765	  1	
472	 56	765	  1	
472	 71	765	  1	
472	 98	765	  1	
472	141	765	  1	
472	160	765	  1	
472	195	765	  1	
472	208	765	  1	
472	238	765	  1	
472	246	765	  1	
474	214	765	  1	
475	 67	765	  1	
475	272	765	  1	
476	288	765	  1	
477	 24	765	  1	
477	 99	765	  1	
477	136	765	  1	
477	174	765	  1	
478	 75	765	  1	
478	 80	765	  1	
478	208	765	  1	
478	336	765	  1	
479	 39	765	  1	
479	 56	765	  1	
480	 47	765	  1	
480	 53	765	  1	
480	106	765	  1	
480	179	765	  1	
480	205	765	  1	
480	251	765	  1	
480	264	765	  1	
480	282	765	  1	
480	317	765	  1	
480	524	765	  1	
481	122	765	  1	
482	 39	765	  1	
482	 64	765	  1	
483	 34	765	  1	
483	 71	765	  1	
483	127	765	  1	
485	 96	765	  1	
485	103	765	  1	
485	136	765	  1	
485	304	765	  1	
485	311	765	  1	
486	 54	765	  1	
486	156	765	  1	
487	 69	765	  1	
487	399	765	  1	
487	565	765	  1	
488	  3	765	  1	
488	 40	765	  1	
488	 46	765	  1	
488	 71	765	  1	
488	129	765	  1	
488	134	765	  1	
488	152	765	  1	
488	159	765	  1	
488	194	765	  1	
488	245	765	  1	
488	266	765	  1	
488	289	765	  1	
488	296	765	  1	
489	120	765	  1	
489	208	765	  1	
490	 66	765	  1	
491	102	765	  1	
491	182	765	  1	
491	224	765	  1	
491	231	765	  1	
491	280	765	  1	
491	303	765	  1	
491	352	765	  1	
493	 60	765	  1	
493	166	765	  1	
493	192	765	  1	
493	199	765	  1	
493	216	765	  1	
493	264	765	  1	
493	271	765	  1	
494	 71	765	  1	
494	 96	765	  1	
494	133	765	  1	
495	104	765	  1	
495	155	765	  1	
495	296	765	  1	
496	 30	765	  1	
496	 44	765	  1	
496	 72	765	  1	
496	 79	765	  1	
496	125	765	  1	
496	184	765	  1	
496	276	765	  1	
496	324	765	  1	
496	408	765	  1	
497	140	765	  1	
498	  7	765	  1	
498	 24	765	  1	
498	119	765	  1	
498	136	765	  1	
499	106	765	  1	
499	149	765	  1	
499	174	765	  1	
499	415	765	  1	
500	272	765	  1	
500	310	765	  1	
501	  2	765	  1	
501	 30	765	  1	
501	 58	765	  1	
501	 63	765	  1	
502	 42	765	  1	
502	168	765	  1	
502	231	765	  1	
502	304	765	  1	
503	 24	765	  1	
503	 75	765	  1	
503	184	765	  1	
503	288	765	  1	
503	408	765	  1	
503	432	765	  1	
504	  8	765	  1	
504	 14	765	  1	
504	 64	765	  1	
504	 69	765	  1	
504	112	765	  1	
504	178	765	  1	
504	251	765	  1	
504	319	765	  1	
504	340	765	  1	
504	344	765	  1	
507	197	765	  1	
507	230	765	  1	
509	117	765	  1	
509	176	765	  1	
509	183	765	  1	
509	187	765	  1	
511	147	765	  1	
511	168	765	  1	
511	192	765	  1	
512	  0	765	  1	
512	 45	765	  1	
512	 55	765	  1	
512	 96	765	  1	
512	102	765	  1	
512	110	765	  1	
512	128	765	  1	
512	133	765	  1	
512	174	765	  1	
512	197	765	  1	
512	242	765	  1	
512	247	765	  1	
512	264	765	  1	
512	283	765	  1	
512	388	765	  1	
512	392	765	  1	
514	  8	765	  1	
515	143	765	  1	
515	160	765	  1	
515	208	765	  1	
515	232	765	  1	
515	301	765	  1	
516	212	765	  1	
517	 51	765	  1	
517	 99	765	  1	
517	315	765	  1	
518	 40	765	  1	
518	128	765	  1	
518	138	765	  1	
519	283	765	  1	
519	328	765	  1	
519	408	765	  1	
519	415	765	  1	
520	 72	765	  1	
520	181	765	  1	
520	192	765	  1	
520	262	765	  1	
520	266	765	  1	
520	308	765	  1	
520	312	765	  1	
520	423	765	  1	
521	120	765	  1	
522	 77	765	  1	
522	216	765	  1	
522	319	765	  1	
525	  2	765	  1	
525	176	765	  1	
527	216	765	  1	
527	271	765	  1	
527	319	765	  1	
528	 48	765	  1	
528	 66	765	  1	
528	104	765	  1	
528	147	765	  1	
528	285	765	  1	
528	360	765	  1	
528	398	765	  1	
529	207	765	  1	
531	144	765	  1	
531	151	765	  1	
531	199	765	  1	
533	 96	765	  1	
533	110	765	  1	
533	267	765	  1	
533	280	765	  1	
533	365	765	  1	
535	 64	765	  1	
535	147	765	  1	
535	192	765	  1	
535	200	765	  1	
535	398	765	  1	
536	 16	765	  1	
536	 35	765	  1	
536	 39	765	  1	
536	123	765	  1	
536	167	765	  1	
536	173	765	  1	
536	182	765	  1	
536	188	765	  1	
536	220	765	  1	
536	272	765	  1	
536	279	765	  1	
536	336	765	  1	
536	341	765	  1	
536	376	765	  1	
537	147	765	  1	
539	 10	765	  1	
539	 88	765	  1	
539	224	765	  1	
539	319	765	  1	
539	403	765	  1	
541	183	765	  1	
541	374	765	  1	
542	126	765	  1	
542	338	765	  1	
542	343	765	  1	
542	349	765	  1	
543	 33	765	  1	
543	190	765	  1	
544	  8	765	  1	
544	 86	765	  1	
544	 98	765	  1	
544	114	765	  1	
544	119	765	  1	
544	170	765	  1	
544	206	765	  1	
544	230	765	  1	
544	240	765	  1	
544	260	765	  1	
544	280	765	  1	
544	352	765	  1	
544	384	765	  1	
544	406	765	  1	
546	154	765	  1	
546	389	765	  1	
547	 39	765	  1	
547	248	765	  1	
547	359	765	  1	
547	399	765	  1	
549	  8	765	  1	
549	 80	765	  1	
549	195	765	  1	
550	200	765	  1	
550	360	765	  1	
550	384	765	  1	
551	352	765	  1	
552	120	765	  1	
552	138	765	  1	
552	248	765	  1	
552	297	765	  1	
552	312	765	  1	
552	343	765	  1	
552	368	765	  1	
552	375	765	  1	
552	391	765	  1	
552	423	765	  1	
553	402	765	  1	
555	  8	765	  1	
555	166	765	  1	
555	255	765	  1	
555	319	765	  1	
555	384	765	  1	
556	143	765	  1	
556	358	765	  1	
557	160	765	  1	
557	338	765	  1	
558	 95	765	  1	
558	136	765	  1	
558	352	765	  1	
559	224	765	  1	
559	296	765	  1	
559	312	765	  1	
559	371	765	  1	
559	391	765	  1	
560	 87	765	  1	
560	167	765	  1	
560	176	765	  1	
560	188	765	  1	
560	208	765	  1	
560	232	765	  1	
560	245	765	  1	
560	264	765	  1	
560	271	765	  1	
560	376	765	  1	
560	412	765	  1	
562	238	765	  1	
562	278	765	  1	
563	183	765	  1	
563	213	765	  1	
566	208	765	  1	
566	230	765	  1	
566	408	765	  1	
567	163	765	  1	
567	176	765	  1	
567	400	765	  1	
568	 84	765	  1	
568	 91	765	  1	
568	221	765	  1	
568	255	765	  1	
568	264	765	  1	
568	270	765	  1	
568	275	765	  1	
568	360	765	  1	
568	367	765	  1	
569	112	765	  1	
569	296	765	  1	
569	301	765	  1	
569	318	765	  1	
570	387	765	  1	
573	116	765	  1	
573	184	765	  1	
574	131	765	  1	
575	 88	765	  1	
575	272	765	  1	
575	279	765	  1	
575	360	765	  1	
575	367	765	  1	
576	 56	765	  1	
576	151	765	  1	
576	160	765	  1	
576	167	765	  1	
576	187	765	  1	
576	240	765	  1	
576	256	765	  1	
576	344	765	  1	
576	351	765	  1	
576	384	765	  1	
576	394	765	  1	
578	296	765	  1	
578	448	765	  1	
579	144	765	  1	
579	224	765	  1	
579	247	765	  1	
581	208	765	  1	
581	215	765	  1	
581	327	765	  1	
583	151	765	  1	
583	160	765	  1	
583	167	765	  1	
583	240	765	  1	
583	303	765	  1	
583	347	765	  1	
583	394	765	  1	
584	 37	765	  1	
584	163	765	  1	
584	168	765	  1	
584	189	765	  1	
584	197	765	  1	
584	205	765	  1	
584	216	765	  1	
584	247	765	  1	
584	268	765	  1	
584	392	765	  1	
584	440	765	  1	
584	448	765	  1	
586	174	765	  1	
587	111	765	  1	
587	200	765	  1	
587	399	765	  1	
588	101	765	  1	
589	168	765	  1	
589	272	765	  1	
589	311	765	  1	
590	184	765	  1	
590	323	765	  1	
591	120	765	  1	
591	160	765	  1	
591	167	765	  1	
591	174	765	  1	
591	243	765	  1	
591	392	765	  1	
592	 69	765	  1	
592	 88	765	  1	
592	111	765	  1	
592	128	765	  1	
592	135	765	  1	
592	168	765	  1	
592	206	765	  1	
592	210	765	  1	
592	259	765	  1	
592	274	765	  1	
595	143	765	  1	
595	196	765	  1	
595	224	765	  1	
595	288	765	  1	
595	295	765	  1	
596	 94	765	  1	
597	215	765	  1	
597	247	765	  1	
598	275	765	  1	
599	131	765	  1	
599	136	765	  1	
599	256	765	  1	
599	263	765	  1	
600	 69	765	  1	
600	 72	765	  1	
600	106	765	  1	
600	140	765	  1	
600	182	765	  1	
600	264	765	  1	
600	296	765	  1	
600	368	765	  1	
600	424	765	  1	
603	 79	765	  1	
603	119	765	  1	
603	232	765	  1	
603	392	765	  1	
604	341	765	  1	
606	107	765	  1	
606	142	765	  1	
606	371	765	  1	
607	 60	765	  1	
607	 72	765	  1	
607	136	765	  1	
607	179	765	  1	
607	188	765	  1	
608	 99	765	  1	
608	168	765	  1	
608	245	765	  1	
608	268	765	  1	
608	272	765	  1	
608	280	765	  1	
608	295	765	  1	
608	328	765	  1	
610	104	765	  1	
610	288	765	  1	
612	273	765	  1	
613	283	765	  1	
613	290	765	  1	
614	328	765	  1	
615	 96	765	  1	
615	103	765	  1	
615	125	765	  1	
616	112	765	  1	
616	200	765	  1	
616	208	765	  1	
616	264	765	  1	
616	268	765	  1	
616	280	765	  1	
616	307	765	  1	
616	352	765	  1	
619	207	765	  1	
619	287	765	  1	
619	438	765	  1	
620	214	765	  1	
621	264	765	  1	
621	269	765	  1	
621	328	765	  1	
622	 10	765	  1	
623	200	765	  1	
623	280	765	  1	
624	167	765	  1	
624	182	765	  1	
624	272	765	  1	
626	162	765	  1	
628	 63	765	  1	
628	203	765	  1	
628	235	765	  1	
630	104	765	  1	
630	111	765	  1	
630	167	765	  1	
632	 96	765	  1	
632	155	765	  1	
632	283	765	  1	
634	101	765	  1	
635	160	765	  1	
635	312	765	  1	
638	 96	765	  1	
640	 63	765	  1	
640	 79	765	  1	
640	250	765	  1	
640	293	765	  1	
640	485	765	  1	
642	296	765	  1	
643	 56	765	  1	
647	 48	765	  1	
647	 63	765	  1	
648	173	765	  1	
648	304	765	  1	
649	360	765	  1	
652	316	765	  1	
655	371	765	  1	
656	200	765	  1	
657	502	765	  1	
657	538	765	  1	
658	 79	765	  1	
658	208	765	  1	
660	324	765	  1	
662	 88	765	  1	
664	 91	765	  1	
664	104	765	  1	
664	111	765	  1	
664	187	765	  1	
664	264	765	  1	
664	303	765	  1	
671	 88	765	  1	
671	 95	765	  1	
672	308	765	  1	
675	572	765	  1	
678	130	765	  1	
678	207	765	  1	
680	545	765	  1	
686	589	765	  1	
691	223	765	  1	
696	210	765	  1	
704	392	765	  1	
720	224	765	  1	
727	124	765	  1	
728	239	765	  1	
751	 28	765	  1	
