# 
#  Image file: Goad2_T0070.jpg
#  Applied threshold: 575
#  Algorithm used: fill2                 
#  Particle count: 1846
#  Location (x,y), max luminance, and mass:
# 
  0	488	765	  1	
  4	279	765	  1	
  8	295	765	  1	
 16	 52	765	  1	
 18	139	765	  1	
 18	272	765	  1	
 18	466	765	  1	
 19	382	765	  1	
 19	463	765	  1	
 21	464	765	  1	
 21	498	765	  1	
 23	187	765	  1	
 23	280	765	  1	
 24	168	765	  1	
 24	264	765	  1	
 31	249	765	  1	
 31	271	765	  1	
 32	248	765	  1	
 32	402	765	  1	
 36	272	765	  1	
 37	599	765	  1	
 40	269	765	  1	
 41	240	765	  1	
 43	279	765	  1	
 43	344	765	  1	
 44	264	765	  1	
 45	240	765	  1	
 46	387	765	  1	
 47	272	765	  1	
 47	335	765	  1	
 47	568	765	  1	
 48	191	765	  1	
 48	260	765	  1	
 48	287	765	  1	
 49	245	765	  1	
 49	256	765	  1	
 50	207	765	  1	
 53	207	765	  1	
 53	283	765	  1	
 55	416	765	  1	
 55	477	765	  1	
 56	106	765	  1	
 56	263	765	  1	
 56	527	765	  1	
 57	276	765	  1	
 63	103	765	  1	
 63	263	765	  1	
 64	200	765	  1	
 64	207	765	  1	
 64	232	765	  1	
 64	292	765	  1	
 67	246	765	  1	
 69	375	765	  1	
 71	106	765	  1	
 72	125	765	  1	
 72	263	765	  1	
 79	352	765	  1	
 79	359	765	  1	
 80	336	765	  1	
 80	382	765	  1	
 81	424	765	  1	
 82	144	765	  1	
 82	286	765	  1	
 83	312	765	  1	
 83	343	765	  1	
 86	163	765	  1	
 87	 88	765	  1	
 87	146	765	  1	
 87	218	765	  1	
 87	272	765	  1	
 87	336	765	  1	
 88	133	765	  1	
 88	253	765	  1	
 88	568	765	  1	
 92	191	765	  1	
 94	107	765	  1	
 95	237	765	  1	
 96	352	765	  1	
 96	359	765	  1	
 96	423	765	  1	
101	175	765	  1	
103	355	765	  1	
103	551	765	  1	
104	 40	765	  1	
104	146	765	  1	
104	440	765	  1	
107	381	765	  1	
111	391	765	  1	
111	439	765	  1	
112	192	765	  1	
112	275	765	  1	
112	347	765	  1	
112	440	765	  1	
113	176	765	  1	
113	449	765	  1	
115	406	765	  1	
118	368	765	  1	
119	232	765	  1	
119	376	765	  1	
119	441	765	  1	
120	128	765	  1	
120	207	765	  1	
121	503	765	  1	
122	  0	765	  1	
123	200	765	  1	
125	464	765	  1	
127	207	765	  1	
127	373	765	  1	
128	112	765	  1	
128	178	765	  1	
128	408	765	  1	
128	415	765	  1	
131	118	765	  1	
131	152	765	  1	
131	270	765	  1	
133	 48	765	  1	
133	244	765	  1	
135	411	765	  1	
135	440	765	  1	
136	125	765	  1	
136	144	765	  1	
136	149	765	  1	
136	160	765	  1	
136	177	765	  1	
136	375	765	  1	
136	439	765	  1	
137	366	765	  1	
137	447	765	  1	
139	  7	765	  1	
139	102	765	  1	
140	434	765	  1	
141	216	765	  1	
141	439	765	  1	
142	140	765	  1	
142	145	765	  1	
142	255	765	  1	
143	 96	765	  1	
143	151	765	  1	
144	  5	765	  1	
144	 70	765	  1	
144	 94	765	  1	
144	101	765	  1	
144	109	765	  1	
144	115	765	  1	
144	208	765	  1	
144	214	765	  1	
144	259	765	  1	
145	320	765	  1	
147	126	765	  1	
147	190	765	  1	
147	216	765	  1	
147	223	765	  1	
147	264	765	  1	
147	471	765	  1	
147	559	765	  1	
148	 96	765	  1	
149	211	765	  1	
150	109	765	  1	
150	120	765	  1	
151	 94	765	  1	
151	256	765	  1	
151	263	765	  1	
151	360	765	  1	
152	104	765	  1	
152	111	765	  1	
152	197	765	  1	
152	200	765	  1	
154	114	765	  1	
154	159	765	  1	
155	 96	765	  1	
155	119	765	  1	
155	540	765	  1	
156	152	765	  1	
156	365	765	  1	
158	 44	765	  1	
158	258	765	  1	
159	157	765	  1	
159	443	765	  1	
160	 72	765	  1	
160	 79	765	  1	
160	226	765	  1	
160	271	765	  1	
164	 53	765	  1	
164	518	765	  1	
165	216	765	  1	
165	267	765	  1	
165	320	765	  1	
165	376	765	  1	
165	383	765	  1	
166	544	765	  1	
167	 47	765	  1	
167	 80	765	  1	
167	231	765	  1	
167	314	765	  1	
168	 74	765	  1	
168	125	765	  1	
168	208	765	  1	
168	275	765	  1	
168	296	765	  1	
170	301	765	  1	
171	256	765	  1	
171	263	765	  1	
171	543	765	  1	
172	 83	765	  1	
172	248	765	  1	
173	 72	765	  1	
173	 79	765	  1	
173	120	765	  1	
174	241	765	  1	
174	276	765	  1	
174	296	765	  1	
175	 54	765	  1	
175	208	765	  1	
175	267	765	  1	
176	 63	765	  1	
176	109	765	  1	
176	195	765	  1	
176	232	765	  1	
176	435	765	  1	
176	599	765	  1	
179	 80	765	  1	
179	167	765	  1	
179	307	765	  1	
179	376	765	  1	
181	243	765	  1	
181	294	765	  1	
183	120	765	  1	
183	432	765	  1	
183	439	765	  1	
184	 24	765	  1	
184	 88	765	  1	
184	168	765	  1	
184	224	765	  1	
184	228	765	  1	
184	256	765	  1	
184	289	765	  1	
184	368	765	  1	
185	583	765	  1	
186	151	765	  1	
187	 56	765	  1	
189	139	765	  1	
189	270	765	  1	
190	295	765	  1	
191	 74	765	  1	
191	168	765	  1	
192	 16	765	  1	
192	 23	765	  1	
192	 68	765	  1	
192	 96	765	  1	
192	160	765	  1	
192	167	765	  1	
192	184	765	  1	
192	233	765	  1	
192	238	765	  1	
192	301	765	  1	
192	373	765	  1	
195	  0	765	  1	
195	112	765	  1	
195	279	765	  1	
196	 96	765	  1	
196	319	765	  1	
198	 58	765	  1	
198	 63	765	  1	
198	 71	765	  1	
199	 19	765	  1	
199	163	765	  1	
199	219	765	  1	
199	301	765	  1	
200	 72	765	  1	
200	 99	765	  1	
200	106	765	  1	
200	269	765	  1	
203	 56	765	  1	
203	128	765	  1	
204	150	765	  1	
205	104	765	  1	
205	111	765	  1	
205	232	765	  1	
205	239	765	  1	
205	469	765	  1	
205	565	765	  1	
207	 63	765	  1	
208	 43	765	  1	
208	 56	765	  1	
208	 79	765	  1	
208	117	765	  1	
208	140	765	  1	
208	151	765	  1	
208	181	765	  1	
208	278	765	  1	
208	288	765	  1	
208	295	765	  1	
208	456	765	  1	
208	510	765	  1	
210	  5	765	  1	
210	112	765	  1	
210	232	765	  1	
210	343	765	  1	
211	  8	765	  1	
211	128	765	  1	
211	135	765	  1	
213	 86	765	  1	
214	157	765	  1	
214	464	765	  1	
215	 40	765	  1	
215	 47	765	  1	
215	 80	765	  1	
215	236	765	  1	
215	456	765	  1	
215	520	765	  1	
215	568	765	  1	
216	 48	765	  1	
216	 56	765	  1	
216	 92	765	  1	
216	103	765	  1	
216	109	765	  1	
216	152	765	  1	
216	192	765	  1	
216	245	765	  1	
216	250	765	  1	
216	264	765	  1	
216	283	765	  1	
216	294	765	  1	
216	476	765	  1	
216	544	765	  1	
217	 85	765	  1	
217	128	765	  1	
219	271	765	  1	
220	 62	765	  1	
222	331	765	  1	
222	338	765	  1	
222	461	765	  1	
222	519	765	  1	
222	524	765	  1	
223	  3	765	  1	
223	 16	765	  1	
223	245	765	  1	
223	264	765	  1	
223	471	765	  1	
223	483	765	  1	
223	547	765	  1	
224	 61	765	  1	
224	 71	765	  1	
224	 79	765	  1	
224	105	765	  1	
224	120	765	  1	
224	128	765	  1	
224	140	765	  1	
224	194	765	  1	
224	207	765	  1	
224	230	765	  1	
224	235	765	  1	
224	256	765	  1	
224	270	765	  1	
224	282	765	  1	
224	368	765	  1	
224	436	765	  1	
224	472	765	  1	
224	526	765	  1	
226	177	765	  1	
226	192	765	  1	
226	224	765	  1	
226	250	765	  1	
226	262	765	  1	
227	 72	765	  1	
227	128	765	  1	
227	133	765	  1	
227	255	765	  1	
227	375	765	  1	
227	589	765	  1	
228	231	765	  1	
229	  0	765	  1	
229	 80	765	  1	
229	 99	765	  1	
229	168	765	  1	
229	184	765	  1	
229	197	765	  1	
230	256	765	  1	
231	 67	765	  1	
231	136	765	  1	
231	180	765	  1	
231	368	765	  1	
231	598	765	  1	
232	 61	765	  1	
232	152	765	  1	
232	160	765	  1	
232	182	765	  1	
232	208	765	  1	
232	226	765	  1	
232	240	765	  1	
232	291	765	  1	
232	400	765	  1	
232	406	765	  1	
232	451	765	  1	
232	459	765	  1	
232	507	765	  1	
233	175	765	  1	
235	120	765	  1	
236	  8	765	  1	
236	168	765	  1	
236	478	765	  1	
237	 16	765	  1	
237	200	765	  1	
238	204	765	  1	
238	456	765	  1	
239	240	765	  1	
239	448	765	  1	
239	566	765	  1	
240	  4	765	  1	
240	 32	765	  1	
240	 88	765	  1	
240	117	765	  1	
240	130	765	  1	
240	134	765	  1	
240	162	765	  1	
240	345	765	  1	
240	450	765	  1	
240	464	765	  1	
240	483	765	  1	
240	523	765	  1	
241	 24	765	  1	
241	 74	765	  1	
241	 79	765	  1	
241	144	765	  1	
243	104	765	  1	
243	471	765	  1	
244	427	765	  1	
245	 94	765	  1	
245	112	765	  1	
245	136	765	  1	
245	144	765	  1	
245	527	765	  1	
247	168	765	  1	
247	464	765	  1	
247	480	765	  1	
247	487	765	  1	
248	 34	765	  1	
248	 69	765	  1	
248	163	765	  1	
248	211	765	  1	
248	256	765	  1	
248	390	765	  1	
248	448	765	  1	
248	488	765	  1	
248	599	765	  1	
249	329	765	  1	
250	264	765	  1	
251	224	765	  1	
251	409	765	  1	
251	495	765	  1	
252	368	765	  1	
253	118	765	  1	
253	200	765	  1	
253	234	765	  1	
253	262	765	  1	
253	291	765	  1	
253	426	765	  1	
254	 15	765	  1	
254	 56	765	  1	
254	 63	765	  1	
254	214	765	  1	
254	452	765	  1	
254	599	765	  1	
255	329	765	  1	
255	351	765	  1	
255	488	765	  1	
255	528	765	  1	
256	 12	765	  1	
256	 40	765	  1	
256	115	765	  1	
256	122	765	  1	
256	167	765	  1	
256	191	765	  1	
256	221	765	  1	
256	224	765	  1	
256	312	765	  1	
256	320	765	  1	
256	331	765	  1	
256	404	765	  1	
256	409	765	  1	
256	444	765	  1	
256	482	765	  1	
256	512	765	  1	
256	519	765	  1	
258	 63	765	  1	
258	380	765	  1	
259	 80	765	  1	
259	175	765	  1	
259	178	765	  1	
259	186	765	  1	
259	207	765	  1	
259	255	765	  1	
259	288	765	  1	
260	104	765	  1	
261	 32	765	  1	
261	 39	765	  1	
261	230	765	  1	
261	264	765	  1	
261	271	765	  1	
261	447	765	  1	
261	480	765	  1	
261	487	765	  1	
262	 56	765	  1	
262	208	765	  1	
262	215	765	  1	
262	248	765	  1	
263	176	765	  1	
263	324	765	  1	
263	328	765	  1	
263	335	765	  1	
263	442	765	  1	
263	515	765	  1	
264	  8	765	  1	
264	 26	765	  1	
264	 80	765	  1	
264	120	765	  1	
264	130	765	  1	
264	136	765	  1	
264	191	765	  1	
264	274	765	  1	
264	291	765	  1	
264	440	765	  1	
264	483	765	  1	
264	512	765	  1	
264	528	765	  1	
264	541	765	  1	
265	224	765	  1	
266	 77	765	  1	
267	 30	765	  1	
267	 88	765	  1	
267	110	765	  1	
267	536	765	  1	
268	480	765	  1	
268	487	765	  1	
269	 11	765	  1	
269	128	765	  1	
269	279	765	  1	
270	 52	765	  1	
270	104	765	  1	
270	117	765	  1	
270	256	765	  1	
270	531	765	  1	
271	 26	765	  1	
271	175	765	  1	
271	216	765	  1	
271	223	765	  1	
271	336	765	  1	
271	368	765	  1	
271	375	765	  1	
271	403	765	  1	
271	414	765	  1	
272	  0	765	  1	
272	  5	765	  1	
272	144	765	  1	
272	231	765	  1	
272	245	765	  1	
272	283	765	  1	
272	384	765	  1	
272	391	765	  1	
272	424	765	  1	
272	431	765	  1	
272	439	765	  1	
272	463	765	  1	
272	472	765	  1	
272	495	765	  1	
272	544	765	  1	
274	181	765	  1	
274	240	765	  1	
275	224	765	  1	
275	312	765	  1	
275	432	765	  1	
275	456	765	  1	
275	488	765	  1	
277	 72	765	  1	
277	 88	765	  1	
277	168	765	  1	
277	223	765	  1	
278	262	765	  1	
278	293	765	  1	
278	401	765	  1	
279	231	765	  1	
279	387	765	  1	
279	427	765	  1	
279	439	765	  1	
279	463	765	  1	
279	495	765	  1	
279	576	765	  1	
280	 52	765	  1	
280	 69	765	  1	
280	 98	765	  1	
280	123	765	  1	
280	128	765	  1	
280	139	765	  1	
280	163	765	  1	
280	189	765	  1	
280	240	765	  1	
280	319	765	  1	
280	502	765	  1	
280	528	765	  1	
280	562	765	  1	
281	247	765	  1	
282	208	765	  1	
282	520	765	  1	
283	  0	765	  1	
283	136	765	  1	
283	304	765	  1	
284	242	765	  1	
285	 55	765	  1	
285	 96	765	  1	
285	103	765	  1	
285	172	765	  1	
285	198	765	  1	
285	536	765	  1	
285	543	765	  1	
285	560	765	  1	
286	 64	765	  1	
286	181	765	  1	
286	422	765	  1	
286	500	765	  1	
287	247	765	  1	
287	319	765	  1	
287	504	765	  1	
288	  2	765	  1	
288	 56	765	  1	
288	 63	765	  1	
288	 72	765	  1	
288	 79	765	  1	
288	 98	765	  1	
288	105	765	  1	
288	135	765	  1	
288	216	765	  1	
288	223	765	  1	
288	253	765	  1	
288	284	765	  1	
288	327	765	  1	
288	360	765	  1	
288	367	765	  1	
288	394	765	  1	
288	456	765	  1	
288	512	765	  1	
288	518	765	  1	
288	544	765	  1	
288	563	765	  1	
289	181	765	  1	
290	202	765	  1	
290	224	765	  1	
291	  0	765	  1	
291	 39	765	  1	
291	 75	765	  1	
291	207	765	  1	
291	232	765	  1	
293	129	765	  1	
293	167	765	  1	
294	 96	765	  1	
294	101	765	  1	
294	384	765	  1	
294	496	765	  1	
295	  3	765	  1	
295	 59	765	  1	
295	 72	765	  1	
295	 79	765	  1	
295	135	765	  1	
295	182	765	  1	
295	191	765	  1	
295	216	765	  1	
295	223	765	  1	
295	243	765	  1	
295	423	765	  1	
295	560	765	  1	
295	567	765	  1	
295	599	765	  1	
296	 16	765	  1	
296	 23	765	  1	
296	 80	765	  1	
296	139	765	  1	
296	170	765	  1	
296	302	765	  1	
296	308	765	  1	
296	311	765	  1	
296	559	765	  1	
296	584	765	  1	
298	158	765	  1	
298	535	765	  1	
299	176	765	  1	
299	181	765	  1	
299	246	765	  1	
299	429	765	  1	
299	591	765	  1	
300	360	765	  1	
301	 40	765	  1	
301	 47	765	  1	
303	376	765	  1	
303	584	765	  1	
304	  0	765	  1	
304	 32	765	  1	
304	 38	765	  1	
304	102	765	  1	
304	120	765	  1	
304	126	765	  1	
304	133	765	  1	
304	167	765	  1	
304	336	765	  1	
304	342	765	  1	
306	192	765	  1	
307	307	765	  1	
307	373	765	  1	
307	471	765	  1	
308	216	765	  1	
308	256	765	  1	
309	 19	765	  1	
309	 35	765	  1	
309	171	765	  1	
309	199	765	  1	
309	223	765	  1	
309	291	765	  1	
310	  2	765	  1	
310	224	765	  1	
310	368	765	  1	
310	419	765	  1	
310	434	765	  1	
311	162	765	  1	
311	248	765	  1	
312	 55	765	  1	
312	 78	765	  1	
312	112	765	  1	
312	118	765	  1	
312	122	765	  1	
312	156	765	  1	
312	182	765	  1	
312	188	765	  1	
312	192	765	  1	
312	200	765	  1	
312	275	765	  1	
312	307	765	  1	
312	353	765	  1	
312	384	765	  1	
312	405	765	  1	
312	472	765	  1	
314	128	765	  1	
315	 48	765	  1	
315	142	765	  1	
315	264	765	  1	
315	327	765	  1	
315	360	765	  1	
315	400	765	  1	
316	167	765	  1	
316	176	765	  1	
316	184	765	  1	
317	115	765	  1	
317	120	765	  1	
317	144	765	  1	
318	 15	765	  1	
318	 76	765	  1	
318	134	765	  1	
318	191	765	  1	
319	 55	765	  1	
319	162	765	  1	
319	256	765	  1	
319	272	765	  1	
319	279	765	  1	
319	312	765	  1	
320	104	765	  1	
320	171	765	  1	
320	176	765	  1	
320	223	765	  1	
320	232	765	  1	
320	242	765	  1	
320	264	765	  1	
320	285	765	  1	
320	293	765	  1	
320	357	765	  1	
320	416	765	  1	
320	570	765	  1	
322	352	765	  1	
323	 47	765	  1	
323	216	765	  1	
324	344	765	  1	
325	  0	765	  1	
325	199	765	  1	
325	224	765	  1	
325	320	765	  1	
326	358	765	  1	
326	418	765	  1	
326	560	765	  1	
327	168	765	  1	
328	 69	765	  1	
328	 81	765	  1	
328	 95	765	  1	
328	128	765	  1	
328	141	765	  1	
328	159	765	  1	
328	165	765	  1	
328	208	765	  1	
328	272	765	  1	
328	301	765	  1	
328	311	765	  1	
328	315	765	  1	
328	336	765	  1	
328	371	765	  1	
328	400	765	  1	
329	117	765	  1	
330	160	765	  1	
330	182	765	  1	
331	  0	765	  1	
331	 80	765	  1	
331	 91	765	  1	
331	245	765	  1	
331	327	765	  1	
332	 85	765	  1	
332	166	765	  1	
333	134	765	  1	
333	195	765	  1	
333	280	765	  1	
333	352	765	  1	
334	176	765	  1	
334	407	765	  1	
335	152	765	  1	
335	160	765	  1	
335	223	765	  1	
335	319	765	  1	
335	544	765	  1	
336	 48	765	  1	
336	 55	765	  1	
336	 71	765	  1	
336	 83	765	  1	
336	 90	765	  1	
336	 99	765	  1	
336	143	765	  1	
336	155	765	  1	
336	235	765	  1	
336	240	765	  1	
336	256	765	  1	
336	288	765	  1	
336	338	765	  1	
336	343	765	  1	
336	384	765	  1	
336	443	765	  1	
338	223	765	  1	
339	392	765	  1	
339	400	765	  1	
341	 19	765	  1	
341	 95	765	  1	
341	213	765	  1	
342	 31	765	  1	
342	264	765	  1	
343	104	765	  1	
343	115	765	  1	
343	384	765	  1	
344	  0	765	  1	
344	 51	765	  1	
344	 68	765	  1	
344	 74	765	  1	
344	109	765	  1	
344	136	765	  1	
344	192	765	  1	
344	333	765	  1	
344	368	765	  1	
344	458	765	  1	
345	171	765	  1	
345	242	765	  1	
346	 62	765	  1	
346	128	765	  1	
346	328	765	  1	
346	528	765	  1	
347	  7	765	  1	
347	 28	765	  1	
347	272	765	  1	
347	392	765	  1	
349	 48	765	  1	
349	 56	765	  1	
349	 80	765	  1	
349	 87	765	  1	
349	376	765	  1	
350	334	765	  1	
351	  0	765	  1	
351	  8	765	  1	
351	 30	765	  1	
351	 68	765	  1	
352	  7	765	  1	
352	 37	765	  1	
352	 88	765	  1	
352	 95	765	  1	
352	112	765	  1	
352	119	765	  1	
352	139	765	  1	
352	160	765	  1	
352	175	765	  1	
352	240	765	  1	
352	258	765	  1	
352	266	765	  1	
352	279	765	  1	
352	407	765	  1	
354	 32	765	  1	
354	126	765	  1	
354	256	765	  1	
354	262	765	  1	
354	399	765	  1	
355	 55	765	  1	
355	279	765	  1	
356	  2	765	  1	
356	463	765	  1	
357	182	765	  1	
357	220	765	  1	
357	248	765	  1	
358	 13	765	  1	
358	 38	765	  1	
358	 69	765	  1	
358	120	765	  1	
358	244	765	  1	
358	271	765	  1	
358	431	765	  1	
358	487	765	  1	
359	115	765	  1	
359	394	765	  1	
359	511	765	  1	
360	 24	765	  1	
360	 47	765	  1	
360	 59	765	  1	
360	155	765	  1	
360	176	765	  1	
360	192	765	  1	
360	213	765	  1	
360	280	765	  1	
360	293	765	  1	
360	297	765	  1	
360	363	765	  1	
360	442	765	  1	
360	592	765	  1	
360	598	765	  1	
362	158	765	  1	
362	288	765	  1	
362	360	765	  1	
363	 94	765	  1	
363	216	765	  1	
365	  8	765	  1	
365	168	765	  1	
366	159	765	  1	
366	202	765	  1	
366	294	765	  1	
366	350	765	  1	
367	223	765	  1	
367	280	765	  1	
367	363	765	  1	
368	  6	765	  1	
368	 50	765	  1	
368	 80	765	  1	
368	 84	765	  1	
368	113	765	  1	
368	118	765	  1	
368	126	765	  1	
368	241	765	  1	
368	248	765	  1	
368	258	765	  1	
368	512	765	  1	
368	575	765	  1	
369	  0	765	  1	
371	599	765	  1	
372	 24	765	  1	
372	 31	765	  1	
372	 75	765	  1	
373	  0	765	  1	
373	 40	765	  1	
373	328	765	  1	
373	360	765	  1	
374	151	765	  1	
374	243	765	  1	
374	352	765	  1	
375	 82	765	  1	
375	126	765	  1	
375	139	765	  1	
375	344	765	  1	
376	  7	765	  1	
376	 10	765	  1	
376	 15	765	  1	
376	135	765	  1	
376	142	765	  1	
376	176	765	  1	
376	205	765	  1	
376	223	765	  1	
376	235	765	  1	
376	271	765	  1	
376	282	765	  1	
376	287	765	  1	
376	294	765	  1	
376	399	765	  1	
376	403	765	  1	
376	440	765	  1	
376	520	765	  1	
378	  0	765	  1	
379	 37	765	  1	
379	 72	765	  1	
379	160	765	  1	
379	216	765	  1	
379	248	765	  1	
379	264	765	  1	
379	370	765	  1	
380	280	765	  1	
380	371	765	  1	
381	136	765	  1	
382	 31	765	  1	
382	232	765	  1	
382	239	765	  1	
383	  7	765	  1	
383	176	765	  1	
383	223	765	  1	
383	262	765	  1	
383	271	765	  1	
384	 48	765	  1	
384	147	765	  1	
384	184	765	  1	
384	191	765	  1	
384	245	765	  1	
384	296	765	  1	
384	320	765	  1	
384	327	765	  1	
384	502	765	  1	
384	591	765	  1	
387	128	765	  1	
387	239	765	  1	
388	408	765	  1	
389	 13	765	  1	
390	 27	765	  1	
390	224	765	  1	
390	351	765	  1	
390	377	765	  1	
391	  0	765	  1	
391	150	765	  1	
391	168	765	  1	
391	187	765	  1	
391	232	765	  1	
391	382	765	  1	
392	 92	765	  1	
392	 99	765	  1	
392	136	765	  1	
392	234	765	  1	
392	279	765	  1	
392	314	765	  1	
392	320	765	  1	
392	448	765	  1	
393	 64	765	  1	
393	175	765	  1	
393	259	765	  1	
393	280	765	  1	
394	 85	765	  1	
394	 96	765	  1	
394	327	765	  1	
394	425	765	  1	
395	 91	765	  1	
395	144	765	  1	
395	304	765	  1	
396	227	765	  1	
396	240	765	  1	
397	286	765	  1	
398	207	765	  1	
398	275	765	  1	
398	324	765	  1	
399	103	765	  1	
399	150	765	  1	
399	343	765	  1	
400	 29	765	  1	
400	 38	765	  1	
400	 58	765	  1	
400	 72	765	  1	
400	 82	765	  1	
400	109	765	  1	
400	131	765	  1	
400	152	765	  1	
400	190	765	  1	
400	216	765	  1	
400	336	765	  1	
402	 88	765	  1	
402	158	765	  1	
402	181	765	  1	
402	360	765	  1	
403	192	765	  1	
403	199	765	  1	
403	223	765	  1	
403	270	765	  1	
404	 24	765	  1	
405	  0	765	  1	
405	 35	765	  1	
405	 56	765	  1	
405	 63	765	  1	
405	227	765	  1	
406	152	765	  1	
406	171	765	  1	
406	543	765	  1	
407	207	765	  1	
407	216	765	  1	
407	339	765	  1	
407	472	765	  1	
408	 39	765	  1	
408	 64	765	  1	
408	 71	765	  1	
408	115	765	  1	
408	179	765	  1	
408	238	765	  1	
408	331	765	  1	
410	 32	765	  1	
410	427	765	  1	
411	376	765	  1	
413	102	765	  1	
413	111	765	  1	
413	120	765	  1	
413	158	765	  1	
413	200	765	  1	
413	205	765	  1	
413	328	765	  1	
414	236	765	  1	
415	 67	765	  1	
415	 96	765	  1	
416	  1	765	  1	
416	  8	765	  1	
416	 15	765	  1	
416	 46	765	  1	
416	 52	765	  1	
416	 76	765	  1	
416	144	765	  1	
416	151	765	  1	
416	185	765	  1	
416	451	765	  1	
417	 72	765	  1	
418	 86	765	  1	
418	134	765	  1	
419	 55	765	  1	
419	104	765	  1	
419	178	765	  1	
419	216	765	  1	
419	223	765	  1	
421	 80	765	  1	
422	 44	765	  1	
422	 76	765	  1	
422	196	765	  1	
422	295	765	  1	
423	111	765	  1	
423	189	765	  1	
423	232	765	  1	
423	239	765	  1	
423	247	765	  1	
424	  7	765	  1	
424	 12	765	  1	
424	 22	765	  1	
424	164	765	  1	
424	205	765	  1	
424	216	765	  1	
424	311	765	  1	
424	342	765	  1	
424	367	765	  1	
424	439	765	  1	
424	463	765	  1	
424	499	765	  1	
424	552	765	  1	
426	  3	765	  1	
426	199	765	  1	
427	 34	765	  1	
427	 48	765	  1	
427	167	765	  1	
427	432	765	  1	
427	456	765	  1	
429	 16	765	  1	
429	 86	765	  1	
429	112	765	  1	
429	126	765	  1	
430	206	765	  1	
431	 30	765	  1	
431	 39	765	  1	
431	183	765	  1	
431	311	765	  1	
431	439	765	  1	
431	463	765	  1	
432	 51	765	  1	
432	 64	765	  1	
432	128	765	  1	
432	395	765	  1	
433	215	765	  1	
434	  0	765	  1	
434	165	765	  1	
435	104	765	  1	
435	164	765	  1	
436	 12	765	  1	
436	254	765	  1	
437	 72	765	  1	
438	176	765	  1	
438	248	765	  1	
439	152	765	  1	
439	172	765	  1	
439	221	765	  1	
439	310	765	  1	
440	 21	765	  1	
440	 95	765	  1	
440	126	765	  1	
440	136	765	  1	
440	222	765	  1	
440	264	765	  1	
440	368	765	  1	
442	 46	765	  1	
443	128	765	  1	
443	398	765	  1	
444	374	765	  1	
445	200	765	  1	
445	205	765	  1	
445	232	765	  1	
447	 95	765	  1	
447	165	765	  1	
447	271	765	  1	
448	 32	765	  1	
448	 57	765	  1	
448	 67	765	  1	
448	114	765	  1	
448	129	765	  1	
448	192	765	  1	
448	217	765	  1	
448	229	765	  1	
448	350	765	  1	
448	370	765	  1	
448	416	765	  1	
448	448	765	  1	
450	344	765	  1	
451	470	765	  1	
453	 96	765	  1	
453	132	765	  1	
453	198	765	  1	
453	224	765	  1	
454	 46	765	  1	
455	144	765	  1	
455	416	765	  1	
455	455	765	  1	
456	 24	765	  1	
456	 79	765	  1	
456	117	765	  1	
456	138	765	  1	
456	143	765	  1	
456	180	765	  1	
456	203	765	  1	
456	213	765	  1	
456	259	765	  1	
456	367	765	  1	
456	415	765	  1	
456	464	765	  1	
457	360	765	  1	
458	101	765	  1	
458	208	765	  1	
458	271	765	  1	
459	 72	765	  1	
461	243	765	  1	
461	410	765	  1	
462	 28	765	  1	
462	 40	765	  1	
462	 47	765	  1	
462	176	765	  1	
462	189	765	  1	
462	214	765	  1	
462	330	765	  1	
463	 32	765	  1	
463	 79	765	  1	
463	117	765	  1	
463	224	765	  1	
463	367	765	  1	
464	 19	765	  1	
464	 48	765	  1	
464	 55	765	  1	
464	144	765	  1	
464	152	765	  1	
464	487	765	  1	
464	552	765	  1	
465	  0	765	  1	
466	173	765	  1	
467	 14	765	  1	
467	 38	765	  1	
467	168	765	  1	
467	198	765	  1	
467	312	765	  1	
467	496	765	  1	
469	244	765	  1	
470	 32	765	  1	
470	 72	765	  1	
470	288	765	  1	
471	  5	765	  1	
471	112	765	  1	
472	 84	765	  1	
472	103	765	  1	
472	120	765	  1	
472	133	765	  1	
472	148	765	  1	
472	155	765	  1	
472	180	765	  1	
472	184	765	  1	
472	200	765	  1	
472	204	765	  1	
472	208	765	  1	
472	277	765	  1	
472	344	765	  1	
472	353	765	  1	
474	272	765	  1	
475	 64	765	  1	
475	 77	765	  1	
475	212	765	  1	
475	328	765	  1	
475	392	765	  1	
477	 48	765	  1	
477	128	765	  1	
477	198	765	  1	
477	230	765	  1	
477	320	765	  1	
477	336	765	  1	
478	205	765	  1	
478	219	765	  1	
478	278	765	  1	
479	187	765	  1	
479	551	765	  1	
480	  1	765	  1	
480	106	765	  1	
480	119	765	  1	
480	208	765	  1	
480	240	765	  1	
480	256	765	  1	
480	283	765	  1	
480	288	765	  1	
480	304	765	  1	
480	439	765	  1	
480	455	765	  1	
481	260	765	  1	
482	360	765	  1	
483	 48	765	  1	
483	224	765	  1	
483	295	765	  1	
483	392	765	  1	
484	351	765	  1	
485	144	765	  1	
485	151	765	  1	
485	208	765	  1	
486	 54	765	  1	
486	110	765	  1	
486	256	765	  1	
486	367	765	  1	
487	216	765	  1	
487	288	765	  1	
487	344	765	  1	
488	 71	765	  1	
488	 74	765	  1	
488	 79	765	  1	
488	 91	765	  1	
488	129	765	  1	
488	152	765	  1	
488	175	765	  1	
488	195	765	  1	
488	266	765	  1	
488	384	765	  1	
489	120	765	  1	
490	 63	765	  1	
490	391	765	  1	
491	  1	765	  1	
491	397	765	  1	
492	  7	765	  1	
492	170	765	  1	
492	199	765	  1	
493	112	765	  1	
493	158	765	  1	
493	214	765	  1	
493	264	765	  1	
493	271	765	  1	
494	175	765	  1	
495	 71	765	  1	
495	384	765	  1	
496	 89	765	  1	
496	 98	765	  1	
496	105	765	  1	
496	125	765	  1	
496	200	765	  1	
496	227	765	  1	
496	285	765	  1	
496	325	765	  1	
496	359	765	  1	
496	391	765	  1	
498	206	765	  1	
498	280	765	  1	
498	399	765	  1	
499	136	765	  1	
499	160	765	  1	
499	352	765	  1	
501	 99	765	  1	
501	184	765	  1	
501	191	765	  1	
501	400	765	  1	
502	 79	765	  1	
502	104	765	  1	
502	200	765	  1	
502	286	765	  1	
502	311	765	  1	
502	387	765	  1	
503	 62	765	  1	
503	152	765	  1	
503	166	765	  1	
503	359	765	  1	
503	394	765	  1	
504	 73	765	  1	
504	106	765	  1	
504	112	765	  1	
504	116	765	  1	
504	141	765	  1	
504	176	765	  1	
504	182	765	  1	
504	192	765	  1	
504	210	765	  1	
504	215	765	  1	
504	237	765	  1	
504	244	765	  1	
504	325	765	  1	
504	519	765	  1	
505	 27	765	  1	
506	136	765	  1	
506	198	765	  1	
507	512	765	  1	
508	160	765	  1	
509	104	765	  1	
510	142	765	  1	
510	192	765	  1	
511	 31	765	  1	
511	166	765	  1	
511	169	765	  1	
511	519	765	  1	
512	 70	765	  1	
512	 78	765	  1	
512	 88	765	  1	
512	157	765	  1	
512	198	765	  1	
512	208	765	  1	
512	227	765	  1	
512	256	765	  1	
512	273	765	  1	
512	296	765	  1	
512	328	765	  1	
513	187	765	  1	
514	152	765	  1	
515	 91	765	  1	
515	136	765	  1	
515	160	765	  1	
515	240	765	  1	
516	256	765	  1	
517	 79	765	  1	
517	120	765	  1	
517	176	765	  1	
517	328	765	  1	
519	 71	765	  1	
519	 74	765	  1	
519	399	765	  1	
520	  0	765	  1	
520	100	765	  1	
520	112	765	  1	
520	133	765	  1	
520	202	765	  1	
520	218	765	  1	
520	261	765	  1	
520	280	765	  1	
520	296	765	  1	
520	325	765	  1	
520	335	765	  1	
520	344	765	  1	
522	192	765	  1	
522	256	765	  1	
522	286	765	  1	
523	 55	765	  1	
523	 91	765	  1	
523	152	765	  1	
523	184	765	  1	
523	213	765	  1	
524	  5	765	  1	
524	 94	765	  1	
525	264	765	  1	
525	302	765	  1	
525	320	765	  1	
526	104	765	  1	
526	280	765	  1	
527	114	765	  1	
527	176	765	  1	
527	216	765	  1	
527	223	765	  1	
527	555	765	  1	
528	 72	765	  1	
528	 90	765	  1	
528	139	765	  1	
528	146	765	  1	
528	151	765	  1	
528	158	765	  1	
528	171	765	  1	
528	208	765	  1	
528	218	765	  1	
528	228	765	  1	
528	232	765	  1	
528	252	765	  1	
528	284	765	  1	
528	358	765	  1	
529	154	765	  1	
530	120	765	  1	
531	 98	765	  1	
531	168	765	  1	
531	239	765	  1	
531	272	765	  1	
531	294	765	  1	
531	352	765	  1	
532	179	765	  1	
533	111	765	  1	
533	256	765	  1	
533	263	765	  1	
534	216	765	  1	
534	439	765	  1	
535	114	765	  1	
535	148	765	  1	
535	232	765	  1	
536	 59	765	  1	
536	 85	765	  1	
536	128	765	  1	
536	189	765	  1	
536	230	765	  1	
536	242	765	  1	
536	246	765	  1	
536	280	765	  1	
536	287	765	  1	
536	304	765	  1	
536	328	765	  1	
536	335	765	  1	
536	356	765	  1	
536	360	765	  1	
538	254	765	  1	
539	160	765	  1	
539	295	765	  1	
539	367	765	  1	
540	111	765	  1	
540	191	765	  1	
541	134	765	  1	
542	248	765	  1	
542	375	765	  1	
543	 56	765	  1	
543	 63	765	  1	
543	184	765	  1	
543	283	765	  1	
543	288	765	  1	
543	331	765	  1	
543	360	765	  1	
543	480	765	  1	
544	101	765	  1	
544	112	765	  1	
544	177	765	  1	
544	208	765	  1	
544	247	765	  1	
544	266	765	  1	
544	277	765	  1	
544	289	765	  1	
544	303	765	  1	
544	309	765	  1	
545	183	765	  1	
546	234	765	  1	
546	295	765	  1	
547	  9	765	  1	
547	124	765	  1	
547	147	765	  1	
547	160	765	  1	
547	326	765	  1	
548	170	765	  1	
549	 96	765	  1	
549	152	765	  1	
549	272	765	  1	
550	290	765	  1	
550	320	765	  1	
551	208	765	  1	
551	303	765	  1	
552	133	765	  1	
552	280	765	  1	
552	304	765	  1	
552	354	765	  1	
552	359	765	  1	
552	412	765	  1	
552	512	765	  1	
555	104	765	  1	
555	406	765	  1	
557	294	765	  1	
558	245	765	  1	
558	415	765	  1	
559	112	765	  1	
559	264	765	  1	
559	512	765	  1	
560	  3	765	  1	
560	 31	765	  1	
560	136	765	  1	
560	173	765	  1	
560	176	765	  1	
560	192	765	  1	
560	208	765	  1	
560	224	765	  1	
560	231	765	  1	
560	296	765	  1	
560	394	765	  1	
560	399	765	  1	
560	408	765	  1	
560	424	765	  1	
562	168	765	  1	
562	181	765	  1	
562	384	765	  1	
563	214	765	  1	
564	331	765	  1	
565	152	765	  1	
566	284	765	  1	
567	 61	765	  1	
567	176	765	  1	
568	141	765	  1	
568	182	765	  1	
568	272	765	  1	
568	309	765	  1	
568	371	765	  1	
568	471	765	  1	
570	 56	765	  1	
570	 62	765	  1	
570	136	765	  1	
570	209	765	  1	
571	 78	765	  1	
571	192	765	  1	
571	240	765	  1	
573	215	765	  1	
573	232	765	  1	
573	304	765	  1	
574	 72	765	  1	
574	142	765	  1	
575	 44	765	  1	
575	 56	765	  1	
575	 62	765	  1	
575	182	765	  1	
575	408	765	  1	
576	 86	765	  1	
576	136	765	  1	
576	144	765	  1	
576	184	765	  1	
576	222	765	  1	
576	260	765	  1	
576	310	765	  1	
578	 88	765	  1	
578	142	765	  1	
578	165	765	  1	
579	176	765	  1	
579	282	765	  1	
580	136	765	  1	
581	190	765	  1	
583	 92	765	  1	
583	160	765	  1	
583	237	765	  1	
583	399	765	  1	
584	 80	765	  1	
584	107	765	  1	
584	168	765	  1	
584	178	765	  1	
584	183	765	  1	
586	198	765	  1	
587	 87	765	  1	
587	310	765	  1	
589	 73	765	  1	
589	109	765	  1	
590	192	765	  1	
591	 80	765	  1	
592	 35	765	  1	
592	159	765	  1	
592	187	765	  1	
592	206	765	  1	
592	210	765	  1	
592	221	765	  1	
592	269	765	  1	
592	275	765	  1	
592	289	765	  1	
592	301	765	  1	
593	219	765	  1	
593	296	765	  1	
594	 16	765	  1	
594	 96	765	  1	
594	216	765	  1	
594	245	765	  1	
595	154	765	  1	
595	202	765	  1	
595	255	765	  1	
596	 32	765	  1	
596	223	765	  1	
596	436	765	  1	
597	134	765	  1	
597	191	765	  1	
597	230	765	  1	
597	264	765	  1	
597	288	765	  1	
598	159	765	  1	
598	163	765	  1	
599	 22	765	  1	
599	 39	765	  1	
600	120	765	  1	
600	152	765	  1	
600	164	765	  1	
600	186	765	  1	
600	216	765	  1	
600	223	765	  1	
600	269	765	  1	
600	296	765	  1	
600	366	765	  1	
602	264	765	  1	
603	 24	765	  1	
603	127	765	  1	
604	303	765	  1	
606	270	765	  1	
606	290	765	  1	
606	514	765	  1	
607	103	765	  1	
607	120	765	  1	
607	255	765	  1	
607	366	765	  1	
608	  0	765	  1	
608	  7	765	  1	
608	 60	765	  1	
608	143	765	  1	
608	180	765	  1	
608	191	765	  1	
608	288	765	  1	
608	309	765	  1	
608	328	765	  1	
608	336	765	  1	
608	363	765	  1	
608	373	765	  1	
611	134	765	  1	
611	279	765	  1	
611	335	765	  1	
612	320	765	  1	
614	176	765	  1	
614	327	765	  1	
615	  3	765	  1	
615	 32	765	  1	
615	143	765	  1	
615	303	765	  1	
615	309	765	  1	
615	336	765	  1	
615	559	765	  1	
616	 40	765	  1	
616	 88	765	  1	
616	131	765	  1	
616	139	765	  1	
616	150	765	  1	
616	207	765	  1	
616	272	765	  1	
616	286	765	  1	
617	356	765	  1	
618	  2	765	  1	
619	262	765	  1	
619	299	765	  1	
621	 80	765	  1	
622	 68	765	  1	
622	 91	765	  1	
622	120	765	  1	
622	127	765	  1	
622	135	765	  1	
622	148	765	  1	
623	143	765	  1	
623	491	765	  1	
624	 11	765	  1	
624	 83	765	  1	
624	131	765	  1	
624	336	765	  1	
624	399	765	  1	
626	 22	765	  1	
626	264	765	  1	
627	279	765	  1	
628	301	765	  1	
629	314	765	  1	
630	128	765	  1	
630	135	765	  1	
631	  8	765	  1	
631	 15	765	  1	
631	336	765	  1	
632	  9	765	  1	
632	 76	765	  1	
632	 95	765	  1	
632	140	765	  1	
632	240	765	  1	
632	247	765	  1	
632	259	765	  1	
632	307	765	  1	
632	352	765	  1	
634	 15	765	  1	
636	 92	765	  1	
636	551	765	  1	
637	143	765	  1	
638	256	765	  1	
639	 67	765	  1	
639	112	765	  1	
639	243	765	  1	
639	270	765	  1	
640	144	765	  1	
640	150	765	  1	
640	168	765	  1	
640	199	765	  1	
640	231	765	  1	
640	336	765	  1	
642	156	765	  1	
643	239	765	  1	
647	192	765	  1	
647	232	765	  1	
647	551	765	  1	
648	 55	765	  1	
649	 79	765	  1	
653	104	765	  1	
654	184	765	  1	
655	  7	765	  1	
655	327	765	  1	
655	407	765	  1	
656	336	765	  1	
657	 79	765	  1	
658	124	765	  1	
660	340	765	  1	
661	304	765	  1	
663	287	765	  1	
664	 48	765	  1	
664	 86	765	  1	
664	106	765	  1	
666	496	765	  1	
667	280	765	  1	
667	414	765	  1	
670	 84	765	  1	
671	386	765	  1	
671	503	765	  1	
672	  9	765	  1	
672	 94	765	  1	
672	128	765	  1	
672	408	765	  1	
675	 71	765	  1	
675	 88	765	  1	
675	415	765	  1	
679	 80	765	  1	
679	 87	765	  1	
679	251	765	  1	
680	181	765	  1	
680	232	765	  1	
680	239	765	  1	
684	118	765	  1	
686	107	765	  1	
687	235	765	  1	
691	456	765	  1	
695	172	765	  1	
703	219	765	  1	
704	347	765	  1	
719	232	765	  1	
722	148	765	  1	
722	376	765	  1	
725	573	765	  1	
751	543	765	  1	
791	575	765	  1	
