# 
#  Image file: Goad2_T0078.jpg
#  Applied threshold: 575
#  Algorithm used: fill2                 
#  Particle count: 1862
#  Location (x,y), max luminance, and mass:
# 
  0	280	765	  1	
  5	480	765	  1	
  7	359	765	  1	
 15	 38	765	  1	
 15	216	765	  1	
 15	223	765	  1	
 15	263	765	  1	
 16	134	765	  1	
 17	373	765	  1	
 20	458	765	  1	
 22	240	765	  1	
 22	552	765	  1	
 23	272	765	  1	
 24	152	765	  1	
 25	489	765	  1	
 28	184	765	  1	
 30	290	765	  1	
 31	224	765	  1	
 32	256	765	  1	
 38	256	765	  1	
 40	431	765	  1	
 43	119	765	  1	
 45	240	765	  1	
 48	119	765	  1	
 48	136	765	  1	
 48	159	765	  1	
 48	247	765	  1	
 48	282	765	  1	
 48	556	765	  1	
 51	143	765	  1	
 51	525	765	  1	
 54	256	765	  1	
 55	136	765	  1	
 55	194	765	  1	
 55	262	765	  1	
 55	285	765	  1	
 56	107	765	  1	
 56	468	765	  1	
 64	102	765	  1	
 64	104	765	  1	
 66	111	765	  1	
 69	240	765	  1	
 71	304	765	  1	
 72	183	765	  1	
 78	359	765	  1	
 79	183	765	  1	
 79	295	765	  1	
 80	260	765	  1	
 80	328	765	  1	
 83	455	765	  1	
 84	256	765	  1	
 86	263	765	  1	
 87	 60	765	  1	
 87	148	765	  1	
 87	575	765	  1	
 88	236	765	  1	
 88	336	765	  1	
 88	432	765	  1	
 90	244	765	  1	
 91	304	765	  1	
 91	343	765	  1	
 93	171	765	  1	
 94	224	765	  1	
 95	336	765	  1	
 96	104	765	  1	
 96	136	765	  1	
 96	375	765	  1	
 98	208	765	  1	
 99	130	765	  1	
 99	143	765	  1	
 99	175	765	  1	
102	183	765	  1	
103	136	765	  1	
103	168	765	  1	
103	208	765	  1	
104	591	765	  1	
106	372	765	  1	
107	151	765	  1	
111	380	765	  1	
111	447	765	  1	
112	306	765	  1	
114	128	765	  1	
115	168	765	  1	
119	268	765	  1	
119	328	765	  1	
120	131	765	  1	
120	257	765	  1	
120	314	765	  1	
120	384	765	  1	
120	391	765	  1	
120	424	765	  1	
120	490	765	  1	
121	  0	765	  1	
123	431	765	  1	
124	128	765	  1	
125	256	765	  1	
125	354	765	  1	
126	387	765	  1	
127	264	765	  1	
127	370	765	  1	
127	424	765	  1	
128	432	765	  1	
128	493	765	  1	
131	408	765	  1	
133	437	765	  1	
134	414	765	  1	
135	176	765	  1	
135	243	765	  1	
135	351	765	  1	
135	568	765	  1	
136	 80	765	  1	
136	 87	765	  1	
136	208	765	  1	
136	215	765	  1	
136	422	765	  1	
139	408	765	  1	
141	102	765	  1	
141	127	765	  1	
142	 83	765	  1	
142	139	765	  1	
143	415	765	  1	
143	424	765	  1	
143	504	765	  1	
144	 74	765	  1	
144	173	765	  1	
144	189	765	  1	
144	272	765	  1	
144	307	765	  1	
145	111	765	  1	
146	168	765	  1	
147	184	765	  1	
148	137	765	  1	
149	 96	765	  1	
149	150	765	  1	
149	383	765	  1	
150	174	765	  1	
150	343	765	  1	
151	 74	765	  1	
151	 80	765	  1	
151	 87	765	  1	
151	359	765	  1	
151	547	765	  1	
152	114	765	  1	
152	194	765	  1	
152	200	765	  1	
152	261	765	  1	
152	319	765	  1	
155	144	765	  1	
157	 27	765	  1	
157	192	765	  1	
157	199	765	  1	
158	242	765	  1	
158	432	765	  1	
159	151	765	  1	
159	359	765	  1	
159	504	765	  1	
160	120	765	  1	
160	127	765	  1	
160	143	765	  1	
160	146	765	  1	
160	179	765	  1	
160	227	765	  1	
160	414	765	  1	
163	161	765	  1	
163	224	765	  1	
164	259	765	  1	
166	 75	765	  1	
166	472	765	  1	
166	479	765	  1	
167	 31	765	  1	
167	272	765	  1	
167	375	765	  1	
167	414	765	  1	
168	 16	765	  1	
168	 59	765	  1	
168	 80	765	  1	
168	 96	765	  1	
168	204	765	  1	
168	264	765	  1	
168	296	765	  1	
168	387	765	  1	
171	303	765	  1	
172	 56	765	  1	
172	 63	765	  1	
172	115	765	  1	
172	391	765	  1	
173	207	765	  1	
174	234	765	  1	
174	271	765	  1	
175	143	765	  1	
175	296	765	  1	
175	587	765	  1	
176	 66	765	  1	
176	 95	765	  1	
176	104	765	  1	
176	111	765	  1	
176	187	765	  1	
176	193	765	  1	
176	240	765	  1	
176	487	765	  1	
176	517	765	  1	
178	 64	765	  1	
178	198	765	  1	
179	143	765	  1	
179	512	765	  1	
180	112	765	  1	
180	187	765	  1	
181	128	765	  1	
181	288	765	  1	
182	107	765	  1	
182	152	765	  1	
182	158	765	  1	
182	199	765	  1	
182	224	765	  1	
182	231	765	  1	
183	119	765	  1	
183	139	765	  1	
184	 77	765	  1	
184	170	765	  1	
184	182	765	  1	
184	192	765	  1	
184	360	765	  1	
186	 71	765	  1	
187	 80	765	  1	
187	407	765	  1	
188	 51	765	  1	
189	 72	765	  1	
189	160	765	  1	
189	165	765	  1	
190	367	765	  1	
191	195	765	  1	
191	247	765	  1	
191	551	765	  1	
192	 15	765	  1	
192	 65	765	  1	
192	112	765	  1	
192	152	765	  1	
192	202	765	  1	
192	216	765	  1	
192	223	765	  1	
192	239	765	  1	
193	 91	765	  1	
194	279	765	  1	
194	431	765	  1	
195	  8	765	  1	
197	207	765	  1	
197	414	765	  1	
197	424	765	  1	
198	 61	765	  1	
198	163	765	  1	
198	243	765	  1	
198	311	765	  1	
199	 15	765	  1	
199	112	765	  1	
199	179	765	  1	
199	219	765	  1	
200	 57	765	  1	
200	 68	765	  1	
200	136	765	  1	
200	141	765	  1	
200	147	765	  1	
200	151	765	  1	
200	195	765	  1	
200	575	765	  1	
201	103	765	  1	
203	206	765	  1	
203	556	765	  1	
204	136	765	  1	
205	  0	765	  1	
205	  7	765	  1	
205	 63	765	  1	
205	 80	765	  1	
206	200	765	  1	
207	 57	765	  1	
207	 75	765	  1	
207	192	765	  1	
207	440	765	  1	
208	 55	765	  1	
208	 71	765	  1	
208	 78	765	  1	
208	 85	765	  1	
208	163	765	  1	
208	240	765	  1	
208	277	765	  1	
208	405	765	  1	
208	424	765	  1	
208	528	765	  1	
211	 48	765	  1	
211	535	765	  1	
214	240	765	  1	
214	431	765	  1	
214	543	765	  1	
215	 55	765	  1	
215	 68	765	  1	
215	144	765	  1	
215	160	765	  1	
215	167	765	  1	
215	352	765	  1	
215	528	765	  1	
216	 46	765	  1	
216	 61	765	  1	
216	 82	765	  1	
216	120	765	  1	
216	136	765	  1	
216	170	765	  1	
216	175	765	  1	
216	189	765	  1	
217	206	765	  1	
218	125	765	  1	
218	240	765	  1	
219	442	765	  1	
220	168	765	  1	
220	173	765	  1	
220	368	765	  1	
221	 72	765	  1	
221	120	765	  1	
221	251	765	  1	
222	140	765	  1	
222	279	765	  1	
222	335	765	  1	
223	 40	765	  1	
223	 48	765	  1	
223	 79	765	  1	
223	 81	765	  1	
223	550	765	  1	
224	 69	765	  1	
224	101	765	  1	
224	123	765	  1	
224	144	765	  1	
224	178	765	  1	
224	223	765	  1	
224	327	765	  1	
225	176	765	  1	
225	421	765	  1	
226	152	765	  1	
226	159	765	  1	
226	216	765	  1	
226	264	765	  1	
227	 54	765	  1	
228	130	765	  1	
229	 88	765	  1	
229	384	765	  1	
230	456	765	  1	
230	463	765	  1	
230	543	765	  1	
231	104	765	  1	
231	451	765	  1	
232	 53	765	  1	
232	120	765	  1	
232	141	765	  1	
232	176	765	  1	
232	216	765	  1	
232	287	765	  1	
232	307	765	  1	
232	400	765	  1	
232	407	765	  1	
232	415	765	  1	
232	571	765	  1	
232	596	765	  1	
233	 91	765	  1	
233	135	765	  1	
234	 76	765	  1	
234	128	765	  1	
234	223	765	  1	
235	185	765	  1	
235	232	765	  1	
235	312	765	  1	
236	 72	765	  1	
237	 64	765	  1	
237	136	765	  1	
237	168	765	  1	
238	304	765	  1	
238	311	765	  1	
239	 16	765	  1	
239	403	765	  1	
239	411	765	  1	
239	448	765	  1	
239	455	765	  1	
239	568	765	  1	
239	575	765	  1	
240	  0	765	  1	
240	115	765	  1	
240	125	765	  1	
240	148	765	  1	
240	152	765	  1	
240	159	765	  1	
240	163	765	  1	
240	202	765	  1	
240	213	765	  1	
240	240	765	  1	
240	244	765	  1	
240	293	765	  1	
240	307	765	  1	
240	312	765	  1	
240	408	765	  1	
240	447	765	  1	
240	464	765	  1	
240	471	765	  1	
241	 15	765	  1	
241	 80	765	  1	
242	168	765	  1	
242	431	765	  1	
243	112	765	  1	
243	406	765	  1	
244	120	765	  1	
244	336	765	  1	
244	419	765	  1	
245	442	765	  1	
247	127	765	  1	
247	175	765	  1	
247	208	765	  1	
247	307	765	  1	
247	363	765	  1	
247	408	765	  1	
247	427	765	  1	
247	467	765	  1	
248	 80	765	  1	
248	 87	765	  1	
248	142	765	  1	
248	160	765	  1	
248	168	765	  1	
248	254	765	  1	
248	262	765	  1	
248	304	765	  1	
248	448	765	  1	
248	472	765	  1	
248	491	765	  1	
248	584	765	  1	
249	248	765	  1	
250	256	765	  1	
250	454	765	  1	
250	477	765	  1	
251	194	765	  1	
252	  2	765	  1	
253	 48	765	  1	
253	 56	765	  1	
253	116	765	  1	
253	151	765	  1	
253	208	765	  1	
253	448	765	  1	
254	 24	765	  1	
254	 33	765	  1	
254	139	765	  1	
254	373	765	  1	
254	420	765	  1	
254	431	765	  1	
255	 83	765	  1	
255	262	765	  1	
255	304	765	  1	
255	340	765	  1	
255	454	765	  1	
255	472	765	  1	
255	488	765	  1	
255	495	765	  1	
255	591	765	  1	
256	 16	765	  1	
256	 66	765	  1	
256	 99	765	  1	
256	109	765	  1	
256	152	765	  1	
256	232	765	  1	
256	239	765	  1	
256	293	765	  1	
256	298	765	  1	
256	395	765	  1	
256	427	765	  1	
256	436	765	  1	
256	496	765	  1	
256	503	765	  1	
256	524	765	  1	
256	552	765	  1	
256	559	765	  1	
258	  6	765	  1	
258	247	765	  1	
259	 50	765	  1	
259	278	765	  1	
259	416	765	  1	
260	 37	765	  1	
260	151	765	  1	
261	 64	765	  1	
261	 71	765	  1	
261	144	765	  1	
261	288	765	  1	
261	406	765	  1	
261	518	765	  1	
262	  0	765	  1	
262	184	765	  1	
262	235	765	  1	
263	 56	765	  1	
263	208	765	  1	
263	215	765	  1	
263	423	765	  1	
263	431	765	  1	
263	499	765	  1	
264	 12	765	  1	
264	 80	765	  1	
264	109	765	  1	
264	216	765	  1	
264	224	765	  1	
264	237	765	  1	
264	472	765	  1	
264	527	765	  1	
265	247	765	  1	
266	144	765	  1	
266	219	765	  1	
266	223	765	  1	
266	232	765	  1	
266	256	765	  1	
266	263	765	  1	
267	  8	765	  1	
267	 54	765	  1	
267	407	765	  1	
267	520	765	  1	
268	 87	765	  1	
268	191	765	  1	
268	430	765	  1	
269	 46	765	  1	
269	464	765	  1	
269	471	765	  1	
270	 82	765	  1	
270	221	765	  1	
270	240	765	  1	
270	424	765	  1	
270	479	765	  1	
271	214	765	  1	
271	403	765	  1	
271	527	765	  1	
271	560	765	  1	
272	 48	765	  1	
272	 55	765	  1	
272	128	765	  1	
272	136	765	  1	
272	176	765	  1	
272	200	765	  1	
272	245	765	  1	
272	414	765	  1	
272	431	765	  1	
272	453	765	  1	
272	543	765	  1	
273	155	765	  1	
273	166	765	  1	
274	 62	765	  1	
274	240	765	  1	
274	299	765	  1	
274	537	765	  1	
275	220	765	  1	
275	264	765	  1	
275	304	765	  1	
277	 96	765	  1	
277	136	765	  1	
277	522	765	  1	
277	527	765	  1	
278	  0	765	  1	
278	 31	765	  1	
278	 56	765	  1	
278	176	765	  1	
278	246	765	  1	
278	415	765	  1	
279	 51	765	  1	
279	223	765	  1	
279	299	765	  1	
279	427	765	  1	
279	467	765	  1	
279	563	765	  1	
279	568	765	  1	
280	 46	765	  1	
280	 72	765	  1	
280	107	765	  1	
280	117	765	  1	
280	124	765	  1	
280	152	765	  1	
280	160	765	  1	
280	195	765	  1	
280	240	765	  1	
280	256	765	  1	
280	283	765	  1	
280	286	765	  1	
280	294	765	  1	
280	303	765	  1	
280	338	765	  1	
280	343	765	  1	
280	363	765	  1	
280	424	765	  1	
280	431	765	  1	
280	440	765	  1	
282	112	765	  1	
282	165	765	  1	
283	  8	765	  1	
283	296	765	  1	
283	351	765	  1	
283	408	765	  1	
285	 56	765	  1	
285	243	765	  1	
285	291	765	  1	
285	312	765	  1	
286	  0	765	  1	
286	118	765	  1	
286	123	765	  1	
286	287	765	  1	
286	338	765	  1	
286	415	765	  1	
287	160	765	  1	
287	192	765	  1	
287	199	765	  1	
287	283	765	  1	
287	343	765	  1	
287	400	765	  1	
287	427	765	  1	
287	525	765	  1	
288	 43	765	  1	
288	 88	765	  1	
288	 95	765	  1	
288	112	765	  1	
288	133	765	  1	
288	144	765	  1	
288	174	765	  1	
288	200	765	  1	
288	212	765	  1	
288	227	765	  1	
288	239	765	  1	
288	322	765	  1	
288	424	765	  1	
288	475	765	  1	
288	560	765	  1	
289	154	765	  1	
289	159	765	  1	
289	308	765	  1	
290	207	765	  1	
291	 48	765	  1	
291	 63	765	  1	
291	383	765	  1	
291	431	765	  1	
292	375	765	  1	
293	 96	765	  1	
293	291	765	  1	
293	491	765	  1	
294	232	765	  1	
294	315	765	  1	
295	 27	765	  1	
295	 40	765	  1	
295	 47	765	  1	
295	 56	765	  1	
295	202	765	  1	
295	424	765	  1	
295	472	765	  1	
295	479	765	  1	
296	 10	765	  1	
296	 16	765	  1	
296	 86	765	  1	
296	126	765	  1	
296	166	765	  1	
296	236	765	  1	
296	240	765	  1	
296	299	765	  1	
296	320	765	  1	
296	535	765	  1	
296	595	765	  1	
297	  0	765	  1	
298	528	765	  1	
299	 23	765	  1	
299	152	765	  1	
301	288	765	  1	
301	315	765	  1	
302	  5	765	  1	
302	415	765	  1	
303	 16	765	  1	
303	382	765	  1	
303	592	765	  1	
303	599	765	  1	
304	 32	765	  1	
304	 39	765	  1	
304	 64	765	  1	
304	 90	765	  1	
304	 95	765	  1	
304	120	765	  1	
304	125	765	  1	
304	136	765	  1	
304	201	765	  1	
304	230	765	  1	
304	338	765	  1	
304	406	765	  1	
304	584	765	  1	
304	591	765	  1	
305	110	765	  1	
305	416	765	  1	
306	400	765	  1	
308	347	765	  1	
309	  7	765	  1	
310	  0	765	  1	
310	110	765	  1	
310	127	765	  1	
310	205	765	  1	
310	319	765	  1	
310	381	765	  1	
310	407	765	  1	
311	 35	765	  1	
311	104	765	  1	
311	230	765	  1	
311	421	765	  1	
312	 16	765	  1	
312	 88	765	  1	
312	134	765	  1	
312	137	765	  1	
312	151	765	  1	
312	158	765	  1	
312	168	765	  1	
312	184	765	  1	
312	195	765	  1	
312	211	765	  1	
312	248	765	  1	
313	104	765	  1	
313	111	765	  1	
314	  7	765	  1	
314	455	765	  1	
315	 23	765	  1	
315	 35	765	  1	
315	144	765	  1	
315	272	765	  1	
316	 91	765	  1	
316	199	765	  1	
317	131	765	  1	
317	205	765	  1	
317	283	765	  1	
318	  0	765	  1	
318	  5	765	  1	
318	156	765	  1	
318	160	765	  1	
319	 16	765	  1	
319	112	765	  1	
319	151	765	  1	
319	193	765	  1	
319	422	765	  1	
319	535	765	  1	
320	 88	765	  1	
320	 94	765	  1	
320	109	765	  1	
320	123	765	  1	
320	188	765	  1	
320	191	765	  1	
320	244	765	  1	
320	254	765	  1	
320	317	765	  1	
320	352	765	  1	
320	424	765	  1	
320	454	765	  1	
320	540	765	  1	
320	558	765	  1	
320	583	765	  1	
322	142	765	  1	
322	359	765	  1	
323	  9	765	  1	
323	 82	765	  1	
323	536	765	  1	
324	352	765	  1	
325	151	765	  1	
325	168	765	  1	
325	191	765	  1	
325	203	765	  1	
325	251	765	  1	
325	262	765	  1	
325	312	765	  1	
326	136	765	  1	
326	451	765	  1	
326	480	765	  1	
327	188	765	  1	
327	208	765	  1	
327	278	765	  1	
327	536	765	  1	
328	 74	765	  1	
328	128	765	  1	
328	134	765	  1	
328	144	765	  1	
328	178	765	  1	
328	195	765	  1	
328	224	765	  1	
328	230	765	  1	
328	248	765	  1	
328	272	765	  1	
328	360	765	  1	
328	367	765	  1	
328	543	765	  1	
328	549	765	  1	
329	190	765	  1	
329	200	765	  1	
329	215	765	  1	
330	344	765	  1	
331	  0	765	  1	
331	152	765	  1	
331	475	765	  1	
333	 71	765	  1	
333	 79	765	  1	
333	147	765	  1	
333	227	765	  1	
333	299	765	  1	
334	 29	765	  1	
334	 95	765	  1	
334	350	765	  1	
335	 87	765	  1	
335	104	765	  1	
335	176	765	  1	
335	360	765	  1	
335	367	765	  1	
335	543	765	  1	
335	551	765	  1	
336	  8	765	  1	
336	 23	765	  1	
336	 91	765	  1	
336	128	765	  1	
336	135	765	  1	
336	154	765	  1	
336	158	765	  1	
336	164	765	  1	
336	189	765	  1	
336	240	765	  1	
336	312	765	  1	
336	392	765	  1	
336	432	765	  1	
336	575	765	  1	
336	590	765	  1	
337	  3	765	  1	
338	144	765	  1	
338	215	765	  1	
338	352	765	  1	
339	224	765	  1	
340	206	765	  1	
341	 80	765	  1	
341	212	765	  1	
341	254	765	  1	
341	264	765	  1	
341	363	765	  1	
341	456	765	  1	
342	 98	765	  1	
342	190	765	  1	
342	240	765	  1	
342	358	765	  1	
343	 12	765	  1	
343	111	765	  1	
343	135	765	  1	
344	  0	765	  1	
344	 23	765	  1	
344	 63	765	  1	
344	 69	765	  1	
344	104	765	  1	
344	115	765	  1	
344	136	765	  1	
344	162	765	  1	
344	167	765	  1	
344	174	765	  1	
344	276	765	  1	
344	322	765	  1	
344	333	765	  1	
344	368	765	  1	
344	374	765	  1	
344	379	765	  1	
344	442	765	  1	
344	479	765	  1	
344	515	765	  1	
345	144	765	  1	
345	170	765	  1	
345	472	765	  1	
347	 48	765	  1	
347	 51	765	  1	
347	231	765	  1	
348	108	765	  1	
349	184	765	  1	
349	240	765	  1	
349	247	765	  1	
349	270	765	  1	
349	327	765	  1	
349	376	765	  1	
350	 22	765	  1	
350	146	765	  1	
350	167	765	  1	
351	 55	765	  1	
351	156	765	  1	
351	224	765	  1	
351	262	765	  1	
351	400	765	  1	
351	435	765	  1	
351	482	765	  1	
351	512	765	  1	
351	519	765	  1	
352	 93	765	  1	
352	128	765	  1	
352	132	765	  1	
352	194	765	  1	
352	200	765	  1	
352	206	765	  1	
352	229	765	  1	
352	365	765	  1	
352	423	765	  1	
352	488	765	  1	
352	566	765	  1	
353	178	765	  1	
354	  5	765	  1	
354	 20	765	  1	
354	151	765	  1	
354	263	765	  1	
354	327	765	  1	
354	560	765	  1	
355	 72	765	  1	
355	495	765	  1	
355	536	765	  1	
356	279	765	  1	
356	487	765	  1	
357	 40	765	  1	
357	486	765	  1	
358	257	765	  1	
358	270	765	  1	
358	448	765	  1	
359	 70	765	  1	
359	208	765	  1	
359	320	765	  1	
359	423	765	  1	
359	488	765	  1	
360	 17	765	  1	
360	 29	765	  1	
360	136	765	  1	
360	160	765	  1	
360	200	765	  1	
360	232	765	  1	
360	240	765	  1	
362	336	765	  1	
363	 56	765	  1	
363	 63	765	  1	
363	125	765	  1	
363	151	765	  1	
363	207	765	  1	
364	 23	765	  1	
365	 79	765	  1	
365	232	765	  1	
366	149	765	  1	
367	 29	765	  1	
367	136	765	  1	
367	200	765	  1	
367	328	765	  1	
367	432	765	  1	
368	104	765	  1	
368	139	765	  1	
368	284	765	  1	
368	297	765	  1	
368	387	765	  1	
368	429	765	  1	
368	494	765	  1	
368	512	765	  1	
369	 80	765	  1	
370	251	765	  1	
370	262	765	  1	
370	488	765	  1	
371	176	765	  1	
371	594	765	  1	
372	  6	765	  1	
372	 30	765	  1	
373	168	765	  1	
373	287	765	  1	
374	303	765	  1	
375	  8	765	  1	
375	235	765	  1	
375	280	765	  1	
375	328	765	  1	
375	335	765	  1	
375	415	765	  1	
375	429	765	  1	
375	599	765	  1	
376	  7	765	  1	
376	 96	765	  1	
376	110	765	  1	
376	156	765	  1	
376	202	765	  1	
376	454	765	  1	
377	118	765	  1	
379	 80	765	  1	
380	128	765	  1	
380	259	765	  1	
380	301	765	  1	
380	373	765	  1	
380	448	765	  1	
381	 38	765	  1	
381	 56	765	  1	
381	107	765	  1	
381	123	765	  1	
381	240	765	  1	
381	296	765	  1	
382	  2	765	  1	
382	 26	765	  1	
382	200	765	  1	
383	 22	765	  1	
383	 31	765	  1	
383	 96	765	  1	
383	263	765	  1	
384	 10	765	  1	
384	 72	765	  1	
384	132	765	  1	
384	173	765	  1	
384	205	765	  1	
384	272	765	  1	
384	295	765	  1	
384	323	765	  1	
384	503	765	  1	
385	118	765	  1	
386	152	765	  1	
387	224	765	  1	
387	288	765	  1	
387	431	765	  1	
388	 76	765	  1	
389	110	765	  1	
390	139	765	  1	
390	193	765	  1	
390	278	765	  1	
391	295	765	  1	
392	 19	765	  1	
392	 66	765	  1	
392	 71	765	  1	
392	 98	765	  1	
392	150	765	  1	
392	163	765	  1	
392	208	765	  1	
392	216	765	  1	
392	298	765	  1	
392	307	765	  1	
392	319	765	  1	
392	331	765	  1	
392	599	765	  1	
393	 91	765	  1	
394	 96	765	  1	
394	173	765	  1	
394	228	765	  1	
394	384	765	  1	
395	136	765	  1	
395	223	765	  1	
395	312	765	  1	
395	352	765	  1	
396	413	765	  1	
398	248	765	  1	
399	 59	765	  1	
399	175	765	  1	
399	195	765	  1	
399	216	765	  1	
399	256	765	  1	
399	263	765	  1	
399	304	765	  1	
399	319	765	  1	
400	 42	765	  1	
400	 63	765	  1	
400	 78	765	  1	
400	 82	765	  1	
400	109	765	  1	
400	136	765	  1	
400	148	765	  1	
400	270	765	  1	
400	280	765	  1	
400	294	765	  1	
400	309	765	  1	
400	359	765	  1	
400	488	765	  1	
401	141	765	  1	
401	594	765	  1	
403	184	765	  1	
403	246	765	  1	
404	471	765	  1	
405	128	765	  1	
405	173	765	  1	
405	291	765	  1	
406	 86	765	  1	
406	224	765	  1	
406	240	765	  1	
407	190	765	  1	
407	280	765	  1	
407	309	765	  1	
407	360	765	  1	
408	 24	765	  1	
408	103	765	  1	
408	144	765	  1	
408	152	765	  1	
408	156	765	  1	
408	168	765	  1	
408	181	765	  1	
408	231	765	  1	
408	239	765	  1	
408	272	765	  1	
408	312	765	  1	
409	 35	765	  1	
409	296	765	  1	
409	431	765	  1	
410	 72	765	  1	
411	  0	765	  1	
411	 50	765	  1	
411	279	765	  1	
411	301	765	  1	
411	327	765	  1	
413	 56	765	  1	
413	169	765	  1	
414	 24	765	  1	
414	128	765	  1	
414	144	765	  1	
415	227	765	  1	
415	235	765	  1	
415	272	765	  1	
415	443	765	  1	
416	  8	765	  1	
416	 14	765	  1	
416	 23	765	  1	
416	 69	765	  1	
416	 73	765	  1	
416	117	765	  1	
416	142	765	  1	
416	207	765	  1	
416	212	765	  1	
416	287	765	  1	
417	 48	765	  1	
418	223	765	  1	
419	 64	765	  1	
419	153	765	  1	
419	200	765	  1	
421	 11	765	  1	
421	427	765	  1	
422	 54	765	  1	
422	118	765	  1	
423	 19	765	  1	
423	 72	765	  1	
423	 80	765	  1	
423	 88	765	  1	
423	207	765	  1	
424	 66	765	  1	
424	 83	765	  1	
424	120	765	  1	
424	124	765	  1	
424	188	765	  1	
425	 99	765	  1	
426	 78	765	  1	
426	336	765	  1	
427	 48	765	  1	
427	 85	765	  1	
427	178	765	  1	
427	327	765	  1	
428	102	765	  1	
429	 28	765	  1	
429	 40	765	  1	
429	506	765	  1	
430	  0	765	  1	
431	 78	765	  1	
431	183	765	  1	
431	223	765	  1	
431	479	765	  1	
431	511	765	  1	
432	 44	765	  1	
432	185	765	  1	
432	200	765	  1	
432	208	765	  1	
432	211	765	  1	
432	440	765	  1	
432	447	765	  1	
435	  8	765	  1	
435	 15	765	  1	
435	 40	765	  1	
436	160	765	  1	
437	158	765	  1	
438	 45	765	  1	
438	203	765	  1	
439	120	765	  1	
439	127	765	  1	
439	443	765	  1	
440	 58	765	  1	
440	107	765	  1	
440	133	765	  1	
440	159	765	  1	
440	208	765	  1	
440	219	765	  1	
440	368	765	  1	
442	190	765	  1	
443	144	765	  1	
444	207	765	  1	
444	266	765	  1	
445	 59	765	  1	
445	157	765	  1	
445	163	765	  1	
445	373	765	  1	
446	184	765	  1	
447	376	765	  1	
448	 38	765	  1	
448	 55	765	  1	
448	 64	765	  1	
448	 71	765	  1	
448	115	765	  1	
448	120	765	  1	
448	126	765	  1	
448	174	765	  1	
448	202	765	  1	
448	280	765	  1	
450	123	765	  1	
450	259	765	  1	
451	 48	765	  1	
451	111	765	  1	
451	192	765	  1	
452	294	765	  1	
453	200	765	  1	
453	207	765	  1	
454	120	765	  1	
454	127	765	  1	
454	288	765	  1	
454	351	765	  1	
455	 40	765	  1	
455	174	765	  1	
455	311	765	  1	
456	  8	765	  1	
456	 72	765	  1	
456	 79	765	  1	
456	128	765	  1	
456	141	765	  1	
456	152	765	  1	
456	184	765	  1	
456	203	765	  1	
456	264	765	  1	
456	360	765	  1	
456	395	765	  1	
456	461	765	  1	
456	526	765	  1	
458	 40	765	  1	
458	 47	765	  1	
458	 64	765	  1	
459	208	765	  1	
460	 71	765	  1	
460	112	765	  1	
460	243	765	  1	
461	 27	765	  1	
461	280	765	  1	
461	287	765	  1	
462	118	765	  1	
462	173	765	  1	
463	 40	765	  1	
463	 75	765	  1	
463	216	765	  1	
463	392	765	  1	
463	399	765	  1	
463	461	765	  1	
464	 18	765	  1	
464	 38	765	  1	
464	 56	765	  1	
464	 62	765	  1	
464	 66	765	  1	
464	 72	765	  1	
464	136	765	  1	
464	224	765	  1	
466	 24	765	  1	
466	104	765	  1	
466	152	765	  1	
466	316	765	  1	
467	200	765	  1	
467	231	765	  1	
467	511	765	  1	
468	 77	765	  1	
469	 14	765	  1	
469	 32	765	  1	
469	 59	765	  1	
469	117	765	  1	
469	264	765	  1	
469	344	765	  1	
470	 65	765	  1	
471	216	765	  1	
471	224	765	  1	
471	511	765	  1	
472	  3	765	  1	
472	 11	765	  1	
472	 74	765	  1	
472	 85	765	  1	
472	 92	765	  1	
472	127	765	  1	
472	160	765	  1	
472	190	765	  1	
472	197	765	  1	
472	211	765	  1	
472	258	765	  1	
472	300	765	  1	
472	431	765	  1	
472	520	765	  1	
473	133	765	  1	
474	 21	765	  1	
475	144	765	  1	
475	248	765	  1	
475	272	765	  1	
476	140	765	  1	
477	 39	765	  1	
477	336	765	  1	
478	 72	765	  1	
479	 16	765	  1	
479	 79	765	  1	
479	150	765	  1	
479	190	765	  1	
479	256	765	  1	
479	263	765	  1	
479	320	765	  1	
479	431	765	  1	
480	 23	765	  1	
480	 48	765	  1	
480	 97	765	  1	
480	102	765	  1	
480	105	765	  1	
480	175	765	  1	
480	186	765	  1	
480	234	765	  1	
480	243	765	  1	
480	248	765	  1	
480	252	765	  1	
480	264	765	  1	
480	374	765	  1	
480	407	765	  1	
482	 39	765	  1	
482	 56	765	  1	
482	354	765	  1	
483	 70	765	  1	
483	128	765	  1	
483	359	765	  1	
484	 96	765	  1	
484	346	765	  1	
485	136	765	  1	
485	184	765	  1	
485	191	765	  1	
485	239	765	  1	
485	267	765	  1	
486	 62	765	  1	
486	 80	765	  1	
486	176	765	  1	
487	 19	765	  1	
487	103	765	  1	
488	135	765	  1	
488	146	765	  1	
488	151	765	  1	
488	205	765	  1	
488	219	765	  1	
488	275	765	  1	
488	304	765	  1	
489	 64	765	  1	
490	  6	765	  1	
490	 47	765	  1	
491	120	765	  1	
491	159	765	  1	
491	264	765	  1	
492	189	765	  1	
493	200	765	  1	
493	272	765	  1	
494	101	765	  1	
494	133	765	  1	
494	211	765	  1	
494	216	765	  1	
495	  6	765	  1	
495	 66	765	  1	
495	179	765	  1	
495	424	765	  1	
496	 59	765	  1	
496	 77	765	  1	
496	 86	765	  1	
496	104	765	  1	
496	136	765	  1	
496	142	765	  1	
496	175	765	  1	
496	221	765	  1	
496	237	765	  1	
496	319	765	  1	
496	344	765	  1	
496	355	765	  1	
498	206	765	  1	
498	278	765	  1	
499	 23	765	  1	
499	128	765	  1	
499	149	765	  1	
499	160	765	  1	
499	312	765	  1	
499	350	765	  1	
500	105	765	  1	
501	139	765	  1	
502	  0	765	  1	
502	176	765	  1	
502	189	765	  1	
502	200	765	  1	
502	216	765	  1	
502	272	765	  1	
503	 53	765	  1	
503	 86	765	  1	
503	152	765	  1	
503	166	765	  1	
503	319	765	  1	
503	352	765	  1	
503	359	765	  1	
503	443	765	  1	
504	 36	765	  1	
504	 64	765	  1	
504	 70	765	  1	
504	127	765	  1	
504	181	765	  1	
504	224	765	  1	
504	245	765	  1	
504	256	765	  1	
504	310	765	  1	
504	328	765	  1	
504	338	765	  1	
504	376	765	  1	
504	431	765	  1	
504	560	765	  1	
505	139	765	  1	
505	232	765	  1	
505	237	765	  1	
505	298	765	  1	
507	263	765	  1	
508	280	765	  1	
509	165	765	  1	
509	168	765	  1	
511	 32	765	  1	
511	174	765	  1	
511	256	765	  1	
511	290	765	  1	
511	310	765	  1	
511	338	765	  1	
511	424	765	  1	
511	431	765	  1	
512	 71	765	  1	
512	 80	765	  1	
512	112	765	  1	
512	119	765	  1	
512	157	765	  1	
512	189	765	  1	
512	197	765	  1	
512	212	765	  1	
512	219	765	  1	
512	240	765	  1	
512	248	765	  1	
512	317	765	  1	
514	 15	765	  1	
514	168	765	  1	
514	222	765	  1	
514	254	765	  1	
515	 49	765	  1	
516	 64	765	  1	
516	208	765	  1	
517	246	765	  1	
517	351	765	  1	
518	212	765	  1	
518	328	765	  1	
519	170	765	  1	
519	399	765	  1	
519	407	765	  1	
520	 90	765	  1	
520	 96	765	  1	
520	103	765	  1	
520	120	765	  1	
520	133	765	  1	
520	216	765	  1	
520	234	765	  1	
520	254	765	  1	
520	285	765	  1	
520	304	765	  1	
520	323	765	  1	
520	344	765	  1	
520	435	765	  1	
521	116	765	  1	
522	204	765	  1	
522	296	765	  1	
523	152	765	  1	
523	184	765	  1	
523	351	765	  1	
524	 99	765	  1	
525	 86	765	  1	
525	119	765	  1	
525	142	765	  1	
525	192	765	  1	
525	208	765	  1	
525	230	765	  1	
525	239	765	  1	
525	310	765	  1	
526	105	765	  1	
526	254	765	  1	
526	391	765	  1	
526	547	765	  1	
527	344	765	  1	
527	399	765	  1	
528	112	765	  1	
528	127	765	  1	
528	134	765	  1	
528	160	765	  1	
528	186	765	  1	
528	265	765	  1	
528	272	765	  1	
528	280	765	  1	
528	328	765	  1	
528	360	765	  1	
529	142	765	  1	
529	294	765	  1	
532	144	765	  1	
533	240	765	  1	
533	336	765	  1	
534	116	765	  1	
534	136	765	  1	
534	143	765	  1	
534	191	765	  1	
535	250	765	  1	
535	256	765	  1	
535	328	765	  1	
536	 51	765	  1	
536	 71	765	  1	
536	 94	765	  1	
536	189	765	  1	
536	200	765	  1	
536	224	765	  1	
536	315	765	  1	
538	291	765	  1	
539	 22	765	  1	
539	 64	765	  1	
539	 88	765	  1	
539	295	765	  1	
540	 78	765	  1	
541	302	765	  1	
542	 72	765	  1	
543	191	765	  1	
544	  3	765	  1	
544	104	765	  1	
544	111	765	  1	
544	175	765	  1	
544	186	765	  1	
544	195	765	  1	
544	272	765	  1	
544	298	765	  1	
544	504	765	  1	
547	128	765	  1	
549	147	765	  1	
549	184	765	  1	
549	191	765	  1	
550	166	765	  1	
550	220	765	  1	
551	 14	765	  1	
551	107	765	  1	
551	320	765	  1	
551	375	765	  1	
552	 56	765	  1	
552	 63	765	  1	
552	128	765	  1	
552	152	765	  1	
552	175	765	  1	
552	208	765	  1	
552	240	765	  1	
552	280	765	  1	
552	368	765	  1	
552	392	765	  1	
554	215	765	  1	
555	104	765	  1	
555	153	765	  1	
556	172	765	  1	
557	139	765	  1	
557	229	765	  1	
559	 96	765	  1	
559	132	765	  1	
559	216	765	  1	
559	240	765	  1	
560	120	765	  1	
560	232	765	  1	
560	238	765	  1	
560	248	765	  1	
560	264	765	  1	
560	299	765	  1	
560	384	765	  1	
560	394	765	  1	
563	187	765	  1	
565	235	765	  1	
566	 88	765	  1	
566	 95	765	  1	
567	152	765	  1	
567	280	765	  1	
568	 40	765	  1	
568	 47	765	  1	
568	136	765	  1	
568	140	765	  1	
568	159	765	  1	
568	170	765	  1	
568	179	765	  1	
568	208	765	  1	
568	301	765	  1	
568	320	765	  1	
569	147	765	  1	
570	  8	765	  1	
570	296	765	  1	
571	112	765	  1	
571	222	765	  1	
571	327	765	  1	
573	 16	765	  1	
573	 21	765	  1	
573	111	765	  1	
573	132	765	  1	
573	141	765	  1	
573	236	765	  1	
574	301	765	  1	
574	342	765	  1	
575	 43	765	  1	
575	103	765	  1	
575	155	765	  1	
575	211	765	  1	
575	280	765	  1	
575	287	765	  1	
575	320	765	  1	
575	480	765	  1	
575	487	765	  1	
576	  3	765	  1	
576	  8	765	  1	
576	 88	765	  1	
576	112	765	  1	
576	176	765	  1	
576	183	765	  1	
576	230	765	  1	
576	253	765	  1	
576	261	765	  1	
576	278	765	  1	
576	288	765	  1	
576	400	765	  1	
578	224	765	  1	
578	272	765	  1	
579	115	765	  1	
579	120	765	  1	
579	168	765	  1	
579	456	765	  1	
581	294	765	  1	
582	  8	765	  1	
582	 88	765	  1	
582	119	765	  1	
582	208	765	  1	
582	215	765	  1	
583	  0	765	  1	
583	179	765	  1	
583	184	765	  1	
583	230	765	  1	
584	 80	765	  1	
584	 87	765	  1	
584	 96	765	  1	
584	138	765	  1	
584	143	765	  1	
584	178	765	  1	
584	302	765	  1	
584	328	765	  1	
584	363	765	  1	
584	439	765	  1	
586	109	765	  1	
586	288	765	  1	
587	392	765	  1	
589	101	765	  1	
590	109	765	  1	
591	 83	765	  1	
591	288	765	  1	
591	304	765	  1	
591	360	765	  1	
592	  3	765	  1	
592	  8	765	  1	
592	 71	765	  1	
592	111	765	  1	
592	168	765	  1	
592	301	765	  1	
592	320	765	  1	
592	328	765	  1	
594	 96	765	  1	
594	420	765	  1	
595	 90	765	  1	
595	175	765	  1	
595	335	765	  1	
595	447	765	  1	
596	208	765	  1	
596	289	765	  1	
597	300	765	  1	
598	119	765	  1	
598	307	765	  1	
599	  0	765	  1	
599	  7	765	  1	
599	168	765	  1	
599	320	765	  1	
599	328	765	  1	
600	 52	765	  1	
600	 63	765	  1	
600	 90	765	  1	
600	152	765	  1	
600	165	765	  1	
600	182	765	  1	
600	206	765	  1	
600	216	765	  1	
600	238	765	  1	
600	256	765	  1	
600	263	765	  1	
600	268	765	  1	
600	392	765	  1	
600	480	765	  1	
600	502	765	  1	
603	  0	765	  1	
603	 87	765	  1	
604	176	765	  1	
605	288	765	  1	
605	320	765	  1	
605	368	765	  1	
606	 71	765	  1	
606	160	765	  1	
606	239	765	  1	
607	332	765	  1	
607	392	765	  1	
608	143	765	  1	
608	151	765	  1	
608	298	765	  1	
608	336	765	  1	
608	344	765	  1	
609	288	765	  1	
609	295	765	  1	
611	  0	765	  1	
611	126	765	  1	
611	136	765	  1	
611	286	765	  1	
612	326	765	  1	
613	 21	765	  1	
614	146	765	  1	
614	280	765	  1	
614	320	765	  1	
615	104	765	  1	
615	143	765	  1	
615	336	765	  1	
615	350	765	  1	
616	  4	765	  1	
616	 32	765	  1	
616	 79	765	  1	
616	131	765	  1	
616	148	765	  1	
616	168	765	  1	
616	194	765	  1	
616	208	765	  1	
616	250	765	  1	
616	264	765	  1	
616	268	765	  1	
616	272	765	  1	
616	276	765	  1	
616	318	765	  1	
616	382	765	  1	
616	424	765	  1	
618	  0	765	  1	
618	312	765	  1	
619	 87	765	  1	
619	256	765	  1	
621	151	765	  1	
621	253	765	  1	
622	  6	765	  1	
622	269	765	  1	
623	 80	765	  1	
623	128	765	  1	
623	135	765	  1	
623	264	765	  1	
623	318	765	  1	
623	431	765	  1	
623	527	765	  1	
624	 56	765	  1	
624	 83	765	  1	
624	 87	765	  1	
624	 96	765	  1	
624	101	765	  1	
624	109	765	  1	
624	220	765	  1	
624	256	765	  1	
624	296	765	  1	
624	399	765	  1	
626	147	765	  1	
626	217	765	  1	
626	264	765	  1	
627	278	765	  1	
627	320	765	  1	
629	220	765	  1	
630	287	765	  1	
630	327	765	  1	
631	218	765	  1	
631	301	765	  1	
632	  8	765	  1	
632	232	765	  1	
632	246	765	  1	
632	338	765	  1	
632	384	765	  1	
632	529	765	  1	
634	240	765	  1	
634	536	765	  1	
635	 14	765	  1	
637	103	765	  1	
639	 83	765	  1	
639	111	765	  1	
639	232	765	  1	
639	244	765	  1	
639	259	765	  1	
639	267	765	  1	
639	447	765	  1	
640	  0	765	  1	
640	142	765	  1	
640	154	765	  1	
640	159	765	  1	
640	186	765	  1	
640	320	765	  1	
640	359	765	  1	
641	331	765	  1	
641	589	765	  1	
643	396	765	  1	
644	 56	765	  1	
645	128	765	  1	
646	 79	765	  1	
646	 90	765	  1	
646	152	765	  1	
646	157	765	  1	
646	200	765	  1	
646	545	765	  1	
647	142	765	  1	
647	321	765	  1	
647	543	765	  1	
648	 76	765	  1	
648	 99	765	  1	
648	119	765	  1	
648	171	765	  1	
648	277	765	  1	
648	311	765	  1	
650	448	765	  1	
651	 94	765	  1	
651	112	765	  1	
652	352	765	  1	
653	104	765	  1	
655	 96	765	  1	
655	119	765	  1	
655	168	765	  1	
655	175	765	  1	
655	336	765	  1	
656	182	765	  1	
656	371	765	  1	
659	160	765	  1	
662	152	765	  1	
662	159	765	  1	
663	 74	765	  1	
663	167	765	  1	
663	277	765	  1	
663	398	765	  1	
664	 48	765	  1	
664	 91	765	  1	
664	104	765	  1	
664	128	765	  1	
666	177	765	  1	
667	 52	765	  1	
667	327	765	  1	
671	 15	765	  1	
671	 88	765	  1	
671	 95	765	  1	
672	245	765	  1	
672	320	765	  1	
673	380	765	  1	
677	 72	765	  1	
677	 79	765	  1	
679	245	765	  1	
688	 15	765	  1	
688	 64	765	  1	
688	 80	765	  1	
688	 96	765	  1	
688	272	765	  1	
688	384	765	  1	
689	 95	765	  1	
690	 71	765	  1	
695	 15	765	  1	
695	216	765	  1	
698	322	765	  1	
701	575	765	  1	
704	304	765	  1	
704	376	765	  1	
722	 18	765	  1	
723	364	765	  1	
752	242	765	  1	
