# 
#  Image file: Goad2_T0121.jpg
#  Applied threshold: 575
#  Algorithm used: fill2                 
#  Particle count: 1724
#  Location (x,y), max luminance, and mass:
# 
  2	197	765	  1	
  4	190	765	  1	
  6	351	765	  1	
  7	280	765	  1	
  8	218	765	  1	
  8	539	765	  1	
 11	256	765	  1	
 16	263	765	  1	
 19	427	765	  1	
 21	335	765	  1	
 22	432	765	  1	
 26	204	765	  1	
 28	455	765	  1	
 32	143	765	  1	
 34	161	765	  1	
 34	576	765	  1	
 40	133	765	  1	
 40	484	765	  1	
 47	304	765	  1	
 48	272	765	  1	
 51	128	765	  1	
 53	222	765	  1	
 55	272	765	  1	
 55	436	765	  1	
 56	264	765	  1	
 58	321	765	  1	
 61	103	765	  1	
 63	 40	765	  1	
 63	264	765	  1	
 63	303	765	  1	
 63	395	765	  1	
 64	101	765	  1	
 64	104	765	  1	
 65	111	765	  1	
 67	168	765	  1	
 70	222	765	  1	
 70	505	765	  1	
 71	248	765	  1	
 71	583	765	  1	
 77	149	765	  1	
 78	200	765	  1	
 78	360	765	  1	
 78	404	765	  1	
 80	151	765	  1	
 80	371	765	  1	
 86	202	765	  1	
 87	 39	765	  1	
 87	149	765	  1	
 87	440	765	  1	
 91	141	765	  1	
103	136	765	  1	
103	287	765	  1	
104	158	765	  1	
104	328	765	  1	
106	152	765	  1	
107	478	765	  1	
110	159	765	  1	
110	315	765	  1	
112	189	765	  1	
112	326	765	  1	
112	351	765	  1	
112	384	765	  1	
112	388	765	  1	
114	346	765	  1	
115	299	765	  1	
118	432	765	  1	
120	  0	765	  1	
120	 52	765	  1	
120	160	765	  1	
120	170	765	  1	
120	175	765	  1	
120	258	765	  1	
120	312	765	  1	
122	332	765	  1	
122	467	765	  1	
123	  0	765	  1	
123	167	765	  1	
123	319	765	  1	
125	  6	765	  1	
125	471	765	  1	
126	170	765	  1	
127	 87	765	  1	
127	123	765	  1	
127	160	765	  1	
127	175	765	  1	
127	312	765	  1	
127	340	765	  1	
127	363	765	  1	
128	187	765	  1	
128	253	765	  1	
128	256	765	  1	
128	408	765	  1	
128	435	765	  1	
128	461	765	  1	
128	503	765	  1	
129	464	765	  1	
131	  0	765	  1	
133	165	765	  1	
134	225	765	  1	
134	329	765	  1	
136	 87	765	  1	
136	157	765	  1	
136	386	765	  1	
136	395	765	  1	
136	480	765	  1	
137	309	765	  1	
139	  7	765	  1	
140	120	765	  1	
140	144	765	  1	
140	391	765	  1	
141	382	765	  1	
142	151	765	  1	
143	  7	765	  1	
143	296	765	  1	
143	371	765	  1	
143	392	765	  1	
143	399	765	  1	
144	 10	765	  1	
144	136	765	  1	
144	175	765	  1	
144	181	765	  1	
144	208	765	  1	
146	159	765	  1	
146	271	765	  1	
147	168	765	  1	
147	235	765	  1	
147	340	765	  1	
148	 39	765	  1	
148	153	765	  1	
149	176	765	  1	
149	215	765	  1	
149	248	765	  1	
149	255	765	  1	
151	 10	765	  1	
151	143	765	  1	
151	159	765	  1	
151	181	765	  1	
152	 19	765	  1	
152	138	765	  1	
152	183	765	  1	
152	199	765	  1	
152	376	765	  1	
152	383	765	  1	
152	423	765	  1	
155	  6	765	  1	
155	 23	765	  1	
155	192	765	  1	
155	289	765	  1	
156	506	765	  1	
157	420	765	  1	
159	  0	765	  1	
159	199	765	  1	
159	379	765	  1	
160	179	765	  1	
160	195	765	  1	
162	376	765	  1	
163	173	765	  1	
163	280	765	  1	
166	290	765	  1	
166	381	765	  1	
167	 35	765	  1	
167	176	765	  1	
167	183	765	  1	
167	192	765	  1	
167	199	765	  1	
167	286	765	  1	
167	418	765	  1	
167	479	765	  1	
168	 88	765	  1	
168	143	765	  1	
168	211	765	  1	
168	264	765	  1	
168	360	765	  1	
168	364	765	  1	
168	438	765	  1	
168	556	765	  1	
170	279	765	  1	
173	 80	765	  1	
173	295	765	  1	
173	559	765	  1	
174	112	765	  1	
175	270	765	  1	
176	 98	765	  1	
176	141	765	  1	
176	163	765	  1	
176	232	765	  1	
176	407	765	  1	
176	424	765	  1	
176	431	765	  1	
178	198	765	  1	
178	402	765	  1	
179	536	765	  1	
179	592	765	  1	
179	599	765	  1	
180	185	765	  1	
181	 79	765	  1	
182	232	765	  1	
182	407	765	  1	
183	206	765	  1	
183	427	765	  1	
184	215	765	  1	
184	292	765	  1	
184	303	765	  1	
184	324	765	  1	
184	403	765	  1	
184	424	765	  1	
184	504	765	  1	
186	152	765	  1	
186	287	765	  1	
187	100	765	  1	
187	237	765	  1	
187	296	765	  1	
187	328	765	  1	
189	192	765	  1	
189	304	765	  1	
189	309	765	  1	
189	340	765	  1	
191	157	765	  1	
191	210	765	  1	
191	400	765	  1	
191	407	765	  1	
191	511	765	  1	
192	183	765	  1	
192	245	765	  1	
192	351	765	  1	
192	461	765	  1	
195	344	765	  1	
195	407	765	  1	
195	431	765	  1	
196	211	765	  1	
196	282	765	  1	
197	127	765	  1	
198	133	765	  1	
198	168	765	  1	
198	394	765	  1	
199	112	765	  1	
199	351	765	  1	
199	400	765	  1	
199	424	765	  1	
200	 64	765	  1	
200	134	765	  1	
200	139	765	  1	
200	310	765	  1	
202	304	765	  1	
204	  4	765	  1	
207	 64	765	  1	
207	133	765	  1	
207	143	765	  1	
208	 36	765	  1	
208	117	765	  1	
208	149	765	  1	
208	239	765	  1	
208	343	765	  1	
208	351	765	  1	
208	440	765	  1	
208	447	765	  1	
208	489	765	  1	
210	112	765	  1	
210	280	765	  1	
211	136	765	  1	
213	284	765	  1	
213	364	765	  1	
213	419	765	  1	
214	118	765	  1	
215	 67	765	  1	
215	143	765	  1	
215	392	765	  1	
215	443	765	  1	
216	 96	765	  1	
216	122	765	  1	
216	130	765	  1	
216	244	765	  1	
216	383	765	  1	
217	152	765	  1	
219	517	765	  1	
220	109	765	  1	
220	120	765	  1	
221	 71	765	  1	
221	136	765	  1	
221	434	765	  1	
221	439	765	  1	
222	419	765	  1	
223	104	765	  1	
223	127	765	  1	
224	 85	765	  1	
224	 93	765	  1	
224	102	765	  1	
224	152	765	  1	
224	181	765	  1	
224	416	765	  1	
225	189	765	  1	
225	237	765	  1	
226	120	765	  1	
227	 47	765	  1	
227	276	765	  1	
227	423	765	  1	
228	127	765	  1	
228	459	765	  1	
229	168	765	  1	
229	391	765	  1	
230	  3	765	  1	
231	152	765	  1	
231	380	765	  1	
231	416	765	  1	
232	  0	765	  1	
232	 24	765	  1	
232	 31	765	  1	
232	 59	765	  1	
232	 80	765	  1	
232	133	765	  1	
232	139	765	  1	
232	160	765	  1	
232	167	765	  1	
232	176	765	  1	
232	358	765	  1	
232	408	765	  1	
232	415	765	  1	
232	439	765	  1	
232	451	765	  1	
234	128	765	  1	
234	163	765	  1	
235	119	765	  1	
235	136	765	  1	
235	223	765	  1	
235	400	765	  1	
236	167	765	  1	
236	374	765	  1	
237	 55	765	  1	
237	 62	765	  1	
237	 72	765	  1	
238	 19	765	  1	
238	 45	765	  1	
238	134	765	  1	
239	 27	765	  1	
239	179	765	  1	
239	411	765	  1	
239	448	765	  1	
239	455	765	  1	
240	 16	765	  1	
240	 64	765	  1	
240	107	765	  1	
240	126	765	  1	
240	150	765	  1	
240	162	765	  1	
240	248	765	  1	
240	343	765	  1	
240	443	765	  1	
242	120	765	  1	
242	237	765	  1	
242	408	765	  1	
243	 23	765	  1	
243	 94	765	  1	
243	175	765	  1	
243	192	765	  1	
243	230	765	  1	
244	126	765	  1	
244	143	765	  1	
244	304	765	  1	
244	443	765	  1	
245	147	765	  1	
245	202	765	  1	
245	423	765	  1	
246	 88	765	  1	
246	110	765	  1	
247	 16	765	  1	
247	 96	765	  1	
247	103	765	  1	
247	120	765	  1	
247	167	765	  1	
247	391	765	  1	
248	  8	765	  1	
248	152	765	  1	
248	288	765	  1	
248	327	765	  1	
248	344	765	  1	
248	350	765	  1	
248	528	765	  1	
250	 40	765	  1	
251	287	765	  1	
251	388	765	  1	
251	413	765	  1	
251	423	765	  1	
252	301	765	  1	
252	440	765	  1	
253	 78	765	  1	
253	 87	765	  1	
254	 15	765	  1	
254	 47	765	  1	
255	121	765	  1	
256	 64	765	  1	
256	110	765	  1	
256	115	765	  1	
256	130	765	  1	
256	134	765	  1	
256	208	765	  1	
256	215	765	  1	
256	247	765	  1	
256	264	765	  1	
256	274	765	  1	
256	351	765	  1	
256	360	765	  1	
256	365	765	  1	
256	376	765	  1	
256	383	765	  1	
256	483	765	  1	
259	 86	765	  1	
259	104	765	  1	
259	163	765	  1	
260	319	765	  1	
260	415	765	  1	
260	456	765	  1	
260	553	765	  1	
261	120	765	  1	
261	362	765	  1	
262	 40	765	  1	
262	208	765	  1	
262	379	765	  1	
262	472	765	  1	
262	479	765	  1	
263	301	765	  1	
263	487	765	  1	
263	536	765	  1	
264	 22	765	  1	
264	 53	765	  1	
264	 72	765	  1	
264	144	765	  1	
264	168	765	  1	
264	248	765	  1	
264	278	765	  1	
264	418	765	  1	
264	423	765	  1	
264	437	765	  1	
264	488	765	  1	
264	499	765	  1	
264	507	765	  1	
266	 77	765	  1	
266	110	765	  1	
266	407	765	  1	
266	432	765	  1	
267	127	765	  1	
267	272	765	  1	
268	 80	765	  1	
268	280	765	  1	
268	523	765	  1	
269	 44	765	  1	
269	172	765	  1	
269	232	765	  1	
269	448	765	  1	
270	 72	765	  1	
270	104	765	  1	
270	200	765	  1	
270	248	765	  1	
270	438	765	  1	
271	402	765	  1	
271	499	765	  1	
272	 56	765	  1	
272	 66	765	  1	
272	 95	765	  1	
272	120	765	  1	
272	123	765	  1	
272	127	765	  1	
272	139	765	  1	
272	152	765	  1	
272	207	765	  1	
272	243	765	  1	
272	357	765	  1	
272	471	765	  1	
273	211	765	  1	
273	215	765	  1	
274	400	765	  1	
274	456	765	  1	
275	135	765	  1	
275	269	765	  1	
275	430	765	  1	
275	488	765	  1	
276	255	765	  1	
277	 32	765	  1	
277	 37	765	  1	
277	120	765	  1	
277	123	765	  1	
277	466	765	  1	
277	520	765	  1	
278	102	765	  1	
278	136	765	  1	
278	234	765	  1	
278	239	765	  1	
278	248	765	  1	
278	352	765	  1	
278	415	765	  1	
278	539	765	  1	
279	 40	765	  1	
279	 56	765	  1	
279	128	765	  1	
279	227	765	  1	
279	264	765	  1	
279	495	765	  1	
280	 43	765	  1	
280	 48	765	  1	
280	 85	765	  1	
280	 98	765	  1	
280	109	765	  1	
280	152	765	  1	
280	176	765	  1	
280	201	765	  1	
280	205	765	  1	
280	256	765	  1	
280	312	765	  1	
280	328	765	  1	
280	346	765	  1	
280	360	765	  1	
280	376	765	  1	
280	383	765	  1	
280	458	765	  1	
282	 91	765	  1	
282	136	765	  1	
282	183	765	  1	
283	226	765	  1	
283	304	765	  1	
283	408	765	  1	
284	231	765	  1	
284	358	765	  1	
285	 39	765	  1	
285	240	765	  1	
285	286	765	  1	
285	520	765	  1	
286	117	765	  1	
286	123	765	  1	
286	128	765	  1	
287	 47	765	  1	
287	103	765	  1	
287	171	765	  1	
287	183	765	  1	
287	312	765	  1	
287	352	765	  1	
287	415	765	  1	
288	 29	765	  1	
288	 64	765	  1	
288	 70	765	  1	
288	 88	765	  1	
288	160	765	  1	
288	200	765	  1	
288	212	765	  1	
288	251	765	  1	
288	256	765	  1	
288	308	765	  1	
288	435	765	  1	
288	533	765	  1	
289	136	765	  1	
290	 99	765	  1	
290	208	765	  1	
290	246	765	  1	
290	336	765	  1	
291	  8	765	  1	
291	128	765	  1	
291	445	765	  1	
293	 67	765	  1	
293	142	765	  1	
294	 24	765	  1	
294	 88	765	  1	
294	200	765	  1	
294	240	765	  1	
294	528	765	  1	
295	134	765	  1	
295	343	765	  1	
296	 12	765	  1	
296	 40	765	  1	
296	 72	765	  1	
296	 79	765	  1	
296	112	765	  1	
296	116	765	  1	
296	136	765	  1	
296	152	765	  1	
296	168	765	  1	
296	176	765	  1	
296	207	765	  1	
296	405	765	  1	
298	 63	765	  1	
298	400	765	  1	
298	540	765	  1	
299	131	765	  1	
299	216	765	  1	
300	 59	765	  1	
300	203	765	  1	
301	142	765	  1	
301	192	765	  1	
301	320	765	  1	
302	304	765	  1	
302	405	765	  1	
302	488	765	  1	
303	536	765	  1	
304	104	765	  1	
304	152	765	  1	
304	219	765	  1	
304	286	765	  1	
304	407	765	  1	
304	440	765	  1	
306	158	765	  1	
306	200	765	  1	
308	306	765	  1	
309	  4	765	  1	
309	176	765	  1	
309	344	765	  1	
309	351	765	  1	
310	 19	765	  1	
310	127	765	  1	
310	152	765	  1	
310	206	765	  1	
310	256	765	  1	
310	282	765	  1	
311	172	765	  1	
312	 24	765	  1	
312	 71	765	  1	
312	 78	765	  1	
312	 95	765	  1	
312	104	765	  1	
312	111	765	  1	
312	160	765	  1	
312	166	765	  1	
312	174	765	  1	
312	192	765	  1	
312	238	765	  1	
312	245	765	  1	
312	320	765	  1	
312	341	765	  1	
312	379	765	  1	
312	384	765	  1	
312	391	765	  1	
312	427	765	  1	
312	446	765	  1	
312	459	765	  1	
312	512	765	  1	
314	198	765	  1	
314	234	765	  1	
314	368	765	  1	
314	375	765	  1	
315	127	765	  1	
315	328	765	  1	
315	387	765	  1	
315	519	765	  1	
316	 88	765	  1	
316	279	765	  1	
316	424	765	  1	
316	431	765	  1	
317	 16	765	  1	
317	 75	765	  1	
317	154	765	  1	
317	170	765	  1	
317	240	765	  1	
318	192	765	  1	
318	376	765	  1	
318	383	765	  1	
319	107	765	  1	
319	119	765	  1	
319	264	765	  1	
319	391	765	  1	
319	446	765	  1	
319	456	765	  1	
319	463	765	  1	
319	512	765	  1	
320	  8	765	  1	
320	 14	765	  1	
320	101	765	  1	
320	127	765	  1	
320	144	765	  1	
320	184	765	  1	
320	219	765	  1	
320	271	765	  1	
320	339	765	  1	
320	432	765	  1	
320	439	765	  1	
323	 56	765	  1	
323	264	765	  1	
323	555	765	  1	
324	336	765	  1	
324	343	765	  1	
324	488	765	  1	
325	 11	765	  1	
325	 30	765	  1	
325	 96	765	  1	
325	124	765	  1	
325	150	765	  1	
326	117	765	  1	
326	359	765	  1	
327	216	765	  1	
327	223	765	  1	
327	271	765	  1	
327	368	765	  1	
327	435	765	  1	
328	  5	765	  1	
328	 16	765	  1	
328	 22	765	  1	
328	 56	765	  1	
328	 62	765	  1	
328	 66	765	  1	
328	 74	765	  1	
328	104	765	  1	
328	132	765	  1	
328	141	765	  1	
328	213	765	  1	
328	234	765	  1	
328	240	765	  1	
328	312	765	  1	
328	351	765	  1	
328	367	765	  1	
328	424	765	  1	
330	 19	765	  1	
330	128	765	  1	
331	319	765	  1	
331	431	765	  1	
333	 72	765	  1	
333	 79	765	  1	
333	102	765	  1	
333	132	765	  1	
333	147	765	  1	
333	232	765	  1	
333	239	765	  1	
333	271	765	  1	
333	382	765	  1	
334	 16	765	  1	
334	580	765	  1	
335	248	765	  1	
335	312	765	  1	
335	424	765	  1	
336	  6	765	  1	
336	 48	765	  1	
336	117	765	  1	
336	142	765	  1	
336	171	765	  1	
336	176	765	  1	
336	206	765	  1	
336	236	765	  1	
336	240	765	  1	
336	309	765	  1	
336	408	765	  1	
336	441	765	  1	
338	 60	765	  1	
338	 88	765	  1	
338	398	765	  1	
338	432	765	  1	
339	 72	765	  1	
339	183	765	  1	
340	391	765	  1	
341	 48	765	  1	
341	112	765	  1	
342	 56	765	  1	
342	175	765	  1	
342	254	765	  1	
342	264	765	  1	
343	 16	765	  1	
343	 61	765	  1	
343	143	765	  1	
343	149	765	  1	
343	243	765	  1	
343	408	765	  1	
343	435	765	  1	
344	 24	765	  1	
344	 80	765	  1	
344	104	765	  1	
344	151	765	  1	
344	166	765	  1	
344	221	765	  1	
344	245	765	  1	
344	262	765	  1	
344	280	765	  1	
344	286	765	  1	
344	295	765	  1	
344	336	765	  1	
344	424	765	  1	
344	449	765	  1	
344	464	765	  1	
345	125	765	  1	
346	 30	765	  1	
347	391	765	  1	
347	416	765	  1	
347	423	765	  1	
347	428	765	  1	
347	471	765	  1	
348	  5	765	  1	
349	 88	765	  1	
349	110	765	  1	
350	144	765	  1	
350	376	765	  1	
351	  6	765	  1	
351	262	765	  1	
351	291	765	  1	
351	384	765	  1	
351	435	765	  1	
351	464	765	  1	
351	479	765	  1	
352	 34	765	  1	
352	 76	765	  1	
352	120	765	  1	
352	127	765	  1	
352	130	765	  1	
352	137	765	  1	
352	149	765	  1	
352	169	765	  1	
352	176	765	  1	
352	310	765	  1	
352	337	765	  1	
352	352	765	  1	
352	383	765	  1	
352	522	765	  1	
353	320	765	  1	
354	  0	765	  1	
354	237	765	  1	
355	  8	765	  1	
356	416	765	  1	
357	143	765	  1	
357	182	765	  1	
357	398	765	  1	
357	422	765	  1	
357	525	765	  1	
358	 72	765	  1	
358	168	765	  1	
358	320	765	  1	
358	352	765	  1	
359	310	765	  1	
359	379	765	  1	
360	  6	765	  1	
360	 23	765	  1	
360	 31	765	  1	
360	 43	765	  1	
360	 56	765	  1	
360	 68	765	  1	
360	115	765	  1	
360	122	765	  1	
360	157	765	  1	
360	212	765	  1	
360	271	765	  1	
360	455	765	  1	
360	599	765	  1	
362	 63	765	  1	
362	 82	765	  1	
362	 87	765	  1	
363	 32	765	  1	
363	144	765	  1	
363	342	765	  1	
363	448	765	  1	
364	256	765	  1	
365	120	765	  1	
366	 30	765	  1	
366	 69	765	  1	
366	388	765	  1	
367	264	765	  1	
367	382	765	  1	
367	455	765	  1	
367	522	765	  1	
368	 12	765	  1	
368	 16	765	  1	
368	 46	765	  1	
368	 59	765	  1	
368	 72	765	  1	
368	 99	765	  1	
368	109	765	  1	
368	125	765	  1	
368	133	765	  1	
368	141	765	  1	
368	163	765	  1	
368	229	765	  1	
368	239	765	  1	
368	355	765	  1	
368	397	765	  1	
368	456	765	  1	
370	  6	765	  1	
371	 15	765	  1	
371	148	765	  1	
371	232	765	  1	
371	424	765	  1	
371	463	765	  1	
372	  8	765	  1	
372	 96	765	  1	
373	 42	765	  1	
373	464	765	  1	
374	 12	765	  1	
374	131	765	  1	
375	 63	765	  1	
375	151	765	  1	
375	160	765	  1	
375	239	765	  1	
375	456	765	  1	
375	596	765	  1	
376	  0	765	  1	
376	 32	765	  1	
376	 48	765	  1	
376	 59	765	  1	
376	172	765	  1	
376	176	765	  1	
376	206	765	  1	
376	256	765	  1	
376	376	765	  1	
376	440	765	  1	
377	114	765	  1	
378	426	765	  1	
379	 39	765	  1	
379	127	765	  1	
379	168	765	  1	
379	263	765	  1	
380	 31	765	  1	
380	 63	765	  1	
381	 56	765	  1	
381	232	765	  1	
381	552	765	  1	
382	356	765	  1	
383	  8	765	  1	
383	256	765	  1	
383	551	765	  1	
384	 40	765	  1	
384	 98	765	  1	
384	125	765	  1	
384	144	765	  1	
384	152	765	  1	
384	172	765	  1	
384	183	765	  1	
384	239	765	  1	
384	274	765	  1	
384	314	765	  1	
384	327	765	  1	
384	344	765	  1	
384	351	765	  1	
384	390	765	  1	
384	503	765	  1	
385	192	765	  1	
386	110	765	  1	
386	176	765	  1	
386	334	765	  1	
387	136	765	  1	
389	 46	765	  1	
389	158	765	  1	
389	183	765	  1	
389	463	765	  1	
390	 52	765	  1	
390	103	765	  1	
390	168	765	  1	
390	327	765	  1	
390	399	765	  1	
391	  8	765	  1	
391	146	765	  1	
391	235	765	  1	
391	526	765	  1	
392	 40	765	  1	
392	101	765	  1	
392	120	765	  1	
392	139	765	  1	
392	151	765	  1	
392	320	765	  1	
393	524	765	  1	
395	 56	765	  1	
395	327	765	  1	
395	543	765	  1	
396	 43	765	  1	
396	307	765	  1	
397	118	765	  1	
397	188	765	  1	
397	407	765	  1	
398	 29	765	  1	
398	 93	765	  1	
398	146	765	  1	
398	152	765	  1	
399	 13	765	  1	
399	143	765	  1	
399	184	765	  1	
399	488	765	  1	
400	 58	765	  1	
400	 77	765	  1	
400	168	765	  1	
400	243	765	  1	
400	328	765	  1	
400	335	765	  1	
401	 64	765	  1	
403	 32	765	  1	
403	 88	765	  1	
405	351	765	  1	
406	331	765	  1	
407	224	765	  1	
407	240	765	  1	
407	247	765	  1	
407	336	765	  1	
408	 39	765	  1	
408	 56	765	  1	
408	 79	765	  1	
408	 88	765	  1	
408	107	765	  1	
408	149	765	  1	
408	368	765	  1	
408	375	765	  1	
408	424	765	  1	
409	256	765	  1	
410	150	765	  1	
411	 32	765	  1	
411	151	765	  1	
411	312	765	  1	
412	263	765	  1	
412	552	765	  1	
413	120	765	  1	
413	137	765	  1	
413	143	765	  1	
414	 37	765	  1	
415	 63	765	  1	
415	128	765	  1	
415	264	765	  1	
415	371	765	  1	
416	 51	765	  1	
416	112	765	  1	
416	152	765	  1	
416	226	765	  1	
416	243	765	  1	
416	296	765	  1	
416	312	765	  1	
416	334	765	  1	
416	338	765	  1	
416	405	765	  1	
416	472	765	  1	
418	  2	765	  1	
418	 78	765	  1	
419	 32	765	  1	
419	277	765	  1	
419	319	765	  1	
419	368	765	  1	
420	144	765	  1	
420	167	765	  1	
421	  8	765	  1	
421	 37	765	  1	
421	126	765	  1	
421	216	765	  1	
421	303	765	  1	
421	400	765	  1	
422	 48	765	  1	
423	  2	765	  1	
423	 75	765	  1	
423	 79	765	  1	
423	148	765	  1	
423	156	765	  1	
423	240	765	  1	
423	247	765	  1	
423	312	765	  1	
423	328	765	  1	
423	463	765	  1	
424	 16	765	  1	
424	 23	765	  1	
424	 46	765	  1	
424	 50	765	  1	
424	 99	765	  1	
424	128	765	  1	
424	136	765	  1	
424	155	765	  1	
424	175	765	  1	
424	536	765	  1	
426	152	765	  1	
426	160	765	  1	
427	 55	765	  1	
427	 86	765	  1	
427	343	765	  1	
428	 91	765	  1	
428	334	765	  1	
429	  0	765	  1	
429	  8	765	  1	
429	112	765	  1	
430	 61	765	  1	
430	295	765	  1	
430	423	765	  1	
431	 76	765	  1	
431	155	765	  1	
431	168	765	  1	
431	223	765	  1	
431	288	765	  1	
432	 43	765	  1	
432	 64	765	  1	
432	104	765	  1	
432	111	765	  1	
432	139	765	  1	
432	181	765	  1	
432	200	765	  1	
432	208	765	  1	
432	320	765	  1	
432	369	765	  1	
432	388	765	  1	
432	400	765	  1	
432	407	765	  1	
432	438	765	  1	
434	 78	765	  1	
434	240	765	  1	
435	112	765	  1	
437	134	765	  1	
437	507	765	  1	
438	 13	765	  1	
438	176	765	  1	
438	200	765	  1	
438	369	765	  1	
438	384	765	  1	
439	 40	765	  1	
439	 47	765	  1	
439	246	765	  1	
439	323	765	  1	
440	 24	765	  1	
440	 52	765	  1	
440	 58	765	  1	
440	 77	765	  1	
440	104	765	  1	
440	133	765	  1	
440	168	765	  1	
440	195	765	  1	
440	213	765	  1	
440	269	765	  1	
440	272	765	  1	
440	333	765	  1	
442	109	765	  1	
442	208	765	  1	
443	114	765	  1	
443	142	765	  1	
443	283	765	  1	
444	  3	765	  1	
444	 48	765	  1	
445	131	765	  1	
446	  8	765	  1	
446	 31	765	  1	
446	213	765	  1	
447	104	765	  1	
447	143	765	  1	
447	168	765	  1	
447	232	765	  1	
448	 34	765	  1	
448	 39	765	  1	
448	 50	765	  1	
448	144	765	  1	
448	288	765	  1	
448	335	765	  1	
448	351	765	  1	
448	384	765	  1	
448	472	765	  1	
450	112	765	  1	
450	143	765	  1	
450	158	765	  1	
451	 96	765	  1	
451	317	765	  1	
451	328	765	  1	
451	344	765	  1	
453	 55	765	  1	
453	123	765	  1	
453	176	765	  1	
453	192	765	  1	
453	280	765	  1	
454	 32	765	  1	
454	 37	765	  1	
454	 80	765	  1	
454	152	765	  1	
455	295	765	  1	
455	335	765	  1	
455	351	765	  1	
456	 42	765	  1	
456	 85	765	  1	
456	107	765	  1	
456	115	765	  1	
456	168	765	  1	
456	200	765	  1	
456	233	765	  1	
456	254	765	  1	
456	264	765	  1	
456	296	765	  1	
456	338	765	  1	
456	348	765	  1	
459	184	765	  1	
460	 43	765	  1	
460	250	765	  1	
460	344	765	  1	
461	 62	765	  1	
461	119	765	  1	
461	302	765	  1	
461	312	765	  1	
463	 88	765	  1	
463	111	765	  1	
463	200	765	  1	
463	227	765	  1	
463	280	765	  1	
464	  8	765	  1	
464	124	765	  1	
464	133	765	  1	
464	142	765	  1	
464	151	765	  1	
464	269	765	  1	
464	288	765	  1	
464	323	765	  1	
464	336	765	  1	
466	359	765	  1	
467	 37	765	  1	
467	 72	765	  1	
467	 87	765	  1	
467	277	765	  1	
469	125	765	  1	
470	 14	765	  1	
470	 32	765	  1	
470	245	765	  1	
471	 80	765	  1	
471	336	765	  1	
472	 21	765	  1	
472	 44	765	  1	
472	 64	765	  1	
472	 70	765	  1	
472	165	765	  1	
472	207	765	  1	
472	256	765	  1	
472	268	765	  1	
472	344	765	  1	
472	359	765	  1	
472	383	765	  1	
474	160	765	  1	
474	193	765	  1	
474	279	765	  1	
475	 55	765	  1	
475	200	765	  1	
475	328	765	  1	
476	368	765	  1	
476	383	765	  1	
477	 67	765	  1	
477	104	765	  1	
477	126	765	  1	
478	166	765	  1	
478	186	765	  1	
479	 15	765	  1	
479	207	765	  1	
479	263	765	  1	
480	 34	765	  1	
480	 39	765	  1	
480	 96	765	  1	
480	114	765	  1	
480	219	765	  1	
480	254	765	  1	
480	292	765	  1	
480	296	765	  1	
480	325	765	  1	
480	336	765	  1	
480	375	765	  1	
480	431	765	  1	
480	471	765	  1	
480	555	765	  1	
481	 84	765	  1	
482	 70	765	  1	
484	 74	765	  1	
485	286	765	  1	
485	302	765	  1	
486	 64	765	  1	
486	 80	765	  1	
486	 93	765	  1	
486	339	765	  1	
487	344	765	  1	
488	 53	765	  1	
488	101	765	  1	
488	112	765	  1	
488	128	765	  1	
488	132	765	  1	
488	152	765	  1	
488	163	765	  1	
488	171	765	  1	
488	176	765	  1	
488	183	765	  1	
488	208	765	  1	
488	232	765	  1	
488	239	765	  1	
488	275	765	  1	
488	320	765	  1	
488	352	765	  1	
491	153	765	  1	
492	133	765	  1	
492	136	765	  1	
492	167	765	  1	
493	 94	765	  1	
493	184	765	  1	
493	214	765	  1	
493	256	765	  1	
493	383	765	  1	
495	  5	765	  1	
495	 72	765	  1	
495	153	765	  1	
495	162	765	  1	
495	179	765	  1	
496	151	765	  1	
496	207	765	  1	
496	242	765	  1	
496	304	765	  1	
497	 89	765	  1	
497	184	765	  1	
497	235	765	  1	
498	310	765	  1	
499	 48	765	  1	
499	 56	765	  1	
499	112	765	  1	
499	136	765	  1	
499	272	765	  1	
499	296	765	  1	
500	 16	765	  1	
500	202	765	  1	
502	 55	765	  1	
502	 90	765	  1	
502	304	765	  1	
503	 11	765	  1	
504	 24	765	  1	
504	 64	765	  1	
504	112	765	  1	
504	136	765	  1	
504	152	765	  1	
504	176	765	  1	
504	216	765	  1	
504	224	765	  1	
504	230	765	  1	
504	234	765	  1	
504	250	765	  1	
504	320	765	  1	
504	415	765	  1	
507	184	765	  1	
507	223	765	  1	
507	239	765	  1	
507	296	765	  1	
507	347	765	  1	
508	368	765	  1	
509	 78	765	  1	
509	143	765	  1	
509	158	765	  1	
510	189	765	  1	
511	216	765	  1	
511	320	765	  1	
511	416	765	  1	
512	 34	765	  1	
512	 54	765	  1	
512	 83	765	  1	
512	 92	765	  1	
512	136	765	  1	
512	166	765	  1	
512	212	765	  1	
512	256	765	  1	
512	271	765	  1	
512	274	765	  1	
512	279	765	  1	
512	309	765	  1	
512	328	765	  1	
512	362	765	  1	
514	160	765	  1	
514	208	765	  1	
514	304	765	  1	
514	347	765	  1	
515	 64	765	  1	
517	168	765	  1	
517	212	765	  1	
518	309	765	  1	
518	363	765	  1	
518	399	765	  1	
519	328	765	  1	
520	 59	765	  1	
520	 72	765	  1	
520	 96	765	  1	
520	102	765	  1	
520	118	765	  1	
520	173	765	  1	
520	184	765	  1	
520	191	765	  1	
520	198	765	  1	
520	247	765	  1	
520	323	765	  1	
520	336	765	  1	
520	343	765	  1	
520	432	765	  1	
521	114	765	  1	
522	201	765	  1	
522	229	765	  1	
523	152	765	  1	
523	240	765	  1	
524	206	765	  1	
525	 48	765	  1	
525	 86	765	  1	
525	 99	765	  1	
525	168	765	  1	
525	195	765	  1	
525	272	765	  1	
525	279	765	  1	
526	 62	765	  1	
526	111	765	  1	
526	566	765	  1	
527	 16	765	  1	
527	 72	765	  1	
527	176	765	  1	
527	247	765	  1	
527	323	765	  1	
528	 64	765	  1	
528	 89	765	  1	
528	179	765	  1	
528	276	765	  1	
528	319	765	  1	
528	391	765	  1	
530	104	765	  1	
531	120	765	  1	
531	208	765	  1	
531	336	765	  1	
531	384	765	  1	
532	 99	765	  1	
533	111	765	  1	
533	279	765	  1	
535	143	765	  1	
535	191	765	  1	
535	229	765	  1	
536	 71	765	  1	
536	173	765	  1	
536	184	765	  1	
536	188	765	  1	
536	241	765	  1	
536	246	765	  1	
536	255	765	  1	
536	375	765	  1	
536	400	765	  1	
536	487	765	  1	
539	 88	765	  1	
539	104	765	  1	
539	216	765	  1	
539	256	765	  1	
539	272	765	  1	
539	368	765	  1	
541	 78	765	  1	
541	152	765	  1	
541	242	765	  1	
541	247	765	  1	
541	336	765	  1	
542	191	765	  1	
542	262	765	  1	
543	184	765	  1	
543	480	765	  1	
544	 40	765	  1	
544	112	765	  1	
544	118	765	  1	
544	142	765	  1	
544	150	765	  1	
544	195	765	  1	
544	205	765	  1	
544	221	765	  1	
544	284	765	  1	
544	317	765	  1	
544	331	765	  1	
544	379	765	  1	
544	400	765	  1	
547	104	765	  1	
547	120	765	  1	
547	160	765	  1	
547	312	765	  1	
548	280	765	  1	
549	115	765	  1	
549	132	765	  1	
550	142	765	  1	
550	287	765	  1	
550	378	765	  1	
550	427	765	  1	
551	128	765	  1	
551	148	765	  1	
552	144	765	  1	
552	267	765	  1	
552	296	765	  1	
552	415	765	  1	
553	104	765	  1	
554	230	765	  1	
554	365	765	  1	
554	424	765	  1	
555	128	765	  1	
555	168	765	  1	
555	199	765	  1	
556	360	765	  1	
557	  2	765	  1	
557	  7	765	  1	
558	125	765	  1	
558	224	765	  1	
558	519	765	  1	
559	264	765	  1	
559	271	765	  1	
560	  8	765	  1	
560	 80	765	  1	
560	 87	765	  1	
560	168	765	  1	
560	189	765	  1	
560	209	765	  1	
560	237	765	  1	
560	251	765	  1	
560	259	765	  1	
560	272	765	  1	
560	278	765	  1	
560	291	765	  1	
560	303	765	  1	
560	306	765	  1	
560	352	765	  1	
560	359	765	  1	
560	367	765	  1	
560	440	765	  1	
564	446	765	  1	
565	120	765	  1	
565	304	765	  1	
565	311	765	  1	
567	 83	765	  1	
567	256	765	  1	
567	263	765	  1	
567	352	765	  1	
567	359	765	  1	
568	 14	765	  1	
568	 58	765	  1	
568	 70	765	  1	
568	 80	765	  1	
568	136	765	  1	
568	200	765	  1	
568	215	765	  1	
568	269	765	  1	
568	316	765	  1	
568	328	765	  1	
568	413	765	  1	
568	447	765	  1	
568	467	765	  1	
570	145	765	  1	
571	 86	765	  1	
571	408	765	  1	
571	487	765	  1	
573	222	765	  1	
573	319	765	  1	
573	351	765	  1	
574	313	765	  1	
574	523	765	  1	
575	536	765	  1	
576	 88	765	  1	
576	168	765	  1	
576	200	765	  1	
576	207	765	  1	
576	216	765	  1	
576	261	765	  1	
576	282	765	  1	
576	351	765	  1	
577	295	765	  1	
577	320	765	  1	
577	327	765	  1	
578	  6	765	  1	
578	125	765	  1	
578	256	765	  1	
578	279	765	  1	
579	120	765	  1	
579	175	765	  1	
579	240	765	  1	
579	360	765	  1	
580	311	765	  1	
581	  0	765	  1	
581	272	765	  1	
582	  3	765	  1	
583	  4	765	  1	
583	168	765	  1	
584	 80	765	  1	
584	 87	765	  1	
584	 96	765	  1	
584	107	765	  1	
584	136	765	  1	
584	184	765	  1	
584	190	765	  1	
584	220	765	  1	
584	237	765	  1	
584	296	765	  1	
584	330	765	  1	
586	117	765	  1	
587	111	765	  1	
587	256	765	  1	
588	312	765	  1	
589	202	765	  1	
590	109	765	  1	
590	260	765	  1	
591	 83	765	  1	
591	136	765	  1	
591	272	765	  1	
592	  0	765	  1	
592	 72	765	  1	
592	112	765	  1	
592	119	765	  1	
592	184	765	  1	
592	224	765	  1	
592	235	765	  1	
592	248	765	  1	
592	288	765	  1	
592	304	765	  1	
592	310	765	  1	
592	360	765	  1	
592	375	765	  1	
594	 96	765	  1	
594	230	765	  1	
594	295	765	  1	
595	  7	765	  1	
595	 79	765	  1	
595	197	765	  1	
595	342	765	  1	
597	100	765	  1	
597	307	765	  1	
597	372	765	  1	
598	115	765	  1	
598	224	765	  1	
598	288	765	  1	
598	367	765	  1	
599	  0	765	  1	
599	 72	765	  1	
599	195	765	  1	
599	248	765	  1	
599	263	765	  1	
599	400	765	  1	
600	 63	765	  1	
600	168	765	  1	
600	184	765	  1	
600	191	765	  1	
600	237	765	  1	
600	243	765	  1	
600	296	765	  1	
600	328	765	  1	
600	352	765	  1	
600	376	765	  1	
600	399	765	  1	
602	119	765	  1	
602	232	765	  1	
602	256	765	  1	
602	367	765	  1	
603	  8	765	  1	
603	175	765	  1	
603	303	765	  1	
603	318	765	  1	
603	383	765	  1	
603	429	765	  1	
605	 96	765	  1	
605	215	765	  1	
606	114	765	  1	
606	187	765	  1	
606	238	765	  1	
606	262	765	  1	
607	168	765	  1	
607	296	765	  1	
607	359	765	  1	
607	376	765	  1	
608	  3	765	  1	
608	100	765	  1	
608	256	765	  1	
608	268	765	  1	
608	272	765	  1	
608	298	765	  1	
608	311	765	  1	
609	279	765	  1	
613	103	765	  1	
613	248	765	  1	
615	  5	765	  1	
615	256	765	  1	
615	279	765	  1	
615	479	765	  1	
616	234	765	  1	
616	280	765	  1	
616	287	765	  1	
616	384	765	  1	
616	520	765	  1	
618	  4	765	  1	
618	305	765	  1	
619	182	765	  1	
619	222	765	  1	
619	312	765	  1	
619	391	765	  1	
621	232	765	  1	
621	239	765	  1	
623	  3	765	  1	
623	 64	765	  1	
623	283	765	  1	
623	318	765	  1	
623	384	765	  1	
624	152	765	  1	
624	211	765	  1	
624	256	765	  1	
624	272	765	  1	
624	346	765	  1	
626	495	765	  1	
627	 40	765	  1	
627	159	765	  1	
627	345	765	  1	
628	517	765	  1	
629	260	765	  1	
630	 69	765	  1	
630	295	765	  1	
631	  0	765	  1	
631	  7	765	  1	
631	152	765	  1	
632	 83	765	  1	
635	 16	765	  1	
635	368	765	  1	
637	 87	765	  1	
637	506	765	  1	
639	 52	765	  1	
639	271	765	  1	
639	391	765	  1	
639	432	765	  1	
640	213	765	  1	
640	232	765	  1	
640	296	765	  1	
646	 76	765	  1	
650	141	765	  1	
651	103	765	  1	
651	136	765	  1	
651	510	765	  1	
653	365	765	  1	
653	416	765	  1	
656	187	765	  1	
661	114	765	  1	
661	119	765	  1	
661	126	765	  1	
663	 75	765	  1	
663	327	765	  1	
664	 32	765	  1	
664	136	765	  1	
664	149	765	  1	
667	152	765	  1	
668	139	765	  1	
670	247	765	  1	
672	226	765	  1	
672	376	765	  1	
672	383	765	  1	
679	379	765	  1	
680	152	765	  1	
680	167	765	  1	
681	572	765	  1	
683	335	765	  1	
687	167	765	  1	
691	133	765	  1	
695	427	765	  1	
696	219	765	  1	
710	204	765	  1	
712	256	765	  1	
714	266	765	  1	
720	583	765	  1	
775	104	765	  1	
