# 
#  Image file: Goad2_T0189.jpg
#  Applied threshold: 575
#  Algorithm used: fill2                 
#  Particle count: 1897
#  Location (x,y), max luminance, and mass:
# 
  0	119	765	  1	
  0	521	765	  1	
  8	112	765	  1	
  8	130	765	  1	
 11	223	765	  1	
 16	346	765	  1	
 24	472	765	  1	
 28	379	765	  1	
 34	393	765	  1	
 35	149	765	  1	
 35	274	765	  1	
 37	210	765	  1	
 39	450	765	  1	
 48	464	765	  1	
 49	351	765	  1	
 51	 95	765	  1	
 55	 84	765	  1	
 55	151	765	  1	
 56	112	765	  1	
 56	149	765	  1	
 56	184	765	  1	
 56	191	765	  1	
 56	234	765	  1	
 56	264	765	  1	
 59	512	765	  1	
 62	159	765	  1	
 63	 87	765	  1	
 63	101	765	  1	
 63	104	765	  1	
 65	111	765	  1	
 67	149	765	  1	
 69	141	765	  1	
 69	399	765	  1	
 70	319	765	  1	
 70	523	765	  1	
 71	103	765	  1	
 72	117	765	  1	
 73	328	765	  1	
 79	128	765	  1	
 79	263	765	  1	
 80	127	765	  1	
 80	199	765	  1	
 80	208	765	  1	
 80	215	765	  1	
 80	352	765	  1	
 80	382	765	  1	
 83	359	765	  1	
 83	392	765	  1	
 86	141	765	  1	
 87	149	765	  1	
 87	280	765	  1	
 87	352	765	  1	
 87	397	765	  1	
 88	120	765	  1	
 88	240	765	  1	
 88	320	765	  1	
 88	327	765	  1	
 91	127	765	  1	
 95	120	765	  1	
 95	323	765	  1	
 95	512	765	  1	
 96	128	765	  1	
 96	142	765	  1	
 96	319	765	  1	
 96	325	765	  1	
 96	384	765	  1	
 96	415	765	  1	
 96	460	765	  1	
 99	312	765	  1	
 99	365	765	  1	
101	 85	765	  1	
103	139	765	  1	
103	255	765	  1	
103	319	765	  1	
104	322	765	  1	
104	419	765	  1	
104	504	765	  1	
107	102	765	  1	
108	414	765	  1	
109	327	765	  1	
111	 32	765	  1	
111	178	765	  1	
111	240	765	  1	
111	344	765	  1	
112	 55	765	  1	
112	120	765	  1	
112	133	765	  1	
112	199	765	  1	
112	384	765	  1	
112	411	765	  1	
112	599	765	  1	
113	264	765	  1	
115	192	765	  1	
116	271	765	  1	
118	198	765	  1	
119	120	765	  1	
119	133	765	  1	
119	385	765	  1	
119	411	765	  1	
119	496	765	  1	
120	 52	765	  1	
120	103	765	  1	
120	175	765	  1	
120	232	765	  1	
120	245	765	  1	
120	256	765	  1	
120	280	765	  1	
120	291	765	  1	
120	414	765	  1	
120	424	765	  1	
121	 43	765	  1	
121	263	765	  1	
123	168	765	  1	
123	200	765	  1	
123	210	765	  1	
123	287	765	  1	
123	528	765	  1	
125	335	765	  1	
125	344	765	  1	
126	125	765	  1	
126	257	765	  1	
126	391	765	  1	
127	175	765	  1	
127	280	765	  1	
127	288	765	  1	
127	295	765	  1	
127	351	765	  1	
127	414	765	  1	
128	112	765	  1	
128	128	765	  1	
128	132	765	  1	
128	183	765	  1	
128	224	765	  1	
128	304	765	  1	
128	311	765	  1	
128	398	765	  1	
128	424	765	  1	
128	448	765	  1	
130	 90	765	  1	
130	167	765	  1	
130	223	765	  1	
131	176	765	  1	
132	558	765	  1	
133	184	765	  1	
133	189	765	  1	
133	215	765	  1	
134	277	765	  1	
135	307	765	  1	
135	431	765	  1	
135	454	765	  1	
136	112	765	  1	
136	119	765	  1	
136	200	765	  1	
136	368	765	  1	
136	430	765	  1	
136	536	765	  1	
137	592	765	  1	
138	260	765	  1	
139	167	765	  1	
139	358	765	  1	
139	375	765	  1	
141	 83	765	  1	
141	128	765	  1	
141	191	765	  1	
141	205	765	  1	
141	224	765	  1	
142	272	765	  1	
142	352	765	  1	
143	111	765	  1	
143	368	765	  1	
143	472	765	  1	
143	479	765	  1	
143	536	765	  1	
144	114	765	  1	
144	137	765	  1	
144	143	765	  1	
144	300	765	  1	
144	327	765	  1	
144	339	765	  1	
144	380	765	  1	
146	163	765	  1	
147	 77	765	  1	
147	320	765	  1	
148	 92	765	  1	
149	120	765	  1	
149	184	765	  1	
149	383	765	  1	
150	104	765	  1	
150	351	765	  1	
151	 72	765	  1	
151	169	765	  1	
151	327	765	  1	
151	368	765	  1	
152	162	765	  1	
152	210	765	  1	
152	216	765	  1	
152	221	765	  1	
152	248	765	  1	
152	261	765	  1	
152	331	765	  1	
152	375	765	  1	
154	125	765	  1	
155	120	765	  1	
155	136	765	  1	
155	160	765	  1	
155	231	765	  1	
155	320	765	  1	
156	175	765	  1	
158	326	765	  1	
159	143	765	  1	
159	224	765	  1	
160	 80	765	  1	
160	132	765	  1	
160	189	765	  1	
160	240	765	  1	
160	359	765	  1	
161	215	765	  1	
163	 15	765	  1	
163	352	765	  1	
165	 64	765	  1	
165	123	765	  1	
165	136	765	  1	
165	166	765	  1	
165	184	765	  1	
165	280	765	  1	
166	  8	765	  1	
166	247	765	  1	
166	266	765	  1	
167	 80	765	  1	
167	359	765	  1	
168	103	765	  1	
168	168	765	  1	
168	240	765	  1	
169	221	765	  1	
169	336	765	  1	
171	 88	765	  1	
171	124	765	  1	
171	151	765	  1	
173	136	765	  1	
173	143	765	  1	
173	256	765	  1	
174	 48	765	  1	
174	 55	765	  1	
175	103	765	  1	
175	268	765	  1	
175	342	765	  1	
176	 80	765	  1	
176	 86	765	  1	
176	 96	765	  1	
176	104	765	  1	
176	114	765	  1	
176	125	765	  1	
176	151	765	  1	
176	176	765	  1	
176	198	765	  1	
176	205	765	  1	
176	306	765	  1	
177	167	765	  1	
178	101	765	  1	
178	142	765	  1	
178	182	765	  1	
178	544	765	  1	
179	184	765	  1	
179	296	765	  1	
181	 94	765	  1	
181	110	765	  1	
181	176	765	  1	
181	304	765	  1	
181	311	765	  1	
181	315	765	  1	
181	328	765	  1	
181	335	765	  1	
182	136	765	  1	
182	160	765	  1	
182	206	765	  1	
183	147	765	  1	
183	182	765	  1	
183	216	765	  1	
183	220	765	  1	
183	560	765	  1	
184	101	765	  1	
184	144	765	  1	
184	157	765	  1	
184	168	765	  1	
184	215	765	  1	
184	232	765	  1	
184	280	765	  1	
184	285	765	  1	
184	292	765	  1	
184	336	765	  1	
184	367	765	  1	
184	408	765	  1	
186	118	765	  1	
186	152	765	  1	
186	210	765	  1	
187	 80	765	  1	
187	 87	765	  1	
187	343	765	  1	
189	 56	765	  1	
190	112	765	  1	
190	158	765	  1	
190	215	765	  1	
191	 99	765	  1	
191	292	765	  1	
191	336	765	  1	
191	415	765	  1	
192	 69	765	  1	
192	155	765	  1	
192	160	765	  1	
192	184	765	  1	
192	191	765	  1	
192	203	765	  1	
192	224	765	  1	
192	247	765	  1	
192	269	765	  1	
192	330	765	  1	
192	371	765	  1	
192	379	765	  1	
192	423	765	  1	
192	434	765	  1	
192	489	765	  1	
195	416	765	  1	
196	360	765	  1	
197	104	765	  1	
197	132	765	  1	
198	232	765	  1	
198	352	765	  1	
198	367	765	  1	
199	200	765	  1	
199	207	765	  1	
199	375	765	  1	
199	383	765	  1	
199	423	765	  1	
200	 32	765	  1	
200	 58	765	  1	
200	 63	765	  1	
200	117	765	  1	
200	141	765	  1	
200	181	765	  1	
200	280	765	  1	
200	385	765	  1	
200	407	765	  1	
200	455	765	  1	
200	525	765	  1	
203	166	765	  1	
203	416	765	  1	
203	564	765	  1	
205	190	765	  1	
206	  6	765	  1	
206	 74	765	  1	
206	160	765	  1	
206	239	765	  1	
207	 63	765	  1	
207	181	765	  1	
207	235	765	  1	
207	255	765	  1	
207	423	765	  1	
207	448	765	  1	
208	 80	765	  1	
208	147	765	  1	
208	168	765	  1	
208	197	765	  1	
208	202	765	  1	
208	240	765	  1	
208	272	765	  1	
208	287	765	  1	
208	414	765	  1	
208	475	765	  1	
210	136	765	  1	
210	279	765	  1	
210	408	765	  1	
211	158	765	  1	
211	175	765	  1	
211	247	765	  1	
211	351	765	  1	
211	429	765	  1	
212	268	765	  1	
213	206	765	  1	
213	283	765	  1	
214	 87	765	  1	
214	224	765	  1	
214	228	765	  1	
214	368	765	  1	
214	375	765	  1	
214	415	765	  1	
214	472	765	  1	
215	168	765	  1	
215	240	765	  1	
215	272	765	  1	
216	181	765	  1	
216	192	765	  1	
216	352	765	  1	
216	456	765	  1	
216	469	765	  1	
216	496	765	  1	
216	503	765	  1	
216	512	765	  1	
217	175	765	  1	
217	368	765	  1	
218	236	765	  1	
218	336	765	  1	
219	 16	765	  1	
219	288	765	  1	
219	426	765	  1	
219	435	765	  1	
219	455	765	  1	
219	463	765	  1	
219	495	765	  1	
219	519	765	  1	
221	  8	765	  1	
221	 13	765	  1	
221	166	765	  1	
221	176	765	  1	
221	296	765	  1	
221	408	765	  1	
222	488	765	  1	
222	499	765	  1	
222	559	765	  1	
223	 72	765	  1	
223	295	765	  1	
223	456	765	  1	
223	469	765	  1	
224	 53	765	  1	
224	152	765	  1	
224	189	765	  1	
224	200	765	  1	
224	242	765	  1	
224	271	765	  1	
224	346	765	  1	
224	367	765	  1	
224	373	765	  1	
224	483	765	  1	
225	224	765	  1	
226	 24	765	  1	
226	179	765	  1	
227	127	765	  1	
227	264	765	  1	
227	360	765	  1	
227	496	765	  1	
228	 48	765	  1	
228	191	765	  1	
229	368	765	  1	
229	414	765	  1	
230	 55	765	  1	
230	182	765	  1	
231	 36	765	  1	
231	120	765	  1	
231	271	765	  1	
231	480	765	  1	
231	487	765	  1	
232	  4	765	  1	
232	 16	765	  1	
232	 23	765	  1	
232	 80	765	  1	
232	144	765	  1	
232	176	765	  1	
232	214	765	  1	
232	320	765	  1	
232	360	765	  1	
232	364	765	  1	
232	384	765	  1	
232	575	765	  1	
233	368	765	  1	
233	375	765	  1	
234	127	765	  1	
234	440	765	  1	
235	160	765	  1	
235	568	765	  1	
237	323	765	  1	
238	122	765	  1	
238	231	765	  1	
239	 19	765	  1	
239	111	765	  1	
239	369	765	  1	
239	384	765	  1	
239	441	765	  1	
239	575	765	  1	
240	 28	765	  1	
240	 80	765	  1	
240	184	765	  1	
240	195	765	  1	
240	202	765	  1	
240	208	765	  1	
240	406	765	  1	
240	424	765	  1	
240	552	765	  1	
241	216	765	  1	
242	294	765	  1	
243	 87	765	  1	
244	118	765	  1	
245	160	765	  1	
245	171	765	  1	
245	223	765	  1	
245	318	765	  1	
245	488	765	  1	
246	208	765	  1	
246	453	765	  1	
246	468	765	  1	
247	 80	765	  1	
247	136	765	  1	
247	424	765	  1	
247	464	765	  1	
248	  8	765	  1	
248	 47	765	  1	
248	101	765	  1	
248	304	765	  1	
248	374	765	  1	
248	413	765	  1	
250	311	765	  1	
250	400	765	  1	
251	 40	765	  1	
251	176	765	  1	
251	199	765	  1	
251	279	765	  1	
251	382	765	  1	
251	496	765	  1	
252	269	765	  1	
252	355	765	  1	
253	 96	765	  1	
253	208	765	  1	
254	372	765	  1	
254	406	765	  1	
255	 47	765	  1	
255	175	765	  1	
255	259	765	  1	
255	291	765	  1	
255	304	765	  1	
255	531	765	  1	
256	160	765	  1	
256	278	765	  1	
256	352	765	  1	
256	384	765	  1	
256	399	765	  1	
256	416	765	  1	
256	435	765	  1	
256	454	765	  1	
256	496	765	  1	
256	568	765	  1	
256	575	765	  1	
257	196	765	  1	
258	136	765	  1	
259	207	765	  1	
259	400	765	  1	
260	303	765	  1	
260	389	765	  1	
261	 75	765	  1	
262	 29	765	  1	
262	202	765	  1	
262	239	765	  1	
262	269	765	  1	
262	399	765	  1	
262	427	765	  1	
263	195	765	  1	
263	496	765	  1	
264	  8	765	  1	
264	 91	765	  1	
264	104	765	  1	
264	120	765	  1	
264	124	765	  1	
264	134	765	  1	
264	174	765	  1	
264	216	765	  1	
264	322	765	  1	
264	329	765	  1	
264	410	765	  1	
264	415	765	  1	
264	433	765	  1	
264	537	765	  1	
265	 83	765	  1	
265	407	765	  1	
266	168	765	  1	
266	392	765	  1	
267	 72	765	  1	
267	136	765	  1	
267	336	765	  1	
268	174	765	  1	
268	303	765	  1	
268	390	765	  1	
268	399	765	  1	
268	432	765	  1	
269	 31	765	  1	
269	112	765	  1	
269	120	765	  1	
269	320	765	  1	
269	327	765	  1	
270	480	765	  1	
271	 26	765	  1	
271	127	765	  1	
271	168	765	  1	
271	263	765	  1	
271	392	765	  1	
271	401	765	  1	
272	136	765	  1	
272	152	765	  1	
272	163	765	  1	
272	179	765	  1	
272	190	765	  1	
272	346	765	  1	
272	400	765	  1	
272	432	765	  1	
272	438	765	  1	
273	 90	765	  1	
274	104	765	  1	
274	224	765	  1	
274	475	765	  1	
275	135	765	  1	
275	302	765	  1	
275	384	765	  1	
275	408	765	  1	
275	448	765	  1	
277	344	765	  1	
277	415	765	  1	
277	435	765	  1	
277	512	765	  1	
278	 95	765	  1	
278	475	765	  1	
278	487	765	  1	
279	119	765	  1	
279	248	765	  1	
280	  0	765	  1	
280	  8	765	  1	
280	 32	765	  1	
280	 96	765	  1	
280	108	765	  1	
280	142	765	  1	
280	168	765	  1	
280	282	765	  1	
280	296	765	  1	
280	314	765	  1	
280	328	765	  1	
280	376	765	  1	
280	424	765	  1	
280	428	765	  1	
280	456	765	  1	
280	493	765	  1	
280	504	765	  1	
282	368	765	  1	
282	408	765	  1	
283	123	765	  1	
283	382	765	  1	
283	440	765	  1	
284	504	765	  1	
285	 56	765	  1	
285	115	765	  1	
285	174	765	  1	
285	302	765	  1	
285	312	765	  1	
285	319	765	  1	
285	470	765	  1	
286	162	765	  1	
286	167	765	  1	
287	120	765	  1	
287	334	765	  1	
287	414	765	  1	
288	 32	765	  1	
288	 78	765	  1	
288	 85	765	  1	
288	146	765	  1	
288	171	765	  1	
288	176	765	  1	
288	180	765	  1	
288	192	765	  1	
288	224	765	  1	
288	228	765	  1	
288	232	765	  1	
288	294	765	  1	
288	314	765	  1	
288	320	765	  1	
288	344	765	  1	
288	351	765	  1	
288	356	765	  1	
288	365	765	  1	
288	371	765	  1	
288	384	765	  1	
288	389	765	  1	
288	410	765	  1	
288	440	765	  1	
288	447	765	  1	
288	480	765	  1	
288	493	765	  1	
288	498	765	  1	
289	376	765	  1	
290	 61	765	  1	
290	 75	765	  1	
290	238	765	  1	
290	326	765	  1	
290	360	765	  1	
291	  8	765	  1	
291	 96	765	  1	
291	137	765	  1	
291	487	765	  1	
293	199	765	  1	
293	315	765	  1	
293	408	765	  1	
293	415	765	  1	
294	 38	765	  1	
294	 72	765	  1	
294	232	765	  1	
294	320	765	  1	
294	366	765	  1	
294	391	765	  1	
294	495	765	  1	
295	 56	765	  1	
295	294	765	  1	
295	383	765	  1	
295	480	765	  1	
295	490	765	  1	
296	  8	765	  1	
296	 53	765	  1	
296	100	765	  1	
296	184	765	  1	
296	236	765	  1	
296	250	765	  1	
296	311	765	  1	
296	416	765	  1	
296	423	765	  1	
296	463	765	  1	
296	510	765	  1	
296	528	765	  1	
296	535	765	  1	
298	111	765	  1	
298	189	765	  1	
298	504	765	  1	
299	176	765	  1	
299	246	765	  1	
299	320	765	  1	
299	456	765	  1	
301	  0	765	  1	
301	 36	765	  1	
301	 48	765	  1	
301	 82	765	  1	
301	128	765	  1	
301	143	765	  1	
301	168	765	  1	
301	510	765	  1	
302	304	765	  1	
302	328	765	  1	
303	 99	765	  1	
303	184	765	  1	
303	379	765	  1	
303	463	765	  1	
303	504	765	  1	
304	 27	765	  1	
304	 90	765	  1	
304	117	765	  1	
304	176	765	  1	
304	183	765	  1	
304	217	765	  1	
304	238	765	  1	
304	312	765	  1	
304	333	765	  1	
304	342	765	  1	
304	347	765	  1	
304	368	765	  1	
304	382	765	  1	
304	396	765	  1	
304	415	765	  1	
304	473	765	  1	
304	490	765	  1	
305	392	765	  1	
306	 16	765	  1	
306	211	765	  1	
306	374	765	  1	
306	416	765	  1	
307	102	765	  1	
307	232	765	  1	
307	276	765	  1	
307	408	765	  1	
307	527	765	  1	
308	255	765	  1	
308	292	765	  1	
309	 54	765	  1	
309	112	765	  1	
309	150	765	  1	
309	204	765	  1	
309	240	765	  1	
309	247	765	  1	
309	302	765	  1	
310	 95	765	  1	
310	284	765	  1	
310	343	765	  1	
310	368	765	  1	
310	398	765	  1	
310	520	765	  1	
311	 27	765	  1	
311	320	765	  1	
311	351	765	  1	
311	382	765	  1	
311	415	765	  1	
312	 72	765	  1	
312	 78	765	  1	
312	224	765	  1	
312	235	765	  1	
312	243	765	  1	
312	248	765	  1	
312	287	765	  1	
312	347	765	  1	
312	371	765	  1	
312	459	765	  1	
312	527	765	  1	
314	320	765	  1	
315	 64	765	  1	
315	176	765	  1	
317	 75	765	  1	
317	 88	765	  1	
317	 96	765	  1	
317	152	765	  1	
317	261	765	  1	
317	379	765	  1	
317	500	765	  1	
318	112	765	  1	
319	136	765	  1	
319	296	765	  1	
319	368	765	  1	
319	375	765	  1	
319	416	765	  1	
319	595	765	  1	
320	  0	765	  1	
320	  6	765	  1	
320	 16	765	  1	
320	 20	765	  1	
320	109	765	  1	
320	146	765	  1	
320	168	765	  1	
320	248	765	  1	
320	291	765	  1	
320	304	765	  1	
320	360	765	  1	
320	427	765	  1	
320	432	765	  1	
320	501	765	  1	
322	106	765	  1	
323	 48	765	  1	
323	256	765	  1	
323	311	765	  1	
325	  0	765	  1	
325	 56	765	  1	
325	 71	765	  1	
325	144	765	  1	
325	151	765	  1	
325	254	765	  1	
325	424	765	  1	
326	262	765	  1	
326	288	765	  1	
326	295	765	  1	
327	168	765	  1	
327	304	765	  1	
328	 22	765	  1	
328	 78	765	  1	
328	109	765	  1	
328	128	765	  1	
328	176	765	  1	
328	190	765	  1	
328	195	765	  1	
328	205	765	  1	
328	237	765	  1	
328	264	765	  1	
328	271	765	  1	
328	303	765	  1	
328	320	765	  1	
328	336	765	  1	
328	391	765	  1	
328	398	765	  1	
328	448	765	  1	
328	480	765	  1	
328	496	765	  1	
328	568	765	  1	
329	288	765	  1	
330	 72	765	  1	
330	266	765	  1	
330	326	765	  1	
330	487	765	  1	
331	 88	765	  1	
331	183	765	  1	
331	296	765	  1	
331	362	765	  1	
332	133	765	  1	
333	 79	765	  1	
333	150	765	  1	
333	224	765	  1	
333	312	765	  1	
333	501	765	  1	
334	480	765	  1	
335	264	765	  1	
335	271	765	  1	
335	303	765	  1	
335	398	765	  1	
335	575	765	  1	
336	 27	765	  1	
336	 72	765	  1	
336	 91	765	  1	
336	188	765	  1	
336	248	765	  1	
336	268	765	  1	
336	352	765	  1	
336	440	765	  1	
336	455	765	  1	
337	163	765	  1	
337	256	765	  1	
338	421	765	  1	
338	446	765	  1	
339	143	765	  1	
339	400	765	  1	
340	262	765	  1	
341	 96	765	  1	
341	116	765	  1	
341	326	765	  1	
341	360	765	  1	
341	372	765	  1	
342	440	765	  1	
343	 27	765	  1	
343	176	765	  1	
343	192	765	  1	
343	312	765	  1	
343	352	765	  1	
343	416	765	  1	
343	455	765	  1	
343	515	765	  1	
344	  0	765	  1	
344	 38	765	  1	
344	 56	765	  1	
344	105	765	  1	
344	152	765	  1	
344	216	765	  1	
344	255	765	  1	
344	264	765	  1	
344	267	765	  1	
344	324	765	  1	
344	356	765	  1	
344	400	765	  1	
344	467	765	  1	
345	 72	765	  1	
346	328	765	  1	
346	360	765	  1	
347	314	765	  1	
347	448	765	  1	
349	 34	765	  1	
349	 54	765	  1	
349	264	765	  1	
349	332	765	  1	
349	407	765	  1	
350	110	765	  1	
350	268	765	  1	
350	366	765	  1	
350	419	765	  1	
351	200	765	  1	
351	216	765	  1	
351	455	765	  1	
352	  0	765	  1	
352	 10	765	  1	
352	 15	765	  1	
352	 64	765	  1	
352	 80	765	  1	
352	 86	765	  1	
352	123	765	  1	
352	143	765	  1	
352	146	765	  1	
352	195	765	  1	
352	208	765	  1	
352	240	765	  1	
352	262	765	  1	
352	282	765	  1	
352	291	765	  1	
352	320	765	  1	
352	360	765	  1	
352	409	765	  1	
352	426	765	  1	
352	432	765	  1	
352	440	765	  1	
352	480	765	  1	
354	255	765	  1	
354	264	765	  1	
355	 24	765	  1	
355	152	765	  1	
355	224	765	  1	
355	327	765	  1	
357	 80	765	  1	
357	 87	765	  1	
357	144	765	  1	
357	151	765	  1	
357	199	765	  1	
357	271	765	  1	
357	287	765	  1	
357	314	765	  1	
357	319	765	  1	
357	376	765	  1	
357	431	765	  1	
358	 71	765	  1	
358	120	765	  1	
358	127	765	  1	
358	256	765	  1	
358	275	765	  1	
358	331	765	  1	
359	215	765	  1	
360	 13	765	  1	
360	 19	765	  1	
360	 24	765	  1	
360	 36	765	  1	
360	 48	765	  1	
360	 55	765	  1	
360	 83	765	  1	
360	168	765	  1	
360	220	765	  1	
360	232	765	  1	
360	248	765	  1	
360	295	765	  1	
360	301	765	  1	
360	328	765	  1	
360	335	765	  1	
360	352	765	  1	
360	396	765	  1	
360	415	765	  1	
360	543	765	  1	
363	  0	765	  1	
363	136	765	  1	
363	277	765	  1	
364	 80	765	  1	
364	 87	765	  1	
365	  8	765	  1	
365	223	765	  1	
365	320	765	  1	
365	325	765	  1	
365	456	765	  1	
367	256	765	  1	
367	264	765	  1	
367	331	765	  1	
367	352	765	  1	
367	407	765	  1	
367	432	765	  1	
368	 12	765	  1	
368	135	765	  1	
368	161	765	  1	
368	204	765	  1	
368	224	765	  1	
368	235	765	  1	
368	247	765	  1	
368	296	765	  1	
368	317	765	  1	
368	346	765	  1	
368	376	765	  1	
368	445	765	  1	
369	 80	765	  1	
369	522	765	  1	
371	171	765	  1	
371	231	765	  1	
371	352	765	  1	
373	  0	765	  1	
373	328	765	  1	
373	335	765	  1	
373	344	765	  1	
373	351	765	  1	
374	 12	765	  1	
374	418	765	  1	
375	 16	765	  1	
375	224	765	  1	
375	243	765	  1	
375	359	765	  1	
375	445	765	  1	
375	527	765	  1	
376	 80	765	  1	
376	 87	765	  1	
376	158	765	  1	
376	237	765	  1	
376	336	765	  1	
376	343	765	  1	
376	413	765	  1	
376	487	765	  1	
377	  0	765	  1	
377	  7	765	  1	
377	112	765	  1	
377	371	765	  1	
378	304	765	  1	
379	311	765	  1	
381	 15	765	  1	
381	 59	765	  1	
381	392	765	  1	
381	397	765	  1	
382	117	765	  1	
382	126	765	  1	
383	291	765	  1	
384	 24	765	  1	
384	 35	765	  1	
384	 98	765	  1	
384	166	765	  1	
384	224	765	  1	
384	360	765	  1	
384	488	765	  1	
385	207	765	  1	
386	109	765	  1	
386	133	765	  1	
387	128	765	  1	
387	192	765	  1	
387	327	765	  1	
387	408	765	  1	
387	415	765	  1	
388	 90	765	  1	
389	207	765	  1	
389	368	765	  1	
389	400	765	  1	
389	407	765	  1	
390	  8	765	  1	
390	 69	765	  1	
390	120	765	  1	
390	164	765	  1	
390	389	765	  1	
391	230	765	  1	
392	  4	765	  1	
392	133	765	  1	
392	139	765	  1	
392	154	765	  1	
392	168	765	  1	
392	176	765	  1	
392	283	765	  1	
392	299	765	  1	
392	304	765	  1	
392	321	765	  1	
395	  0	765	  1	
395	 59	765	  1	
395	 68	765	  1	
395	175	765	  1	
395	183	765	  1	
395	384	765	  1	
396	128	765	  1	
397	 16	765	  1	
397	126	765	  1	
397	310	765	  1	
399	168	765	  1	
399	176	765	  1	
399	368	765	  1	
399	375	765	  1	
399	391	765	  1	
400	  0	765	  1	
400	 29	765	  1	
400	 40	765	  1	
400	 48	765	  1	
400	128	765	  1	
400	141	765	  1	
400	347	765	  1	
400	506	765	  1	
401	 59	765	  1	
402	430	765	  1	
403	 64	765	  1	
403	197	765	  1	
403	379	765	  1	
404	131	765	  1	
404	482	765	  1	
405	 16	765	  1	
405	 23	765	  1	
405	152	765	  1	
406	351	765	  1	
406	494	765	  1	
407	 40	765	  1	
407	143	765	  1	
407	168	765	  1	
407	436	765	  1	
407	544	765	  1	
408	  5	765	  1	
408	  8	765	  1	
408	 39	765	  1	
408	 43	765	  1	
408	 74	765	  1	
408	 96	765	  1	
408	115	765	  1	
408	123	765	  1	
408	182	765	  1	
408	200	765	  1	
408	219	765	  1	
408	317	765	  1	
408	323	765	  1	
408	328	765	  1	
409	 72	765	  1	
410	 30	765	  1	
410	 94	765	  1	
411	  4	765	  1	
412	445	765	  1	
413	 37	765	  1	
413	312	765	  1	
413	416	765	  1	
414	 24	765	  1	
414	 79	765	  1	
414	344	765	  1	
414	376	765	  1	
415	 10	765	  1	
415	200	765	  1	
415	216	765	  1	
415	223	765	  1	
415	323	765	  1	
415	392	765	  1	
416	 39	765	  1	
416	 48	765	  1	
416	 56	765	  1	
416	 61	765	  1	
416	126	765	  1	
416	160	765	  1	
416	176	765	  1	
416	183	765	  1	
416	192	765	  1	
416	352	765	  1	
416	384	765	  1	
416	400	765	  1	
416	419	765	  1	
416	455	765	  1	
416	552	765	  1	
418	120	765	  1	
419	 32	765	  1	
419	391	765	  1	
419	559	765	  1	
421	384	765	  1	
421	426	765	  1	
421	487	765	  1	
422	127	765	  1	
422	179	765	  1	
422	220	765	  1	
422	424	765	  1	
422	431	765	  1	
423	  8	765	  1	
423	 39	765	  1	
423	 52	765	  1	
423	 76	765	  1	
423	111	765	  1	
423	160	765	  1	
423	194	765	  1	
423	455	765	  1	
423	495	765	  1	
423	552	765	  1	
424	 45	765	  1	
424	 56	765	  1	
424	 63	765	  1	
424	105	765	  1	
424	112	765	  1	
424	157	765	  1	
424	224	765	  1	
424	280	765	  1	
424	360	765	  1	
424	463	765	  1	
426	216	765	  1	
426	367	765	  1	
427	119	765	  1	
427	223	765	  1	
427	291	765	  1	
428	 59	765	  1	
428	302	765	  1	
429	 32	765	  1	
429	 70	765	  1	
430	112	765	  1	
430	185	765	  1	
430	197	765	  1	
430	335	765	  1	
431	167	765	  1	
431	427	765	  1	
432	128	765	  1	
432	144	765	  1	
432	156	765	  1	
432	165	765	  1	
432	192	765	  1	
432	207	765	  1	
432	264	765	  1	
432	271	765	  1	
432	344	765	  1	
432	379	765	  1	
432	397	765	  1	
434	232	765	  1	
434	350	765	  1	
434	376	765	  1	
436	  6	765	  1	
436	160	765	  1	
437	 32	765	  1	
437	 39	765	  1	
437	120	765	  1	
437	195	765	  1	
437	344	765	  1	
438	383	765	  1	
439	  0	765	  1	
439	175	765	  1	
439	264	765	  1	
439	271	765	  1	
439	350	765	  1	
440	  5	765	  1	
440	 43	765	  1	
440	 50	765	  1	
440	106	765	  1	
440	128	765	  1	
440	139	765	  1	
440	219	765	  1	
440	243	765	  1	
440	256	765	  1	
440	280	765	  1	
440	302	765	  1	
440	431	765	  1	
442	 14	765	  1	
442	 90	765	  1	
442	144	765	  1	
443	  8	765	  1	
443	 95	765	  1	
443	221	765	  1	
443	376	765	  1	
444	131	765	  1	
444	240	765	  1	
445	  0	765	  1	
445	 48	765	  1	
445	 55	765	  1	
445	286	765	  1	
446	263	765	  1	
446	296	765	  1	
447	216	765	  1	
447	374	765	  1	
447	383	765	  1	
448	 32	765	  1	
448	125	765	  1	
448	160	765	  1	
448	192	765	  1	
448	495	765	  1	
450	180	765	  1	
450	296	765	  1	
453	 37	765	  1	
453	 80	765	  1	
454	 92	765	  1	
455	 64	765	  1	
455	303	765	  1	
455	352	765	  1	
456	  2	765	  1	
456	 53	765	  1	
456	147	765	  1	
456	175	765	  1	
456	257	765	  1	
456	269	765	  1	
456	296	765	  1	
456	354	765	  1	
456	359	765	  1	
456	368	765	  1	
458	109	765	  1	
459	  7	765	  1	
459	 15	765	  1	
459	264	765	  1	
459	375	765	  1	
459	422	765	  1	
460	 87	765	  1	
461	198	765	  1	
461	299	765	  1	
461	467	765	  1	
462	166	765	  1	
463	104	765	  1	
463	368	765	  1	
464	 16	765	  1	
464	232	765	  1	
464	248	765	  1	
464	400	765	  1	
466	 40	765	  1	
466	173	765	  1	
467	 51	765	  1	
467	160	765	  1	
467	320	765	  1	
467	358	765	  1	
469	  0	765	  1	
469	272	765	  1	
469	288	765	  1	
470	188	765	  1	
471	400	765	  1	
471	511	765	  1	
472	165	765	  1	
472	175	765	  1	
472	200	765	  1	
472	344	765	  1	
472	368	765	  1	
473	206	765	  1	
475	152	765	  1	
475	248	765	  1	
477	160	765	  1	
477	214	765	  1	
477	416	765	  1	
479	336	765	  1	
480	  0	765	  1	
480	 22	765	  1	
480	 82	765	  1	
480	112	765	  1	
480	119	765	  1	
480	144	765	  1	
480	176	765	  1	
480	224	765	  1	
480	230	765	  1	
480	239	765	  1	
480	253	765	  1	
480	269	765	  1	
480	280	765	  1	
480	284	765	  1	
480	355	765	  1	
480	504	765	  1	
482	264	765	  1	
482	515	765	  1	
483	 64	765	  1	
483	208	765	  1	
484	115	765	  1	
485	 14	765	  1	
485	182	765	  1	
485	227	765	  1	
485	248	765	  1	
485	311	765	  1	
486	205	765	  1	
486	270	765	  1	
486	296	765	  1	
487	 87	765	  1	
487	352	765	  1	
487	359	765	  1	
488	 24	765	  1	
488	 51	765	  1	
488	131	765	  1	
488	153	765	  1	
488	168	765	  1	
488	174	765	  1	
488	219	765	  1	
489	275	765	  1	
489	280	765	  1	
490	128	765	  1	
490	171	765	  1	
490	200	765	  1	
491	 39	765	  1	
491	119	765	  1	
491	248	765	  1	
491	583	765	  1	
492	167	765	  1	
493	  8	765	  1	
493	 15	765	  1	
493	 96	765	  1	
493	256	765	  1	
494	161	765	  1	
494	175	765	  1	
495	135	765	  1	
496	 22	765	  1	
496	105	765	  1	
496	144	765	  1	
496	204	765	  1	
496	219	765	  1	
496	240	765	  1	
496	285	765	  1	
496	291	765	  1	
496	326	765	  1	
496	359	765	  1	
497	  7	765	  1	
497	111	765	  1	
497	344	765	  1	
498	280	765	  1	
499	 16	765	  1	
499	 70	765	  1	
499	168	765	  1	
499	312	765	  1	
499	352	765	  1	
499	472	765	  1	
500	104	765	  1	
501	147	765	  1	
501	158	765	  1	
502	  0	765	  1	
502	174	765	  1	
502	286	765	  1	
503	 32	765	  1	
503	216	765	  1	
503	359	765	  1	
504	  8	765	  1	
504	 16	765	  1	
504	 23	765	  1	
504	 48	765	  1	
504	112	765	  1	
504	176	765	  1	
504	195	765	  1	
504	208	765	  1	
504	253	765	  1	
504	336	765	  1	
505	 99	765	  1	
506	119	765	  1	
508	 32	765	  1	
509	 54	765	  1	
509	152	765	  1	
510	 36	765	  1	
510	208	765	  1	
511	 16	765	  1	
511	 23	765	  1	
511	 80	765	  1	
511	311	765	  1	
512	  0	765	  1	
512	 42	765	  1	
512	 48	765	  1	
512	 72	765	  1	
512	 78	765	  1	
512	 96	765	  1	
512	136	765	  1	
512	168	765	  1	
512	235	765	  1	
512	264	765	  1	
512	389	765	  1	
515	 64	765	  1	
515	 87	765	  1	
515	231	765	  1	
515	343	765	  1	
516	328	765	  1	
517	 51	765	  1	
518	  3	765	  1	
518	 24	765	  1	
518	211	765	  1	
518	232	765	  1	
518	532	765	  1	
519	 40	765	  1	
519	 47	765	  1	
519	 96	765	  1	
519	120	765	  1	
519	223	765	  1	
519	339	765	  1	
520	 64	765	  1	
520	 76	765	  1	
520	107	765	  1	
520	176	765	  1	
520	183	765	  1	
520	192	765	  1	
520	208	765	  1	
520	218	765	  1	
520	227	765	  1	
520	248	765	  1	
520	280	765	  1	
520	284	765	  1	
520	305	765	  1	
520	312	765	  1	
520	340	765	  1	
520	355	765	  1	
520	434	765	  1	
522	  8	765	  1	
522	254	765	  1	
523	 47	765	  1	
523	 67	765	  1	
523	144	765	  1	
523	215	765	  1	
525	136	765	  1	
525	216	765	  1	
525	223	765	  1	
526	 64	765	  1	
526	248	765	  1	
526	328	765	  1	
526	336	765	  1	
527	 40	765	  1	
527	208	765	  1	
527	333	765	  1	
527	391	765	  1	
528	  5	765	  1	
528	 37	765	  1	
528	 48	765	  1	
528	 67	765	  1	
528	 80	765	  1	
528	 88	765	  1	
528	149	765	  1	
528	206	765	  1	
528	286	765	  1	
531	  8	765	  1	
531	 75	765	  1	
531	 96	765	  1	
532	386	765	  1	
533	 71	765	  1	
533	179	765	  1	
533	254	765	  1	
533	304	765	  1	
534	203	765	  1	
535	 48	765	  1	
535	 80	765	  1	
535	320	765	  1	
536	 86	765	  1	
536	120	765	  1	
536	168	765	  1	
536	184	765	  1	
536	188	765	  1	
536	229	765	  1	
536	246	765	  1	
536	258	765	  1	
537	 99	765	  1	
537	104	765	  1	
540	402	765	  1	
541	 83	765	  1	
541	242	765	  1	
541	302	765	  1	
542	127	765	  1	
542	184	765	  1	
542	202	765	  1	
543	195	765	  1	
543	229	765	  1	
544	 71	765	  1	
544	 96	765	  1	
544	104	765	  1	
544	124	765	  1	
544	214	765	  1	
544	315	765	  1	
544	325	765	  1	
544	341	765	  1	
544	380	765	  1	
544	440	765	  1	
544	479	765	  1	
546	 80	765	  1	
546	117	765	  1	
547	 64	765	  1	
547	334	765	  1	
548	127	765	  1	
548	290	765	  1	
549	176	765	  1	
549	216	765	  1	
549	256	765	  1	
549	320	765	  1	
550	 86	765	  1	
550	300	765	  1	
551	 71	765	  1	
551	280	765	  1	
551	472	765	  1	
551	488	765	  1	
552	 80	765	  1	
552	133	765	  1	
552	144	765	  1	
552	184	765	  1	
552	200	765	  1	
552	207	765	  1	
552	211	765	  1	
552	235	765	  1	
552	240	765	  1	
552	264	765	  1	
552	352	765	  1	
553	 36	765	  1	
553	157	765	  1	
554	128	765	  1	
554	299	765	  1	
555	 88	765	  1	
555	320	765	  1	
555	359	765	  1	
555	584	765	  1	
556	256	765	  1	
557	198	765	  1	
557	208	765	  1	
558	127	765	  1	
558	134	765	  1	
558	176	765	  1	
558	272	765	  1	
558	279	765	  1	
559	 32	765	  1	
559	118	765	  1	
559	144	765	  1	
559	203	765	  1	
559	240	765	  1	
559	261	765	  1	
559	352	765	  1	
559	374	765	  1	
560	 96	765	  1	
560	168	765	  1	
560	282	765	  1	
560	320	765	  1	
560	397	765	  1	
560	406	765	  1	
561	182	765	  1	
562	114	765	  1	
562	248	765	  1	
563	 56	765	  1	
563	136	765	  1	
563	190	765	  1	
565	102	765	  1	
565	216	765	  1	
565	264	765	  1	
565	406	765	  1	
566	 62	765	  1	
566	160	765	  1	
567	296	765	  1	
567	400	765	  1	
568	 80	765	  1	
568	104	765	  1	
568	109	765	  1	
568	124	765	  1	
568	136	765	  1	
568	270	765	  1	
568	315	765	  1	
568	352	765	  1	
568	359	765	  1	
568	375	765	  1	
568	391	765	  1	
570	327	765	  1	
571	 86	765	  1	
571	200	765	  1	
571	232	765	  1	
571	240	765	  1	
572	277	765	  1	
573	154	765	  1	
573	192	765	  1	
574	285	765	  1	
574	312	765	  1	
575	136	765	  1	
575	322	765	  1	
575	355	765	  1	
575	480	765	  1	
575	520	765	  1	
576	 69	765	  1	
576	165	765	  1	
576	176	765	  1	
576	205	765	  1	
576	213	765	  1	
576	224	765	  1	
576	237	765	  1	
576	256	765	  1	
576	260	765	  1	
576	264	765	  1	
576	298	765	  1	
576	347	765	  1	
577	 92	765	  1	
577	247	765	  1	
579	  3	765	  1	
579	 11	765	  1	
579	168	765	  1	
581	256	765	  1	
581	261	765	  1	
581	278	765	  1	
583	176	765	  1	
583	344	765	  1	
583	351	765	  1	
584	 79	765	  1	
584	158	765	  1	
584	192	765	  1	
584	199	765	  1	
584	248	765	  1	
584	293	765	  1	
584	325	765	  1	
584	363	765	  1	
585	109	765	  1	
586	110	765	  1	
586	224	765	  1	
586	266	765	  1	
586	276	765	  1	
586	311	765	  1	
587	391	765	  1	
589	 79	765	  1	
589	150	765	  1	
589	272	765	  1	
589	320	765	  1	
590	230	765	  1	
591	109	765	  1	
591	192	765	  1	
591	199	765	  1	
591	248	765	  1	
591	360	765	  1	
591	367	765	  1	
591	383	765	  1	
592	 16	765	  1	
592	 72	765	  1	
592	227	765	  1	
592	275	765	  1	
592	288	765	  1	
592	311	765	  1	
593	270	765	  1	
594	431	765	  1	
595	 78	765	  1	
595	 96	765	  1	
596	111	765	  1	
596	288	765	  1	
597	 88	765	  1	
597	 99	765	  1	
597	463	765	  1	
598	 16	765	  1	
598	248	765	  1	
599	294	765	  1	
599	320	765	  1	
599	371	765	  1	
599	392	765	  1	
600	  2	765	  1	
600	 51	765	  1	
600	123	765	  1	
600	216	765	  1	
600	286	765	  1	
600	300	765	  1	
600	336	765	  1	
600	360	765	  1	
600	400	765	  1	
602	215	765	  1	
602	280	765	  1	
602	312	765	  1	
602	535	765	  1	
603	104	765	  1	
603	203	765	  1	
604	365	765	  1	
605	334	765	  1	
606	 48	765	  1	
606	287	765	  1	
606	318	765	  1	
607	  2	765	  1	
607	111	765	  1	
607	303	765	  1	
608	  0	765	  1	
608	  7	765	  1	
608	 40	765	  1	
608	 80	765	  1	
608	100	765	  1	
608	267	765	  1	
608	309	765	  1	
608	403	765	  1	
608	464	765	  1	
609	111	765	  1	
610	 15	765	  1	
610	 60	765	  1	
612	 63	765	  1	
614	 47	765	  1	
614	264	765	  1	
614	356	765	  1	
615	  3	765	  1	
615	132	765	  1	
615	339	765	  1	
616	 32	765	  1	
616	 48	765	  1	
616	136	765	  1	
616	192	765	  1	
616	232	765	  1	
616	248	765	  1	
616	320	765	  1	
616	344	765	  1	
618	 63	765	  1	
619	102	765	  1	
619	199	765	  1	
621	264	765	  1	
621	269	765	  1	
621	332	765	  1	
622	252	765	  1	
623	 26	765	  1	
623	 48	765	  1	
623	192	765	  1	
623	455	765	  1	
624	 47	765	  1	
624	 72	765	  1	
624	 78	765	  1	
624	101	765	  1	
624	288	765	  1	
624	328	765	  1	
624	336	765	  1	
624	342	765	  1	
624	417	765	  1	
628	272	765	  1	
629	 96	765	  1	
629	214	765	  1	
630	 41	765	  1	
630	328	765	  1	
632	  8	765	  1	
632	 99	765	  1	
632	152	765	  1	
632	264	765	  1	
632	276	765	  1	
632	296	765	  1	
637	143	765	  1	
639	204	765	  1	
639	279	765	  1	
640	  0	765	  1	
640	  7	765	  1	
640	 79	765	  1	
640	106	765	  1	
640	111	765	  1	
640	231	765	  1	
647	224	765	  1	
648	 90	765	  1	
648	111	765	  1	
648	181	765	  1	
648	211	765	  1	
648	264	765	  1	
648	328	765	  1	
651	104	765	  1	
651	197	765	  1	
652	 95	765	  1	
653	303	765	  1	
653	443	765	  1	
654	  7	765	  1	
654	351	765	  1	
656	120	765	  1	
656	268	765	  1	
658	450	765	  1	
659	127	765	  1	
661	279	765	  1	
663	120	765	  1	
664	 55	765	  1	
664	 88	765	  1	
666	 95	765	  1	
666	509	765	  1	
670	184	765	  1	
671	376	765	  1	
671	475	765	  1	
672	112	765	  1	
674	527	765	  1	
674	543	765	  1	
675	256	765	  1	
678	231	765	  1	
680	128	765	  1	
680	375	765	  1	
680	382	765	  1	
683	203	765	  1	
690	504	765	  1	
693	214	765	  1	
694	119	765	  1	
696	344	765	  1	
696	424	765	  1	
696	431	765	  1	
703	540	765	  1	
703	544	765	  1	
711	378	765	  1	
712	211	765	  1	
719	269	765	  1	
728	239	765	  1	
791	447	765	  1	
