# 
#  Image file: Goad2_T0161.jpg
#  Applied threshold: 575
#  Algorithm used: fill2                 
#  Particle count: 1631
#  Location (x,y), max luminance, and mass:
# 
  0	182	765	  1	
  7	179	765	  1	
  7	368	765	  1	
  8	128	765	  1	
  8	189	765	  1	
  8	327	765	  1	
 12	247	765	  1	
 16	392	765	  1	
 23	398	765	  1	
 30	413	765	  1	
 31	115	765	  1	
 31	375	765	  1	
 31	479	765	  1	
 37	232	765	  1	
 39	256	765	  1	
 40	136	765	  1	
 40	239	765	  1	
 41	535	765	  1	
 45	255	765	  1	
 45	407	765	  1	
 46	109	765	  1	
 48	248	765	  1	
 55	179	765	  1	
 56	 80	765	  1	
 56	101	765	  1	
 56	178	765	  1	
 58	 91	765	  1	
 58	189	765	  1	
 58	261	765	  1	
 64	101	765	  1	
 64	105	765	  1	
 67	211	765	  1	
 71	120	765	  1	
 71	167	765	  1	
 74	103	765	  1	
 74	144	765	  1	
 77	 96	765	  1	
 79	280	765	  1	
 79	547	765	  1	
 85	170	765	  1	
 86	147	765	  1	
 88	367	765	  1	
 93	144	765	  1	
 95	408	765	  1	
 96	240	765	  1	
 96	247	765	  1	
 96	384	765	  1	
 98	114	765	  1	
 99	391	765	  1	
103	243	765	  1	
103	384	765	  1	
104	136	765	  1	
104	200	765	  1	
104	360	765	  1	
104	399	765	  1	
104	415	765	  1	
104	448	765	  1	
105	392	765	  1	
107	142	765	  1	
107	458	765	  1	
108	402	765	  1	
109	131	765	  1	
111	151	765	  1	
111	168	765	  1	
112	215	765	  1	
112	240	765	  1	
112	247	765	  1	
112	439	765	  1	
114	399	765	  1	
115	432	765	  1	
119	168	765	  1	
119	204	765	  1	
119	215	765	  1	
119	243	765	  1	
119	405	765	  1	
119	439	765	  1	
120	120	765	  1	
120	176	765	  1	
120	184	765	  1	
120	246	765	  1	
120	303	765	  1	
120	334	765	  1	
120	423	765	  1	
120	461	765	  1	
122	402	765	  1	
123	216	765	  1	
124	419	765	  1	
126	143	765	  1	
126	224	765	  1	
127	288	765	  1	
128	112	765	  1	
128	160	765	  1	
128	250	765	  1	
128	263	765	  1	
128	265	765	  1	
128	311	765	  1	
128	313	765	  1	
128	360	765	  1	
128	367	765	  1	
128	504	765	  1	
132	352	765	  1	
133	598	765	  1	
134	 80	765	  1	
134	186	765	  1	
135	 87	765	  1	
135	120	765	  1	
135	250	765	  1	
135	363	765	  1	
135	444	765	  1	
135	504	765	  1	
136	  2	765	  1	
138	285	765	  1	
141	256	765	  1	
143	280	765	  1	
143	298	765	  1	
143	447	765	  1	
144	160	765	  1	
144	167	765	  1	
144	175	765	  1	
144	185	765	  1	
144	190	765	  1	
144	199	765	  1	
144	208	765	  1	
144	215	765	  1	
144	367	765	  1	
144	399	765	  1	
144	538	765	  1	
147	152	765	  1	
148	197	765	  1	
149	184	765	  1	
149	398	765	  1	
150	171	765	  1	
151	163	765	  1	
151	189	765	  1	
151	211	765	  1	
151	360	765	  1	
152	184	765	  1	
152	228	765	  1	
152	285	765	  1	
153	198	765	  1	
155	262	765	  1	
155	472	765	  1	
156	280	765	  1	
158	 53	765	  1	
158	333	765	  1	
159	184	765	  1	
159	199	765	  1	
159	392	765	  1	
160	  7	765	  1	
160	144	765	  1	
160	160	765	  1	
160	171	765	  1	
160	181	765	  1	
160	256	765	  1	
160	293	765	  1	
160	352	765	  1	
160	528	765	  1	
163	167	765	  1	
163	184	765	  1	
163	191	765	  1	
166	265	765	  1	
166	271	765	  1	
167	160	765	  1	
167	168	765	  1	
167	175	765	  1	
168	 80	765	  1	
168	135	765	  1	
168	221	765	  1	
168	232	765	  1	
168	239	765	  1	
168	434	765	  1	
170	 87	765	  1	
171	128	765	  1	
173	216	765	  1	
173	224	765	  1	
175	 64	765	  1	
175	 82	765	  1	
175	135	765	  1	
175	235	765	  1	
176	 37	765	  1	
176	144	765	  1	
176	152	765	  1	
176	158	765	  1	
176	166	765	  1	
176	187	765	  1	
176	287	765	  1	
176	397	765	  1	
178	199	765	  1	
179	  5	765	  1	
179	184	765	  1	
179	471	765	  1	
181	282	765	  1	
182	 39	765	  1	
182	168	765	  1	
182	175	765	  1	
183	184	765	  1	
183	247	765	  1	
184	191	765	  1	
184	336	765	  1	
184	365	765	  1	
184	408	765	  1	
184	512	765	  1	
185	346	765	  1	
186	 75	765	  1	
186	174	765	  1	
186	221	765	  1	
187	216	765	  1	
187	351	765	  1	
187	413	765	  1	
189	120	765	  1	
190	167	765	  1	
190	340	765	  1	
191	 96	765	  1	
191	152	765	  1	
191	158	765	  1	
191	187	765	  1	
191	297	765	  1	
192	128	765	  1	
192	139	765	  1	
192	184	765	  1	
192	191	765	  1	
192	263	765	  1	
192	335	765	  1	
192	343	765	  1	
192	398	765	  1	
194	134	765	  1	
195	280	765	  1	
195	328	765	  1	
195	336	765	  1	
195	371	765	  1	
195	514	765	  1	
196	104	765	  1	
197	219	765	  1	
197	252	765	  1	
198	111	765	  1	
198	128	765	  1	
198	395	765	  1	
199	 55	765	  1	
199	187	765	  1	
199	335	765	  1	
199	343	765	  1	
199	536	765	  1	
200	 39	765	  1	
200	 66	765	  1	
200	175	765	  1	
200	288	765	  1	
200	312	765	  1	
200	368	765	  1	
200	399	765	  1	
200	407	765	  1	
200	463	765	  1	
202	 14	765	  1	
202	402	765	  1	
204	 79	765	  1	
205	 98	765	  1	
205	103	765	  1	
205	240	765	  1	
206	188	765	  1	
207	441	765	  1	
208	 79	765	  1	
208	142	765	  1	
208	228	765	  1	
208	251	765	  1	
208	256	765	  1	
208	263	765	  1	
208	337	765	  1	
208	343	765	  1	
208	391	765	  1	
208	395	765	  1	
208	458	765	  1	
209	535	765	  1	
210	200	765	  1	
211	110	765	  1	
211	224	765	  1	
211	240	765	  1	
211	328	765	  1	
213	136	765	  1	
213	248	765	  1	
213	347	765	  1	
213	442	765	  1	
214	 69	765	  1	
215	259	765	  1	
215	328	765	  1	
216	120	765	  1	
216	205	765	  1	
216	295	765	  1	
216	360	765	  1	
216	512	765	  1	
216	538	765	  1	
218	 98	765	  1	
218	336	765	  1	
218	580	765	  1	
219	111	765	  1	
219	224	765	  1	
219	367	765	  1	
220	103	765	  1	
220	335	765	  1	
221	291	765	  1	
221	599	765	  1	
223	152	765	  1	
223	205	765	  1	
223	228	765	  1	
223	336	765	  1	
223	360	765	  1	
223	579	765	  1	
224	114	765	  1	
224	119	765	  1	
224	127	765	  1	
224	214	765	  1	
224	235	765	  1	
224	315	765	  1	
224	320	765	  1	
224	376	765	  1	
224	381	765	  1	
224	544	765	  1	
227	224	765	  1	
227	392	765	  1	
227	448	765	  1	
227	455	765	  1	
227	551	765	  1	
228	104	765	  1	
229	599	765	  1	
230	111	765	  1	
230	378	765	  1	
231	155	765	  1	
231	214	765	  1	
231	224	765	  1	
231	315	765	  1	
232	 14	765	  1	
232	 83	765	  1	
232	235	765	  1	
232	334	765	  1	
232	415	765	  1	
232	451	765	  1	
232	488	765	  1	
232	560	765	  1	
234	469	765	  1	
235	135	765	  1	
235	567	765	  1	
236	  8	765	  1	
236	176	765	  1	
236	416	765	  1	
237	411	765	  1	
237	422	765	  1	
238	 19	765	  1	
238	149	765	  1	
238	183	765	  1	
238	445	765	  1	
239	128	765	  1	
239	168	765	  1	
239	385	765	  1	
239	455	765	  1	
239	560	765	  1	
240	  0	765	  1	
240	 56	765	  1	
240	 99	765	  1	
240	106	765	  1	
240	120	765	  1	
240	184	765	  1	
240	227	765	  1	
240	262	765	  1	
240	272	765	  1	
240	283	765	  1	
240	323	765	  1	
240	370	765	  1	
240	375	765	  1	
240	450	765	  1	
240	491	765	  1	
242	181	765	  1	
242	232	765	  1	
242	276	765	  1	
242	287	765	  1	
243	 88	765	  1	
243	176	765	  1	
243	216	765	  1	
243	303	765	  1	
243	399	765	  1	
245	107	765	  1	
245	256	765	  1	
246	143	765	  1	
246	370	765	  1	
247	  0	765	  1	
247	 96	765	  1	
247	103	765	  1	
247	149	765	  1	
247	278	765	  1	
247	375	765	  1	
248	 55	765	  1	
248	 70	765	  1	
248	157	765	  1	
248	168	765	  1	
248	179	765	  1	
248	187	765	  1	
248	199	765	  1	
248	219	765	  1	
248	251	765	  1	
248	264	765	  1	
248	304	765	  1	
248	368	765	  1	
248	405	765	  1	
248	440	765	  1	
248	495	765	  1	
248	519	765	  1	
248	590	765	  1	
251	 59	765	  1	
251	192	765	  1	
251	290	765	  1	
251	392	765	  1	
252	118	765	  1	
253	  8	765	  1	
253	144	765	  1	
253	147	765	  1	
253	151	765	  1	
253	224	765	  1	
253	232	765	  1	
253	239	765	  1	
254	 85	765	  1	
255	 48	765	  1	
255	 70	765	  1	
255	304	765	  1	
255	319	765	  1	
255	371	765	  1	
255	397	765	  1	
255	512	765	  1	
255	590	765	  1	
256	 56	765	  1	
256	 63	765	  1	
256	 73	765	  1	
256	123	765	  1	
256	181	765	  1	
256	216	765	  1	
256	237	765	  1	
256	320	765	  1	
256	432	765	  1	
256	445	765	  1	
256	480	765	  1	
256	518	765	  1	
258	 79	765	  1	
258	156	765	  1	
258	168	765	  1	
258	175	765	  1	
259	327	765	  1	
259	517	765	  1	
259	520	765	  1	
260	 64	765	  1	
260	119	765	  1	
261	190	765	  1	
261	440	765	  1	
261	472	765	  1	
262	 74	765	  1	
262	124	765	  1	
263	 59	765	  1	
263	112	765	  1	
263	275	765	  1	
263	320	765	  1	
263	399	765	  1	
263	480	765	  1	
264	 93	765	  1	
264	125	765	  1	
264	136	765	  1	
264	143	765	  1	
264	165	765	  1	
264	256	765	  1	
264	307	765	  1	
264	316	765	  1	
264	360	765	  1	
264	400	765	  1	
264	411	765	  1	
264	435	765	  1	
264	456	765	  1	
264	487	765	  1	
264	511	765	  1	
265	224	765	  1	
266	391	765	  1	
267	544	765	  1	
269	112	765	  1	
269	184	765	  1	
269	200	765	  1	
269	207	765	  1	
269	256	765	  1	
269	319	765	  1	
270	  5	765	  1	
270	154	765	  1	
270	432	765	  1	
270	439	765	  1	
270	499	765	  1	
270	506	765	  1	
271	139	765	  1	
271	296	765	  1	
271	303	765	  1	
271	364	765	  1	
271	456	765	  1	
271	551	765	  1	
272	  0	765	  1	
272	 72	765	  1	
272	 79	765	  1	
272	164	765	  1	
272	233	765	  1	
272	328	765	  1	
272	352	765	  1	
272	402	765	  1	
272	415	765	  1	
272	431	765	  1	
272	496	765	  1	
272	515	765	  1	
272	531	765	  1	
272	536	765	  1	
275	 15	765	  1	
275	408	765	  1	
275	511	765	  1	
276	528	765	  1	
277	159	765	  1	
277	426	765	  1	
278	496	765	  1	
279	  8	765	  1	
279	 75	765	  1	
279	352	765	  1	
279	403	765	  1	
279	413	765	  1	
279	512	765	  1	
280	147	765	  1	
280	200	765	  1	
280	247	765	  1	
280	253	765	  1	
280	311	765	  1	
280	359	765	  1	
280	364	765	  1	
280	384	765	  1	
280	440	765	  1	
280	459	765	  1	
280	493	765	  1	
280	544	765	  1	
281	144	765	  1	
282	351	765	  1	
282	550	765	  1	
283	232	765	  1	
283	288	765	  1	
283	447	765	  1	
284	408	765	  1	
285	152	765	  1	
285	215	765	  1	
285	220	765	  1	
286	184	765	  1	
286	544	765	  1	
287	120	765	  1	
287	144	765	  1	
287	159	765	  1	
287	168	765	  1	
287	440	765	  1	
287	525	765	  1	
288	 88	765	  1	
288	102	765	  1	
288	130	765	  1	
288	135	765	  1	
288	160	765	  1	
288	240	765	  1	
288	247	765	  1	
288	294	765	  1	
288	320	765	  1	
288	400	765	  1	
288	423	765	  1	
289	114	765	  1	
289	119	765	  1	
289	248	765	  1	
289	310	765	  1	
291	167	765	  1	
291	405	765	  1	
291	416	765	  1	
291	542	765	  1	
292	146	765	  1	
292	291	765	  1	
293	 99	765	  1	
293	118	765	  1	
293	336	765	  1	
294	 88	765	  1	
294	 95	765	  1	
294	159	765	  1	
294	536	765	  1	
295	112	765	  1	
295	243	765	  1	
295	423	765	  1	
296	  3	765	  1	
296	 24	765	  1	
296	 30	765	  1	
296	 64	765	  1	
296	 78	765	  1	
296	 86	765	  1	
296	104	765	  1	
296	120	765	  1	
296	126	765	  1	
296	171	765	  1	
296	240	765	  1	
296	250	765	  1	
296	311	765	  1	
296	317	765	  1	
296	373	765	  1	
296	383	765	  1	
296	416	765	  1	
296	455	765	  1	
296	570	765	  1	
299	160	765	  1	
299	208	765	  1	
299	287	765	  1	
299	301	765	  1	
299	392	765	  1	
299	430	765	  1	
301	 96	765	  1	
301	144	765	  1	
301	238	765	  1	
301	368	765	  1	
302	134	765	  1	
303	 78	765	  1	
303	168	765	  1	
303	314	765	  1	
303	383	765	  1	
303	416	765	  1	
303	423	765	  1	
304	  6	765	  1	
304	 59	765	  1	
304	 64	765	  1	
304	196	765	  1	
304	200	765	  1	
304	240	765	  1	
304	286	765	  1	
304	375	765	  1	
304	468	765	  1	
304	520	765	  1	
306	208	765	  1	
306	245	765	  1	
307	 71	765	  1	
307	528	765	  1	
308	184	765	  1	
309	 56	765	  1	
309	 78	765	  1	
309	 88	765	  1	
309	327	765	  1	
309	344	765	  1	
309	464	765	  1	
310	 13	765	  1	
310	108	765	  1	
310	256	765	  1	
311	  0	765	  1	
311	 64	765	  1	
311	192	765	  1	
311	200	765	  1	
311	240	765	  1	
312	 50	765	  1	
312	 80	765	  1	
312	 96	765	  1	
312	138	765	  1	
312	160	765	  1	
312	166	765	  1	
312	304	765	  1	
312	336	765	  1	
312	340	765	  1	
312	352	765	  1	
312	358	765	  1	
312	472	765	  1	
312	531	765	  1	
314	355	765	  1	
314	443	765	  1	
315	311	765	  1	
317	136	765	  1	
317	143	765	  1	
317	163	765	  1	
317	168	765	  1	
318	352	765	  1	
318	359	765	  1	
318	421	765	  1	
319	  0	765	  1	
319	304	765	  1	
320	 16	765	  1	
320	 20	765	  1	
320	 24	765	  1	
320	 72	765	  1	
320	104	765	  1	
320	133	765	  1	
320	155	765	  1	
320	237	765	  1	
320	245	765	  1	
320	328	765	  1	
320	383	765	  1	
320	416	765	  1	
320	519	765	  1	
322	334	765	  1	
322	378	765	  1	
323	 96	765	  1	
325	 53	765	  1	
325	158	765	  1	
325	366	765	  1	
325	483	765	  1	
326	328	765	  1	
327	 72	765	  1	
327	168	765	  1	
327	175	765	  1	
327	391	765	  1	
328	 16	765	  1	
328	 64	765	  1	
328	112	765	  1	
328	120	765	  1	
328	152	765	  1	
328	176	765	  1	
328	248	765	  1	
328	320	765	  1	
328	370	765	  1	
328	451	765	  1	
328	492	765	  1	
328	512	765	  1	
328	519	765	  1	
328	533	765	  1	
328	584	765	  1	
329	 90	765	  1	
329	 95	765	  1	
329	384	765	  1	
330	432	765	  1	
331	  0	765	  1	
332	325	765	  1	
333	 70	765	  1	
333	 79	765	  1	
333	126	765	  1	
333	131	765	  1	
333	136	765	  1	
333	155	765	  1	
333	352	765	  1	
335	112	765	  1	
335	432	765	  1	
335	515	765	  1	
336	 75	765	  1	
336	 96	765	  1	
336	111	765	  1	
336	248	765	  1	
336	255	765	  1	
336	280	765	  1	
336	366	765	  1	
336	438	765	  1	
336	576	765	  1	
337	288	765	  1	
339	232	765	  1	
339	304	765	  1	
340	152	765	  1	
340	390	765	  1	
341	  0	765	  1	
341	419	765	  1	
342	248	765	  1	
342	358	765	  1	
342	384	765	  1	
343	 72	765	  1	
343	 79	765	  1	
343	255	765	  1	
343	539	765	  1	
343	583	765	  1	
344	 59	765	  1	
344	 69	765	  1	
344	123	765	  1	
344	134	765	  1	
344	145	765	  1	
344	232	765	  1	
344	263	765	  1	
344	279	765	  1	
344	322	765	  1	
344	336	765	  1	
344	343	765	  1	
344	370	765	  1	
344	488	765	  1	
345	136	765	  1	
347	112	765	  1	
347	129	765	  1	
347	154	765	  1	
347	275	765	  1	
347	360	765	  1	
347	405	765	  1	
348	159	765	  1	
349	 88	765	  1	
349	320	765	  1	
349	327	765	  1	
349	376	765	  1	
350	199	765	  1	
351	  0	765	  1	
351	133	765	  1	
352	 55	765	  1	
352	168	765	  1	
352	200	765	  1	
352	207	765	  1	
352	240	765	  1	
352	248	765	  1	
352	258	765	  1	
352	482	765	  1	
354	256	765	  1	
355	 48	765	  1	
355	136	765	  1	
356	373	765	  1	
358	358	765	  1	
359	252	765	  1	
359	256	765	  1	
359	280	765	  1	
359	287	765	  1	
359	459	765	  1	
359	480	765	  1	
360	  4	765	  1	
360	 46	765	  1	
360	 70	765	  1	
360	101	765	  1	
360	184	765	  1	
360	215	765	  1	
360	271	765	  1	
360	312	765	  1	
360	368	765	  1	
360	375	765	  1	
360	377	765	  1	
360	568	765	  1	
360	575	765	  1	
360	584	765	  1	
361	 42	765	  1	
361	296	765	  1	
362	 64	765	  1	
362	336	765	  1	
363	 20	765	  1	
363	 80	765	  1	
363	208	765	  1	
364	530	765	  1	
365	 24	765	  1	
365	528	765	  1	
366	188	765	  1	
366	256	765	  1	
366	440	765	  1	
366	484	765	  1	
367	215	765	  1	
367	371	765	  1	
367	536	765	  1	
368	 56	765	  1	
368	 60	765	  1	
368	 74	765	  1	
368	 87	765	  1	
368	109	765	  1	
368	130	765	  1	
368	168	765	  1	
368	174	765	  1	
368	231	765	  1	
368	308	765	  1	
368	328	765	  1	
368	357	765	  1	
368	378	765	  1	
369	224	765	  1	
370	135	765	  1	
370	213	765	  1	
371	208	765	  1	
371	341	765	  1	
372	103	765	  1	
372	256	765	  1	
374	 95	765	  1	
374	263	765	  1	
374	266	765	  1	
374	271	765	  1	
374	352	765	  1	
374	444	765	  1	
375	  0	765	  1	
375	 24	765	  1	
375	 74	765	  1	
375	131	765	  1	
375	311	765	  1	
376	 16	765	  1	
376	 32	765	  1	
376	 43	765	  1	
376	 48	765	  1	
376	 83	765	  1	
376	156	765	  1	
376	252	765	  1	
376	383	765	  1	
376	411	765	  1	
377	240	765	  1	
379	  6	765	  1	
379	 80	765	  1	
379	 87	765	  1	
379	104	765	  1	
379	256	765	  1	
379	264	765	  1	
381	 54	765	  1	
381	 59	765	  1	
381	218	765	  1	
381	223	765	  1	
381	351	765	  1	
382	119	765	  1	
383	 83	765	  1	
383	263	765	  1	
383	271	765	  1	
383	408	765	  1	
383	415	765	  1	
383	531	765	  1	
384	 31	765	  1	
384	 40	765	  1	
384	 96	765	  1	
384	167	765	  1	
384	192	765	  1	
384	196	765	  1	
384	272	765	  1	
384	339	765	  1	
384	371	765	  1	
384	448	765	  1	
384	455	765	  1	
386	130	765	  1	
386	247	765	  1	
386	303	765	  1	
388	513	765	  1	
389	 46	765	  1	
389	255	765	  1	
390	320	765	  1	
390	408	765	  1	
391	176	765	  1	
391	242	765	  1	
391	368	765	  1	
391	375	765	  1	
392	 66	765	  1	
392	 71	765	  1	
392	 91	765	  1	
392	104	765	  1	
392	108	765	  1	
392	166	765	  1	
392	221	765	  1	
392	387	765	  1	
395	144	765	  1	
396	 12	765	  1	
397	248	765	  1	
400	 53	765	  1	
400	 77	765	  1	
400	 83	765	  1	
400	 98	765	  1	
400	131	765	  1	
400	136	765	  1	
400	151	765	  1	
400	199	765	  1	
400	264	765	  1	
400	275	765	  1	
400	344	765	  1	
400	408	765	  1	
401	146	765	  1	
401	434	765	  1	
402	384	765	  1	
402	467	765	  1	
403	  0	765	  1	
403	 64	765	  1	
403	114	765	  1	
403	192	765	  1	
403	271	765	  1	
403	439	765	  1	
404	 15	765	  1	
405	282	765	  1	
406	 54	765	  1	
407	111	765	  1	
407	264	765	  1	
407	272	765	  1	
407	279	765	  1	
407	343	765	  1	
408	 34	765	  1	
408	 39	765	  1	
408	 88	765	  1	
408	103	765	  1	
408	135	765	  1	
408	192	765	  1	
408	234	765	  1	
408	239	765	  1	
410	424	765	  1	
411	 56	765	  1	
411	 80	765	  1	
411	 96	765	  1	
411	176	765	  1	
411	199	765	  1	
413	114	765	  1	
413	119	765	  1	
413	156	765	  1	
413	435	765	  1	
414	276	765	  1	
415	 44	765	  1	
415	103	765	  1	
415	192	765	  1	
416	 18	765	  1	
416	 83	765	  1	
416	 90	765	  1	
416	120	765	  1	
416	248	765	  1	
416	432	765	  1	
416	439	765	  1	
417	 70	765	  1	
418	104	765	  1	
419	127	765	  1	
419	160	765	  1	
420	 55	765	  1	
420	 88	765	  1	
421	428	765	  1	
422	120	765	  1	
423	304	765	  1	
423	351	765	  1	
423	396	765	  1	
423	424	765	  1	
423	435	765	  1	
424	  8	765	  1	
424	 64	765	  1	
424	 82	765	  1	
424	 96	765	  1	
424	131	765	  1	
424	152	765	  1	
424	181	765	  1	
424	202	765	  1	
426	128	765	  1	
426	135	765	  1	
427	 24	765	  1	
427	176	765	  1	
427	280	765	  1	
428	168	765	  1	
430	524	765	  1	
431	128	765	  1	
431	135	765	  1	
432	 56	765	  1	
432	 88	765	  1	
432	 92	765	  1	
432	180	765	  1	
432	184	765	  1	
432	264	765	  1	
432	277	765	  1	
432	332	765	  1	
432	399	765	  1	
434	181	765	  1	
435	  8	765	  1	
435	128	765	  1	
435	375	765	  1	
436	174	765	  1	
437	199	765	  1	
437	272	765	  1	
438	 12	765	  1	
438	176	765	  1	
438	257	765	  1	
438	368	765	  1	
439	144	765	  1	
439	151	765	  1	
439	280	765	  1	
439	334	765	  1	
440	  0	765	  1	
440	  8	765	  1	
440	 65	765	  1	
440	163	765	  1	
440	192	765	  1	
440	228	765	  1	
440	302	765	  1	
440	503	765	  1	
442	198	765	  1	
442	295	765	  1	
442	511	765	  1	
443	  6	765	  1	
443	176	765	  1	
443	256	765	  1	
444	466	765	  1	
445	100	765	  1	
445	221	765	  1	
446	  0	765	  1	
446	192	765	  1	
447	  8	765	  1	
447	 37	765	  1	
447	263	765	  1	
447	302	765	  1	
447	487	765	  1	
447	506	765	  1	
448	 10	765	  1	
448	 23	765	  1	
448	 29	765	  1	
448	 77	765	  1	
448	 84	765	  1	
448	111	765	  1	
448	176	765	  1	
448	185	765	  1	
448	248	765	  1	
448	256	765	  1	
448	272	765	  1	
448	336	765	  1	
448	343	765	  1	
448	375	765	  1	
448	455	765	  1	
451	 16	765	  1	
453	 43	765	  1	
453	280	765	  1	
454	106	765	  1	
455	 23	765	  1	
455	 96	765	  1	
455	110	765	  1	
455	152	765	  1	
455	339	765	  1	
456	 54	765	  1	
456	 72	765	  1	
456	 85	765	  1	
456	137	765	  1	
456	186	765	  1	
456	213	765	  1	
456	306	765	  1	
456	311	765	  1	
457	191	765	  1	
459	  0	765	  1	
459	176	765	  1	
460	168	765	  1	
460	184	765	  1	
460	195	765	  1	
461	111	765	  1	
461	131	765	  1	
462	 55	765	  1	
462	 96	765	  1	
463	190	765	  1	
464	 18	765	  1	
464	 61	765	  1	
464	 88	765	  1	
464	170	765	  1	
464	200	765	  1	
464	207	765	  1	
464	224	765	  1	
464	232	765	  1	
464	247	765	  1	
464	253	765	  1	
464	277	765	  1	
464	280	765	  1	
464	563	765	  1	
466	 14	765	  1	
466	155	765	  1	
466	286	765	  1	
467	 50	765	  1	
467	216	765	  1	
467	312	765	  1	
468	 72	765	  1	
469	146	765	  1	
469	151	765	  1	
470	 62	765	  1	
470	186	765	  1	
470	263	765	  1	
470	280	765	  1	
471	128	765	  1	
471	190	765	  1	
472	 32	765	  1	
472	 56	765	  1	
472	 96	765	  1	
472	139	765	  1	
472	194	765	  1	
472	213	765	  1	
472	236	765	  1	
472	246	765	  1	
472	285	765	  1	
472	318	765	  1	
473	  3	765	  1	
474	 64	765	  1	
474	 81	765	  1	
475	 46	765	  1	
475	 78	765	  1	
475	 92	765	  1	
475	126	765	  1	
477	 24	765	  1	
477	 87	765	  1	
477	182	765	  1	
477	199	765	  1	
477	349	765	  1	
478	319	765	  1	
479	 70	765	  1	
479	 81	765	  1	
479	239	765	  1	
480	  8	765	  1	
480	 51	765	  1	
480	144	765	  1	
480	173	765	  1	
480	224	765	  1	
480	525	765	  1	
482	 63	765	  1	
483	 40	765	  1	
483	 47	765	  1	
483	184	765	  1	
483	312	765	  1	
483	581	765	  1	
485	157	765	  1	
485	192	765	  1	
485	230	765	  1	
485	256	765	  1	
487	 24	765	  1	
487	 69	765	  1	
487	152	765	  1	
487	207	765	  1	
487	319	765	  1	
487	328	765	  1	
488	 18	765	  1	
488	 27	765	  1	
488	 48	765	  1	
488	 55	765	  1	
488	 80	765	  1	
488	 84	765	  1	
488	 96	765	  1	
488	109	765	  1	
488	132	765	  1	
488	159	765	  1	
488	168	765	  1	
488	176	765	  1	
488	208	765	  1	
488	240	765	  1	
488	277	765	  1	
488	296	765	  1	
488	306	765	  1	
488	407	765	  1	
488	451	765	  1	
490	104	765	  1	
490	351	765	  1	
491	117	765	  1	
491	199	765	  1	
491	216	765	  1	
493	 16	765	  1	
493	 23	765	  1	
493	182	765	  1	
493	328	765	  1	
493	335	765	  1	
494	 66	765	  1	
494	 71	765	  1	
495	 31	765	  1	
495	 51	765	  1	
495	 96	765	  1	
496	123	765	  1	
496	133	765	  1	
496	147	765	  1	
496	166	765	  1	
496	237	765	  1	
496	288	765	  1	
496	304	765	  1	
497	199	765	  1	
498	160	765	  1	
498	208	765	  1	
499	136	765	  1	
499	224	765	  1	
499	296	765	  1	
499	311	765	  1	
500	 47	765	  1	
500	 55	765	  1	
500	147	765	  1	
501	135	765	  1	
501	308	765	  1	
502	130	765	  1	
502	214	765	  1	
502	408	765	  1	
503	 48	765	  1	
503	 88	765	  1	
503	111	765	  1	
503	166	765	  1	
503	231	765	  1	
504	 16	765	  1	
504	 72	765	  1	
504	151	765	  1	
504	170	765	  1	
504	256	765	  1	
504	285	765	  1	
504	331	765	  1	
504	384	765	  1	
506	 59	765	  1	
506	351	765	  1	
507	144	765	  1	
507	192	765	  1	
507	199	765	  1	
507	264	765	  1	
509	 47	765	  1	
510	  8	765	  1	
510	 15	765	  1	
510	150	765	  1	
511	328	765	  1	
511	335	765	  1	
512	 39	765	  1	
512	 77	765	  1	
512	 89	765	  1	
512	 95	765	  1	
512	131	765	  1	
512	163	765	  1	
512	168	765	  1	
512	172	765	  1	
512	212	765	  1	
512	223	765	  1	
512	246	765	  1	
512	252	765	  1	
513	104	765	  1	
513	208	765	  1	
515	152	765	  1	
515	416	765	  1	
517	  8	765	  1	
517	 15	765	  1	
517	 72	765	  1	
517	146	765	  1	
517	243	765	  1	
517	415	765	  1	
518	 90	765	  1	
518	136	765	  1	
518	143	765	  1	
518	212	765	  1	
518	399	765	  1	
520	 78	765	  1	
520	192	765	  1	
520	208	765	  1	
520	258	765	  1	
520	280	765	  1	
520	291	765	  1	
520	304	765	  1	
521	216	765	  1	
522	286	765	  1	
523	 86	765	  1	
523	 94	765	  1	
523	136	765	  1	
525	  0	765	  1	
525	198	765	  1	
525	259	765	  1	
526	168	765	  1	
526	175	765	  1	
526	280	765	  1	
527	359	765	  1	
528	128	765	  1	
528	135	765	  1	
528	176	765	  1	
528	183	765	  1	
528	240	765	  1	
528	264	765	  1	
528	316	765	  1	
528	344	765	  1	
528	421	765	  1	
530	270	765	  1	
530	416	765	  1	
532	131	765	  1	
533	 96	765	  1	
533	222	765	  1	
533	319	765	  1	
534	347	765	  1	
534	421	765	  1	
535	256	765	  1	
535	454	765	  1	
536	 36	765	  1	
536	 47	765	  1	
536	 86	765	  1	
536	125	765	  1	
536	168	765	  1	
536	184	765	  1	
536	200	765	  1	
536	206	765	  1	
536	240	765	  1	
536	248	765	  1	
536	327	765	  1	
538	120	765	  1	
539	136	765	  1	
539	295	765	  1	
539	320	765	  1	
541	102	765	  1	
542	 11	765	  1	
542	 33	765	  1	
542	126	765	  1	
542	168	765	  1	
542	175	765	  1	
542	191	765	  1	
543	 72	765	  1	
543	 79	765	  1	
543	184	765	  1	
543	327	765	  1	
544	  8	765	  1	
544	 91	765	  1	
544	110	765	  1	
544	136	765	  1	
544	170	765	  1	
544	216	765	  1	
544	232	765	  1	
544	265	765	  1	
544	276	765	  1	
544	323	765	  1	
544	379	765	  1	
544	405	765	  1	
546	104	765	  1	
547	151	765	  1	
547	176	765	  1	
547	272	765	  1	
547	360	765	  1	
547	382	765	  1	
547	427	765	  1	
548	 39	765	  1	
549	  8	765	  1	
549	168	765	  1	
549	172	765	  1	
550	296	765	  1	
550	320	765	  1	
550	327	765	  1	
550	376	765	  1	
551	108	765	  1	
551	183	765	  1	
551	216	765	  1	
552	 56	765	  1	
552	111	765	  1	
552	192	765	  1	
552	195	765	  1	
552	199	765	  1	
552	248	765	  1	
552	291	765	  1	
553	184	765	  1	
553	326	765	  1	
555	104	765	  1	
555	279	765	  1	
556	399	765	  1	
557	  8	765	  1	
557	163	765	  1	
557	255	765	  1	
557	343	765	  1	
559	111	765	  1	
559	136	765	  1	
559	224	765	  1	
559	279	765	  1	
559	296	765	  1	
559	331	765	  1	
560	 51	765	  1	
560	 91	765	  1	
560	200	765	  1	
560	216	765	  1	
560	222	765	  1	
560	232	765	  1	
560	238	765	  1	
560	246	765	  1	
560	256	765	  1	
560	263	765	  1	
560	303	765	  1	
560	327	765	  1	
560	386	765	  1	
562	318	765	  1	
563	 13	765	  1	
563	128	765	  1	
563	182	765	  1	
563	296	765	  1	
565	 48	765	  1	
565	235	765	  1	
566	272	765	  1	
567	246	765	  1	
567	303	765	  1	
568	 72	765	  1	
568	152	765	  1	
568	168	765	  1	
568	264	765	  1	
568	270	765	  1	
568	316	765	  1	
568	345	765	  1	
568	357	765	  1	
568	367	765	  1	
568	435	765	  1	
570	237	765	  1	
571	195	765	  1	
571	246	765	  1	
572	279	765	  1	
573	 82	765	  1	
573	222	765	  1	
573	432	765	  1	
574	 79	765	  1	
575	112	765	  1	
575	152	765	  1	
575	313	765	  1	
575	319	765	  1	
576	175	765	  1	
576	208	765	  1	
576	248	765	  1	
576	255	765	  1	
576	327	765	  1	
577	272	765	  1	
579	 96	765	  1	
579	168	765	  1	
579	182	765	  1	
579	251	765	  1	
579	320	765	  1	
581	360	765	  1	
581	367	765	  1	
582	335	765	  1	
583	175	765	  1	
583	248	765	  1	
583	255	765	  1	
583	276	765	  1	
583	327	765	  1	
584	  3	765	  1	
584	 34	765	  1	
584	158	765	  1	
584	200	765	  1	
584	207	765	  1	
584	219	765	  1	
584	235	765	  1	
584	251	765	  1	
588	100	765	  1	
588	123	765	  1	
588	311	765	  1	
589	136	765	  1	
589	152	765	  1	
589	160	765	  1	
589	165	765	  1	
589	424	765	  1	
590	 63	765	  1	
591	  0	765	  1	
591	 56	765	  1	
591	203	765	  1	
591	251	765	  1	
591	400	765	  1	
592	 24	765	  1	
592	 67	765	  1	
592	205	765	  1	
592	216	765	  1	
592	275	765	  1	
592	384	765	  1	
594	195	765	  1	
595	407	765	  1	
596	247	765	  1	
596	272	765	  1	
597	202	765	  1	
598	388	765	  1	
599	216	765	  1	
599	400	765	  1	
600	 72	765	  1	
600	 79	765	  1	
600	120	765	  1	
600	167	765	  1	
600	308	765	  1	
600	422	765	  1	
602	104	765	  1	
602	175	765	  1	
602	216	765	  1	
603	254	765	  1	
603	343	765	  1	
604	232	765	  1	
605	296	765	  1	
606	371	765	  1	
607	 75	765	  1	
607	168	765	  1	
608	 60	765	  1	
608	 88	765	  1	
608	 99	765	  1	
608	208	765	  1	
608	248	765	  1	
608	275	765	  1	
608	288	765	  1	
610	 20	765	  1	
610	302	765	  1	
612	288	765	  1	
613	123	765	  1	
614	103	765	  1	
614	272	765	  1	
614	296	765	  1	
615	 32	765	  1	
615	 88	765	  1	
615	168	765	  1	
616	131	765	  1	
616	175	765	  1	
616	181	765	  1	
616	236	765	  1	
616	245	765	  1	
616	256	765	  1	
616	264	765	  1	
618	326	765	  1	
619	168	765	  1	
619	259	765	  1	
619	439	765	  1	
621	152	765	  1	
622	 71	765	  1	
622	246	765	  1	
622	262	765	  1	
623	128	765	  1	
623	135	765	  1	
623	175	765	  1	
623	320	765	  1	
624	187	765	  1	
624	256	765	  1	
624	272	765	  1	
624	294	765	  1	
626	225	765	  1	
627	203	765	  1	
627	408	765	  1	
628	233	765	  1	
631	 19	765	  1	
631	184	765	  1	
631	191	765	  1	
632	144	765	  1	
632	306	765	  1	
632	327	765	  1	
632	346	765	  1	
632	375	765	  1	
634	283	765	  1	
635	320	765	  1	
638	484	765	  1	
639	 52	765	  1	
639	151	765	  1	
639	327	765	  1	
639	346	765	  1	
639	455	765	  1	
640	250	765	  1	
640	292	765	  1	
640	304	765	  1	
640	328	765	  1	
643	288	765	  1	
646	285	765	  1	
648	 91	765	  1	
650	 40	765	  1	
651	316	765	  1	
652	 95	765	  1	
655	184	765	  1	
655	568	765	  1	
656	 63	765	  1	
656	 79	765	  1	
656	 87	765	  1	
656	 96	765	  1	
656	100	765	  1	
656	123	765	  1	
658	500	765	  1	
658	536	765	  1	
659	  0	765	  1	
659	 80	765	  1	
659	323	765	  1	
662	  7	765	  1	
663	 75	765	  1	
663	 87	765	  1	
663	120	765	  1	
663	127	765	  1	
663	215	765	  1	
664	108	765	  1	
664	188	765	  1	
664	192	765	  1	
667	104	765	  1	
671	 53	765	  1	
672	222	765	  1	
678	 72	765	  1	
678	 79	765	  1	
678	205	765	  1	
679	131	765	  1	
679	543	765	  1	
680	 96	765	  1	
680	103	765	  1	
687	588	765	  1	
695	 63	765	  1	
704	391	765	  1	
708	274	765	  1	
710	396	765	  1	
711	281	765	  1	
724	171	765	  1	
730	238	765	  1	
739	 88	765	  1	
751	 28	765	  1	
