# 
#  Image file: Goad2_T0097.jpg
#  Applied threshold: 575
#  Algorithm used: fill2                 
#  Particle count: 1750
#  Location (x,y), max luminance, and mass:
# 
  0	272	765	  1	
  0	303	765	  1	
  6	201	765	  1	
  8	264	765	  1	
 11	143	765	  1	
 14	444	765	  1	
 15	252	765	  1	
 16	175	765	  1	
 16	312	765	  1	
 20	 20	765	  1	
 20	200	765	  1	
 20	355	765	  1	
 22	467	765	  1	
 23	175	765	  1	
 24	538	765	  1	
 27	280	765	  1	
 29	221	765	  1	
 31	406	765	  1	
 35	151	765	  1	
 37	179	765	  1	
 39	216	765	  1	
 40	448	765	  1	
 46	295	765	  1	
 47	231	765	  1	
 48	527	765	  1	
 50	140	765	  1	
 51	240	765	  1	
 58	111	765	  1	
 58	445	765	  1	
 62	104	765	  1	
 63	101	765	  1	
 64	128	765	  1	
 65	111	765	  1	
 66	343	765	  1	
 70	235	765	  1	
 71	106	765	  1	
 71	111	765	  1	
 71	367	765	  1	
 79	252	765	  1	
 80	  8	765	  1	
 80	165	765	  1	
 80	392	765	  1	
 84	144	765	  1	
 86	328	765	  1	
 86	335	765	  1	
 87	103	765	  1	
 87	162	765	  1	
 88	101	765	  1	
 88	208	765	  1	
 88	224	765	  1	
 88	295	765	  1	
 91	271	765	  1	
 93	327	765	  1	
 95	224	765	  1	
 95	295	765	  1	
 96	128	765	  1	
100	392	765	  1	
103	128	765	  1	
103	286	765	  1	
104	339	765	  1	
104	394	765	  1	
107	399	765	  1	
111	392	765	  1	
111	400	765	  1	
111	416	765	  1	
112	 95	765	  1	
112	247	765	  1	
112	368	765	  1	
112	387	765	  1	
112	432	765	  1	
114	439	765	  1	
115	 88	765	  1	
116	355	765	  1	
116	447	765	  1	
119	 95	765	  1	
119	368	765	  1	
119	384	765	  1	
119	391	765	  1	
119	444	765	  1	
120	256	765	  1	
120	288	765	  1	
120	376	765	  1	
120	380	765	  1	
120	392	765	  1	
120	467	765	  1	
120	530	765	  1	
120	570	765	  1	
122	212	765	  1	
122	340	765	  1	
123	148	765	  1	
124	260	765	  1	
124	575	765	  1	
125	128	765	  1	
125	415	765	  1	
126	367	765	  1	
126	381	765	  1	
127	247	765	  1	
127	311	765	  1	
127	376	765	  1	
127	471	765	  1	
127	530	765	  1	
128	162	765	  1	
128	328	765	  1	
128	368	765	  1	
128	375	765	  1	
128	378	765	  1	
130	236	765	  1	
132	136	765	  1	
132	247	765	  1	
132	264	765	  1	
132	455	765	  1	
132	484	765	  1	
133	 91	765	  1	
134	165	765	  1	
134	383	765	  1	
135	371	765	  1	
135	491	765	  1	
135	568	765	  1	
136	 80	765	  1	
136	 87	765	  1	
136	117	765	  1	
136	141	765	  1	
136	335	765	  1	
136	349	765	  1	
136	368	765	  1	
136	384	765	  1	
139	  7	765	  1	
141	112	765	  1	
142	  4	765	  1	
143	 83	765	  1	
143	136	765	  1	
143	144	765	  1	
143	152	765	  1	
143	162	765	  1	
143	312	765	  1	
143	391	765	  1	
144	 52	765	  1	
144	123	765	  1	
144	335	765	  1	
146	104	765	  1	
146	319	765	  1	
147	128	765	  1	
147	135	765	  1	
147	288	765	  1	
147	328	765	  1	
148	120	765	  1	
148	344	765	  1	
150	110	765	  1	
151	  6	765	  1	
151	335	765	  1	
151	350	765	  1	
151	464	765	  1	
152	 46	765	  1	
152	 72	765	  1	
152	 78	765	  1	
152	125	765	  1	
152	129	765	  1	
152	135	765	  1	
152	149	765	  1	
152	200	765	  1	
152	207	765	  1	
152	224	765	  1	
152	387	765	  1	
152	480	765	  1	
155	112	765	  1	
155	124	765	  1	
155	528	765	  1	
158	  2	765	  1	
159	 40	765	  1	
159	200	765	  1	
159	207	765	  1	
159	336	765	  1	
159	343	765	  1	
159	384	765	  1	
159	391	765	  1	
160	 72	765	  1	
160	 79	765	  1	
160	118	765	  1	
160	141	765	  1	
160	168	765	  1	
160	187	765	  1	
160	263	765	  1	
160	335	765	  1	
160	344	765	  1	
162	112	765	  1	
162	424	765	  1	
163	 12	765	  1	
163	175	765	  1	
163	351	765	  1	
163	488	765	  1	
164	 18	765	  1	
165	122	765	  1	
165	262	765	  1	
166	127	765	  1	
166	375	765	  1	
167	 75	765	  1	
167	168	765	  1	
167	184	765	  1	
167	191	765	  1	
167	335	765	  1	
167	344	765	  1	
167	496	765	  1	
168	 46	765	  1	
168	232	765	  1	
168	263	765	  1	
169	155	765	  1	
170	 13	765	  1	
170	168	765	  1	
171	 92	765	  1	
171	256	765	  1	
172	112	765	  1	
172	238	765	  1	
173	231	765	  1	
174	  8	765	  1	
174	119	765	  1	
174	128	765	  1	
175	 46	765	  1	
175	136	765	  1	
176	 53	765	  1	
176	120	765	  1	
176	192	765	  1	
176	271	765	  1	
176	312	765	  1	
176	344	765	  1	
176	437	765	  1	
176	447	765	  1	
177	400	765	  1	
178	185	765	  1	
178	197	765	  1	
179	  0	765	  1	
179	264	765	  1	
179	319	765	  1	
180	112	765	  1	
182	127	765	  1	
182	157	765	  1	
183	119	765	  1	
183	197	765	  1	
183	271	765	  1	
183	312	765	  1	
183	422	765	  1	
184	  8	765	  1	
184	 47	765	  1	
184	141	765	  1	
184	173	765	  1	
184	200	765	  1	
184	204	765	  1	
184	231	765	  1	
184	336	765	  1	
184	347	765	  1	
184	442	765	  1	
186	373	765	  1	
187	 15	765	  1	
187	 72	765	  1	
187	368	765	  1	
188	110	765	  1	
189	152	765	  1	
189	159	765	  1	
191	  8	765	  1	
191	 51	765	  1	
191	400	765	  1	
191	407	765	  1	
192	  7	765	  1	
192	 96	765	  1	
192	149	765	  1	
192	462	765	  1	
194	165	765	  1	
195	  0	765	  1	
195	102	765	  1	
195	134	765	  1	
195	160	765	  1	
195	259	765	  1	
195	371	765	  1	
197	243	765	  1	
198	128	765	  1	
198	208	765	  1	
199	  7	765	  1	
200	 11	765	  1	
200	 66	765	  1	
200	195	765	  1	
200	240	765	  1	
200	322	765	  1	
200	383	765	  1	
200	440	765	  1	
200	566	765	  1	
201	299	765	  1	
202	  8	765	  1	
202	 40	765	  1	
202	144	765	  1	
203	166	765	  1	
203	247	765	  1	
203	253	765	  1	
203	447	765	  1	
205	192	765	  1	
206	160	765	  1	
206	248	765	  1	
207	 12	765	  1	
207	 21	765	  1	
207	240	765	  1	
207	288	765	  1	
207	383	765	  1	
207	440	765	  1	
208	  4	765	  1	
208	 24	765	  1	
208	 95	765	  1	
208	347	765	  1	
208	360	765	  1	
208	403	765	  1	
208	432	765	  1	
208	520	765	  1	
209	 55	765	  1	
211	 54	765	  1	
211	 86	765	  1	
211	136	765	  1	
211	152	765	  1	
211	253	765	  1	
211	546	765	  1	
212	 67	765	  1	
213	176	765	  1	
213	181	765	  1	
214	200	765	  1	
214	432	765	  1	
215	 95	765	  1	
215	128	765	  1	
215	347	765	  1	
216	 96	765	  1	
216	110	765	  1	
216	173	765	  1	
216	189	765	  1	
216	352	765	  1	
216	381	765	  1	
216	392	765	  1	
216	535	765	  1	
218	397	765	  1	
219	104	765	  1	
219	235	765	  1	
219	240	765	  1	
219	306	765	  1	
219	450	765	  1	
220	376	765	  1	
221	133	765	  1	
221	139	765	  1	
221	168	765	  1	
221	356	765	  1	
221	432	765	  1	
222	264	765	  1	
222	392	765	  1	
223	 96	765	  1	
224	 32	765	  1	
224	 39	765	  1	
224	 61	765	  1	
224	 77	765	  1	
224	 89	765	  1	
224	 94	765	  1	
224	120	765	  1	
224	124	765	  1	
224	176	765	  1	
224	216	765	  1	
224	284	765	  1	
224	376	765	  1	
224	439	765	  1	
225	256	765	  1	
226	400	765	  1	
226	565	765	  1	
227	223	765	  1	
227	432	765	  1	
228	 90	765	  1	
229	 71	765	  1	
229	160	765	  1	
229	182	765	  1	
229	227	765	  1	
229	423	765	  1	
230	142	765	  1	
230	344	765	  1	
230	380	765	  1	
230	415	765	  1	
230	592	765	  1	
230	599	765	  1	
231	216	765	  1	
231	257	765	  1	
231	285	765	  1	
231	403	765	  1	
231	439	765	  1	
231	488	765	  1	
232	 43	765	  1	
232	 83	765	  1	
232	 99	765	  1	
232	149	765	  1	
232	156	765	  1	
232	192	765	  1	
232	208	765	  1	
232	224	765	  1	
232	231	765	  1	
232	242	765	  1	
232	315	765	  1	
234	127	765	  1	
234	176	765	  1	
234	213	765	  1	
235	  0	765	  1	
235	  7	765	  1	
235	112	765	  1	
236	144	765	  1	
237	 47	765	  1	
237	155	765	  1	
237	440	765	  1	
238	 15	765	  1	
238	327	765	  1	
239	 56	765	  1	
239	 72	765	  1	
239	180	765	  1	
239	227	765	  1	
239	288	765	  1	
239	295	765	  1	
240	164	765	  1	
240	202	765	  1	
240	384	765	  1	
240	487	765	  1	
240	512	765	  1	
240	599	765	  1	
241	104	765	  1	
241	109	765	  1	
241	152	765	  1	
242	 23	765	  1	
242	144	765	  1	
242	307	765	  1	
242	482	765	  1	
243	 80	765	  1	
243	162	765	  1	
243	169	765	  1	
243	232	765	  1	
243	398	765	  1	
244	126	765	  1	
245	 10	765	  1	
246	 16	765	  1	
246	200	765	  1	
246	487	765	  1	
247	103	765	  1	
247	148	765	  1	
247	304	765	  1	
248	 50	765	  1	
248	 88	765	  1	
248	 95	765	  1	
248	104	765	  1	
248	110	765	  1	
248	134	765	  1	
248	160	765	  1	
248	203	765	  1	
248	216	765	  1	
248	227	765	  1	
248	296	765	  1	
248	375	765	  1	
248	423	765	  1	
248	430	765	  1	
248	449	765	  1	
248	464	765	  1	
250	176	765	  1	
250	331	765	  1	
251	 96	765	  1	
252	470	765	  1	
252	581	765	  1	
253	 55	765	  1	
253	107	765	  1	
253	131	765	  1	
253	270	765	  1	
254	387	765	  1	
255	 49	765	  1	
255	 88	765	  1	
255	 95	765	  1	
255	160	765	  1	
255	200	765	  1	
255	207	765	  1	
255	427	765	  1	
255	512	765	  1	
255	519	765	  1	
255	589	765	  1	
256	174	765	  1	
256	184	765	  1	
256	191	765	  1	
256	197	765	  1	
256	208	765	  1	
256	213	765	  1	
256	290	765	  1	
256	355	765	  1	
256	422	765	  1	
256	432	765	  1	
256	464	765	  1	
256	480	765	  1	
257	 88	765	  1	
258	  6	765	  1	
258	116	765	  1	
258	192	765	  1	
258	415	765	  1	
259	 67	765	  1	
259	231	765	  1	
259	360	765	  1	
259	463	765	  1	
259	471	765	  1	
261	112	765	  1	
261	183	765	  1	
261	295	765	  1	
262	198	765	  1	
263	 24	765	  1	
263	187	765	  1	
263	223	765	  1	
263	456	765	  1	
263	464	765	  1	
264	 48	765	  1	
264	 62	765	  1	
264	 77	765	  1	
264	 87	765	  1	
264	128	765	  1	
264	134	765	  1	
264	160	765	  1	
264	184	765	  1	
264	211	765	  1	
264	266	765	  1	
264	400	765	  1	
264	488	765	  1	
264	492	765	  1	
264	504	765	  1	
264	527	765	  1	
266	 50	765	  1	
266	 99	765	  1	
266	177	765	  1	
266	189	765	  1	
269	272	765	  1	
269	280	765	  1	
270	 54	765	  1	
270	 59	765	  1	
270	234	765	  1	
271	 87	765	  1	
271	168	765	  1	
271	183	765	  1	
271	215	765	  1	
271	239	765	  1	
271	504	765	  1	
271	527	765	  1	
271	544	765	  1	
272	125	765	  1	
272	368	765	  1	
272	386	765	  1	
272	402	765	  1	
272	464	765	  1	
272	471	765	  1	
272	496	765	  1	
272	503	765	  1	
272	542	765	  1	
274	126	765	  1	
274	207	765	  1	
274	373	765	  1	
275	120	765	  1	
275	180	765	  1	
275	184	765	  1	
275	272	765	  1	
275	432	765	  1	
275	499	765	  1	
275	536	765	  1	
276	158	765	  1	
276	199	765	  1	
277	256	765	  1	
277	344	765	  1	
277	384	765	  1	
277	391	765	  1	
278	131	765	  1	
278	152	765	  1	
278	415	765	  1	
279	467	765	  1	
279	496	765	  1	
279	503	765	  1	
279	539	765	  1	
280	  9	765	  1	
280	 31	765	  1	
280	 99	765	  1	
280	112	765	  1	
280	118	765	  1	
280	125	765	  1	
280	140	765	  1	
280	248	765	  1	
280	285	765	  1	
280	328	765	  1	
280	335	765	  1	
280	400	765	  1	
280	493	765	  1	
280	591	765	  1	
282	207	765	  1	
282	415	765	  1	
283	160	765	  1	
285	115	765	  1	
285	168	765	  1	
285	216	765	  1	
285	288	765	  1	
286	344	765	  1	
287	 96	765	  1	
287	331	765	  1	
287	400	765	  1	
287	588	765	  1	
288	 40	765	  1	
288	 56	765	  1	
288	 85	765	  1	
288	107	765	  1	
288	157	765	  1	
288	179	765	  1	
288	336	765	  1	
288	368	765	  1	
288	426	765	  1	
288	563	765	  1	
290	 96	765	  1	
291	 68	765	  1	
291	 80	765	  1	
291	399	765	  1	
292	431	765	  1	
293	166	765	  1	
294	379	765	  1	
294	424	765	  1	
295	287	765	  1	
295	560	765	  1	
295	567	765	  1	
296	 80	765	  1	
296	 86	765	  1	
296	120	765	  1	
296	126	765	  1	
296	136	765	  1	
296	197	765	  1	
296	213	765	  1	
296	240	765	  1	
296	288	765	  1	
296	360	765	  1	
296	546	765	  1	
296	557	765	  1	
298	  0	765	  1	
298	394	765	  1	
299	 56	765	  1	
299	118	765	  1	
299	184	765	  1	
299	376	765	  1	
299	399	765	  1	
299	488	765	  1	
300	144	765	  1	
300	552	765	  1	
301	123	765	  1	
301	512	765	  1	
301	551	765	  1	
302	151	765	  1	
302	494	765	  1	
303	136	765	  1	
303	472	765	  1	
304	 98	765	  1	
304	219	765	  1	
304	224	765	  1	
304	360	765	  1	
304	368	765	  1	
307	135	765	  1	
307	240	765	  1	
307	247	765	  1	
307	375	765	  1	
309	344	765	  1	
309	351	765	  1	
309	432	765	  1	
309	439	765	  1	
310	  4	765	  1	
310	304	765	  1	
310	332	765	  1	
310	364	765	  1	
311	 19	765	  1	
311	128	765	  1	
311	224	765	  1	
311	292	765	  1	
311	368	765	  1	
312	  6	765	  1	
312	 68	765	  1	
312	 77	765	  1	
312	114	765	  1	
312	136	765	  1	
312	152	765	  1	
312	256	765	  1	
312	372	765	  1	
312	379	765	  1	
312	407	765	  1	
312	416	765	  1	
312	472	765	  1	
314	140	765	  1	
315	400	765	  1	
317	120	765	  1	
317	183	765	  1	
317	200	765	  1	
317	214	765	  1	
317	232	765	  1	
317	262	765	  1	
318	155	765	  1	
318	423	765	  1	
318	437	765	  1	
319	  0	765	  1	
319	101	765	  1	
319	376	765	  1	
319	383	765	  1	
319	407	765	  1	
319	571	765	  1	
320	 62	765	  1	
320	 69	765	  1	
320	 88	765	  1	
320	 98	765	  1	
320	141	765	  1	
320	160	765	  1	
320	224	765	  1	
320	245	765	  1	
320	256	765	  1	
320	357	765	  1	
320	360	765	  1	
320	442	765	  1	
320	512	765	  1	
321	568	765	  1	
322	 56	765	  1	
322	231	765	  1	
323	128	765	  1	
323	205	765	  1	
323	367	765	  1	
325	 94	765	  1	
325	183	765	  1	
325	240	765	  1	
325	374	765	  1	
326	224	765	  1	
326	232	765	  1	
327	336	765	  1	
327	343	765	  1	
327	360	765	  1	
328	 75	765	  1	
328	 82	765	  1	
328	 87	765	  1	
328	 96	765	  1	
328	171	765	  1	
328	184	765	  1	
328	190	765	  1	
328	197	765	  1	
328	203	765	  1	
328	239	765	  1	
328	245	765	  1	
328	285	765	  1	
328	344	765	  1	
328	362	765	  1	
328	400	765	  1	
328	440	765	  1	
328	446	765	  1	
328	479	765	  1	
329	574	765	  1	
330	 94	765	  1	
330	327	765	  1	
330	360	765	  1	
331	472	765	  1	
332	367	765	  1	
333	198	765	  1	
333	280	765	  1	
333	291	765	  1	
334	203	765	  1	
334	212	765	  1	
334	408	765	  1	
334	547	765	  1	
335	 72	765	  1	
335	 79	765	  1	
335	227	765	  1	
335	364	765	  1	
335	400	765	  1	
335	479	765	  1	
336	 24	765	  1	
336	 40	765	  1	
336	165	765	  1	
336	184	765	  1	
336	219	765	  1	
336	264	765	  1	
336	271	765	  1	
336	286	765	  1	
336	319	765	  1	
336	351	765	  1	
336	371	765	  1	
336	456	765	  1	
337	 67	765	  1	
337	103	765	  1	
338	 13	765	  1	
338	179	765	  1	
338	190	765	  1	
339	 31	765	  1	
339	144	765	  1	
339	208	765	  1	
339	224	765	  1	
339	312	765	  1	
340	172	765	  1	
341	 80	765	  1	
341	 87	765	  1	
341	142	765	  1	
341	160	765	  1	
341	198	765	  1	
341	283	765	  1	
341	288	765	  1	
341	295	765	  1	
341	368	765	  1	
342	  6	765	  1	
342	 44	765	  1	
342	104	765	  1	
342	168	765	  1	
342	253	765	  1	
342	408	765	  1	
343	 24	765	  1	
343	267	765	  1	
343	319	765	  1	
343	386	765	  1	
344	 88	765	  1	
344	144	765	  1	
344	175	765	  1	
344	192	765	  1	
344	223	765	  1	
344	234	765	  1	
344	440	765	  1	
344	555	765	  1	
345	  6	765	  1	
346	 15	765	  1	
346	152	765	  1	
346	464	765	  1	
347	 71	765	  1	
347	144	765	  1	
348	 88	765	  1	
349	232	765	  1	
349	239	765	  1	
349	288	765	  1	
349	471	765	  1	
350	134	765	  1	
350	375	765	  1	
350	443	765	  1	
350	552	765	  1	
350	587	765	  1	
351	  0	765	  1	
351	  6	765	  1	
351	192	765	  1	
352	 40	765	  1	
352	123	765	  1	
352	163	765	  1	
352	200	765	  1	
352	208	765	  1	
352	269	765	  1	
352	306	765	  1	
352	397	765	  1	
352	432	765	  1	
352	440	765	  1	
352	551	765	  1	
352	563	765	  1	
353	243	765	  1	
353	264	765	  1	
355	136	765	  1	
357	  6	765	  1	
357	 40	765	  1	
357	112	765	  1	
357	314	765	  1	
357	544	765	  1	
358	560	765	  1	
359	 31	765	  1	
359	208	765	  1	
359	256	765	  1	
359	274	765	  1	
360	 16	765	  1	
360	 37	765	  1	
360	168	765	  1	
360	192	765	  1	
360	199	765	  1	
360	230	765	  1	
360	288	765	  1	
360	295	765	  1	
360	304	765	  1	
360	347	765	  1	
360	416	765	  1	
361	 47	765	  1	
363	  7	765	  1	
363	 23	765	  1	
363	 93	765	  1	
363	175	765	  1	
363	206	765	  1	
363	456	765	  1	
365	 83	765	  1	
365	266	765	  1	
366	 31	765	  1	
366	423	765	  1	
366	440	765	  1	
367	 16	765	  1	
367	 72	765	  1	
367	138	765	  1	
367	168	765	  1	
367	278	765	  1	
367	291	765	  1	
367	319	765	  1	
368	 52	765	  1	
368	 96	765	  1	
368	102	765	  1	
368	128	765	  1	
368	395	765	  1	
368	451	765	  1	
368	467	765	  1	
368	496	765	  1	
370	 88	765	  1	
371	 21	765	  1	
372	143	765	  1	
372	229	765	  1	
373	 43	765	  1	
373	 55	765	  1	
373	152	765	  1	
373	304	765	  1	
373	540	765	  1	
375	129	765	  1	
375	138	765	  1	
375	319	765	  1	
375	432	765	  1	
375	448	765	  1	
375	455	765	  1	
375	464	765	  1	
375	471	765	  1	
375	535	765	  1	
376	 36	765	  1	
376	 72	765	  1	
376	 83	765	  1	
376	108	765	  1	
376	120	765	  1	
376	128	765	  1	
376	182	765	  1	
376	200	765	  1	
376	204	765	  1	
376	208	765	  1	
376	282	765	  1	
376	312	765	  1	
376	363	765	  1	
376	431	765	  1	
376	463	765	  1	
377	152	765	  1	
378	247	765	  1	
379	 79	765	  1	
379	104	765	  1	
379	336	765	  1	
379	424	765	  1	
379	456	765	  1	
380	  2	765	  1	
381	 87	765	  1	
381	176	765	  1	
381	200	765	  1	
381	205	765	  1	
381	214	765	  1	
381	435	765	  1	
382	 22	765	  1	
382	 67	765	  1	
382	109	765	  1	
383	 72	765	  1	
383	280	765	  1	
383	287	765	  1	
383	315	765	  1	
383	431	765	  1	
383	451	765	  1	
383	463	765	  1	
384	 40	765	  1	
384	 80	765	  1	
384	 96	765	  1	
384	125	765	  1	
384	139	765	  1	
384	248	765	  1	
384	255	765	  1	
384	271	765	  1	
384	274	765	  1	
384	322	765	  1	
384	448	765	  1	
384	455	765	  1	
384	581	765	  1	
386	207	765	  1	
387	 85	765	  1	
387	117	765	  1	
387	216	765	  1	
387	416	765	  1	
389	  8	765	  1	
389	 24	765	  1	
389	186	765	  1	
389	563	765	  1	
390	422	765	  1	
390	451	765	  1	
391	 44	765	  1	
391	112	765	  1	
391	124	765	  1	
391	279	765	  1	
392	 31	765	  1	
392	 61	765	  1	
392	 67	765	  1	
392	150	765	  1	
392	168	765	  1	
392	212	765	  1	
392	216	765	  1	
392	280	765	  1	
392	320	765	  1	
394	 26	765	  1	
394	196	765	  1	
394	208	765	  1	
395	 19	765	  1	
395	175	765	  1	
395	235	765	  1	
398	 31	765	  1	
398	213	765	  1	
398	399	765	  1	
398	423	765	  1	
399	287	765	  1	
400	 48	765	  1	
400	 64	765	  1	
400	149	765	  1	
400	153	765	  1	
400	184	765	  1	
400	342	765	  1	
400	527	765	  1	
401	218	765	  1	
402	335	765	  1	
403	 24	765	  1	
403	166	765	  1	
403	385	765	  1	
405	136	765	  1	
405	153	765	  1	
405	255	765	  1	
406	154	765	  1	
406	339	765	  1	
407	 77	765	  1	
407	164	765	  1	
407	191	765	  1	
407	208	765	  1	
407	216	765	  1	
407	221	765	  1	
407	402	765	  1	
407	512	765	  1	
407	527	765	  1	
408	 24	765	  1	
408	 31	765	  1	
408	 37	765	  1	
408	128	765	  1	
408	152	765	  1	
408	160	765	  1	
408	210	765	  1	
408	227	765	  1	
408	248	765	  1	
408	256	765	  1	
408	344	765	  1	
408	411	765	  1	
408	419	765	  1	
410	134	765	  1	
410	427	765	  1	
411	 46	765	  1	
411	 91	765	  1	
412	184	765	  1	
413	 54	765	  1	
413	416	765	  1	
414	 37	765	  1	
414	163	765	  1	
414	228	765	  1	
414	251	765	  1	
415	 27	765	  1	
415	 87	765	  1	
415	157	765	  1	
415	344	765	  1	
415	408	765	  1	
416	 29	765	  1	
416	 48	765	  1	
416	 56	765	  1	
416	139	765	  1	
416	194	765	  1	
416	199	765	  1	
416	240	765	  1	
416	255	765	  1	
417	152	765	  1	
421	 24	765	  1	
421	 91	765	  1	
422	162	765	  1	
422	167	765	  1	
422	194	765	  1	
423	199	765	  1	
423	240	765	  1	
423	276	765	  1	
424	  0	765	  1	
424	  4	765	  1	
424	  8	765	  1	
424	 16	765	  1	
424	 42	765	  1	
424	 55	765	  1	
424	 75	765	  1	
424	 99	765	  1	
424	133	765	  1	
424	218	765	  1	
424	246	765	  1	
426	 13	765	  1	
426	216	765	  1	
427	279	765	  1	
427	294	765	  1	
428	178	765	  1	
429	 30	765	  1	
429	243	765	  1	
429	368	765	  1	
430	  8	765	  1	
430	 50	765	  1	
430	 69	765	  1	
431	 79	765	  1	
431	 96	765	  1	
431	272	765	  1	
432	 92	765	  1	
432	136	765	  1	
432	141	765	  1	
432	175	765	  1	
432	248	765	  1	
433	144	765	  1	
434	 86	765	  1	
434	120	765	  1	
434	240	765	  1	
435	 72	765	  1	
435	168	765	  1	
436	 13	765	  1	
437	  0	765	  1	
437	112	765	  1	
438	 80	765	  1	
438	148	765	  1	
439	 92	765	  1	
439	120	765	  1	
439	248	765	  1	
439	352	765	  1	
439	359	765	  1	
439	367	765	  1	
439	448	765	  1	
440	 29	765	  1	
440	 72	765	  1	
440	136	765	  1	
440	207	765	  1	
440	381	765	  1	
441	407	765	  1	
442	157	765	  1	
443	118	765	  1	
443	126	765	  1	
443	187	765	  1	
444	178	765	  1	
445	 75	765	  1	
445	 86	765	  1	
446	163	765	  1	
446	400	765	  1	
447	 29	765	  1	
447	136	765	  1	
447	200	765	  1	
447	263	765	  1	
448	 13	765	  1	
448	 19	765	  1	
448	 39	765	  1	
448	 62	765	  1	
448	 67	765	  1	
448	 72	765	  1	
448	101	765	  1	
448	235	765	  1	
448	408	765	  1	
449	 77	765	  1	
449	259	765	  1	
451	168	765	  1	
451	415	765	  1	
453	 96	765	  1	
453	104	765	  1	
453	136	765	  1	
455	 16	765	  1	
455	 23	765	  1	
455	 62	765	  1	
455	408	765	  1	
456	152	765	  1	
456	159	765	  1	
456	208	765	  1	
456	240	765	  1	
456	339	765	  1	
456	368	765	  1	
459	  0	765	  1	
459	 62	765	  1	
459	191	765	  1	
459	375	765	  1	
460	384	765	  1	
461	  8	765	  1	
461	 15	765	  1	
461	120	765	  1	
461	127	765	  1	
462	302	765	  1	
462	311	765	  1	
462	391	765	  1	
463	 96	765	  1	
463	288	765	  1	
463	368	765	  1	
464	 24	765	  1	
464	 80	765	  1	
464	 95	765	  1	
464	104	765	  1	
464	116	765	  1	
464	138	765	  1	
464	188	765	  1	
464	216	765	  1	
464	248	765	  1	
464	275	765	  1	
464	352	765	  1	
464	356	765	  1	
464	432	765	  1	
464	440	765	  1	
464	447	765	  1	
466	 63	765	  1	
466	176	765	  1	
467	  0	765	  1	
467	 72	765	  1	
469	 80	765	  1	
469	221	765	  1	
470	117	765	  1	
470	232	765	  1	
471	112	765	  1	
471	176	765	  1	
471	272	765	  1	
471	279	765	  1	
471	308	765	  1	
472	 48	765	  1	
472	 64	765	  1	
472	 68	765	  1	
472	 82	765	  1	
472	 87	765	  1	
472	 96	765	  1	
472	150	765	  1	
472	240	765	  1	
472	248	765	  1	
472	312	765	  1	
472	319	765	  1	
472	336	765	  1	
472	344	765	  1	
473	139	765	  1	
474	144	765	  1	
474	290	765	  1	
474	456	765	  1	
475	106	765	  1	
475	255	765	  1	
475	343	765	  1	
477	462	765	  1	
478	233	765	  1	
479	 52	765	  1	
479	150	765	  1	
479	176	765	  1	
479	183	765	  1	
479	248	765	  1	
479	315	765	  1	
479	336	765	  1	
479	354	765	  1	
480	 63	765	  1	
480	 94	765	  1	
480	 98	765	  1	
480	112	765	  1	
480	133	765	  1	
480	175	765	  1	
480	254	765	  1	
481	264	765	  1	
482	 88	765	  1	
483	  0	765	  1	
483	104	765	  1	
483	280	765	  1	
483	344	765	  1	
484	272	765	  1	
485	118	765	  1	
485	155	765	  1	
486	208	765	  1	
486	246	765	  1	
486	279	765	  1	
486	412	765	  1	
487	576	765	  1	
488	 16	765	  1	
488	 23	765	  1	
488	 50	765	  1	
488	 72	765	  1	
488	100	765	  1	
488	124	765	  1	
488	130	765	  1	
488	174	765	  1	
488	181	765	  1	
488	193	765	  1	
488	200	765	  1	
488	221	765	  1	
488	229	765	  1	
488	248	765	  1	
488	255	765	  1	
488	275	765	  1	
488	287	765	  1	
488	304	765	  1	
488	339	765	  1	
489	  0	765	  1	
490	171	765	  1	
491	 19	765	  1	
492	 62	765	  1	
492	199	765	  1	
493	 52	765	  1	
493	133	765	  1	
494	166	765	  1	
494	311	765	  1	
495	 16	765	  1	
495	 23	765	  1	
495	251	765	  1	
496	  3	765	  1	
496	  9	765	  1	
496	 18	765	  1	
496	 59	765	  1	
496	112	765	  1	
496	139	765	  1	
496	152	765	  1	
496	159	765	  1	
496	178	765	  1	
496	256	765	  1	
496	262	765	  1	
496	330	765	  1	
496	346	765	  1	
496	376	765	  1	
496	379	765	  1	
497	 83	765	  1	
498	 32	765	  1	
498	102	765	  1	
498	118	765	  1	
499	128	765	  1	
499	144	765	  1	
499	160	765	  1	
501	159	765	  1	
501	194	765	  1	
501	259	765	  1	
502	 11	765	  1	
502	 96	765	  1	
502	106	765	  1	
502	112	765	  1	
503	 23	765	  1	
503	171	765	  1	
503	288	765	  1	
503	552	765	  1	
504	 24	765	  1	
504	 85	765	  1	
504	127	765	  1	
504	184	765	  1	
504	336	765	  1	
504	424	765	  1	
504	480	765	  1	
506	 31	765	  1	
506	 80	765	  1	
507	 96	765	  1	
507	447	765	  1	
509	 62	765	  1	
509	104	765	  1	
509	111	765	  1	
509	220	765	  1	
510	 18	765	  1	
510	 86	765	  1	
510	154	765	  1	
510	159	765	  1	
510	339	765	  1	
510	385	765	  1	
511	  4	765	  1	
511	240	765	  1	
511	351	765	  1	
512	 43	765	  1	
512	 64	765	  1	
512	 70	765	  1	
512	 88	765	  1	
512	136	765	  1	
512	143	765	  1	
512	152	765	  1	
512	190	765	  1	
512	213	765	  1	
512	251	765	  1	
512	256	765	  1	
513	248	765	  1	
514	266	765	  1	
515	  0	765	  1	
515	 32	765	  1	
516	 51	765	  1	
516	137	765	  1	
516	342	765	  1	
517	328	765	  1	
517	333	765	  1	
518	148	765	  1	
518	213	765	  1	
518	223	765	  1	
518	336	765	  1	
519	 12	765	  1	
519	 67	765	  1	
519	 96	765	  1	
519	142	765	  1	
519	399	765	  1	
520	 85	765	  1	
520	136	765	  1	
520	140	765	  1	
520	210	765	  1	
520	219	765	  1	
520	235	765	  1	
520	304	765	  1	
520	358	765	  1	
520	376	765	  1	
522	168	765	  1	
523	278	765	  1	
523	288	765	  1	
523	355	765	  1	
525	 63	765	  1	
525	 98	765	  1	
525	176	765	  1	
525	232	765	  1	
525	310	765	  1	
525	328	765	  1	
525	399	765	  1	
526	  0	765	  1	
526	160	765	  1	
526	352	765	  1	
527	214	765	  1	
527	216	765	  1	
527	223	765	  1	
527	248	765	  1	
527	392	765	  1	
528	 45	765	  1	
528	186	765	  1	
528	200	765	  1	
528	259	765	  1	
528	275	765	  1	
528	376	765	  1	
528	590	765	  1	
530	237	765	  1	
530	254	765	  1	
531	104	765	  1	
531	184	765	  1	
531	199	765	  1	
531	277	765	  1	
531	379	765	  1	
532	 87	765	  1	
532	208	765	  1	
532	432	765	  1	
533	 96	765	  1	
533	288	765	  1	
533	440	765	  1	
534	244	765	  1	
534	248	765	  1	
534	264	765	  1	
534	376	765	  1	
535	191	765	  1	
535	237	765	  1	
535	272	765	  1	
536	  8	765	  1	
536	 20	765	  1	
536	 31	765	  1	
536	 58	765	  1	
536	 76	765	  1	
536	 80	765	  1	
536	118	765	  1	
536	130	765	  1	
536	155	765	  1	
536	184	765	  1	
536	192	765	  1	
536	254	765	  1	
536	328	765	  1	
536	335	765	  1	
537	189	765	  1	
537	295	765	  1	
538	112	765	  1	
538	197	765	  1	
539	 15	765	  1	
539	125	765	  1	
539	278	765	  1	
540	119	765	  1	
541	 23	765	  1	
541	 79	765	  1	
541	135	765	  1	
541	208	765	  1	
541	215	765	  1	
541	251	765	  1	
542	 63	765	  1	
542	112	765	  1	
542	265	765	  1	
542	288	765	  1	
543	  8	765	  1	
543	 87	765	  1	
543	299	765	  1	
544	 42	765	  1	
544	 80	765	  1	
544	 96	765	  1	
544	118	765	  1	
544	170	765	  1	
544	178	765	  1	
544	210	765	  1	
544	236	765	  1	
544	240	765	  1	
544	278	765	  1	
544	284	765	  1	
544	379	765	  1	
546	267	765	  1	
547	175	765	  1	
547	232	765	  1	
547	352	765	  1	
549	 24	765	  1	
549	115	765	  1	
549	136	765	  1	
549	211	765	  1	
550	 47	765	  1	
550	149	765	  1	
550	284	765	  1	
552	 32	765	  1	
552	 64	765	  1	
552	242	765	  1	
552	378	765	  1	
553	247	765	  1	
554	103	765	  1	
555	200	765	  1	
555	427	765	  1	
556	112	765	  1	
557	159	765	  1	
558	 39	765	  1	
558	 98	765	  1	
558	119	765	  1	
560	  8	765	  1	
560	 80	765	  1	
560	103	765	  1	
560	176	765	  1	
560	202	765	  1	
560	216	765	  1	
560	229	765	  1	
560	274	765	  1	
560	279	765	  1	
560	312	765	  1	
560	343	765	  1	
560	351	765	  1	
560	389	765	  1	
560	394	765	  1	
560	399	765	  1	
560	568	765	  1	
561	181	765	  1	
562	213	765	  1	
562	224	765	  1	
563	 96	765	  1	
563	136	765	  1	
563	149	765	  1	
563	336	765	  1	
564	 14	765	  1	
564	347	765	  1	
565	256	765	  1	
566	230	765	  1	
567	103	765	  1	
567	144	765	  1	
567	208	765	  1	
567	216	765	  1	
567	327	765	  1	
567	343	765	  1	
568	167	765	  1	
568	207	765	  1	
568	250	765	  1	
569	157	765	  1	
571	255	765	  1	
571	278	765	  1	
571	301	765	  1	
572	296	765	  1	
573	223	765	  1	
574	316	765	  1	
575	191	765	  1	
575	422	765	  1	
576	 32	765	  1	
576	 75	765	  1	
576	 96	765	  1	
576	208	765	  1	
576	215	765	  1	
576	230	765	  1	
576	241	765	  1	
576	256	765	  1	
576	260	765	  1	
576	288	765	  1	
576	304	765	  1	
576	310	765	  1	
578	224	765	  1	
579	103	765	  1	
579	168	765	  1	
579	270	765	  1	
579	488	765	  1	
581	176	765	  1	
581	199	765	  1	
581	232	765	  1	
582	152	765	  1	
582	159	765	  1	
582	264	765	  1	
583	 56	765	  1	
583	 70	765	  1	
583	 96	765	  1	
583	279	765	  1	
584	 27	765	  1	
584	 88	765	  1	
584	107	765	  1	
584	140	765	  1	
584	173	765	  1	
584	183	765	  1	
584	190	765	  1	
584	220	765	  1	
584	248	765	  1	
584	271	765	  1	
584	295	765	  1	
585	  0	765	  1	
585	 93	765	  1	
586	111	765	  1	
586	168	765	  1	
586	296	765	  1	
587	144	765	  1	
587	176	765	  1	
587	287	765	  1	
588	 88	765	  1	
589	138	765	  1	
589	238	765	  1	
590	 24	765	  1	
590	174	765	  1	
590	351	765	  1	
590	484	765	  1	
591	183	765	  1	
591	211	765	  1	
591	295	765	  1	
592	154	765	  1	
592	160	765	  1	
592	229	765	  1	
592	245	765	  1	
592	267	765	  1	
592	304	765	  1	
592	311	765	  1	
593	205	765	  1	
595	381	765	  1	
595	423	765	  1	
596	  6	765	  1	
596	253	765	  1	
596	262	765	  1	
597	193	765	  1	
597	215	765	  1	
598	  0	765	  1	
598	155	765	  1	
598	256	765	  1	
598	282	765	  1	
599	 63	765	  1	
599	160	765	  1	
599	207	765	  1	
600	 80	765	  1	
600	 95	765	  1	
600	 99	765	  1	
600	216	765	  1	
600	232	765	  1	
600	290	765	  1	
600	306	765	  1	
600	434	765	  1	
601	 64	765	  1	
601	 88	765	  1	
601	411	765	  1	
603	104	765	  1	
603	263	765	  1	
603	335	765	  1	
604	310	765	  1	
605	 94	765	  1	
606	 96	765	  1	
606	103	765	  1	
606	291	765	  1	
606	352	765	  1	
607	304	765	  1	
608	 77	765	  1	
608	143	765	  1	
608	277	765	  1	
608	287	765	  1	
608	296	765	  1	
608	308	765	  1	
608	326	765	  1	
608	346	765	  1	
608	464	765	  1	
611	136	765	  1	
611	344	765	  1	
612	479	765	  1	
613	304	765	  1	
614	 72	765	  1	
614	359	765	  1	
615	143	765	  1	
616	  3	765	  1	
616	195	765	  1	
616	231	765	  1	
616	256	765	  1	
616	268	765	  1	
617	287	765	  1	
619	224	765	  1	
619	376	765	  1	
620	263	765	  1	
621	119	765	  1	
622	280	765	  1	
623	231	765	  1	
623	357	765	  1	
624	219	765	  1	
624	431	765	  1	
624	566	765	  1	
627	265	765	  1	
628	262	765	  1	
628	280	765	  1	
631	295	765	  1	
632	  0	765	  1	
632	  4	765	  1	
632	 48	765	  1	
632	184	765	  1	
632	208	765	  1	
632	304	765	  1	
632	480	765	  1	
634	152	765	  1	
635	 55	765	  1	
635	280	765	  1	
637	 96	765	  1	
638	103	765	  1	
638	304	765	  1	
639	128	765	  1	
639	184	765	  1	
639	256	765	  1	
640	 61	765	  1	
640	120	765	  1	
640	264	765	  1	
640	271	765	  1	
643	 56	765	  1	
645	304	765	  1	
646	124	765	  1	
646	381	765	  1	
646	384	765	  1	
647	267	765	  1	
648	 98	765	  1	
648	120	765	  1	
648	127	765	  1	
648	191	765	  1	
648	281	765	  1	
650	525	765	  1	
651	135	765	  1	
651	275	765	  1	
654	 77	765	  1	
654	287	765	  1	
655	 69	765	  1	
655	123	765	  1	
655	128	765	  1	
655	187	765	  1	
656	 78	765	  1	
656	168	765	  1	
656	199	765	  1	
658	406	765	  1	
661	400	765	  1	
663	143	765	  1	
663	192	765	  1	
664	144	765	  1	
664	180	765	  1	
668	175	765	  1	
668	261	765	  1	
670	151	765	  1	
672	104	765	  1	
673	111	765	  1	
677	368	765	  1	
679	104	765	  1	
680	144	765	  1	
680	151	765	  1	
680	208	765	  1	
683	180	765	  1	
688	144	765	  1	
688	151	765	  1	
688	264	765	  1	
688	455	765	  1	
694	223	765	  1	
695	151	765	  1	
695	198	765	  1	
695	344	765	  1	
706	223	765	  1	
707	295	765	  1	
