# 
#  Image file: Goad2_T0042.jpg
#  Applied threshold: 575
#  Algorithm used: fill2                 
#  Particle count: 1956
#  Location (x,y), max luminance, and mass:
# 
  0	446	765	  1	
  0	455	765	  1	
  2	437	765	  1	
  4	399	765	  1	
  5	246	765	  1	
  7	446	765	  1	
  8	256	765	  1	
  8	456	765	  1	
 10	 96	765	  1	
 15	224	765	  1	
 18	483	765	  1	
 22	343	765	  1	
 25	532	765	  1	
 31	304	765	  1	
 32	367	765	  1	
 35	352	765	  1	
 36	283	765	  1	
 40	239	765	  1	
 40	352	765	  1	
 41	232	765	  1	
 42	222	765	  1	
 47	352	765	  1	
 48	287	765	  1	
 48	348	765	  1	
 48	464	765	  1	
 52	224	765	  1	
 54	256	765	  1	
 55	283	765	  1	
 56	144	765	  1	
 56	147	765	  1	
 59	148	765	  1	
 64	103	765	  1	
 66	182	765	  1	
 68	109	765	  1	
 70	261	765	  1	
 71	 80	765	  1	
 71	105	765	  1	
 71	248	765	  1	
 72	367	765	  1	
 74	349	765	  1	
 75	360	765	  1	
 76	149	765	  1	
 79	367	765	  1	
 82	144	765	  1	
 84	 96	765	  1	
 84	191	765	  1	
 84	199	765	  1	
 87	236	765	  1	
 88	199	765	  1	
 88	232	765	  1	
 88	240	765	  1	
 88	256	765	  1	
 88	447	765	  1	
 90	248	765	  1	
 92	203	765	  1	
 94	132	765	  1	
 95	408	765	  1	
 95	527	765	  1	
 96	151	765	  1	
102	233	765	  1	
103	  0	765	  1	
104	163	765	  1	
104	301	765	  1	
105	462	765	  1	
106	144	765	  1	
106	402	765	  1	
110	111	765	  1	
111	 32	765	  1	
111	248	765	  1	
112	212	765	  1	
115	184	765	  1	
115	191	765	  1	
115	206	765	  1	
118	413	765	  1	
119	244	765	  1	
119	495	765	  1	
119	510	765	  1	
120	  4	765	  1	
120	135	765	  1	
120	163	765	  1	
120	248	765	  1	
120	299	765	  1	
120	376	765	  1	
120	537	765	  1	
122	391	765	  1	
123	  0	765	  1	
123	128	765	  1	
123	216	765	  1	
124	204	765	  1	
127	  8	765	  1	
127	135	765	  1	
127	160	765	  1	
127	167	765	  1	
127	267	765	  1	
127	296	765	  1	
127	303	765	  1	
127	512	765	  1	
128	 23	765	  1	
128	120	765	  1	
128	127	765	  1	
128	136	765	  1	
128	143	765	  1	
128	146	765	  1	
128	151	765	  1	
128	273	765	  1	
128	279	765	  1	
128	328	765	  1	
130	256	765	  1	
132	272	765	  1	
133	176	765	  1	
133	187	765	  1	
133	333	765	  1	
134	278	765	  1	
135	136	765	  1	
135	143	765	  1	
136	152	765	  1	
136	167	765	  1	
136	304	765	  1	
136	312	765	  1	
136	327	765	  1	
138	163	765	  1	
138	354	765	  1	
139	223	765	  1	
139	320	765	  1	
140	271	765	  1	
140	307	765	  1	
141	323	765	  1	
142	141	765	  1	
142	224	765	  1	
142	231	765	  1	
143	114	765	  1	
143	152	765	  1	
143	312	765	  1	
144	447	765	  1	
144	533	765	  1	
147	312	765	  1	
149	 82	765	  1	
151	191	765	  1	
151	384	765	  1	
152	  2	765	  1	
152	136	765	  1	
152	147	765	  1	
152	155	765	  1	
152	200	765	  1	
152	235	765	  1	
152	258	765	  1	
152	263	765	  1	
152	298	765	  1	
152	333	765	  1	
152	496	765	  1	
152	504	765	  1	
152	511	765	  1	
156	  0	765	  1	
157	112	765	  1	
158	 87	765	  1	
158	172	765	  1	
158	200	765	  1	
159	152	765	  1	
159	159	765	  1	
159	227	765	  1	
159	232	765	  1	
159	239	765	  1	
160	  5	765	  1	
160	 43	765	  1	
160	 64	765	  1	
160	123	765	  1	
160	144	765	  1	
160	194	765	  1	
160	205	765	  1	
160	321	765	  1	
160	336	765	  1	
162	263	765	  1	
163	277	765	  1	
163	373	765	  1	
164	136	765	  1	
165	 40	765	  1	
165	383	765	  1	
166	201	765	  1	
166	315	765	  1	
166	392	765	  1	
166	500	765	  1	
167	 64	765	  1	
167	168	765	  1	
168	 16	765	  1	
168	 63	765	  1	
168	 80	765	  1	
168	 96	765	  1	
168	103	765	  1	
168	140	765	  1	
168	149	765	  1	
168	230	765	  1	
168	264	765	  1	
168	285	765	  1	
168	296	765	  1	
168	536	765	  1	
169	104	765	  1	
169	111	765	  1	
171	 56	765	  1	
171	 85	765	  1	
171	146	765	  1	
171	303	765	  1	
172	157	765	  1	
173	128	765	  1	
173	141	765	  1	
174	 69	765	  1	
174	384	765	  1	
175	 63	765	  1	
175	 99	765	  1	
175	112	765	  1	
175	296	765	  1	
175	536	765	  1	
176	 35	765	  1	
176	 64	765	  1	
176	 95	765	  1	
176	188	765	  1	
176	196	765	  1	
176	308	765	  1	
176	351	765	  1	
176	472	765	  1	
178	378	765	  1	
179	 62	765	  1	
179	151	765	  1	
179	197	765	  1	
179	271	765	  1	
180	304	765	  1	
181	187	765	  1	
182	159	765	  1	
182	175	765	  1	
182	183	765	  1	
182	192	765	  1	
182	311	765	  1	
183	 67	765	  1	
183	 81	765	  1	
183	112	765	  1	
183	128	765	  1	
183	224	765	  1	
183	237	765	  1	
184	216	765	  1	
184	231	765	  1	
184	366	765	  1	
186	223	765	  1	
187	 72	765	  1	
187	345	765	  1	
187	511	765	  1	
188	 87	765	  1	
188	384	765	  1	
189	120	765	  1	
190	504	765	  1	
191	 32	765	  1	
191	 39	765	  1	
191	128	765	  1	
192	184	765	  1	
192	191	765	  1	
192	234	765	  1	
192	239	765	  1	
192	371	765	  1	
193	154	765	  1	
194	  8	765	  1	
194	134	765	  1	
194	407	765	  1	
195	 46	765	  1	
195	163	765	  1	
195	215	765	  1	
195	362	765	  1	
198	171	765	  1	
199	  8	765	  1	
199	 18	765	  1	
199	187	765	  1	
199	230	765	  1	
199	528	765	  1	
200	 32	765	  1	
200	 66	765	  1	
200	103	765	  1	
200	200	765	  1	
200	226	765	  1	
200	243	765	  1	
200	280	765	  1	
200	419	765	  1	
200	423	765	  1	
200	503	765	  1	
201	159	765	  1	
203	144	765	  1	
203	207	765	  1	
205	 74	765	  1	
205	168	765	  1	
206	 97	765	  1	
206	231	765	  1	
206	287	765	  1	
207	 58	765	  1	
207	200	765	  1	
207	240	765	  1	
207	247	765	  1	
207	375	765	  1	
207	503	765	  1	
208	 63	765	  1	
208	141	765	  1	
208	184	765	  1	
208	190	765	  1	
208	288	765	  1	
208	316	765	  1	
210	 16	765	  1	
211	 56	765	  1	
211	312	765	  1	
211	328	765	  1	
212	168	765	  1	
212	344	765	  1	
213	136	765	  1	
213	144	765	  1	
213	175	765	  1	
213	187	765	  1	
213	231	765	  1	
213	358	765	  1	
214	 93	765	  1	
214	283	765	  1	
215	 63	765	  1	
215	 69	765	  1	
215	 96	765	  1	
215	288	765	  1	
215	351	765	  1	
215	456	765	  1	
216	 64	765	  1	
216	114	765	  1	
216	141	765	  1	
216	153	765	  1	
216	184	765	  1	
216	190	765	  1	
216	198	765	  1	
216	243	765	  1	
216	544	765	  1	
217	 81	765	  1	
218	320	765	  1	
218	596	765	  1	
219	104	765	  1	
219	111	765	  1	
219	176	765	  1	
219	288	765	  1	
221	 88	765	  1	
221	112	765	  1	
221	119	765	  1	
221	187	765	  1	
221	195	765	  1	
221	200	765	  1	
221	312	765	  1	
221	413	765	  1	
222	259	765	  1	
222	336	765	  1	
223	295	765	  1	
223	320	765	  1	
223	327	765	  1	
223	592	765	  1	
224	 73	765	  1	
224	 79	765	  1	
224	128	765	  1	
224	154	765	  1	
224	184	765	  1	
224	208	765	  1	
224	215	765	  1	
224	224	765	  1	
224	269	765	  1	
224	285	765	  1	
224	344	765	  1	
224	394	765	  1	
224	557	765	  1	
225	  7	765	  1	
226	 39	765	  1	
226	295	765	  1	
227	 96	765	  1	
227	107	765	  1	
228	432	765	  1	
229	 32	765	  1	
229	 63	765	  1	
229	144	765	  1	
229	156	765	  1	
229	171	765	  1	
229	288	765	  1	
229	399	765	  1	
229	423	765	  1	
230	  4	765	  1	
230	 77	765	  1	
230	211	765	  1	
231	 69	765	  1	
231	282	765	  1	
231	323	765	  1	
232	 85	765	  1	
232	 91	765	  1	
232	101	765	  1	
232	109	765	  1	
232	120	765	  1	
232	133	765	  1	
232	161	765	  1	
232	176	765	  1	
232	181	765	  1	
232	200	765	  1	
232	362	765	  1	
232	392	765	  1	
233	  6	765	  1	
234	 64	765	  1	
234	 80	765	  1	
234	206	765	  1	
234	293	765	  1	
235	152	765	  1	
235	198	765	  1	
236	176	765	  1	
236	216	765	  1	
237	 96	765	  1	
237	187	765	  1	
237	311	765	  1	
237	395	765	  1	
238	 24	765	  1	
238	 86	765	  1	
238	375	765	  1	
239	120	765	  1	
239	201	765	  1	
239	223	765	  1	
239	288	765	  1	
240	  5	765	  1	
240	 72	765	  1	
240	103	765	  1	
240	118	765	  1	
240	144	765	  1	
240	156	765	  1	
240	164	765	  1	
240	184	765	  1	
240	246	765	  1	
240	263	765	  1	
240	312	765	  1	
240	336	765	  1	
240	344	765	  1	
240	357	765	  1	
240	466	765	  1	
240	552	765	  1	
242	  0	765	  1	
242	151	765	  1	
243	160	765	  1	
243	408	765	  1	
243	471	765	  1	
245	 53	765	  1	
245	 80	765	  1	
245	 87	765	  1	
245	216	765	  1	
245	258	765	  1	
245	311	765	  1	
246	  6	765	  1	
246	187	765	  1	
246	307	765	  1	
246	419	765	  1	
246	520	765	  1	
246	527	765	  1	
247	 27	765	  1	
247	 60	765	  1	
247	 71	765	  1	
247	118	765	  1	
247	164	765	  1	
247	344	765	  1	
247	367	765	  1	
248	120	765	  1	
248	127	765	  1	
248	136	765	  1	
248	192	765	  1	
248	205	765	  1	
248	246	765	  1	
248	288	765	  1	
248	319	765	  1	
248	448	765	  1	
248	472	765	  1	
250	203	765	  1	
250	270	765	  1	
250	349	765	  1	
250	469	765	  1	
251	144	765	  1	
251	168	765	  1	
251	194	765	  1	
251	312	765	  1	
251	479	765	  1	
252	 60	765	  1	
252	207	765	  1	
253	 44	765	  1	
253	 55	765	  1	
253	 72	765	  1	
253	149	765	  1	
253	247	765	  1	
253	323	765	  1	
253	352	765	  1	
253	359	765	  1	
254	114	765	  1	
254	141	765	  1	
254	206	765	  1	
254	271	765	  1	
254	291	765	  1	
254	344	765	  1	
255	 80	765	  1	
255	192	765	  1	
255	199	765	  1	
255	205	765	  1	
255	304	765	  1	
255	319	765	  1	
255	424	765	  1	
255	463	765	  1	
255	470	765	  1	
256	  5	765	  1	
256	 64	765	  1	
256	 87	765	  1	
256	124	765	  1	
256	160	765	  1	
256	198	765	  1	
256	248	765	  1	
256	255	765	  1	
256	336	765	  1	
256	360	765	  1	
256	367	765	  1	
256	401	765	  1	
256	590	765	  1	
257	 80	765	  1	
257	102	765	  1	
257	325	765	  1	
258	143	765	  1	
259	205	765	  1	
261	112	765	  1	
261	208	765	  1	
262	 71	765	  1	
262	320	765	  1	
263	 64	765	  1	
263	 87	765	  1	
263	196	765	  1	
263	251	765	  1	
263	430	765	  1	
263	440	765	  1	
263	501	765	  1	
264	  0	765	  1	
264	 61	765	  1	
264	 75	765	  1	
264	 88	765	  1	
264	 96	765	  1	
264	100	765	  1	
264	136	765	  1	
264	184	765	  1	
264	191	765	  1	
264	212	765	  1	
264	216	765	  1	
264	225	765	  1	
264	266	765	  1	
264	324	765	  1	
264	364	765	  1	
264	379	765	  1	
264	413	765	  1	
264	420	765	  1	
265	 15	765	  1	
266	 69	765	  1	
266	166	765	  1	
266	171	765	  1	
266	264	765	  1	
266	328	765	  1	
267	 64	765	  1	
267	168	765	  1	
267	200	765	  1	
268	160	765	  1	
269	 56	765	  1	
269	112	765	  1	
269	347	765	  1	
270	208	765	  1	
270	216	765	  1	
270	320	765	  1	
270	334	765	  1	
271	173	765	  1	
271	180	765	  1	
271	184	765	  1	
271	191	765	  1	
271	376	765	  1	
271	413	765	  1	
272	123	765	  1	
272	160	765	  1	
272	192	765	  1	
272	231	765	  1	
272	279	765	  1	
272	291	765	  1	
272	371	765	  1	
272	400	765	  1	
272	414	765	  1	
272	475	765	  1	
273	216	765	  1	
274	225	765	  1	
275	104	765	  1	
275	152	765	  1	
275	272	765	  1	
275	320	765	  1	
276	366	765	  1	
277	166	765	  1	
278	196	765	  1	
278	261	765	  1	
279	 32	765	  1	
279	229	765	  1	
279	279	765	  1	
279	368	765	  1	
279	375	765	  1	
279	424	765	  1	
279	475	765	  1	
280	 72	765	  1	
280	 83	765	  1	
280	 93	765	  1	
280	136	765	  1	
280	148	765	  1	
280	189	765	  1	
280	205	765	  1	
280	216	765	  1	
280	276	765	  1	
280	299	765	  1	
280	306	765	  1	
280	314	765	  1	
280	352	765	  1	
280	384	765	  1	
280	448	765	  1	
280	488	765	  1	
280	496	765	  1	
282	390	765	  1	
282	453	765	  1	
282	493	765	  1	
283	 56	765	  1	
283	123	765	  1	
283	368	765	  1	
283	408	765	  1	
283	430	765	  1	
285	184	765	  1	
285	200	765	  1	
285	290	765	  1	
285	304	765	  1	
285	311	765	  1	
285	358	765	  1	
285	448	765	  1	
285	488	765	  1	
286	384	765	  1	
286	503	765	  1	
287	242	765	  1	
287	375	765	  1	
288	 24	765	  1	
288	 64	765	  1	
288	 88	765	  1	
288	104	765	  1	
288	114	765	  1	
288	168	765	  1	
288	174	765	  1	
288	192	765	  1	
288	199	765	  1	
288	207	765	  1	
288	224	765	  1	
288	232	765	  1	
288	240	765	  1	
288	247	765	  1	
288	251	765	  1	
288	320	765	  1	
288	336	765	  1	
288	367	765	  1	
288	412	765	  1	
288	455	765	  1	
288	568	765	  1	
289	187	765	  1	
290	310	765	  1	
290	392	765	  1	
291	 10	765	  1	
291	 86	765	  1	
291	182	765	  1	
291	202	765	  1	
291	351	765	  1	
291	360	765	  1	
291	575	765	  1	
293	328	765	  1	
293	335	765	  1	
294	304	765	  1	
295	104	765	  1	
295	331	765	  1	
295	336	765	  1	
295	367	765	  1	
295	400	765	  1	
295	560	765	  1	
295	568	765	  1	
296	 48	765	  1	
296	 92	765	  1	
296	117	765	  1	
296	135	765	  1	
296	172	765	  1	
296	208	765	  1	
296	307	765	  1	
296	317	765	  1	
296	327	765	  1	
296	357	765	  1	
296	382	765	  1	
296	472	765	  1	
298	455	765	  1	
299	  7	765	  1	
299	128	765	  1	
299	376	765	  1	
300	352	765	  1	
301	112	765	  1	
301	176	765	  1	
301	181	765	  1	
301	244	765	  1	
301	312	765	  1	
302	 39	765	  1	
302	 71	765	  1	
303	 23	765	  1	
303	 25	765	  1	
303	135	765	  1	
303	198	765	  1	
304	 32	765	  1	
304	123	765	  1	
304	136	765	  1	
304	179	765	  1	
304	204	765	  1	
304	224	765	  1	
304	295	765	  1	
304	299	765	  1	
304	352	765	  1	
304	359	765	  1	
304	391	765	  1	
304	424	765	  1	
304	431	765	  1	
306	 31	765	  1	
306	184	765	  1	
306	196	765	  1	
307	231	765	  1	
307	384	765	  1	
307	592	765	  1	
308	211	765	  1	
308	353	765	  1	
308	470	765	  1	
309	158	765	  1	
309	312	765	  1	
309	319	765	  1	
309	336	765	  1	
310	 67	765	  1	
310	120	765	  1	
310	127	765	  1	
310	464	765	  1	
311	 16	765	  1	
311	 31	765	  1	
311	176	765	  1	
311	183	765	  1	
311	192	765	  1	
311	391	765	  1	
311	427	765	  1	
312	  6	765	  1	
312	 56	765	  1	
312	 63	765	  1	
312	 77	765	  1	
312	 83	765	  1	
312	104	765	  1	
312	112	765	  1	
312	138	765	  1	
312	172	765	  1	
312	186	765	  1	
312	197	765	  1	
312	256	765	  1	
312	320	765	  1	
312	344	765	  1	
312	368	765	  1	
312	419	765	  1	
315	264	765	  1	
315	271	765	  1	
315	327	765	  1	
316	152	765	  1	
316	216	765	  1	
317	 16	765	  1	
317	110	765	  1	
317	120	765	  1	
317	136	765	  1	
317	143	765	  1	
317	328	765	  1	
317	362	765	  1	
317	367	765	  1	
317	455	765	  1	
318	159	765	  1	
318	467	765	  1	
319	 59	765	  1	
319	 83	765	  1	
319	184	765	  1	
319	191	765	  1	
319	320	765	  1	
319	416	765	  1	
319	423	765	  1	
319	483	765	  1	
320	  5	765	  1	
320	 42	765	  1	
320	160	765	  1	
320	207	765	  1	
320	232	765	  1	
320	271	765	  1	
320	338	765	  1	
320	343	765	  1	
320	495	765	  1	
320	520	765	  1	
320	527	765	  1	
320	552	765	  1	
321	312	765	  1	
323	  0	765	  1	
323	 64	765	  1	
323	 88	765	  1	
323	264	765	  1	
324	203	765	  1	
325	 55	765	  1	
325	150	765	  1	
325	216	765	  1	
325	223	765	  1	
325	299	765	  1	
326	 19	765	  1	
326	104	765	  1	
326	111	765	  1	
326	448	765	  1	
327	321	765	  1	
327	523	765	  1	
328	  8	765	  1	
328	 16	765	  1	
328	 29	765	  1	
328	114	765	  1	
328	136	765	  1	
328	181	765	  1	
328	211	765	  1	
328	242	765	  1	
328	247	765	  1	
328	279	765	  1	
328	285	765	  1	
328	317	765	  1	
328	397	765	  1	
328	408	765	  1	
328	418	765	  1	
328	504	765	  1	
328	511	765	  1	
328	532	765	  1	
329	232	765	  1	
330	126	765	  1	
331	 24	765	  1	
331	 43	765	  1	
333	 88	765	  1	
333	120	765	  1	
333	216	765	  1	
333	258	765	  1	
333	415	765	  1	
333	528	765	  1	
334	 69	765	  1	
334	127	765	  1	
334	236	765	  1	
335	111	765	  1	
335	448	765	  1	
335	487	765	  1	
336	 45	765	  1	
336	 56	765	  1	
336	 72	765	  1	
336	103	765	  1	
336	171	765	  1	
336	328	765	  1	
336	335	765	  1	
336	357	765	  1	
337	336	765	  1	
338	109	765	  1	
338	198	765	  1	
339	262	765	  1	
339	304	765	  1	
339	352	765	  1	
340	 97	765	  1	
340	103	765	  1	
340	167	765	  1	
340	224	765	  1	
341	 14	765	  1	
341	 94	765	  1	
342	 72	765	  1	
343	104	765	  1	
343	231	765	  1	
343	238	765	  1	
343	331	765	  1	
343	599	765	  1	
344	  0	765	  1	
344	 11	765	  1	
344	 35	765	  1	
344	 70	765	  1	
344	102	765	  1	
344	164	765	  1	
344	208	765	  1	
344	235	765	  1	
344	272	765	  1	
344	296	765	  1	
344	303	765	  1	
344	321	765	  1	
344	335	765	  1	
344	344	765	  1	
344	351	765	  1	
344	400	765	  1	
344	407	765	  1	
344	415	765	  1	
344	464	765	  1	
344	472	765	  1	
344	560	765	  1	
345	255	765	  1	
346	 86	765	  1	
346	327	765	  1	
346	471	765	  1	
347	197	765	  1	
347	376	765	  1	
349	104	765	  1	
349	311	765	  1	
350	 80	765	  1	
351	 47	765	  1	
351	232	765	  1	
351	239	765	  1	
351	335	765	  1	
351	400	765	  1	
351	405	765	  1	
351	599	765	  1	
352	 13	765	  1	
352	120	765	  1	
352	130	765	  1	
352	144	765	  1	
352	148	765	  1	
352	176	765	  1	
352	200	765	  1	
352	208	765	  1	
352	215	765	  1	
352	240	765	  1	
352	247	765	  1	
352	255	765	  1	
352	257	765	  1	
352	264	765	  1	
352	281	765	  1	
352	286	765	  1	
352	318	765	  1	
352	391	765	  1	
354	  8	765	  1	
354	206	765	  1	
355	 72	765	  1	
355	127	765	  1	
355	365	765	  1	
355	442	765	  1	
357	136	765	  1	
357	161	765	  1	
357	191	765	  1	
357	315	765	  1	
357	424	765	  1	
358	 14	765	  1	
358	200	765	  1	
358	211	765	  1	
358	251	765	  1	
358	379	765	  1	
359	167	765	  1	
359	271	765	  1	
359	276	765	  1	
360	 24	765	  1	
360	 82	765	  1	
360	121	765	  1	
360	181	765	  1	
360	208	765	  1	
360	256	765	  1	
360	269	765	  1	
360	286	765	  1	
360	328	765	  1	
360	334	765	  1	
360	349	765	  1	
360	359	765	  1	
360	568	765	  1	
361	128	765	  1	
362	 35	765	  1	
362	 48	765	  1	
362	231	765	  1	
362	271	765	  1	
363	207	765	  1	
363	266	765	  1	
363	352	765	  1	
365	 30	765	  1	
365	168	765	  1	
365	309	765	  1	
365	331	765	  1	
365	416	765	  1	
366	 54	765	  1	
366	287	765	  1	
366	363	765	  1	
366	423	765	  1	
367	160	765	  1	
367	359	765	  1	
367	379	765	  1	
367	472	765	  1	
368	 40	765	  1	
368	 47	765	  1	
368	 67	765	  1	
368	 77	765	  1	
368	139	765	  1	
368	178	765	  1	
368	188	765	  1	
368	212	765	  1	
368	256	765	  1	
368	265	765	  1	
368	300	765	  1	
368	392	765	  1	
368	409	765	  1	
370	344	765	  1	
370	349	765	  1	
370	398	765	  1	
371	320	765	  1	
371	352	765	  1	
372	135	765	  1	
372	208	765	  1	
372	213	765	  1	
372	259	765	  1	
373	 64	765	  1	
373	183	765	  1	
373	270	765	  1	
373	273	765	  1	
373	311	765	  1	
374	128	765	  1	
374	177	765	  1	
374	415	765	  1	
375	 43	765	  1	
375	207	765	  1	
375	303	765	  1	
375	359	765	  1	
376	  0	765	  1	
376	 12	765	  1	
376	 27	765	  1	
376	 48	765	  1	
376	105	765	  1	
376	110	765	  1	
376	120	765	  1	
376	223	765	  1	
376	240	765	  1	
376	264	765	  1	
376	271	765	  1	
376	328	765	  1	
376	336	765	  1	
376	360	765	  1	
377	 24	765	  1	
378	 54	765	  1	
379	216	765	  1	
379	247	765	  1	
379	399	765	  1	
380	  1	765	  1	
380	 31	765	  1	
381	  8	765	  1	
381	 24	765	  1	
381	 37	765	  1	
381	126	765	  1	
381	375	765	  1	
381	599	765	  1	
382	176	765	  1	
382	264	765	  1	
382	271	765	  1	
383	223	765	  1	
383	240	765	  1	
383	292	765	  1	
383	360	765	  1	
383	392	765	  1	
384	  0	765	  1	
384	 40	765	  1	
384	156	765	  1	
384	192	765	  1	
384	197	765	  1	
384	220	765	  1	
384	320	765	  1	
384	328	765	  1	
384	381	765	  1	
384	394	765	  1	
384	436	765	  1	
385	133	765	  1	
387	144	765	  1	
387	343	765	  1	
387	376	765	  1	
388	 15	765	  1	
388	128	765	  1	
388	207	765	  1	
388	239	765	  1	
388	399	765	  1	
389	216	765	  1	
389	251	765	  1	
390	232	765	  1	
390	328	765	  1	
390	392	765	  1	
390	400	765	  1	
390	407	765	  1	
390	415	765	  1	
390	468	765	  1	
391	132	765	  1	
391	150	765	  1	
392	 61	765	  1	
392	 67	765	  1	
392	 89	765	  1	
392	 96	765	  1	
392	122	765	  1	
392	168	765	  1	
392	229	765	  1	
392	320	765	  1	
392	357	765	  1	
392	567	765	  1	
393	203	765	  1	
394	  0	765	  1	
394	192	765	  1	
395	175	765	  1	
395	238	765	  1	
397	 96	765	  1	
397	224	765	  1	
398	109	765	  1	
398	232	765	  1	
399	112	765	  1	
399	118	765	  1	
399	323	765	  1	
399	567	765	  1	
400	 19	765	  1	
400	 30	765	  1	
400	 40	765	  1	
400	 46	765	  1	
400	 72	765	  1	
400	136	765	  1	
400	160	765	  1	
400	166	765	  1	
400	181	765	  1	
400	191	765	  1	
400	199	765	  1	
400	257	765	  1	
400	366	765	  1	
403	192	765	  1	
403	256	765	  1	
403	334	765	  1	
404	119	765	  1	
405	 12	765	  1	
405	 88	765	  1	
405	141	765	  1	
405	200	765	  1	
405	360	765	  1	
406	 24	765	  1	
407	  0	765	  1	
407	191	765	  1	
407	199	765	  1	
407	267	765	  1	
407	288	765	  1	
407	516	765	  1	
408	 37	765	  1	
408	 85	765	  1	
408	119	765	  1	
408	152	765	  1	
408	176	765	  1	
408	213	765	  1	
408	424	765	  1	
410	182	765	  1	
410	427	765	  1	
411	  1	765	  1	
411	 80	765	  1	
411	 96	765	  1	
411	114	765	  1	
411	125	765	  1	
411	368	765	  1	
413	 56	765	  1	
413	 72	765	  1	
414	176	765	  1	
414	407	765	  1	
415	106	765	  1	
415	111	765	  1	
415	251	765	  1	
416	 38	765	  1	
416	 69	765	  1	
416	 99	765	  1	
416	126	765	  1	
416	144	765	  1	
416	194	765	  1	
416	240	765	  1	
416	328	765	  1	
416	418	765	  1	
416	504	765	  1	
418	 17	765	  1	
418	 54	765	  1	
418	 80	765	  1	
419	  7	765	  1	
419	 87	765	  1	
419	168	765	  1	
419	381	765	  1	
419	408	765	  1	
420	 32	765	  1	
421	 40	765	  1	
421	427	765	  1	
422	  0	765	  1	
422	 70	765	  1	
422	156	765	  1	
422	196	765	  1	
422	204	765	  1	
423	 55	765	  1	
423	240	765	  1	
423	301	765	  1	
423	418	765	  1	
424	138	765	  1	
424	174	765	  1	
424	304	765	  1	
424	311	765	  1	
424	327	765	  1	
424	504	765	  1	
424	511	765	  1	
424	579	765	  1	
425	365	765	  1	
427	 16	765	  1	
427	 23	765	  1	
427	301	765	  1	
427	320	765	  1	
427	360	765	  1	
428	111	765	  1	
428	175	765	  1	
428	223	765	  1	
429	  8	765	  1	
429	136	765	  1	
429	143	765	  1	
429	199	765	  1	
430	248	765	  1	
430	296	765	  1	
431	 43	765	  1	
431	 48	765	  1	
431	 72	765	  1	
431	168	765	  1	
431	207	765	  1	
431	307	765	  1	
431	327	765	  1	
431	507	765	  1	
432	 24	765	  1	
432	 31	765	  1	
432	 35	765	  1	
432	 53	765	  1	
432	 68	765	  1	
432	 88	765	  1	
432	104	765	  1	
432	112	765	  1	
432	122	765	  1	
432	155	765	  1	
432	165	765	  1	
432	179	765	  1	
432	191	765	  1	
432	264	765	  1	
432	339	765	  1	
432	344	765	  1	
432	365	765	  1	
435	 14	765	  1	
435	161	765	  1	
435	173	765	  1	
435	255	765	  1	
437	120	765	  1	
437	127	765	  1	
438	 38	765	  1	
439	 88	765	  1	
439	184	765	  1	
439	247	765	  1	
439	336	765	  1	
439	343	765	  1	
440	 24	765	  1	
440	 59	765	  1	
440	136	765	  1	
440	143	765	  1	
440	211	765	  1	
440	267	765	  1	
440	277	765	  1	
440	334	765	  1	
441	 37	765	  1	
443	 80	765	  1	
443	 88	765	  1	
443	255	765	  1	
445	120	765	  1	
445	272	765	  1	
446	 56	765	  1	
446	212	765	  1	
447	171	765	  1	
447	183	765	  1	
447	248	765	  1	
447	375	765	  1	
447	492	765	  1	
448	  8	765	  1	
448	 18	765	  1	
448	 40	765	  1	
448	 51	765	  1	
448	 62	765	  1	
448	 75	765	  1	
448	 88	765	  1	
448	218	765	  1	
448	232	765	  1	
448	276	765	  1	
448	311	765	  1	
448	400	765	  1	
448	407	765	  1	
451	125	765	  1	
451	144	765	  1	
451	184	765	  1	
451	239	765	  1	
451	334	765	  1	
452	 46	765	  1	
453	 78	765	  1	
453	304	765	  1	
454	352	765	  1	
455	 56	765	  1	
455	232	765	  1	
455	364	765	  1	
455	403	765	  1	
456	  2	765	  1	
456	 40	765	  1	
456	 82	765	  1	
456	 86	765	  1	
456	104	765	  1	
456	152	765	  1	
456	159	765	  1	
456	167	765	  1	
456	194	765	  1	
456	211	765	  1	
456	258	765	  1	
458	 56	765	  1	
458	142	765	  1	
458	264	765	  1	
458	279	765	  1	
458	312	765	  1	
459	160	765	  1	
459	243	765	  1	
460	272	765	  1	
461	 30	765	  1	
461	104	765	  1	
461	112	765	  1	
461	192	765	  1	
461	199	765	  1	
463	 40	765	  1	
463	167	765	  1	
463	264	765	  1	
464	 48	765	  1	
464	125	765	  1	
464	239	765	  1	
464	288	765	  1	
464	431	765	  1	
466	247	765	  1	
466	335	765	  1	
466	511	765	  1	
467	184	765	  1	
467	232	765	  1	
467	312	765	  1	
467	384	765	  1	
468	264	765	  1	
469	152	765	  1	
470	271	765	  1	
471	 72	765	  1	
471	195	765	  1	
471	223	765	  1	
471	239	765	  1	
471	551	765	  1	
472	 11	765	  1	
472	 20	765	  1	
472	 83	765	  1	
472	 91	765	  1	
472	120	765	  1	
472	139	765	  1	
472	144	765	  1	
472	160	765	  1	
472	202	765	  1	
472	210	765	  1	
472	242	765	  1	
472	344	765	  1	
472	371	765	  1	
472	376	765	  1	
472	430	765	  1	
473	192	765	  1	
473	272	765	  1	
473	279	765	  1	
474	424	765	  1	
475	318	765	  1	
475	383	765	  1	
477	 23	765	  1	
477	152	765	  1	
477	222	765	  1	
477	336	765	  1	
479	 11	765	  1	
479	354	765	  1	
479	368	765	  1	
479	375	765	  1	
479	428	765	  1	
480	 40	765	  1	
480	 66	765	  1	
480	 72	765	  1	
480	120	765	  1	
480	127	765	  1	
480	136	765	  1	
480	180	765	  1	
480	240	765	  1	
480	247	765	  1	
480	266	765	  1	
480	271	765	  1	
480	307	765	  1	
480	415	765	  1	
480	480	765	  1	
482	 45	765	  1	
483	 11	765	  1	
483	171	765	  1	
483	283	765	  1	
485	142	765	  1	
485	175	765	  1	
486	200	765	  1	
486	207	765	  1	
486	344	765	  1	
487	167	765	  1	
487	304	765	  1	
487	311	765	  1	
487	375	765	  1	
487	413	765	  1	
488	 27	765	  1	
488	131	765	  1	
488	144	765	  1	
488	186	765	  1	
488	226	765	  1	
488	296	765	  1	
488	312	765	  1	
488	480	765	  1	
489	120	765	  1	
489	196	765	  1	
491	  7	765	  1	
491	192	765	  1	
492	270	765	  1	
493	155	765	  1	
493	224	765	  1	
493	231	765	  1	
493	246	765	  1	
495	 42	765	  1	
495	 78	765	  1	
495	264	765	  1	
496	  5	765	  1	
496	 16	765	  1	
496	 57	765	  1	
496	111	765	  1	
496	136	765	  1	
496	144	765	  1	
496	151	765	  1	
496	162	765	  1	
496	199	765	  1	
496	219	765	  1	
496	248	765	  1	
496	262	765	  1	
496	266	765	  1	
496	280	765	  1	
496	288	765	  1	
496	298	765	  1	
496	303	765	  1	
496	335	765	  1	
496	408	765	  1	
497	158	765	  1	
498	128	765	  1	
498	182	765	  1	
498	294	765	  1	
499	354	765	  1	
499	415	765	  1	
500	152	765	  1	
501	  0	765	  1	
501	222	765	  1	
501	259	765	  1	
501	311	765	  1	
501	330	765	  1	
502	206	765	  1	
502	288	765	  1	
502	387	765	  1	
503	 72	765	  1	
503	128	765	  1	
503	147	765	  1	
503	204	765	  1	
503	271	765	  1	
503	367	765	  1	
503	408	765	  1	
504	  6	765	  1	
504	141	765	  1	
504	192	765	  1	
504	312	765	  1	
504	400	765	  1	
507	232	765	  1	
507	296	765	  1	
507	407	765	  1	
508	198	765	  1	
509	136	765	  1	
509	294	765	  1	
510	 80	765	  1	
510	109	765	  1	
510	222	765	  1	
511	400	765	  1	
511	456	765	  1	
512	 37	765	  1	
512	130	765	  1	
512	190	765	  1	
512	198	765	  1	
512	224	765	  1	
512	228	765	  1	
512	240	765	  1	
512	270	765	  1	
512	275	765	  1	
512	291	765	  1	
512	304	765	  1	
512	326	765	  1	
512	332	765	  1	
512	336	765	  1	
512	394	765	  1	
513	248	765	  1	
514	407	765	  1	
515	 32	765	  1	
515	312	765	  1	
517	 11	765	  1	
517	195	765	  1	
517	310	765	  1	
518	288	765	  1	
518	332	765	  1	
519	 63	765	  1	
519	372	765	  1	
519	399	765	  1	
520	 64	765	  1	
520	 72	765	  1	
520	 79	765	  1	
520	136	765	  1	
520	142	765	  1	
520	165	765	  1	
520	219	765	  1	
520	258	765	  1	
520	278	765	  1	
520	352	765	  1	
520	472	765	  1	
520	589	765	  1	
521	285	765	  1	
521	360	765	  1	
523	 28	765	  1	
523	104	765	  1	
523	112	765	  1	
523	160	765	  1	
523	310	765	  1	
523	423	765	  1	
524	135	765	  1	
525	128	765	  1	
525	224	765	  1	
525	231	765	  1	
525	368	765	  1	
526	355	765	  1	
527	  8	765	  1	
527	 15	765	  1	
527	 75	765	  1	
527	 96	765	  1	
527	168	765	  1	
527	208	765	  1	
527	398	765	  1	
527	472	765	  1	
527	583	765	  1	
528	 59	765	  1	
528	 86	765	  1	
528	111	765	  1	
528	226	765	  1	
528	246	765	  1	
528	251	765	  1	
528	320	765	  1	
528	344	765	  1	
528	351	765	  1	
530	 11	765	  1	
530	 74	765	  1	
530	 96	765	  1	
530	325	765	  1	
531	288	765	  1	
532	168	765	  1	
532	278	765	  1	
533	144	765	  1	
533	320	765	  1	
534	102	765	  1	
534	243	765	  1	
535	 56	765	  1	
535	 63	765	  1	
535	347	765	  1	
535	398	765	  1	
535	439	765	  1	
535	472	765	  1	
536	131	765	  1	
536	146	765	  1	
536	180	765	  1	
536	200	765	  1	
536	204	765	  1	
536	216	765	  1	
536	240	765	  1	
536	253	765	  1	
536	288	765	  1	
536	328	765	  1	
536	335	765	  1	
536	342	765	  1	
536	372	765	  1	
536	488	765	  1	
537	184	765	  1	
538	152	765	  1	
538	159	765	  1	
538	222	765	  1	
538	293	765	  1	
539	120	765	  1	
539	272	765	  1	
539	352	765	  1	
539	424	765	  1	
540	368	765	  1	
541	 96	765	  1	
541	134	765	  1	
541	200	765	  1	
541	205	765	  1	
541	350	765	  1	
542	112	765	  1	
542	216	765	  1	
542	375	765	  1	
543	187	765	  1	
543	279	765	  1	
543	288	765	  1	
543	331	765	  1	
543	392	765	  1	
544	  8	765	  1	
544	 32	765	  1	
544	 75	765	  1	
544	 86	765	  1	
544	152	765	  1	
544	178	765	  1	
544	352	765	  1	
544	544	765	  1	
547	194	765	  1	
547	207	765	  1	
547	279	765	  1	
547	312	765	  1	
547	358	765	  1	
548	 50	765	  1	
548	352	765	  1	
549	  6	765	  1	
549	 80	765	  1	
549	267	765	  1	
549	384	765	  1	
550	 24	765	  1	
550	 63	765	  1	
550	191	765	  1	
551	 72	765	  1	
551	200	765	  1	
551	423	765	  1	
552	122	765	  1	
552	131	765	  1	
552	162	765	  1	
552	192	765	  1	
552	219	765	  1	
552	230	765	  1	
552	235	765	  1	
552	242	765	  1	
552	255	765	  1	
552	279	765	  1	
552	378	765	  1	
552	383	765	  1	
552	463	765	  1	
554	  4	765	  1	
555	102	765	  1	
555	199	765	  1	
555	288	765	  1	
558	 75	765	  1	
558	360	765	  1	
558	367	765	  1	
559	104	765	  1	
559	120	765	  1	
559	135	765	  1	
559	192	765	  1	
559	230	765	  1	
559	267	765	  1	
559	271	765	  1	
560	 64	765	  1	
560	131	765	  1	
560	209	765	  1	
560	253	765	  1	
560	314	765	  1	
560	320	765	  1	
562	240	765	  1	
562	248	765	  1	
563	 96	765	  1	
563	325	765	  1	
564	 70	765	  1	
565	 94	765	  1	
565	120	765	  1	
565	147	765	  1	
565	167	765	  1	
566	 83	765	  1	
566	480	765	  1	
567	 59	765	  1	
567	103	765	  1	
567	159	765	  1	
567	216	765	  1	
568	 77	765	  1	
568	128	765	  1	
568	140	765	  1	
568	160	765	  1	
568	299	765	  1	
568	344	765	  1	
568	431	765	  1	
568	536	765	  1	
569	327	765	  1	
572	251	765	  1	
572	288	765	  1	
572	299	765	  1	
573	  0	765	  1	
573	143	765	  1	
573	184	765	  1	
573	232	765	  1	
573	343	765	  1	
574	 72	765	  1	
575	152	765	  1	
575	295	765	  1	
575	320	765	  1	
575	392	765	  1	
575	431	765	  1	
576	 38	765	  1	
576	 88	765	  1	
576	 94	765	  1	
576	104	765	  1	
576	144	765	  1	
576	163	765	  1	
576	174	765	  1	
576	210	765	  1	
576	227	765	  1	
576	235	765	  1	
576	259	765	  1	
576	277	765	  1	
576	283	765	  1	
576	351	765	  1	
576	407	765	  1	
579	128	765	  1	
579	400	765	  1	
581	104	765	  1	
581	208	765	  1	
581	215	765	  1	
581	248	765	  1	
581	287	765	  1	
582	278	765	  1	
582	406	765	  1	
583	144	765	  1	
583	239	765	  1	
584	 24	765	  1	
584	 61	765	  1	
584	 64	765	  1	
584	 88	765	  1	
584	 93	765	  1	
584	138	765	  1	
584	217	765	  1	
584	232	765	  1	
584	240	765	  1	
584	378	765	  1	
585	110	765	  1	
585	203	765	  1	
586	 56	765	  1	
586	143	765	  1	
586	272	765	  1	
586	367	765	  1	
587	 51	765	  1	
587	 92	765	  1	
587	280	765	  1	
587	296	765	  1	
588	223	765	  1	
588	310	765	  1	
590	 61	765	  1	
590	278	765	  1	
591	 64	765	  1	
591	109	765	  1	
591	143	765	  1	
591	500	765	  1	
592	  8	765	  1	
592	 56	765	  1	
592	 87	765	  1	
592	112	765	  1	
592	122	765	  1	
592	127	765	  1	
592	176	765	  1	
592	180	765	  1	
592	224	765	  1	
592	232	765	  1	
592	264	765	  1	
592	285	765	  1	
592	344	765	  1	
593	313	765	  1	
595	 96	765	  1	
595	141	765	  1	
597	 15	765	  1	
598	 99	765	  1	
598	120	765	  1	
598	232	765	  1	
599	 38	765	  1	
599	124	765	  1	
599	178	765	  1	
599	224	765	  1	
599	264	765	  1	
599	279	765	  1	
599	319	765	  1	
599	424	765	  1	
599	541	765	  1	
600	 95	765	  1	
600	205	765	  1	
600	216	765	  1	
600	256	765	  1	
600	304	765	  1	
600	320	765	  1	
600	382	765	  1	
602	104	765	  1	
602	325	765	  1	
603	 88	765	  1	
603	127	765	  1	
604	303	765	  1	
605	  0	765	  1	
606	110	765	  1	
607	248	765	  1	
607	304	765	  1	
608	 29	765	  1	
608	138	765	  1	
608	234	765	  1	
608	280	765	  1	
608	327	765	  1	
608	368	765	  1	
610	380	765	  1	
610	480	765	  1	
611	  8	765	  1	
611	 15	765	  1	
611	120	765	  1	
611	232	765	  1	
611	239	765	  1	
611	272	765	  1	
612	391	765	  1	
613	143	765	  1	
613	303	765	  1	
614	234	765	  1	
614	360	765	  1	
614	387	765	  1	
615	109	765	  1	
615	248	765	  1	
615	284	765	  1	
615	383	765	  1	
615	550	765	  1	
616	144	765	  1	
616	231	765	  1	
616	238	765	  1	
616	262	765	  1	
616	272	765	  1	
616	346	765	  1	
616	392	765	  1	
618	226	765	  1	
619	151	765	  1	
619	335	765	  1	
620	262	765	  1	
621	251	765	  1	
622	231	765	  1	
623	 69	765	  1	
623	144	765	  1	
623	332	765	  1	
624	  2	765	  1	
624	 47	765	  1	
624	 51	765	  1	
624	 91	765	  1	
624	214	765	  1	
624	226	765	  1	
624	272	765	  1	
624	312	765	  1	
625	560	765	  1	
627	246	765	  1	
630	 71	765	  1	
630	110	765	  1	
631	 40	765	  1	
631	 88	765	  1	
631	 95	765	  1	
631	144	765	  1	
631	214	765	  1	
631	312	765	  1	
632	163	765	  1	
632	259	765	  1	
632	304	765	  1	
632	352	765	  1	
632	376	765	  1	
633	207	765	  1	
634	168	765	  1	
634	320	765	  1	
634	416	765	  1	
635	311	765	  1	
635	359	765	  1	
635	571	765	  1	
639	110	765	  1	
639	160	765	  1	
639	167	765	  1	
639	256	765	  1	
639	263	765	  1	
639	304	765	  1	
639	352	765	  1	
640	 79	765	  1	
640	 96	765	  1	
640	128	765	  1	
640	224	765	  1	
640	230	765	  1	
640	248	765	  1	
640	264	765	  1	
640	271	765	  1	
641	152	765	  1	
642	106	765	  1	
642	168	765	  1	
642	336	765	  1	
643	255	765	  1	
643	351	765	  1	
643	354	765	  1	
647	 48	765	  1	
647	248	765	  1	
647	267	765	  1	
647	326	765	  1	
648	 56	765	  1	
648	 79	765	  1	
648	108	765	  1	
648	120	765	  1	
648	328	765	  1	
650	232	765	  1	
651	127	765	  1	
651	159	765	  1	
652	352	765	  1	
654	 68	765	  1	
655	 56	765	  1	
655	120	765	  1	
655	168	765	  1	
655	232	765	  1	
656	111	765	  1	
656	136	765	  1	
656	146	765	  1	
656	207	765	  1	
656	269	765	  1	
656	352	765	  1	
657	200	765	  1	
658	411	765	  1	
661	296	765	  1	
662	111	765	  1	
662	140	765	  1	
663	146	765	  1	
664	 16	765	  1	
664	 96	765	  1	
664	191	765	  1	
665	 15	765	  1	
665	152	765	  1	
665	304	765	  1	
667	103	765	  1	
667	216	765	  1	
670	157	765	  1	
671	 96	765	  1	
672	231	765	  1	
674	224	765	  1	
675	208	765	  1	
678	231	765	  1	
678	335	765	  1	
679	216	765	  1	
679	250	765	  1	
679	255	765	  1	
680	152	765	  1	
680	159	765	  1	
680	187	765	  1	
680	339	765	  1	
681	135	765	  1	
683	 88	765	  1	
683	155	765	  1	
684	192	765	  1	
685	124	765	  1	
685	470	765	  1	
686	147	765	  1	
687	152	765	  1	
687	159	765	  1	
688	415	765	  1	
688	441	765	  1	
690	362	765	  1	
691	135	765	  1	
695	173	765	  1	
695	200	765	  1	
705	187	765	  1	
709	 92	765	  1	
711	398	765	  1	
712	267	765	  1	
720	143	765	  1	
727	  8	765	  1	
755	280	765	  1	
