# 
#  Image file: Goad2_T0108.jpg
#  Applied threshold: 575
#  Algorithm used: fill2                 
#  Particle count: 1731
#  Location (x,y), max luminance, and mass:
# 
  0	197	765	  1	
  0	407	765	  1	
  3	368	765	  1	
  3	391	765	  1	
  6	111	765	  1	
 11	143	765	  1	
 16	143	765	  1	
 19	263	765	  1	
 19	271	765	  1	
 19	433	765	  1	
 23	268	765	  1	
 23	345	765	  1	
 24	224	765	  1	
 24	459	765	  1	
 25	  8	765	  1	
 32	218	765	  1	
 35	172	765	  1	
 39	168	765	  1	
 40	586	765	  1	
 42	508	765	  1	
 45	278	765	  1	
 47	176	765	  1	
 48	226	765	  1	
 48	343	765	  1	
 50	133	765	  1	
 51	232	765	  1	
 55	416	765	  1	
 56	104	765	  1	
 56	184	765	  1	
 60	331	765	  1	
 61	304	765	  1	
 62	103	765	  1	
 62	438	765	  1	
 63	104	765	  1	
 63	352	765	  1	
 64	102	765	  1	
 64	175	765	  1	
 65	232	765	  1	
 69	 92	765	  1	
 71	106	765	  1	
 71	112	765	  1	
 73	231	765	  1	
 78	 16	765	  1	
 79	224	765	  1	
 80	192	765	  1	
 80	447	765	  1	
 82	200	765	  1	
 86	151	765	  1	
 87	442	765	  1	
 88	192	765	  1	
 88	312	765	  1	
 95	374	765	  1	
101	184	765	  1	
101	356	765	  1	
103	189	765	  1	
103	371	765	  1	
103	424	765	  1	
103	510	765	  1	
104	268	765	  1	
104	327	765	  1	
104	344	765	  1	
104	351	765	  1	
104	374	765	  1	
104	512	765	  1	
104	563	765	  1	
109	387	765	  1	
111	207	765	  1	
111	270	765	  1	
112	 91	765	  1	
112	200	765	  1	
112	299	765	  1	
112	307	765	  1	
114	207	765	  1	
115	346	765	  1	
117	438	765	  1	
119	 87	765	  1	
119	 95	765	  1	
119	196	765	  1	
119	205	765	  1	
119	307	765	  1	
120	120	765	  1	
120	138	765	  1	
120	298	765	  1	
120	328	765	  1	
122	335	765	  1	
123	 80	765	  1	
125	256	765	  1	
126	342	765	  1	
127	 87	765	  1	
127	313	765	  1	
128	279	765	  1	
128	415	765	  1	
128	476	765	  1	
130	408	765	  1	
132	176	765	  1	
134	131	765	  1	
134	183	765	  1	
135	248	765	  1	
136	 96	765	  1	
136	143	765	  1	
136	360	765	  1	
136	383	765	  1	
138	 48	765	  1	
141	  7	765	  1	
141	231	765	  1	
142	100	765	  1	
143	128	765	  1	
143	144	765	  1	
143	224	765	  1	
143	391	765	  1	
144	 74	765	  1	
144	132	765	  1	
144	136	765	  1	
144	143	765	  1	
144	174	765	  1	
144	192	765	  1	
144	352	765	  1	
144	402	765	  1	
144	407	765	  1	
144	416	765	  1	
146	238	765	  1	
146	284	765	  1	
146	509	765	  1	
147	 95	765	  1	
147	199	765	  1	
147	224	765	  1	
148	 74	765	  1	
148	128	765	  1	
148	352	765	  1	
150	135	765	  1	
150	172	765	  1	
150	402	765	  1	
151	103	765	  1	
151	139	765	  1	
151	192	765	  1	
151	407	765	  1	
152	120	765	  1	
152	156	765	  1	
152	176	765	  1	
152	202	765	  1	
152	384	765	  1	
154	136	765	  1	
154	144	765	  1	
155	304	765	  1	
155	472	765	  1	
157	124	765	  1	
157	159	765	  1	
157	183	765	  1	
157	391	765	  1	
157	520	765	  1	
159	  2	765	  1	
159	202	765	  1	
159	215	765	  1	
159	248	765	  1	
159	592	765	  1	
160	  3	765	  1	
160	 40	765	  1	
160	133	765	  1	
160	234	765	  1	
160	280	765	  1	
162	419	765	  1	
163	400	765	  1	
165	272	765	  1	
165	279	765	  1	
165	496	765	  1	
167	  0	765	  1	
167	  7	765	  1	
167	315	765	  1	
168	 93	765	  1	
168	103	765	  1	
168	259	765	  1	
168	536	765	  1	
168	576	765	  1	
170	124	765	  1	
171	 96	765	  1	
174	413	765	  1	
175	103	765	  1	
175	578	765	  1	
176	182	765	  1	
176	195	765	  1	
176	336	765	  1	
176	406	765	  1	
176	455	765	  1	
179	 80	765	  1	
179	 87	765	  1	
179	304	765	  1	
179	376	765	  1	
179	448	765	  1	
181	187	765	  1	
182	196	765	  1	
183	118	765	  1	
183	392	765	  1	
183	406	765	  1	
183	455	765	  1	
184	 72	765	  1	
184	 87	765	  1	
184	102	765	  1	
184	108	765	  1	
184	138	765	  1	
184	143	765	  1	
184	243	765	  1	
184	248	765	  1	
184	254	765	  1	
184	360	765	  1	
184	366	765	  1	
184	504	765	  1	
186	 96	765	  1	
187	 79	765	  1	
187	240	765	  1	
187	247	765	  1	
187	272	765	  1	
187	279	765	  1	
187	338	765	  1	
187	351	765	  1	
189	120	765	  1	
190	391	765	  1	
191	 72	765	  1	
191	104	765	  1	
191	111	765	  1	
191	243	765	  1	
192	  5	765	  1	
192	 76	765	  1	
192	 90	765	  1	
192	 95	765	  1	
192	123	765	  1	
192	136	765	  1	
192	177	765	  1	
192	184	765	  1	
192	239	765	  1	
192	312	765	  1	
192	319	765	  1	
192	381	765	  1	
192	439	765	  1	
192	453	765	  1	
193	 45	765	  1	
193	408	765	  1	
193	415	765	  1	
194	170	765	  1	
195	 32	765	  1	
195	143	765	  1	
195	175	765	  1	
197	287	765	  1	
198	120	765	  1	
198	176	765	  1	
198	538	765	  1	
199	  5	765	  1	
199	130	765	  1	
199	315	765	  1	
200	 27	765	  1	
200	166	765	  1	
200	372	765	  1	
200	383	765	  1	
200	400	765	  1	
202	 79	765	  1	
206	507	765	  1	
207	375	765	  1	
208	  3	765	  1	
208	104	765	  1	
208	111	765	  1	
208	144	765	  1	
208	150	765	  1	
208	192	765	  1	
208	426	765	  1	
208	456	765	  1	
210	 34	765	  1	
211	 56	765	  1	
211	463	765	  1	
212	246	765	  1	
212	426	765	  1	
213	147	765	  1	
213	152	765	  1	
213	431	765	  1	
215	 32	765	  1	
215	107	765	  1	
215	456	765	  1	
216	 16	765	  1	
216	 80	765	  1	
216	112	765	  1	
216	118	765	  1	
216	151	765	  1	
216	168	765	  1	
216	200	765	  1	
216	235	765	  1	
216	320	765	  1	
216	327	765	  1	
216	379	765	  1	
216	419	765	  1	
216	583	765	  1	
218	144	765	  1	
218	206	765	  1	
218	427	765	  1	
219	  0	765	  1	
219	323	765	  1	
219	488	765	  1	
220	120	765	  1	
221	239	765	  1	
221	542	765	  1	
222	127	765	  1	
222	200	765	  1	
222	208	765	  1	
222	376	765	  1	
223	151	765	  1	
223	320	765	  1	
223	327	765	  1	
223	408	765	  1	
223	576	765	  1	
224	  8	765	  1	
224	 12	765	  1	
224	 56	765	  1	
224	 85	765	  1	
224	141	765	  1	
224	160	765	  1	
224	347	765	  1	
224	390	765	  1	
226	 80	765	  1	
226	120	765	  1	
226	131	765	  1	
227	  0	765	  1	
227	 24	765	  1	
229	 96	765	  1	
229	136	765	  1	
229	293	765	  1	
230	 86	765	  1	
230	352	765	  1	
231	 56	765	  1	
231	122	765	  1	
232	 80	765	  1	
232	 91	765	  1	
232	106	765	  1	
232	143	765	  1	
232	150	765	  1	
232	168	765	  1	
232	183	765	  1	
232	216	765	  1	
232	440	765	  1	
232	462	765	  1	
233	 63	765	  1	
234	175	765	  1	
234	224	765	  1	
234	480	765	  1	
235	221	765	  1	
236	384	765	  1	
237	 72	765	  1	
237	420	765	  1	
239	 56	765	  1	
239	183	765	  1	
239	462	765	  1	
239	488	765	  1	
240	108	765	  1	
240	114	765	  1	
240	138	765	  1	
240	162	765	  1	
240	168	765	  1	
240	247	765	  1	
240	369	765	  1	
240	416	765	  1	
240	480	765	  1	
241	150	765	  1	
242	136	765	  1	
243	181	765	  1	
243	232	765	  1	
243	431	765	  1	
243	488	765	  1	
243	567	765	  1	
244	172	765	  1	
244	440	765	  1	
245	367	765	  1	
246	114	765	  1	
246	122	765	  1	
246	127	765	  1	
246	317	765	  1	
246	447	765	  1	
247	 96	765	  1	
247	183	765	  1	
247	244	765	  1	
247	416	765	  1	
248	  4	765	  1	
248	  8	765	  1	
248	 40	765	  1	
248	 45	765	  1	
248	200	765	  1	
248	351	765	  1	
248	408	765	  1	
248	429	765	  1	
248	435	765	  1	
248	456	765	  1	
249	 91	765	  1	
250	 78	765	  1	
250	144	765	  1	
251	379	765	  1	
252	 84	765	  1	
253	 42	765	  1	
253	 48	765	  1	
253	 56	765	  1	
253	212	765	  1	
253	316	765	  1	
253	424	765	  1	
254	 72	765	  1	
254	200	765	  1	
254	438	765	  1	
254	564	765	  1	
255	  6	765	  1	
255	168	765	  1	
255	186	765	  1	
255	504	765	  1	
256	 23	765	  1	
256	 29	765	  1	
256	 88	765	  1	
256	107	765	  1	
256	112	765	  1	
256	123	765	  1	
256	144	765	  1	
256	208	765	  1	
256	223	765	  1	
256	231	765	  1	
256	339	765	  1	
256	410	765	  1	
256	483	765	  1	
256	536	765	  1	
258	173	765	  1	
258	418	765	  1	
259	 18	765	  1	
259	102	765	  1	
259	176	765	  1	
259	224	765	  1	
259	423	765	  1	
259	440	765	  1	
260	296	765	  1	
261	399	765	  1	
262	156	765	  1	
262	183	765	  1	
263	145	765	  1	
263	219	765	  1	
263	231	765	  1	
263	280	765	  1	
263	480	765	  1	
263	487	765	  1	
264	 93	765	  1	
264	157	765	  1	
264	162	765	  1	
264	232	765	  1	
264	248	765	  1	
264	384	765	  1	
264	498	765	  1	
264	523	765	  1	
265	127	765	  1	
266	 44	765	  1	
266	190	765	  1	
267	 64	765	  1	
267	111	765	  1	
267	390	765	  1	
267	408	765	  1	
268	174	765	  1	
269	134	765	  1	
269	403	765	  1	
269	499	765	  1	
270	 16	765	  1	
270	147	765	  1	
271	104	765	  1	
271	125	765	  1	
271	364	765	  1	
272	 28	765	  1	
272	 40	765	  1	
272	 48	765	  1	
272	 55	765	  1	
272	 77	765	  1	
272	133	765	  1	
272	216	765	  1	
272	223	765	  1	
272	239	765	  1	
272	248	765	  1	
272	283	765	  1	
272	336	765	  1	
272	360	765	  1	
272	375	765	  1	
272	414	765	  1	
272	488	765	  1	
272	495	765	  1	
272	514	765	  1	
272	536	765	  1	
273	271	765	  1	
274	150	765	  1	
275	190	765	  1	
275	255	765	  1	
275	303	765	  1	
275	343	765	  1	
275	400	765	  1	
275	431	765	  1	
276	158	765	  1	
277	 31	765	  1	
277	112	765	  1	
277	117	765	  1	
277	136	765	  1	
277	236	765	  1	
277	566	765	  1	
278	 47	765	  1	
278	127	765	  1	
278	152	765	  1	
278	286	765	  1	
278	365	765	  1	
278	520	765	  1	
279	 23	765	  1	
279	 51	765	  1	
279	168	765	  1	
279	219	765	  1	
279	248	765	  1	
279	336	765	  1	
279	360	765	  1	
279	403	765	  1	
279	488	765	  1	
279	495	765	  1	
279	584	765	  1	
280	  8	765	  1	
280	 88	765	  1	
280	163	765	  1	
280	226	765	  1	
280	240	765	  1	
280	256	765	  1	
280	288	765	  1	
280	367	765	  1	
280	383	765	  1	
281	136	765	  1	
282	229	765	  1	
283	 15	765	  1	
283	 24	765	  1	
284	224	765	  1	
284	243	765	  1	
285	150	765	  1	
285	174	765	  1	
286	291	765	  1	
286	376	765	  1	
287	  8	765	  1	
287	 31	765	  1	
287	230	765	  1	
287	579	765	  1	
288	 48	765	  1	
288	 56	765	  1	
288	 66	765	  1	
288	104	765	  1	
288	117	765	  1	
288	187	765	  1	
288	197	765	  1	
288	208	765	  1	
288	223	765	  1	
288	232	765	  1	
288	238	765	  1	
288	320	765	  1	
288	384	765	  1	
288	464	765	  1	
288	471	765	  1	
289	137	765	  1	
290	416	765	  1	
291	182	765	  1	
291	391	765	  1	
292	142	765	  1	
292	352	765	  1	
292	511	765	  1	
293	110	765	  1	
294	223	765	  1	
294	320	765	  1	
295	 51	765	  1	
295	235	765	  1	
295	384	765	  1	
295	467	765	  1	
295	503	765	  1	
295	525	765	  1	
296	 21	765	  1	
296	 79	765	  1	
296	 95	765	  1	
296	138	765	  1	
296	172	765	  1	
296	176	765	  1	
296	249	765	  1	
296	335	765	  1	
296	536	765	  1	
296	560	765	  1	
296	567	765	  1	
299	200	765	  1	
299	328	765	  1	
299	543	765	  1	
300	366	765	  1	
301	359	765	  1	
303	287	765	  1	
303	335	765	  1	
303	536	765	  1	
303	563	765	  1	
304	 96	765	  1	
304	128	765	  1	
304	132	765	  1	
304	219	765	  1	
304	245	765	  1	
304	288	765	  1	
304	302	765	  1	
304	323	765	  1	
304	571	765	  1	
306	208	765	  1	
307	 80	765	  1	
307	352	765	  1	
307	359	765	  1	
307	432	765	  1	
307	527	765	  1	
309	136	765	  1	
309	254	765	  1	
309	293	765	  1	
309	320	765	  1	
309	575	765	  1	
310	 21	765	  1	
311	  7	765	  1	
311	 16	765	  1	
311	 96	765	  1	
311	302	765	  1	
312	 56	765	  1	
312	 77	765	  1	
312	 88	765	  1	
312	 92	765	  1	
312	112	765	  1	
312	125	765	  1	
312	167	765	  1	
312	192	765	  1	
312	200	765	  1	
312	295	765	  1	
312	342	765	  1	
312	370	765	  1	
312	375	765	  1	
312	523	765	  1	
312	547	765	  1	
313	336	765	  1	
314	  8	765	  1	
314	 61	765	  1	
314	301	765	  1	
314	333	765	  1	
314	421	765	  1	
315	288	765	  1	
315	328	765	  1	
315	383	765	  1	
315	392	765	  1	
315	416	765	  1	
316	162	765	  1	
317	312	765	  1	
317	455	765	  1	
318	112	765	  1	
318	272	765	  1	
318	349	765	  1	
318	432	765	  1	
319	 56	765	  1	
319	263	765	  1	
319	295	765	  1	
319	359	765	  1	
319	376	765	  1	
319	544	765	  1	
319	551	765	  1	
320	 20	765	  1	
320	 42	765	  1	
320	104	765	  1	
320	136	765	  1	
320	206	765	  1	
320	216	765	  1	
320	219	765	  1	
320	247	765	  1	
320	302	765	  1	
320	328	765	  1	
320	360	765	  1	
320	423	765	  1	
320	504	765	  1	
322	 96	765	  1	
322	147	765	  1	
323	  8	765	  1	
323	 48	765	  1	
323	143	765	  1	
323	240	765	  1	
323	336	765	  1	
323	469	765	  1	
323	510	765	  1	
324	223	765	  1	
325	 40	765	  1	
325	 47	765	  1	
325	159	765	  1	
325	203	765	  1	
325	341	765	  1	
325	365	765	  1	
326	594	765	  1	
327	120	765	  1	
327	136	765	  1	
327	247	765	  1	
327	328	765	  1	
327	419	765	  1	
327	480	765	  1	
328	 29	765	  1	
328	141	765	  1	
328	160	765	  1	
328	166	765	  1	
328	170	765	  1	
328	175	765	  1	
328	185	765	  1	
328	191	765	  1	
328	232	765	  1	
328	238	765	  1	
328	248	765	  1	
328	280	765	  1	
328	287	765	  1	
328	310	765	  1	
328	320	765	  1	
328	327	765	  1	
328	351	765	  1	
328	354	765	  1	
328	379	765	  1	
328	394	765	  1	
328	531	765	  1	
328	582	765	  1	
329	200	765	  1	
329	252	765	  1	
331	 32	765	  1	
331	 88	765	  1	
331	136	765	  1	
331	155	765	  1	
331	344	765	  1	
331	563	765	  1	
332	 72	765	  1	
333	 24	765	  1	
333	248	765	  1	
334	219	765	  1	
334	307	765	  1	
334	475	765	  1	
335	 79	765	  1	
335	104	765	  1	
335	144	765	  1	
335	283	765	  1	
335	323	765	  1	
335	351	765	  1	
335	376	765	  1	
335	383	765	  1	
336	  7	765	  1	
336	 48	765	  1	
336	 54	765	  1	
336	 80	765	  1	
336	 87	765	  1	
336	176	765	  1	
336	200	765	  1	
336	240	765	  1	
336	256	765	  1	
336	429	765	  1	
336	466	765	  1	
336	471	765	  1	
338	 72	765	  1	
338	245	765	  1	
339	 99	765	  1	
339	368	765	  1	
340	424	765	  1	
341	 51	765	  1	
341	192	765	  1	
341	211	765	  1	
342	 15	765	  1	
342	183	765	  1	
342	204	765	  1	
342	358	765	  1	
342	466	765	  1	
342	480	765	  1	
343	  3	765	  1	
343	240	765	  1	
343	328	765	  1	
343	471	765	  1	
344	  5	765	  1	
344	 12	765	  1	
344	 24	765	  1	
344	 31	765	  1	
344	 45	765	  1	
344	 67	765	  1	
344	 82	765	  1	
344	105	765	  1	
344	111	765	  1	
344	133	765	  1	
344	147	765	  1	
344	162	765	  1	
344	208	765	  1	
344	344	765	  1	
344	379	765	  1	
344	388	765	  1	
344	399	765	  1	
345	453	765	  1	
346	 59	765	  1	
347	 40	765	  1	
347	150	765	  1	
347	376	765	  1	
348	138	765	  1	
348	567	765	  1	
349	128	765	  1	
349	208	765	  1	
349	384	765	  1	
350	 10	765	  1	
350	108	765	  1	
350	349	765	  1	
350	588	765	  1	
351	  0	765	  1	
351	  7	765	  1	
351	 27	765	  1	
351	149	765	  1	
351	179	765	  1	
351	392	765	  1	
351	399	765	  1	
352	120	765	  1	
352	160	765	  1	
352	197	765	  1	
352	219	765	  1	
352	352	765	  1	
352	368	765	  1	
352	375	765	  1	
352	432	765	  1	
352	499	765	  1	
354	192	765	  1	
354	538	765	  1	
355	 72	765	  1	
355	391	765	  1	
357	  2	765	  1	
357	166	765	  1	
357	274	765	  1	
357	328	765	  1	
358	198	765	  1	
359	216	765	  1	
359	223	765	  1	
359	384	765	  1	
359	395	765	  1	
359	432	765	  1	
359	543	765	  1	
359	551	765	  1	
360	 19	765	  1	
360	 30	765	  1	
360	 80	765	  1	
360	101	765	  1	
360	114	765	  1	
360	128	765	  1	
360	208	765	  1	
360	288	765	  1	
361	448	765	  1	
361	453	765	  1	
362	 24	765	  1	
363	 87	765	  1	
364	 16	765	  1	
364	 55	765	  1	
364	117	765	  1	
365	200	765	  1	
365	285	765	  1	
366	 76	765	  1	
366	112	765	  1	
366	208	765	  1	
366	307	765	  1	
366	464	765	  1	
367	 30	765	  1	
367	159	765	  1	
367	166	765	  1	
368	 74	765	  1	
368	130	765	  1	
368	139	765	  1	
368	145	765	  1	
368	184	765	  1	
368	188	765	  1	
368	192	765	  1	
368	267	765	  1	
368	272	765	  1	
368	295	765	  1	
368	363	765	  1	
368	383	765	  1	
368	407	765	  1	
368	453	765	  1	
370	 88	765	  1	
370	378	765	  1	
371	 55	765	  1	
371	203	765	  1	
371	288	765	  1	
372	 14	765	  1	
372	481	765	  1	
373	135	765	  1	
373	352	765	  1	
374	  7	765	  1	
374	112	765	  1	
374	129	765	  1	
374	173	765	  1	
374	383	765	  1	
375	 74	765	  1	
375	151	765	  1	
375	157	765	  1	
375	219	765	  1	
375	256	765	  1	
375	267	765	  1	
375	295	765	  1	
375	363	765	  1	
376	 23	765	  1	
376	 32	765	  1	
376	 50	765	  1	
376	 69	765	  1	
376	 80	765	  1	
376	106	765	  1	
376	111	765	  1	
376	115	765	  1	
376	160	765	  1	
376	250	765	  1	
376	375	765	  1	
377	403	765	  1	
378	 16	765	  1	
378	131	765	  1	
379	 62	765	  1	
379	496	765	  1	
380	251	765	  1	
380	388	765	  1	
381	  0	765	  1	
381	126	765	  1	
381	232	765	  1	
382	  8	765	  1	
382	118	765	  1	
382	569	765	  1	
383	 23	765	  1	
383	 32	765	  1	
383	346	765	  1	
383	351	765	  1	
383	360	765	  1	
384	 56	765	  1	
384	176	765	  1	
384	208	765	  1	
384	272	765	  1	
384	395	765	  1	
384	427	765	  1	
384	496	765	  1	
385	 64	765	  1	
386	239	765	  1	
386	370	765	  1	
387	136	765	  1	
389	  0	765	  1	
389	 59	765	  1	
389	 72	765	  1	
389	111	765	  1	
389	168	765	  1	
389	192	765	  1	
389	272	765	  1	
389	279	765	  1	
390	178	765	  1	
391	392	765	  1	
391	399	765	  1	
391	416	765	  1	
391	431	765	  1	
392	 16	765	  1	
392	 22	765	  1	
392	125	765	  1	
392	261	765	  1	
392	278	765	  1	
392	312	765	  1	
392	320	765	  1	
392	547	765	  1	
394	104	765	  1	
394	120	765	  1	
394	398	765	  1	
395	 11	765	  1	
395	184	765	  1	
395	294	765	  1	
396	384	765	  1	
397	 19	765	  1	
397	144	765	  1	
397	164	765	  1	
397	285	765	  1	
398	109	765	  1	
398	400	765	  1	
399	154	765	  1	
399	275	765	  1	
399	319	765	  1	
399	424	765	  1	
400	 40	765	  1	
400	 72	765	  1	
400	 78	765	  1	
400	 96	765	  1	
400	242	765	  1	
400	287	765	  1	
400	301	765	  1	
400	320	765	  1	
402	199	765	  1	
402	280	765	  1	
403	151	765	  1	
403	369	765	  1	
404	162	765	  1	
405	 40	765	  1	
405	136	765	  1	
405	184	765	  1	
405	384	765	  1	
407	 19	765	  1	
407	205	765	  1	
407	240	765	  1	
408	  0	765	  1	
408	  8	765	  1	
408	 15	765	  1	
408	 33	765	  1	
408	123	765	  1	
408	134	765	  1	
408	146	765	  1	
408	152	765	  1	
408	155	765	  1	
408	159	765	  1	
408	224	765	  1	
408	258	765	  1	
408	349	765	  1	
408	407	765	  1	
408	424	765	  1	
408	581	765	  1	
410	 73	765	  1	
410	144	765	  1	
411	400	765	  1	
413	 37	765	  1	
413	131	765	  1	
413	384	765	  1	
413	391	765	  1	
414	  8	765	  1	
414	 56	765	  1	
414	 87	765	  1	
414	228	765	  1	
414	263	765	  1	
414	344	765	  1	
415	 15	765	  1	
415	 22	765	  1	
415	157	765	  1	
415	173	765	  1	
415	407	765	  1	
416	 52	765	  1	
416	 90	765	  1	
416	 97	765	  1	
416	187	765	  1	
416	231	765	  1	
416	248	765	  1	
416	400	765	  1	
417	 31	765	  1	
417	 48	765	  1	
417	192	765	  1	
418	 64	765	  1	
419	201	765	  1	
419	215	765	  1	
419	219	765	  1	
419	224	765	  1	
419	251	765	  1	
419	367	765	  1	
419	376	765	  1	
420	 44	765	  1	
421	157	765	  1	
422	 24	765	  1	
422	248	765	  1	
423	 52	765	  1	
423	147	765	  1	
423	184	765	  1	
423	191	765	  1	
423	231	765	  1	
423	383	765	  1	
423	392	765	  1	
423	487	765	  1	
424	  3	765	  1	
424	 16	765	  1	
424	 22	765	  1	
424	 47	765	  1	
424	 84	765	  1	
424	109	765	  1	
424	118	765	  1	
424	139	765	  1	
424	157	765	  1	
424	175	765	  1	
424	202	765	  1	
424	295	765	  1	
424	365	765	  1	
425	296	765	  1	
426	 64	765	  1	
426	264	765	  1	
427	352	765	  1	
428	143	765	  1	
429	  0	765	  1	
429	 15	765	  1	
429	 19	765	  1	
429	 72	765	  1	
429	 77	765	  1	
429	192	765	  1	
430	168	765	  1	
430	216	765	  1	
430	223	765	  1	
431	359	765	  1	
432	 12	765	  1	
432	 31	765	  1	
432	 43	765	  1	
432	 71	765	  1	
432	 80	765	  1	
432	101	765	  1	
432	184	765	  1	
432	208	765	  1	
433	128	765	  1	
434	 14	765	  1	
434	 96	765	  1	
435	  7	765	  1	
435	 24	765	  1	
435	138	765	  1	
435	158	765	  1	
435	215	765	  1	
437	 79	765	  1	
437	175	765	  1	
437	245	765	  1	
438	197	765	  1	
439	208	765	  1	
439	223	765	  1	
440	 15	765	  1	
440	 21	765	  1	
440	 50	765	  1	
440	 59	765	  1	
440	 85	765	  1	
440	151	765	  1	
440	235	765	  1	
440	362	765	  1	
441	  8	765	  1	
442	 88	765	  1	
442	146	765	  1	
443	168	765	  1	
444	130	765	  1	
445	151	765	  1	
447	 56	765	  1	
447	 63	765	  1	
447	136	765	  1	
447	175	765	  1	
447	208	765	  1	
448	 43	765	  1	
448	 64	765	  1	
448	 74	765	  1	
448	 88	765	  1	
448	117	765	  1	
448	141	765	  1	
448	148	765	  1	
448	216	765	  1	
448	248	765	  1	
448	315	765	  1	
448	323	765	  1	
448	358	765	  1	
448	408	765	  1	
450	 48	765	  1	
450	110	765	  1	
450	214	765	  1	
451	246	765	  1	
451	335	765	  1	
451	415	765	  1	
453	 64	765	  1	
453	 72	765	  1	
453	192	765	  1	
453	360	765	  1	
453	365	765	  1	
454	138	765	  1	
454	208	765	  1	
454	320	765	  1	
454	355	765	  1	
455	 43	765	  1	
455	312	765	  1	
455	328	765	  1	
455	408	765	  1	
456	 86	765	  1	
456	115	765	  1	
456	123	765	  1	
456	149	765	  1	
456	223	765	  1	
456	248	765	  1	
456	368	765	  1	
456	435	765	  1	
457	 72	765	  1	
459	216	765	  1	
459	374	765	  1	
461	 88	765	  1	
461	 95	765	  1	
461	126	765	  1	
461	144	765	  1	
461	160	765	  1	
461	192	765	  1	
462	251	765	  1	
463	223	765	  1	
464	 24	765	  1	
464	 61	765	  1	
464	 69	765	  1	
464	118	765	  1	
464	131	765	  1	
464	155	765	  1	
464	186	765	  1	
464	230	765	  1	
464	259	765	  1	
464	287	765	  1	
464	295	765	  1	
464	344	765	  1	
464	351	765	  1	
464	366	765	  1	
464	384	765	  1	
466	126	765	  1	
467	 77	765	  1	
467	160	765	  1	
467	359	765	  1	
469	  8	765	  1	
469	 39	765	  1	
469	262	765	  1	
470	363	765	  1	
471	230	765	  1	
471	347	765	  1	
471	352	765	  1	
471	384	765	  1	
472	 48	765	  1	
472	 83	765	  1	
472	107	765	  1	
472	168	765	  1	
472	241	765	  1	
472	264	765	  1	
472	268	765	  1	
472	298	765	  1	
472	303	765	  1	
472	337	765	  1	
472	351	765	  1	
472	353	765	  1	
472	423	765	  1	
475	 55	765	  1	
475	112	765	  1	
475	143	765	  1	
475	318	765	  1	
475	365	765	  1	
475	384	765	  1	
476	128	765	  1	
477	  0	765	  1	
477	176	765	  1	
477	231	765	  1	
478	336	765	  1	
478	355	765	  1	
479	119	765	  1	
479	136	765	  1	
479	239	765	  1	
479	416	765	  1	
480	 93	765	  1	
480	 96	765	  1	
480	106	765	  1	
480	128	765	  1	
480	203	765	  1	
480	264	765	  1	
480	275	765	  1	
482	138	765	  1	
482	560	765	  1	
483	118	765	  1	
483	143	765	  1	
483	231	765	  1	
483	293	765	  1	
484	 48	765	  1	
485	102	765	  1	
485	182	765	  1	
485	270	765	  1	
485	362	765	  1	
486	 53	765	  1	
487	 80	765	  1	
487	200	765	  1	
487	207	765	  1	
487	336	765	  1	
488	153	765	  1	
488	194	765	  1	
488	208	765	  1	
488	219	765	  1	
488	240	765	  1	
488	275	765	  1	
488	285	765	  1	
488	395	765	  1	
489	120	765	  1	
490	142	765	  1	
490	167	765	  1	
491	  8	765	  1	
491	146	765	  1	
491	207	765	  1	
491	247	765	  1	
492	159	765	  1	
493	 63	765	  1	
493	133	765	  1	
493	176	765	  1	
493	280	765	  1	
494	 88	765	  1	
494	 95	765	  1	
494	136	765	  1	
494	215	765	  1	
494	223	765	  1	
495	 16	765	  1	
495	104	765	  1	
495	163	765	  1	
495	240	765	  1	
495	344	765	  1	
496	  0	765	  1	
496	  6	765	  1	
496	 12	765	  1	
496	 23	765	  1	
496	 58	765	  1	
496	 83	765	  1	
496	 91	765	  1	
496	 96	765	  1	
496	165	765	  1	
496	248	765	  1	
496	254	765	  1	
496	293	765	  1	
496	304	765	  1	
496	322	765	  1	
496	327	765	  1	
497	239	765	  1	
497	312	765	  1	
498	128	765	  1	
499	 16	765	  1	
499	256	765	  1	
499	288	765	  1	
501	200	765	  1	
501	207	765	  1	
501	223	765	  1	
502	 24	765	  1	
502	166	765	  1	
502	317	765	  1	
503	  7	765	  1	
503	130	765	  1	
503	304	765	  1	
504	  0	765	  1	
504	  8	765	  1	
504	 55	765	  1	
504	112	765	  1	
504	125	765	  1	
504	181	765	  1	
504	216	765	  1	
504	263	765	  1	
504	272	765	  1	
504	291	765	  1	
504	336	765	  1	
504	359	765	  1	
504	363	765	  1	
505	167	765	  1	
506	176	765	  1	
507	 36	765	  1	
507	352	765	  1	
507	391	765	  1	
507	400	765	  1	
509	320	765	  1	
510	182	765	  1	
510	294	765	  1	
511	 48	765	  1	
511	 71	765	  1	
511	336	765	  1	
511	359	765	  1	
511	367	765	  1	
512	 56	765	  1	
512	 96	765	  1	
512	103	765	  1	
512	111	765	  1	
512	158	765	  1	
512	167	765	  1	
512	200	765	  1	
512	212	765	  1	
512	238	765	  1	
512	266	765	  1	
512	317	765	  1	
512	392	765	  1	
512	397	765	  1	
514	 30	765	  1	
514	134	765	  1	
514	152	765	  1	
514	206	765	  1	
514	232	765	  1	
514	352	765	  1	
515	160	765	  1	
515	175	765	  1	
515	250	765	  1	
515	262	765	  1	
515	447	765	  1	
515	516	765	  1	
516	  0	765	  1	
516	318	765	  1	
516	379	765	  1	
517	158	765	  1	
518	128	765	  1	
518	200	765	  1	
518	213	765	  1	
518	399	765	  1	
519	167	765	  1	
519	236	765	  1	
520	136	765	  1	
520	142	765	  1	
520	176	765	  1	
520	218	765	  1	
520	275	765	  1	
520	285	765	  1	
520	339	765	  1	
520	360	765	  1	
520	424	765	  1	
521	 87	765	  1	
521	104	765	  1	
521	110	765	  1	
521	131	765	  1	
522	 61	765	  1	
522	205	765	  1	
523	 15	765	  1	
523	 25	765	  1	
523	 77	765	  1	
525	200	765	  1	
525	216	765	  1	
525	223	765	  1	
525	263	765	  1	
525	368	765	  1	
526	250	765	  1	
527	  3	765	  1	
527	272	765	  1	
527	279	765	  1	
527	336	765	  1	
527	343	765	  1	
527	396	765	  1	
528	 67	765	  1	
528	 75	765	  1	
528	 91	765	  1	
528	107	765	  1	
528	134	765	  1	
528	227	765	  1	
528	234	765	  1	
528	296	765	  1	
528	357	765	  1	
528	423	765	  1	
528	448	765	  1	
529	 72	765	  1	
530	116	765	  1	
531	120	765	  1	
531	146	765	  1	
532	 79	765	  1	
532	151	765	  1	
532	432	765	  1	
533	270	765	  1	
533	312	765	  1	
533	319	765	  1	
534	 48	765	  1	
534	 56	765	  1	
534	 63	765	  1	
534	111	765	  1	
534	128	765	  1	
534	200	765	  1	
534	227	765	  1	
534	236	765	  1	
534	368	765	  1	
534	375	765	  1	
535	 67	765	  1	
535	 73	765	  1	
535	 87	765	  1	
535	106	765	  1	
535	496	765	  1	
536	 64	765	  1	
536	 93	765	  1	
536	149	765	  1	
536	168	765	  1	
536	172	765	  1	
536	184	765	  1	
536	188	765	  1	
536	237	765	  1	
536	256	765	  1	
536	293	765	  1	
536	527	765	  1	
539	 86	765	  1	
539	110	765	  1	
539	120	765	  1	
539	263	765	  1	
539	280	765	  1	
541	 71	765	  1	
541	168	765	  1	
541	173	765	  1	
541	195	765	  1	
541	224	765	  1	
541	264	765	  1	
541	328	765	  1	
541	333	765	  1	
541	352	765	  1	
541	364	765	  1	
542	373	765	  1	
543	190	765	  1	
543	205	765	  1	
543	256	765	  1	
544	  8	765	  1	
544	 15	765	  1	
544	 32	765	  1	
544	 63	765	  1	
544	 80	765	  1	
544	 94	765	  1	
544	123	765	  1	
544	216	765	  1	
544	240	765	  1	
544	261	765	  1	
544	274	765	  1	
544	283	765	  1	
544	290	765	  1	
544	360	765	  1	
544	371	765	  1	
544	381	765	  1	
544	388	765	  1	
544	408	765	  1	
547	174	765	  1	
547	192	765	  1	
547	247	765	  1	
548	280	765	  1	
549	 91	765	  1	
549	391	765	  1	
549	415	765	  1	
550	256	765	  1	
550	267	765	  1	
550	360	765	  1	
550	479	765	  1	
551	  8	765	  1	
551	 15	765	  1	
551	 39	765	  1	
551	139	765	  1	
551	216	765	  1	
551	386	765	  1	
552	 79	765	  1	
552	107	765	  1	
552	117	765	  1	
552	147	765	  1	
552	200	765	  1	
552	207	765	  1	
552	227	765	  1	
554	112	765	  1	
554	240	765	  1	
555	152	765	  1	
556	336	765	  1	
557	176	765	  1	
558	118	765	  1	
558	158	765	  1	
558	343	765	  1	
559	 32	765	  1	
559	 88	765	  1	
559	 95	765	  1	
559	104	765	  1	
559	111	765	  1	
560	  8	765	  1	
560	123	765	  1	
560	188	765	  1	
560	216	765	  1	
560	301	765	  1	
561	224	765	  1	
562	120	765	  1	
563	150	765	  1	
563	286	765	  1	
563	296	765	  1	
565	163	765	  1	
565	222	765	  1	
565	256	765	  1	
566	144	765	  1	
566	172	765	  1	
566	229	765	  1	
567	176	765	  1	
568	 84	765	  1	
568	 93	765	  1	
568	232	765	  1	
568	272	765	  1	
568	276	765	  1	
568	346	765	  1	
568	352	765	  1	
568	384	765	  1	
568	391	765	  1	
570	280	765	  1	
571	144	765	  1	
571	190	765	  1	
572	112	765	  1	
574	184	765	  1	
574	460	765	  1	
575	232	765	  1	
575	387	765	  1	
576	125	765	  1	
576	155	765	  1	
576	182	765	  1	
576	200	765	  1	
576	264	765	  1	
576	312	765	  1	
576	316	765	  1	
576	327	765	  1	
576	351	765	  1	
576	475	765	  1	
577	215	765	  1	
579	175	765	  1	
579	207	765	  1	
579	279	765	  1	
579	368	765	  1	
579	544	765	  1	
583	152	765	  1	
583	159	765	  1	
583	181	765	  1	
583	200	765	  1	
583	376	765	  1	
584	 80	765	  1	
584	107	765	  1	
584	120	765	  1	
584	221	765	  1	
584	240	765	  1	
584	274	765	  1	
584	330	765	  1	
584	335	765	  1	
584	360	765	  1	
586	110	765	  1	
587	 87	765	  1	
587	311	765	  1	
587	367	765	  1	
587	397	765	  1	
588	120	765	  1	
589	288	765	  1	
589	312	765	  1	
591	 23	765	  1	
591	 80	765	  1	
591	109	765	  1	
591	240	765	  1	
591	317	765	  1	
592	  0	765	  1	
592	112	765	  1	
592	136	765	  1	
592	194	765	  1	
592	248	765	  1	
592	304	765	  1	
592	311	765	  1	
592	338	765	  1	
592	344	765	  1	
595	143	765	  1	
595	204	765	  1	
597	116	765	  1	
599	  0	765	  1	
599	136	765	  1	
599	196	765	  1	
599	216	765	  1	
599	248	765	  1	
599	307	765	  1	
599	424	765	  1	
600	 64	765	  1	
600	 69	765	  1	
600	119	765	  1	
600	205	765	  1	
600	226	765	  1	
600	245	765	  1	
600	287	765	  1	
600	290	765	  1	
600	295	765	  1	
600	328	765	  1	
600	360	765	  1	
600	408	765	  1	
600	416	765	  1	
600	456	765	  1	
602	 79	765	  1	
603	126	765	  1	
603	312	765	  1	
604	328	765	  1	
606	114	765	  1	
606	206	765	  1	
606	290	765	  1	
606	420	765	  1	
607	 67	765	  1	
607	295	765	  1	
607	408	765	  1	
608	 99	765	  1	
608	227	765	  1	
608	232	765	  1	
608	253	765	  1	
608	272	765	  1	
610	278	765	  1	
610	480	765	  1	
611	200	765	  1	
611	392	765	  1	
612	316	765	  1	
613	 31	765	  1	
613	 80	765	  1	
613	 87	765	  1	
613	336	765	  1	
613	487	765	  1	
614	103	765	  1	
615	207	765	  1	
615	274	765	  1	
615	279	765	  1	
616	183	765	  1	
616	256	765	  1	
616	328	765	  1	
616	468	765	  1	
618	  9	765	  1	
618	363	765	  1	
619	213	765	  1	
621	  0	765	  1	
621	279	765	  1	
622	332	765	  1	
623	  8	765	  1	
624	 93	765	  1	
624	144	765	  1	
624	261	765	  1	
624	264	765	  1	
630	264	765	  1	
631	204	765	  1	
632	 88	765	  1	
632	232	765	  1	
632	407	765	  1	
632	441	765	  1	
632	557	765	  1	
634	285	765	  1	
635	 52	765	  1	
635	239	765	  1	
636	 92	765	  1	
636	275	765	  1	
637	269	765	  1	
639	232	765	  1	
639	264	765	  1	
640	 79	765	  1	
640	175	765	  1	
640	254	765	  1	
640	280	765	  1	
640	568	765	  1	
643	168	765	  1	
643	327	765	  1	
645	254	765	  1	
647	 79	765	  1	
647	175	765	  1	
650	512	765	  1	
651	104	765	  1	
651	480	765	  1	
652	378	765	  1	
655	112	765	  1	
655	391	765	  1	
655	438	765	  1	
656	 79	765	  1	
656	168	765	  1	
656	352	765	  1	
658	160	765	  1	
659	 62	765	  1	
661	167	765	  1	
663	139	765	  1	
663	419	765	  1	
663	599	765	  1	
664	148	765	  1	
669	259	765	  1	
671	160	765	  1	
672	232	765	  1	
672	479	765	  1	
676	 56	765	  1	
680	142	765	  1	
680	216	765	  1	
684	143	765	  1	
687	216	765	  1	
688	239	765	  1	
695	151	765	  1	
695	438	765	  1	
696	264	765	  1	
696	375	765	  1	
708	280	765	  1	
