# 
#  Image file: Goad2_T0038.jpg
#  Applied threshold: 575
#  Algorithm used: fill2                 
#  Particle count: 1987
#  Location (x,y), max luminance, and mass:
# 
  0	399	765	  1	
  1	440	765	  1	
  3	280	765	  1	
  8	272	765	  1	
 15	 94	765	  1	
 15	272	765	  1	
 16	288	765	  1	
 19	167	765	  1	
 19	200	765	  1	
 19	483	765	  1	
 22	484	765	  1	
 24	451	765	  1	
 25	539	765	  1	
 27	327	765	  1	
 30	366	765	  1	
 32	352	765	  1	
 32	356	765	  1	
 39	288	765	  1	
 40	271	765	  1	
 42	171	765	  1	
 44	227	765	  1	
 48	272	765	  1	
 48	471	765	  1	
 48	513	765	  1	
 50	270	765	  1	
 55	262	765	  1	
 56	103	765	  1	
 56	259	765	  1	
 64	352	765	  1	
 64	488	765	  1	
 66	111	765	  1	
 67	264	765	  1	
 67	359	765	  1	
 71	101	765	  1	
 71	111	765	  1	
 71	352	765	  1	
 72	232	765	  1	
 72	370	765	  1	
 76	149	765	  1	
 77	376	765	  1	
 79	239	765	  1	
 79	384	765	  1	
 80	 88	765	  1	
 82	149	765	  1	
 84	103	765	  1	
 84	135	765	  1	
 87	151	765	  1	
 87	179	765	  1	
 88	228	765	  1	
 88	270	765	  1	
 88	280	765	  1	
 88	287	765	  1	
 95	234	765	  1	
 95	251	765	  1	
 95	283	765	  1	
 96	424	765	  1	
 99	216	765	  1	
100	174	765	  1	
102	159	765	  1	
103	183	765	  1	
104	207	765	  1	
104	407	765	  1	
104	424	765	  1	
108	465	765	  1	
109	146	765	  1	
111	456	765	  1	
115	183	765	  1	
115	206	765	  1	
117	256	765	  1	
117	595	765	  1	
118	172	765	  1	
118	184	765	  1	
119	213	765	  1	
120	 51	765	  1	
120	152	765	  1	
120	159	765	  1	
120	176	765	  1	
120	183	765	  1	
120	250	765	  1	
120	312	765	  1	
120	542	765	  1	
122	211	765	  1	
122	317	765	  1	
123	144	765	  1	
124	394	765	  1	
126	 10	765	  1	
126	136	765	  1	
126	143	765	  1	
126	184	765	  1	
126	191	765	  1	
126	312	765	  1	
127	155	765	  1	
127	179	765	  1	
128	149	765	  1	
128	173	765	  1	
128	183	765	  1	
128	255	765	  1	
128	279	765	  1	
128	287	765	  1	
128	293	765	  1	
128	298	765	  1	
128	303	765	  1	
131	520	765	  1	
132	179	765	  1	
132	263	765	  1	
134	278	765	  1	
135	376	765	  1	
135	512	765	  1	
136	104	765	  1	
136	168	765	  1	
136	312	765	  1	
136	327	765	  1	
136	547	765	  1	
137	320	765	  1	
138	263	765	  1	
138	286	765	  1	
138	391	765	  1	
139	183	765	  1	
139	354	765	  1	
139	432	765	  1	
140	258	765	  1	
140	272	765	  1	
141	171	765	  1	
141	389	765	  1	
142	237	765	  1	
142	312	765	  1	
143	  0	765	  1	
143	287	765	  1	
143	324	765	  1	
143	391	765	  1	
144	126	765	  1	
144	152	765	  1	
144	200	765	  1	
144	236	765	  1	
144	295	765	  1	
144	307	765	  1	
146	287	765	  1	
147	168	765	  1	
147	207	765	  1	
147	272	765	  1	
147	279	765	  1	
148	210	765	  1	
149	239	765	  1	
149	336	765	  1	
150	 86	765	  1	
150	127	765	  1	
150	219	765	  1	
150	458	765	  1	
151	  0	765	  1	
151	200	765	  1	
151	295	765	  1	
151	424	765	  1	
152	114	765	  1	
152	119	765	  1	
152	128	765	  1	
152	137	765	  1	
152	150	765	  1	
152	241	765	  1	
152	247	765	  1	
152	280	765	  1	
152	315	765	  1	
152	344	765	  1	
154	 95	765	  1	
154	231	765	  1	
155	198	765	  1	
156	335	765	  1	
157	134	765	  1	
157	327	765	  1	
158	223	765	  1	
159	144	765	  1	
159	168	765	  1	
159	443	765	  1	
160	128	765	  1	
160	161	765	  1	
160	171	765	  1	
160	264	765	  1	
160	270	765	  1	
161	 11	765	  1	
162	296	765	  1	
163	192	765	  1	
163	280	765	  1	
165	267	765	  1	
166	 19	765	  1	
166	272	765	  1	
166	278	765	  1	
167	168	765	  1	
167	175	765	  1	
167	198	765	  1	
167	210	765	  1	
167	392	765	  1	
167	536	765	  1	
168	 64	765	  1	
168	 87	765	  1	
168	 99	765	  1	
168	104	765	  1	
168	203	765	  1	
168	240	765	  1	
168	288	765	  1	
168	294	765	  1	
168	306	765	  1	
168	379	765	  1	
169	143	765	  1	
170	 71	765	  1	
171	 95	765	  1	
173	200	765	  1	
173	304	765	  1	
173	311	765	  1	
174	136	765	  1	
175	 99	765	  1	
175	112	765	  1	
175	376	765	  1	
175	383	765	  1	
176	279	765	  1	
176	286	765	  1	
176	515	765	  1	
176	523	765	  1	
179	 80	765	  1	
179	 87	765	  1	
179	160	765	  1	
179	232	765	  1	
180	 94	765	  1	
180	272	765	  1	
181	 46	765	  1	
181	159	765	  1	
182	200	765	  1	
182	315	765	  1	
183	112	765	  1	
184	  3	765	  1	
184	 62	765	  1	
184	168	765	  1	
184	224	765	  1	
185	175	765	  1	
186	 56	765	  1	
186	349	765	  1	
186	389	765	  1	
187	  9	765	  1	
189	287	765	  1	
191	 45	765	  1	
191	 62	765	  1	
191	397	765	  1	
192	 83	765	  1	
192	112	765	  1	
192	133	765	  1	
192	150	765	  1	
192	160	765	  1	
192	167	765	  1	
193	144	765	  1	
193	312	765	  1	
195	215	765	  1	
195	256	765	  1	
196	367	765	  1	
199	 80	765	  1	
199	 87	765	  1	
199	144	765	  1	
199	157	765	  1	
199	163	765	  1	
200	 67	765	  1	
200	104	765	  1	
200	125	765	  1	
200	138	765	  1	
200	165	765	  1	
200	174	765	  1	
200	191	765	  1	
200	200	765	  1	
200	240	765	  1	
200	251	765	  1	
200	560	765	  1	
202	 72	765	  1	
202	184	765	  1	
204	151	765	  1	
205	143	765	  1	
205	160	765	  1	
206	375	765	  1	
207	146	765	  1	
207	174	765	  1	
207	191	765	  1	
207	288	765	  1	
208	 47	765	  1	
208	 96	765	  1	
208	123	765	  1	
208	140	765	  1	
208	163	765	  1	
208	171	765	  1	
208	176	765	  1	
208	182	765	  1	
208	198	765	  1	
208	207	765	  1	
208	300	765	  1	
208	336	765	  1	
208	430	765	  1	
211	 40	765	  1	
211	102	765	  1	
211	280	765	  1	
211	346	765	  1	
212	120	765	  1	
213	 89	765	  1	
213	143	765	  1	
213	179	765	  1	
213	184	765	  1	
213	303	765	  1	
214	 96	765	  1	
215	 47	765	  1	
215	203	765	  1	
215	448	765	  1	
215	467	765	  1	
216	 72	765	  1	
216	103	765	  1	
216	154	765	  1	
216	216	765	  1	
216	223	765	  1	
216	247	765	  1	
216	270	765	  1	
216	408	765	  1	
216	419	765	  1	
216	443	765	  1	
216	560	765	  1	
217	  2	765	  1	
217	  7	765	  1	
217	203	765	  1	
219	 48	765	  1	
219	 95	765	  1	
219	240	765	  1	
220	576	765	  1	
221	118	765	  1	
221	136	765	  1	
221	168	765	  1	
221	190	765	  1	
221	251	765	  1	
221	408	765	  1	
221	599	765	  1	
222	268	765	  1	
222	512	765	  1	
222	519	765	  1	
223	152	765	  1	
223	159	765	  1	
223	219	765	  1	
223	247	765	  1	
223	352	765	  1	
223	359	765	  1	
223	402	765	  1	
223	407	765	  1	
223	416	765	  1	
224	 12	765	  1	
224	 88	765	  1	
224	 95	765	  1	
224	107	765	  1	
224	128	765	  1	
224	146	765	  1	
224	157	765	  1	
224	173	765	  1	
224	200	765	  1	
224	216	765	  1	
224	285	765	  1	
224	290	765	  1	
224	296	765	  1	
224	331	765	  1	
224	354	765	  1	
224	395	765	  1	
224	560	765	  1	
226	 74	765	  1	
226	568	765	  1	
227	184	765	  1	
227	422	765	  1	
228	  0	765	  1	
228	152	765	  1	
228	408	765	  1	
229	  7	765	  1	
229	168	765	  1	
229	280	765	  1	
229	303	765	  1	
230	159	765	  1	
230	264	765	  1	
230	368	765	  1	
230	416	765	  1	
231	  4	765	  1	
231	111	765	  1	
231	392	765	  1	
231	399	765	  1	
232	182	765	  1	
232	191	765	  1	
232	196	765	  1	
232	221	765	  1	
232	253	765	  1	
232	304	765	  1	
232	310	765	  1	
232	456	765	  1	
232	512	765	  1	
232	574	765	  1	
233	 31	765	  1	
234	176	765	  1	
234	462	765	  1	
234	517	765	  1	
235	 95	765	  1	
235	155	765	  1	
235	248	765	  1	
236	111	765	  1	
236	159	765	  1	
236	262	765	  1	
236	568	765	  1	
237	 63	765	  1	
237	288	765	  1	
237	379	765	  1	
238	395	765	  1	
239	 88	765	  1	
239	286	765	  1	
240	 48	765	  1	
240	 56	765	  1	
240	 75	765	  1	
240	 99	765	  1	
240	126	765	  1	
240	155	765	  1	
240	162	765	  1	
240	178	765	  1	
240	227	765	  1	
240	272	765	  1	
240	358	765	  1	
240	413	765	  1	
241	119	765	  1	
242	 55	765	  1	
242	 69	765	  1	
242	217	765	  1	
242	365	765	  1	
243	170	765	  1	
243	280	765	  1	
245	 96	765	  1	
245	176	765	  1	
246	126	765	  1	
246	408	765	  1	
247	287	765	  1	
247	598	765	  1	
248	 70	765	  1	
248	138	765	  1	
248	278	765	  1	
248	303	765	  1	
248	344	765	  1	
248	350	765	  1	
248	367	765	  1	
248	450	765	  1	
249	 53	765	  1	
249	266	765	  1	
250	170	765	  1	
250	207	765	  1	
250	271	765	  1	
251	296	765	  1	
251	360	765	  1	
251	416	765	  1	
252	 60	765	  1	
253	 96	765	  1	
253	114	765	  1	
253	159	765	  1	
254	 79	765	  1	
254	143	765	  1	
255	 20	765	  1	
255	 55	765	  1	
255	265	765	  1	
255	291	765	  1	
255	303	765	  1	
255	367	765	  1	
256	 13	765	  1	
256	 64	765	  1	
256	 75	765	  1	
256	106	765	  1	
256	120	765	  1	
256	147	765	  1	
256	160	765	  1	
256	165	765	  1	
256	176	765	  1	
256	201	765	  1	
256	211	765	  1	
256	214	765	  1	
256	221	765	  1	
256	248	765	  1	
256	258	765	  1	
256	336	765	  1	
256	339	765	  1	
256	343	765	  1	
256	376	765	  1	
256	383	765	  1	
256	560	765	  1	
258	 87	765	  1	
258	 98	765	  1	
259	162	765	  1	
259	255	765	  1	
259	397	765	  1	
260	296	765	  1	
261	104	765	  1	
261	111	765	  1	
261	256	765	  1	
261	263	765	  1	
261	272	765	  1	
261	327	765	  1	
262	175	765	  1	
262	464	765	  1	
263	 72	765	  1	
263	 79	765	  1	
263	 96	765	  1	
263	195	765	  1	
263	200	765	  1	
263	221	765	  1	
263	248	765	  1	
263	379	765	  1	
263	440	765	  1	
263	563	765	  1	
264	  0	765	  1	
264	  7	765	  1	
264	 15	765	  1	
264	 54	765	  1	
264	 92	765	  1	
264	100	765	  1	
264	112	765	  1	
264	160	765	  1	
264	210	765	  1	
264	215	765	  1	
264	226	765	  1	
264	230	765	  1	
264	268	765	  1	
264	288	765	  1	
264	344	765	  1	
264	367	765	  1	
264	408	765	  1	
264	417	765	  1	
264	480	765	  1	
265	111	765	  1	
266	 63	765	  1	
266	223	765	  1	
267	  2	765	  1	
267	272	765	  1	
267	295	765	  1	
267	360	765	  1	
267	487	765	  1	
268	408	765	  1	
269	136	765	  1	
269	192	765	  1	
269	212	765	  1	
269	264	765	  1	
269	304	765	  1	
269	336	765	  1	
269	523	765	  1	
270	 59	765	  1	
270	104	765	  1	
270	271	765	  1	
270	375	765	  1	
270	400	765	  1	
271	115	765	  1	
271	219	765	  1	
271	288	765	  1	
271	379	765	  1	
271	424	765	  1	
271	480	765	  1	
271	496	765	  1	
272	  0	765	  1	
272	 64	765	  1	
272	 93	765	  1	
272	152	765	  1	
272	157	765	  1	
272	164	765	  1	
272	263	765	  1	
272	302	765	  1	
272	314	765	  1	
272	330	765	  1	
272	336	765	  1	
272	352	765	  1	
272	383	765	  1	
272	392	765	  1	
272	399	765	  1	
272	402	765	  1	
272	442	765	  1	
272	455	765	  1	
274	226	765	  1	
275	 31	765	  1	
275	176	765	  1	
275	256	765	  1	
275	264	765	  1	
275	271	765	  1	
275	343	765	  1	
275	448	765	  1	
276	400	765	  1	
277	 72	765	  1	
277	139	765	  1	
277	156	765	  1	
277	192	765	  1	
277	231	765	  1	
277	324	765	  1	
278	167	765	  1	
278	312	765	  1	
278	319	765	  1	
279	263	765	  1	
279	307	765	  1	
279	336	765	  1	
279	352	765	  1	
279	395	765	  1	
279	455	765	  1	
279	552	765	  1	
280	  0	765	  1	
280	 56	765	  1	
280	 67	765	  1	
280	 82	765	  1	
280	153	765	  1	
280	168	765	  1	
280	189	765	  1	
280	208	765	  1	
280	248	765	  1	
280	255	765	  1	
280	288	765	  1	
280	334	765	  1	
280	359	765	  1	
280	376	765	  1	
280	416	765	  1	
280	496	765	  1	
280	503	765	  1	
282	164	765	  1	
282	410	765	  1	
283	216	765	  1	
283	301	765	  1	
284	 64	765	  1	
285	 80	765	  1	
285	 87	765	  1	
285	112	765	  1	
285	159	765	  1	
285	184	765	  1	
285	239	765	  1	
285	284	765	  1	
285	312	765	  1	
286	 39	765	  1	
286	152	765	  1	
286	163	765	  1	
286	224	765	  1	
286	290	765	  1	
286	295	765	  1	
287	232	765	  1	
287	384	765	  1	
287	499	765	  1	
287	599	765	  1	
288	 95	765	  1	
288	181	765	  1	
288	194	765	  1	
288	200	765	  1	
288	231	765	  1	
288	240	765	  1	
288	247	765	  1	
288	250	765	  1	
288	296	765	  1	
288	344	765	  1	
288	351	765	  1	
288	398	765	  1	
288	418	765	  1	
288	432	765	  1	
288	437	765	  1	
288	568	765	  1	
289	198	765	  1	
289	389	765	  1	
290	224	765	  1	
291	 72	765	  1	
291	 96	765	  1	
291	126	765	  1	
291	328	765	  1	
291	335	765	  1	
291	575	765	  1	
292	527	765	  1	
293	192	765	  1	
293	299	765	  1	
293	344	765	  1	
293	349	765	  1	
293	384	765	  1	
293	400	765	  1	
294	 37	765	  1	
294	320	765	  1	
294	435	765	  1	
295	168	765	  1	
295	231	765	  1	
295	243	765	  1	
295	488	765	  1	
295	568	765	  1	
296	 25	765	  1	
296	 31	765	  1	
296	 38	765	  1	
296	 77	765	  1	
296	101	765	  1	
296	111	765	  1	
296	117	765	  1	
296	136	765	  1	
296	150	765	  1	
296	156	765	  1	
296	184	765	  1	
296	242	765	  1	
296	249	765	  1	
296	287	765	  1	
296	290	765	  1	
296	312	765	  1	
296	362	765	  1	
296	456	765	  1	
296	570	765	  1	
296	579	765	  1	
297	192	765	  1	
298	127	765	  1	
298	347	765	  1	
299	 64	765	  1	
299	144	765	  1	
299	183	765	  1	
299	191	765	  1	
299	204	765	  1	
299	304	765	  1	
299	430	765	  1	
299	463	765	  1	
301	116	765	  1	
301	142	765	  1	
301	216	765	  1	
301	223	765	  1	
301	295	765	  1	
301	315	765	  1	
301	376	765	  1	
302	102	765	  1	
302	151	765	  1	
302	184	765	  1	
302	448	765	  1	
303	 23	765	  1	
303	192	765	  1	
303	249	765	  1	
303	424	765	  1	
303	456	765	  1	
304	323	765	  1	
304	520	765	  1	
304	527	765	  1	
304	542	765	  1	
305	 31	765	  1	
306	211	765	  1	
307	128	765	  1	
307	376	765	  1	
308	295	765	  1	
309	126	765	  1	
309	192	765	  1	
309	308	765	  1	
310	189	765	  1	
310	320	765	  1	
310	327	765	  1	
310	456	765	  1	
311	  8	765	  1	
311	 18	765	  1	
311	 23	765	  1	
311	 96	765	  1	
312	 67	765	  1	
312	114	765	  1	
312	141	765	  1	
312	165	765	  1	
312	301	765	  1	
312	337	765	  1	
312	342	765	  1	
312	355	765	  1	
312	386	765	  1	
312	412	765	  1	
312	424	765	  1	
312	480	765	  1	
313	259	765	  1	
313	488	765	  1	
314	 24	765	  1	
314	472	765	  1	
315	254	765	  1	
315	264	765	  1	
315	272	765	  1	
315	431	765	  1	
317	112	765	  1	
317	136	765	  1	
317	144	765	  1	
317	415	765	  1	
318	 45	765	  1	
318	190	765	  1	
318	248	765	  1	
319	 80	765	  1	
319	 96	765	  1	
319	224	765	  1	
319	256	765	  1	
319	352	765	  1	
319	359	765	  1	
319	424	765	  1	
320	  0	765	  1	
320	 24	765	  1	
320	 76	765	  1	
320	123	765	  1	
320	173	765	  1	
320	330	765	  1	
320	356	765	  1	
320	392	765	  1	
320	416	765	  1	
320	426	765	  1	
320	456	765	  1	
320	489	765	  1	
320	504	765	  1	
323	 14	765	  1	
323	 72	765	  1	
323	399	765	  1	
324	270	765	  1	
324	311	765	  1	
325	 55	765	  1	
325	 96	765	  1	
325	103	765	  1	
325	331	765	  1	
325	376	765	  1	
326	 77	765	  1	
326	296	765	  1	
327	 32	765	  1	
327	160	765	  1	
327	304	765	  1	
327	426	765	  1	
327	456	765	  1	
327	496	765	  1	
328	  2	765	  1	
328	 13	765	  1	
328	 85	765	  1	
328	120	765	  1	
328	133	765	  1	
328	142	765	  1	
328	149	765	  1	
328	232	765	  1	
328	248	765	  1	
328	254	765	  1	
328	280	765	  1	
328	311	765	  1	
328	346	765	  1	
328	353	765	  1	
328	363	765	  1	
328	400	765	  1	
328	419	765	  1	
328	443	765	  1	
330	124	765	  1	
330	160	765	  1	
330	227	765	  1	
331	119	765	  1	
331	328	765	  1	
331	407	765	  1	
332	208	765	  1	
332	247	765	  1	
333	  0	765	  1	
333	  7	765	  1	
333	120	765	  1	
333	139	765	  1	
333	152	765	  1	
333	212	765	  1	
333	251	765	  1	
333	259	765	  1	
333	376	765	  1	
334	360	765	  1	
335	397	765	  1	
336	 19	765	  1	
336	 58	765	  1	
336	102	765	  1	
336	189	765	  1	
336	219	765	  1	
336	240	765	  1	
336	264	765	  1	
336	272	765	  1	
336	293	765	  1	
336	383	765	  1	
336	390	765	  1	
336	408	765	  1	
336	544	765	  1	
337	 96	765	  1	
338	149	765	  1	
338	311	765	  1	
338	536	765	  1	
339	 72	765	  1	
339	120	765	  1	
339	352	765	  1	
339	551	765	  1	
340	 16	765	  1	
340	109	765	  1	
340	247	765	  1	
341	 56	765	  1	
341	 63	765	  1	
341	306	765	  1	
341	328	765	  1	
342	264	765	  1	
343	 40	765	  1	
343	 98	765	  1	
343	360	765	  1	
343	379	765	  1	
343	408	765	  1	
343	503	765	  1	
343	544	765	  1	
343	583	765	  1	
343	599	765	  1	
344	 80	765	  1	
344	104	765	  1	
344	110	765	  1	
344	197	765	  1	
344	205	765	  1	
344	218	765	  1	
344	288	765	  1	
344	322	765	  1	
344	370	765	  1	
344	400	765	  1	
344	515	765	  1	
347	248	765	  1	
347	272	765	  1	
347	599	765	  1	
348	376	765	  1	
349	216	765	  1	
349	223	765	  1	
349	320	765	  1	
349	327	765	  1	
351	336	765	  1	
351	400	765	  1	
351	407	765	  1	
351	584	765	  1	
352	 56	765	  1	
352	 66	765	  1	
352	123	765	  1	
352	131	765	  1	
352	200	765	  1	
352	213	765	  1	
352	227	765	  1	
352	258	765	  1	
352	431	765	  1	
352	442	765	  1	
352	456	765	  1	
352	471	765	  1	
353	327	765	  1	
354	160	765	  1	
354	263	765	  1	
354	279	765	  1	
354	399	765	  1	
355	112	765	  1	
355	424	765	  1	
355	464	765	  1	
356	164	765	  1	
357	159	765	  1	
357	203	765	  1	
357	382	765	  1	
358	120	765	  1	
358	320	765	  1	
358	389	765	  1	
358	442	765	  1	
358	456	765	  1	
359	 76	765	  1	
359	376	765	  1	
359	431	765	  1	
359	471	765	  1	
360	  8	765	  1	
360	 45	765	  1	
360	 53	765	  1	
360	121	765	  1	
360	185	765	  1	
360	232	765	  1	
360	239	765	  1	
360	269	765	  1	
360	278	765	  1	
360	344	765	  1	
360	358	765	  1	
360	395	765	  1	
360	455	765	  1	
360	599	765	  1	
362	 72	765	  1	
362	 79	765	  1	
362	 96	765	  1	
362	365	765	  1	
363	224	765	  1	
363	267	765	  1	
363	328	765	  1	
363	448	765	  1	
363	567	765	  1	
365	  8	765	  1	
365	 16	765	  1	
365	175	765	  1	
365	569	765	  1	
366	 54	765	  1	
366	168	765	  1	
366	264	765	  1	
366	301	765	  1	
366	392	765	  1	
366	407	765	  1	
367	235	765	  1	
367	355	765	  1	
367	388	765	  1	
367	455	765	  1	
367	543	765	  1	
367	571	765	  1	
368	 61	765	  1	
368	216	765	  1	
368	239	765	  1	
368	266	765	  1	
368	325	765	  1	
368	330	765	  1	
368	343	765	  1	
368	359	765	  1	
368	404	765	  1	
368	418	765	  1	
370	350	765	  1	
370	397	765	  1	
371	 40	765	  1	
371	135	765	  1	
371	232	765	  1	
371	273	765	  1	
372	 74	765	  1	
372	271	765	  1	
373	 56	765	  1	
373	143	765	  1	
373	320	765	  1	
373	407	765	  1	
374	  0	765	  1	
374	 70	765	  1	
374	189	765	  1	
374	271	765	  1	
375	128	765	  1	
375	199	765	  1	
375	206	765	  1	
375	239	765	  1	
375	264	765	  1	
375	343	765	  1	
375	359	765	  1	
375	431	765	  1	
376	  3	765	  1	
376	 23	765	  1	
376	 26	765	  1	
376	 35	765	  1	
376	 48	765	  1	
376	 96	765	  1	
376	208	765	  1	
376	303	765	  1	
376	308	765	  1	
376	368	765	  1	
376	414	765	  1	
377	  0	765	  1	
378	 55	765	  1	
378	279	765	  1	
379	 16	765	  1	
379	 80	765	  1	
379	213	765	  1	
379	264	765	  1	
379	375	765	  1	
380	  7	765	  1	
380	 10	765	  1	
380	191	765	  1	
380	245	765	  1	
381	  1	765	  1	
381	 72	765	  1	
381	126	765	  1	
381	136	765	  1	
382	236	765	  1	
383	 23	765	  1	
383	 96	765	  1	
383	279	765	  1	
383	328	765	  1	
383	371	765	  1	
384	 24	765	  1	
384	 40	765	  1	
384	 47	765	  1	
384	139	765	  1	
384	151	765	  1	
384	192	765	  1	
384	196	765	  1	
384	204	765	  1	
384	247	765	  1	
384	254	765	  1	
384	313	765	  1	
384	320	765	  1	
384	339	765	  1	
385	 63	765	  1	
385	 66	765	  1	
385	 71	765	  1	
385	112	765	  1	
386	207	765	  1	
386	323	765	  1	
387	 15	765	  1	
387	134	765	  1	
387	224	765	  1	
387	440	765	  1	
388	207	765	  1	
389	 14	765	  1	
389	 30	765	  1	
389	376	765	  1	
389	471	765	  1	
390	  7	765	  1	
390	 24	765	  1	
390	 56	765	  1	
390	 87	765	  1	
390	124	765	  1	
390	192	765	  1	
390	251	765	  1	
390	288	765	  1	
391	151	765	  1	
391	240	765	  1	
391	320	765	  1	
391	327	765	  1	
391	336	765	  1	
391	343	765	  1	
392	  0	765	  1	
392	  8	765	  1	
392	 31	765	  1	
392	 48	765	  1	
392	 61	765	  1	
392	 67	765	  1	
392	 83	765	  1	
392	 93	765	  1	
392	104	765	  1	
392	112	765	  1	
392	125	765	  1	
392	176	765	  1	
392	202	765	  1	
392	208	765	  1	
392	224	765	  1	
392	248	765	  1	
392	262	765	  1	
392	357	765	  1	
392	463	765	  1	
392	472	765	  1	
393	108	765	  1	
393	327	765	  1	
394	 88	765	  1	
394	192	765	  1	
394	195	765	  1	
395	 16	765	  1	
395	 24	765	  1	
395	152	765	  1	
395	159	765	  1	
395	255	765	  1	
395	279	765	  1	
395	352	765	  1	
396	182	765	  1	
397	 56	765	  1	
397	144	765	  1	
397	214	765	  1	
397	256	765	  1	
397	376	765	  1	
397	383	765	  1	
398	 13	765	  1	
399	  4	765	  1	
399	  8	765	  1	
399	 31	765	  1	
399	 80	765	  1	
399	109	765	  1	
399	199	765	  1	
399	248	765	  1	
399	306	765	  1	
399	315	765	  1	
400	  0	765	  1	
400	 72	765	  1	
400	 92	765	  1	
400	 96	765	  1	
400	135	765	  1	
400	160	765	  1	
400	184	765	  1	
400	191	765	  1	
400	346	765	  1	
400	359	765	  1	
400	390	765	  1	
402	 32	765	  1	
402	 64	765	  1	
402	166	765	  1	
402	203	765	  1	
402	260	765	  1	
403	 24	765	  1	
403	128	765	  1	
403	215	765	  1	
403	384	765	  1	
405	136	765	  1	
405	152	765	  1	
405	226	765	  1	
406	207	765	  1	
407	 96	765	  1	
407	204	765	  1	
408	  9	765	  1	
408	 19	765	  1	
408	 33	765	  1	
408	 72	765	  1	
408	130	765	  1	
408	170	765	  1	
408	195	765	  1	
408	248	765	  1	
408	264	765	  1	
408	271	765	  1	
408	424	765	  1	
410	430	765	  1	
411	303	765	  1	
412	116	765	  1	
412	205	765	  1	
413	 30	765	  1	
413	104	765	  1	
413	120	765	  1	
413	175	765	  1	
414	 11	765	  1	
414	 20	765	  1	
414	248	765	  1	
414	416	765	  1	
414	423	765	  1	
415	 56	765	  1	
415	 63	765	  1	
415	111	765	  1	
415	227	765	  1	
416	 48	765	  1	
416	 51	765	  1	
416	 81	765	  1	
416	144	765	  1	
416	150	765	  1	
416	195	765	  1	
416	242	765	  1	
416	352	765	  1	
418	104	765	  1	
419	 56	765	  1	
419	112	765	  1	
419	200	765	  1	
419	344	765	  1	
419	431	765	  1	
420	 32	765	  1	
420	 80	765	  1	
421	 15	765	  1	
421	 54	765	  1	
421	128	765	  1	
421	147	765	  1	
421	427	765	  1	
422	 21	765	  1	
422	 28	765	  1	
422	 87	765	  1	
422	384	765	  1	
422	477	765	  1	
423	110	765	  1	
423	119	765	  1	
423	424	765	  1	
424	 51	765	  1	
424	 56	765	  1	
424	 69	765	  1	
424	312	765	  1	
424	319	765	  1	
424	328	765	  1	
424	335	765	  1	
426	 14	765	  1	
427	104	765	  1	
429	 78	765	  1	
429	 92	765	  1	
429	199	765	  1	
429	293	765	  1	
430	 70	765	  1	
430	223	765	  1	
431	315	765	  1	
431	331	765	  1	
432	 33	765	  1	
432	 38	765	  1	
432	 83	765	  1	
432	 96	765	  1	
432	152	765	  1	
432	156	765	  1	
432	164	765	  1	
432	232	765	  1	
432	271	765	  1	
432	326	765	  1	
432	352	765	  1	
432	383	765	  1	
435	264	765	  1	
435	359	765	  1	
436	175	765	  1	
436	328	765	  1	
437	 12	765	  1	
437	 24	765	  1	
437	272	765	  1	
437	279	765	  1	
437	299	765	  1	
438	197	765	  1	
438	235	765	  1	
438	335	765	  1	
439	152	765	  1	
439	179	765	  1	
439	355	765	  1	
439	383	765	  1	
440	  0	765	  1	
440	  5	765	  1	
440	 45	765	  1	
440	 53	765	  1	
440	 58	765	  1	
440	120	765	  1	
440	136	765	  1	
440	184	765	  1	
440	248	765	  1	
443	134	765	  1	
443	255	765	  1	
444	187	765	  1	
445	 40	765	  1	
445	116	765	  1	
445	183	765	  1	
446	312	765	  1	
447	144	765	  1	
447	248	765	  1	
448	 32	765	  1	
448	 68	765	  1	
448	175	765	  1	
448	264	765	  1	
448	456	765	  1	
451	248	765	  1	
453	 80	765	  1	
453	120	765	  1	
453	172	765	  1	
454	 39	765	  1	
454	 69	765	  1	
454	135	765	  1	
455	 16	765	  1	
455	371	765	  1	
455	383	765	  1	
456	 51	765	  1	
456	 55	765	  1	
456	119	765	  1	
456	144	765	  1	
456	184	765	  1	
456	213	765	  1	
456	250	765	  1	
456	304	765	  1	
456	360	765	  1	
457	278	765	  1	
458	309	765	  1	
459	 70	765	  1	
459	151	765	  1	
459	243	765	  1	
460	112	765	  1	
460	167	765	  1	
460	188	765	  1	
461	 31	765	  1	
462	124	765	  1	
462	284	765	  1	
462	453	765	  1	
463	144	765	  1	
463	372	765	  1	
464	 32	765	  1	
464	 88	765	  1	
464	157	765	  1	
464	210	765	  1	
464	260	765	  1	
464	303	765	  1	
464	306	765	  1	
464	319	765	  1	
464	323	765	  1	
467	 48	765	  1	
467	288	765	  1	
467	296	765	  1	
467	315	765	  1	
469	  0	765	  1	
469	 64	765	  1	
469	152	765	  1	
470	 39	765	  1	
471	303	765	  1	
471	320	765	  1	
471	327	765	  1	
472	  8	765	  1	
472	 40	765	  1	
472	 59	765	  1	
472	128	765	  1	
472	171	765	  1	
472	192	765	  1	
472	206	765	  1	
472	216	765	  1	
472	264	765	  1	
472	280	765	  1	
472	287	765	  1	
472	344	765	  1	
474	 94	765	  1	
474	108	765	  1	
476	 12	765	  1	
476	207	765	  1	
477	152	765	  1	
478	 88	765	  1	
479	128	765	  1	
479	168	765	  1	
479	175	765	  1	
479	400	765	  1	
480	 67	765	  1	
480	 74	765	  1	
480	187	765	  1	
480	224	765	  1	
480	310	765	  1	
480	322	765	  1	
480	480	765	  1	
481	280	765	  1	
483	144	765	  1	
483	163	765	  1	
484	174	765	  1	
485	128	765	  1	
485	232	765	  1	
485	336	765	  1	
486	 87	765	  1	
486	200	765	  1	
486	228	765	  1	
486	443	765	  1	
487	 72	765	  1	
487	184	765	  1	
487	191	765	  1	
487	208	765	  1	
487	304	765	  1	
488	  3	765	  1	
488	 34	765	  1	
488	 74	765	  1	
488	 91	765	  1	
488	103	765	  1	
488	112	765	  1	
488	143	765	  1	
488	231	765	  1	
488	240	765	  1	
488	267	765	  1	
488	288	765	  1	
488	295	765	  1	
488	321	765	  1	
488	327	765	  1	
490	208	765	  1	
491	120	765	  1	
491	280	765	  1	
491	368	765	  1	
493	 37	765	  1	
493	327	765	  1	
493	341	765	  1	
493	344	765	  1	
493	349	765	  1	
494	 40	765	  1	
494	 95	765	  1	
494	248	765	  1	
495	  6	765	  1	
495	 32	765	  1	
495	 78	765	  1	
495	291	765	  1	
495	543	765	  1	
496	  8	765	  1	
496	 59	765	  1	
496	 98	765	  1	
496	134	765	  1	
496	143	765	  1	
496	152	765	  1	
496	165	765	  1	
496	192	765	  1	
496	199	765	  1	
496	222	765	  1	
496	285	765	  1	
496	373	765	  1	
498	119	765	  1	
498	144	765	  1	
498	280	765	  1	
499	264	765	  1	
501	304	765	  1	
501	328	765	  1	
502	  0	765	  1	
502	286	765	  1	
502	355	765	  1	
502	368	765	  1	
503	114	765	  1	
503	133	765	  1	
503	139	765	  1	
503	152	765	  1	
503	195	765	  1	
503	222	765	  1	
504	 88	765	  1	
504	100	765	  1	
504	187	765	  1	
504	208	765	  1	
504	215	765	  1	
504	246	765	  1	
504	272	765	  1	
504	280	765	  1	
504	301	765	  1	
504	319	765	  1	
505	224	765	  1	
505	229	765	  1	
506	  0	765	  1	
506	288	765	  1	
509	 88	765	  1	
509	296	765	  1	
510	111	765	  1	
510	190	765	  1	
510	197	765	  1	
510	216	765	  1	
510	314	765	  1	
511	211	765	  1	
512	  7	765	  1	
512	 55	765	  1	
512	 64	765	  1	
512	 71	765	  1	
512	 80	765	  1	
512	 86	765	  1	
512	149	765	  1	
512	181	765	  1	
512	200	765	  1	
512	220	765	  1	
512	253	765	  1	
512	277	765	  1	
512	368	765	  1	
512	388	765	  1	
512	392	765	  1	
512	397	765	  1	
512	420	765	  1	
513	267	765	  1	
513	303	765	  1	
514	142	765	  1	
514	232	765	  1	
515	316	765	  1	
515	376	765	  1	
516	223	765	  1	
516	384	765	  1	
517	144	765	  1	
517	160	765	  1	
517	288	765	  1	
517	328	765	  1	
518	207	765	  1	
518	416	765	  1	
519	  3	765	  1	
519	181	765	  1	
519	399	765	  1	
520	 94	765	  1	
520	104	765	  1	
520	110	765	  1	
520	120	765	  1	
520	124	765	  1	
520	152	765	  1	
520	159	765	  1	
520	172	765	  1	
520	175	765	  1	
520	224	765	  1	
520	248	765	  1	
520	325	765	  1	
520	341	765	  1	
520	360	765	  1	
520	404	765	  1	
521	408	765	  1	
522	 88	765	  1	
522	336	765	  1	
523	144	765	  1	
523	266	765	  1	
523	352	765	  1	
523	359	765	  1	
525	 94	765	  1	
525	107	765	  1	
525	171	765	  1	
525	215	765	  1	
525	223	765	  1	
525	251	765	  1	
525	320	765	  1	
525	368	765	  1	
526	  0	765	  1	
526	128	765	  1	
526	342	765	  1	
526	364	765	  1	
526	399	765	  1	
527	 88	765	  1	
527	155	765	  1	
527	392	765	  1	
527	406	765	  1	
528	160	765	  1	
528	187	765	  1	
528	200	765	  1	
528	295	765	  1	
528	326	765	  1	
528	357	765	  1	
530	134	765	  1	
531	 84	765	  1	
531	104	765	  1	
531	152	765	  1	
531	207	765	  1	
531	280	765	  1	
531	287	765	  1	
532	128	765	  1	
532	434	765	  1	
533	439	765	  1	
534	387	765	  1	
535	 19	765	  1	
535	120	765	  1	
535	133	765	  1	
535	200	765	  1	
535	295	765	  1	
535	472	765	  1	
535	591	765	  1	
536	 59	765	  1	
536	104	765	  1	
536	168	765	  1	
536	211	765	  1	
536	264	765	  1	
536	279	765	  1	
536	335	765	  1	
536	363	765	  1	
536	370	765	  1	
538	156	765	  1	
538	174	765	  1	
539	320	765	  1	
541	110	765	  1	
542	168	765	  1	
542	187	765	  1	
542	196	765	  1	
542	208	765	  1	
543	 56	765	  1	
543	 63	765	  1	
543	271	765	  1	
543	363	765	  1	
544	  7	765	  1	
544	 42	765	  1	
544	 88	765	  1	
544	151	765	  1	
544	176	765	  1	
544	187	765	  1	
544	216	765	  1	
544	237	765	  1	
544	284	765	  1	
544	320	765	  1	
544	352	765	  1	
544	368	765	  1	
544	375	765	  1	
546	  0	765	  1	
546	 39	765	  1	
546	144	765	  1	
546	232	765	  1	
546	254	765	  1	
547	 96	765	  1	
547	191	765	  1	
547	280	765	  1	
547	288	765	  1	
547	304	765	  1	
549	195	765	  1	
550	 29	765	  1	
550	 47	765	  1	
550	 95	765	  1	
550	236	765	  1	
551	  7	765	  1	
551	151	765	  1	
551	176	765	  1	
551	184	765	  1	
551	191	765	  1	
551	232	765	  1	
551	320	765	  1	
551	365	765	  1	
551	371	765	  1	
551	519	765	  1	
552	116	765	  1	
552	132	765	  1	
552	145	765	  1	
552	198	765	  1	
552	213	765	  1	
552	228	765	  1	
552	352	765	  1	
552	393	765	  1	
552	440	765	  1	
553	293	765	  1	
554	206	765	  1	
554	399	765	  1	
555	  8	765	  1	
555	112	765	  1	
555	120	765	  1	
555	163	765	  1	
555	172	765	  1	
555	256	765	  1	
556	100	765	  1	
556	160	765	  1	
556	274	765	  1	
556	443	765	  1	
557	223	765	  1	
557	240	765	  1	
558	  5	765	  1	
558	131	765	  1	
558	423	765	  1	
559	119	765	  1	
559	198	765	  1	
559	431	765	  1	
560	 80	765	  1	
560	 87	765	  1	
560	104	765	  1	
560	172	765	  1	
560	210	765	  1	
560	231	765	  1	
560	237	765	  1	
560	253	765	  1	
560	320	765	  1	
560	330	765	  1	
560	352	765	  1	
560	370	765	  1	
560	375	765	  1	
561	 48	765	  1	
563	  8	765	  1	
563	 15	765	  1	
563	168	765	  1	
563	192	765	  1	
563	199	765	  1	
563	224	765	  1	
564	270	765	  1	
565	  6	765	  1	
565	 95	765	  1	
565	218	765	  1	
565	223	765	  1	
565	248	765	  1	
566	370	765	  1	
567	 83	765	  1	
567	104	765	  1	
567	147	765	  1	
567	231	765	  1	
567	359	765	  1	
567	375	765	  1	
567	427	765	  1	
568	 72	765	  1	
568	 79	765	  1	
568	269	765	  1	
568	280	765	  1	
568	311	765	  1	
568	447	765	  1	
569	408	765	  1	
570	160	765	  1	
570	290	765	  1	
570	323	765	  1	
570	395	765	  1	
571	208	765	  1	
571	263	765	  1	
571	295	765	  1	
571	456	765	  1	
571	495	765	  1	
573	255	765	  1	
574	 48	765	  1	
574	412	765	  1	
575	 75	765	  1	
575	232	765	  1	
575	320	765	  1	
575	440	765	  1	
575	487	765	  1	
576	136	765	  1	
576	211	765	  1	
576	216	765	  1	
576	220	765	  1	
576	247	765	  1	
576	269	765	  1	
576	290	765	  1	
576	295	765	  1	
576	495	765	  1	
579	 94	765	  1	
579	261	765	  1	
582	 88	765	  1	
582	277	765	  1	
582	303	765	  1	
583	136	765	  1	
583	208	765	  1	
583	215	765	  1	
583	350	765	  1	
583	355	765	  1	
584	 30	765	  1	
584	 59	765	  1	
584	 96	765	  1	
584	106	765	  1	
584	189	765	  1	
584	200	765	  1	
584	207	765	  1	
584	232	765	  1	
584	267	765	  1	
584	280	765	  1	
584	320	765	  1	
584	359	765	  1	
585	 88	765	  1	
585	 93	765	  1	
588	152	765	  1	
588	190	765	  1	
588	311	765	  1	
589	  0	765	  1	
589	327	765	  1	
590	108	765	  1	
591	 56	765	  1	
591	 63	765	  1	
591	358	765	  1	
591	504	765	  1	
592	 72	765	  1	
592	 80	765	  1	
592	 88	765	  1	
592	115	765	  1	
592	124	765	  1	
592	128	765	  1	
592	160	765	  1	
592	168	765	  1	
592	195	765	  1	
592	203	765	  1	
592	213	765	  1	
592	226	765	  1	
592	236	765	  1	
592	240	765	  1	
592	290	765	  1	
592	351	765	  1	
592	536	765	  1	
593	 71	765	  1	
593	204	765	  1	
594	 96	765	  1	
595	 79	765	  1	
595	171	765	  1	
595	191	765	  1	
595	246	765	  1	
595	320	765	  1	
596	144	765	  1	
596	200	765	  1	
596	295	765	  1	
596	354	765	  1	
597	102	765	  1	
597	232	765	  1	
598	135	765	  1	
598	168	765	  1	
598	183	765	  1	
598	240	765	  1	
598	352	765	  1	
598	512	765	  1	
599	 31	765	  1	
599	 40	765	  1	
599	 72	765	  1	
599	 96	765	  1	
599	111	765	  1	
599	114	765	  1	
599	192	765	  1	
599	199	765	  1	
599	207	765	  1	
600	  2	765	  1	
600	 52	765	  1	
600	 63	765	  1	
600	 95	765	  1	
600	128	765	  1	
600	208	765	  1	
600	244	765	  1	
600	266	765	  1	
600	276	765	  1	
600	296	765	  1	
600	344	765	  1	
600	355	765	  1	
600	360	765	  1	
600	376	765	  1	
600	384	765	  1	
600	391	765	  1	
600	545	765	  1	
602	213	765	  1	
603	253	765	  1	
603	272	765	  1	
603	367	765	  1	
604	232	765	  1	
605	135	765	  1	
605	230	765	  1	
605	264	765	  1	
605	349	765	  1	
605	419	765	  1	
607	 52	765	  1	
607	 80	765	  1	
607	 95	765	  1	
607	352	765	  1	
607	359	765	  1	
608	101	765	  1	
608	136	765	  1	
608	144	765	  1	
608	162	765	  1	
608	167	765	  1	
608	189	765	  1	
608	281	765	  1	
608	317	765	  1	
608	494	765	  1	
610	380	765	  1	
610	569	765	  1	
611	430	765	  1	
613	103	765	  1	
614	289	765	  1	
614	344	765	  1	
615	144	765	  1	
615	208	765	  1	
615	552	765	  1	
616	106	765	  1	
616	112	765	  1	
616	136	765	  1	
616	143	765	  1	
616	250	765	  1	
616	258	765	  1	
616	328	765	  1	
616	335	765	  1	
619	 56	765	  1	
619	118	765	  1	
619	224	765	  1	
619	261	765	  1	
619	331	765	  1	
621	212	765	  1	
622	298	765	  1	
622	317	765	  1	
623	231	765	  1	
623	328	765	  1	
623	335	765	  1	
624	  0	765	  1	
624	 42	765	  1	
624	112	765	  1	
624	129	765	  1	
624	191	765	  1	
624	336	765	  1	
624	343	765	  1	
624	400	765	  1	
624	407	765	  1	
624	560	765	  1	
625	363	765	  1	
626	103	765	  1	
627	212	765	  1	
630	118	765	  1	
631	 64	765	  1	
631	 71	765	  1	
631	 88	765	  1	
631	248	765	  1	
631	255	765	  1	
631	339	765	  1	
631	421	765	  1	
632	152	765	  1	
632	159	765	  1	
632	175	765	  1	
632	192	765	  1	
632	205	765	  1	
632	211	765	  1	
632	242	765	  1	
632	263	765	  1	
632	360	765	  1	
633	296	765	  1	
634	215	765	  1	
635	168	765	  1	
635	256	765	  1	
635	573	765	  1	
637	203	765	  1	
637	255	765	  1	
638	 53	765	  1	
638	271	765	  1	
639	120	765	  1	
639	127	765	  1	
639	263	765	  1	
640	 79	765	  1	
640	106	765	  1	
640	110	765	  1	
640	200	765	  1	
640	229	765	  1	
640	277	765	  1	
640	285	765	  1	
640	351	765	  1	
640	591	765	  1	
641	168	765	  1	
642	152	765	  1	
642	157	765	  1	
643	224	765	  1	
643	272	765	  1	
643	295	765	  1	
644	238	765	  1	
645	174	765	  1	
647	168	765	  1	
647	191	765	  1	
647	216	765	  1	
648	  3	765	  1	
648	 56	765	  1	
648	 93	765	  1	
648	133	765	  1	
648	215	765	  1	
648	296	765	  1	
648	354	765	  1	
648	360	765	  1	
650	 77	765	  1	
650	208	765	  1	
651	141	765	  1	
654	128	765	  1	
655	  7	765	  1	
655	107	765	  1	
655	136	765	  1	
656	 87	765	  1	
656	123	765	  1	
656	144	765	  1	
656	227	765	  1	
656	254	765	  1	
656	259	765	  1	
656	319	765	  1	
660	335	765	  1	
661	192	765	  1	
661	306	765	  1	
662	 75	765	  1	
663	 87	765	  1	
663	254	765	  1	
663	263	765	  1	
664	176	765	  1	
664	267	765	  1	
665	256	765	  1	
671	 86	765	  1	
672	197	765	  1	
672	278	765	  1	
672	367	765	  1	
674	174	765	  1	
676	192	765	  1	
678	 72	765	  1	
679	168	765	  1	
680	204	765	  1	
680	335	765	  1	
682	195	765	  1	
683	471	765	  1	
687	352	765	  1	
687	363	765	  1	
688	176	765	  1	
688	243	765	  1	
695	 79	765	  1	
695	135	765	  1	
703	264	765	  1	
706	196	765	  1	
709	271	765	  1	
710	 93	765	  1	
710	237	765	  1	
728	159	765	  1	
732	391	765	  1	
738	268	765	  1	
744	423	765	  1	
757	  0	765	  1	
