# 
#  Image file: Goad2_T0140.jpg
#  Applied threshold: 575
#  Algorithm used: fill2                 
#  Particle count: 1612
#  Location (x,y), max luminance, and mass:
# 
  0	168	765	  1	
 11	173	765	  1	
 15	168	765	  1	
 18	493	765	  1	
 19	282	765	  1	
 20	328	765	  1	
 20	411	765	  1	
 25	416	765	  1	
 26	414	765	  1	
 27	186	765	  1	
 27	412	765	  1	
 27	439	765	  1	
 31	367	765	  1	
 35	140	765	  1	
 36	554	765	  1	
 39	120	765	  1	
 39	279	765	  1	
 39	344	765	  1	
 40	267	765	  1	
 47	268	765	  1	
 47	279	765	  1	
 48	255	765	  1	
 50	579	765	  1	
 53	109	765	  1	
 55	203	765	  1	
 55	254	765	  1	
 56	262	765	  1	
 56	272	765	  1	
 56	351	765	  1	
 58	276	765	  1	
 63	101	765	  1	
 63	262	765	  1	
 64	104	765	  1	
 71	 71	765	  1	
 74	144	765	  1	
 76	561	765	  1	
 79	368	765	  1	
 79	384	765	  1	
 80	432	765	  1	
 87	296	765	  1	
 88	 31	765	  1	
 97	125	765	  1	
 99	280	765	  1	
102	322	765	  1	
103	130	765	  1	
103	135	765	  1	
103	184	765	  1	
104	288	765	  1	
107	271	765	  1	
111	295	765	  1	
112	120	765	  1	
112	283	765	  1	
112	429	765	  1	
113	408	765	  1	
115	144	765	  1	
117	415	765	  1	
118	123	765	  1	
119	280	765	  1	
119	287	765	  1	
120	128	765	  1	
120	375	765	  1	
123	  0	765	  1	
123	307	765	  1	
123	495	765	  1	
125	128	765	  1	
125	415	765	  1	
126	256	765	  1	
127	100	765	  1	
127	232	765	  1	
127	363	765	  1	
127	408	765	  1	
127	422	765	  1	
127	535	765	  1	
128	143	765	  1	
128	168	765	  1	
130	  0	765	  1	
130	107	765	  1	
130	293	765	  1	
131	175	765	  1	
131	240	765	  1	
131	263	765	  1	
132	303	765	  1	
132	455	765	  1	
133	152	765	  1	
133	200	765	  1	
134	 13	765	  1	
135	168	765	  1	
135	256	765	  1	
136	 88	765	  1	
136	138	765	  1	
136	143	765	  1	
138	359	765	  1	
138	461	765	  1	
139	  7	765	  1	
142	 90	765	  1	
142	128	765	  1	
142	138	765	  1	
142	308	765	  1	
142	444	765	  1	
143	  0	765	  1	
143	143	765	  1	
143	232	765	  1	
143	520	765	  1	
144	 48	765	  1	
144	 55	765	  1	
144	551	765	  1	
145	208	765	  1	
146	248	765	  1	
147	272	765	  1	
147	327	765	  1	
150	346	765	  1	
150	357	765	  1	
151	 48	765	  1	
151	 55	765	  1	
151	111	765	  1	
151	392	765	  1	
152	152	765	  1	
152	186	765	  1	
152	200	765	  1	
152	351	765	  1	
152	419	765	  1	
154	158	765	  1	
154	249	765	  1	
155	 23	765	  1	
155	215	765	  1	
155	400	765	  1	
156	191	765	  1	
156	206	765	  1	
156	392	765	  1	
157	152	765	  1	
158	184	765	  1	
159	111	765	  1	
159	158	765	  1	
159	255	765	  1	
159	267	765	  1	
159	344	765	  1	
159	349	765	  1	
159	407	765	  1	
160	 48	765	  1	
160	 55	765	  1	
160	131	765	  1	
160	144	765	  1	
160	208	765	  1	
160	294	765	  1	
160	338	765	  1	
160	473	765	  1	
162	376	765	  1	
163	280	765	  1	
164	264	765	  1	
164	384	765	  1	
165	104	765	  1	
166	292	765	  1	
166	391	765	  1	
166	518	765	  1	
167	 51	765	  1	
167	144	765	  1	
167	183	765	  1	
167	208	765	  1	
168	140	765	  1	
168	171	765	  1	
168	224	765	  1	
168	231	765	  1	
168	296	765	  1	
168	422	765	  1	
170	130	765	  1	
171	303	765	  1	
173	136	765	  1	
174	 53	765	  1	
175	168	765	  1	
175	175	765	  1	
175	296	765	  1	
175	472	765	  1	
176	  4	765	  1	
176	 47	765	  1	
176	208	765	  1	
176	225	765	  1	
176	232	765	  1	
176	326	765	  1	
176	392	765	  1	
177	112	765	  1	
178	184	765	  1	
179	256	765	  1	
179	399	765	  1	
180	198	765	  1	
181	189	765	  1	
181	229	765	  1	
181	238	765	  1	
181	408	765	  1	
182	224	765	  1	
183	 47	765	  1	
183	118	765	  1	
183	392	765	  1	
184	110	765	  1	
184	120	765	  1	
184	127	765	  1	
184	160	765	  1	
184	254	765	  1	
184	336	765	  1	
184	358	765	  1	
184	402	765	  1	
184	535	765	  1	
186	319	765	  1	
189	392	765	  1	
190	 87	765	  1	
190	340	765	  1	
191	110	765	  1	
191	123	765	  1	
191	396	765	  1	
192	 31	765	  1	
192	203	765	  1	
192	239	765	  1	
192	330	765	  1	
192	423	765	  1	
192	543	765	  1	
194	125	765	  1	
195	256	765	  1	
196	  8	765	  1	
196	535	765	  1	
197	 79	765	  1	
197	274	765	  1	
198	541	765	  1	
199	163	765	  1	
199	327	765	  1	
199	383	765	  1	
199	420	765	  1	
199	495	765	  1	
200	 24	765	  1	
200	 94	765	  1	
200	112	765	  1	
200	119	765	  1	
200	133	765	  1	
200	174	765	  1	
200	319	765	  1	
200	322	765	  1	
200	368	765	  1	
200	387	765	  1	
201	343	765	  1	
202	168	765	  1	
203	 27	765	  1	
204	  7	765	  1	
204	134	765	  1	
204	368	765	  1	
205	272	765	  1	
206	 96	765	  1	
206	391	765	  1	
207	172	765	  1	
208	 35	765	  1	
208	 47	765	  1	
208	160	765	  1	
208	360	765	  1	
209	471	765	  1	
211	176	765	  1	
211	535	765	  1	
214	 31	765	  1	
215	 39	765	  1	
215	 47	765	  1	
215	 96	765	  1	
215	160	765	  1	
216	 64	765	  1	
216	163	765	  1	
216	384	765	  1	
216	527	765	  1	
218	109	765	  1	
219	104	765	  1	
219	391	765	  1	
221	499	765	  1	
222	252	765	  1	
223	160	765	  1	
223	167	765	  1	
223	232	765	  1	
223	384	765	  1	
224	  7	765	  1	
224	 16	765	  1	
224	 71	765	  1	
224	 88	765	  1	
224	143	765	  1	
224	272	765	  1	
224	279	765	  1	
224	295	765	  1	
224	347	765	  1	
224	352	765	  1	
224	368	765	  1	
224	376	765	  1	
224	383	765	  1	
224	416	765	  1	
224	423	765	  1	
224	544	765	  1	
224	568	765	  1	
224	573	765	  1	
226	432	765	  1	
227	  8	765	  1	
228	 42	765	  1	
228	127	765	  1	
229	  2	765	  1	
230	308	765	  1	
231	 47	765	  1	
231	211	765	  1	
231	239	765	  1	
231	275	765	  1	
232	 16	765	  1	
232	 80	765	  1	
232	 94	765	  1	
232	130	765	  1	
232	138	765	  1	
232	163	765	  1	
232	208	765	  1	
232	214	765	  1	
232	331	765	  1	
232	432	765	  1	
232	439	765	  1	
232	596	765	  1	
233	150	765	  1	
234	255	765	  1	
235	 72	765	  1	
235	120	765	  1	
236	143	765	  1	
237	 47	765	  1	
237	 55	765	  1	
237	 88	765	  1	
237	167	765	  1	
237	357	765	  1	
237	443	765	  1	
238	112	765	  1	
238	119	765	  1	
238	326	765	  1	
239	136	765	  1	
239	435	765	  1	
240	  0	765	  1	
240	 30	765	  1	
240	 96	765	  1	
240	103	765	  1	
240	120	765	  1	
240	132	765	  1	
240	189	765	  1	
240	302	765	  1	
240	392	765	  1	
241	344	765	  1	
242	232	765	  1	
243	104	765	  1	
243	127	765	  1	
245	443	765	  1	
246	 16	765	  1	
247	 30	765	  1	
247	 96	765	  1	
247	120	765	  1	
248	 10	765	  1	
248	 49	765	  1	
248	 72	765	  1	
248	112	765	  1	
248	155	765	  1	
248	171	765	  1	
248	176	765	  1	
248	183	765	  1	
248	272	765	  1	
248	376	765	  1	
248	383	765	  1	
248	480	765	  1	
248	487	765	  1	
248	591	765	  1	
249	 69	765	  1	
250	  5	765	  1	
250	119	765	  1	
250	133	765	  1	
250	286	765	  1	
252	404	765	  1	
253	  8	765	  1	
253	 15	765	  1	
253	 59	765	  1	
253	 74	765	  1	
253	168	765	  1	
253	187	765	  1	
254	139	765	  1	
254	360	765	  1	
254	411	765	  1	
255	 48	765	  1	
255	152	765	  1	
255	159	765	  1	
255	179	765	  1	
255	272	765	  1	
255	379	765	  1	
255	483	765	  1	
255	496	765	  1	
255	591	765	  1	
256	 99	765	  1	
256	146	765	  1	
256	195	765	  1	
256	216	765	  1	
256	223	765	  1	
256	237	765	  1	
256	250	765	  1	
256	269	765	  1	
256	280	765	  1	
256	310	765	  1	
256	414	765	  1	
256	421	765	  1	
256	432	765	  1	
256	518	765	  1	
256	545	765	  1	
257	293	765	  1	
258	360	765	  1	
258	379	765	  1	
259	 26	765	  1	
259	117	765	  1	
260	 52	765	  1	
260	151	765	  1	
260	416	765	  1	
262	 63	765	  1	
262	144	765	  1	
262	516	765	  1	
262	546	765	  1	
263	112	765	  1	
263	192	765	  1	
263	199	765	  1	
263	219	765	  1	
263	399	765	  1	
264	 39	765	  1	
264	184	765	  1	
264	189	765	  1	
264	210	765	  1	
264	240	765	  1	
264	384	765	  1	
264	405	765	  1	
264	419	765	  1	
265	208	765	  1	
266	167	765	  1	
266	365	765	  1	
266	390	765	  1	
266	400	765	  1	
267	262	765	  1	
267	408	765	  1	
267	448	765	  1	
268	 46	765	  1	
268	 72	765	  1	
268	159	765	  1	
269	480	765	  1	
269	487	765	  1	
269	555	765	  1	
270	 27	765	  1	
270	 40	765	  1	
270	148	765	  1	
270	189	765	  1	
270	360	765	  1	
270	384	765	  1	
270	520	765	  1	
271	167	765	  1	
271	256	765	  1	
271	400	765	  1	
271	416	765	  1	
271	423	765	  1	
272	  0	765	  1	
272	 14	765	  1	
272	 67	765	  1	
272	 79	765	  1	
272	 96	765	  1	
272	112	765	  1	
272	134	765	  1	
272	199	765	  1	
272	219	765	  1	
272	248	765	  1	
272	357	765	  1	
272	415	765	  1	
272	431	765	  1	
272	463	765	  1	
272	472	765	  1	
272	530	765	  1	
272	536	765	  1	
272	542	765	  1	
273	167	765	  1	
274	117	765	  1	
275	 88	765	  1	
275	200	765	  1	
275	255	765	  1	
275	456	765	  1	
276	528	765	  1	
277	102	765	  1	
278	132	765	  1	
278	248	765	  1	
278	400	765	  1	
278	479	765	  1	
279	 75	765	  1	
279	192	765	  1	
279	216	765	  1	
279	223	765	  1	
279	413	765	  1	
279	463	765	  1	
280	 24	765	  1	
280	 34	765	  1	
280	 80	765	  1	
280	141	765	  1	
280	154	765	  1	
280	213	765	  1	
280	283	765	  1	
280	288	765	  1	
280	426	765	  1	
280	520	765	  1	
280	534	765	  1	
282	162	765	  1	
283	448	765	  1	
283	455	765	  1	
285	 38	765	  1	
285	172	765	  1	
285	184	765	  1	
285	224	765	  1	
285	254	765	  1	
286	431	765	  1	
287	 24	765	  1	
287	112	765	  1	
287	280	765	  1	
288	 32	765	  1	
288	 88	765	  1	
288	104	765	  1	
288	237	765	  1	
288	247	765	  1	
288	294	765	  1	
288	352	765	  1	
288	357	765	  1	
288	392	765	  1	
288	432	765	  1	
288	440	765	  1	
288	444	765	  1	
288	504	765	  1	
289	287	765	  1	
289	290	765	  1	
290	 72	765	  1	
290	121	765	  1	
290	134	765	  1	
290	511	765	  1	
291	 31	765	  1	
291	111	765	  1	
291	208	765	  1	
291	221	765	  1	
291	399	765	  1	
291	414	765	  1	
291	439	765	  1	
292	 37	765	  1	
293	156	765	  1	
293	232	765	  1	
294	 88	765	  1	
294	314	765	  1	
294	354	765	  1	
294	359	765	  1	
295	 24	765	  1	
295	104	765	  1	
295	168	765	  1	
295	243	765	  1	
295	299	765	  1	
295	392	765	  1	
295	432	765	  1	
295	504	765	  1	
296	  0	765	  1	
296	  7	765	  1	
296	 56	765	  1	
296	 64	765	  1	
296	147	765	  1	
296	251	765	  1	
296	376	765	  1	
296	383	765	  1	
297	 24	765	  1	
299	 63	765	  1	
299	118	765	  1	
299	128	765	  1	
299	192	765	  1	
299	352	765	  1	
299	547	765	  1	
300	  3	765	  1	
300	 54	765	  1	
301	 70	765	  1	
301	166	765	  1	
301	288	765	  1	
302	 48	765	  1	
303	 56	765	  1	
303	104	765	  1	
303	132	765	  1	
303	152	765	  1	
303	323	765	  1	
303	359	765	  1	
303	464	765	  1	
304	 28	765	  1	
304	127	765	  1	
304	136	765	  1	
304	181	765	  1	
304	368	765	  1	
304	403	765	  1	
304	573	765	  1	
306	160	765	  1	
306	304	765	  1	
307	120	765	  1	
307	375	765	  1	
307	531	765	  1	
309	150	765	  1	
309	188	765	  1	
309	343	765	  1	
310	166	765	  1	
310	256	765	  1	
310	419	765	  1	
311	 19	765	  1	
311	127	765	  1	
311	136	765	  1	
311	320	765	  1	
311	368	765	  1	
311	400	765	  1	
311	407	765	  1	
312	 56	765	  1	
312	 72	765	  1	
312	101	765	  1	
312	123	765	  1	
312	168	765	  1	
312	205	765	  1	
312	210	765	  1	
312	312	765	  1	
312	374	765	  1	
312	551	765	  1	
313	111	765	  1	
314	 34	765	  1	
314	472	765	  1	
314	576	765	  1	
315	 39	765	  1	
315	 79	765	  1	
315	144	765	  1	
315	591	765	  1	
316	262	765	  1	
316	486	765	  1	
317	  0	765	  1	
317	184	765	  1	
317	191	765	  1	
317	208	765	  1	
317	215	765	  1	
317	319	765	  1	
317	355	765	  1	
318	480	765	  1	
319	 72	765	  1	
319	101	765	  1	
319	374	765	  1	
319	576	765	  1	
320	 14	765	  1	
320	104	765	  1	
320	147	765	  1	
320	157	765	  1	
320	165	765	  1	
320	171	765	  1	
320	179	765	  1	
320	302	765	  1	
320	328	765	  1	
320	334	765	  1	
320	411	765	  1	
320	416	765	  1	
320	495	765	  1	
320	535	765	  1	
321	  8	765	  1	
322	110	765	  1	
323	 70	765	  1	
323	128	765	  1	
323	336	765	  1	
323	422	765	  1	
323	528	765	  1	
323	546	765	  1	
325	331	765	  1	
326	104	765	  1	
326	200	765	  1	
326	204	765	  1	
327	296	765	  1	
327	535	765	  1	
328	  0	765	  1	
328	 75	765	  1	
328	141	765	  1	
328	280	765	  1	
328	336	765	  1	
328	355	765	  1	
328	362	765	  1	
328	367	765	  1	
328	379	765	  1	
328	387	765	  1	
328	448	765	  1	
328	579	765	  1	
331	184	765	  1	
331	512	765	  1	
332	410	765	  1	
333	 80	765	  1	
333	432	765	  1	
333	475	765	  1	
335	 72	765	  1	
335	171	765	  1	
335	280	765	  1	
335	355	765	  1	
335	448	765	  1	
336	 19	765	  1	
336	 56	765	  1	
336	 69	765	  1	
336	104	765	  1	
336	134	765	  1	
336	205	765	  1	
336	222	765	  1	
336	269	765	  1	
336	291	765	  1	
336	349	765	  1	
336	375	765	  1	
337	560	765	  1	
338	131	765	  1	
338	216	765	  1	
339	439	765	  1	
341	240	765	  1	
341	264	765	  1	
342	211	765	  1	
342	372	765	  1	
343	104	765	  1	
343	327	765	  1	
343	432	765	  1	
344	 20	765	  1	
344	 41	765	  1	
344	 62	765	  1	
344	 77	765	  1	
344	115	765	  1	
344	141	765	  1	
344	152	765	  1	
344	189	765	  1	
344	208	765	  1	
344	248	765	  1	
344	416	765	  1	
344	423	765	  1	
344	459	765	  1	
344	539	765	  1	
347	 88	765	  1	
347	109	765	  1	
347	208	765	  1	
347	238	765	  1	
347	262	765	  1	
347	463	765	  1	
348	 56	765	  1	
349	136	765	  1	
349	227	765	  1	
349	327	765	  1	
349	430	765	  1	
351	132	765	  1	
351	152	765	  1	
351	419	765	  1	
352	 83	765	  1	
352	 96	765	  1	
352	100	765	  1	
352	176	765	  1	
352	200	765	  1	
352	214	765	  1	
352	304	765	  1	
352	392	765	  1	
352	406	765	  1	
352	564	765	  1	
355	 54	765	  1	
355	 64	765	  1	
355	143	765	  1	
355	208	765	  1	
355	232	765	  1	
355	424	765	  1	
356	134	765	  1	
356	398	765	  1	
357	 72	765	  1	
357	306	765	  1	
358	 43	765	  1	
358	128	765	  1	
358	215	765	  1	
358	373	765	  1	
359	256	765	  1	
359	431	765	  1	
360	 47	765	  1	
360	 61	765	  1	
360	 90	765	  1	
360	 95	765	  1	
360	155	765	  1	
360	272	765	  1	
360	312	765	  1	
360	328	765	  1	
360	335	765	  1	
360	367	765	  1	
360	455	765	  1	
361	223	765	  1	
362	 96	765	  1	
362	107	765	  1	
362	279	765	  1	
363	  0	765	  1	
363	170	765	  1	
363	319	765	  1	
363	448	765	  1	
364	271	765	  1	
365	128	765	  1	
365	135	765	  1	
365	256	765	  1	
366	 93	765	  1	
366	102	765	  1	
366	272	765	  1	
367	 72	765	  1	
367	 88	765	  1	
367	216	765	  1	
367	269	765	  1	
367	312	765	  1	
367	331	765	  1	
367	455	765	  1	
368	 16	765	  1	
368	 22	765	  1	
368	 36	765	  1	
368	 48	765	  1	
368	 55	765	  1	
368	136	765	  1	
368	149	765	  1	
368	376	765	  1	
368	383	765	  1	
368	392	765	  1	
368	451	765	  1	
368	458	765	  1	
369	109	765	  1	
370	 92	765	  1	
370	139	765	  1	
371	356	765	  1	
373	 19	765	  1	
373	 31	765	  1	
373	 64	765	  1	
373	148	765	  1	
374	125	765	  1	
374	191	765	  1	
375	118	765	  1	
375	250	765	  1	
375	379	765	  1	
375	448	765	  1	
375	455	765	  1	
376	 43	765	  1	
376	123	765	  1	
376	128	765	  1	
376	152	765	  1	
376	279	765	  1	
376	288	765	  1	
376	303	765	  1	
376	306	765	  1	
376	402	765	  1	
379	184	765	  1	
380	270	765	  1	
381	 54	765	  1	
382	 15	765	  1	
382	288	765	  1	
382	327	765	  1	
383	108	765	  1	
383	128	765	  1	
383	151	765	  1	
383	216	765	  1	
383	279	765	  1	
384	 30	765	  1	
384	 74	765	  1	
384	271	765	  1	
384	455	765	  1	
384	496	765	  1	
385	110	765	  1	
385	117	765	  1	
385	298	765	  1	
386	128	765	  1	
387	136	765	  1	
389	 27	765	  1	
389	 32	765	  1	
389	 88	765	  1	
389	235	765	  1	
390	463	765	  1	
391	 40	765	  1	
391	312	765	  1	
391	472	765	  1	
392	 39	765	  1	
392	 48	765	  1	
392	 56	765	  1	
392	104	765	  1	
392	232	765	  1	
392	307	765	  1	
392	360	765	  1	
393	 20	765	  1	
393	 78	765	  1	
394	 88	765	  1	
394	302	765	  1	
395	 96	765	  1	
395	239	765	  1	
395	289	765	  1	
396	499	765	  1	
397	118	765	  1	
397	384	765	  1	
398	 34	765	  1	
398	 94	765	  1	
398	275	765	  1	
399	171	765	  1	
399	232	765	  1	
400	 77	765	  1	
400	 83	765	  1	
400	 88	765	  1	
400	 99	765	  1	
400	125	765	  1	
400	136	765	  1	
400	214	765	  1	
400	256	765	  1	
400	270	765	  1	
400	286	765	  1	
401	346	765	  1	
402	120	765	  1	
403	140	765	  1	
403	400	765	  1	
404	227	765	  1	
404	463	765	  1	
405	222	765	  1	
406	126	765	  1	
406	268	765	  1	
407	152	765	  1	
407	214	765	  1	
407	448	765	  1	
408	 34	765	  1	
408	107	765	  1	
408	312	765	  1	
408	415	765	  1	
408	426	765	  1	
408	586	765	  1	
408	591	765	  1	
409	  0	765	  1	
409	258	765	  1	
410	431	765	  1	
411	 32	765	  1	
413	262	765	  1	
413	410	765	  1	
414	 72	765	  1	
414	128	765	  1	
414	312	765	  1	
414	331	765	  1	
416	  0	765	  1	
416	 91	765	  1	
416	100	765	  1	
416	104	765	  1	
416	168	765	  1	
416	207	765	  1	
416	211	765	  1	
416	232	765	  1	
416	256	765	  1	
416	274	765	  1	
416	286	765	  1	
416	298	765	  1	
416	306	765	  1	
416	311	765	  1	
416	367	765	  1	
416	488	765	  1	
417	 51	765	  1	
417	136	765	  1	
419	 27	765	  1	
419	 32	765	  1	
419	 70	765	  1	
419	200	765	  1	
419	239	765	  1	
420	303	765	  1	
421	120	765	  1	
421	424	765	  1	
421	431	765	  1	
422	296	765	  1	
422	304	765	  1	
422	309	765	  1	
422	488	765	  1	
423	207	765	  1	
423	215	765	  1	
423	232	765	  1	
423	286	765	  1	
423	411	765	  1	
424	 16	765	  1	
424	 82	765	  1	
424	 88	765	  1	
424	147	765	  1	
424	153	765	  1	
424	216	765	  1	
424	224	765	  1	
424	230	765	  1	
424	274	765	  1	
424	279	765	  1	
424	509	765	  1	
426	159	765	  1	
426	328	765	  1	
427	 95	765	  1	
427	192	765	  1	
427	252	765	  1	
428	279	765	  1	
428	320	765	  1	
429	 19	765	  1	
429	 30	765	  1	
430	187	765	  1	
430	319	765	  1	
431	 96	765	  1	
431	248	765	  1	
431	331	765	  1	
432	 33	765	  1	
432	112	765	  1	
432	134	765	  1	
432	156	765	  1	
432	168	765	  1	
432	176	765	  1	
432	219	765	  1	
432	311	765	  1	
432	320	765	  1	
432	352	765	  1	
432	472	765	  1	
434	216	765	  1	
434	376	765	  1	
435	 39	765	  1	
435	144	765	  1	
435	304	765	  1	
437	 63	765	  1	
437	124	765	  1	
437	227	765	  1	
437	272	765	  1	
438	 34	765	  1	
438	356	765	  1	
439	158	765	  1	
439	172	765	  1	
439	220	765	  1	
439	231	765	  1	
439	311	765	  1	
439	503	765	  1	
439	567	765	  1	
440	  0	765	  1	
440	 51	765	  1	
440	 83	765	  1	
440	 95	765	  1	
440	101	765	  1	
440	112	765	  1	
440	135	765	  1	
440	216	765	  1	
440	270	765	  1	
440	304	765	  1	
442	223	765	  1	
443	 88	765	  1	
445	 80	765	  1	
445	256	765	  1	
446	216	765	  1	
447	  5	765	  1	
447	 95	765	  1	
447	307	765	  1	
448	 35	765	  1	
448	 55	765	  1	
448	 59	765	  1	
448	 64	765	  1	
448	 75	765	  1	
448	106	765	  1	
448	134	765	  1	
448	144	765	  1	
448	208	765	  1	
448	215	765	  1	
448	240	765	  1	
448	246	765	  1	
448	268	765	  1	
448	294	765	  1	
448	320	765	  1	
450	 48	765	  1	
450	 87	765	  1	
451	327	765	  1	
452	211	765	  1	
452	280	765	  1	
453	  0	765	  1	
453	 95	765	  1	
453	243	765	  1	
453	295	765	  1	
454	 67	765	  1	
454	 80	765	  1	
455	 55	765	  1	
455	 72	765	  1	
455	320	765	  1	
456	  8	765	  1	
456	 31	765	  1	
456	 39	765	  1	
456	120	765	  1	
456	141	765	  1	
456	194	765	  1	
456	200	765	  1	
456	224	765	  1	
456	230	765	  1	
456	259	765	  1	
456	272	765	  1	
456	296	765	  1	
456	304	765	  1	
456	331	765	  1	
458	136	765	  1	
459	 72	765	  1	
459	335	765	  1	
461	  0	765	  1	
461	  7	765	  1	
461	 56	765	  1	
461	160	765	  1	
461	167	765	  1	
461	176	765	  1	
461	192	765	  1	
461	199	765	  1	
461	227	765	  1	
461	278	765	  1	
461	302	765	  1	
461	312	765	  1	
462	142	765	  1	
462	288	765	  1	
462	328	765	  1	
463	 21	765	  1	
463	 29	765	  1	
463	 79	765	  1	
463	120	765	  1	
464	  8	765	  1	
464	 50	765	  1	
464	 88	765	  1	
464	216	765	  1	
464	223	765	  1	
464	232	765	  1	
464	269	765	  1	
464	320	765	  1	
465	280	765	  1	
465	287	765	  1	
466	213	765	  1	
467	 72	765	  1	
468	207	765	  1	
469	150	765	  1	
469	232	765	  1	
469	240	765	  1	
470	 48	765	  1	
471	213	765	  1	
471	219	765	  1	
472	  5	765	  1	
472	 10	765	  1	
472	 43	765	  1	
472	 83	765	  1	
472	107	765	  1	
472	112	765	  1	
472	222	765	  1	
472	256	765	  1	
472	261	765	  1	
472	278	765	  1	
472	288	765	  1	
472	295	765	  1	
472	307	765	  1	
472	338	765	  1	
472	344	765	  1	
475	 55	765	  1	
475	272	765	  1	
475	455	765	  1	
477	 20	765	  1	
477	 71	765	  1	
477	126	765	  1	
477	136	765	  1	
477	143	765	  1	
477	223	765	  1	
477	304	765	  1	
478	170	765	  1	
478	257	765	  1	
478	333	765	  1	
479	 64	765	  1	
479	 77	765	  1	
479	539	765	  1	
480	 40	765	  1	
480	 44	765	  1	
480	336	765	  1	
480	361	765	  1	
482	191	765	  1	
483	 48	765	  1	
483	 79	765	  1	
483	 83	765	  1	
483	216	765	  1	
483	263	765	  1	
484	 72	765	  1	
485	  2	765	  1	
485	240	765	  1	
487	172	765	  1	
487	257	765	  1	
488	  8	765	  1	
488	 47	765	  1	
488	 88	765	  1	
488	 96	765	  1	
488	109	765	  1	
488	130	765	  1	
488	135	765	  1	
488	144	765	  1	
488	158	765	  1	
488	206	765	  1	
488	269	765	  1	
488	275	765	  1	
488	296	765	  1	
488	304	765	  1	
488	320	765	  1	
488	444	765	  1	
490	104	765	  1	
491	280	765	  1	
492	264	765	  1	
493	 48	765	  1	
493	 69	765	  1	
493	248	765	  1	
494	110	765	  1	
495	158	765	  1	
495	163	765	  1	
495	327	765	  1	
496	 23	765	  1	
496	 41	765	  1	
496	 47	765	  1	
496	152	765	  1	
496	225	765	  1	
496	241	765	  1	
496	283	765	  1	
496	328	765	  1	
497	109	765	  1	
498	134	765	  1	
499	248	765	  1	
499	320	765	  1	
499	335	765	  1	
500	 72	765	  1	
500	104	765	  1	
501	120	765	  1	
501	176	765	  1	
501	259	765	  1	
501	272	765	  1	
502	149	765	  1	
503	 38	765	  1	
503	328	765	  1	
504	 13	765	  1	
504	 27	765	  1	
504	 77	765	  1	
504	 88	765	  1	
504	 97	765	  1	
504	112	765	  1	
504	165	765	  1	
504	175	765	  1	
504	216	765	  1	
504	245	765	  1	
504	312	765	  1	
505	 64	765	  1	
506	 72	765	  1	
507	152	765	  1	
510	 78	765	  1	
510	220	765	  1	
511	 40	765	  1	
511	 88	765	  1	
511	123	765	  1	
512	 64	765	  1	
512	104	765	  1	
512	111	765	  1	
512	135	765	  1	
512	144	765	  1	
512	197	765	  1	
512	212	765	  1	
512	232	765	  1	
512	248	765	  1	
512	264	765	  1	
512	356	765	  1	
513	 80	765	  1	
514	 70	765	  1	
514	270	765	  1	
514	327	765	  1	
515	162	765	  1	
515	167	765	  1	
515	208	765	  1	
515	296	765	  1	
517	108	765	  1	
517	136	765	  1	
517	175	765	  1	
518	 11	765	  1	
518	 64	765	  1	
518	240	765	  1	
518	264	765	  1	
518	320	765	  1	
518	399	765	  1	
519	128	765	  1	
519	212	765	  1	
520	 51	765	  1	
520	 58	765	  1	
520	 63	765	  1	
520	 72	765	  1	
520	 88	765	  1	
520	160	765	  1	
520	167	765	  1	
520	191	765	  1	
520	227	765	  1	
520	272	765	  1	
520	291	765	  1	
520	304	765	  1	
520	326	765	  1	
520	344	765	  1	
521	309	765	  1	
522	 54	765	  1	
522	 77	765	  1	
523	182	765	  1	
523	206	765	  1	
523	254	765	  1	
523	323	765	  1	
525	278	765	  1	
526	  0	765	  1	
526	320	765	  1	
526	351	765	  1	
527	 72	765	  1	
527	456	765	  1	
528	  4	765	  1	
528	 83	765	  1	
528	128	765	  1	
528	135	765	  1	
528	141	765	  1	
528	152	765	  1	
528	211	765	  1	
528	300	765	  1	
528	314	765	  1	
528	344	765	  1	
528	524	765	  1	
529	 75	765	  1	
529	100	765	  1	
530	 67	765	  1	
530	 96	765	  1	
530	191	765	  1	
530	216	765	  1	
532	131	765	  1	
533	  7	765	  1	
533	111	765	  1	
533	115	765	  1	
533	136	765	  1	
533	288	765	  1	
534	 98	765	  1	
534	222	765	  1	
535	208	765	  1	
535	215	765	  1	
535	347	765	  1	
536	  8	765	  1	
536	 40	765	  1	
536	 77	765	  1	
536	165	765	  1	
536	176	765	  1	
536	182	765	  1	
536	248	765	  1	
536	379	765	  1	
537	147	765	  1	
538	 46	765	  1	
538	160	765	  1	
538	272	765	  1	
539	 15	765	  1	
541	  0	765	  1	
542	166	765	  1	
543	  8	765	  1	
543	136	765	  1	
543	224	765	  1	
543	231	765	  1	
543	248	765	  1	
543	376	765	  1	
543	383	765	  1	
543	503	765	  1	
544	 56	765	  1	
544	 93	765	  1	
544	112	765	  1	
544	144	765	  1	
544	208	765	  1	
544	214	765	  1	
544	232	765	  1	
544	236	765	  1	
544	240	765	  1	
544	256	765	  1	
544	262	765	  1	
544	267	765	  1	
544	282	765	  1	
544	289	765	  1	
546	295	765	  1	
547	 47	765	  1	
547	431	765	  1	
548	116	765	  1	
548	147	765	  1	
549	168	765	  1	
549	176	765	  1	
549	211	765	  1	
549	259	765	  1	
549	280	765	  1	
549	287	765	  1	
550	 59	765	  1	
550	112	765	  1	
551	264	765	  1	
551	271	765	  1	
551	376	765	  1	
551	384	765	  1	
552	 66	765	  1	
552	126	765	  1	
552	184	765	  1	
552	232	765	  1	
552	242	765	  1	
552	251	765	  1	
552	298	765	  1	
552	391	765	  1	
552	474	765	  1	
554	208	765	  1	
555	103	765	  1	
555	288	765	  1	
555	379	765	  1	
557	  3	765	  1	
557	296	765	  1	
557	303	765	  1	
558	127	765	  1	
558	144	765	  1	
559	248	765	  1	
559	255	765	  1	
559	387	765	  1	
559	479	765	  1	
560	 90	765	  1	
560	101	765	  1	
560	107	765	  1	
560	200	765	  1	
560	206	765	  1	
560	227	765	  1	
560	271	765	  1	
560	279	765	  1	
560	310	765	  1	
560	342	765	  1	
560	368	765	  1	
560	416	765	  1	
560	448	765	  1	
562	282	765	  1	
563	124	765	  1	
563	166	765	  1	
563	203	765	  1	
563	375	765	  1	
565	247	765	  1	
565	287	765	  1	
566	102	765	  1	
566	120	765	  1	
567	111	765	  1	
567	231	765	  1	
567	301	765	  1	
567	310	765	  1	
567	368	765	  1	
567	416	765	  1	
568	 72	765	  1	
568	 80	765	  1	
568	171	765	  1	
568	250	765	  1	
568	370	765	  1	
568	375	765	  1	
569	203	765	  1	
570	109	765	  1	
571	128	765	  1	
571	192	765	  1	
571	208	765	  1	
571	339	765	  1	
571	359	765	  1	
572	104	765	  1	
573	255	765	  1	
575	109	765	  1	
576	 69	765	  1	
576	 92	765	  1	
576	160	765	  1	
576	186	765	  1	
576	200	765	  1	
576	210	765	  1	
576	237	765	  1	
576	248	765	  1	
576	261	765	  1	
576	296	765	  1	
576	352	765	  1	
576	359	765	  1	
578	166	765	  1	
578	206	765	  1	
578	232	765	  1	
578	463	765	  1	
579	 64	765	  1	
579	144	765	  1	
579	243	765	  1	
579	251	765	  1	
580	288	765	  1	
581	184	765	  1	
581	191	765	  1	
581	215	765	  1	
581	256	765	  1	
582	200	765	  1	
582	238	765	  1	
582	295	765	  1	
583	160	765	  1	
583	355	765	  1	
584	  0	765	  1	
584	108	765	  1	
584	206	765	  1	
584	216	765	  1	
584	232	765	  1	
584	259	765	  1	
584	266	765	  1	
584	328	765	  1	
586	114	765	  1	
586	296	765	  1	
588	311	765	  1	
589	100	765	  1	
589	203	765	  1	
590	367	765	  1	
591	112	765	  1	
592	  3	765	  1	
592	 55	765	  1	
592	224	765	  1	
592	251	765	  1	
592	274	765	  1	
592	304	765	  1	
592	403	765	  1	
594	423	765	  1	
594	544	765	  1	
595	  8	765	  1	
595	107	765	  1	
595	288	765	  1	
595	295	765	  1	
596	235	765	  1	
596	263	765	  1	
597	118	765	  1	
597	208	765	  1	
597	215	765	  1	
597	229	765	  1	
597	272	765	  1	
597	279	765	  1	
597	300	765	  1	
597	306	765	  1	
597	312	765	  1	
597	328	765	  1	
599	  0	765	  1	
599	  7	765	  1	
599	 48	765	  1	
599	 63	765	  1	
599	113	765	  1	
599	139	765	  1	
599	403	765	  1	
600	168	765	  1	
600	223	765	  1	
600	263	765	  1	
600	400	765	  1	
603	216	765	  1	
603	256	765	  1	
603	335	765	  1	
606	  3	765	  1	
606	244	765	  1	
606	371	765	  1	
607	223	765	  1	
607	263	765	  1	
607	328	765	  1	
607	466	765	  1	
608	 60	765	  1	
608	207	765	  1	
608	216	765	  1	
608	248	765	  1	
608	259	765	  1	
608	272	765	  1	
608	336	765	  1	
608	368	765	  1	
608	375	765	  1	
608	423	765	  1	
609	191	765	  1	
611	200	765	  1	
615	207	765	  1	
615	272	765	  1	
615	371	765	  1	
616	 71	765	  1	
616	208	765	  1	
616	231	765	  1	
616	259	765	  1	
616	360	765	  1	
616	535	765	  1	
617	296	765	  1	
618	248	765	  1	
619	224	765	  1	
621	 69	765	  1	
623	 83	765	  1	
623	231	765	  1	
624	  0	765	  1	
624	118	765	  1	
624	204	765	  1	
624	208	765	  1	
624	331	765	  1	
624	336	765	  1	
628	248	765	  1	
628	298	765	  1	
628	328	765	  1	
631	503	765	  1	
632	155	765	  1	
632	176	765	  1	
635	160	765	  1	
635	182	765	  1	
637	 27	765	  1	
637	103	765	  1	
639	 52	765	  1	
639	152	765	  1	
639	159	765	  1	
640	  0	765	  1	
640	 48	765	  1	
640	 88	765	  1	
640	 95	765	  1	
640	274	765	  1	
643	  8	765	  1	
645	419	765	  1	
646	  0	765	  1	
646	 76	765	  1	
646	144	765	  1	
646	168	765	  1	
646	175	765	  1	
647	 91	765	  1	
647	355	765	  1	
648	277	765	  1	
648	348	765	  1	
651	196	765	  1	
651	396	765	  1	
652	508	765	  1	
655	271	765	  1	
656	 35	765	  1	
658	 79	765	  1	
659	561	765	  1	
662	192	765	  1	
663	 75	765	  1	
664	144	765	  1	
664	296	765	  1	
669	376	765	  1	
670	144	765	  1	
671	246	765	  1	
672	157	765	  1	
672	296	765	  1	
675	228	765	  1	
678	123	765	  1	
678	216	765	  1	
684	120	765	  1	
684	127	765	  1	
695	246	765	  1	
696	 12	765	  1	
696	416	765	  1	
702	187	765	  1	
703	418	765	  1	
720	184	765	  1	
720	250	765	  1	
728	328	765	  1	
