# 
#  Image file: Goad2_T0089.jpg
#  Applied threshold: 575
#  Algorithm used: fill2                 
#  Particle count: 1813
#  Location (x,y), max luminance, and mass:
# 
  0	250	765	  1	
  0	287	765	  1	
  3	211	765	  1	
  4	263	765	  1	
  6	226	765	  1	
  7	287	765	  1	
  8	126	765	  1	
 11	360	765	  1	
 13	312	765	  1	
 14	 29	765	  1	
 15	266	765	  1	
 19	451	765	  1	
 23	477	765	  1	
 24	144	765	  1	
 24	279	765	  1	
 27	230	765	  1	
 28	176	765	  1	
 34	288	765	  1	
 40	248	765	  1	
 45	199	765	  1	
 46	541	765	  1	
 48	140	765	  1	
 48	540	765	  1	
 54	264	765	  1	
 55	250	765	  1	
 56	106	765	  1	
 61	144	765	  1	
 61	255	765	  1	
 62	104	765	  1	
 63	101	765	  1	
 65	111	765	  1	
 66	347	765	  1	
 69	109	765	  1	
 71	232	765	  1	
 71	239	765	  1	
 72	149	765	  1	
 72	264	765	  1	
 74	128	765	  1	
 75	258	765	  1	
 75	271	765	  1	
 79	128	765	  1	
 79	247	765	  1	
 79	264	765	  1	
 80	111	765	  1	
 80	223	765	  1	
 80	243	765	  1	
 80	288	765	  1	
 81	 31	765	  1	
 83	144	765	  1	
 83	295	765	  1	
 84	231	765	  1	
 87	288	765	  1	
 88	247	765	  1	
 91	136	765	  1	
 91	143	765	  1	
 91	293	765	  1	
 92	163	765	  1	
 93	288	765	  1	
 95	367	765	  1	
 96	 95	765	  1	
 96	336	765	  1	
 96	343	765	  1	
 96	407	765	  1	
 99	239	765	  1	
101	402	765	  1	
103	240	765	  1	
103	247	765	  1	
104	 70	765	  1	
104	320	765	  1	
104	344	765	  1	
108	352	765	  1	
109	440	765	  1	
110	575	765	  1	
111	327	765	  1	
111	360	765	  1	
112	305	765	  1	
112	396	765	  1	
112	415	765	  1	
115	102	765	  1	
115	408	765	  1	
117	399	765	  1	
119	208	765	  1	
119	369	765	  1	
119	415	765	  1	
120	256	765	  1	
120	264	765	  1	
120	345	765	  1	
120	391	765	  1	
120	519	765	  1	
122	111	765	  1	
122	151	765	  1	
123	271	765	  1	
125	386	765	  1	
128	168	765	  1	
128	261	765	  1	
128	430	765	  1	
128	495	765	  1	
130	175	765	  1	
130	244	765	  1	
130	304	765	  1	
131	179	765	  1	
131	484	765	  1	
132	335	765	  1	
133	238	765	  1	
133	360	765	  1	
134	168	765	  1	
134	427	765	  1	
135	244	765	  1	
135	256	765	  1	
135	266	765	  1	
136	 80	765	  1	
136	 87	765	  1	
136	 95	765	  1	
136	142	765	  1	
136	159	765	  1	
136	175	765	  1	
136	298	765	  1	
136	303	765	  1	
136	383	765	  1	
136	448	765	  1	
138	117	765	  1	
139	112	765	  1	
139	301	765	  1	
139	454	765	  1	
139	519	765	  1	
140	131	765	  1	
141	218	765	  1	
141	223	765	  1	
141	335	765	  1	
141	416	765	  1	
143	 83	765	  1	
143	150	765	  1	
143	171	765	  1	
143	259	765	  1	
144	123	765	  1	
144	179	765	  1	
144	216	765	  1	
144	371	765	  1	
144	387	765	  1	
145	296	765	  1	
146	304	765	  1	
148	176	765	  1	
148	183	765	  1	
149	152	765	  1	
149	288	765	  1	
150	 11	765	  1	
150	371	765	  1	
151	 83	765	  1	
151	219	765	  1	
151	248	765	  1	
151	255	765	  1	
151	304	765	  1	
151	375	765	  1	
152	 31	765	  1	
152	132	765	  1	
152	159	765	  1	
152	232	765	  1	
152	263	765	  1	
152	377	765	  1	
152	496	765	  1	
154	275	765	  1	
155	 27	765	  1	
155	238	765	  1	
156	538	765	  1	
158	232	765	  1	
158	563	765	  1	
159	498	765	  1	
160	  8	765	  1	
160	 72	765	  1	
160	 79	765	  1	
160	117	765	  1	
160	128	765	  1	
160	136	765	  1	
160	140	765	  1	
160	144	765	  1	
160	151	765	  1	
160	161	765	  1	
160	166	765	  1	
160	220	765	  1	
160	231	765	  1	
160	407	765	  1	
162	123	765	  1	
163	400	765	  1	
165	162	765	  1	
165	167	765	  1	
165	267	765	  1	
166	 61	765	  1	
166	231	765	  1	
167	  0	765	  1	
167	 75	765	  1	
167	144	765	  1	
167	151	765	  1	
167	407	765	  1	
167	498	765	  1	
168	 79	765	  1	
168	 96	765	  1	
168	103	765	  1	
168	168	765	  1	
168	192	765	  1	
168	198	765	  1	
168	208	765	  1	
168	304	765	  1	
168	591	765	  1	
170	242	765	  1	
171	 72	765	  1	
171	127	765	  1	
171	231	765	  1	
171	247	765	  1	
173	112	765	  1	
173	192	765	  1	
173	199	765	  1	
173	435	765	  1	
174	128	765	  1	
175	 79	765	  1	
175	 99	765	  1	
175	120	765	  1	
175	224	765	  1	
175	266	765	  1	
175	591	765	  1	
176	 35	765	  1	
176	 46	765	  1	
176	 54	765	  1	
176	 63	765	  1	
176	 80	765	  1	
176	187	765	  1	
176	279	765	  1	
176	338	765	  1	
176	454	765	  1	
177	196	765	  1	
178	 69	765	  1	
178	253	765	  1	
179	248	765	  1	
179	259	765	  1	
180	187	765	  1	
181	 48	765	  1	
181	274	765	  1	
181	488	765	  1	
183	 64	765	  1	
183	195	765	  1	
183	355	765	  1	
183	407	765	  1	
184	  8	765	  1	
184	 22	765	  1	
184	126	765	  1	
184	180	765	  1	
184	200	765	  1	
184	221	765	  1	
184	272	765	  1	
184	282	765	  1	
184	321	765	  1	
184	424	765	  1	
184	454	765	  1	
185	  3	765	  1	
187	271	765	  1	
188	216	765	  1	
189	119	765	  1	
190	275	765	  1	
191	 71	765	  1	
191	405	765	  1	
192	 11	765	  1	
192	247	765	  1	
192	263	765	  1	
192	296	765	  1	
192	372	765	  1	
192	475	765	  1	
192	599	765	  1	
194	  8	765	  1	
194	184	765	  1	
194	271	765	  1	
195	  3	765	  1	
195	256	765	  1	
195	392	765	  1	
197	 32	765	  1	
197	 39	765	  1	
197	375	765	  1	
198	 15	765	  1	
198	 48	765	  1	
198	 56	765	  1	
198	 63	765	  1	
198	157	765	  1	
198	359	765	  1	
198	398	765	  1	
198	456	765	  1	
199	263	765	  1	
199	304	765	  1	
199	367	765	  1	
199	472	765	  1	
199	479	765	  1	
200	128	765	  1	
200	174	765	  1	
200	269	765	  1	
200	426	765	  1	
202	167	765	  1	
203	 72	765	  1	
203	 79	765	  1	
203	128	765	  1	
204	  7	765	  1	
205	207	765	  1	
205	264	765	  1	
206	 74	765	  1	
206	 96	765	  1	
206	160	765	  1	
206	175	765	  1	
206	181	765	  1	
206	197	765	  1	
207	446	765	  1	
208	 93	765	  1	
208	208	765	  1	
208	214	765	  1	
208	432	765	  1	
210	142	765	  1	
210	381	765	  1	
211	439	765	  1	
213	 88	765	  1	
215	362	765	  1	
215	367	765	  1	
215	416	765	  1	
215	432	765	  1	
216	 76	765	  1	
216	123	765	  1	
216	141	765	  1	
216	149	765	  1	
216	235	765	  1	
216	320	765	  1	
216	400	765	  1	
216	442	765	  1	
217	130	765	  1	
217	135	765	  1	
218	176	765	  1	
219	206	765	  1	
219	402	765	  1	
219	435	765	  1	
220	310	765	  1	
221	152	765	  1	
221	168	765	  1	
221	375	765	  1	
222	182	765	  1	
223	408	765	  1	
224	123	765	  1	
224	192	765	  1	
224	352	765	  1	
224	399	765	  1	
225	383	765	  1	
226	268	765	  1	
226	357	765	  1	
227	295	765	  1	
227	392	765	  1	
227	580	765	  1	
228	136	765	  1	
229	 96	765	  1	
229	142	765	  1	
229	150	765	  1	
229	231	765	  1	
229	423	765	  1	
230	215	765	  1	
230	415	765	  1	
231	290	765	  1	
231	333	765	  1	
231	399	765	  1	
232	 61	765	  1	
232	 69	765	  1	
232	 90	765	  1	
232	 95	765	  1	
232	112	765	  1	
232	135	765	  1	
232	144	765	  1	
232	152	765	  1	
232	181	765	  1	
232	190	765	  1	
232	224	765	  1	
232	306	765	  1	
232	451	765	  1	
232	515	765	  1	
232	551	765	  1	
233	400	765	  1	
234	122	765	  1	
235	158	765	  1	
235	423	765	  1	
236	144	765	  1	
237	188	765	  1	
237	230	765	  1	
237	311	765	  1	
237	395	765	  1	
238	 27	765	  1	
238	205	765	  1	
239	 14	765	  1	
239	150	765	  1	
239	448	765	  1	
239	455	765	  1	
240	  3	765	  1	
240	 50	765	  1	
240	 55	765	  1	
240	 72	765	  1	
240	 80	765	  1	
240	114	765	  1	
240	120	765	  1	
240	131	765	  1	
240	191	765	  1	
240	384	765	  1	
240	522	765	  1	
241	179	765	  1	
241	230	765	  1	
242	163	765	  1	
242	398	765	  1	
243	104	765	  1	
243	158	765	  1	
244	496	765	  1	
245	 53	765	  1	
245	 88	765	  1	
245	 95	765	  1	
245	192	765	  1	
245	527	765	  1	
246	 19	765	  1	
246	392	765	  1	
246	427	765	  1	
247	112	765	  1	
247	136	765	  1	
247	143	765	  1	
247	343	765	  1	
248	  5	765	  1	
248	 40	765	  1	
248	 47	765	  1	
248	 93	765	  1	
248	103	765	  1	
248	128	765	  1	
248	146	765	  1	
248	195	765	  1	
248	240	765	  1	
248	324	765	  1	
248	400	765	  1	
248	411	765	  1	
248	448	765	  1	
248	465	765	  1	
248	471	765	  1	
248	528	765	  1	
248	535	765	  1	
248	599	765	  1	
250	 88	765	  1	
250	416	765	  1	
251	 96	765	  1	
251	135	765	  1	
251	456	765	  1	
252	 24	765	  1	
252	183	765	  1	
252	335	765	  1	
254	359	765	  1	
255	 43	765	  1	
255	192	765	  1	
255	199	765	  1	
255	420	765	  1	
255	439	765	  1	
255	448	765	  1	
255	467	765	  1	
255	531	765	  1	
256	115	765	  1	
256	138	765	  1	
256	148	765	  1	
256	168	765	  1	
256	212	765	  1	
256	222	765	  1	
256	278	765	  1	
256	286	765	  1	
256	296	765	  1	
256	431	765	  1	
256	512	765	  1	
256	558	765	  1	
257	240	765	  1	
257	245	765	  1	
258	 16	765	  1	
258	 31	765	  1	
258	 95	765	  1	
258	272	765	  1	
258	280	765	  1	
258	372	765	  1	
258	599	765	  1	
259	173	765	  1	
259	208	765	  1	
259	519	765	  1	
260	 36	765	  1	
260	438	765	  1	
261	219	765	  1	
261	286	765	  1	
261	504	765	  1	
262	101	765	  1	
262	391	765	  1	
262	488	765	  1	
262	495	765	  1	
262	559	765	  1	
263	 16	765	  1	
263	152	765	  1	
263	276	765	  1	
263	280	765	  1	
263	512	765	  1	
264	  0	765	  1	
264	  6	765	  1	
264	 62	765	  1	
264	 93	765	  1	
264	118	765	  1	
264	192	765	  1	
264	200	765	  1	
264	204	765	  1	
264	234	765	  1	
264	248	765	  1	
264	398	765	  1	
264	464	765	  1	
264	471	765	  1	
264	475	765	  1	
264	528	765	  1	
266	110	765	  1	
266	135	765	  1	
266	176	765	  1	
266	406	765	  1	
266	411	765	  1	
267	114	765	  1	
267	136	765	  1	
267	143	765	  1	
267	207	765	  1	
267	226	765	  1	
267	255	765	  1	
268	511	765	  1	
269	  3	765	  1	
269	 48	765	  1	
269	 55	765	  1	
269	192	765	  1	
270	104	765	  1	
270	243	765	  1	
270	344	765	  1	
271	183	765	  1	
271	248	765	  1	
271	397	765	  1	
271	464	765	  1	
271	471	765	  1	
271	479	765	  1	
271	528	765	  1	
272	  8	765	  1	
272	 66	765	  1	
272	 71	765	  1	
272	120	765	  1	
272	201	765	  1	
272	256	765	  1	
272	288	765	  1	
272	295	765	  1	
272	352	765	  1	
272	415	765	  1	
272	424	765	  1	
272	431	765	  1	
273	108	765	  1	
275	 20	765	  1	
275	136	765	  1	
275	179	765	  1	
275	224	765	  1	
275	264	765	  1	
275	304	765	  1	
275	471	765	  1	
276	104	765	  1	
276	112	765	  1	
277	238	765	  1	
277	262	765	  1	
277	415	765	  1	
277	483	765	  1	
278	  1	765	  1	
278	  8	765	  1	
278	174	765	  1	
278	207	765	  1	
278	248	765	  1	
279	139	765	  1	
279	230	765	  1	
279	291	765	  1	
279	352	765	  1	
279	427	765	  1	
279	464	765	  1	
279	592	765	  1	
280	 80	765	  1	
280	 90	765	  1	
280	 99	765	  1	
280	123	765	  1	
280	152	765	  1	
280	163	765	  1	
280	210	765	  1	
280	274	765	  1	
280	303	765	  1	
280	312	765	  1	
280	344	765	  1	
280	415	765	  1	
280	439	765	  1	
281	134	765	  1	
283	296	765	  1	
283	391	765	  1	
283	408	765	  1	
283	432	765	  1	
285	 86	765	  1	
285	 95	765	  1	
285	240	765	  1	
286	288	765	  1	
286	371	765	  1	
287	208	765	  1	
287	215	765	  1	
287	303	765	  1	
287	344	765	  1	
287	415	765	  1	
287	439	765	  1	
288	 67	765	  1	
288	120	765	  1	
288	150	765	  1	
288	198	765	  1	
288	400	765	  1	
288	440	765	  1	
288	444	765	  1	
288	456	765	  1	
288	596	765	  1	
289	  8	765	  1	
290	 80	765	  1	
290	230	765	  1	
292	147	765	  1	
293	599	765	  1	
294	 86	765	  1	
294	196	765	  1	
294	231	765	  1	
294	404	765	  1	
295	 95	765	  1	
295	287	765	  1	
295	456	765	  1	
296	  0	765	  1	
296	 24	765	  1	
296	 31	765	  1	
296	 64	765	  1	
296	150	765	  1	
296	315	765	  1	
296	518	765	  1	
296	529	765	  1	
297	 11	765	  1	
297	240	765	  1	
298	158	765	  1	
298	287	765	  1	
299	 71	765	  1	
299	200	765	  1	
301	224	765	  1	
302	147	765	  1	
302	157	765	  1	
302	198	765	  1	
302	226	765	  1	
302	245	765	  1	
303	 27	765	  1	
303	 64	765	  1	
303	128	765	  1	
304	 23	765	  1	
304	 48	765	  1	
304	 66	765	  1	
304	 71	765	  1	
304	204	765	  1	
304	216	765	  1	
304	240	765	  1	
304	292	765	  1	
304	315	765	  1	
304	336	765	  1	
304	343	765	  1	
304	379	765	  1	
306	222	765	  1	
306	245	765	  1	
306	466	765	  1	
307	 88	765	  1	
307	210	765	  1	
307	230	765	  1	
307	471	765	  1	
308	  7	765	  1	
308	 18	765	  1	
308	188	765	  1	
309	  0	765	  1	
309	 78	765	  1	
309	200	765	  1	
309	205	765	  1	
310	 35	765	  1	
310	216	765	  1	
310	256	765	  1	
310	343	765	  1	
310	380	765	  1	
311	 55	765	  1	
311	120	765	  1	
311	192	765	  1	
311	240	765	  1	
311	312	765	  1	
311	319	765	  1	
311	423	765	  1	
312	 13	765	  1	
312	 64	765	  1	
312	 80	765	  1	
312	 96	765	  1	
312	146	765	  1	
312	151	765	  1	
312	168	765	  1	
312	308	765	  1	
312	466	765	  1	
314	  6	765	  1	
314	472	765	  1	
315	 88	765	  1	
315	272	765	  1	
316	138	765	  1	
316	240	765	  1	
316	262	765	  1	
316	303	765	  1	
317	  8	765	  1	
317	 67	765	  1	
317	 86	765	  1	
317	178	765	  1	
317	432	765	  1	
317	439	765	  1	
318	167	765	  1	
318	171	765	  1	
318	216	765	  1	
318	296	765	  1	
319	 96	765	  1	
320	  0	765	  1	
320	 72	765	  1	
320	 78	765	  1	
320	204	765	  1	
320	232	765	  1	
320	244	765	  1	
320	251	765	  1	
320	320	765	  1	
320	327	765	  1	
320	456	765	  1	
320	570	765	  1	
321	  8	765	  1	
321	 96	765	  1	
321	432	765	  1	
322	404	765	  1	
323	 63	765	  1	
323	 67	765	  1	
323	483	765	  1	
325	112	765	  1	
325	168	765	  1	
325	288	765	  1	
325	295	765	  1	
326	103	765	  1	
326	344	765	  1	
326	460	765	  1	
326	480	765	  1	
326	487	765	  1	
327	138	765	  1	
327	188	765	  1	
327	323	765	  1	
327	405	765	  1	
328	121	765	  1	
328	176	765	  1	
328	184	765	  1	
328	192	765	  1	
328	211	765	  1	
328	240	765	  1	
328	256	765	  1	
328	263	765	  1	
328	278	765	  1	
328	400	765	  1	
328	462	765	  1	
328	512	765	  1	
328	519	765	  1	
328	522	765	  1	
328	565	765	  1	
329	290	765	  1	
329	295	765	  1	
331	 88	765	  1	
331	417	765	  1	
331	487	765	  1	
331	581	765	  1	
332	380	765	  1	
333	136	765	  1	
333	167	765	  1	
333	224	765	  1	
333	527	765	  1	
334	 11	765	  1	
334	117	765	  1	
334	203	765	  1	
335	 79	765	  1	
335	112	765	  1	
335	240	765	  1	
335	256	765	  1	
335	263	765	  1	
335	400	765	  1	
335	462	765	  1	
335	515	765	  1	
335	565	765	  1	
336	 23	765	  1	
336	 35	765	  1	
336	 54	765	  1	
336	 88	765	  1	
336	132	765	  1	
336	144	765	  1	
336	149	765	  1	
336	157	765	  1	
336	163	765	  1	
336	357	765	  1	
336	528	765	  1	
337	 71	765	  1	
337	196	765	  1	
338	147	765	  1	
338	246	765	  1	
338	253	765	  1	
338	397	765	  1	
339	 40	765	  1	
339	112	765	  1	
340	352	765	  1	
340	418	765	  1	
341	 72	765	  1	
341	 79	765	  1	
341	192	765	  1	
341	328	765	  1	
342	 64	765	  1	
342	111	765	  1	
342	240	765	  1	
342	456	765	  1	
342	476	765	  1	
343	 10	765	  1	
343	 32	765	  1	
343	 39	765	  1	
343	207	765	  1	
343	264	765	  1	
343	435	765	  1	
343	528	765	  1	
344	 30	765	  1	
344	 43	765	  1	
344	115	765	  1	
344	122	765	  1	
344	127	765	  1	
344	138	765	  1	
344	173	765	  1	
344	194	765	  1	
344	203	765	  1	
344	218	765	  1	
344	223	765	  1	
344	312	765	  1	
344	316	765	  1	
344	344	765	  1	
344	370	765	  1	
346	147	765	  1	
347	328	765	  1	
348	200	765	  1	
348	396	765	  1	
349	151	765	  1	
349	168	765	  1	
349	192	765	  1	
349	230	765	  1	
350	408	765	  1	
350	574	765	  1	
351	 30	765	  1	
351	147	765	  1	
351	335	765	  1	
351	344	765	  1	
351	396	765	  1	
352	  1	765	  1	
352	 24	765	  1	
352	 51	765	  1	
352	 57	765	  1	
352	 75	765	  1	
352	 96	765	  1	
352	120	765	  1	
352	127	765	  1	
352	133	765	  1	
352	149	765	  1	
352	184	765	  1	
352	190	765	  1	
352	224	765	  1	
352	248	765	  1	
352	255	765	  1	
352	298	765	  1	
352	304	765	  1	
352	310	765	  1	
352	411	765	  1	
352	419	765	  1	
353	 63	765	  1	
353	143	765	  1	
354	245	765	  1	
355	 31	765	  1	
355	152	765	  1	
355	320	765	  1	
356	 40	765	  1	
356	 58	765	  1	
357	  7	765	  1	
357	189	765	  1	
357	256	765	  1	
358	 47	765	  1	
358	150	765	  1	
359	 24	765	  1	
359	 63	765	  1	
359	251	765	  1	
359	287	765	  1	
359	416	765	  1	
359	423	765	  1	
359	496	765	  1	
359	551	765	  1	
360	 19	765	  1	
360	 34	765	  1	
360	 39	765	  1	
360	 42	765	  1	
360	104	765	  1	
360	162	765	  1	
360	176	765	  1	
360	183	765	  1	
360	200	765	  1	
360	204	765	  1	
360	234	765	  1	
360	288	765	  1	
360	406	765	  1	
360	472	765	  1	
362	  0	765	  1	
362	216	765	  1	
362	229	765	  1	
363	140	765	  1	
363	400	765	  1	
363	488	765	  1	
364	 95	765	  1	
364	224	765	  1	
365	 29	765	  1	
365	 36	765	  1	
365	 56	765	  1	
365	191	765	  1	
365	440	765	  1	
365	447	765	  1	
366	160	765	  1	
366	168	765	  1	
366	222	765	  1	
366	267	765	  1	
366	407	765	  1	
367	112	765	  1	
367	147	765	  1	
367	291	765	  1	
367	311	765	  1	
368	  8	765	  1	
368	 15	765	  1	
368	 69	765	  1	
368	 88	765	  1	
368	 96	765	  1	
368	111	765	  1	
368	183	765	  1	
368	216	765	  1	
368	241	765	  1	
368	301	765	  1	
368	308	765	  1	
368	443	765	  1	
370	 11	765	  1	
370	 38	765	  1	
370	 47	765	  1	
371	 95	765	  1	
371	176	765	  1	
371	255	765	  1	
371	280	765	  1	
371	296	765	  1	
371	488	765	  1	
372	448	765	  1	
372	452	765	  1	
373	224	765	  1	
374	 32	765	  1	
375	  7	765	  1	
375	 88	765	  1	
375	136	765	  1	
375	183	765	  1	
375	192	765	  1	
375	251	765	  1	
375	446	765	  1	
376	 48	765	  1	
376	112	765	  1	
376	124	765	  1	
376	144	765	  1	
376	162	765	  1	
376	392	765	  1	
378	295	765	  1	
380	 64	765	  1	
381	  0	765	  1	
381	 15	765	  1	
381	 54	765	  1	
381	 71	765	  1	
381	176	765	  1	
381	183	765	  1	
381	226	765	  1	
381	328	765	  1	
382	104	765	  1	
382	139	765	  1	
383	270	765	  1	
384	 64	765	  1	
384	 70	765	  1	
384	148	765	  1	
384	197	765	  1	
384	200	765	  1	
384	205	765	  1	
384	208	765	  1	
384	230	765	  1	
384	304	765	  1	
384	324	765	  1	
384	352	765	  1	
384	432	765	  1	
385	 96	765	  1	
385	336	765	  1	
386	207	765	  1	
386	223	765	  1	
386	471	765	  1	
386	587	765	  1	
387	 88	765	  1	
387	144	765	  1	
387	166	765	  1	
388	226	765	  1	
389	 56	765	  1	
389	 67	765	  1	
389	134	765	  1	
389	231	765	  1	
390	 91	765	  1	
390	125	765	  1	
390	176	765	  1	
390	189	765	  1	
390	237	765	  1	
390	419	765	  1	
390	479	765	  1	
391	120	765	  1	
391	360	765	  1	
392	 29	765	  1	
392	 48	765	  1	
392	 72	765	  1	
392	138	765	  1	
392	152	765	  1	
392	248	765	  1	
392	288	765	  1	
392	295	765	  1	
392	320	765	  1	
392	399	765	  1	
392	574	765	  1	
393	  0	765	  1	
394	 24	765	  1	
394	222	765	  1	
395	 88	765	  1	
395	327	765	  1	
397	136	765	  1	
397	143	765	  1	
398	 30	765	  1	
398	 62	765	  1	
398	127	765	  1	
398	166	765	  1	
398	176	765	  1	
398	190	765	  1	
398	248	765	  1	
398	435	765	  1	
399	228	765	  1	
399	291	765	  1	
399	320	765	  1	
400	  0	765	  1	
400	 40	765	  1	
400	 58	765	  1	
400	 75	765	  1	
400	104	765	  1	
400	112	765	  1	
400	118	765	  1	
400	285	765	  1	
400	296	765	  1	
400	432	765	  1	
400	479	765	  1	
402	154	765	  1	
402	160	765	  1	
402	167	765	  1	
402	255	765	  1	
402	403	765	  1	
403	  6	765	  1	
404	 73	765	  1	
404	 80	765	  1	
404	280	765	  1	
405	  0	765	  1	
405	 47	765	  1	
405	115	765	  1	
405	184	765	  1	
405	191	765	  1	
405	199	765	  1	
406	 35	765	  1	
406	248	765	  1	
407	160	765	  1	
407	336	765	  1	
408	 32	765	  1	
408	 48	765	  1	
408	 64	765	  1	
408	 98	765	  1	
408	103	765	  1	
408	122	765	  1	
408	152	765	  1	
408	166	765	  1	
408	179	765	  1	
408	256	765	  1	
408	411	765	  1	
408	424	765	  1	
408	431	765	  1	
410	426	765	  1	
411	 37	765	  1	
411	368	765	  1	
414	192	765	  1	
414	199	765	  1	
415	 95	765	  1	
415	176	765	  1	
415	183	765	  1	
415	384	765	  1	
416	 11	765	  1	
416	 29	765	  1	
416	 51	765	  1	
416	128	765	  1	
416	144	765	  1	
416	160	765	  1	
416	240	765	  1	
416	383	765	  1	
416	386	765	  1	
418	 48	765	  1	
418	418	765	  1	
419	 54	765	  1	
419	 96	765	  1	
419	423	765	  1	
420	 80	765	  1	
420	128	765	  1	
421	 14	765	  1	
421	 22	765	  1	
421	150	765	  1	
421	224	765	  1	
421	246	765	  1	
421	426	765	  1	
422	192	765	  1	
422	411	765	  1	
423	 53	765	  1	
423	165	765	  1	
423	424	765	  1	
423	431	765	  1	
424	 34	765	  1	
424	 82	765	  1	
424	 98	765	  1	
424	128	765	  1	
424	136	765	  1	
424	143	765	  1	
424	231	765	  1	
424	236	765	  1	
424	253	765	  1	
424	296	765	  1	
424	300	765	  1	
424	423	765	  1	
424	440	765	  1	
425	 94	765	  1	
425	216	765	  1	
426	 24	765	  1	
426	 76	765	  1	
427	 13	765	  1	
427	223	765	  1	
427	416	765	  1	
428	373	765	  1	
429	  8	765	  1	
429	 39	765	  1	
429	168	765	  1	
429	248	765	  1	
430	237	765	  1	
431	 72	765	  1	
431	 96	765	  1	
431	103	765	  1	
431	231	765	  1	
431	423	765	  1	
431	447	765	  1	
432	 18	765	  1	
432	 44	765	  1	
432	120	765	  1	
432	149	765	  1	
432	181	765	  1	
432	192	765	  1	
432	272	765	  1	
432	387	765	  1	
432	408	765	  1	
434	 37	765	  1	
434	146	765	  1	
435	 56	765	  1	
435	175	765	  1	
436	154	765	  1	
437	 80	765	  1	
437	120	765	  1	
437	139	765	  1	
438	  0	765	  1	
438	 45	765	  1	
439	 32	765	  1	
439	192	765	  1	
439	254	765	  1	
439	261	765	  1	
439	343	765	  1	
439	384	765	  1	
439	391	765	  1	
440	128	765	  1	
440	134	765	  1	
440	143	765	  1	
440	167	765	  1	
440	219	765	  1	
440	230	765	  1	
440	368	765	  1	
441	226	765	  1	
443	136	765	  1	
443	162	765	  1	
443	199	765	  1	
443	223	765	  1	
445	 88	765	  1	
445	118	765	  1	
445	131	765	  1	
446	104	765	  1	
446	216	765	  1	
446	347	765	  1	
447	143	765	  1	
447	146	765	  1	
447	192	765	  1	
447	231	765	  1	
447	375	765	  1	
448	 71	765	  1	
448	 76	765	  1	
448	109	765	  1	
448	198	765	  1	
448	222	765	  1	
448	228	765	  1	
448	328	765	  1	
448	335	765	  1	
448	391	765	  1	
449	208	765	  1	
451	 88	765	  1	
451	136	765	  1	
451	168	765	  1	
451	384	765	  1	
452	213	765	  1	
453	 96	765	  1	
453	195	765	  1	
454	 72	765	  1	
454	184	765	  1	
454	190	765	  1	
455	128	765	  1	
455	208	765	  1	
455	331	765	  1	
455	391	765	  1	
456	114	765	  1	
456	138	765	  1	
456	235	765	  1	
456	256	765	  1	
456	271	765	  1	
456	323	765	  1	
456	415	765	  1	
457	168	765	  1	
457	175	765	  1	
458	128	765	  1	
459	264	765	  1	
459	325	765	  1	
459	360	765	  1	
460	 32	765	  1	
461	112	765	  1	
461	119	765	  1	
461	184	765	  1	
461	226	765	  1	
461	304	765	  1	
462	 15	765	  1	
462	208	765	  1	
463	 63	765	  1	
463	 75	765	  1	
463	135	765	  1	
463	271	765	  1	
463	320	765	  1	
464	 24	765	  1	
464	 55	765	  1	
464	 79	765	  1	
464	 88	765	  1	
464	101	765	  1	
464	139	765	  1	
464	150	765	  1	
464	272	765	  1	
464	279	765	  1	
464	349	765	  1	
464	427	765	  1	
466	552	765	  1	
467	128	765	  1	
467	341	765	  1	
469	 76	765	  1	
469	162	765	  1	
470	112	765	  1	
470	148	765	  1	
470	245	765	  1	
471	 40	765	  1	
471	 47	765	  1	
471	275	765	  1	
471	424	765	  1	
471	431	765	  1	
472	 27	765	  1	
472	 32	765	  1	
472	 72	765	  1	
472	104	765	  1	
472	169	765	  1	
472	175	765	  1	
472	192	765	  1	
472	264	765	  1	
472	270	765	  1	
472	308	765	  1	
472	354	765	  1	
473	344	765	  1	
474	 94	765	  1	
474	141	765	  1	
474	221	765	  1	
475	 64	765	  1	
475	136	765	  1	
475	303	765	  1	
475	456	765	  1	
477	 78	765	  1	
477	304	765	  1	
478	 88	765	  1	
478	216	765	  1	
479	148	765	  1	
479	192	765	  1	
480	  8	765	  1	
480	 16	765	  1	
480	 39	765	  1	
480	 63	765	  1	
480	 69	765	  1	
480	 74	765	  1	
480	104	765	  1	
480	112	765	  1	
480	203	765	  1	
480	223	765	  1	
480	256	765	  1	
480	372	765	  1	
482	175	765	  1	
482	310	765	  1	
483	215	765	  1	
483	320	765	  1	
484	 48	765	  1	
484	158	765	  1	
484	351	765	  1	
484	519	765	  1	
485	 14	765	  1	
485	110	765	  1	
485	118	765	  1	
485	174	765	  1	
486	 55	765	  1	
486	152	765	  1	
486	207	765	  1	
486	304	765	  1	
487	219	765	  1	
487	392	765	  1	
488	  2	765	  1	
488	 19	765	  1	
488	 51	765	  1	
488	 80	765	  1	
488	 93	765	  1	
488	132	765	  1	
488	176	765	  1	
488	182	765	  1	
488	194	765	  1	
488	280	765	  1	
488	319	765	  1	
489	120	765	  1	
490	 48	765	  1	
490	 54	765	  1	
490	128	765	  1	
490	286	765	  1	
491	203	765	  1	
493	  0	765	  1	
493	  7	765	  1	
493	 40	765	  1	
493	 47	765	  1	
493	102	765	  1	
493	179	765	  1	
493	211	765	  1	
493	248	765	  1	
493	314	765	  1	
493	583	765	  1	
494	280	765	  1	
495	 16	765	  1	
495	 23	765	  1	
495	192	765	  1	
495	199	765	  1	
495	207	765	  1	
496	  9	765	  1	
496	 56	765	  1	
496	 72	765	  1	
496	 80	765	  1	
496	 84	765	  1	
496	109	765	  1	
496	113	765	  1	
496	117	765	  1	
496	125	765	  1	
496	133	765	  1	
496	228	765	  1	
496	256	765	  1	
496	264	765	  1	
496	285	765	  1	
496	315	765	  1	
496	333	765	  1	
497	279	765	  1	
499	149	765	  1	
499	367	765	  1	
500	 47	765	  1	
500	176	765	  1	
500	183	765	  1	
501	 48	765	  1	
501	130	765	  1	
501	160	765	  1	
501	231	765	  1	
501	312	765	  1	
502	107	765	  1	
502	135	765	  1	
502	272	765	  1	
504	 52	765	  1	
504	 66	765	  1	
504	112	765	  1	
504	141	765	  1	
504	159	765	  1	
504	192	765	  1	
504	199	765	  1	
504	248	765	  1	
504	276	765	  1	
504	306	765	  1	
504	311	765	  1	
505	 64	765	  1	
506	136	765	  1	
507	154	765	  1	
507	184	765	  1	
507	200	765	  1	
509	 91	765	  1	
509	159	765	  1	
509	176	765	  1	
509	183	765	  1	
509	208	765	  1	
509	254	765	  1	
510	 12	765	  1	
510	142	765	  1	
511	115	765	  1	
511	195	765	  1	
512	 48	765	  1	
512	125	765	  1	
512	163	765	  1	
512	168	765	  1	
512	220	765	  1	
512	279	765	  1	
512	319	765	  1	
512	328	765	  1	
512	335	765	  1	
512	344	765	  1	
512	392	765	  1	
513	175	765	  1	
514	 54	765	  1	
514	209	765	  1	
515	 36	765	  1	
515	 94	765	  1	
515	222	765	  1	
515	296	765	  1	
516	 48	765	  1	
516	168	765	  1	
516	272	765	  1	
516	292	765	  1	
517	104	765	  1	
517	120	765	  1	
517	248	765	  1	
517	400	765	  1	
518	 88	765	  1	
518	339	765	  1	
518	349	765	  1	
519	220	765	  1	
519	344	765	  1	
519	440	765	  1	
520	 12	765	  1	
520	 64	765	  1	
520	179	765	  1	
520	189	765	  1	
520	200	765	  1	
520	224	765	  1	
520	240	765	  1	
520	267	765	  1	
520	279	765	  1	
520	305	765	  1	
520	320	765	  1	
520	431	765	  1	
522	 71	765	  1	
522	206	765	  1	
522	230	765	  1	
522	424	765	  1	
523	 88	765	  1	
523	144	765	  1	
523	274	765	  1	
524	311	765	  1	
525	110	765	  1	
525	168	765	  1	
525	288	765	  1	
526	 64	765	  1	
526	183	765	  1	
526	200	765	  1	
526	214	765	  1	
526	224	765	  1	
526	279	765	  1	
526	399	765	  1	
527	 39	765	  1	
527	240	765	  1	
527	264	765	  1	
527	271	765	  1	
528	 24	765	  1	
528	101	765	  1	
528	122	765	  1	
528	135	765	  1	
528	149	765	  1	
528	165	765	  1	
528	187	765	  1	
528	223	765	  1	
528	259	765	  1	
528	368	765	  1	
528	379	765	  1	
530	144	765	  1	
531	 77	765	  1	
531	 88	765	  1	
531	280	765	  1	
533	 97	765	  1	
533	160	765	  1	
533	224	765	  1	
533	231	765	  1	
533	272	765	  1	
533	288	765	  1	
533	398	765	  1	
534	150	765	  1	
535	 31	765	  1	
535	103	765	  1	
535	179	765	  1	
535	184	765	  1	
535	191	765	  1	
535	256	765	  1	
535	263	765	  1	
535	376	765	  1	
535	383	765	  1	
535	439	765	  1	
536	 49	765	  1	
536	 64	765	  1	
536	 71	765	  1	
536	107	765	  1	
536	127	765	  1	
536	176	765	  1	
536	187	765	  1	
536	192	765	  1	
536	199	765	  1	
536	202	765	  1	
536	232	765	  1	
537	144	765	  1	
538	 55	765	  1	
538	254	765	  1	
539	 88	765	  1	
539	286	765	  1	
539	400	765	  1	
540	360	765	  1	
541	 96	765	  1	
541	112	765	  1	
541	124	765	  1	
542	 50	765	  1	
542	 98	765	  1	
542	367	765	  1	
543	195	765	  1	
543	272	765	  1	
544	  2	765	  1	
544	 71	765	  1	
544	104	765	  1	
544	119	765	  1	
544	144	765	  1	
544	148	765	  1	
544	154	765	  1	
544	184	765	  1	
544	224	765	  1	
544	242	765	  1	
544	251	765	  1	
544	261	765	  1	
544	423	765	  1	
546	195	765	  1	
546	229	765	  1	
546	399	765	  1	
547	 64	765	  1	
547	416	765	  1	
549	  0	765	  1	
549	  7	765	  1	
550	104	765	  1	
550	156	765	  1	
551	 71	765	  1	
551	224	765	  1	
551	423	765	  1	
551	439	765	  1	
552	 55	765	  1	
552	 61	765	  1	
552	 91	765	  1	
552	 96	765	  1	
552	110	765	  1	
552	182	765	  1	
552	248	765	  1	
552	275	765	  1	
552	343	765	  1	
552	373	765	  1	
552	414	765	  1	
553	135	765	  1	
554	104	765	  1	
554	368	765	  1	
555	 56	765	  1	
555	208	765	  1	
555	231	765	  1	
555	280	765	  1	
555	336	765	  1	
555	408	765	  1	
557	  8	765	  1	
557	 64	765	  1	
557	163	765	  1	
557	375	765	  1	
558	 87	765	  1	
558	448	765	  1	
559	 95	765	  1	
559	110	765	  1	
559	156	765	  1	
559	203	765	  1	
559	224	765	  1	
559	343	765	  1	
559	519	765	  1	
560	  0	765	  1	
560	102	765	  1	
560	214	765	  1	
560	222	765	  1	
560	231	765	  1	
560	304	765	  1	
560	317	765	  1	
563	181	765	  1	
563	224	765	  1	
565	219	765	  1	
566	335	765	  1	
567	  0	765	  1	
567	159	765	  1	
567	231	765	  1	
567	448	765	  1	
568	120	765	  1	
568	126	765	  1	
568	173	765	  1	
568	250	765	  1	
568	264	765	  1	
568	274	765	  1	
568	301	765	  1	
568	346	765	  1	
568	351	765	  1	
568	359	765	  1	
568	399	765	  1	
571	128	765	  1	
571	392	765	  1	
573	  0	765	  1	
573	123	765	  1	
573	192	765	  1	
573	196	765	  1	
573	235	765	  1	
573	248	765	  1	
573	255	765	  1	
574	157	765	  1	
574	168	765	  1	
575	355	765	  1	
575	399	765	  1	
576	102	765	  1	
576	120	765	  1	
576	240	765	  1	
576	256	765	  1	
576	266	765	  1	
576	295	765	  1	
576	383	765	  1	
576	488	765	  1	
577	128	765	  1	
577	133	765	  1	
577	283	765	  1	
577	304	765	  1	
577	311	765	  1	
578	227	765	  1	
583	120	765	  1	
584	 64	765	  1	
584	 71	765	  1	
584	106	765	  1	
584	192	765	  1	
584	219	765	  1	
584	240	765	  1	
584	259	765	  1	
586	110	765	  1	
586	200	765	  1	
587	168	765	  1	
587	238	765	  1	
587	272	765	  1	
587	288	765	  1	
588	309	765	  1	
589	101	765	  1	
589	267	765	  1	
591	 67	765	  1	
591	216	765	  1	
591	223	765	  1	
591	304	765	  1	
592	 70	765	  1	
592	229	765	  1	
592	275	765	  1	
592	368	765	  1	
593	115	765	  1	
595	107	765	  1	
595	168	765	  1	
595	207	765	  1	
595	295	765	  1	
596	199	765	  1	
596	287	765	  1	
597	  0	765	  1	
597	577	765	  1	
598	223	765	  1	
598	280	765	  1	
598	307	765	  1	
599	368	765	  1	
599	396	765	  1	
600	103	765	  1	
600	160	765	  1	
600	164	765	  1	
600	207	765	  1	
600	233	765	  1	
600	237	765	  1	
600	264	765	  1	
600	278	765	  1	
600	286	765	  1	
601	274	765	  1	
602	254	765	  1	
602	565	765	  1	
603	104	765	  1	
603	119	765	  1	
604	304	765	  1	
604	536	765	  1	
605	243	765	  1	
605	270	765	  1	
606	165	765	  1	
606	286	765	  1	
607	160	765	  1	
607	215	765	  1	
607	311	765	  1	
608	239	765	  1	
608	294	765	  1	
608	301	765	  1	
608	352	765	  1	
610	280	765	  1	
610	288	765	  1	
611	255	765	  1	
613	296	765	  1	
613	334	765	  1	
614	 11	765	  1	
614	135	765	  1	
614	248	765	  1	
615	 71	765	  1	
616	 96	765	  1	
616	131	765	  1	
616	136	765	  1	
616	230	765	  1	
616	237	765	  1	
616	272	765	  1	
616	276	765	  1	
616	295	765	  1	
616	312	765	  1	
616	319	765	  1	
618	224	765	  1	
619	143	765	  1	
619	356	765	  1	
621	  0	765	  1	
621	347	765	  1	
622	 83	765	  1	
622	111	765	  1	
622	231	765	  1	
622	346	765	  1	
623	 63	765	  1	
623	136	765	  1	
623	281	765	  1	
623	315	765	  1	
623	367	765	  1	
624	 96	765	  1	
624	128	765	  1	
624	211	765	  1	
629	132	765	  1	
630	263	765	  1	
631	 40	765	  1	
631	519	765	  1	
632	208	765	  1	
632	215	765	  1	
632	288	765	  1	
632	295	765	  1	
634	480	765	  1	
634	527	765	  1	
635	371	765	  1	
637	111	765	  1	
638	432	765	  1	
639	291	765	  1	
639	440	765	  1	
639	484	765	  1	
640	 61	765	  1	
640	 72	765	  1	
640	144	765	  1	
644	 76	765	  1	
644	319	765	  1	
646	394	765	  1	
647	 61	765	  1	
647	144	765	  1	
647	531	765	  1	
654	 79	765	  1	
656	 64	765	  1	
656	128	765	  1	
656	135	765	  1	
661	 68	765	  1	
663	 75	765	  1	
663	131	765	  1	
664	273	765	  1	
668	175	765	  1	
668	199	765	  1	
671	151	765	  1	
671	182	765	  1	
671	279	765	  1	
672	144	765	  1	
672	199	765	  1	
672	224	765	  1	
672	373	765	  1	
675	192	765	  1	
678	231	765	  1	
679	199	765	  1	
686	187	765	  1	
687	235	765	  1	
692	147	765	  1	
696	449	765	  1	
703	304	765	  1	
704	208	765	  1	
704	226	765	  1	
708	224	765	  1	
715	218	765	  1	
728	124	765	  1	
