# 
#  Image file: Goad2_T0088.jpg
#  Applied threshold: 575
#  Algorithm used: fill2                 
#  Particle count: 1679
#  Location (x,y), max luminance, and mass:
# 
  0	248	765	  1	
  2	212	765	  1	
  3	263	765	  1	
 11	364	765	  1	
 12	 29	765	  1	
 12	143	765	  1	
 15	274	765	  1	
 15	287	765	  1	
 19	456	765	  1	
 20	453	765	  1	
 24	477	765	  1	
 25	231	765	  1	
 27	151	765	  1	
 28	272	765	  1	
 29	139	765	  1	
 34	146	765	  1	
 40	234	765	  1	
 42	277	765	  1	
 44	239	765	  1	
 47	543	765	  1	
 50	235	765	  1	
 53	387	765	  1	
 54	144	765	  1	
 55	251	765	  1	
 56	184	765	  1	
 57	110	765	  1	
 63	104	765	  1	
 64	101	765	  1	
 64	346	765	  1	
 67	243	765	  1	
 71	103	765	  1	
 71	247	765	  1	
 71	287	765	  1	
 72	118	765	  1	
 74	144	765	  1	
 79	136	765	  1	
 79	295	765	  1	
 82	175	765	  1	
 86	149	765	  1	
 87	555	765	  1	
 88	210	765	  1	
 88	235	765	  1	
 88	255	765	  1	
 90	112	765	  1	
 91	164	765	  1	
 91	304	765	  1	
 95	584	765	  1	
 96	 94	765	  1	
 96	131	765	  1	
 96	154	765	  1	
 96	535	765	  1	
 99	128	765	  1	
101	240	765	  1	
103	159	765	  1	
104	419	765	  1	
104	445	765	  1	
107	 17	765	  1	
109	360	765	  1	
110	 79	765	  1	
110	284	765	  1	
110	441	765	  1	
111	128	765	  1	
111	416	765	  1	
111	423	765	  1	
119	375	765	  1	
120	256	765	  1	
120	346	765	  1	
120	392	765	  1	
122	167	765	  1	
123	111	765	  1	
123	150	765	  1	
124	256	765	  1	
125	136	765	  1	
126	372	765	  1	
126	415	765	  1	
127	128	765	  1	
127	168	765	  1	
127	447	765	  1	
128	 96	765	  1	
128	103	765	  1	
128	366	765	  1	
129	260	765	  1	
131	458	765	  1	
131	483	765	  1	
133	 83	765	  1	
134	266	765	  1	
134	336	765	  1	
134	363	765	  1	
135	 15	765	  1	
135	 99	765	  1	
136	 96	765	  1	
136	116	765	  1	
136	142	765	  1	
136	218	765	  1	
136	381	765	  1	
136	504	765	  1	
139	  7	765	  1	
139	103	765	  1	
139	376	765	  1	
141	515	765	  1	
142	 83	765	  1	
142	146	765	  1	
142	151	765	  1	
142	307	765	  1	
143	 96	765	  1	
143	168	765	  1	
144	144	765	  1	
144	152	765	  1	
144	159	765	  1	
144	179	765	  1	
144	190	765	  1	
144	259	765	  1	
144	277	765	  1	
144	298	765	  1	
147	 39	765	  1	
147	151	765	  1	
147	307	765	  1	
148	272	765	  1	
149	119	765	  1	
149	139	765	  1	
149	168	765	  1	
149	256	765	  1	
150	183	765	  1	
150	187	765	  1	
151	 80	765	  1	
151	 96	765	  1	
151	144	765	  1	
151	155	765	  1	
151	352	765	  1	
151	373	765	  1	
151	475	765	  1	
152	 55	765	  1	
152	114	765	  1	
152	126	765	  1	
152	384	765	  1	
152	462	765	  1	
155	 48	765	  1	
155	160	765	  1	
155	216	765	  1	
156	541	765	  1	
157	248	765	  1	
157	391	765	  1	
158	  9	765	  1	
158	500	765	  1	
159	 55	765	  1	
159	152	765	  1	
159	159	765	  1	
159	304	765	  1	
159	462	765	  1	
160	120	765	  1	
160	125	765	  1	
160	232	765	  1	
160	239	765	  1	
160	270	765	  1	
160	440	765	  1	
161	132	765	  1	
162	368	765	  1	
163	 48	765	  1	
163	103	765	  1	
163	519	765	  1	
164	144	765	  1	
164	264	765	  1	
165	 72	765	  1	
165	 79	765	  1	
166	136	765	  1	
166	151	765	  1	
166	272	765	  1	
167	 23	765	  1	
167	 55	765	  1	
167	 91	765	  1	
167	235	765	  1	
167	447	765	  1	
168	 64	765	  1	
168	134	765	  1	
168	176	765	  1	
168	183	765	  1	
168	232	765	  1	
168	253	765	  1	
168	267	765	  1	
168	407	765	  1	
168	583	765	  1	
170	381	765	  1	
171	 71	765	  1	
171	239	765	  1	
171	376	765	  1	
172	128	765	  1	
173	 58	765	  1	
173	 63	765	  1	
173	208	765	  1	
174	224	765	  1	
175	138	765	  1	
175	179	765	  1	
175	232	765	  1	
175	267	765	  1	
175	407	765	  1	
176	 38	765	  1	
176	 53	765	  1	
176	 72	765	  1	
176	103	765	  1	
176	188	765	  1	
176	197	765	  1	
176	248	765	  1	
176	491	765	  1	
176	520	765	  1	
178	186	765	  1	
179	  8	765	  1	
179	255	765	  1	
181	 76	765	  1	
182	  0	765	  1	
182	191	765	  1	
182	407	765	  1	
183	103	765	  1	
183	176	765	  1	
183	183	765	  1	
183	248	765	  1	
183	356	765	  1	
184	  7	765	  1	
184	 40	765	  1	
184	 61	765	  1	
184	136	765	  1	
184	143	765	  1	
184	154	765	  1	
184	200	765	  1	
184	239	765	  1	
184	263	765	  1	
184	400	765	  1	
184	423	765	  1	
184	598	765	  1	
187	 80	765	  1	
187	256	765	  1	
188	 56	765	  1	
189	472	765	  1	
190	 68	765	  1	
190	214	765	  1	
191	139	765	  1	
191	232	765	  1	
191	263	765	  1	
192	 82	765	  1	
192	136	765	  1	
192	177	765	  1	
192	186	765	  1	
192	246	765	  1	
192	463	765	  1	
195	143	765	  1	
195	200	765	  1	
195	207	765	  1	
197	  8	765	  1	
198	160	765	  1	
198	244	765	  1	
199	136	765	  1	
199	219	765	  1	
199	303	765	  1	
199	400	765	  1	
199	407	765	  1	
199	472	765	  1	
199	479	765	  1	
200	  5	765	  1	
200	 16	765	  1	
200	 32	765	  1	
200	 40	765	  1	
200	 95	765	  1	
200	142	765	  1	
200	174	765	  1	
200	288	765	  1	
200	438	765	  1	
201	 50	765	  1	
202	168	765	  1	
203	 88	765	  1	
204	 75	765	  1	
205	288	765	  1	
206	 23	765	  1	
206	370	765	  1	
206	461	765	  1	
207	 95	765	  1	
207	172	765	  1	
207	543	765	  1	
208	128	765	  1	
208	143	765	  1	
208	187	765	  1	
208	248	765	  1	
208	512	765	  1	
208	519	765	  1	
211	 16	765	  1	
211	251	765	  1	
212	376	765	  1	
213	140	765	  1	
213	176	765	  1	
214	128	765	  1	
214	248	765	  1	
215	 23	765	  1	
215	515	765	  1	
216	  7	765	  1	
216	 64	765	  1	
216	 72	765	  1	
216	 80	765	  1	
216	 88	765	  1	
216	115	765	  1	
216	120	765	  1	
216	124	765	  1	
216	146	765	  1	
216	173	765	  1	
216	247	765	  1	
216	418	765	  1	
216	423	765	  1	
219	  0	765	  1	
219	128	765	  1	
219	240	765	  1	
219	488	765	  1	
220	310	765	  1	
221	235	765	  1	
222	 66	765	  1	
222	176	765	  1	
222	229	765	  1	
223	  7	765	  1	
223	112	765	  1	
223	247	765	  1	
224	 64	765	  1	
224	 79	765	  1	
224	173	765	  1	
224	184	765	  1	
224	194	765	  1	
224	214	765	  1	
224	384	765	  1	
225	124	765	  1	
225	240	765	  1	
226	269	765	  1	
227	296	765	  1	
228	 79	765	  1	
229	 74	765	  1	
229	168	765	  1	
229	192	765	  1	
229	199	765	  1	
230	 56	765	  1	
230	215	765	  1	
230	245	765	  1	
230	416	765	  1	
231	368	765	  1	
231	551	765	  1	
232	 31	765	  1	
232	 54	765	  1	
232	 96	765	  1	
232	103	765	  1	
232	112	765	  1	
232	139	765	  1	
232	149	765	  1	
232	162	765	  1	
232	183	765	  1	
232	191	765	  1	
232	200	765	  1	
232	224	765	  1	
232	228	765	  1	
232	288	765	  1	
232	336	765	  1	
232	382	765	  1	
232	554	765	  1	
233	 91	765	  1	
234	376	765	  1	
235	 72	765	  1	
235	175	765	  1	
236	157	765	  1	
236	207	765	  1	
236	423	765	  1	
237	112	765	  1	
237	127	765	  1	
238	240	765	  1	
238	560	765	  1	
239	359	765	  1	
240	 70	765	  1	
240	 80	765	  1	
240	 88	765	  1	
240	100	765	  1	
240	109	765	  1	
240	120	765	  1	
240	131	765	  1	
240	187	765	  1	
240	232	765	  1	
240	239	765	  1	
240	456	765	  1	
241	  0	765	  1	
241	178	765	  1	
242	104	765	  1	
243	488	765	  1	
243	507	765	  1	
244	157	765	  1	
245	112	765	  1	
245	144	765	  1	
245	392	765	  1	
245	440	765	  1	
246	124	765	  1	
246	463	765	  1	
247	503	765	  1	
248	  4	765	  1	
248	 18	765	  1	
248	 79	765	  1	
248	104	765	  1	
248	127	765	  1	
248	162	765	  1	
248	167	765	  1	
248	218	765	  1	
248	223	765	  1	
248	327	765	  1	
248	365	765	  1	
248	411	765	  1	
248	448	765	  1	
250	 74	765	  1	
250	456	765	  1	
251	135	765	  1	
252	 26	765	  1	
253	195	765	  1	
253	335	765	  1	
253	472	765	  1	
253	534	765	  1	
254	  5	765	  1	
254	 79	765	  1	
254	462	765	  1	
255	208	765	  1	
255	359	765	  1	
255	408	765	  1	
255	421	765	  1	
255	528	765	  1	
256	136	765	  1	
256	152	765	  1	
256	232	765	  1	
256	240	765	  1	
256	248	765	  1	
256	258	765	  1	
256	420	765	  1	
256	439	765	  1	
257	 15	765	  1	
257	215	765	  1	
257	376	765	  1	
258	432	765	  1	
259	  0	765	  1	
259	  9	765	  1	
259	162	765	  1	
259	175	765	  1	
259	187	765	  1	
259	208	765	  1	
259	222	765	  1	
259	255	765	  1	
259	352	765	  1	
259	392	765	  1	
260	439	765	  1	
261	120	765	  1	
261	423	765	  1	
262	460	765	  1	
262	504	765	  1	
263	 31	765	  1	
263	152	765	  1	
263	248	765	  1	
263	328	765	  1	
264	 13	765	  1	
264	 75	765	  1	
264	104	765	  1	
264	111	765	  1	
264	119	765	  1	
264	160	765	  1	
264	167	765	  1	
264	191	765	  1	
264	201	765	  1	
264	213	765	  1	
264	247	765	  1	
264	271	765	  1	
264	528	765	  1	
266	295	765	  1	
267	406	765	  1	
269	 70	765	  1	
269	120	765	  1	
269	288	765	  1	
269	351	765	  1	
269	464	765	  1	
269	471	765	  1	
270	  2	765	  1	
270	 80	765	  1	
270	226	765	  1	
270	331	765	  1	
270	400	765	  1	
270	415	765	  1	
270	587	765	  1	
271	183	765	  1	
271	555	765	  1	
272	 85	765	  1	
272	136	765	  1	
272	142	765	  1	
272	152	765	  1	
272	201	765	  1	
272	223	765	  1	
272	264	765	  1	
272	282	765	  1	
272	402	765	  1	
272	445	765	  1	
273	107	765	  1	
273	156	765	  1	
273	414	765	  1	
274	183	765	  1	
275	 23	765	  1	
275	 31	765	  1	
275	216	765	  1	
275	229	765	  1	
275	440	765	  1	
276	  2	765	  1	
276	  7	765	  1	
276	 82	765	  1	
277	168	765	  1	
277	215	765	  1	
277	267	765	  1	
277	522	765	  1	
277	527	765	  1	
278	152	765	  1	
279	 72	765	  1	
279	121	765	  1	
279	128	765	  1	
279	223	765	  1	
279	352	765	  1	
279	413	765	  1	
279	594	765	  1	
280	 70	765	  1	
280	 85	765	  1	
280	105	765	  1	
280	115	765	  1	
280	146	765	  1	
280	165	765	  1	
280	247	765	  1	
280	252	765	  1	
280	261	765	  1	
280	272	765	  1	
280	303	765	  1	
280	464	765	  1	
282	471	765	  1	
283	296	765	  1	
283	414	765	  1	
283	432	765	  1	
285	144	765	  1	
285	151	765	  1	
285	160	765	  1	
285	172	765	  1	
285	192	765	  1	
285	199	765	  1	
285	232	765	  1	
285	256	765	  1	
286	370	765	  1	
287	 70	765	  1	
287	303	765	  1	
288	  0	765	  1	
288	  8	765	  1	
288	122	765	  1	
288	132	765	  1	
288	152	765	  1	
288	176	765	  1	
288	216	765	  1	
288	221	765	  1	
288	240	765	  1	
288	291	765	  1	
288	336	765	  1	
288	343	765	  1	
288	384	765	  1	
290	182	765	  1	
290	224	765	  1	
291	 72	765	  1	
291	157	765	  1	
291	220	765	  1	
291	296	765	  1	
291	391	765	  1	
293	 88	765	  1	
293	120	765	  1	
293	127	765	  1	
294	  0	765	  1	
294	107	765	  1	
294	176	765	  1	
295	 95	765	  1	
295	243	765	  1	
295	303	765	  1	
295	339	765	  1	
295	384	765	  1	
296	 43	765	  1	
296	 77	765	  1	
296	136	765	  1	
296	153	765	  1	
296	312	765	  1	
296	336	765	  1	
296	459	765	  1	
296	568	765	  1	
296	576	765	  1	
298	519	765	  1	
301	108	765	  1	
301	200	765	  1	
301	287	765	  1	
303	156	765	  1	
303	414	765	  1	
303	456	765	  1	
303	463	765	  1	
304	 96	765	  1	
304	122	765	  1	
304	176	765	  1	
304	184	765	  1	
304	215	765	  1	
304	218	765	  1	
304	459	765	  1	
304	584	765	  1	
305	246	765	  1	
306	208	765	  1	
306	336	765	  1	
308	  6	765	  1	
308	191	765	  1	
308	343	765	  1	
309	  0	765	  1	
309	 15	765	  1	
309	120	765	  1	
309	219	765	  1	
310	312	765	  1	
311	183	765	  1	
311	199	765	  1	
311	215	765	  1	
311	456	765	  1	
311	463	765	  1	
312	 24	765	  1	
312	 69	765	  1	
312	147	765	  1	
312	159	765	  1	
312	210	765	  1	
312	256	765	  1	
312	459	765	  1	
312	480	765	  1	
312	494	765	  1	
314	  6	765	  1	
314	485	765	  1	
315	138	765	  1	
315	152	765	  1	
315	160	765	  1	
315	272	765	  1	
315	432	765	  1	
316	  2	765	  1	
317	111	765	  1	
317	183	765	  1	
317	199	765	  1	
317	263	765	  1	
317	303	765	  1	
317	511	765	  1	
318	  7	765	  1	
318	436	765	  1	
318	480	765	  1	
319	120	765	  1	
319	456	765	  1	
319	463	765	  1	
320	 24	765	  1	
320	 76	765	  1	
320	 96	765	  1	
320	128	765	  1	
320	133	765	  1	
320	191	765	  1	
320	200	765	  1	
320	206	765	  1	
320	216	765	  1	
320	232	765	  1	
320	330	765	  1	
320	356	765	  1	
320	567	765	  1	
323	 72	765	  1	
323	245	765	  1	
323	256	765	  1	
323	338	765	  1	
324	 30	765	  1	
324	151	765	  1	
324	191	765	  1	
324	343	765	  1	
325	 86	765	  1	
325	166	765	  1	
325	203	765	  1	
325	331	765	  1	
325	352	765	  1	
325	483	765	  1	
326	 79	765	  1	
326	144	765	  1	
326	184	765	  1	
326	370	765	  1	
327	136	765	  1	
327	216	765	  1	
327	419	765	  1	
328	  2	765	  1	
328	  8	765	  1	
328	 21	765	  1	
328	 43	765	  1	
328	 55	765	  1	
328	 88	765	  1	
328	176	765	  1	
328	194	765	  1	
328	239	765	  1	
328	248	765	  1	
328	288	765	  1	
328	292	765	  1	
328	336	765	  1	
328	383	765	  1	
330	182	765	  1	
330	246	765	  1	
330	254	765	  1	
331	160	765	  1	
331	206	765	  1	
331	376	765	  1	
331	544	765	  1	
331	583	765	  1	
333	  7	765	  1	
333	 50	765	  1	
333	 64	765	  1	
333	 72	765	  1	
333	 79	765	  1	
333	 94	765	  1	
333	342	765	  1	
334	176	765	  1	
334	248	765	  1	
334	447	765	  1	
335	 40	765	  1	
335	 47	765	  1	
335	383	765	  1	
336	  0	765	  1	
336	 21	765	  1	
336	 58	765	  1	
336	110	765	  1	
336	138	765	  1	
336	158	765	  1	
336	168	765	  1	
336	188	765	  1	
336	196	765	  1	
336	279	765	  1	
336	392	765	  1	
337	151	765	  1	
337	224	765	  1	
338	192	765	  1	
338	235	765	  1	
338	246	765	  1	
339	 64	765	  1	
339	207	765	  1	
339	328	765	  1	
339	591	765	  1	
341	  0	765	  1	
341	128	765	  1	
341	136	765	  1	
341	143	765	  1	
341	174	765	  1	
341	288	765	  1	
341	295	765	  1	
342	240	765	  1	
342	448	765	  1	
342	455	765	  1	
343	 10	765	  1	
343	 56	765	  1	
343	 63	765	  1	
343	194	765	  1	
343	476	765	  1	
344	  1	765	  1	
344	 45	765	  1	
344	 81	765	  1	
344	113	765	  1	
344	120	765	  1	
344	125	765	  1	
344	133	765	  1	
344	275	765	  1	
344	312	765	  1	
344	320	765	  1	
344	359	765	  1	
346	124	765	  1	
346	149	765	  1	
346	214	765	  1	
348	228	765	  1	
349	 32	765	  1	
349	111	765	  1	
349	154	765	  1	
349	159	765	  1	
349	232	765	  1	
350	 23	765	  1	
350	 51	765	  1	
350	125	765	  1	
350	208	765	  1	
350	435	765	  1	
351	120	765	  1	
351	128	765	  1	
351	149	765	  1	
351	192	765	  1	
351	222	765	  1	
351	384	765	  1	
351	400	765	  1	
351	407	765	  1	
351	551	765	  1	
352	  0	765	  1	
352	 64	765	  1	
352	140	765	  1	
352	216	765	  1	
352	256	765	  1	
352	289	765	  1	
352	310	765	  1	
352	337	765	  1	
352	399	765	  1	
352	430	765	  1	
352	456	765	  1	
352	592	765	  1	
354	260	765	  1	
354	304	765	  1	
355	321	765	  1	
355	372	765	  1	
355	424	765	  1	
355	461	765	  1	
356	439	765	  1	
357	 16	765	  1	
357	 70	765	  1	
357	215	765	  1	
357	222	765	  1	
357	256	765	  1	
357	396	765	  1	
358	199	765	  1	
359	 27	765	  1	
359	 56	765	  1	
359	136	765	  1	
359	184	765	  1	
360	 48	765	  1	
360	 55	765	  1	
360	118	765	  1	
360	130	765	  1	
360	147	765	  1	
360	165	765	  1	
360	272	765	  1	
360	296	765	  1	
360	303	765	  1	
360	335	765	  1	
360	579	765	  1	
361	 80	765	  1	
361	 87	765	  1	
363	278	765	  1	
363	400	765	  1	
363	536	765	  1	
364	282	765	  1	
364	456	765	  1	
365	 24	765	  1	
365	 96	765	  1	
365	256	765	  1	
365	447	765	  1	
366	111	765	  1	
366	147	765	  1	
366	160	765	  1	
366	272	765	  1	
366	406	765	  1	
367	208	765	  1	
367	299	765	  1	
367	463	765	  1	
368	 21	765	  1	
368	 49	765	  1	
368	 69	765	  1	
368	 88	765	  1	
368	120	765	  1	
368	128	765	  1	
368	149	765	  1	
368	370	765	  1	
368	496	765	  1	
368	511	765	  1	
369	123	765	  1	
369	242	765	  1	
370	 11	765	  1	
370	471	765	  1	
371	280	765	  1	
371	304	765	  1	
373	319	765	  1	
374	 75	765	  1	
374	127	765	  1	
374	251	765	  1	
374	255	765	  1	
374	354	765	  1	
375	  0	765	  1	
375	136	765	  1	
375	224	765	  1	
375	432	765	  1	
376	 70	765	  1	
376	 80	765	  1	
376	 87	765	  1	
376	112	765	  1	
376	182	765	  1	
376	267	765	  1	
376	274	765	  1	
376	279	765	  1	
376	325	765	  1	
376	336	765	  1	
376	423	765	  1	
376	435	765	  1	
377	122	765	  1	
378	 54	765	  1	
378	 64	765	  1	
378	320	765	  1	
379	  0	765	  1	
379	 10	765	  1	
380	 16	765	  1	
380	250	765	  1	
381	 35	765	  1	
381	 70	765	  1	
381	144	765	  1	
381	176	765	  1	
381	243	765	  1	
381	278	765	  1	
381	472	765	  1	
382	 48	765	  1	
382	224	765	  1	
382	271	765	  1	
382	326	765	  1	
382	432	765	  1	
382	439	765	  1	
383	336	765	  1	
384	104	765	  1	
384	133	765	  1	
384	156	765	  1	
384	160	765	  1	
384	166	765	  1	
384	279	765	  1	
384	293	765	  1	
384	322	765	  1	
385	216	765	  1	
386	 72	765	  1	
386	207	765	  1	
386	445	765	  1	
387	136	765	  1	
387	264	765	  1	
387	288	765	  1	
387	440	765	  1	
387	590	765	  1	
389	107	765	  1	
389	190	765	  1	
389	207	765	  1	
390	127	765	  1	
391	 48	765	  1	
391	133	765	  1	
391	151	765	  1	
391	271	765	  1	
391	275	765	  1	
391	575	765	  1	
392	 31	765	  1	
392	119	765	  1	
392	135	765	  1	
392	141	765	  1	
392	231	765	  1	
392	262	765	  1	
392	278	765	  1	
392	320	765	  1	
392	432	765	  1	
392	439	765	  1	
393	 64	765	  1	
394	112	765	  1	
394	224	765	  1	
394	256	765	  1	
394	389	765	  1	
394	466	765	  1	
395	 24	765	  1	
395	435	765	  1	
396	217	765	  1	
397	 22	765	  1	
397	136	765	  1	
398	263	765	  1	
398	276	765	  1	
399	 31	765	  1	
399	119	765	  1	
399	432	765	  1	
399	439	765	  1	
400	  0	765	  1	
400	 40	765	  1	
400	 46	765	  1	
400	 72	765	  1	
400	 95	765	  1	
400	147	765	  1	
400	154	765	  1	
400	160	765	  1	
400	195	765	  1	
400	272	765	  1	
400	282	765	  1	
401	 64	765	  1	
402	167	765	  1	
402	296	765	  1	
403	237	765	  1	
403	254	765	  1	
403	403	765	  1	
405	 79	765	  1	
406	279	765	  1	
407	160	765	  1	
407	192	765	  1	
407	199	765	  1	
407	232	765	  1	
407	248	765	  1	
408	 13	765	  1	
408	 32	765	  1	
408	 65	765	  1	
408	 96	765	  1	
408	109	765	  1	
408	167	765	  1	
408	180	765	  1	
408	256	765	  1	
408	264	765	  1	
408	439	765	  1	
408	454	765	  1	
410	103	765	  1	
410	426	765	  1	
411	 37	765	  1	
411	 46	765	  1	
411	303	765	  1	
411	415	765	  1	
413	147	765	  1	
413	172	765	  1	
413	176	765	  1	
413	376	765	  1	
414	436	765	  1	
415	136	765	  1	
415	143	765	  1	
415	162	765	  1	
415	296	765	  1	
416	 29	765	  1	
416	 48	765	  1	
416	 52	765	  1	
416	128	765	  1	
416	175	765	  1	
416	183	765	  1	
416	243	765	  1	
417	 37	765	  1	
418	 64	765	  1	
419	 74	765	  1	
419	271	765	  1	
420	170	765	  1	
421	 24	765	  1	
421	 40	765	  1	
421	 91	765	  1	
421	120	765	  1	
421	216	765	  1	
422	 55	765	  1	
423	109	765	  1	
423	128	765	  1	
423	167	765	  1	
423	240	765	  1	
423	247	765	  1	
423	264	765	  1	
423	472	765	  1	
424	 56	765	  1	
424	 63	765	  1	
424	136	765	  1	
424	149	765	  1	
424	200	765	  1	
424	215	765	  1	
424	232	765	  1	
424	250	765	  1	
424	431	765	  1	
425	 51	765	  1	
425	318	765	  1	
426	375	765	  1	
427	208	765	  1	
427	304	765	  1	
428	  8	765	  1	
428	238	765	  1	
429	144	765	  1	
429	247	765	  1	
429	255	765	  1	
430	203	765	  1	
431	 59	765	  1	
431	 69	765	  1	
431	215	765	  1	
431	223	765	  1	
432	  0	765	  1	
432	 67	765	  1	
432	 79	765	  1	
432	 88	765	  1	
432	 98	765	  1	
432	105	765	  1	
432	114	765	  1	
432	122	765	  1	
432	148	765	  1	
432	152	765	  1	
432	159	765	  1	
432	208	765	  1	
432	224	765	  1	
432	231	765	  1	
432	421	765	  1	
434	144	765	  1	
434	173	765	  1	
435	 72	765	  1	
437	  0	765	  1	
437	120	765	  1	
437	127	765	  1	
438	154	765	  1	
439	 40	765	  1	
439	 79	765	  1	
439	103	765	  1	
439	167	765	  1	
439	227	765	  1	
439	343	765	  1	
439	421	765	  1	
440	 50	765	  1	
440	 74	765	  1	
440	117	765	  1	
440	131	765	  1	
440	184	765	  1	
440	255	765	  1	
440	327	765	  1	
440	330	765	  1	
440	344	765	  1	
440	413	765	  1	
440	591	765	  1	
441	155	765	  1	
442	190	765	  1	
442	320	765	  1	
445	 40	765	  1	
445	 47	765	  1	
445	 88	765	  1	
445	183	765	  1	
447	143	765	  1	
447	347	765	  1	
447	363	765	  1	
448	 24	765	  1	
448	 31	765	  1	
448	 35	765	  1	
448	 85	765	  1	
448	174	765	  1	
451	 47	765	  1	
451	 96	765	  1	
451	151	765	  1	
451	168	765	  1	
453	120	765	  1	
453	184	765	  1	
453	191	765	  1	
455	 27	765	  1	
455	 40	765	  1	
455	144	765	  1	
456	 32	765	  1	
456	 39	765	  1	
456	 70	765	  1	
456	205	765	  1	
456	238	765	  1	
456	248	765	  1	
456	254	765	  1	
456	354	765	  1	
458	 14	765	  1	
458	200	765	  1	
459	 18	765	  1	
459	160	765	  1	
459	228	765	  1	
461	104	765	  1	
461	251	765	  1	
461	359	765	  1	
462	 20	765	  1	
462	206	765	  1	
462	288	765	  1	
463	306	765	  1	
464	 24	765	  1	
464	 55	765	  1	
464	 80	765	  1	
464	 94	765	  1	
464	125	765	  1	
464	141	765	  1	
464	184	765	  1	
464	192	765	  1	
464	487	765	  1	
465	324	765	  1	
466	 49	765	  1	
466	152	765	  1	
467	 16	765	  1	
467	320	765	  1	
468	232	765	  1	
469	120	765	  1	
469	242	765	  1	
469	247	765	  1	
470	 39	765	  1	
470	124	765	  1	
470	239	765	  1	
471	 55	765	  1	
472	 27	765	  1	
472	152	765	  1	
472	156	765	  1	
472	213	765	  1	
472	261	765	  1	
472	312	765	  1	
472	319	765	  1	
472	353	765	  1	
472	359	765	  1	
473	 67	765	  1	
475	160	765	  1	
475	222	765	  1	
475	272	765	  1	
477	 56	765	  1	
477	126	765	  1	
479	 64	765	  1	
479	184	765	  1	
479	203	765	  1	
479	315	765	  1	
479	353	765	  1	
480	 23	765	  1	
480	 79	765	  1	
480	 96	765	  1	
480	111	765	  1	
480	182	765	  1	
480	283	765	  1	
480	317	765	  1	
483	 32	765	  1	
483	200	765	  1	
485	120	765	  1	
485	132	765	  1	
485	174	765	  1	
485	212	765	  1	
485	312	765	  1	
487	182	765	  1	
487	206	765	  1	
487	280	765	  1	
487	287	765	  1	
487	512	765	  1	
488	 88	765	  1	
488	103	765	  1	
488	147	765	  1	
488	195	765	  1	
488	301	765	  1	
488	535	765	  1	
489	131	765	  1	
490	 47	765	  1	
491	 35	765	  1	
491	184	765	  1	
491	283	765	  1	
493	296	765	  1	
495	 30	765	  1	
495	 98	765	  1	
495	192	765	  1	
495	199	765	  1	
495	587	765	  1	
496	  2	765	  1	
496	 59	765	  1	
496	 88	765	  1	
496	110	765	  1	
496	125	765	  1	
496	134	765	  1	
496	200	765	  1	
496	215	765	  1	
496	219	765	  1	
496	279	765	  1	
496	285	765	  1	
496	383	765	  1	
497	106	765	  1	
498	163	765	  1	
499	 47	765	  1	
499	182	765	  1	
499	208	765	  1	
500	 42	765	  1	
500	128	765	  1	
501	 91	765	  1	
501	 96	765	  1	
501	120	765	  1	
501	206	765	  1	
502	176	765	  1	
502	312	765	  1	
502	319	765	  1	
502	330	765	  1	
503	215	765	  1	
503	219	765	  1	
504	 40	765	  1	
504	 64	765	  1	
504	 71	765	  1	
504	 78	765	  1	
504	112	765	  1	
504	165	765	  1	
504	250	765	  1	
504	309	765	  1	
504	365	765	  1	
505	264	765	  1	
507	 80	765	  1	
507	342	765	  1	
507	348	765	  1	
507	352	765	  1	
509	 75	765	  1	
509	118	765	  1	
509	160	765	  1	
509	176	765	  1	
509	191	765	  1	
510	331	765	  1	
510	336	765	  1	
511	 16	765	  1	
512	 59	765	  1	
512	125	765	  1	
512	132	765	  1	
512	163	765	  1	
512	175	765	  1	
512	192	765	  1	
512	197	765	  1	
512	208	765	  1	
512	211	765	  1	
512	279	765	  1	
512	296	765	  1	
512	312	765	  1	
512	359	765	  1	
512	386	765	  1	
514	 39	765	  1	
514	253	765	  1	
515	 64	765	  1	
515	146	765	  1	
515	168	765	  1	
515	248	765	  1	
516	 55	765	  1	
516	312	765	  1	
517	104	765	  1	
517	208	765	  1	
517	295	765	  1	
518	133	765	  1	
518	212	765	  1	
518	328	765	  1	
519	 61	765	  1	
519	151	765	  1	
519	175	765	  1	
519	344	765	  1	
519	399	765	  1	
520	 96	765	  1	
520	160	765	  1	
520	166	765	  1	
520	182	765	  1	
520	189	765	  1	
520	216	765	  1	
520	255	765	  1	
520	408	765	  1	
521	152	765	  1	
522	264	765	  1	
525	136	765	  1	
525	163	765	  1	
525	215	765	  1	
525	296	765	  1	
525	399	765	  1	
526	408	765	  1	
527	176	765	  1	
527	392	765	  1	
527	491	765	  1	
528	 51	765	  1	
528	 85	765	  1	
528	 91	765	  1	
528	109	765	  1	
528	120	765	  1	
528	179	765	  1	
528	243	765	  1	
528	272	765	  1	
528	312	765	  1	
528	319	765	  1	
528	344	765	  1	
529	127	765	  1	
529	149	765	  1	
530	278	765	  1	
531	294	765	  1	
532	348	765	  1	
533	 48	765	  1	
533	 97	765	  1	
533	270	765	  1	
534	439	765	  1	
536	 56	765	  1	
536	 62	765	  1	
536	112	765	  1	
536	130	765	  1	
536	160	765	  1	
536	181	765	  1	
536	199	765	  1	
536	215	765	  1	
536	229	765	  1	
536	236	765	  1	
536	240	765	  1	
536	247	765	  1	
536	250	765	  1	
536	413	765	  1	
537	144	765	  1	
538	103	765	  1	
538	190	765	  1	
538	280	765	  1	
538	292	765	  1	
539	 80	765	  1	
539	208	765	  1	
539	400	765	  1	
540	382	765	  1	
541	104	765	  1	
541	111	765	  1	
541	122	765	  1	
541	128	765	  1	
541	135	765	  1	
541	248	765	  1	
541	255	765	  1	
541	375	765	  1	
542	 96	765	  1	
543	199	765	  1	
543	215	765	  1	
543	243	765	  1	
543	287	765	  1	
544	 64	765	  1	
544	 72	765	  1	
544	144	765	  1	
544	223	765	  1	
544	232	765	  1	
544	261	765	  1	
544	269	765	  1	
544	288	765	  1	
544	325	765	  1	
544	371	765	  1	
545	110	765	  1	
545	244	765	  1	
546	 77	765	  1	
546	167	765	  1	
547	136	765	  1	
548	320	765	  1	
549	157	765	  1	
550	 86	765	  1	
550	232	765	  1	
550	240	765	  1	
551	 72	765	  1	
551	288	765	  1	
551	328	765	  1	
551	368	765	  1	
551	375	765	  1	
552	  0	765	  1	
552	  7	765	  1	
552	 64	765	  1	
552	 79	765	  1	
552	111	765	  1	
552	134	765	  1	
552	224	765	  1	
552	231	765	  1	
552	235	765	  1	
552	323	765	  1	
552	415	765	  1	
553	184	765	  1	
554	141	765	  1	
555	 48	765	  1	
555	256	765	  1	
555	263	765	  1	
556	246	765	  1	
557	207	765	  1	
557	240	765	  1	
558	135	765	  1	
558	272	765	  1	
559	  3	765	  1	
559	 51	765	  1	
559	 75	765	  1	
559	 96	765	  1	
559	227	765	  1	
559	320	765	  1	
559	327	765	  1	
559	415	765	  1	
560	  8	765	  1	
560	 15	765	  1	
560	103	765	  1	
560	216	765	  1	
560	222	765	  1	
560	237	765	  1	
560	308	765	  1	
560	312	765	  1	
560	394	765	  1	
561	296	765	  1	
563	 16	765	  1	
563	159	765	  1	
563	256	765	  1	
565	  0	765	  1	
565	  7	765	  1	
565	101	765	  1	
565	104	765	  1	
565	111	765	  1	
565	120	765	  1	
565	125	765	  1	
565	219	765	  1	
565	382	765	  1	
566	135	765	  1	
566	301	765	  1	
567	 11	765	  1	
567	192	765	  1	
567	319	765	  1	
567	343	765	  1	
568	 63	765	  1	
568	102	765	  1	
568	112	765	  1	
568	157	765	  1	
568	182	765	  1	
568	248	765	  1	
568	272	765	  1	
568	333	765	  1	
568	379	765	  1	
568	416	765	  1	
570	286	765	  1	
570	328	765	  1	
571	198	765	  1	
571	253	765	  1	
572	334	765	  1	
572	356	765	  1	
573	  0	765	  1	
573	100	765	  1	
573	118	765	  1	
573	152	765	  1	
573	278	765	  1	
574	424	765	  1	
574	431	765	  1	
575	182	765	  1	
575	328	765	  1	
576	 69	765	  1	
576	139	765	  1	
576	184	765	  1	
576	232	765	  1	
576	248	765	  1	
576	255	765	  1	
576	261	765	  1	
576	270	765	  1	
576	283	765	  1	
576	312	765	  1	
576	319	765	  1	
576	335	765	  1	
579	304	765	  1	
580	325	765	  1	
582	136	765	  1	
582	143	765	  1	
582	190	765	  1	
582	279	765	  1	
583	315	765	  1	
584	  7	765	  1	
584	 96	765	  1	
584	176	765	  1	
584	219	765	  1	
584	301	765	  1	
584	386	765	  1	
585	275	765	  1	
586	280	765	  1	
586	338	765	  1	
587	  0	765	  1	
587	343	765	  1	
587	396	765	  1	
588	288	765	  1	
588	309	765	  1	
589	100	765	  1	
590	109	765	  1	
590	295	765	  1	
590	312	765	  1	
591	  7	765	  1	
591	176	765	  1	
591	187	765	  1	
591	192	765	  1	
591	216	765	  1	
591	223	765	  1	
591	280	765	  1	
592	 90	765	  1	
592	112	765	  1	
592	146	765	  1	
592	163	765	  1	
592	222	765	  1	
592	224	765	  1	
592	230	765	  1	
592	248	765	  1	
592	327	765	  1	
592	347	765	  1	
592	376	765	  1	
593	  3	765	  1	
595	119	765	  1	
595	200	765	  1	
595	285	765	  1	
595	328	765	  1	
596	576	765	  1	
597	 32	765	  1	
597	 39	765	  1	
597	227	765	  1	
598	 88	765	  1	
598	151	765	  1	
598	301	765	  1	
598	383	765	  1	
599	160	765	  1	
599	167	765	  1	
599	280	765	  1	
599	307	765	  1	
599	344	765	  1	
599	351	765	  1	
599	399	765	  1	
599	552	765	  1	
600	103	765	  1	
600	120	765	  1	
600	168	765	  1	
600	232	765	  1	
600	240	765	  1	
600	244	765	  1	
600	256	765	  1	
600	267	765	  1	
600	277	765	  1	
600	288	765	  1	
600	322	765	  1	
600	367	765	  1	
601	175	765	  1	
602	 96	765	  1	
602	272	765	  1	
603	104	765	  1	
603	360	765	  1	
605	245	765	  1	
606	170	765	  1	
606	278	765	  1	
606	352	765	  1	
607	106	765	  1	
607	120	765	  1	
607	288	765	  1	
607	367	765	  1	
608	 79	765	  1	
608	143	765	  1	
608	285	765	  1	
610	  8	765	  1	
611	136	765	  1	
612	191	765	  1	
612	333	765	  1	
613	 14	765	  1	
614	 77	765	  1	
614	292	765	  1	
615	143	765	  1	
616	240	765	  1	
616	247	765	  1	
616	296	765	  1	
616	306	765	  1	
621	304	765	  1	
621	311	765	  1	
622	286	765	  1	
623	 64	765	  1	
623	243	765	  1	
623	500	765	  1	
624	 47	765	  1	
624	 87	765	  1	
624	111	765	  1	
624	256	765	  1	
624	289	765	  1	
626	 96	765	  1	
627	320	765	  1	
629	295	765	  1	
630	265	765	  1	
630	288	765	  1	
630	491	765	  1	
631	263	765	  1	
632	119	765	  1	
634	480	765	  1	
634	527	765	  1	
635	112	765	  1	
638	144	765	  1	
638	151	765	  1	
639	119	765	  1	
640	 61	765	  1	
640	230	765	  1	
640	312	765	  1	
640	327	765	  1	
640	336	765	  1	
640	384	765	  1	
640	392	765	  1	
640	594	765	  1	
642	 74	765	  1	
643	 56	765	  1	
643	112	765	  1	
643	224	765	  1	
643	320	765	  1	
643	344	765	  1	
644	336	765	  1	
646	 99	765	  1	
646	315	765	  1	
646	531	765	  1	
647	 79	765	  1	
647	119	765	  1	
647	270	765	  1	
647	327	765	  1	
647	394	765	  1	
648	 61	765	  1	
648	311	765	  1	
648	354	765	  1	
648	470	765	  1	
648	568	765	  1	
654	184	765	  1	
654	359	765	  1	
655	311	765	  1	
656	110	765	  1	
656	152	765	  1	
659	159	765	  1	
660	487	765	  1	
663	151	765	  1	
664	 63	765	  1	
664	273	765	  1	
666	311	765	  1	
667	175	765	  1	
669	160	765	  1	
670	141	765	  1	
671	376	765	  1	
672	408	765	  1	
672	477	765	  1	
675	 72	765	  1	
686	219	765	  1	
688	155	765	  1	
691	149	765	  1	
696	379	765	  1	
701	325	765	  1	
704	235	765	  1	
715	218	765	  1	
758	 56	765	  1	
