# 
#  Image file: Goad2_T0137.jpg
#  Applied threshold: 575
#  Algorithm used: fill2                 
#  Particle count: 1686
#  Location (x,y), max luminance, and mass:
# 
  0	203	765	  1	
  0	296	765	  1	
  3	399	765	  1	
  7	303	765	  1	
  8	142	765	  1	
  8	259	765	  1	
 15	240	765	  1	
 15	455	765	  1	
 19	497	765	  1	
 20	330	765	  1	
 23	412	765	  1	
 24	400	765	  1	
 24	442	765	  1	
 25	189	765	  1	
 25	240	765	  1	
 35	145	765	  1	
 36	247	765	  1	
 36	454	765	  1	
 37	559	765	  1	
 42	312	765	  1	
 43	123	765	  1	
 43	278	765	  1	
 50	349	765	  1	
 52	113	765	  1	
 53	346	765	  1	
 54	256	765	  1	
 56	 98	765	  1	
 56	343	765	  1	
 59	351	765	  1	
 60	294	765	  1	
 61	103	765	  1	
 63	288	765	  1	
 70	375	765	  1	
 72	303	765	  1	
 72	566	765	  1	
 73	197	765	  1	
 79	367	765	  1	
 80	319	765	  1	
 80	391	765	  1	
 85	 79	765	  1	
 87	448	765	  1	
 88	375	765	  1	
 92	162	765	  1	
 94	274	765	  1	
 95	 83	765	  1	
 95	312	765	  1	
 96	375	765	  1	
 96	383	765	  1	
 99	130	765	  1	
100	224	765	  1	
101	431	765	  1	
104	413	765	  1	
107	402	765	  1	
108	408	765	  1	
110	295	765	  1	
110	428	765	  1	
112	 96	765	  1	
116	419	765	  1	
117	440	765	  1	
117	499	765	  1	
119	368	765	  1	
120	149	765	  1	
120	256	765	  1	
120	277	765	  1	
120	285	765	  1	
120	461	765	  1	
123	128	765	  1	
123	314	765	  1	
125	141	765	  1	
126	106	765	  1	
126	272	765	  1	
126	415	765	  1	
127	  7	765	  1	
127	 88	765	  1	
127	256	765	  1	
128	232	765	  1	
128	453	765	  1	
130	295	765	  1	
131	  0	765	  1	
131	268	765	  1	
132	243	765	  1	
133	278	765	  1	
133	457	765	  1	
134	128	765	  1	
134	266	765	  1	
135	307	765	  1	
135	448	765	  1	
136	 94	765	  1	
136	215	765	  1	
136	227	765	  1	
136	325	765	  1	
136	424	765	  1	
138	162	765	  1	
139	167	765	  1	
139	263	765	  1	
140	  7	765	  1	
141	144	765	  1	
142	 15	765	  1	
143	 92	765	  1	
143	174	765	  1	
143	211	765	  1	
143	224	765	  1	
143	231	765	  1	
144	 70	765	  1	
144	250	765	  1	
144	255	765	  1	
144	279	765	  1	
144	365	765	  1	
144	431	765	  1	
147	160	765	  1	
148	317	765	  1	
150	219	765	  1	
150	288	765	  1	
151	 92	765	  1	
151	112	765	  1	
151	127	765	  1	
151	175	765	  1	
151	215	765	  1	
152	 75	765	  1	
152	106	765	  1	
152	138	765	  1	
154	275	765	  1	
155	252	765	  1	
156	263	765	  1	
156	527	765	  1	
157	 79	765	  1	
158	136	765	  1	
158	226	765	  1	
158	231	765	  1	
159	279	765	  1	
160	 44	765	  1	
160	 63	765	  1	
160	 88	765	  1	
160	232	765	  1	
160	239	765	  1	
160	333	765	  1	
160	376	765	  1	
160	476	765	  1	
161	136	765	  1	
161	143	765	  1	
162	 71	765	  1	
164	264	765	  1	
165	216	765	  1	
166	368	765	  1	
166	375	765	  1	
167	 63	765	  1	
167	 66	765	  1	
167	184	765	  1	
167	235	765	  1	
167	439	765	  1	
168	 88	765	  1	
168	192	765	  1	
168	199	765	  1	
168	264	765	  1	
168	343	765	  1	
168	373	765	  1	
168	403	765	  1	
168	408	765	  1	
171	 80	765	  1	
171	336	765	  1	
173	131	765	  1	
173	240	765	  1	
173	295	765	  1	
174	227	765	  1	
174	264	765	  1	
175	195	765	  1	
175	343	765	  1	
175	400	765	  1	
175	407	765	  1	
175	424	765	  1	
176	 72	765	  1	
176	164	765	  1	
176	192	765	  1	
176	256	765	  1	
176	304	765	  1	
176	384	765	  1	
176	391	765	  1	
176	471	765	  1	
178	 77	765	  1	
178	199	765	  1	
179	263	765	  1	
179	400	765	  1	
181	160	765	  1	
181	188	765	  1	
181	408	765	  1	
182	335	765	  1	
182	387	765	  1	
183	 76	765	  1	
183	256	765	  1	
183	288	765	  1	
184	 80	765	  1	
184	104	765	  1	
184	111	765	  1	
184	144	765	  1	
184	174	765	  1	
184	285	765	  1	
184	316	765	  1	
184	331	765	  1	
184	359	765	  1	
184	368	765	  1	
184	377	765	  1	
184	383	765	  1	
185	323	765	  1	
186	354	765	  1	
187	 55	765	  1	
187	272	765	  1	
188	 87	765	  1	
189	368	765	  1	
190	335	765	  1	
190	359	765	  1	
191	104	765	  1	
191	111	765	  1	
191	144	765	  1	
191	304	765	  1	
191	331	765	  1	
191	379	765	  1	
191	472	765	  1	
191	479	765	  1	
192	 56	765	  1	
192	148	765	  1	
192	207	765	  1	
192	279	765	  1	
192	366	765	  1	
192	380	765	  1	
192	394	765	  1	
194	 32	765	  1	
194	295	765	  1	
194	416	765	  1	
195	247	765	  1	
195	360	765	  1	
196	168	765	  1	
196	274	765	  1	
196	536	765	  1	
197	144	765	  1	
197	192	765	  1	
197	383	765	  1	
198	367	765	  1	
199	 56	765	  1	
199	287	765	  1	
199	520	765	  1	
200	 12	765	  1	
200	 96	765	  1	
200	114	765	  1	
200	175	765	  1	
200	187	765	  1	
200	271	765	  1	
200	296	765	  1	
200	303	765	  1	
200	310	765	  1	
200	315	765	  1	
200	375	765	  1	
200	528	765	  1	
201	122	765	  1	
201	343	765	  1	
202	304	765	  1	
203	168	765	  1	
203	264	765	  1	
203	335	765	  1	
205	135	765	  1	
205	179	765	  1	
207	 96	765	  1	
207	175	765	  1	
207	187	765	  1	
207	271	765	  1	
207	299	765	  1	
207	312	765	  1	
207	319	765	  1	
207	528	765	  1	
207	543	765	  1	
208	456	765	  1	
210	216	765	  1	
211	280	765	  1	
211	360	765	  1	
211	391	765	  1	
212	474	765	  1	
213	335	765	  1	
214	 66	765	  1	
214	383	765	  1	
215	456	765	  1	
216	 53	765	  1	
216	 67	765	  1	
216	114	765	  1	
216	131	765	  1	
216	152	765	  1	
216	171	765	  1	
216	256	765	  1	
216	312	765	  1	
216	371	765	  1	
216	414	765	  1	
218	159	765	  1	
218	408	765	  1	
219	144	765	  1	
220	 72	765	  1	
220	262	765	  1	
221	 64	765	  1	
221	190	765	  1	
221	503	765	  1	
221	546	765	  1	
222	 79	765	  1	
222	119	765	  1	
222	167	765	  1	
222	376	765	  1	
222	415	765	  1	
222	586	765	  1	
223	 20	765	  1	
223	 31	765	  1	
223	 43	765	  1	
223	135	765	  1	
223	175	765	  1	
223	368	765	  1	
224	 36	765	  1	
224	 93	765	  1	
224	103	765	  1	
224	208	765	  1	
224	256	765	  1	
224	348	765	  1	
224	416	765	  1	
225	233	765	  1	
226	122	765	  1	
226	423	765	  1	
227	 64	765	  1	
227	 71	765	  1	
227	127	765	  1	
228	 47	765	  1	
229	 88	765	  1	
229	237	765	  1	
230	215	765	  1	
230	416	765	  1	
231	104	765	  1	
231	224	765	  1	
231	247	765	  1	
232	 95	765	  1	
232	207	765	  1	
232	338	765	  1	
232	384	765	  1	
232	392	765	  1	
232	398	765	  1	
232	408	765	  1	
232	415	765	  1	
232	471	765	  1	
233	123	765	  1	
234	 64	765	  1	
234	391	765	  1	
235	  6	765	  1	
235	 96	765	  1	
235	119	765	  1	
235	256	765	  1	
236	 91	765	  1	
236	361	765	  1	
237	 80	765	  1	
237	146	765	  1	
237	202	765	  1	
237	224	765	  1	
238	 72	765	  1	
238	424	765	  1	
238	431	765	  1	
238	448	765	  1	
238	455	765	  1	
239	  0	765	  1	
239	411	765	  1	
240	 34	765	  1	
240	 42	765	  1	
240	101	765	  1	
240	111	765	  1	
240	131	765	  1	
240	192	765	  1	
240	248	765	  1	
240	294	765	  1	
240	464	765	  1	
240	552	765	  1	
243	 56	765	  1	
243	107	765	  1	
243	180	765	  1	
245	 70	765	  1	
246	178	765	  1	
246	286	765	  1	
246	407	765	  1	
246	451	765	  1	
246	556	765	  1	
247	  8	765	  1	
247	 19	765	  1	
247	104	765	  1	
247	111	765	  1	
247	346	765	  1	
247	360	765	  1	
248	 24	765	  1	
248	219	765	  1	
248	229	765	  1	
248	240	765	  1	
248	344	765	  1	
248	402	765	  1	
248	410	765	  1	
248	416	765	  1	
249	208	765	  1	
251	 91	765	  1	
251	112	765	  1	
251	119	765	  1	
251	184	765	  1	
251	430	765	  1	
251	488	765	  1	
252	375	765	  1	
252	456	765	  1	
253	152	765	  1	
253	406	765	  1	
254	252	765	  1	
254	413	765	  1	
254	463	765	  1	
254	467	765	  1	
255	 24	765	  1	
255	219	765	  1	
255	296	765	  1	
255	344	765	  1	
255	511	765	  1	
256	  0	765	  1	
256	 38	765	  1	
256	139	765	  1	
256	160	765	  1	
256	205	765	  1	
256	216	765	  1	
256	231	765	  1	
256	268	765	  1	
256	312	765	  1	
256	379	765	  1	
256	432	765	  1	
256	538	765	  1	
257	 30	765	  1	
257	102	765	  1	
257	284	765	  1	
258	419	765	  1	
259	224	765	  1	
259	272	765	  1	
259	411	765	  1	
259	448	765	  1	
260	 61	765	  1	
260	160	765	  1	
260	208	765	  1	
260	368	765	  1	
261	 39	765	  1	
261	223	765	  1	
261	227	765	  1	
261	456	765	  1	
262	256	765	  1	
262	375	765	  1	
262	540	765	  1	
263	136	765	  1	
263	143	765	  1	
263	320	765	  1	
264	 34	765	  1	
264	 39	765	  1	
264	 99	765	  1	
264	104	765	  1	
264	237	765	  1	
264	392	765	  1	
264	427	765	  1	
264	527	765	  1	
265	152	765	  1	
265	192	765	  1	
265	199	765	  1	
266	408	765	  1	
267	 78	765	  1	
267	161	765	  1	
267	232	765	  1	
267	345	765	  1	
267	349	765	  1	
268	111	765	  1	
268	331	765	  1	
269	 56	765	  1	
269	223	765	  1	
270	 29	765	  1	
270	 37	765	  1	
270	400	765	  1	
270	524	765	  1	
271	195	765	  1	
271	288	765	  1	
271	327	765	  1	
272	 45	765	  1	
272	112	765	  1	
272	116	765	  1	
272	128	765	  1	
272	135	765	  1	
272	141	765	  1	
272	167	765	  1	
272	176	765	  1	
272	247	765	  1	
272	352	765	  1	
272	363	765	  1	
272	384	765	  1	
272	390	765	  1	
272	416	765	  1	
272	438	765	  1	
272	445	765	  1	
272	463	765	  1	
272	471	765	  1	
274	136	765	  1	
275	 96	765	  1	
275	240	765	  1	
275	271	765	  1	
275	422	765	  1	
275	456	765	  1	
276	538	765	  1	
277	 31	765	  1	
277	387	765	  1	
278	141	765	  1	
278	152	765	  1	
278	287	765	  1	
278	467	765	  1	
279	  8	765	  1	
279	113	765	  1	
279	131	765	  1	
279	247	765	  1	
279	445	765	  1	
279	463	765	  1	
280	  5	765	  1	
280	 56	765	  1	
280	 78	765	  1	
280	 93	765	  1	
280	135	765	  1	
280	143	765	  1	
280	155	765	  1	
280	163	765	  1	
280	175	765	  1	
280	189	765	  1	
280	200	765	  1	
280	208	765	  1	
280	223	765	  1	
280	248	765	  1	
280	284	765	  1	
280	288	765	  1	
280	312	765	  1	
280	334	765	  1	
280	362	765	  1	
280	384	765	  1	
280	398	765	  1	
280	414	765	  1	
280	503	765	  1	
281	464	765	  1	
281	469	765	  1	
282	  0	765	  1	
283	253	765	  1	
283	496	765	  1	
284	217	765	  1	
284	408	765	  1	
285	 48	765	  1	
285	171	765	  1	
285	184	765	  1	
285	392	765	  1	
285	432	765	  1	
285	439	765	  1	
286	  6	765	  1	
286	117	765	  1	
286	179	765	  1	
286	200	765	  1	
286	223	765	  1	
286	389	765	  1	
287	152	765	  1	
287	167	765	  1	
287	503	765	  1	
288	 16	765	  1	
288	 28	765	  1	
288	 70	765	  1	
288	104	765	  1	
288	240	765	  1	
288	247	765	  1	
288	294	765	  1	
288	298	765	  1	
288	358	765	  1	
288	424	765	  1	
288	445	765	  1	
288	544	765	  1	
290	 64	765	  1	
290	120	765	  1	
291	128	765	  1	
293	 28	765	  1	
293	158	765	  1	
293	215	765	  1	
293	291	765	  1	
293	349	765	  1	
293	430	765	  1	
293	551	765	  1	
294	 40	765	  1	
294	 71	765	  1	
294	320	765	  1	
294	493	765	  1	
295	104	765	  1	
295	243	765	  1	
295	599	765	  1	
296	 24	765	  1	
296	 31	765	  1	
296	 39	765	  1	
296	 47	765	  1	
296	 72	765	  1	
296	 80	765	  1	
296	 85	765	  1	
296	118	765	  1	
296	184	765	  1	
296	250	765	  1	
296	488	765	  1	
296	501	765	  1	
296	560	765	  1	
296	575	765	  1	
297	 79	765	  1	
297	392	765	  1	
299	 56	765	  1	
299	365	765	  1	
299	496	765	  1	
300	128	765	  1	
301	127	765	  1	
301	296	765	  1	
301	303	765	  1	
301	352	765	  1	
301	357	765	  1	
302	 81	765	  1	
302	133	765	  1	
302	467	765	  1	
302	495	765	  1	
303	 72	765	  1	
303	 87	765	  1	
304	144	765	  1	
304	184	765	  1	
304	200	765	  1	
304	286	765	  1	
304	312	765	  1	
304	359	765	  1	
304	592	765	  1	
307	 48	765	  1	
307	 79	765	  1	
307	189	765	  1	
307	354	765	  1	
309	 23	765	  1	
309	168	765	  1	
309	208	765	  1	
309	317	765	  1	
309	371	765	  1	
309	398	765	  1	
310	  8	765	  1	
310	292	765	  1	
310	496	765	  1	
311	120	765	  1	
311	144	765	  1	
312	 16	765	  1	
312	 20	765	  1	
312	 40	765	  1	
312	 64	765	  1	
312	 82	765	  1	
312	110	765	  1	
312	159	765	  1	
312	189	765	  1	
312	211	765	  1	
312	238	765	  1	
312	339	765	  1	
312	387	765	  1	
312	400	765	  1	
312	568	765	  1	
313	144	765	  1	
314	 54	765	  1	
314	 59	765	  1	
314	161	765	  1	
314	184	765	  1	
314	232	765	  1	
315	  8	765	  1	
315	 24	765	  1	
315	128	765	  1	
315	264	765	  1	
317	200	765	  1	
317	207	765	  1	
318	 21	765	  1	
318	 48	765	  1	
318	190	765	  1	
318	280	765	  1	
319	 16	765	  1	
319	 76	765	  1	
319	120	765	  1	
319	156	765	  1	
319	236	765	  1	
319	328	765	  1	
319	336	765	  1	
319	343	765	  1	
319	384	765	  1	
319	391	765	  1	
320	  0	765	  1	
320	132	765	  1	
320	171	765	  1	
320	181	765	  1	
320	255	765	  1	
320	285	765	  1	
320	320	765	  1	
320	349	765	  1	
320	377	765	  1	
320	383	765	  1	
320	405	765	  1	
320	416	765	  1	
320	512	765	  1	
320	584	765	  1	
321	357	765	  1	
322	103	765	  1	
323	 48	765	  1	
323	300	765	  1	
323	546	765	  1	
324	 95	765	  1	
324	248	765	  1	
325	 87	765	  1	
325	 92	765	  1	
325	144	765	  1	
325	344	765	  1	
326	411	765	  1	
327	  0	765	  1	
327	168	765	  1	
327	503	765	  1	
328	 37	765	  1	
328	 45	765	  1	
328	106	765	  1	
328	184	765	  1	
328	191	765	  1	
328	213	765	  1	
328	269	765	  1	
328	299	765	  1	
328	408	765	  1	
328	567	765	  1	
328	584	765	  1	
330	208	765	  1	
331	  8	765	  1	
331	 24	765	  1	
331	328	765	  1	
331	512	765	  1	
333	  0	765	  1	
333	160	765	  1	
333	227	765	  1	
334	214	765	  1	
334	418	765	  1	
336	 17	765	  1	
336	109	765	  1	
336	134	765	  1	
336	201	765	  1	
336	207	765	  1	
336	280	765	  1	
336	293	765	  1	
336	312	765	  1	
336	358	765	  1	
336	380	765	  1	
336	432	765	  1	
336	439	765	  1	
336	560	765	  1	
337	143	765	  1	
337	354	765	  1	
338	 99	765	  1	
339	405	765	  1	
340	211	765	  1	
341	 32	765	  1	
341	190	765	  1	
341	207	765	  1	
342	 16	765	  1	
343	142	765	  1	
343	201	765	  1	
343	248	765	  1	
343	359	765	  1	
343	382	765	  1	
343	435	765	  1	
344	 24	765	  1	
344	 31	765	  1	
344	 45	765	  1	
344	 91	765	  1	
344	104	765	  1	
344	113	765	  1	
344	141	765	  1	
344	235	765	  1	
344	264	765	  1	
344	272	765	  1	
344	288	765	  1	
344	448	765	  1	
346	455	765	  1	
347	  6	765	  1	
347	295	765	  1	
347	440	765	  1	
348	448	765	  1	
349	 59	765	  1	
349	375	765	  1	
349	384	765	  1	
351	 40	765	  1	
351	139	765	  1	
351	232	765	  1	
351	239	765	  1	
351	280	765	  1	
351	288	765	  1	
351	408	765	  1	
352	 72	765	  1	
352	 80	765	  1	
352	 96	765	  1	
352	152	765	  1	
352	290	765	  1	
352	392	765	  1	
352	411	765	  1	
352	440	765	  1	
354	264	765	  1	
354	326	765	  1	
354	464	765	  1	
355	399	765	  1	
355	408	765	  1	
355	415	765	  1	
356	  4	765	  1	
356	295	765	  1	
357	 55	765	  1	
357	312	765	  1	
358	 72	765	  1	
358	136	765	  1	
358	143	765	  1	
358	288	765	  1	
359	320	765	  1	
359	392	765	  1	
359	411	765	  1	
360	 80	765	  1	
360	 93	765	  1	
360	123	765	  1	
360	144	765	  1	
360	206	765	  1	
360	235	765	  1	
360	316	765	  1	
360	375	765	  1	
360	400	765	  1	
360	456	765	  1	
362	113	765	  1	
362	149	765	  1	
363	175	765	  1	
363	278	765	  1	
364	 24	765	  1	
364	 86	765	  1	
364	144	765	  1	
364	183	765	  1	
365	232	765	  1	
366	 31	765	  1	
366	120	765	  1	
366	204	765	  1	
366	216	765	  1	
367	149	765	  1	
367	400	765	  1	
367	459	765	  1	
368	  2	765	  1	
368	 24	765	  1	
368	 48	765	  1	
368	 64	765	  1	
368	 70	765	  1	
368	 78	765	  1	
368	113	765	  1	
368	139	765	  1	
368	152	765	  1	
368	163	765	  1	
368	207	765	  1	
368	238	765	  1	
368	402	765	  1	
368	536	765	  1	
371	  6	765	  1	
371	200	765	  1	
371	304	765	  1	
373	 27	765	  1	
373	 64	765	  1	
373	 71	765	  1	
373	 87	765	  1	
374	253	765	  1	
374	358	765	  1	
375	148	765	  1	
375	152	765	  1	
375	207	765	  1	
375	239	765	  1	
375	536	765	  1	
376	 21	765	  1	
376	 32	765	  1	
376	 80	765	  1	
376	120	765	  1	
376	128	765	  1	
376	135	765	  1	
376	204	765	  1	
376	248	765	  1	
376	278	765	  1	
376	304	765	  1	
376	308	765	  1	
376	459	765	  1	
376	468	765	  1	
378	  4	765	  1	
378	 16	765	  1	
378	 38	765	  1	
378	125	765	  1	
379	 56	765	  1	
379	112	765	  1	
379	189	765	  1	
379	255	765	  1	
381	 80	765	  1	
381	384	765	  1	
381	463	765	  1	
382	 22	765	  1	
382	 32	765	  1	
382	105	765	  1	
383	120	765	  1	
383	131	765	  1	
383	248	765	  1	
383	407	765	  1	
384	 24	765	  1	
384	 30	765	  1	
384	 41	765	  1	
384	 70	765	  1	
384	224	765	  1	
384	232	765	  1	
384	254	765	  1	
384	263	765	  1	
384	350	765	  1	
385	110	765	  1	
385	239	765	  1	
386	248	765	  1	
386	304	765	  1	
387	 88	765	  1	
387	256	765	  1	
387	488	765	  1	
388	136	765	  1	
389	 27	765	  1	
390	280	765	  1	
391	 48	765	  1	
391	128	765	  1	
391	135	765	  1	
391	143	765	  1	
391	235	765	  1	
391	252	765	  1	
391	263	765	  1	
391	432	765	  1	
392	 72	765	  1	
392	101	765	  1	
392	109	765	  1	
392	294	765	  1	
392	300	765	  1	
392	314	765	  1	
392	320	765	  1	
394	220	765	  1	
394	288	765	  1	
395	 32	765	  1	
395	175	765	  1	
395	477	765	  1	
395	504	765	  1	
396	191	765	  1	
397	300	765	  1	
399	319	765	  1	
400	 16	765	  1	
400	 40	765	  1	
400	 58	765	  1	
400	 72	765	  1	
400	 81	765	  1	
400	 88	765	  1	
400	112	765	  1	
400	121	765	  1	
400	125	765	  1	
400	133	765	  1	
400	146	765	  1	
400	224	765	  1	
400	240	765	  1	
400	243	765	  1	
400	272	765	  1	
400	352	765	  1	
402	 78	765	  1	
402	291	765	  1	
403	256	765	  1	
403	463	765	  1	
404	247	765	  1	
405	128	765	  1	
405	184	765	  1	
405	240	765	  1	
406	 72	765	  1	
406	352	765	  1	
407	225	765	  1	
407	291	765	  1	
408	 42	765	  1	
408	116	765	  1	
408	123	765	  1	
408	144	765	  1	
408	192	765	  1	
408	312	765	  1	
408	319	765	  1	
408	528	765	  1	
410	424	765	  1	
410	534	765	  1	
411	 32	765	  1	
411	199	765	  1	
411	336	765	  1	
413	272	765	  1	
413	528	765	  1	
415	 37	765	  1	
415	192	765	  1	
415	315	765	  1	
415	534	765	  1	
416	 16	765	  1	
416	 22	765	  1	
416	 40	765	  1	
416	 80	765	  1	
416	101	765	  1	
416	111	765	  1	
416	130	765	  1	
416	143	765	  1	
416	168	765	  1	
416	285	765	  1	
416	344	765	  1	
416	351	765	  1	
418	 48	765	  1	
418	272	765	  1	
418	560	765	  1	
419	 24	765	  1	
419	136	765	  1	
419	418	765	  1	
421	 19	765	  1	
421	 96	765	  1	
421	156	765	  1	
421	427	765	  1	
422	258	765	  1	
423	 80	765	  1	
423	111	765	  1	
423	130	765	  1	
423	143	765	  1	
423	279	765	  1	
423	410	765	  1	
423	424	765	  1	
423	431	765	  1	
424	 16	765	  1	
424	 24	765	  1	
424	 32	765	  1	
424	139	765	  1	
424	151	765	  1	
424	178	765	  1	
424	231	765	  1	
424	238	765	  1	
424	288	765	  1	
426	 21	765	  1	
427	224	765	  1	
427	295	765	  1	
427	519	765	  1	
428	136	765	  1	
428	168	765	  1	
429	 30	765	  1	
430	183	765	  1	
431	 40	765	  1	
431	175	765	  1	
431	231	765	  1	
431	271	765	  1	
431	288	765	  1	
431	325	765	  1	
432	 67	765	  1	
432	 76	765	  1	
432	114	765	  1	
432	176	765	  1	
432	239	765	  1	
432	296	765	  1	
432	303	765	  1	
432	311	765	  1	
435	 47	765	  1	
435	214	765	  1	
435	237	765	  1	
436	120	765	  1	
437	 39	765	  1	
438	176	765	  1	
438	248	765	  1	
438	368	765	  1	
439	  0	765	  1	
439	144	765	  1	
439	224	765	  1	
439	231	765	  1	
439	299	765	  1	
439	307	765	  1	
439	488	765	  1	
440	 10	765	  1	
440	 45	765	  1	
440	 49	765	  1	
440	109	765	  1	
440	113	765	  1	
440	122	765	  1	
440	135	765	  1	
440	138	765	  1	
440	186	765	  1	
440	262	765	  1	
440	304	765	  1	
440	311	765	  1	
442	 40	765	  1	
442	255	765	  1	
443	295	765	  1	
445	133	765	  1	
445	143	765	  1	
445	176	765	  1	
445	191	765	  1	
445	363	765	  1	
446	 15	765	  1	
446	 46	765	  1	
447	  0	765	  1	
447	117	765	  1	
447	250	765	  1	
448	  7	765	  1	
448	 64	765	  1	
448	 82	765	  1	
448	102	765	  1	
448	134	765	  1	
448	213	765	  1	
448	240	765	  1	
448	264	765	  1	
448	270	765	  1	
448	279	765	  1	
448	299	765	  1	
448	456	765	  1	
450	125	765	  1	
451	 38	765	  1	
451	 88	765	  1	
451	104	765	  1	
451	248	765	  1	
452	299	765	  1	
453	135	765	  1	
453	219	765	  1	
453	224	765	  1	
453	232	765	  1	
453	267	765	  1	
453	280	765	  1	
454	296	765	  1	
455	 48	765	  1	
455	 64	765	  1	
455	124	765	  1	
455	272	765	  1	
456	 30	765	  1	
456	109	765	  1	
456	141	765	  1	
456	146	765	  1	
456	151	765	  1	
456	216	765	  1	
456	223	765	  1	
456	251	765	  1	
456	288	765	  1	
456	396	765	  1	
456	443	765	  1	
456	551	765	  1	
458	214	765	  1	
459	240	765	  1	
460	197	765	  1	
461	 64	765	  1	
461	 71	765	  1	
461	104	765	  1	
461	254	765	  1	
461	262	765	  1	
461	300	765	  1	
461	375	765	  1	
462	291	765	  1	
463	 27	765	  1	
463	219	765	  1	
463	368	765	  1	
463	400	765	  1	
464	  8	765	  1	
464	 44	765	  1	
464	 61	765	  1	
464	 80	765	  1	
464	 87	765	  1	
464	221	765	  1	
464	229	765	  1	
464	264	765	  1	
464	271	765	  1	
464	280	765	  1	
464	443	765	  1	
466	 48	765	  1	
466	209	765	  1	
466	552	765	  1	
467	 38	765	  1	
469	 15	765	  1	
469	240	765	  1	
470	 54	765	  1	
470	256	765	  1	
471	215	765	  1	
472	  3	765	  1	
472	 16	765	  1	
472	 42	765	  1	
472	 48	765	  1	
472	 79	765	  1	
472	 83	765	  1	
472	 96	765	  1	
472	136	765	  1	
472	147	765	  1	
472	168	765	  1	
472	199	765	  1	
472	216	765	  1	
472	221	765	  1	
472	272	765	  1	
472	285	765	  1	
472	299	765	  1	
474	 88	765	  1	
474	175	765	  1	
475	 72	765	  1	
475	 77	765	  1	
475	304	765	  1	
475	342	765	  1	
476	 66	765	  1	
476	259	765	  1	
476	331	765	  1	
477	 51	765	  1	
477	221	765	  1	
477	232	765	  1	
477	541	765	  1	
478	 16	765	  1	
478	 55	765	  1	
478	150	765	  1	
478	168	765	  1	
478	286	765	  1	
478	336	765	  1	
480	109	765	  1	
480	117	765	  1	
480	152	765	  1	
480	229	765	  1	
480	296	765	  1	
480	304	765	  1	
481	361	765	  1	
482	310	765	  1	
483	 14	765	  1	
483	 62	765	  1	
483	214	765	  1	
483	280	765	  1	
484	367	765	  1	
485	 68	765	  1	
485	136	765	  1	
485	246	765	  1	
485	302	765	  1	
485	348	765	  1	
486	 93	765	  1	
486	159	765	  1	
487	 79	765	  1	
488	 98	765	  1	
488	104	765	  1	
488	131	765	  1	
488	146	765	  1	
488	176	765	  1	
488	183	765	  1	
488	200	765	  1	
488	208	765	  1	
488	217	765	  1	
488	224	765	  1	
488	239	765	  1	
488	307	765	  1	
490	 96	765	  1	
490	128	765	  1	
491	 75	765	  1	
491	160	765	  1	
491	207	765	  1	
491	264	765	  1	
492	151	765	  1	
493	  0	765	  1	
493	 16	765	  1	
493	110	765	  1	
493	144	765	  1	
493	192	765	  1	
493	199	765	  1	
493	211	765	  1	
494	 79	765	  1	
494	 99	765	  1	
494	320	765	  1	
494	327	765	  1	
494	358	765	  1	
495	 72	765	  1	
495	179	765	  1	
496	 56	765	  1	
496	 81	765	  1	
496	264	765	  1	
496	276	765	  1	
496	287	765	  1	
496	312	765	  1	
498	133	765	  1	
498	224	765	  1	
498	280	765	  1	
499	106	765	  1	
499	208	765	  1	
499	296	765	  1	
500	182	765	  1	
501	 64	765	  1	
501	102	765	  1	
501	123	765	  1	
501	151	765	  1	
501	367	765	  1	
502	 74	765	  1	
502	130	765	  1	
502	176	765	  1	
502	230	765	  1	
502	272	765	  1	
503	127	765	  1	
503	239	765	  1	
503	287	765	  1	
504	 37	765	  1	
504	 82	765	  1	
504	 99	765	  1	
504	128	765	  1	
504	144	765	  1	
504	258	765	  1	
504	263	765	  1	
504	280	765	  1	
504	359	765	  1	
504	471	765	  1	
505	238	765	  1	
507	 56	765	  1	
507	135	765	  1	
507	151	765	  1	
507	176	765	  1	
507	352	765	  1	
509	 47	765	  1	
509	 80	765	  1	
509	 87	765	  1	
509	283	765	  1	
509	294	765	  1	
510	  1	765	  1	
510	183	765	  1	
511	 37	765	  1	
511	144	765	  1	
511	359	765	  1	
512	 11	765	  1	
512	112	765	  1	
512	118	765	  1	
512	128	765	  1	
512	138	765	  1	
512	197	765	  1	
512	222	765	  1	
512	244	765	  1	
512	269	765	  1	
512	274	765	  1	
512	309	765	  1	
512	339	765	  1	
512	392	765	  1	
513	367	765	  1	
515	 23	765	  1	
517	115	765	  1	
517	144	765	  1	
517	160	765	  1	
518	176	765	  1	
518	331	765	  1	
518	360	765	  1	
519	  8	765	  1	
519	 14	765	  1	
519	244	765	  1	
519	309	765	  1	
519	323	765	  1	
519	336	765	  1	
519	343	765	  1	
519	367	765	  1	
520	 21	765	  1	
520	 40	765	  1	
520	 48	765	  1	
520	 52	765	  1	
520	 72	765	  1	
520	 93	765	  1	
520	109	765	  1	
520	124	765	  1	
520	140	765	  1	
520	280	765	  1	
520	305	765	  1	
522	286	765	  1	
523	 47	765	  1	
523	167	765	  1	
523	190	765	  1	
525	 88	765	  1	
525	171	765	  1	
525	255	765	  1	
526	150	765	  1	
526	176	765	  1	
526	280	765	  1	
526	399	765	  1	
527	 12	765	  1	
527	 40	765	  1	
527	109	765	  1	
528	 55	765	  1	
528	 64	765	  1	
528	 72	765	  1	
528	128	765	  1	
528	152	765	  1	
528	199	765	  1	
528	320	765	  1	
528	395	765	  1	
529	215	765	  1	
531	 10	765	  1	
531	276	765	  1	
531	296	765	  1	
532	127	765	  1	
533	  7	765	  1	
534	 64	765	  1	
534	117	765	  1	
534	264	765	  1	
535	240	765	  1	
535	248	765	  1	
535	392	765	  1	
535	399	765	  1	
535	488	765	  1	
536	  8	765	  1	
536	106	765	  1	
536	164	765	  1	
536	184	765	  1	
536	188	765	  1	
536	227	765	  1	
536	264	765	  1	
536	328	765	  1	
538	455	765	  1	
539	136	765	  1	
539	255	765	  1	
539	352	765	  1	
540	368	765	  1	
541	210	765	  1	
541	270	765	  1	
542	  8	765	  1	
542	224	765	  1	
542	231	765	  1	
542	375	765	  1	
543	152	765	  1	
543	184	765	  1	
543	248	765	  1	
544	  0	765	  1	
544	 64	765	  1	
544	 96	765	  1	
544	112	765	  1	
544	136	765	  1	
544	143	765	  1	
544	162	765	  1	
544	171	765	  1	
544	236	765	  1	
544	267	765	  1	
544	317	765	  1	
545	296	765	  1	
545	302	765	  1	
546	160	765	  1	
546	167	765	  1	
546	312	765	  1	
547	 48	765	  1	
547	104	765	  1	
547	248	765	  1	
548	429	765	  1	
549	 16	765	  1	
549	119	765	  1	
549	195	765	  1	
550	163	765	  1	
550	296	765	  1	
550	303	765	  1	
550	318	765	  1	
551	  0	765	  1	
551	208	765	  1	
551	267	765	  1	
552	 80	765	  1	
552	104	765	  1	
552	135	765	  1	
552	152	765	  1	
552	184	765	  1	
552	200	765	  1	
552	243	765	  1	
552	280	765	  1	
552	286	765	  1	
552	292	765	  1	
552	374	765	  1	
552	384	765	  1	
552	391	765	  1	
552	440	765	  1	
554	128	765	  1	
554	325	765	  1	
554	368	765	  1	
554	376	765	  1	
555	136	765	  1	
555	143	765	  1	
555	272	765	  1	
555	320	765	  1	
557	158	765	  1	
557	248	765	  1	
557	283	765	  1	
557	352	765	  1	
558	126	765	  1	
558	303	765	  1	
559	135	765	  1	
559	375	765	  1	
559	387	765	  1	
560	  6	765	  1	
560	 72	765	  1	
560	 88	765	  1	
560	109	765	  1	
560	141	765	  1	
560	148	765	  1	
560	197	765	  1	
560	216	765	  1	
560	259	765	  1	
560	269	765	  1	
560	315	765	  1	
560	322	765	  1	
560	376	765	  1	
560	383	765	  1	
562	283	765	  1	
563	 95	765	  1	
563	166	765	  1	
563	359	765	  1	
564	128	765	  1	
564	287	765	  1	
565	192	765	  1	
565	222	765	  1	
565	240	765	  1	
565	299	765	  1	
567	  6	765	  1	
567	263	765	  1	
567	352	765	  1	
567	379	765	  1	
568	143	765	  1	
568	168	765	  1	
568	232	765	  1	
568	272	765	  1	
568	328	765	  1	
568	360	765	  1	
568	418	765	  1	
569	375	765	  1	
570	339	765	  1	
571	 94	765	  1	
572	132	765	  1	
573	120	765	  1	
573	454	765	  1	
574	141	765	  1	
574	285	765	  1	
574	344	765	  1	
574	423	765	  1	
575	 44	765	  1	
575	232	765	  1	
576	 16	765	  1	
576	 91	765	  1	
576	107	765	  1	
576	143	765	  1	
576	168	765	  1	
576	211	765	  1	
576	224	765	  1	
576	259	765	  1	
576	279	765	  1	
578	227	765	  1	
579	150	765	  1	
579	247	765	  1	
580	327	765	  1	
582	224	765	  1	
582	231	765	  1	
583	 23	765	  1	
583	 91	765	  1	
583	107	765	  1	
583	240	765	  1	
583	279	765	  1	
584	 88	765	  1	
584	129	765	  1	
584	192	765	  1	
584	234	765	  1	
584	266	765	  1	
584	300	765	  1	
587	 47	765	  1	
587	198	765	  1	
587	297	765	  1	
587	311	765	  1	
587	368	765	  1	
587	408	765	  1	
589	100	765	  1	
590	128	765	  1	
591	123	765	  1	
591	224	765	  1	
591	231	765	  1	
591	254	765	  1	
592	168	765	  1	
592	195	765	  1	
592	216	765	  1	
592	220	765	  1	
592	276	765	  1	
592	304	765	  1	
592	326	765	  1	
592	344	765	  1	
592	416	765	  1	
592	571	765	  1	
593	299	765	  1	
594	312	765	  1	
595	224	765	  1	
595	267	765	  1	
596	106	765	  1	
596	309	765	  1	
597	136	765	  1	
597	141	765	  1	
598	315	765	  1	
598	344	765	  1	
599	 19	765	  1	
599	 96	765	  1	
599	240	765	  1	
599	326	765	  1	
600	 72	765	  1	
600	115	765	  1	
600	120	765	  1	
600	286	765	  1	
600	384	765	  1	
602	280	765	  1	
603	 79	765	  1	
603	127	765	  1	
603	231	765	  1	
603	254	765	  1	
606	 71	765	  1	
606	178	765	  1	
606	288	765	  1	
607	120	765	  1	
607	221	765	  1	
607	344	765	  1	
608	  0	765	  1	
608	 86	765	  1	
608	119	765	  1	
608	155	765	  1	
608	206	765	  1	
608	241	765	  1	
608	256	765	  1	
608	308	765	  1	
608	368	765	  1	
611	112	765	  1	
611	270	765	  1	
611	387	765	  1	
614	207	765	  1	
614	247	765	  1	
615	119	765	  1	
615	152	765	  1	
615	159	765	  1	
615	374	765	  1	
616	104	765	  1	
616	279	765	  1	
616	288	765	  1	
619	111	765	  1	
619	266	765	  1	
619	272	765	  1	
619	336	765	  1	
619	455	765	  1	
621	168	765	  1	
621	271	765	  1	
623	104	765	  1	
623	147	765	  1	
623	279	765	  1	
623	585	765	  1	
624	 11	765	  1	
624	127	765	  1	
624	191	765	  1	
626	248	765	  1	
627	120	765	  1	
629	300	765	  1	
630	253	765	  1	
630	310	765	  1	
631	127	765	  1	
631	184	765	  1	
632	123	765	  1	
632	152	765	  1	
632	263	765	  1	
632	272	765	  1	
632	278	765	  1	
632	426	765	  1	
632	511	765	  1	
636	 73	765	  1	
637	261	765	  1	
638	 79	765	  1	
638	 96	765	  1	
638	103	765	  1	
639	120	765	  1	
639	127	765	  1	
639	171	765	  1	
639	272	765	  1	
639	278	765	  1	
639	490	765	  1	
640	274	765	  1	
640	386	765	  1	
643	224	765	  1	
645	127	765	  1	
648	 40	765	  1	
648	 56	765	  1	
648	 99	765	  1	
648	139	765	  1	
648	159	765	  1	
648	376	765	  1	
648	423	765	  1	
650	353	765	  1	
653	509	765	  1	
653	512	765	  1	
654	564	765	  1	
655	 96	765	  1	
655	103	765	  1	
655	136	765	  1	
655	143	765	  1	
655	192	765	  1	
656	 79	765	  1	
659	 63	765	  1	
663	139	765	  1	
663	167	765	  1	
664	176	765	  1	
671	144	765	  1	
671	167	765	  1	
675	230	765	  1	
679	 87	765	  1	
680	424	765	  1	
683	559	765	  1	
695	208	765	  1	
696	223	765	  1	
697	294	765	  1	
701	419	765	  1	
703	216	765	  1	
718	254	765	  1	
735	  3	765	  1	
759	341	765	  1	
