# 
#  Image file: Goad2_T0051.jpg
#  Applied threshold: 575
#  Algorithm used: fill2                 
#  Particle count: 1914
#  Location (x,y), max luminance, and mass:
# 
  8	349	765	  1	
  8	426	765	  1	
  8	437	765	  1	
 10	432	765	  1	
 11	184	765	  1	
 14	 77	765	  1	
 15	424	765	  1	
 18	474	765	  1	
 28	200	765	  1	
 29	158	765	  1	
 29	205	765	  1	
 29	520	765	  1	
 31	303	765	  1	
 34	326	765	  1	
 36	276	765	  1	
 40	170	765	  1	
 40	175	765	  1	
 40	258	765	  1	
 42	167	765	  1	
 47	272	765	  1	
 48	160	765	  1	
 48	288	765	  1	
 48	355	765	  1	
 48	594	765	  1	
 52	393	765	  1	
 52	548	765	  1	
 54	216	765	  1	
 54	250	765	  1	
 56	108	765	  1	
 59	111	765	  1	
 63	192	765	  1	
 64	104	765	  1	
 64	295	765	  1	
 67	252	765	  1	
 68	263	765	  1	
 69	109	765	  1	
 71	102	765	  1	
 71	295	765	  1	
 72	159	765	  1	
 77	249	765	  1	
 77	263	765	  1	
 80	140	765	  1	
 80	296	765	  1	
 83	303	765	  1	
 83	343	765	  1	
 83	367	765	  1	
 87	100	765	  1	
 87	149	765	  1	
 87	159	765	  1	
 87	296	765	  1	
 87	440	765	  1	
 88	165	765	  1	
 90	191	765	  1	
 93	127	765	  1	
 93	240	765	  1	
 95	122	765	  1	
 96	112	765	  1	
 96	416	765	  1	
100	135	765	  1	
103	384	765	  1	
103	423	765	  1	
104	359	765	  1	
104	448	765	  1	
105	346	765	  1	
108	229	765	  1	
108	394	765	  1	
109	458	765	  1	
111	123	765	  1	
111	224	765	  1	
112	138	765	  1	
112	166	765	  1	
112	178	765	  1	
112	315	765	  1	
112	408	765	  1	
112	415	765	  1	
112	440	765	  1	
114	195	765	  1	
115	120	765	  1	
116	167	765	  1	
116	231	765	  1	
116	351	765	  1	
118	312	765	  1	
119	397	765	  1	
119	440	765	  1	
120	135	765	  1	
120	151	765	  1	
120	159	765	  1	
120	206	765	  1	
120	219	765	  1	
120	323	765	  1	
120	528	765	  1	
122	  0	765	  1	
122	248	765	  1	
122	255	765	  1	
123	103	765	  1	
123	128	765	  1	
123	144	765	  1	
123	214	765	  1	
123	599	765	  1	
126	319	765	  1	
127	135	765	  1	
127	151	765	  1	
127	159	765	  1	
127	216	765	  1	
127	223	765	  1	
127	415	765	  1	
128	112	765	  1	
128	119	765	  1	
128	144	765	  1	
128	200	765	  1	
128	220	765	  1	
128	287	765	  1	
128	312	765	  1	
130	141	765	  1	
131	251	765	  1	
131	288	765	  1	
131	319	765	  1	
133	187	765	  1	
133	223	765	  1	
133	275	765	  1	
133	296	765	  1	
134	  2	765	  1	
134	136	765	  1	
135	 48	765	  1	
135	146	765	  1	
135	312	765	  1	
135	512	765	  1	
136	119	765	  1	
136	124	765	  1	
136	168	765	  1	
136	175	765	  1	
136	232	765	  1	
136	237	765	  1	
138	374	765	  1	
139	128	765	  1	
139	210	765	  1	
139	223	765	  1	
139	279	765	  1	
139	343	765	  1	
140	144	765	  1	
141	191	765	  1	
142	218	765	  1	
143	151	765	  1	
143	171	765	  1	
143	278	765	  1	
144	115	765	  1	
144	128	765	  1	
144	152	765	  1	
144	230	765	  1	
144	240	765	  1	
144	253	765	  1	
144	383	765	  1	
146	593	765	  1	
147	224	765	  1	
149	143	765	  1	
149	208	765	  1	
149	223	765	  1	
149	246	765	  1	
150	 56	765	  1	
150	 96	765	  1	
150	118	765	  1	
150	186	765	  1	
151	387	765	  1	
152	  8	765	  1	
152	120	765	  1	
152	124	765	  1	
152	175	765	  1	
152	198	765	  1	
152	261	765	  1	
152	284	765	  1	
152	312	765	  1	
152	319	765	  1	
152	372	765	  1	
152	554	765	  1	
153	232	765	  1	
154	 71	765	  1	
154	256	765	  1	
155	334	765	  1	
158	 15	765	  1	
158	 32	765	  1	
158	 37	765	  1	
158	199	765	  1	
158	262	765	  1	
158	293	765	  1	
158	424	765	  1	
158	431	765	  1	
159	  0	765	  1	
159	175	765	  1	
159	226	765	  1	
159	315	765	  1	
159	320	765	  1	
160	 98	765	  1	
160	136	765	  1	
160	143	765	  1	
160	200	765	  1	
160	232	765	  1	
160	288	765	  1	
160	463	765	  1	
163	129	765	  1	
163	172	765	  1	
163	192	765	  1	
163	216	765	  1	
163	239	765	  1	
164	199	765	  1	
165	 96	765	  1	
165	103	765	  1	
166	535	765	  1	
167	232	765	  1	
167	291	765	  1	
167	592	765	  1	
168	 80	765	  1	
168	115	765	  1	
168	120	765	  1	
168	131	765	  1	
168	138	765	  1	
168	171	765	  1	
168	266	765	  1	
168	274	765	  1	
168	487	765	  1	
170	 58	765	  1	
171	 34	765	  1	
171	 63	765	  1	
171	 96	765	  1	
171	209	765	  1	
171	254	765	  1	
171	511	765	  1	
173	 71	765	  1	
173	136	765	  1	
174	224	765	  1	
175	 80	765	  1	
175	103	765	  1	
175	120	765	  1	
176	144	765	  1	
176	195	765	  1	
176	267	765	  1	
176	278	765	  1	
176	286	765	  1	
176	290	765	  1	
176	295	765	  1	
176	360	765	  1	
176	367	765	  1	
176	389	765	  1	
176	407	765	  1	
179	 64	765	  1	
179	156	765	  1	
179	272	765	  1	
179	363	765	  1	
180	195	765	  1	
181	283	765	  1	
182	124	765	  1	
182	244	765	  1	
183	 79	765	  1	
183	160	765	  1	
183	163	765	  1	
183	184	765	  1	
183	260	765	  1	
183	360	765	  1	
183	367	765	  1	
183	389	765	  1	
183	407	765	  1	
184	 63	765	  1	
184	116	765	  1	
184	120	765	  1	
184	176	765	  1	
187	 56	765	  1	
187	 85	765	  1	
187	150	765	  1	
187	183	765	  1	
187	272	765	  1	
188	271	765	  1	
190	376	765	  1	
191	 63	765	  1	
191	176	765	  1	
191	240	765	  1	
191	573	765	  1	
192	100	765	  1	
192	133	765	  1	
192	160	765	  1	
192	167	765	  1	
192	199	765	  1	
192	264	765	  1	
192	271	765	  1	
192	336	765	  1	
192	475	765	  1	
196	208	765	  1	
199	  0	765	  1	
199	  5	765	  1	
199	 39	765	  1	
199	163	765	  1	
199	192	765	  1	
199	218	765	  1	
199	223	765	  1	
199	264	765	  1	
199	271	765	  1	
199	398	765	  1	
199	495	765	  1	
200	 58	765	  1	
200	 63	765	  1	
200	 96	765	  1	
200	115	765	  1	
200	138	765	  1	
200	180	765	  1	
202	168	765	  1	
202	304	765	  1	
203	 72	765	  1	
203	 79	765	  1	
203	151	765	  1	
203	278	765	  1	
204	368	765	  1	
205	118	765	  1	
205	123	765	  1	
206	 58	765	  1	
206	 74	765	  1	
206	144	765	  1	
207	 63	765	  1	
207	 96	765	  1	
207	143	765	  1	
207	376	765	  1	
208	 52	765	  1	
208	148	765	  1	
208	171	765	  1	
208	200	765	  1	
208	277	765	  1	
208	299	765	  1	
208	371	765	  1	
208	396	765	  1	
209	111	765	  1	
210	306	765	  1	
211	 40	765	  1	
211	 56	765	  1	
211	136	765	  1	
211	158	765	  1	
212	 85	765	  1	
212	344	765	  1	
213	 55	765	  1	
213	227	765	  1	
213	588	765	  1	
214	105	765	  1	
214	200	765	  1	
214	315	765	  1	
214	349	765	  1	
215	305	765	  1	
216	150	765	  1	
216	243	765	  1	
216	248	765	  1	
216	259	765	  1	
216	283	765	  1	
216	293	765	  1	
216	389	765	  1	
217	128	765	  1	
218	  0	765	  1	
218	262	765	  1	
218	359	765	  1	
219	 48	765	  1	
219	144	765	  1	
219	184	765	  1	
219	191	765	  1	
220	 29	765	  1	
221	112	765	  1	
221	119	765	  1	
221	238	765	  1	
221	270	765	  1	
222	  7	765	  1	
222	254	765	  1	
222	599	765	  1	
223	 55	765	  1	
223	257	765	  1	
224	 11	765	  1	
224	 96	765	  1	
224	103	765	  1	
224	155	765	  1	
224	160	765	  1	
224	184	765	  1	
224	190	765	  1	
224	211	765	  1	
224	296	765	  1	
226	 64	765	  1	
226	311	765	  1	
227	264	765	  1	
228	 72	765	  1	
228	318	765	  1	
229	  7	765	  1	
229	 87	765	  1	
229	110	765	  1	
229	120	765	  1	
229	166	765	  1	
229	291	765	  1	
230	312	765	  1	
231	 79	765	  1	
231	 99	765	  1	
231	211	765	  1	
231	258	765	  1	
232	 90	765	  1	
232	 95	765	  1	
232	139	765	  1	
232	156	765	  1	
232	182	765	  1	
232	255	765	  1	
232	280	765	  1	
232	287	765	  1	
232	330	765	  1	
232	368	765	  1	
232	382	765	  1	
232	450	765	  1	
232	584	765	  1	
233	 98	765	  1	
233	103	765	  1	
234	376	765	  1	
235	 63	765	  1	
235	 80	765	  1	
235	144	765	  1	
235	248	765	  1	
235	480	765	  1	
236	 77	765	  1	
237	 40	765	  1	
237	146	765	  1	
237	154	765	  1	
237	159	765	  1	
237	166	765	  1	
238	 11	765	  1	
238	 95	765	  1	
239	179	765	  1	
239	255	765	  1	
240	  4	765	  1	
240	128	765	  1	
240	152	765	  1	
240	175	765	  1	
240	203	765	  1	
240	208	765	  1	
240	244	765	  1	
240	262	765	  1	
240	306	765	  1	
240	416	765	  1	
242	164	765	  1	
242	192	765	  1	
242	474	765	  1	
243	100	765	  1	
243	111	765	  1	
243	336	765	  1	
243	406	765	  1	
243	467	765	  1	
244	152	765	  1	
244	211	765	  1	
245	 23	765	  1	
245	156	765	  1	
245	200	765	  1	
246	 92	765	  1	
246	367	765	  1	
246	378	765	  1	
247	263	765	  1	
247	573	765	  1	
248	 56	765	  1	
248	112	765	  1	
248	119	765	  1	
248	136	765	  1	
248	170	765	  1	
248	194	765	  1	
248	223	765	  1	
248	325	765	  1	
250	194	765	  1	
251	 32	765	  1	
251	 60	765	  1	
251	435	765	  1	
253	 64	765	  1	
253	101	765	  1	
253	320	765	  1	
253	599	765	  1	
254	 50	765	  1	
255	168	765	  1	
255	328	765	  1	
256	 58	765	  1	
256	107	765	  1	
256	136	765	  1	
256	152	765	  1	
256	161	765	  1	
256	184	765	  1	
257	125	765	  1	
258	 47	765	  1	
258	195	765	  1	
258	207	765	  1	
258	261	765	  1	
258	360	765	  1	
258	393	765	  1	
259	 40	765	  1	
259	256	765	  1	
260	 38	765	  1	
261	 96	765	  1	
261	103	765	  1	
261	119	765	  1	
261	287	765	  1	
261	471	765	  1	
262	 16	765	  1	
262	 32	765	  1	
262	107	765	  1	
262	332	765	  1	
262	408	765	  1	
262	459	765	  1	
263	 43	765	  1	
263	 87	765	  1	
263	166	765	  1	
263	192	765	  1	
263	320	765	  1	
264	  7	765	  1	
264	 15	765	  1	
264	 82	765	  1	
264	 95	765	  1	
264	 99	765	  1	
264	104	765	  1	
264	111	765	  1	
264	152	765	  1	
264	231	765	  1	
264	240	765	  1	
264	322	765	  1	
264	343	765	  1	
264	363	765	  1	
264	420	765	  1	
266	227	765	  1	
266	272	765	  1	
266	279	765	  1	
266	464	765	  1	
267	  1	765	  1	
267	 40	765	  1	
267	134	765	  1	
267	391	765	  1	
268	190	765	  1	
268	336	765	  1	
269	 66	765	  1	
269	256	765	  1	
269	423	765	  1	
270	159	765	  1	
270	328	765	  1	
270	471	765	  1	
271	 11	765	  1	
271	320	765	  1	
271	360	765	  1	
271	367	765	  1	
271	400	765	  1	
271	531	765	  1	
272	 19	765	  1	
272	 45	765	  1	
272	 77	765	  1	
272	 91	765	  1	
272	136	765	  1	
272	176	765	  1	
272	200	765	  1	
272	223	765	  1	
272	297	765	  1	
272	352	765	  1	
272	464	765	  1	
274	181	765	  1	
274	535	765	  1	
275	211	765	  1	
275	216	765	  1	
276	176	765	  1	
276	368	765	  1	
277	104	765	  1	
277	207	765	  1	
277	264	765	  1	
277	334	765	  1	
278	224	765	  1	
278	303	765	  1	
279	 16	765	  1	
279	 23	765	  1	
279	 64	765	  1	
279	136	765	  1	
279	181	765	  1	
279	414	765	  1	
279	467	765	  1	
279	527	765	  1	
280	 53	765	  1	
280	 85	765	  1	
280	131	765	  1	
280	154	765	  1	
280	176	765	  1	
280	189	765	  1	
280	199	765	  1	
280	210	765	  1	
280	232	765	  1	
280	240	765	  1	
280	288	765	  1	
280	320	765	  1	
280	386	765	  1	
280	392	765	  1	
281	256	765	  1	
282	 48	765	  1	
282	426	765	  1	
283	 56	765	  1	
283	160	765	  1	
283	183	765	  1	
283	304	765	  1	
284	147	765	  1	
284	232	765	  1	
285	104	765	  1	
285	111	765	  1	
285	208	765	  1	
285	215	765	  1	
285	224	765	  1	
286	156	765	  1	
286	368	765	  1	
287	176	765	  1	
287	247	765	  1	
288	  0	765	  1	
288	 45	765	  1	
288	 64	765	  1	
288	 79	765	  1	
288	 88	765	  1	
288	157	765	  1	
288	170	765	  1	
288	240	765	  1	
288	291	765	  1	
288	336	765	  1	
288	443	765	  1	
288	511	765	  1	
288	536	765	  1	
288	598	765	  1	
289	200	765	  1	
290	184	765	  1	
290	400	765	  1	
291	  7	765	  1	
291	 66	765	  1	
291	296	765	  1	
291	360	765	  1	
293	 40	765	  1	
293	 86	765	  1	
293	 96	765	  1	
293	163	765	  1	
293	304	765	  1	
294	550	765	  1	
294	599	765	  1	
295	  0	765	  1	
295	184	765	  1	
295	287	765	  1	
296	  7	765	  1	
296	 58	765	  1	
296	 63	765	  1	
296	111	765	  1	
296	117	765	  1	
296	127	765	  1	
296	136	765	  1	
296	152	765	  1	
296	175	765	  1	
296	195	765	  1	
296	206	765	  1	
296	251	765	  1	
296	319	765	  1	
296	328	765	  1	
296	336	765	  1	
296	455	765	  1	
296	459	765	  1	
296	570	765	  1	
297	237	765	  1	
297	347	765	  1	
298	312	765	  1	
298	320	765	  1	
298	376	765	  1	
298	544	765	  1	
299	205	765	  1	
301	 80	765	  1	
301	112	765	  1	
301	184	765	  1	
301	193	765	  1	
302	168	765	  1	
302	342	765	  1	
302	512	765	  1	
303	  3	765	  1	
303	 35	765	  1	
303	 40	765	  1	
303	102	765	  1	
303	319	765	  1	
303	332	765	  1	
303	456	765	  1	
303	463	765	  1	
303	551	765	  1	
304	 32	765	  1	
304	 77	765	  1	
304	159	765	  1	
304	162	765	  1	
304	180	765	  1	
304	206	765	  1	
304	216	765	  1	
304	248	765	  1	
304	303	765	  1	
304	362	765	  1	
304	367	765	  1	
304	373	765	  1	
304	583	765	  1	
305	 91	765	  1	
305	234	765	  1	
306	186	765	  1	
307	 28	765	  1	
307	247	765	  1	
309	254	765	  1	
310	 15	765	  1	
310	405	765	  1	
310	408	765	  1	
310	583	765	  1	
311	205	765	  1	
311	239	765	  1	
311	278	765	  1	
312	  2	765	  1	
312	 68	765	  1	
312	 96	765	  1	
312	133	765	  1	
312	165	765	  1	
312	237	765	  1	
312	248	765	  1	
312	312	765	  1	
312	318	765	  1	
312	381	765	  1	
312	528	765	  1	
312	598	765	  1	
314	376	765	  1	
315	112	765	  1	
315	147	765	  1	
315	197	765	  1	
315	216	765	  1	
315	232	765	  1	
315	328	765	  1	
317	 71	765	  1	
317	160	765	  1	
317	176	765	  1	
317	319	765	  1	
317	383	765	  1	
317	448	765	  1	
318	 56	765	  1	
318	 63	765	  1	
318	237	765	  1	
318	360	765	  1	
319	  2	765	  1	
319	251	765	  1	
319	304	765	  1	
319	352	765	  1	
320	 45	765	  1	
320	 72	765	  1	
320	102	765	  1	
320	109	765	  1	
320	119	765	  1	
320	171	765	  1	
320	213	765	  1	
320	227	765	  1	
320	272	765	  1	
320	293	765	  1	
320	320	765	  1	
320	368	765	  1	
320	440	765	  1	
320	444	765	  1	
321	 91	765	  1	
321	 98	765	  1	
321	408	765	  1	
322	 69	765	  1	
322	205	765	  1	
323	 32	765	  1	
323	 64	765	  1	
323	200	765	  1	
323	311	765	  1	
323	366	765	  1	
323	378	765	  1	
324	478	765	  1	
325	224	765	  1	
325	231	765	  1	
325	288	765	  1	
325	430	765	  1	
326	214	765	  1	
326	372	765	  1	
326	445	765	  1	
327	 72	765	  1	
327	 96	765	  1	
327	119	765	  1	
327	158	765	  1	
327	167	765	  1	
327	304	765	  1	
327	320	765	  1	
327	440	765	  1	
327	575	765	  1	
328	  0	765	  1	
328	 36	765	  1	
328	 47	765	  1	
328	113	765	  1	
328	184	765	  1	
328	189	765	  1	
328	245	765	  1	
328	328	765	  1	
328	488	765	  1	
328	503	765	  1	
330	  6	765	  1	
330	 52	765	  1	
330	123	765	  1	
330	160	765	  1	
330	291	765	  1	
331	 96	765	  1	
331	139	765	  1	
332	206	765	  1	
333	198	765	  1	
333	226	765	  1	
333	502	765	  1	
334	  0	765	  1	
334	 47	765	  1	
334	 93	765	  1	
334	331	765	  1	
334	355	765	  1	
334	440	765	  1	
334	447	765	  1	
335	 54	765	  1	
335	166	765	  1	
336	 16	765	  1	
336	 23	765	  1	
336	 48	765	  1	
336	136	765	  1	
336	163	765	  1	
336	170	765	  1	
336	192	765	  1	
336	259	765	  1	
336	269	765	  1	
336	280	765	  1	
336	304	765	  1	
336	359	765	  1	
336	379	765	  1	
336	392	765	  1	
336	398	765	  1	
336	408	765	  1	
336	589	765	  1	
337	126	765	  1	
338	110	765	  1	
338	131	765	  1	
338	142	765	  1	
338	167	765	  1	
338	205	765	  1	
338	236	765	  1	
338	309	765	  1	
339	328	765	  1	
340	 98	765	  1	
340	200	765	  1	
341	136	765	  1	
341	208	765	  1	
341	264	765	  1	
341	384	765	  1	
341	389	765	  1	
342	 29	765	  1	
342	 40	765	  1	
342	354	765	  1	
343	304	765	  1	
343	359	765	  1	
343	414	765	  1	
343	424	765	  1	
344	  0	765	  1	
344	 56	765	  1	
344	 80	765	  1	
344	 92	765	  1	
344	112	765	  1	
344	167	765	  1	
344	181	765	  1	
344	301	765	  1	
344	312	765	  1	
344	363	765	  1	
344	371	765	  1	
344	456	765	  1	
344	560	765	  1	
345	 67	765	  1	
345	 72	765	  1	
346	100	765	  1	
346	272	765	  1	
346	296	765	  1	
346	408	765	  1	
347	  8	765	  1	
347	 38	765	  1	
347	 48	765	  1	
347	 88	765	  1	
347	392	765	  1	
348	158	765	  1	
349	318	765	  1	
350	152	765	  1	
350	302	765	  1	
350	519	765	  1	
351	256	765	  1	
351	263	765	  1	
351	278	765	  1	
351	334	765	  1	
352	  8	765	  1	
352	 15	765	  1	
352	 53	765	  1	
352	 68	765	  1	
352	 90	765	  1	
352	 95	765	  1	
352	131	765	  1	
352	200	765	  1	
352	207	765	  1	
352	229	765	  1	
352	282	765	  1	
352	308	765	  1	
352	322	765	  1	
352	383	765	  1	
352	400	765	  1	
352	406	765	  1	
352	418	765	  1	
352	517	765	  1	
352	576	765	  1	
352	592	765	  1	
354	139	765	  1	
354	167	765	  1	
354	262	765	  1	
355	 24	765	  1	
355	165	765	  1	
355	304	765	  1	
356	203	765	  1	
356	278	765	  1	
357	 40	765	  1	
357	152	765	  1	
357	287	765	  1	
357	318	765	  1	
357	327	765	  1	
359	 63	765	  1	
359	240	765	  1	
359	256	765	  1	
360	  0	765	  1	
360	 32	765	  1	
360	119	765	  1	
360	122	765	  1	
360	127	765	  1	
360	184	765	  1	
360	198	765	  1	
360	208	765	  1	
360	274	765	  1	
360	352	765	  1	
360	358	765	  1	
360	389	765	  1	
360	408	765	  1	
360	413	765	  1	
360	456	765	  1	
360	543	765	  1	
360	568	765	  1	
361	157	765	  1	
362	 38	765	  1	
362	152	765	  1	
362	193	765	  1	
362	372	765	  1	
363	 24	765	  1	
363	302	765	  1	
364	279	765	  1	
365	146	765	  1	
365	286	765	  1	
366	 32	765	  1	
366	218	765	  1	
366	309	765	  1	
366	543	765	  1	
367	199	765	  1	
367	355	765	  1	
367	360	765	  1	
368	 15	765	  1	
368	 48	765	  1	
368	 58	765	  1	
368	137	765	  1	
368	254	765	  1	
368	303	765	  1	
368	325	765	  1	
368	341	765	  1	
368	383	765	  1	
368	476	765	  1	
369	297	765	  1	
370	 37	765	  1	
370	268	765	  1	
371	128	765	  1	
371	198	765	  1	
371	272	765	  1	
371	377	765	  1	
373	 56	765	  1	
373	192	765	  1	
374	 43	765	  1	
374	296	765	  1	
374	431	765	  1	
374	446	765	  1	
375	 32	765	  1	
375	254	765	  1	
375	301	765	  1	
375	383	765	  1	
376	117	765	  1	
376	184	765	  1	
376	213	765	  1	
376	235	765	  1	
376	352	765	  1	
376	399	765	  1	
377	  0	765	  1	
377	279	765	  1	
377	339	765	  1	
377	392	765	  1	
378	 25	765	  1	
378	275	765	  1	
379	163	765	  1	
379	296	765	  1	
379	399	765	  1	
379	586	765	  1	
380	197	765	  1	
380	230	765	  1	
381	 31	765	  1	
381	 56	765	  1	
381	 80	765	  1	
381	 87	765	  1	
381	156	765	  1	
381	190	765	  1	
381	259	765	  1	
382	 15	765	  1	
382	224	765	  1	
382	375	765	  1	
383	  0	765	  1	
383	 24	765	  1	
383	 48	765	  1	
383	232	765	  1	
383	239	765	  1	
383	303	765	  1	
383	307	765	  1	
383	344	765	  1	
383	599	765	  1	
384	 96	765	  1	
384	104	765	  1	
384	149	765	  1	
384	174	765	  1	
384	192	765	  1	
384	274	765	  1	
384	293	765	  1	
384	299	765	  1	
384	313	765	  1	
384	320	765	  1	
384	328	765	  1	
384	336	765	  1	
384	503	765	  1	
384	558	765	  1	
385	 77	765	  1	
385	207	765	  1	
386	144	765	  1	
386	326	765	  1	
386	486	765	  1	
387	 32	765	  1	
387	 80	765	  1	
387	182	765	  1	
387	344	765	  1	
387	450	765	  1	
389	 51	765	  1	
389	122	765	  1	
389	127	765	  1	
389	160	765	  1	
389	363	765	  1	
390	 11	765	  1	
390	 66	765	  1	
390	150	765	  1	
390	175	765	  1	
390	424	765	  1	
390	556	765	  1	
391	 23	765	  1	
391	 71	765	  1	
391	232	765	  1	
391	237	765	  1	
391	320	765	  1	
391	328	765	  1	
391	351	765	  1	
392	 32	765	  1	
392	118	765	  1	
392	176	765	  1	
392	192	765	  1	
392	258	765	  1	
393	199	765	  1	
394	403	765	  1	
395	 37	765	  1	
395	183	765	  1	
395	327	765	  1	
395	471	765	  1	
397	  0	765	  1	
397	103	765	  1	
399	160	765	  1	
399	176	765	  1	
399	275	765	  1	
399	296	765	  1	
399	320	765	  1	
400	 31	765	  1	
400	 80	765	  1	
400	127	765	  1	
400	136	765	  1	
400	195	765	  1	
400	205	765	  1	
400	224	765	  1	
400	310	765	  1	
400	334	765	  1	
400	343	765	  1	
400	346	765	  1	
400	360	765	  1	
400	367	765	  1	
400	411	765	  1	
400	471	765	  1	
401	253	765	  1	
402	190	765	  1	
403	 24	765	  1	
403	 64	765	  1	
403	349	765	  1	
405	 86	765	  1	
405	115	765	  1	
405	122	765	  1	
405	184	765	  1	
406	332	765	  1	
406	471	765	  1	
407	 31	765	  1	
407	 39	765	  1	
407	111	765	  1	
407	137	765	  1	
407	191	765	  1	
407	199	765	  1	
407	205	765	  1	
407	298	765	  1	
407	310	765	  1	
407	346	765	  1	
408	 35	765	  1	
408	 40	765	  1	
408	 77	765	  1	
408	 88	765	  1	
408	128	765	  1	
408	152	765	  1	
408	162	765	  1	
408	184	765	  1	
408	237	765	  1	
408	551	765	  1	
409	198	765	  1	
410	 47	765	  1	
410	 96	765	  1	
411	118	765	  1	
412	 15	765	  1	
413	 56	765	  1	
413	 72	765	  1	
413	108	765	  1	
413	198	765	  1	
414	 40	765	  1	
415	102	765	  1	
415	167	765	  1	
415	237	765	  1	
416	  8	765	  1	
416	 16	765	  1	
416	 31	765	  1	
416	 47	765	  1	
416	 96	765	  1	
416	106	765	  1	
416	152	765	  1	
416	173	765	  1	
416	256	765	  1	
416	263	765	  1	
416	297	765	  1	
416	520	765	  1	
417	142	765	  1	
417	192	765	  1	
418	 48	765	  1	
418	 53	765	  1	
419	 64	765	  1	
419	232	765	  1	
421	  8	765	  1	
421	 22	765	  1	
421	 27	765	  1	
421	111	765	  1	
421	199	765	  1	
421	240	765	  1	
422	 55	765	  1	
422	156	765	  1	
422	303	765	  1	
423	 43	765	  1	
423	194	765	  1	
423	259	765	  1	
423	488	765	  1	
424	 16	765	  1	
424	 36	765	  1	
424	 78	765	  1	
424	 82	765	  1	
424	 88	765	  1	
424	107	765	  1	
424	133	765	  1	
424	188	765	  1	
424	288	765	  1	
424	359	765	  1	
426	216	765	  1	
427	 67	765	  1	
427	152	765	  1	
427	294	765	  1	
427	520	765	  1	
428	359	765	  1	
429	  0	765	  1	
429	 87	765	  1	
429	256	765	  1	
430	223	765	  1	
430	288	765	  1	
431	 64	765	  1	
431	156	765	  1	
431	400	765	  1	
432	 40	765	  1	
432	 48	765	  1	
432	 54	765	  1	
432	111	765	  1	
432	120	765	  1	
432	152	765	  1	
432	190	765	  1	
432	248	765	  1	
432	335	765	  1	
432	440	765	  1	
432	599	765	  1	
433	252	765	  1	
434	161	765	  1	
434	171	765	  1	
435	158	765	  1	
435	328	765	  1	
436	 12	765	  1	
437	 40	765	  1	
437	 51	765	  1	
437	 88	765	  1	
437	 95	765	  1	
438	124	765	  1	
438	199	765	  1	
438	248	765	  1	
439	335	765	  1	
440	 28	765	  1	
440	 35	765	  1	
440	 59	765	  1	
440	 80	765	  1	
440	144	765	  1	
440	149	765	  1	
440	261	765	  1	
440	501	765	  1	
441	 21	765	  1	
441	147	765	  1	
442	 40	765	  1	
442	256	765	  1	
443	272	765	  1	
445	119	765	  1	
445	242	765	  1	
445	247	765	  1	
446	 56	765	  1	
446	 94	765	  1	
446	237	765	  1	
446	262	765	  1	
446	339	765	  1	
446	456	765	  1	
447	 29	765	  1	
447	501	765	  1	
448	 50	765	  1	
448	 65	765	  1	
448	101	765	  1	
448	152	765	  1	
448	180	765	  1	
448	274	765	  1	
448	303	765	  1	
449	268	765	  1	
450	126	765	  1	
450	267	765	  1	
451	232	765	  1	
451	298	765	  1	
453	  0	765	  1	
453	 56	765	  1	
453	 61	765	  1	
453	 96	765	  1	
453	112	765	  1	
453	168	765	  1	
453	175	765	  1	
454	 20	765	  1	
454	 40	765	  1	
454	120	765	  1	
455	  8	765	  1	
455	270	765	  1	
455	352	765	  1	
455	456	765	  1	
456	  3	765	  1	
456	 31	765	  1	
456	123	765	  1	
456	170	765	  1	
456	195	765	  1	
456	256	765	  1	
456	415	765	  1	
457	 82	765	  1	
457	 87	765	  1	
457	434	765	  1	
458	187	765	  1	
458	264	765	  1	
459	 13	765	  1	
459	 16	765	  1	
459	128	765	  1	
459	214	765	  1	
459	240	765	  1	
461	  8	765	  1	
461	 48	765	  1	
461	 96	765	  1	
461	277	765	  1	
463	120	765	  1	
463	127	765	  1	
463	433	765	  1	
464	 13	765	  1	
464	 23	765	  1	
464	 27	765	  1	
464	 61	765	  1	
464	 88	765	  1	
464	 95	765	  1	
464	142	765	  1	
464	168	765	  1	
464	174	765	  1	
464	215	765	  1	
464	229	765	  1	
464	253	765	  1	
464	258	765	  1	
464	264	765	  1	
464	272	765	  1	
464	552	765	  1	
466	120	765	  1	
466	126	765	  1	
466	242	765	  1	
466	270	765	  1	
467	 16	765	  1	
467	 36	765	  1	
467	104	765	  1	
467	287	765	  1	
469	171	765	  1	
469	256	765	  1	
469	263	765	  1	
470	 27	765	  1	
471	120	765	  1	
471	126	765	  1	
471	142	765	  1	
471	208	765	  1	
471	272	765	  1	
471	541	765	  1	
472	 18	765	  1	
472	 23	765	  1	
472	 32	765	  1	
472	 48	765	  1	
472	 54	765	  1	
472	 58	765	  1	
472	 96	765	  1	
472	102	765	  1	
472	131	765	  1	
472	144	765	  1	
472	224	765	  1	
472	288	765	  1	
472	294	765	  1	
473	344	765	  1	
474	155	765	  1	
474	194	765	  1	
475	272	765	  1	
475	453	765	  1	
477	 51	765	  1	
477	134	765	  1	
477	248	765	  1	
477	291	765	  1	
477	332	765	  1	
478	175	765	  1	
478	354	765	  1	
478	408	765	  1	
479	 32	765	  1	
479	 99	765	  1	
480	 60	765	  1	
480	104	765	  1	
480	120	765	  1	
480	237	765	  1	
480	261	765	  1	
480	278	765	  1	
480	296	765	  1	
481	336	765	  1	
482	191	765	  1	
482	302	765	  1	
483	344	765	  1	
484	158	765	  1	
484	560	765	  1	
485	232	765	  1	
485	240	765	  1	
485	247	765	  1	
485	275	765	  1	
486	152	765	  1	
486	296	765	  1	
486	395	765	  1	
487	 63	765	  1	
487	424	765	  1	
488	128	765	  1	
488	139	765	  1	
488	176	765	  1	
488	195	765	  1	
488	205	765	  1	
488	280	765	  1	
488	294	765	  1	
488	304	765	  1	
488	400	765	  1	
489	246	765	  1	
490	286	765	  1	
491	  6	765	  1	
491	102	765	  1	
491	150	765	  1	
491	264	765	  1	
491	440	765	  1	
492	180	765	  1	
493	199	765	  1	
493	294	765	  1	
493	328	765	  1	
494	134	765	  1	
494	272	765	  1	
494	280	765	  1	
495	152	765	  1	
495	288	765	  1	
495	404	765	  1	
495	503	765	  1	
496	 28	765	  1	
496	 99	765	  1	
496	105	765	  1	
496	155	765	  1	
496	160	765	  1	
496	168	765	  1	
496	175	765	  1	
496	207	765	  1	
496	224	765	  1	
496	235	765	  1	
496	304	765	  1	
496	319	765	  1	
496	399	765	  1	
496	575	765	  1	
497	136	765	  1	
497	278	765	  1	
498	192	765	  1	
499	 67	765	  1	
499	128	765	  1	
499	288	765	  1	
500	 48	765	  1	
500	132	765	  1	
500	335	765	  1	
501	184	765	  1	
501	202	765	  1	
502	 31	765	  1	
502	100	765	  1	
502	304	765	  1	
502	416	765	  1	
502	423	765	  1	
503	192	765	  1	
503	224	765	  1	
504	204	765	  1	
504	216	765	  1	
504	296	765	  1	
504	403	765	  1	
506	184	765	  1	
507	232	765	  1	
507	264	765	  1	
508	300	765	  1	
509	144	765	  1	
511	 87	765	  1	
511	 95	765	  1	
511	190	765	  1	
511	343	765	  1	
511	403	765	  1	
511	552	765	  1	
512	  0	765	  1	
512	111	765	  1	
512	141	765	  1	
512	168	765	  1	
512	175	765	  1	
512	181	765	  1	
512	192	765	  1	
512	210	765	  1	
512	213	765	  1	
512	220	765	  1	
512	224	765	  1	
512	265	765	  1	
512	279	765	  1	
512	286	765	  1	
512	290	765	  1	
512	295	765	  1	
512	388	765	  1	
512	399	765	  1	
513	104	765	  1	
514	115	765	  1	
514	272	765	  1	
514	363	765	  1	
515	  7	765	  1	
515	 92	765	  1	
515	128	765	  1	
515	135	765	  1	
515	312	765	  1	
515	437	765	  1	
517	 87	765	  1	
518	 88	765	  1	
518	213	765	  1	
519	  0	765	  1	
519	111	765	  1	
519	171	765	  1	
519	200	765	  1	
519	279	765	  1	
519	399	765	  1	
520	 16	765	  1	
520	133	765	  1	
520	146	765	  1	
520	160	765	  1	
520	178	765	  1	
520	191	765	  1	
520	218	765	  1	
520	248	765	  1	
520	261	765	  1	
520	325	765	  1	
520	401	765	  1	
520	408	765	  1	
520	424	765	  1	
520	432	765	  1	
521	127	765	  1	
522	152	765	  1	
523	 47	765	  1	
523	296	765	  1	
523	352	765	  1	
525	112	765	  1	
525	144	765	  1	
525	151	765	  1	
525	168	765	  1	
525	175	765	  1	
525	207	765	  1	
525	254	765	  1	
525	280	765	  1	
525	320	765	  1	
526	135	765	  1	
527	261	765	  1	
527	408	765	  1	
528	 22	765	  1	
528	102	765	  1	
528	105	765	  1	
528	125	765	  1	
528	216	765	  1	
528	232	765	  1	
528	239	765	  1	
528	295	765	  1	
528	306	765	  1	
528	357	765	  1	
528	575	765	  1	
529	576	765	  1	
530	304	765	  1	
531	 96	765	  1	
531	111	765	  1	
531	120	765	  1	
531	255	765	  1	
531	288	765	  1	
532	432	765	  1	
533	 11	765	  1	
533	167	765	  1	
534	128	765	  1	
534	160	765	  1	
534	248	765	  1	
534	307	765	  1	
536	 59	765	  1	
536	168	765	  1	
536	288	765	  1	
536	296	765	  1	
536	303	765	  1	
536	312	765	  1	
536	316	765	  1	
536	328	765	  1	
536	335	765	  1	
536	360	765	  1	
536	487	765	  1	
537	104	765	  1	
538	271	765	  1	
539	278	765	  1	
540	144	765	  1	
541	  8	765	  1	
541	 56	765	  1	
541	118	765	  1	
541	208	765	  1	
541	232	765	  1	
541	392	765	  1	
541	397	765	  1	
543	128	765	  1	
543	135	765	  1	
543	331	765	  1	
543	487	765	  1	
544	 87	765	  1	
544	151	765	  1	
544	237	765	  1	
544	243	765	  1	
544	254	765	  1	
544	290	765	  1	
544	328	765	  1	
544	363	765	  1	
544	454	765	  1	
546	181	765	  1	
547	 96	765	  1	
547	104	765	  1	
548	334	765	  1	
550	159	765	  1	
550	192	765	  1	
551	  8	765	  1	
551	 18	765	  1	
551	183	765	  1	
551	261	765	  1	
551	360	765	  1	
551	367	765	  1	
551	454	765	  1	
552	 83	765	  1	
552	104	765	  1	
552	112	765	  1	
552	122	765	  1	
552	130	765	  1	
552	144	765	  1	
552	149	765	  1	
552	200	765	  1	
552	221	765	  1	
552	234	765	  1	
552	280	765	  1	
552	309	765	  1	
552	338	765	  1	
552	345	765	  1	
552	415	765	  1	
552	443	765	  1	
552	560	765	  1	
553	 96	765	  1	
553	210	765	  1	
554	355	765	  1	
555	184	765	  1	
555	403	765	  1	
556	112	765	  1	
557	127	765	  1	
557	336	765	  1	
557	343	765	  1	
558	226	765	  1	
558	296	765	  1	
558	325	765	  1	
559	 80	765	  1	
559	 87	765	  1	
559	119	765	  1	
559	135	765	  1	
559	210	765	  1	
559	280	765	  1	
560	 76	765	  1	
560	120	765	  1	
560	130	765	  1	
560	189	765	  1	
560	203	765	  1	
560	303	765	  1	
560	376	765	  1	
560	415	765	  1	
563	 88	765	  1	
563	163	765	  1	
563	178	765	  1	
563	336	765	  1	
564	 72	765	  1	
565	 95	765	  1	
566	160	765	  1	
566	167	765	  1	
566	346	765	  1	
566	376	765	  1	
567	224	765	  1	
567	299	765	  1	
567	448	765	  1	
568	 80	765	  1	
568	146	765	  1	
568	156	765	  1	
568	182	765	  1	
568	195	765	  1	
568	216	765	  1	
568	220	765	  1	
568	291	765	  1	
568	413	765	  1	
570	 77	765	  1	
570	 83	765	  1	
570	408	765	  1	
573	  2	765	  1	
573	276	765	  1	
573	422	765	  1	
574	 23	765	  1	
574	 80	765	  1	
574	240	765	  1	
574	306	765	  1	
574	413	765	  1	
575	 72	765	  1	
575	288	765	  1	
575	295	765	  1	
575	535	765	  1	
576	 15	765	  1	
576	109	765	  1	
576	138	765	  1	
576	152	765	  1	
576	205	765	  1	
576	272	765	  1	
576	312	765	  1	
576	319	765	  1	
576	344	765	  1	
579	123	765	  1	
580	336	765	  1	
581	  0	765	  1	
581	104	765	  1	
581	143	765	  1	
582	 39	765	  1	
582	 86	765	  1	
582	239	765	  1	
582	348	765	  1	
582	408	765	  1	
583	 75	765	  1	
583	275	765	  1	
583	315	765	  1	
583	384	765	  1	
584	 96	765	  1	
584	139	765	  1	
584	144	765	  1	
584	195	765	  1	
584	208	765	  1	
584	301	765	  1	
584	360	765	  1	
586	110	765	  1	
586	151	765	  1	
586	352	765	  1	
587	200	765	  1	
587	286	765	  1	
587	311	765	  1	
588	408	765	  1	
589	 80	765	  1	
589	 87	765	  1	
589	198	765	  1	
589	214	765	  1	
589	279	765	  1	
589	347	765	  1	
590	109	765	  1	
590	144	765	  1	
590	296	765	  1	
591	358	765	  1	
592	 88	765	  1	
592	120	765	  1	
592	216	765	  1	
592	220	765	  1	
592	248	765	  1	
592	258	765	  1	
592	304	765	  1	
592	336	765	  1	
592	391	765	  1	
594	 55	765	  1	
594	 63	765	  1	
594	 96	765	  1	
594	119	765	  1	
594	131	765	  1	
594	224	765	  1	
595	127	765	  1	
595	200	765	  1	
595	288	765	  1	
596	 94	765	  1	
596	101	765	  1	
596	231	765	  1	
597	 72	765	  1	
597	 99	765	  1	
597	256	765	  1	
597	263	765	  1	
597	282	765	  1	
597	287	765	  1	
597	296	765	  1	
597	536	765	  1	
598	  0	765	  1	
598	  7	765	  1	
598	308	765	  1	
598	340	765	  1	
599	111	765	  1	
599	224	765	  1	
600	 71	765	  1	
600	 92	765	  1	
600	167	765	  1	
600	254	765	  1	
600	293	765	  1	
600	322	765	  1	
600	336	765	  1	
600	375	765	  1	
601	 95	765	  1	
602	192	765	  1	
603	216	765	  1	
603	288	765	  1	
606	198	765	  1	
606	252	765	  1	
606	341	765	  1	
606	370	765	  1	
607	164	765	  1	
607	336	765	  1	
608	 15	765	  1	
608	192	765	  1	
608	250	765	  1	
608	255	765	  1	
608	272	765	  1	
608	300	765	  1	
608	346	765	  1	
608	351	765	  1	
609	277	765	  1	
610	 23	765	  1	
610	296	765	  1	
612	376	765	  1	
613	328	765	  1	
614	346	765	  1	
615	351	765	  1	
616	 96	765	  1	
616	104	765	  1	
616	118	765	  1	
616	132	765	  1	
616	273	765	  1	
616	287	765	  1	
616	296	765	  1	
616	514	765	  1	
618	278	765	  1	
619	 56	765	  1	
619	301	765	  1	
621	200	765	  1	
622	173	765	  1	
622	294	765	  1	
623	110	765	  1	
623	344	765	  1	
623	351	765	  1	
623	360	765	  1	
623	365	765	  1	
623	514	765	  1	
624	123	765	  1	
624	239	765	  1	
624	333	765	  1	
624	343	765	  1	
624	352	765	  1	
624	407	765	  1	
625	 96	765	  1	
625	219	765	  1	
625	311	765	  1	
626	211	765	  1	
627	 40	765	  1	
627	 47	765	  1	
627	359	765	  1	
628	120	765	  1	
628	295	765	  1	
628	333	765	  1	
629	259	765	  1	
629	549	765	  1	
630	324	765	  1	
630	328	765	  1	
631	215	765	  1	
631	277	765	  1	
631	339	765	  1	
631	519	765	  1	
632	  3	765	  1	
632	  8	765	  1	
632	155	765	  1	
632	229	765	  1	
632	246	765	  1	
632	344	765	  1	
634	240	765	  1	
635	 14	765	  1	
635	183	765	  1	
635	213	765	  1	
635	255	765	  1	
637	175	765	  1	
638	 91	765	  1	
638	224	765	  1	
638	405	765	  1	
638	564	765	  1	
639	152	765	  1	
639	159	765	  1	
639	244	765	  1	
639	248	765	  1	
640	 63	765	  1	
640	 74	765	  1	
640	219	765	  1	
640	231	765	  1	
641	103	765	  1	
641	224	765	  1	
642	144	765	  1	
643	 56	765	  1	
645	232	765	  1	
645	339	765	  1	
645	344	765	  1	
645	351	765	  1	
646	 67	765	  1	
647	 48	765	  1	
647	 63	765	  1	
647	216	765	  1	
647	223	765	  1	
647	228	765	  1	
648	 64	765	  1	
648	328	765	  1	
648	347	765	  1	
649	111	765	  1	
650	471	765	  1	
651	197	765	  1	
653	 68	765	  1	
653	104	765	  1	
654	 79	765	  1	
655	 15	765	  1	
655	344	765	  1	
655	351	765	  1	
655	536	765	  1	
656	151	765	  1	
656	160	765	  1	
658	200	765	  1	
659	144	765	  1	
661	205	765	  1	
662	141	765	  1	
662	242	765	  1	
662	298	765	  1	
663	 75	765	  1	
663	151	765	  1	
663	167	765	  1	
664	112	765	  1	
664	128	765	  1	
664	135	765	  1	
664	147	765	  1	
664	192	765	  1	
664	400	765	  1	
666	407	765	  1	
667	  8	765	  1	
667	119	765	  1	
669	142	765	  1	
670	151	765	  1	
671	112	765	  1	
672	 71	765	  1	
672	168	765	  1	
679	 69	765	  1	
679	 79	765	  1	
680	149	765	  1	
680	464	765	  1	
684	124	765	  1	
688	469	765	  1	
688	488	765	  1	
695	184	765	  1	
695	416	765	  1	
696	280	765	  1	
696	287	765	  1	
709	400	765	  1	
711	 38	765	  1	
712	176	765	  1	
714	255	765	  1	
731	255	765	  1	
