# 
#  Image file: Goad2_T0035.jpg
#  Applied threshold: 575
#  Algorithm used: fill2                 
#  Particle count: 1936
#  Location (x,y), max luminance, and mass:
# 
  0	200	765	  1	
  0	392	765	  1	
  0	490	765	  1	
  4	392	765	  1	
  7	447	765	  1	
 10	495	765	  1	
 11	404	765	  1	
 13	100	765	  1	
 15	286	765	  1	
 15	395	765	  1	
 16	214	765	  1	
 18	485	765	  1	
 20	213	765	  1	
 23	207	765	  1	
 24	232	765	  1	
 24	243	765	  1	
 24	539	765	  1	
 31	240	765	  1	
 31	247	765	  1	
 32	112	765	  1	
 32	359	765	  1	
 40	234	765	  1	
 40	271	765	  1	
 40	463	765	  1	
 41	289	765	  1	
 42	174	765	  1	
 42	505	765	  1	
 43	311	765	  1	
 51	271	765	  1	
 56	261	765	  1	
 56	286	765	  1	
 63	286	765	  1	
 64	104	765	  1	
 64	191	765	  1	
 64	200	765	  1	
 64	352	765	  1	
 64	360	765	  1	
 67	  8	765	  1	
 67	359	765	  1	
 68	267	765	  1	
 71	103	765	  1	
 71	105	765	  1	
 71	352	765	  1	
 72	 79	765	  1	
 72	148	765	  1	
 76	149	765	  1	
 79	375	765	  1	
 80	151	765	  1	
 87	 63	765	  1	
 87	463	765	  1	
 88	176	765	  1	
 88	232	765	  1	
 88	251	765	  1	
 92	184	765	  1	
 94	176	765	  1	
 95	191	765	  1	
 99	 79	765	  1	
100	174	765	  1	
102	168	765	  1	
103	408	765	  1	
104	144	765	  1	
104	181	765	  1	
109	151	765	  1	
110	187	765	  1	
110	466	765	  1	
111	176	765	  1	
111	198	765	  1	
111	247	765	  1	
111	271	765	  1	
112	173	765	  1	
115	471	765	  1	
116	206	765	  1	
117	111	765	  1	
117	159	765	  1	
118	599	765	  1	
119	201	765	  1	
119	323	765	  1	
120	 92	765	  1	
120	104	765	  1	
120	165	765	  1	
120	303	765	  1	
120	316	765	  1	
120	398	765	  1	
121	547	765	  1	
122	215	765	  1	
123	240	765	  1	
123	296	765	  1	
124	 12	765	  1	
126	318	765	  1	
127	253	765	  1	
127	303	765	  1	
127	312	765	  1	
127	447	765	  1	
128	136	765	  1	
128	143	765	  1	
128	146	765	  1	
128	151	765	  1	
128	168	765	  1	
128	295	765	  1	
128	504	765	  1	
131	173	765	  1	
132	287	765	  1	
133	404	765	  1	
134	263	765	  1	
135	 15	765	  1	
135	139	765	  1	
135	256	765	  1	
135	278	765	  1	
135	504	765	  1	
136	157	765	  1	
136	304	765	  1	
136	311	765	  1	
136	491	765	  1	
136	519	765	  1	
141	192	765	  1	
141	232	765	  1	
141	239	765	  1	
141	284	765	  1	
141	336	765	  1	
141	353	765	  1	
142	416	765	  1	
143	  0	765	  1	
143	 98	765	  1	
143	108	765	  1	
143	135	765	  1	
143	142	765	  1	
143	307	765	  1	
143	539	765	  1	
144	150	765	  1	
144	290	765	  1	
144	567	765	  1	
146	282	765	  1	
147	304	765	  1	
147	334	765	  1	
149	147	765	  1	
149	368	765	  1	
150	139	765	  1	
150	216	765	  1	
151	  8	765	  1	
152	 90	765	  1	
152	168	765	  1	
152	209	765	  1	
152	214	765	  1	
152	250	765	  1	
152	312	765	  1	
154	136	765	  1	
155	237	765	  1	
155	368	765	  1	
156	 99	765	  1	
156	287	765	  1	
156	327	765	  1	
157	208	765	  1	
157	256	765	  1	
158	142	765	  1	
158	146	765	  1	
158	198	765	  1	
158	215	765	  1	
158	316	765	  1	
159	334	765	  1	
159	351	765	  1	
160	101	765	  1	
160	148	765	  1	
160	160	765	  1	
160	231	765	  1	
160	270	765	  1	
160	274	765	  1	
160	294	765	  1	
163	 15	765	  1	
163	 96	765	  1	
163	144	765	  1	
163	224	765	  1	
163	310	765	  1	
165	342	765	  1	
166	101	765	  1	
166	149	765	  1	
166	197	765	  1	
166	271	765	  1	
166	292	765	  1	
166	379	765	  1	
167	 47	765	  1	
167	164	765	  1	
167	184	765	  1	
167	191	765	  1	
167	231	765	  1	
168	 88	765	  1	
168	107	765	  1	
168	133	765	  1	
168	144	765	  1	
168	152	765	  1	
168	209	765	  1	
168	214	765	  1	
168	325	765	  1	
168	368	765	  1	
168	375	765	  1	
168	509	765	  1	
170	128	765	  1	
171	287	765	  1	
172	275	765	  1	
174	134	765	  1	
174	159	765	  1	
175	270	765	  1	
176	120	765	  1	
176	151	765	  1	
176	188	765	  1	
176	287	765	  1	
176	388	765	  1	
176	437	765	  1	
176	519	765	  1	
179	 80	765	  1	
179	 88	765	  1	
179	144	765	  1	
179	199	765	  1	
181	190	765	  1	
182	 77	765	  1	
182	232	765	  1	
183	151	765	  1	
183	157	765	  1	
183	246	765	  1	
183	287	765	  1	
183	384	765	  1	
183	391	765	  1	
183	519	765	  1	
184	118	765	  1	
184	139	765	  1	
184	223	765	  1	
184	256	765	  1	
184	263	765	  1	
186	127	765	  1	
187	  8	765	  1	
187	 72	765	  1	
188	239	765	  1	
188	352	765	  1	
189	 86	765	  1	
189	115	765	  1	
189	271	765	  1	
190	247	765	  1	
191	216	765	  1	
191	259	765	  1	
192	 88	765	  1	
192	104	765	  1	
192	157	765	  1	
192	167	765	  1	
192	239	765	  1	
192	335	765	  1	
192	448	765	  1	
192	455	765	  1	
193	 80	765	  1	
194	150	765	  1	
195	 95	765	  1	
195	144	765	  1	
195	312	765	  1	
195	328	765	  1	
197	156	765	  1	
197	292	765	  1	
198	128	765	  1	
198	485	765	  1	
198	538	765	  1	
199	 19	765	  1	
199	 88	765	  1	
199	144	765	  1	
199	163	765	  1	
199	200	765	  1	
199	270	765	  1	
199	335	765	  1	
199	528	765	  1	
199	535	765	  1	
200	 98	765	  1	
200	125	765	  1	
200	133	765	  1	
200	176	765	  1	
200	183	765	  1	
200	186	765	  1	
200	392	765	  1	
203	154	765	  1	
203	399	765	  1	
203	488	765	  1	
204	503	765	  1	
205	144	765	  1	
205	167	765	  1	
205	393	765	  1	
205	448	765	  1	
206	 75	765	  1	
207	240	765	  1	
207	455	765	  1	
208	  0	765	  1	
208	 60	765	  1	
208	179	765	  1	
208	216	765	  1	
208	223	765	  1	
208	287	765	  1	
208	295	765	  1	
208	301	765	  1	
208	503	765	  1	
209	 31	765	  1	
209	171	765	  1	
210	311	765	  1	
211	280	765	  1	
211	347	765	  1	
212	  6	765	  1	
213	160	765	  1	
213	224	765	  1	
213	231	765	  1	
213	362	765	  1	
214	120	765	  1	
215	219	765	  1	
215	287	765	  1	
216	 92	765	  1	
216	102	765	  1	
216	111	765	  1	
216	128	765	  1	
216	156	765	  1	
216	168	765	  1	
216	200	765	  1	
216	232	765	  1	
216	320	765	  1	
216	407	765	  1	
216	421	765	  1	
216	582	765	  1	
217	216	765	  1	
217	223	765	  1	
217	234	765	  1	
219	280	765	  1	
219	399	765	  1	
219	424	765	  1	
220	402	765	  1	
220	418	765	  1	
221	152	765	  1	
222	 95	765	  1	
222	163	765	  1	
222	239	765	  1	
223	 78	765	  1	
223	120	765	  1	
223	218	765	  1	
223	287	765	  1	
224	 32	765	  1	
224	 64	765	  1	
224	 96	765	  1	
224	103	765	  1	
224	128	765	  1	
224	135	765	  1	
224	144	765	  1	
224	147	765	  1	
224	187	765	  1	
224	194	765	  1	
224	208	765	  1	
224	349	765	  1	
224	374	765	  1	
224	527	765	  1	
225	159	765	  1	
226	 87	765	  1	
227	234	765	  1	
227	239	765	  1	
228	 72	765	  1	
228	 99	765	  1	
229	152	765	  1	
229	168	765	  1	
229	344	765	  1	
229	406	765	  1	
229	415	765	  1	
230	144	765	  1	
230	320	765	  1	
231	 80	765	  1	
231	131	765	  1	
231	159	765	  1	
231	208	765	  1	
232	 16	765	  1	
232	 30	765	  1	
232	 60	765	  1	
232	196	765	  1	
232	201	765	  1	
232	272	765	  1	
232	279	765	  1	
232	303	765	  1	
232	359	765	  1	
233	304	765	  1	
234	104	765	  1	
234	218	765	  1	
234	382	765	  1	
234	463	765	  1	
235	 47	765	  1	
235	 79	765	  1	
235	223	765	  1	
235	296	765	  1	
236	 61	765	  1	
236	115	765	  1	
236	152	765	  1	
237	414	765	  1	
238	 20	765	  1	
238	 73	765	  1	
238	159	765	  1	
239	 56	765	  1	
239	128	765	  1	
239	168	765	  1	
239	198	765	  1	
239	275	765	  1	
239	303	765	  1	
240	  0	765	  1	
240	 80	765	  1	
240	 96	765	  1	
240	103	765	  1	
240	105	765	  1	
240	335	765	  1	
240	397	765	  1	
241	175	765	  1	
241	183	765	  1	
242	160	765	  1	
243	119	765	  1	
243	126	765	  1	
243	328	765	  1	
244	319	765	  1	
245	168	765	  1	
245	392	765	  1	
246	246	765	  1	
247	112	765	  1	
247	208	765	  1	
247	335	765	  1	
247	351	765	  1	
247	454	765	  1	
248	 35	765	  1	
248	 74	765	  1	
248	 80	765	  1	
248	 95	765	  1	
248	136	765	  1	
248	140	765	  1	
248	160	765	  1	
248	200	765	  1	
248	215	765	  1	
248	254	765	  1	
248	263	765	  1	
248	275	765	  1	
248	319	765	  1	
248	336	765	  1	
248	342	765	  1	
248	352	765	  1	
248	370	765	  1	
248	375	765	  1	
248	478	765	  1	
248	599	765	  1	
250	 88	765	  1	
250	152	765	  1	
250	204	765	  1	
251	 32	765	  1	
251	 39	765	  1	
251	159	765	  1	
251	165	765	  1	
251	256	765	  1	
251	267	765	  1	
251	312	765	  1	
252	 62	765	  1	
253	 72	765	  1	
253	 79	765	  1	
253	124	765	  1	
253	213	765	  1	
253	218	765	  1	
254	 48	765	  1	
254	101	765	  1	
254	149	765	  1	
254	358	765	  1	
255	 35	765	  1	
255	 57	765	  1	
255	186	765	  1	
255	254	765	  1	
255	263	765	  1	
255	272	765	  1	
255	279	765	  1	
255	304	765	  1	
255	319	765	  1	
255	339	765	  1	
255	471	765	  1	
255	596	765	  1	
256	 60	765	  1	
256	104	765	  1	
256	115	765	  1	
256	128	765	  1	
256	135	765	  1	
256	163	765	  1	
256	192	765	  1	
256	196	765	  1	
256	214	765	  1	
256	224	765	  1	
256	230	765	  1	
256	336	765	  1	
256	343	765	  1	
256	351	765	  1	
256	389	765	  1	
256	394	765	  1	
257	102	765	  1	
258	 80	765	  1	
259	 15	765	  1	
259	201	765	  1	
260	400	765	  1	
261	 86	765	  1	
261	199	765	  1	
261	208	765	  1	
261	227	765	  1	
261	279	765	  1	
261	431	765	  1	
262	 48	765	  1	
262	174	765	  1	
263	104	765	  1	
263	347	765	  1	
263	422	765	  1	
264	  0	765	  1	
264	 15	765	  1	
264	 64	765	  1	
264	 71	765	  1	
264	123	765	  1	
264	144	765	  1	
264	148	765	  1	
264	152	765	  1	
264	171	765	  1	
264	239	765	  1	
264	271	765	  1	
264	314	765	  1	
264	381	765	  1	
264	407	765	  1	
264	475	765	  1	
266	207	765	  1	
266	400	765	  1	
267	  8	765	  1	
267	111	765	  1	
267	344	765	  1	
267	559	765	  1	
268	319	765	  1	
268	407	765	  1	
268	523	765	  1	
269	175	765	  1	
269	188	765	  1	
269	464	765	  1	
269	471	765	  1	
270	118	765	  1	
270	264	765	  1	
270	312	765	  1	
270	336	765	  1	
270	368	765	  1	
271	206	765	  1	
271	275	765	  1	
271	403	765	  1	
271	414	765	  1	
271	479	765	  1	
272	 44	765	  1	
272	 85	765	  1	
272	 92	765	  1	
272	137	765	  1	
272	143	765	  1	
272	152	765	  1	
272	164	765	  1	
272	198	765	  1	
272	216	765	  1	
272	235	765	  1	
272	294	765	  1	
272	299	765	  1	
272	435	765	  1	
275	156	765	  1	
275	228	765	  1	
275	264	765	  1	
275	400	765	  1	
277	 47	765	  1	
277	 64	765	  1	
277	200	765	  1	
277	360	765	  1	
277	384	765	  1	
277	415	765	  1	
277	439	765	  1	
278	138	765	  1	
279	  0	765	  1	
279	  7	765	  1	
279	152	765	  1	
279	235	765	  1	
279	403	765	  1	
280	 92	765	  1	
280	 98	765	  1	
280	125	765	  1	
280	163	765	  1	
280	184	765	  1	
280	191	765	  1	
280	240	765	  1	
280	247	765	  1	
280	287	765	  1	
280	334	765	  1	
280	344	765	  1	
280	376	765	  1	
280	400	765	  1	
280	458	765	  1	
280	494	765	  1	
280	565	765	  1	
282	390	765	  1	
283	  0	765	  1	
283	 15	765	  1	
283	304	765	  1	
283	405	765	  1	
284	123	765	  1	
284	187	765	  1	
284	283	765	  1	
285	303	765	  1	
285	351	765	  1	
285	400	765	  1	
286	224	765	  1	
286	255	765	  1	
286	384	765	  1	
287	112	765	  1	
287	240	765	  1	
287	247	765	  1	
287	379	765	  1	
287	422	765	  1	
288	 48	765	  1	
288	 52	765	  1	
288	 56	765	  1	
288	 62	765	  1	
288	 80	765	  1	
288	134	765	  1	
288	157	765	  1	
288	176	765	  1	
288	183	765	  1	
288	192	765	  1	
288	197	765	  1	
288	205	765	  1	
288	232	765	  1	
288	241	765	  1	
288	312	765	  1	
288	322	765	  1	
288	360	765	  1	
288	459	765	  1	
288	540	765	  1	
288	554	765	  1	
288	557	765	  1	
288	562	765	  1	
288	567	765	  1	
290	  0	765	  1	
290	 88	765	  1	
290	292	765	  1	
291	 10	765	  1	
291	 72	765	  1	
291	251	765	  1	
291	384	765	  1	
291	491	765	  1	
291	553	765	  1	
292	206	765	  1	
292	574	765	  1	
293	 95	765	  1	
293	216	765	  1	
293	328	765	  1	
293	335	765	  1	
293	474	765	  1	
293	536	765	  1	
294	 86	765	  1	
294	135	765	  1	
294	235	765	  1	
294	242	765	  1	
294	568	765	  1	
295	179	765	  1	
295	287	765	  1	
295	312	765	  1	
295	405	765	  1	
295	456	765	  1	
295	463	765	  1	
295	559	765	  1	
296	 71	765	  1	
296	139	765	  1	
296	144	765	  1	
296	151	765	  1	
296	251	765	  1	
296	320	765	  1	
296	347	765	  1	
296	352	765	  1	
296	575	765	  1	
297	 66	765	  1	
297	192	765	  1	
298	376	765	  1	
299	205	765	  1	
299	208	765	  1	
299	392	765	  1	
299	400	765	  1	
299	456	765	  1	
300	200	765	  1	
301	120	765	  1	
301	170	765	  1	
301	287	765	  1	
301	352	765	  1	
301	570	765	  1	
302	175	765	  1	
302	252	765	  1	
303	 40	765	  1	
303	 47	765	  1	
303	144	765	  1	
303	151	765	  1	
303	304	765	  1	
303	463	765	  1	
304	  0	765	  1	
304	 23	765	  1	
304	 76	765	  1	
304	 82	765	  1	
304	 96	765	  1	
304	152	765	  1	
304	219	765	  1	
304	224	765	  1	
304	243	765	  1	
304	333	765	  1	
304	383	765	  1	
304	548	765	  1	
306	  6	765	  1	
306	199	765	  1	
307	128	765	  1	
307	229	765	  1	
309	 84	765	  1	
309	120	765	  1	
309	195	765	  1	
309	294	765	  1	
309	328	765	  1	
310	  0	765	  1	
310	 24	765	  1	
310	 35	765	  1	
310	461	765	  1	
311	198	765	  1	
311	240	765	  1	
311	247	765	  1	
311	278	765	  1	
312	 75	765	  1	
312	 92	765	  1	
312	109	765	  1	
312	139	765	  1	
312	157	765	  1	
312	168	765	  1	
312	237	765	  1	
312	266	765	  1	
312	336	765	  1	
312	368	765	  1	
312	395	765	  1	
312	474	765	  1	
312	480	765	  1	
314	152	765	  1	
314	278	765	  1	
314	488	765	  1	
315	  4	765	  1	
315	176	765	  1	
315	268	765	  1	
315	378	765	  1	
315	493	765	  1	
316	232	765	  1	
316	256	765	  1	
317	120	765	  1	
317	216	765	  1	
317	304	765	  1	
317	399	765	  1	
317	416	765	  1	
317	423	765	  1	
317	447	765	  1	
318	158	765	  1	
318	472	765	  1	
319	383	765	  1	
319	528	765	  1	
320	 24	765	  1	
320	 69	765	  1	
320	 80	765	  1	
320	106	765	  1	
320	144	765	  1	
320	160	765	  1	
320	184	765	  1	
320	191	765	  1	
320	208	765	  1	
320	232	765	  1	
320	245	765	  1	
320	264	765	  1	
320	331	765	  1	
320	344	765	  1	
320	490	765	  1	
321	 47	765	  1	
321	 93	765	  1	
322	166	765	  1	
323	  8	765	  1	
323	 63	765	  1	
325	182	765	  1	
325	200	765	  1	
325	334	765	  1	
326	399	765	  1	
327	187	765	  1	
327	268	765	  1	
327	488	765	  1	
328	  0	765	  1	
328	130	765	  1	
328	140	765	  1	
328	167	765	  1	
328	195	765	  1	
328	230	765	  1	
328	238	765	  1	
328	262	765	  1	
328	272	765	  1	
328	288	765	  1	
328	298	765	  1	
328	360	765	  1	
328	472	765	  1	
328	527	765	  1	
329	 16	765	  1	
330	 88	765	  1	
330	 99	765	  1	
330	183	765	  1	
330	227	765	  1	
330	256	765	  1	
331	 56	765	  1	
331	520	765	  1	
333	111	765	  1	
333	172	765	  1	
333	232	765	  1	
333	303	765	  1	
333	330	765	  1	
334	 48	765	  1	
334	 94	765	  1	
334	222	765	  1	
334	395	765	  1	
335	260	765	  1	
335	343	765	  1	
335	527	765	  1	
336	 32	765	  1	
336	 72	765	  1	
336	 79	765	  1	
336	115	765	  1	
336	125	765	  1	
336	152	765	  1	
336	214	765	  1	
336	240	765	  1	
336	246	765	  1	
336	269	765	  1	
336	320	765	  1	
336	366	765	  1	
336	440	765	  1	
338	111	765	  1	
339	 96	765	  1	
339	144	765	  1	
339	327	765	  1	
339	416	765	  1	
340	163	765	  1	
341	200	765	  1	
341	207	765	  1	
341	211	765	  1	
341	264	765	  1	
341	328	765	  1	
342	101	765	  1	
342	435	765	  1	
342	479	765	  1	
343	 44	765	  1	
343	159	765	  1	
343	320	765	  1	
343	482	765	  1	
344	 91	765	  1	
344	104	765	  1	
344	120	765	  1	
344	218	765	  1	
344	225	765	  1	
344	331	765	  1	
344	369	765	  1	
344	384	765	  1	
344	388	765	  1	
346	272	765	  1	
347	248	765	  1	
348	 52	765	  1	
349	110	765	  1	
349	424	765	  1	
350	375	765	  1	
351	 44	765	  1	
352	 24	765	  1	
352	 56	765	  1	
352	 71	765	  1	
352	120	765	  1	
352	152	765	  1	
352	192	765	  1	
352	199	765	  1	
352	213	765	  1	
352	248	765	  1	
352	255	765	  1	
352	259	765	  1	
352	268	765	  1	
352	333	765	  1	
352	378	765	  1	
352	388	765	  1	
352	415	765	  1	
352	422	765	  1	
354	126	765	  1	
354	150	765	  1	
354	264	765	  1	
354	443	765	  1	
355	 64	765	  1	
355	224	765	  1	
355	408	765	  1	
355	424	765	  1	
356	155	765	  1	
356	164	765	  1	
356	279	765	  1	
356	383	765	  1	
357	 30	765	  1	
357	 48	765	  1	
357	 72	765	  1	
357	276	765	  1	
357	328	765	  1	
357	342	765	  1	
357	352	765	  1	
358	269	765	  1	
358	373	765	  1	
359	144	765	  1	
359	251	765	  1	
359	376	765	  1	
359	415	765	  1	
360	 43	765	  1	
360	 83	765	  1	
360	219	765	  1	
360	235	765	  1	
360	242	765	  1	
360	248	765	  1	
360	323	765	  1	
360	331	765	  1	
360	599	765	  1	
361	269	765	  1	
362	 24	765	  1	
362	 48	765	  1	
362	 55	765	  1	
363	 64	765	  1	
363	276	765	  1	
363	448	765	  1	
364	 40	765	  1	
364	392	765	  1	
365	 94	765	  1	
365	216	765	  1	
365	240	765	  1	
365	256	765	  1	
366	 30	765	  1	
366	 51	765	  1	
366	144	765	  1	
366	407	765	  1	
367	232	765	  1	
367	304	765	  1	
367	397	765	  1	
367	447	765	  1	
368	202	765	  1	
368	219	765	  1	
368	279	765	  1	
368	305	765	  1	
368	340	765	  1	
368	387	765	  1	
368	392	765	  1	
368	472	765	  1	
370	376	765	  1	
371	 13	765	  1	
371	 47	765	  1	
371	142	765	  1	
371	230	765	  1	
371	271	765	  1	
371	310	765	  1	
371	471	765	  1	
372	  8	765	  1	
373	 88	765	  1	
373	216	765	  1	
374	250	765	  1	
375	 40	765	  1	
375	 64	765	  1	
375	200	765	  1	
375	387	765	  1	
375	428	765	  1	
375	448	765	  1	
375	579	765	  1	
376	  1	765	  1	
376	 24	765	  1	
376	 32	765	  1	
376	 48	765	  1	
376	 80	765	  1	
376	 87	765	  1	
376	114	765	  1	
376	120	765	  1	
376	155	765	  1	
376	182	765	  1	
376	196	765	  1	
376	230	765	  1	
376	279	765	  1	
376	344	765	  1	
376	362	765	  1	
376	368	765	  1	
376	402	765	  1	
376	416	765	  1	
376	442	765	  1	
379	  0	765	  1	
379	 10	765	  1	
379	 88	765	  1	
379	373	765	  1	
380	228	765	  1	
380	240	765	  1	
381	 27	765	  1	
381	 56	765	  1	
381	219	765	  1	
381	367	765	  1	
382	 33	765	  1	
382	 39	765	  1	
382	 51	765	  1	
382	192	765	  1	
382	245	765	  1	
383	 80	765	  1	
383	 87	765	  1	
383	128	765	  1	
383	269	765	  1	
383	344	765	  1	
383	416	765	  1	
384	 24	765	  1	
384	 91	765	  1	
384	168	765	  1	
384	176	765	  1	
384	200	765	  1	
384	206	765	  1	
384	268	765	  1	
384	311	765	  1	
384	320	765	  1	
384	326	765	  1	
384	381	765	  1	
384	393	765	  1	
384	440	765	  1	
384	487	765	  1	
385	 15	765	  1	
385	207	765	  1	
386	 75	765	  1	
387	 96	765	  1	
387	183	765	  1	
387	344	765	  1	
388	240	765	  1	
388	376	765	  1	
389	 13	765	  1	
389	144	765	  1	
389	168	765	  1	
389	192	765	  1	
389	271	765	  1	
390	126	765	  1	
390	157	765	  1	
390	399	765	  1	
390	442	765	  1	
390	576	765	  1	
391	  8	765	  1	
391	 24	765	  1	
391	176	765	  1	
392	  3	765	  1	
392	 16	765	  1	
392	 23	765	  1	
392	 64	765	  1	
392	 85	765	  1	
392	 99	765	  1	
392	115	765	  1	
392	119	765	  1	
392	128	765	  1	
392	198	765	  1	
392	213	765	  1	
392	263	765	  1	
392	266	765	  1	
392	315	765	  1	
392	333	765	  1	
392	360	765	  1	
393	208	765	  1	
394	186	765	  1	
394	200	765	  1	
395	 70	765	  1	
395	 80	765	  1	
395	191	765	  1	
395	216	765	  1	
397	 56	765	  1	
397	213	765	  1	
397	311	765	  1	
397	328	765	  1	
398	173	765	  1	
398	208	765	  1	
399	 19	765	  1	
399	111	765	  1	
399	159	765	  1	
400	  8	765	  1	
400	 29	765	  1	
400	 40	765	  1	
400	 47	765	  1	
400	123	765	  1	
400	135	765	  1	
400	138	765	  1	
400	144	765	  1	
400	162	765	  1	
400	167	765	  1	
400	200	765	  1	
400	226	765	  1	
400	244	765	  1	
400	256	765	  1	
400	456	765	  1	
401	248	765	  1	
401	255	765	  1	
401	260	765	  1	
402	130	765	  1	
403	115	765	  1	
403	160	765	  1	
403	168	765	  1	
405	 24	765	  1	
405	136	765	  1	
405	143	765	  1	
405	200	765	  1	
405	240	765	  1	
405	264	765	  1	
407	127	765	  1	
407	162	765	  1	
407	272	765	  1	
407	279	765	  1	
408	 16	765	  1	
408	 34	765	  1	
408	119	765	  1	
408	184	765	  1	
408	188	765	  1	
408	255	765	  1	
408	312	765	  1	
408	320	765	  1	
408	327	765	  1	
408	331	765	  1	
408	415	765	  1	
408	536	765	  1	
409	 24	765	  1	
409	 31	765	  1	
409	205	765	  1	
411	181	765	  1	
412	119	765	  1	
413	156	765	  1	
413	200	765	  1	
414	 20	765	  1	
414	 37	765	  1	
414	176	765	  1	
414	189	765	  1	
414	328	765	  1	
414	335	765	  1	
415	  6	765	  1	
415	 80	765	  1	
415	184	765	  1	
415	251	765	  1	
415	323	765	  1	
415	435	765	  1	
416	 26	765	  1	
416	 40	765	  1	
416	 48	765	  1	
416	 54	765	  1	
416	103	765	  1	
416	130	765	  1	
416	144	765	  1	
416	152	765	  1	
416	171	765	  1	
416	183	765	  1	
416	250	765	  1	
416	336	765	  1	
416	366	765	  1	
416	384	765	  1	
417	104	765	  1	
418	 86	765	  1	
418	 96	765	  1	
418	240	765	  1	
419	 64	765	  1	
419	201	765	  1	
419	302	765	  1	
420	 48	765	  1	
420	 55	765	  1	
420	180	765	  1	
421	  0	765	  1	
421	 26	765	  1	
421	150	765	  1	
421	155	765	  1	
421	166	765	  1	
421	427	765	  1	
422	 80	765	  1	
422	131	765	  1	
422	507	765	  1	
423	 53	765	  1	
423	103	765	  1	
423	299	765	  1	
423	389	765	  1	
424	 16	765	  1	
424	 32	765	  1	
424	 72	765	  1	
424	 88	765	  1	
424	117	765	  1	
424	275	765	  1	
424	288	765	  1	
424	341	765	  1	
424	360	765	  1	
424	367	765	  1	
425	131	765	  1	
426	112	765	  1	
426	231	765	  1	
426	336	765	  1	
427	 48	765	  1	
427	 55	765	  1	
427	223	765	  1	
429	 64	765	  1	
429	120	765	  1	
429	170	765	  1	
430	110	765	  1	
430	341	765	  1	
431	288	765	  1	
431	360	765	  1	
431	367	765	  1	
431	408	765	  1	
431	415	765	  1	
432	105	765	  1	
432	147	765	  1	
432	155	765	  1	
432	168	765	  1	
432	191	765	  1	
432	232	765	  1	
432	397	765	  1	
433	128	765	  1	
433	135	765	  1	
434	177	765	  1	
435	 39	765	  1	
436	360	765	  1	
437	 88	765	  1	
437	144	765	  1	
438	415	765	  1	
440	 26	765	  1	
440	 48	765	  1	
440	 61	765	  1	
440	 66	765	  1	
440	 71	765	  1	
440	 96	765	  1	
440	136	765	  1	
440	200	765	  1	
440	207	765	  1	
440	262	765	  1	
440	272	765	  1	
440	287	765	  1	
442	 56	765	  1	
442	413	765	  1	
443	128	765	  1	
443	280	765	  1	
443	318	765	  1	
443	408	765	  1	
446	 24	765	  1	
446	 62	765	  1	
446	212	765	  1	
446	232	765	  1	
446	237	765	  1	
446	275	765	  1	
447	262	765	  1	
447	287	765	  1	
448	 64	765	  1	
448	191	765	  1	
448	272	765	  1	
448	279	765	  1	
448	288	765	  1	
448	295	765	  1	
448	304	765	  1	
451	136	765	  1	
451	311	765	  1	
451	319	765	  1	
452	273	765	  1	
453	 59	765	  1	
453	159	765	  1	
454	 23	765	  1	
454	 39	765	  1	
454	 67	765	  1	
454	312	765	  1	
455	115	765	  1	
455	184	765	  1	
455	280	765	  1	
455	304	765	  1	
455	360	765	  1	
456	 64	765	  1	
456	 87	765	  1	
456	120	765	  1	
456	272	765	  1	
456	310	765	  1	
456	343	765	  1	
456	375	765	  1	
456	408	765	  1	
456	415	765	  1	
456	532	765	  1	
457	256	765	  1	
457	315	765	  1	
459	 72	765	  1	
459	169	765	  1	
460	286	765	  1	
461	136	765	  1	
461	264	765	  1	
462	131	765	  1	
462	167	765	  1	
462	189	765	  1	
463	411	765	  1	
464	  8	765	  1	
464	 15	765	  1	
464	 22	765	  1	
464	 50	765	  1	
464	 90	765	  1	
464	 95	765	  1	
464	120	765	  1	
464	192	765	  1	
464	234	765	  1	
464	301	765	  1	
466	296	765	  1	
467	 40	765	  1	
467	214	765	  1	
467	272	765	  1	
468	312	765	  1	
469	 48	765	  1	
469	 55	765	  1	
469	110	765	  1	
469	124	765	  1	
469	152	765	  1	
469	198	765	  1	
470	232	765	  1	
470	239	765	  1	
470	242	765	  1	
470	302	765	  1	
470	475	765	  1	
472	  0	765	  1	
472	 69	765	  1	
472	 80	765	  1	
472	 86	765	  1	
472	141	765	  1	
472	175	765	  1	
472	192	765	  1	
472	213	765	  1	
472	253	765	  1	
472	285	765	  1	
472	512	765	  1	
474	 21	765	  1	
474	280	765	  1	
474	344	765	  1	
475	168	765	  1	
475	198	765	  1	
477	 64	765	  1	
477	136	765	  1	
477	248	765	  1	
478	 84	765	  1	
478	175	765	  1	
478	286	765	  1	
479	103	765	  1	
480	 61	765	  1	
480	 73	765	  1	
480	 83	765	  1	
480	 87	765	  1	
480	162	765	  1	
480	180	765	  1	
480	253	765	  1	
480	288	765	  1	
480	295	765	  1	
480	322	765	  1	
480	336	765	  1	
480	472	765	  1	
480	528	765	  1	
481	224	765	  1	
482	261	765	  1	
483	 48	765	  1	
483	256	765	  1	
483	264	765	  1	
483	280	765	  1	
483	344	765	  1	
484	231	765	  1	
485	152	765	  1	
485	183	765	  1	
485	248	765	  1	
485	272	765	  1	
486	 40	765	  1	
486	163	765	  1	
486	339	765	  1	
487	291	765	  1	
488	  3	765	  1	
488	 19	765	  1	
488	104	765	  1	
488	133	765	  1	
488	138	765	  1	
488	195	765	  1	
488	208	765	  1	
488	215	765	  1	
488	266	765	  1	
488	285	765	  1	
488	296	765	  1	
490	 53	765	  1	
490	179	765	  1	
491	 84	765	  1	
493	265	765	  1	
494	328	765	  1	
494	335	765	  1	
495	 16	765	  1	
495	 23	765	  1	
495	135	765	  1	
495	192	765	  1	
495	199	765	  1	
495	211	765	  1	
495	343	765	  1	
496	 48	765	  1	
496	216	765	  1	
496	224	765	  1	
496	236	765	  1	
496	552	765	  1	
497	  7	765	  1	
497	 66	765	  1	
499	272	765	  1	
501	  1	765	  1	
501	 16	765	  1	
501	103	765	  1	
501	144	765	  1	
501	168	765	  1	
501	243	765	  1	
501	302	765	  1	
501	335	765	  1	
501	357	765	  1	
502	 48	765	  1	
502	 91	765	  1	
503	 56	765	  1	
503	 96	765	  1	
503	552	765	  1	
503	573	765	  1	
504	  9	765	  1	
504	112	765	  1	
504	138	765	  1	
504	175	765	  1	
504	205	765	  1	
504	213	765	  1	
504	280	765	  1	
504	324	765	  1	
505	  0	765	  1	
505	184	765	  1	
505	288	765	  1	
505	320	765	  1	
507	119	765	  1	
507	467	765	  1	
508	160	765	  1	
510	167	765	  1	
510	280	765	  1	
511	112	765	  1	
511	190	765	  1	
511	320	765	  1	
511	327	765	  1	
512	 86	765	  1	
512	 91	765	  1	
512	146	765	  1	
512	151	765	  1	
512	200	765	  1	
512	240	765	  1	
512	275	765	  1	
512	290	765	  1	
512	295	765	  1	
512	298	765	  1	
512	333	765	  1	
512	392	765	  1	
512	396	765	  1	
512	400	765	  1	
512	416	765	  1	
512	424	765	  1	
514	128	765	  1	
514	223	765	  1	
515	  4	765	  1	
515	318	765	  1	
516	208	765	  1	
517	 87	765	  1	
517	303	765	  1	
518	  0	765	  1	
518	 12	765	  1	
518	 99	765	  1	
518	334	765	  1	
518	418	765	  1	
519	272	765	  1	
519	279	765	  1	
519	344	765	  1	
519	399	765	  1	
520	 92	765	  1	
520	120	765	  1	
520	175	765	  1	
520	195	765	  1	
520	221	765	  1	
520	266	765	  1	
520	408	765	  1	
520	428	765	  1	
520	433	765	  1	
522	160	765	  1	
522	286	765	  1	
523	 16	765	  1	
523	 39	765	  1	
523	128	765	  1	
523	354	765	  1	
524	418	765	  1	
525	 88	765	  1	
525	436	765	  1	
526	  0	765	  1	
526	264	765	  1	
526	280	765	  1	
527	134	765	  1	
527	160	765	  1	
527	192	765	  1	
527	199	765	  1	
527	240	765	  1	
528	135	765	  1	
528	141	765	  1	
528	232	765	  1	
528	245	765	  1	
528	271	765	  1	
528	296	765	  1	
528	315	765	  1	
528	357	765	  1	
530	302	765	  1	
531	  4	765	  1	
531	 72	765	  1	
531	208	765	  1	
531	397	765	  1	
532	128	765	  1	
533	104	765	  1	
533	136	765	  1	
533	240	765	  1	
533	352	765	  1	
533	384	765	  1	
534	296	765	  1	
535	267	765	  1	
536	 31	765	  1	
536	 99	765	  1	
536	143	765	  1	
536	170	765	  1	
536	186	765	  1	
536	199	765	  1	
536	256	765	  1	
536	288	765	  1	
536	292	765	  1	
536	303	765	  1	
536	309	765	  1	
536	328	765	  1	
536	335	765	  1	
536	357	765	  1	
536	372	765	  1	
539	111	765	  1	
539	368	765	  1	
540	191	765	  1	
540	398	765	  1	
541	  8	765	  1	
541	 56	765	  1	
541	 63	765	  1	
541	 80	765	  1	
541	178	765	  1	
541	304	765	  1	
542	270	765	  1	
542	290	765	  1	
542	392	765	  1	
543	168	765	  1	
543	175	765	  1	
543	256	765	  1	
543	375	765	  1	
544	  4	765	  1	
544	 77	765	  1	
544	136	765	  1	
544	165	765	  1	
544	237	765	  1	
544	384	765	  1	
544	395	765	  1	
544	400	765	  1	
544	407	765	  1	
546	120	765	  1	
546	184	765	  1	
547	 32	765	  1	
547	248	765	  1	
549	  7	765	  1	
549	 94	765	  1	
549	110	765	  1	
549	256	765	  1	
549	527	765	  1	
550	127	765	  1	
550	195	765	  1	
551	  5	765	  1	
551	 24	765	  1	
551	184	765	  1	
552	 55	765	  1	
552	119	765	  1	
552	216	765	  1	
552	223	765	  1	
552	280	765	  1	
552	312	765	  1	
552	352	765	  1	
553	170	765	  1	
553	319	765	  1	
554	 68	765	  1	
554	207	765	  1	
554	274	765	  1	
554	296	765	  1	
555	  7	765	  1	
555	112	765	  1	
555	184	765	  1	
555	358	765	  1	
556	102	765	  1	
556	490	765	  1	
557	 72	765	  1	
557	158	765	  1	
557	256	765	  1	
558	 19	765	  1	
558	 24	765	  1	
558	125	765	  1	
558	232	765	  1	
558	352	765	  1	
559	119	765	  1	
559	219	765	  1	
559	268	765	  1	
560	 31	765	  1	
560	135	765	  1	
560	144	765	  1	
560	157	765	  1	
560	200	765	  1	
560	206	765	  1	
560	216	765	  1	
560	237	765	  1	
560	248	765	  1	
560	373	765	  1	
561	118	765	  1	
562	148	765	  1	
562	286	765	  1	
563	223	765	  1	
563	445	765	  1	
564	159	765	  1	
565	 94	765	  1	
565	144	765	  1	
565	173	765	  1	
565	180	765	  1	
565	203	765	  1	
565	336	765	  1	
566	 69	765	  1	
566	 83	765	  1	
566	131	765	  1	
566	154	765	  1	
566	280	765	  1	
567	 27	765	  1	
567	216	765	  1	
568	 16	765	  1	
568	 22	765	  1	
568	 72	765	  1	
568	102	765	  1	
568	109	765	  1	
568	121	765	  1	
568	136	765	  1	
568	140	765	  1	
568	173	765	  1	
568	303	765	  1	
568	310	765	  1	
568	367	765	  1	
568	403	765	  1	
569	203	765	  1	
569	416	765	  1	
570	  0	765	  1	
571	208	765	  1	
571	240	765	  1	
572	296	765	  1	
572	324	765	  1	
573	104	765	  1	
573	176	765	  1	
573	183	765	  1	
573	280	765	  1	
573	503	765	  1	
574	 48	765	  1	
575	304	765	  1	
575	400	765	  1	
575	407	765	  1	
576	 32	765	  1	
576	 83	765	  1	
576	 96	765	  1	
576	101	765	  1	
576	120	765	  1	
576	171	765	  1	
576	229	765	  1	
576	269	765	  1	
576	277	765	  1	
576	310	765	  1	
576	319	765	  1	
576	336	765	  1	
576	352	765	  1	
576	393	765	  1	
578	167	765	  1	
578	399	765	  1	
579	 11	765	  1	
579	110	765	  1	
579	251	765	  1	
579	304	765	  1	
581	126	765	  1	
581	280	765	  1	
581	287	765	  1	
582	 98	765	  1	
582	103	765	  1	
582	238	765	  1	
582	407	765	  1	
583	 80	765	  1	
583	 87	765	  1	
583	179	765	  1	
583	315	765	  1	
583	356	765	  1	
584	 72	765	  1	
584	 88	765	  1	
584	 93	765	  1	
584	170	765	  1	
584	175	765	  1	
584	200	765	  1	
584	296	765	  1	
584	328	765	  1	
584	335	765	  1	
585	112	765	  1	
586	151	765	  1	
587	 79	765	  1	
587	 92	765	  1	
588	200	765	  1	
589	248	765	  1	
589	296	765	  1	
589	311	765	  1	
590	111	765	  1	
591	 72	765	  1	
591	331	765	  1	
592	  3	765	  1	
592	 16	765	  1	
592	128	765	  1	
592	137	765	  1	
592	168	765	  1	
592	179	765	  1	
592	203	765	  1	
592	219	765	  1	
592	232	765	  1	
592	288	765	  1	
592	392	765	  1	
593	108	765	  1	
593	322	765	  1	
595	 22	765	  1	
595	 56	765	  1	
595	119	765	  1	
595	175	765	  1	
595	295	765	  1	
595	374	765	  1	
596	239	765	  1	
597	 99	765	  1	
597	168	765	  1	
597	222	765	  1	
597	288	765	  1	
597	399	765	  1	
598	387	765	  1	
599	  0	765	  1	
599	  7	765	  1	
599	176	765	  1	
599	200	765	  1	
599	207	765	  1	
599	368	765	  1	
599	550	765	  1	
600	 63	765	  1	
600	 66	765	  1	
600	113	765	  1	
600	120	765	  1	
600	152	765	  1	
600	158	765	  1	
600	183	765	  1	
600	193	765	  1	
600	208	765	  1	
600	216	765	  1	
600	248	765	  1	
600	255	765	  1	
600	264	765	  1	
600	268	765	  1	
600	278	765	  1	
600	360	765	  1	
601	274	765	  1	
602	 15	765	  1	
602	431	765	  1	
603	 96	765	  1	
603	104	765	  1	
603	128	765	  1	
603	215	765	  1	
603	302	765	  1	
603	366	765	  1	
603	376	765	  1	
603	426	765	  1	
605	199	765	  1	
605	264	765	  1	
605	269	765	  1	
606	 35	765	  1	
606	134	765	  1	
606	156	765	  1	
607	 80	765	  1	
607	251	765	  1	
608	  1	765	  1	
608	 99	765	  1	
608	110	765	  1	
608	184	765	  1	
608	221	765	  1	
608	235	765	  1	
608	248	765	  1	
608	280	765	  1	
608	344	765	  1	
608	351	765	  1	
608	368	765	  1	
608	381	765	  1	
611	 22	765	  1	
611	227	765	  1	
612	 69	765	  1	
612	427	765	  1	
613	238	765	  1	
613	280	765	  1	
613	328	765	  1	
613	335	765	  1	
613	358	765	  1	
614	111	765	  1	
615	288	765	  1	
615	378	765	  1	
616	 19	765	  1	
616	 96	765	  1	
616	120	765	  1	
616	185	765	  1	
616	195	765	  1	
616	256	765	  1	
616	263	765	  1	
616	317	765	  1	
616	364	765	  1	
618	271	765	  1	
619	 56	765	  1	
621	128	765	  1	
622	211	765	  1	
622	465	765	  1	
623	192	765	  1	
623	199	765	  1	
623	503	765	  1	
623	562	765	  1	
624	  5	765	  1	
624	116	765	  1	
624	204	765	  1	
624	252	765	  1	
624	258	765	  1	
624	272	765	  1	
624	384	765	  1	
627	  0	765	  1	
627	212	765	  1	
627	263	765	  1	
627	279	765	  1	
627	312	765	  1	
629	127	765	  1	
629	304	765	  1	
629	368	765	  1	
629	535	765	  1	
630	 64	765	  1	
630	 71	765	  1	
630	259	765	  1	
630	272	765	  1	
631	 59	765	  1	
631	143	765	  1	
631	384	765	  1	
632	  8	765	  1	
632	 99	765	  1	
632	118	765	  1	
632	184	765	  1	
632	208	765	  1	
632	279	765	  1	
632	284	765	  1	
632	288	765	  1	
632	296	765	  1	
632	327	765	  1	
632	375	765	  1	
632	424	765	  1	
633	379	765	  1	
634	336	765	  1	
635	191	765	  1	
635	320	765	  1	
635	391	765	  1	
636	280	765	  1	
636	285	765	  1	
637	574	765	  1	
638	213	765	  1	
639	 96	765	  1	
639	103	765	  1	
639	119	765	  1	
639	184	765	  1	
639	275	765	  1	
639	291	765	  1	
639	327	765	  1	
639	336	765	  1	
639	384	765	  1	
640	 78	765	  1	
640	286	765	  1	
640	376	765	  1	
640	386	765	  1	
640	474	765	  1	
641	280	765	  1	
643	 73	765	  1	
643	184	765	  1	
645	350	765	  1	
647	376	765	  1	
647	384	765	  1	
648	 68	765	  1	
648	152	765	  1	
648	200	765	  1	
648	240	765	  1	
648	357	765	  1	
649	293	765	  1	
650	 64	765	  1	
650	157	765	  1	
650	315	765	  1	
651	 61	765	  1	
651	376	765	  1	
651	391	765	  1	
652	211	765	  1	
652	279	765	  1	
653	104	765	  1	
653	160	765	  1	
654	116	765	  1	
654	288	765	  1	
655	383	765	  1	
655	416	765	  1	
656	304	765	  1	
657	315	765	  1	
661	144	765	  1	
663	368	765	  1	
663	375	765	  1	
664	 64	765	  1	
664	 87	765	  1	
664	116	765	  1	
664	128	765	  1	
664	192	765	  1	
664	200	765	  1	
664	207	765	  1	
666	375	765	  1	
667	199	765	  1	
667	336	765	  1	
667	365	765	  1	
670	368	765	  1	
671	203	765	  1	
672	 95	765	  1	
672	147	765	  1	
672	159	765	  1	
672	173	765	  1	
672	207	765	  1	
672	280	765	  1	
675	351	765	  1	
678	 16	765	  1	
679	147	765	  1	
680	218	765	  1	
681	295	765	  1	
682	198	765	  1	
682	471	765	  1	
683	448	765	  1	
685	368	765	  1	
688	 88	765	  1	
688	488	765	  1	
692	264	765	  1	
693	242	765	  1	
695	 95	765	  1	
696	344	765	  1	
703	264	765	  1	
704	202	765	  1	
709	407	765	  1	
712	 99	765	  1	
719	184	765	  1	
735	271	765	  1	
755	  4	765	  1	
