# 
#  Image file: Goad2_T0125.jpg
#  Applied threshold: 575
#  Algorithm used: fill2                 
#  Particle count: 1711
#  Location (x,y), max luminance, and mass:
# 
  0	184	765	  1	
  4	216	765	  1	
  8	184	765	  1	
  8	584	765	  1	
 15	142	765	  1	
 19	331	765	  1	
 22	422	765	  1	
 25	454	765	  1	
 26	199	765	  1	
 31	179	765	  1	
 32	133	765	  1	
 33	161	765	  1	
 35	572	765	  1	
 36	135	765	  1	
 36	479	765	  1	
 37	319	765	  1	
 39	120	765	  1	
 40	208	765	  1	
 43	128	765	  1	
 48	319	765	  1	
 51	123	765	  1	
 53	219	765	  1	
 56	 56	765	  1	
 56	114	765	  1	
 62	103	765	  1	
 64	239	765	  1	
 71	216	765	  1	
 72	138	765	  1	
 72	144	765	  1	
 72	303	765	  1	
 77	578	765	  1	
 79	195	765	  1	
 79	296	765	  1	
 80	139	765	  1	
 87	 87	765	  1	
 87	192	765	  1	
 91	141	765	  1	
 95	151	765	  1	
 95	463	765	  1	
 96	120	765	  1	
 96	299	765	  1	
 96	351	765	  1	
102	162	765	  1	
102	455	765	  1	
103	136	765	  1	
104	144	765	  1	
104	245	765	  1	
104	306	765	  1	
107	103	765	  1	
111	272	765	  1	
111	306	765	  1	
112	248	765	  1	
112	262	765	  1	
112	448	765	  1	
114	255	765	  1	
116	426	765	  1	
118	304	765	  1	
119	197	765	  1	
119	260	765	  1	
119	368	765	  1	
119	535	765	  1	
120	 52	765	  1	
120	136	765	  1	
120	271	765	  1	
121	248	765	  1	
122	328	765	  1	
124	463	765	  1	
126	251	765	  1	
126	363	765	  1	
127	  7	765	  1	
127	 63	765	  1	
128	118	765	  1	
128	308	765	  1	
128	499	765	  1	
130	458	765	  1	
131	  0	765	  1	
133	187	765	  1	
135	307	765	  1	
136	143	765	  1	
136	168	765	  1	
136	175	765	  1	
136	216	765	  1	
136	263	765	  1	
136	287	765	  1	
138	281	765	  1	
139	527	765	  1	
140	  7	765	  1	
140	119	765	  1	
140	221	765	  1	
140	439	765	  1	
141	109	765	  1	
141	256	765	  1	
142	144	765	  1	
143	287	765	  1	
143	336	765	  1	
143	464	765	  1	
144	 71	765	  1	
144	139	765	  1	
144	168	765	  1	
144	175	765	  1	
144	361	765	  1	
144	403	765	  1	
144	472	765	  1	
146	154	765	  1	
146	479	765	  1	
147	159	765	  1	
150	140	765	  1	
150	266	765	  1	
150	357	765	  1	
151	 96	765	  1	
151	171	765	  1	
151	400	765	  1	
151	407	765	  1	
152	 75	765	  1	
152	136	765	  1	
152	160	765	  1	
152	186	765	  1	
152	279	765	  1	
154	408	765	  1	
154	565	765	  1	
155	119	765	  1	
155	167	765	  1	
155	384	765	  1	
155	560	765	  1	
158	  0	765	  1	
158	  7	765	  1	
158	192	765	  1	
159	 72	765	  1	
159	 79	765	  1	
159	136	765	  1	
159	160	765	  1	
159	291	765	  1	
160	 88	765	  1	
160	 99	765	  1	
160	104	765	  1	
160	109	765	  1	
160	167	765	  1	
160	180	765	  1	
160	199	765	  1	
160	253	765	  1	
160	312	765	  1	
160	319	765	  1	
160	357	765	  1	
162	280	765	  1	
162	352	765	  1	
164	 14	765	  1	
164	192	765	  1	
165	 72	765	  1	
165	176	765	  1	
165	248	765	  1	
165	266	765	  1	
165	271	765	  1	
166	  8	765	  1	
166	358	765	  1	
167	103	765	  1	
167	163	765	  1	
167	315	765	  1	
168	 47	765	  1	
168	183	765	  1	
168	232	765	  1	
168	254	765	  1	
168	280	765	  1	
168	317	765	  1	
169	143	765	  1	
171	 24	765	  1	
171	286	765	  1	
171	298	765	  1	
172	238	765	  1	
173	231	765	  1	
174	120	765	  1	
174	136	765	  1	
175	 47	765	  1	
175	179	765	  1	
175	301	765	  1	
175	495	765	  1	
176	 96	765	  1	
176	232	765	  1	
176	238	765	  1	
176	247	765	  1	
176	388	765	  1	
176	555	765	  1	
178	159	765	  1	
178	262	765	  1	
179	240	765	  1	
179	267	765	  1	
179	280	765	  1	
179	512	765	  1	
180	197	765	  1	
180	354	765	  1	
181	 79	765	  1	
181	196	765	  1	
181	296	765	  1	
182	152	765	  1	
182	176	765	  1	
182	183	765	  1	
182	335	765	  1	
182	559	765	  1	
183	125	765	  1	
183	247	765	  1	
184	304	765	  1	
184	335	765	  1	
184	366	765	  1	
184	392	765	  1	
184	399	765	  1	
184	535	765	  1	
185	327	765	  1	
186	463	765	  1	
187	 88	765	  1	
187	221	765	  1	
187	311	765	  1	
189	 64	765	  1	
189	 71	765	  1	
190	 96	765	  1	
190	287	765	  1	
190	312	765	  1	
191	 31	765	  1	
191	304	765	  1	
191	317	765	  1	
191	334	765	  1	
191	371	765	  1	
191	392	765	  1	
191	399	765	  1	
192	239	765	  1	
192	419	765	  1	
192	552	765	  1	
193	 80	765	  1	
197	125	765	  1	
197	208	765	  1	
197	279	765	  1	
198	368	765	  1	
198	528	765	  1	
199	120	765	  1	
199	287	765	  1	
199	423	765	  1	
200	310	765	  1	
200	344	765	  1	
200	351	765	  1	
202	135	765	  1	
203	168	765	  1	
203	304	765	  1	
203	560	765	  1	
204	 23	765	  1	
205	359	765	  1	
206	176	765	  1	
207	280	765	  1	
207	347	765	  1	
207	424	765	  1	
207	431	765	  1	
208	 53	765	  1	
208	 88	765	  1	
208	 95	765	  1	
208	 98	765	  1	
208	112	765	  1	
208	288	765	  1	
208	295	765	  1	
208	360	765	  1	
208	376	765	  1	
208	391	765	  1	
208	484	765	  1	
209	359	765	  1	
213	 99	765	  1	
213	118	765	  1	
215	 88	765	  1	
215	 95	765	  1	
215	291	765	  1	
216	  8	765	  1	
216	104	765	  1	
216	111	765	  1	
216	163	765	  1	
216	187	765	  1	
216	280	765	  1	
216	336	765	  1	
216	343	765	  1	
216	352	765	  1	
216	408	765	  1	
216	440	765	  1	
219	  0	765	  1	
219	 91	765	  1	
219	229	765	  1	
219	415	765	  1	
219	435	765	  1	
221	192	765	  1	
221	380	765	  1	
221	451	765	  1	
221	512	765	  1	
222	 59	765	  1	
222	 88	765	  1	
222	 95	765	  1	
222	168	765	  1	
222	360	765	  1	
222	376	765	  1	
222	424	765	  1	
223	160	765	  1	
223	184	765	  1	
223	224	765	  1	
223	336	765	  1	
223	343	765	  1	
223	408	765	  1	
224	114	765	  1	
224	141	765	  1	
224	175	765	  1	
224	375	765	  1	
224	411	765	  1	
224	416	765	  1	
224	439	765	  1	
224	462	765	  1	
224	472	765	  1	
226	136	765	  1	
226	421	765	  1	
227	123	765	  1	
227	237	765	  1	
227	432	765	  1	
229	 63	765	  1	
230	112	765	  1	
230	142	765	  1	
230	243	765	  1	
231	272	765	  1	
231	314	765	  1	
231	408	765	  1	
231	415	765	  1	
231	475	765	  1	
231	584	765	  1	
232	 14	765	  1	
232	 80	765	  1	
232	 85	765	  1	
232	104	765	  1	
232	120	765	  1	
232	130	765	  1	
232	163	765	  1	
232	398	765	  1	
232	448	765	  1	
233	140	765	  1	
234	112	765	  1	
234	376	765	  1	
234	436	765	  1	
236	370	765	  1	
237	 11	765	  1	
237	 63	765	  1	
237	 91	765	  1	
237	122	765	  1	
237	446	765	  1	
237	454	765	  1	
239	136	765	  1	
239	179	765	  1	
239	262	765	  1	
239	328	765	  1	
239	398	765	  1	
239	419	765	  1	
240	 24	765	  1	
240	 46	765	  1	
240	 53	765	  1	
240	 98	765	  1	
240	144	765	  1	
240	153	765	  1	
240	181	765	  1	
240	186	765	  1	
240	200	765	  1	
240	224	765	  1	
240	230	765	  1	
240	239	765	  1	
240	256	765	  1	
240	387	765	  1	
240	430	765	  1	
241	 80	765	  1	
242	131	765	  1	
242	159	765	  1	
242	227	765	  1	
243	104	765	  1	
243	192	765	  1	
243	448	765	  1	
245	120	765	  1	
245	176	765	  1	
245	419	765	  1	
246	 47	765	  1	
246	191	765	  1	
246	224	765	  1	
246	231	765	  1	
246	302	765	  1	
247	 96	765	  1	
247	103	765	  1	
247	198	765	  1	
247	235	765	  1	
247	382	765	  1	
247	445	765	  1	
247	522	765	  1	
248	 56	765	  1	
248	 79	765	  1	
248	100	765	  1	
248	112	765	  1	
248	141	765	  1	
248	331	765	  1	
248	424	765	  1	
248	431	765	  1	
248	437	765	  1	
250	239	765	  1	
251	182	765	  1	
251	224	765	  1	
251	231	765	  1	
252	 36	765	  1	
252	 92	765	  1	
252	120	765	  1	
252	388	765	  1	
252	413	765	  1	
253	102	765	  1	
253	127	765	  1	
253	176	765	  1	
253	323	765	  1	
254	 47	765	  1	
255	296	765	  1	
255	372	765	  1	
256	 64	765	  1	
256	115	765	  1	
256	216	765	  1	
256	256	765	  1	
256	260	765	  1	
256	384	765	  1	
256	406	765	  1	
256	454	765	  1	
256	494	765	  1	
256	523	765	  1	
256	544	765	  1	
258	192	765	  1	
258	316	765	  1	
258	403	765	  1	
258	448	765	  1	
258	487	765	  1	
259	 74	765	  1	
259	173	765	  1	
259	223	765	  1	
259	414	765	  1	
260	208	765	  1	
261	120	765	  1	
261	136	765	  1	
261	277	765	  1	
261	438	765	  1	
261	548	765	  1	
262	 35	765	  1	
262	 42	765	  1	
262	 71	765	  1	
263	 24	765	  1	
263	112	765	  1	
263	216	765	  1	
263	264	765	  1	
263	296	765	  1	
263	406	765	  1	
263	454	765	  1	
264	  8	765	  1	
264	 56	765	  1	
264	 60	765	  1	
264	144	765	  1	
264	184	765	  1	
264	228	765	  1	
264	248	765	  1	
264	280	765	  1	
264	357	765	  1	
264	389	765	  1	
264	400	765	  1	
264	416	765	  1	
264	448	765	  1	
264	492	765	  1	
264	499	765	  1	
264	515	765	  1	
265	112	765	  1	
266	427	765	  1	
266	520	765	  1	
267	 22	765	  1	
267	192	765	  1	
267	242	765	  1	
267	423	765	  1	
267	471	765	  1	
268	175	765	  1	
269	 64	765	  1	
269	 80	765	  1	
269	144	765	  1	
269	231	765	  1	
269	298	765	  1	
269	507	765	  1	
270	  8	765	  1	
270	167	765	  1	
270	352	765	  1	
270	415	765	  1	
271	119	765	  1	
271	291	765	  1	
271	340	765	  1	
271	464	765	  1	
271	512	765	  1	
271	519	765	  1	
272	 98	765	  1	
272	128	765	  1	
272	135	765	  1	
272	152	765	  1	
272	366	765	  1	
272	475	765	  1	
274	268	765	  1	
275	114	765	  1	
275	227	765	  1	
275	254	765	  1	
275	272	765	  1	
275	495	765	  1	
276	415	765	  1	
277	248	765	  1	
277	464	765	  1	
278	452	765	  1	
279	131	765	  1	
279	152	765	  1	
279	366	765	  1	
279	488	765	  1	
280	 46	765	  1	
280	 56	765	  1	
280	200	765	  1	
280	211	765	  1	
280	240	765	  1	
280	246	765	  1	
280	256	765	  1	
280	346	765	  1	
280	351	765	  1	
280	363	765	  1	
280	422	765	  1	
280	440	765	  1	
280	460	765	  1	
280	467	765	  1	
280	492	765	  1	
280	504	765	  1	
280	511	765	  1	
280	521	765	  1	
280	526	765	  1	
280	568	765	  1	
282	102	765	  1	
282	171	765	  1	
283	 11	765	  1	
283	 95	765	  1	
283	207	765	  1	
284	134	765	  1	
284	290	765	  1	
284	408	765	  1	
284	444	765	  1	
285	 56	765	  1	
285	112	765	  1	
285	152	765	  1	
285	243	765	  1	
285	430	765	  1	
285	560	765	  1	
286	348	765	  1	
287	 40	765	  1	
287	 64	765	  1	
287	200	765	  1	
287	464	765	  1	
287	471	765	  1	
288	 32	765	  1	
288	 36	765	  1	
288	 62	765	  1	
288	 72	765	  1	
288	 86	765	  1	
288	 95	765	  1	
288	139	765	  1	
288	160	765	  1	
288	224	765	  1	
288	232	765	  1	
288	246	765	  1	
288	332	765	  1	
288	534	765	  1	
289	130	765	  1	
290	208	765	  1	
292	212	765	  1	
293	 59	765	  1	
293	 83	765	  1	
293	242	765	  1	
294	120	765	  1	
294	530	765	  1	
295	 88	765	  1	
295	 95	765	  1	
295	132	765	  1	
295	136	765	  1	
295	143	765	  1	
295	152	765	  1	
295	320	765	  1	
295	341	765	  1	
296	  8	765	  1	
296	 12	765	  1	
296	 64	765	  1	
296	 77	765	  1	
296	117	765	  1	
296	146	765	  1	
296	184	765	  1	
296	252	765	  1	
296	290	765	  1	
296	310	765	  1	
296	342	765	  1	
296	356	765	  1	
296	376	765	  1	
296	504	765	  1	
296	535	765	  1	
298	190	765	  1	
298	403	765	  1	
299	 44	765	  1	
299	160	765	  1	
299	200	765	  1	
299	287	765	  1	
299	576	765	  1	
301	 67	765	  1	
301	 72	765	  1	
301	142	765	  1	
301	151	765	  1	
301	295	765	  1	
301	323	765	  1	
301	352	765	  1	
302	184	765	  1	
302	248	765	  1	
302	380	765	  1	
302	480	765	  1	
303	 40	765	  1	
303	 47	765	  1	
304	  6	765	  1	
304	 16	765	  1	
304	 96	765	  1	
304	102	765	  1	
304	168	765	  1	
304	176	765	  1	
304	197	765	  1	
304	211	765	  1	
304	216	765	  1	
304	315	765	  1	
304	335	765	  1	
304	416	765	  1	
304	423	765	  1	
304	440	765	  1	
304	447	765	  1	
304	456	765	  1	
304	460	765	  1	
306	328	765	  1	
306	374	765	  1	
307	128	765	  1	
307	183	765	  1	
309	 18	765	  1	
309	 78	765	  1	
309	 99	765	  1	
309	192	765	  1	
310	119	765	  1	
310	127	765	  1	
310	168	765	  1	
310	368	765	  1	
310	458	765	  1	
310	463	765	  1	
311	  6	765	  1	
311	216	765	  1	
311	312	765	  1	
311	319	765	  1	
312	 63	765	  1	
312	 71	765	  1	
312	 82	765	  1	
312	 93	765	  1	
312	132	765	  1	
312	147	765	  1	
312	165	765	  1	
312	188	765	  1	
312	256	765	  1	
312	293	765	  1	
312	304	765	  1	
312	338	765	  1	
312	366	765	  1	
313	200	765	  1	
313	362	765	  1	
315	 56	765	  1	
315	229	765	  1	
315	263	765	  1	
315	310	765	  1	
315	397	765	  1	
315	472	765	  1	
317	128	765	  1	
317	160	765	  1	
317	205	765	  1	
318	 16	765	  1	
318	 23	765	  1	
318	190	765	  1	
318	256	765	  1	
318	288	765	  1	
318	304	765	  1	
318	367	765	  1	
319	110	765	  1	
319	286	765	  1	
319	435	765	  1	
319	456	765	  1	
319	463	765	  1	
319	584	765	  1	
319	599	765	  1	
320	 72	765	  1	
320	 78	765	  1	
320	 99	765	  1	
320	139	765	  1	
320	200	765	  1	
320	219	765	  1	
320	230	765	  1	
320	263	765	  1	
320	280	765	  1	
320	295	765	  1	
320	299	765	  1	
320	349	765	  1	
320	405	765	  1	
320	417	765	  1	
320	554	765	  1	
321	224	765	  1	
323	  8	765	  1	
323	 40	765	  1	
323	 56	765	  1	
323	123	765	  1	
323	330	765	  1	
323	344	765	  1	
323	368	765	  1	
323	424	765	  1	
324	487	765	  1	
325	 70	765	  1	
325	 79	765	  1	
325	 96	765	  1	
325	152	765	  1	
326	336	765	  1	
326	372	765	  1	
327	136	765	  1	
327	143	765	  1	
327	295	765	  1	
328	  0	765	  1	
328	  8	765	  1	
328	112	765	  1	
328	128	765	  1	
328	184	765	  1	
328	191	765	  1	
328	248	765	  1	
328	262	765	  1	
328	288	765	  1	
328	320	765	  1	
328	363	765	  1	
328	408	765	  1	
328	421	765	  1	
330	 77	765	  1	
330	107	765	  1	
330	134	765	  1	
330	254	765	  1	
331	 16	765	  1	
331	142	765	  1	
331	152	765	  1	
331	295	765	  1	
333	 72	765	  1	
333	231	765	  1	
334	128	765	  1	
334	248	765	  1	
334	368	765	  1	
334	375	765	  1	
334	416	765	  1	
335	112	765	  1	
335	260	765	  1	
335	288	765	  1	
335	360	765	  1	
335	544	765	  1	
336	 37	765	  1	
336	 46	765	  1	
336	 50	765	  1	
336	 62	765	  1	
336	 88	765	  1	
336	 91	765	  1	
336	166	765	  1	
336	210	765	  1	
336	215	765	  1	
336	264	765	  1	
336	271	765	  1	
336	400	765	  1	
336	408	765	  1	
336	413	765	  1	
336	424	765	  1	
336	574	765	  1	
337	 96	765	  1	
337	432	765	  1	
338	279	765	  1	
338	285	765	  1	
339	195	765	  1	
339	376	765	  1	
340	328	765	  1	
340	384	765	  1	
340	391	765	  1	
341	 14	765	  1	
341	 43	765	  1	
341	248	765	  1	
341	253	765	  1	
341	456	765	  1	
342	 56	765	  1	
342	 88	765	  1	
342	272	765	  1	
342	335	765	  1	
342	412	765	  1	
342	495	765	  1	
343	 63	765	  1	
343	101	765	  1	
343	104	765	  1	
343	267	765	  1	
343	363	765	  1	
343	400	765	  1	
344	  2	765	  1	
344	 16	765	  1	
344	 22	765	  1	
344	 75	765	  1	
344	 81	765	  1	
344	120	765	  1	
344	140	765	  1	
344	148	765	  1	
344	168	765	  1	
344	192	765	  1	
344	199	765	  1	
344	245	765	  1	
344	264	765	  1	
344	375	765	  1	
345	160	765	  1	
345	272	765	  1	
346	101	765	  1	
346	136	765	  1	
346	174	765	  1	
347	  6	765	  1	
348	431	765	  1	
349	 23	765	  1	
349	 60	765	  1	
349	110	765	  1	
349	135	765	  1	
349	376	765	  1	
349	475	765	  1	
350	168	765	  1	
351	144	765	  1	
351	264	765	  1	
352	 55	765	  1	
352	147	765	  1	
352	175	765	  1	
352	218	765	  1	
352	240	765	  1	
352	283	765	  1	
352	312	765	  1	
352	336	765	  1	
352	405	765	  1	
352	430	765	  1	
354	138	765	  1	
354	143	765	  1	
354	160	765	  1	
354	264	765	  1	
356	340	765	  1	
356	464	765	  1	
357	216	765	  1	
357	223	765	  1	
357	320	765	  1	
357	400	765	  1	
358	 50	765	  1	
359	560	765	  1	
360	  0	765	  1	
360	 61	765	  1	
360	112	765	  1	
360	120	765	  1	
360	144	765	  1	
360	182	765	  1	
360	256	765	  1	
360	416	765	  1	
363	302	765	  1	
363	317	765	  1	
363	472	765	  1	
364	 24	765	  1	
365	 56	765	  1	
365	 72	765	  1	
365	 96	765	  1	
365	256	765	  1	
366	 31	765	  1	
366	179	765	  1	
367	234	765	  1	
367	359	765	  1	
367	383	765	  1	
368	  3	765	  1	
368	 37	765	  1	
368	 48	765	  1	
368	 80	765	  1	
368	109	765	  1	
368	151	765	  1	
368	168	765	  1	
368	175	765	  1	
368	280	765	  1	
368	424	765	  1	
368	431	765	  1	
368	459	765	  1	
369	126	765	  1	
370	440	765	  1	
372	135	765	  1	
373	103	765	  1	
373	112	765	  1	
373	132	765	  1	
373	416	765	  1	
374	 96	765	  1	
374	151	765	  1	
375	  2	765	  1	
375	 56	765	  1	
375	 63	765	  1	
375	427	765	  1	
375	446	765	  1	
376	 19	765	  1	
376	 25	765	  1	
376	 31	765	  1	
376	 51	765	  1	
376	118	765	  1	
376	144	765	  1	
376	171	765	  1	
376	204	765	  1	
376	223	765	  1	
376	248	765	  1	
376	256	765	  1	
376	443	765	  1	
376	455	765	  1	
377	349	765	  1	
378	  8	765	  1	
378	 15	765	  1	
378	 48	765	  1	
378	 86	765	  1	
378	548	765	  1	
379	 55	765	  1	
379	 63	765	  1	
379	263	765	  1	
380	512	765	  1	
381	128	765	  1	
381	240	765	  1	
381	306	765	  1	
383	 48	765	  1	
383	151	765	  1	
383	218	765	  1	
383	251	765	  1	
383	256	765	  1	
384	  8	765	  1	
384	 46	765	  1	
384	 84	765	  1	
384	148	765	  1	
384	165	765	  1	
384	169	765	  1	
384	183	765	  1	
384	192	765	  1	
384	232	765	  1	
384	272	765	  1	
384	283	765	  1	
384	303	765	  1	
384	324	765	  1	
384	336	765	  1	
384	426	765	  1	
384	463	765	  1	
385	 38	765	  1	
385	133	765	  1	
386	111	765	  1	
386	136	765	  1	
387	175	765	  1	
387	239	765	  1	
387	328	765	  1	
388	 56	765	  1	
388	168	765	  1	
388	320	765	  1	
389	123	765	  1	
389	140	765	  1	
390	  8	765	  1	
391	136	765	  1	
391	192	765	  1	
391	232	765	  1	
391	272	765	  1	
391	283	765	  1	
391	336	765	  1	
391	372	765	  1	
391	463	765	  1	
392	 40	765	  1	
392	 88	765	  1	
392	155	765	  1	
392	263	765	  1	
392	359	765	  1	
392	370	765	  1	
393	256	765	  1	
393	522	765	  1	
396	311	765	  1	
398	324	765	  1	
399	183	765	  1	
400	 14	765	  1	
400	 35	765	  1	
400	 59	765	  1	
400	 80	765	  1	
400	120	765	  1	
400	149	765	  1	
400	168	765	  1	
400	272	765	  1	
400	280	765	  1	
400	312	765	  1	
400	319	765	  1	
400	432	765	  1	
401	 92	765	  1	
402	  8	765	  1	
404	 88	765	  1	
405	103	765	  1	
405	348	765	  1	
407	 14	765	  1	
407	168	765	  1	
407	183	765	  1	
407	310	765	  1	
407	315	765	  1	
408	 24	765	  1	
408	 39	765	  1	
408	 48	765	  1	
408	 74	765	  1	
408	 79	765	  1	
408	118	765	  1	
408	123	765	  1	
408	139	765	  1	
408	248	765	  1	
408	328	765	  1	
408	447	765	  1	
408	456	765	  1	
409	151	765	  1	
411	184	765	  1	
411	263	765	  1	
411	362	765	  1	
412	 37	765	  1	
412	112	765	  1	
412	359	765	  1	
413	115	765	  1	
413	143	765	  1	
414	 60	765	  1	
414	191	765	  1	
415	 27	765	  1	
415	128	765	  1	
415	248	765	  1	
415	456	765	  1	
416	 16	765	  1	
416	 80	765	  1	
416	102	765	  1	
416	110	765	  1	
416	255	765	  1	
416	333	765	  1	
416	536	765	  1	
416	575	765	  1	
417	 98	765	  1	
417	106	765	  1	
418	312	765	  1	
418	319	765	  1	
419	152	765	  1	
419	248	765	  1	
419	448	765	  1	
420	328	765	  1	
420	424	765	  1	
421	  8	765	  1	
421	 22	765	  1	
421	274	765	  1	
421	335	765	  1	
422	  0	765	  1	
422	144	765	  1	
422	167	765	  1	
423	 56	765	  1	
423	255	765	  1	
424	  5	765	  1	
424	 24	765	  1	
424	 72	765	  1	
424	 77	765	  1	
424	 98	765	  1	
424	117	765	  1	
424	127	765	  1	
424	191	765	  1	
424	240	765	  1	
424	312	765	  1	
424	320	765	  1	
424	399	765	  1	
426	328	765	  1	
427	184	765	  1	
428	 51	765	  1	
429	  0	765	  1	
429	  8	765	  1	
429	 96	765	  1	
429	103	765	  1	
429	112	765	  1	
430	 32	765	  1	
430	 74	765	  1	
430	223	765	  1	
430	312	765	  1	
431	 69	765	  1	
431	123	765	  1	
431	152	765	  1	
431	165	765	  1	
431	191	765	  1	
431	399	765	  1	
432	  3	765	  1	
432	 43	765	  1	
432	 56	765	  1	
432	120	765	  1	
432	128	765	  1	
432	174	765	  1	
432	199	765	  1	
432	240	765	  1	
432	287	765	  1	
432	294	765	  1	
432	310	765	  1	
432	320	765	  1	
432	352	765	  1	
432	389	765	  1	
432	400	765	  1	
432	407	765	  1	
433	165	765	  1	
433	200	765	  1	
433	207	765	  1	
433	304	765	  1	
434	 84	765	  1	
435	 42	765	  1	
435	159	765	  1	
435	280	765	  1	
435	359	765	  1	
435	503	765	  1	
436	239	765	  1	
436	408	765	  1	
437	 54	765	  1	
437	 72	765	  1	
437	 79	765	  1	
437	325	765	  1	
438	130	765	  1	
438	384	765	  1	
439	 39	765	  1	
439	195	765	  1	
439	244	765	  1	
439	335	765	  1	
439	352	765	  1	
440	  5	765	  1	
440	  8	765	  1	
440	 31	765	  1	
440	 72	765	  1	
440	 78	765	  1	
440	 96	765	  1	
440	144	765	  1	
440	200	765	  1	
440	207	765	  1	
440	255	765	  1	
440	261	765	  1	
440	368	765	  1	
441	131	765	  1	
442	 81	765	  1	
442	 85	765	  1	
442	105	765	  1	
442	150	765	  1	
442	191	765	  1	
442	256	765	  1	
443	  0	765	  1	
443	 16	765	  1	
443	111	765	  1	
443	143	765	  1	
445	 75	765	  1	
446	  5	765	  1	
446	120	765	  1	
446	165	765	  1	
446	261	765	  1	
447	 31	765	  1	
447	203	765	  1	
447	248	765	  1	
448	 32	765	  1	
448	 51	765	  1	
448	 59	765	  1	
448	 64	765	  1	
448	216	765	  1	
448	223	765	  1	
448	259	765	  1	
448	410	765	  1	
450	311	765	  1	
451	 96	765	  1	
452	 72	765	  1	
452	123	765	  1	
452	306	765	  1	
453	 77	765	  1	
454	 47	765	  1	
454	187	765	  1	
456	 18	765	  1	
456	 23	765	  1	
456	 32	765	  1	
456	 39	765	  1	
456	134	765	  1	
456	152	765	  1	
456	181	765	  1	
456	272	765	  1	
456	296	765	  1	
456	304	765	  1	
456	312	765	  1	
456	360	765	  1	
458	 72	765	  1	
458	315	765	  1	
459	226	765	  1	
460	272	765	  1	
461	131	765	  1	
462	 23	765	  1	
463	 35	765	  1	
463	 79	765	  1	
463	120	765	  1	
463	152	765	  1	
463	319	765	  1	
464	  0	765	  1	
464	 26	765	  1	
464	 56	765	  1	
464	 72	765	  1	
464	 88	765	  1	
464	 94	765	  1	
464	107	765	  1	
464	116	765	  1	
464	168	765	  1	
464	248	765	  1	
464	282	765	  1	
464	287	765	  1	
465	 24	765	  1	
466	136	765	  1	
466	271	765	  1	
467	278	765	  1	
467	312	765	  1	
469	  8	765	  1	
470	 34	765	  1	
470	171	765	  1	
470	229	765	  1	
471	104	765	  1	
471	111	765	  1	
471	136	765	  1	
472	  5	765	  1	
472	 42	765	  1	
472	 86	765	  1	
472	 96	765	  1	
472	125	765	  1	
472	149	765	  1	
472	186	765	  1	
472	265	765	  1	
472	328	765	  1	
472	339	765	  1	
472	344	765	  1	
474	  0	765	  1	
474	110	765	  1	
474	120	765	  1	
474	278	765	  1	
477	 55	765	  1	
477	 99	765	  1	
477	312	765	  1	
477	334	765	  1	
478	  6	765	  1	
478	104	765	  1	
478	150	765	  1	
478	416	765	  1	
479	 80	765	  1	
479	446	765	  1	
479	551	765	  1	
480	  8	765	  1	
480	 64	765	  1	
480	 88	765	  1	
480	102	765	  1	
480	144	765	  1	
480	168	765	  1	
480	175	765	  1	
480	240	765	  1	
480	266	765	  1	
480	271	765	  1	
480	288	765	  1	
480	295	765	  1	
480	302	765	  1	
480	311	765	  1	
480	328	765	  1	
480	400	765	  1	
480	432	765	  1	
483	 80	765	  1	
484	158	765	  1	
484	373	765	  1	
485	 14	765	  1	
485	 56	765	  1	
485	328	765	  1	
485	335	765	  1	
487	171	765	  1	
487	291	765	  1	
487	400	765	  1	
488	  8	765	  1	
488	 28	765	  1	
488	 32	765	  1	
488	 99	765	  1	
488	202	765	  1	
488	230	765	  1	
488	247	765	  1	
488	256	765	  1	
488	277	765	  1	
489	 21	765	  1	
489	 48	765	  1	
489	 53	765	  1	
489	310	765	  1	
490	224	765	  1	
491	 85	765	  1	
492	  7	765	  1	
492	 80	765	  1	
492	 96	765	  1	
492	103	765	  1	
492	304	765	  1	
493	 24	765	  1	
493	239	765	  1	
493	272	765	  1	
493	339	765	  1	
494	 13	765	  1	
494	155	765	  1	
494	204	765	  1	
495	230	765	  1	
495	303	765	  1	
496	 80	765	  1	
496	 87	765	  1	
496	 90	765	  1	
496	104	765	  1	
496	125	765	  1	
496	133	765	  1	
496	176	765	  1	
496	184	765	  1	
496	287	765	  1	
496	312	765	  1	
496	328	765	  1	
496	552	765	  1	
497	  8	765	  1	
499	280	765	  1	
499	439	765	  1	
500	149	765	  1	
501	118	765	  1	
501	134	765	  1	
501	164	765	  1	
501	223	765	  1	
501	272	765	  1	
501	319	765	  1	
502	328	765	  1	
503	176	765	  1	
503	287	765	  1	
503	359	765	  1	
503	552	765	  1	
504	 56	765	  1	
504	 63	765	  1	
504	143	765	  1	
504	152	765	  1	
504	227	765	  1	
504	247	765	  1	
504	261	765	  1	
504	320	765	  1	
504	362	765	  1	
506	375	765	  1	
507	136	765	  1	
507	264	765	  1	
509	  7	765	  1	
509	158	765	  1	
509	184	765	  1	
509	191	765	  1	
509	256	765	  1	
509	368	765	  1	
510	224	765	  1	
510	231	765	  1	
511	 59	765	  1	
511	143	765	  1	
512	 55	765	  1	
512	120	765	  1	
512	139	765	  1	
512	192	765	  1	
512	199	765	  1	
512	222	765	  1	
512	239	765	  1	
512	264	765	  1	
512	290	765	  1	
512	309	765	  1	
512	355	765	  1	
512	416	765	  1	
514	269	765	  1	
514	343	765	  1	
515	152	765	  1	
515	208	765	  1	
515	360	765	  1	
516	247	765	  1	
518	212	765	  1	
518	242	765	  1	
518	328	765	  1	
518	399	765	  1	
519	 48	765	  1	
519	239	765	  1	
519	264	765	  1	
519	295	765	  1	
519	336	765	  1	
519	352	765	  1	
519	359	765	  1	
520	 10	765	  1	
520	 58	765	  1	
520	 63	765	  1	
520	219	765	  1	
520	275	765	  1	
520	285	765	  1	
520	304	765	  1	
520	355	765	  1	
523	144	765	  1	
523	168	765	  1	
523	320	765	  1	
524	110	765	  1	
524	360	765	  1	
525	152	765	  1	
525	176	765	  1	
525	310	765	  1	
525	565	765	  1	
526	202	765	  1	
526	226	765	  1	
526	367	765	  1	
528	 48	765	  1	
528	 72	765	  1	
528	141	765	  1	
528	243	765	  1	
528	295	765	  1	
528	312	765	  1	
528	341	765	  1	
530	 78	765	  1	
530	104	765	  1	
530	317	765	  1	
531	  8	765	  1	
531	128	765	  1	
531	288	765	  1	
532	 96	765	  1	
533	110	765	  1	
533	136	765	  1	
533	144	765	  1	
533	336	765	  1	
534	 72	765	  1	
535	 48	765	  1	
535	 56	765	  1	
535	104	765	  1	
535	295	765	  1	
535	312	765	  1	
536	 32	765	  1	
536	 94	765	  1	
536	189	765	  1	
536	198	765	  1	
536	265	765	  1	
536	296	765	  1	
538	 61	765	  1	
539	 19	765	  1	
539	287	765	  1	
539	400	765	  1	
540	271	765	  1	
540	303	765	  1	
541	102	765	  1	
541	152	765	  1	
541	191	765	  1	
541	195	765	  1	
541	227	765	  1	
543	168	765	  1	
543	406	765	  1	
544	112	765	  1	
544	118	765	  1	
544	135	765	  1	
544	141	765	  1	
544	150	765	  1	
544	203	765	  1	
544	215	765	  1	
544	242	765	  1	
544	247	765	  1	
544	261	765	  1	
544	295	765	  1	
544	315	765	  1	
544	341	765	  1	
547	104	765	  1	
548	211	765	  1	
548	431	765	  1	
549	 96	765	  1	
549	115	765	  1	
549	147	765	  1	
549	174	765	  1	
549	184	765	  1	
549	206	765	  1	
549	336	765	  1	
551	291	765	  1	
551	319	765	  1	
551	454	765	  1	
552	 72	765	  1	
552	 79	765	  1	
552	 90	765	  1	
552	128	765	  1	
552	152	765	  1	
552	165	765	  1	
552	171	765	  1	
552	181	765	  1	
552	216	765	  1	
552	235	765	  1	
552	293	765	  1	
552	312	765	  1	
552	352	765	  1	
552	376	765	  1	
552	504	765	  1	
553	319	765	  1	
554	104	765	  1	
554	230	765	  1	
555	344	765	  1	
555	359	765	  1	
557	158	765	  1	
557	314	765	  1	
557	408	765	  1	
557	415	765	  1	
558	224	765	  1	
558	240	765	  1	
559	 72	765	  1	
559	 79	765	  1	
559	112	765	  1	
559	119	765	  1	
559	352	765	  1	
560	 88	765	  1	
560	 95	765	  1	
560	168	765	  1	
560	200	765	  1	
560	222	765	  1	
560	274	765	  1	
562	173	765	  1	
564	352	765	  1	
565	176	765	  1	
565	219	765	  1	
565	240	765	  1	
566	168	765	  1	
567	208	765	  1	
567	231	765	  1	
567	272	765	  1	
567	279	765	  1	
567	304	765	  1	
567	311	765	  1	
568	140	765	  1	
568	173	765	  1	
568	288	765	  1	
568	295	765	  1	
568	317	765	  1	
568	328	765	  1	
568	366	765	  1	
568	416	765	  1	
569	160	765	  1	
569	167	765	  1	
569	200	765	  1	
573	236	765	  1	
574	120	765	  1	
575	136	765	  1	
575	143	765	  1	
575	288	765	  1	
575	295	765	  1	
576	164	765	  1	
576	192	765	  1	
576	200	765	  1	
576	221	765	  1	
576	280	765	  1	
578	112	765	  1	
578	160	765	  1	
578	232	765	  1	
579	207	765	  1	
579	343	765	  1	
579	512	765	  1	
580	519	765	  1	
581	216	765	  1	
582	238	765	  1	
583	200	765	  1	
583	272	765	  1	
583	331	765	  1	
583	360	765	  1	
583	431	765	  1	
584	  3	765	  1	
584	 16	765	  1	
584	 61	765	  1	
584	 88	765	  1	
584	107	765	  1	
584	115	765	  1	
584	189	765	  1	
584	208	765	  1	
584	215	765	  1	
584	225	765	  1	
584	248	765	  1	
584	267	765	  1	
584	288	765	  1	
585	 40	765	  1	
587	296	765	  1	
587	311	765	  1	
587	354	765	  1	
588	248	765	  1	
589	101	765	  1	
589	528	765	  1	
590	224	765	  1	
590	304	765	  1	
590	359	765	  1	
591	 16	765	  1	
591	 47	765	  1	
591	112	765	  1	
591	119	765	  1	
591	211	765	  1	
591	232	765	  1	
591	256	765	  1	
591	288	765	  1	
592	  3	765	  1	
592	 88	765	  1	
592	108	765	  1	
592	113	765	  1	
592	176	765	  1	
592	229	765	  1	
592	274	765	  1	
592	296	765	  1	
592	300	765	  1	
593	206	765	  1	
594	 29	765	  1	
595	288	765	  1	
596	189	765	  1	
597	 93	765	  1	
597	240	765	  1	
598	103	765	  1	
599	  0	765	  1	
599	  7	765	  1	
599	111	765	  1	
599	176	765	  1	
600	 95	765	  1	
600	114	765	  1	
600	200	765	  1	
600	207	765	  1	
600	248	765	  1	
600	256	765	  1	
600	278	765	  1	
600	376	765	  1	
600	424	765	  1	
601	267	765	  1	
603	 88	765	  1	
603	274	765	  1	
603	383	765	  1	
607	 95	765	  1	
607	112	765	  1	
607	200	765	  1	
607	207	765	  1	
607	376	765	  1	
608	  8	765	  1	
608	 55	765	  1	
608	101	765	  1	
608	110	765	  1	
608	144	765	  1	
608	184	765	  1	
608	241	765	  1	
608	277	765	  1	
608	286	765	  1	
608	299	765	  1	
608	371	765	  1	
608	420	765	  1	
611	150	765	  1	
611	190	765	  1	
611	255	765	  1	
612	 14	765	  1	
613	424	765	  1	
615	 80	765	  1	
615	248	765	  1	
615	310	765	  1	
615	368	765	  1	
615	375	765	  1	
616	 95	765	  1	
616	234	765	  1	
616	239	765	  1	
616	256	765	  1	
616	288	765	  1	
616	295	765	  1	
616	297	765	  1	
616	328	765	  1	
618	213	765	  1	
619	 88	765	  1	
619	208	765	  1	
619	303	765	  1	
621	 63	765	  1	
622	 75	765	  1	
623	 70	765	  1	
623	 95	765	  1	
623	291	765	  1	
623	308	765	  1	
623	468	765	  1	
624	 12	765	  1	
624	278	765	  1	
624	336	765	  1	
626	248	765	  1	
627	212	765	  1	
627	224	765	  1	
627	230	765	  1	
628	258	765	  1	
628	512	765	  1	
630	112	765	  1	
630	163	765	  1	
632	208	765	  1	
632	272	765	  1	
632	296	765	  1	
634	247	765	  1	
635	294	765	  1	
639	243	765	  1	
639	316	765	  1	
640	104	765	  1	
640	141	765	  1	
640	200	765	  1	
640	242	765	  1	
640	296	765	  1	
640	306	765	  1	
640	385	765	  1	
643	111	765	  1	
646	136	765	  1	
647	 48	765	  1	
647	104	765	  1	
647	205	765	  1	
647	245	765	  1	
648	156	765	  1	
651	507	765	  1	
653	 94	765	  1	
653	414	765	  1	
654	363	765	  1	
660	400	765	  1	
663	580	765	  1	
667	136	765	  1	
668	375	765	  1	
669	167	765	  1	
671	242	765	  1	
672	120	765	  1	
672	214	765	  1	
675	127	765	  1	
675	208	765	  1	
675	376	765	  1	
678	131	765	  1	
679	120	765	  1	
680	119	765	  1	
693	130	765	  1	
698	423	765	  1	
711	288	765	  1	
712	202	765	  1	
717	111	765	  1	
717	260	765	  1	
778	159	765	  1	
