# 
#  Image file: Goad2_T0018.jpg
#  Applied threshold: 575
#  Algorithm used: fill2                 
#  Particle count: 2055
#  Location (x,y), max luminance, and mass:
# 
  6	424	765	  1	
  7	235	765	  1	
  7	455	765	  1	
 13	312	765	  1	
 14	111	765	  1	
 16	191	765	  1	
 16	217	765	  1	
 16	311	765	  1	
 16	406	765	  1	
 16	503	765	  1	
 19	291	765	  1	
 21	558	765	  1	
 23	168	765	  1	
 23	399	765	  1	
 24	558	765	  1	
 25	490	765	  1	
 30	303	765	  1	
 31	283	765	  1	
 32	167	765	  1	
 32	215	765	  1	
 32	279	765	  1	
 35	255	765	  1	
 36	208	765	  1	
 37	178	765	  1	
 39	307	765	  1	
 40	283	765	  1	
 46	431	765	  1	
 47	544	765	  1	
 53	386	765	  1	
 63	359	765	  1	
 64	103	765	  1	
 64	211	765	  1	
 64	256	765	  1	
 64	398	765	  1	
 67	328	765	  1	
 71	101	765	  1	
 71	111	765	  1	
 77	149	765	  1	
 77	271	765	  1	
 79	528	765	  1	
 80	431	765	  1	
 82	544	765	  1	
 83	163	765	  1	
 85	208	765	  1	
 85	368	765	  1	
 87	224	765	  1	
 88	 91	765	  1	
 88	120	765	  1	
 88	267	765	  1	
 88	296	765	  1	
 88	303	765	  1	
 88	312	765	  1	
 94	 88	765	  1	
 94	 95	765	  1	
 95	120	765	  1	
 95	299	765	  1	
 95	312	765	  1	
 97	359	765	  1	
101	103	765	  1	
103	 71	765	  1	
104	120	765	  1	
104	127	765	  1	
104	304	765	  1	
106	378	765	  1	
107	311	765	  1	
108	222	765	  1	
110	197	765	  1	
111	123	765	  1	
111	304	765	  1	
111	347	765	  1	
111	485	765	  1	
112	191	765	  1	
112	210	765	  1	
112	314	765	  1	
112	319	765	  1	
112	376	765	  1	
112	391	765	  1	
112	570	765	  1	
113	428	765	  1	
115	144	765	  1	
118	314	765	  1	
119	319	765	  1	
120	 52	765	  1	
120	 90	765	  1	
120	102	765	  1	
120	165	765	  1	
120	206	765	  1	
120	219	765	  1	
120	271	765	  1	
120	300	765	  1	
120	304	765	  1	
122	288	765	  1	
123	  0	765	  1	
123	 21	765	  1	
123	311	765	  1	
123	320	765	  1	
123	431	765	  1	
124	 95	765	  1	
125	112	765	  1	
125	223	765	  1	
125	264	765	  1	
125	303	765	  1	
126	 88	765	  1	
126	344	765	  1	
127	206	765	  1	
127	360	765	  1	
128	102	765	  1	
128	224	765	  1	
128	339	765	  1	
131	231	765	  1	
131	285	765	  1	
131	295	765	  1	
132	288	765	  1	
133	258	765	  1	
134	100	765	  1	
134	395	765	  1	
135	224	765	  1	
135	280	765	  1	
135	336	765	  1	
135	343	765	  1	
136	 80	765	  1	
136	 87	765	  1	
136	173	765	  1	
136	199	765	  1	
136	232	765	  1	
136	239	765	  1	
136	311	765	  1	
136	362	765	  1	
136	375	765	  1	
138	168	765	  1	
139	184	765	  1	
139	304	765	  1	
140	  7	765	  1	
141	 88	765	  1	
141	224	765	  1	
141	240	765	  1	
141	256	765	  1	
141	388	765	  1	
142	174	765	  1	
143	 83	765	  1	
143	235	765	  1	
143	280	765	  1	
143	311	765	  1	
143	543	765	  1	
144	128	765	  1	
144	152	765	  1	
144	158	765	  1	
144	312	765	  1	
144	362	765	  1	
146	266	765	  1	
146	301	765	  1	
147	104	765	  1	
147	160	765	  1	
147	271	765	  1	
147	319	765	  1	
147	381	765	  1	
149	134	765	  1	
149	155	765	  1	
149	168	765	  1	
149	382	765	  1	
150	 96	765	  1	
151	312	765	  1	
152	 13	765	  1	
152	 90	765	  1	
152	146	765	  1	
152	296	765	  1	
152	303	765	  1	
152	383	765	  1	
152	428	765	  1	
154	159	765	  1	
155	229	765	  1	
155	346	765	  1	
155	376	765	  1	
156	 95	765	  1	
156	144	765	  1	
157	431	765	  1	
157	524	765	  1	
158	  5	765	  1	
158	 88	765	  1	
158	199	765	  1	
159	 10	765	  1	
159	107	765	  1	
159	154	765	  1	
159	299	765	  1	
159	383	765	  1	
160	 83	765	  1	
160	130	765	  1	
160	160	765	  1	
160	179	765	  1	
160	184	765	  1	
160	223	765	  1	
160	287	765	  1	
160	338	765	  1	
162	 67	765	  1	
163	 80	765	  1	
163	 87	765	  1	
163	216	765	  1	
163	280	765	  1	
165	128	765	  1	
166	 64	765	  1	
166	 74	765	  1	
166	167	765	  1	
166	176	765	  1	
166	183	765	  1	
166	576	765	  1	
166	583	765	  1	
167	  8	765	  1	
167	 36	765	  1	
167	 71	765	  1	
167	 83	765	  1	
167	223	765	  1	
167	287	765	  1	
168	106	765	  1	
168	230	765	  1	
168	253	765	  1	
168	265	765	  1	
168	278	765	  1	
168	288	765	  1	
168	368	765	  1	
168	372	765	  1	
168	431	765	  1	
170	584	765	  1	
171	 88	765	  1	
173	237	765	  1	
174	 99	765	  1	
174	268	765	  1	
175	197	765	  1	
175	207	765	  1	
175	226	765	  1	
175	278	765	  1	
176	131	765	  1	
176	151	765	  1	
176	164	765	  1	
176	194	765	  1	
176	293	765	  1	
176	328	765	  1	
176	335	765	  1	
176	351	765	  1	
176	439	765	  1	
178	184	765	  1	
178	231	765	  1	
178	288	765	  1	
179	  8	765	  1	
179	128	765	  1	
179	135	765	  1	
181	 88	765	  1	
181	107	765	  1	
181	146	765	  1	
181	173	765	  1	
181	190	765	  1	
181	329	765	  1	
182	155	765	  1	
182	196	765	  1	
182	223	765	  1	
183	131	765	  1	
183	160	765	  1	
183	351	765	  1	
184	 48	765	  1	
184	152	765	  1	
184	288	765	  1	
184	439	765	  1	
186	 71	765	  1	
186	 96	765	  1	
187	 54	765	  1	
187	 60	765	  1	
187	159	765	  1	
188	 24	765	  1	
189	256	765	  1	
190	472	765	  1	
191	152	765	  1	
191	288	765	  1	
191	344	765	  1	
191	392	765	  1	
191	402	765	  1	
192	 16	765	  1	
192	 96	765	  1	
192	103	765	  1	
192	139	765	  1	
192	161	765	  1	
192	167	765	  1	
192	264	765	  1	
192	282	765	  1	
192	287	765	  1	
192	454	765	  1	
193	 31	765	  1	
193	144	765	  1	
194	152	765	  1	
194	236	765	  1	
194	346	765	  1	
195	163	765	  1	
195	407	765	  1	
197	 24	765	  1	
198	156	765	  1	
198	351	765	  1	
199	 29	765	  1	
199	271	765	  1	
199	503	765	  1	
200	 42	765	  1	
200	 67	765	  1	
200	116	765	  1	
200	125	765	  1	
200	164	765	  1	
200	181	765	  1	
200	219	765	  1	
200	264	765	  1	
200	319	765	  1	
200	333	765	  1	
200	432	765	  1	
200	436	765	  1	
200	496	765	  1	
201	 32	765	  1	
203	120	765	  1	
203	312	765	  1	
204	 47	765	  1	
204	119	765	  1	
205	156	765	  1	
205	160	765	  1	
206	 72	765	  1	
206	224	765	  1	
206	429	765	  1	
206	437	765	  1	
207	112	765	  1	
207	216	765	  1	
207	319	765	  1	
207	391	765	  1	
207	423	765	  1	
208	  0	765	  1	
208	 24	765	  1	
208	 61	765	  1	
208	 88	765	  1	
208	 95	765	  1	
208	163	765	  1	
208	205	765	  1	
208	217	765	  1	
208	301	765	  1	
208	352	765	  1	
208	360	765	  1	
208	392	765	  1	
208	399	765	  1	
210	 80	765	  1	
210	139	765	  1	
210	223	765	  1	
211	 31	765	  1	
213	  6	765	  1	
213	 56	765	  1	
213	 64	765	  1	
213	200	765	  1	
213	355	765	  1	
214	218	765	  1	
214	227	765	  1	
214	432	765	  1	
215	 24	765	  1	
215	160	765	  1	
215	167	765	  1	
215	362	765	  1	
216	  8	765	  1	
216	 15	765	  1	
216	 32	765	  1	
216	 55	765	  1	
216	 91	765	  1	
216	104	765	  1	
216	108	765	  1	
216	149	765	  1	
216	180	765	  1	
216	192	765	  1	
216	208	765	  1	
216	306	765	  1	
216	343	765	  1	
216	384	765	  1	
216	411	765	  1	
218	 70	765	  1	
218	144	765	  1	
218	159	765	  1	
218	161	765	  1	
219	  0	765	  1	
219	 46	765	  1	
219	232	765	  1	
219	359	765	  1	
220	336	765	  1	
221	167	765	  1	
221	230	765	  1	
221	251	765	  1	
221	311	765	  1	
221	320	765	  1	
222	 40	765	  1	
222	 64	765	  1	
222	150	765	  1	
223	 11	765	  1	
223	 55	765	  1	
223	153	765	  1	
223	295	765	  1	
223	352	765	  1	
224	 23	765	  1	
224	 45	765	  1	
224	 56	765	  1	
224	 68	765	  1	
224	125	765	  1	
224	144	765	  1	
224	152	765	  1	
224	235	765	  1	
224	282	765	  1	
224	344	765	  1	
224	355	765	  1	
224	384	765	  1	
224	419	765	  1	
224	440	765	  1	
224	447	765	  1	
224	469	765	  1	
224	559	765	  1	
224	567	765	  1	
225	159	765	  1	
225	391	765	  1	
227	216	765	  1	
227	301	765	  1	
227	328	765	  1	
227	443	765	  1	
228	 17	765	  1	
228	 99	765	  1	
228	432	765	  1	
228	454	765	  1	
229	  0	765	  1	
229	120	765	  1	
229	466	765	  1	
230	 23	765	  1	
230	 72	765	  1	
230	342	765	  1	
230	448	765	  1	
231	208	765	  1	
231	240	765	  1	
231	298	765	  1	
231	440	765	  1	
232	 58	765	  1	
232	 71	765	  1	
232	 80	765	  1	
232	104	765	  1	
232	339	765	  1	
232	347	765	  1	
232	408	765	  1	
233	479	765	  1	
234	 88	765	  1	
234	176	765	  1	
234	464	765	  1	
235	 64	765	  1	
235	131	765	  1	
235	400	765	  1	
235	415	765	  1	
235	424	765	  1	
236	366	765	  1	
237	164	765	  1	
239	 18	765	  1	
239	 57	765	  1	
239	 71	765	  1	
239	112	765	  1	
239	359	765	  1	
239	408	765	  1	
239	431	765	  1	
240	 29	765	  1	
240	 88	765	  1	
240	202	765	  1	
240	229	765	  1	
240	239	765	  1	
240	243	765	  1	
240	255	765	  1	
240	261	765	  1	
240	346	765	  1	
240	352	765	  1	
240	399	765	  1	
240	460	765	  1	
240	465	765	  1	
242	154	765	  1	
242	304	765	  1	
243	  0	765	  1	
243	 63	765	  1	
243	104	765	  1	
243	192	765	  1	
243	240	765	  1	
243	359	765	  1	
243	471	765	  1	
245	 91	765	  1	
245	120	765	  1	
245	395	765	  1	
246	131	765	  1	
246	472	765	  1	
247	  7	765	  1	
247	144	765	  1	
247	244	765	  1	
247	304	765	  1	
247	352	765	  1	
247	365	765	  1	
247	384	765	  1	
247	408	765	  1	
247	471	765	  1	
247	535	765	  1	
248	 22	765	  1	
248	 37	765	  1	
248	 48	765	  1	
248	 80	765	  1	
248	188	765	  1	
248	336	765	  1	
248	346	765	  1	
248	376	765	  1	
248	428	765	  1	
248	436	765	  1	
249	232	765	  1	
251	  0	765	  1	
251	142	765	  1	
251	343	765	  1	
251	455	765	  1	
253	112	765	  1	
253	132	765	  1	
253	478	765	  1	
254	301	765	  1	
254	439	765	  1	
255	  7	765	  1	
255	184	765	  1	
255	263	765	  1	
255	336	765	  1	
255	348	765	  1	
255	467	765	  1	
256	  0	765	  1	
256	  5	765	  1	
256	  8	765	  1	
256	 14	765	  1	
256	152	765	  1	
256	212	765	  1	
256	222	765	  1	
256	238	765	  1	
256	288	765	  1	
256	318	765	  1	
256	410	765	  1	
256	504	765	  1	
258	392	765	  1	
259	103	765	  1	
259	198	765	  1	
259	424	765	  1	
259	448	765	  1	
259	496	765	  1	
260	221	765	  1	
260	276	765	  1	
260	463	765	  1	
262	  7	765	  1	
262	111	765	  1	
262	432	765	  1	
263	 15	765	  1	
263	 98	765	  1	
263	247	765	  1	
263	347	765	  1	
263	504	765	  1	
263	528	765	  1	
264	 77	765	  1	
264	183	765	  1	
264	226	765	  1	
264	264	765	  1	
264	315	765	  1	
264	328	765	  1	
264	536	765	  1	
264	544	765	  1	
265	280	765	  1	
266	200	765	  1	
266	410	765	  1	
267	 87	765	  1	
267	 90	765	  1	
267	222	765	  1	
267	238	765	  1	
267	285	765	  1	
267	535	765	  1	
268	319	765	  1	
268	464	765	  1	
269	  0	765	  1	
269	 10	765	  1	
269	111	765	  1	
269	199	765	  1	
269	246	765	  1	
269	334	765	  1	
269	400	765	  1	
269	432	765	  1	
269	448	765	  1	
269	455	765	  1	
270	392	765	  1	
270	421	765	  1	
271	171	765	  1	
271	175	765	  1	
271	183	765	  1	
271	344	765	  1	
271	528	765	  1	
271	544	765	  1	
272	  6	765	  1	
272	 72	765	  1	
272	 85	765	  1	
272	107	765	  1	
272	122	765	  1	
272	152	765	  1	
272	230	765	  1	
272	260	765	  1	
272	331	765	  1	
272	402	765	  1	
272	414	765	  1	
272	496	765	  1	
272	542	765	  1	
273	264	765	  1	
273	269	765	  1	
273	317	765	  1	
274	 79	765	  1	
274	536	765	  1	
275	256	765	  1	
275	280	765	  1	
276	194	765	  1	
276	432	765	  1	
277	227	765	  1	
278	127	765	  1	
278	402	765	  1	
279	  8	765	  1	
279	 74	765	  1	
279	174	765	  1	
279	223	765	  1	
279	303	765	  1	
279	317	765	  1	
279	347	765	  1	
279	540	765	  1	
280	 99	765	  1	
280	152	765	  1	
280	191	765	  1	
280	202	765	  1	
280	244	765	  1	
280	365	765	  1	
280	376	765	  1	
280	464	765	  1	
280	485	765	  1	
280	492	765	  1	
280	520	765	  1	
281	284	765	  1	
281	436	765	  1	
282	214	765	  1	
283	184	765	  1	
283	383	765	  1	
283	408	765	  1	
283	530	765	  1	
284	224	765	  1	
284	446	765	  1	
285	104	765	  1	
285	111	765	  1	
285	259	765	  1	
285	312	765	  1	
285	502	765	  1	
286	  3	765	  1	
286	415	765	  1	
287	373	765	  1	
288	 94	765	  1	
288	112	765	  1	
288	157	765	  1	
288	173	765	  1	
288	199	765	  1	
288	216	765	  1	
288	320	765	  1	
288	368	765	  1	
288	424	765	  1	
290	182	765	  1	
290	248	765	  1	
290	327	765	  1	
290	552	765	  1	
291	  8	765	  1	
291	144	765	  1	
291	488	765	  1	
291	557	765	  1	
292	216	765	  1	
292	223	765	  1	
293	 99	765	  1	
293	134	765	  1	
293	168	765	  1	
293	312	765	  1	
293	470	765	  1	
294	 38	765	  1	
294	 95	765	  1	
294	320	765	  1	
294	411	765	  1	
295	 55	765	  1	
295	176	765	  1	
295	341	765	  1	
295	347	765	  1	
295	559	765	  1	
296	  8	765	  1	
296	 79	765	  1	
296	136	765	  1	
296	235	765	  1	
296	288	765	  1	
296	295	765	  1	
296	328	765	  1	
296	332	765	  1	
296	362	765	  1	
296	375	765	  1	
296	426	765	  1	
296	554	765	  1	
298	 12	765	  1	
298	 24	765	  1	
298	 87	765	  1	
298	198	765	  1	
298	251	765	  1	
298	390	765	  1	
299	 72	765	  1	
299	182	765	  1	
299	212	765	  1	
299	224	765	  1	
299	488	765	  1	
301	174	765	  1	
301	205	765	  1	
301	336	765	  1	
301	343	765	  1	
301	352	765	  1	
302	 24	765	  1	
302	471	765	  1	
302	494	765	  1	
303	 31	765	  1	
303	 39	765	  1	
303	 79	765	  1	
303	144	765	  1	
303	208	765	  1	
303	375	765	  1	
303	407	765	  1	
303	415	765	  1	
304	 72	765	  1	
304	 96	765	  1	
304	122	765	  1	
304	164	765	  1	
304	245	765	  1	
304	301	765	  1	
304	317	765	  1	
304	344	765	  1	
304	350	765	  1	
304	504	765	  1	
304	511	765	  1	
306	 87	765	  1	
307	 51	765	  1	
307	128	765	  1	
307	161	765	  1	
307	352	765	  1	
307	555	765	  1	
308	432	765	  1	
309	  0	765	  1	
309	  7	765	  1	
309	 79	765	  1	
309	120	765	  1	
309	182	765	  1	
309	207	765	  1	
309	231	765	  1	
309	256	765	  1	
309	320	765	  1	
309	344	765	  1	
310	 19	765	  1	
310	 40	765	  1	
311	 96	765	  1	
311	507	765	  1	
312	 38	765	  1	
312	 43	765	  1	
312	 80	765	  1	
312	109	765	  1	
312	141	765	  1	
312	147	765	  1	
312	160	765	  1	
312	167	765	  1	
312	200	765	  1	
312	224	765	  1	
312	237	765	  1	
312	332	765	  1	
312	360	765	  1	
312	370	765	  1	
312	427	765	  1	
312	474	765	  1	
312	560	765	  1	
313	392	765	  1	
314	 32	765	  1	
314	 58	765	  1	
314	 86	765	  1	
314	 96	765	  1	
314	152	765	  1	
314	192	765	  1	
314	246	765	  1	
314	274	765	  1	
314	366	765	  1	
315	264	765	  1	
315	271	765	  1	
315	279	765	  1	
315	302	765	  1	
315	319	765	  1	
315	328	765	  1	
315	536	765	  1	
316	163	765	  1	
316	361	765	  1	
317	  0	765	  1	
317	136	765	  1	
318	 80	765	  1	
318	218	765	  1	
318	238	765	  1	
318	456	765	  1	
318	479	765	  1	
319	 38	765	  1	
319	 47	765	  1	
319	 67	765	  1	
319	398	765	  1	
319	424	765	  1	
319	431	765	  1	
319	542	765	  1	
320	 20	765	  1	
320	114	765	  1	
320	168	765	  1	
320	178	765	  1	
320	275	765	  1	
320	346	765	  1	
320	356	765	  1	
320	375	765	  1	
321	144	765	  1	
322	334	765	  1	
322	392	765	  1	
323	 31	765	  1	
323	208	765	  1	
323	352	765	  1	
323	368	765	  1	
323	424	765	  1	
323	471	765	  1	
324	496	765	  1	
325	179	765	  1	
325	203	765	  1	
325	296	765	  1	
325	344	765	  1	
326	328	765	  1	
326	336	765	  1	
326	399	765	  1	
327	 24	765	  1	
327	 80	765	  1	
327	192	765	  1	
327	216	765	  1	
327	221	765	  1	
327	375	765	  1	
328	 16	765	  1	
328	116	765	  1	
328	145	765	  1	
328	151	765	  1	
328	170	765	  1	
328	194	765	  1	
328	235	765	  1	
328	256	765	  1	
328	280	765	  1	
328	376	765	  1	
328	387	765	  1	
328	408	765	  1	
328	456	765	  1	
328	464	765	  1	
330	 58	765	  1	
331	261	765	  1	
332	 18	765	  1	
332	182	765	  1	
332	415	765	  1	
333	 23	765	  1	
333	 71	765	  1	
334	109	765	  1	
334	144	765	  1	
334	232	765	  1	
335	384	765	  1	
335	391	765	  1	
335	456	765	  1	
335	471	765	  1	
335	475	765	  1	
336	 31	765	  1	
336	 35	765	  1	
336	 42	765	  1	
336	 96	765	  1	
336	125	765	  1	
336	132	765	  1	
336	175	765	  1	
336	191	765	  1	
336	215	765	  1	
336	248	765	  1	
336	255	765	  1	
336	312	765	  1	
336	355	765	  1	
336	403	765	  1	
336	424	765	  1	
336	433	765	  1	
336	439	765	  1	
336	567	765	  1	
338	170	765	  1	
338	180	765	  1	
339	  0	765	  1	
339	184	765	  1	
339	240	765	  1	
339	294	765	  1	
339	318	765	  1	
339	404	765	  1	
341	 16	765	  1	
341	136	765	  1	
341	224	765	  1	
341	262	765	  1	
341	416	765	  1	
341	430	765	  1	
342	436	765	  1	
342	447	765	  1	
343	176	765	  1	
343	251	765	  1	
344	  0	765	  1	
344	 64	765	  1	
344	 71	765	  1	
344	 74	765	  1	
344	 81	765	  1	
344	 88	765	  1	
344	 95	765	  1	
344	105	765	  1	
344	178	765	  1	
344	207	765	  1	
344	243	765	  1	
344	280	765	  1	
344	313	765	  1	
344	331	765	  1	
344	363	765	  1	
344	369	765	  1	
344	399	765	  1	
344	407	765	  1	
346	111	765	  1	
346	319	765	  1	
347	392	765	  1	
347	444	765	  1	
347	448	765	  1	
348	256	765	  1	
348	512	765	  1	
349	 22	765	  1	
349	 79	765	  1	
349	 95	765	  1	
349	184	765	  1	
349	296	765	  1	
349	400	765	  1	
350	106	765	  1	
350	174	765	  1	
350	224	765	  1	
350	261	765	  1	
350	314	765	  1	
350	336	765	  1	
350	375	765	  1	
351	192	765	  1	
351	203	765	  1	
351	399	765	  1	
351	419	765	  1	
352	 20	765	  1	
352	 50	765	  1	
352	118	765	  1	
352	133	765	  1	
352	183	765	  1	
352	200	765	  1	
352	247	765	  1	
352	280	765	  1	
352	286	765	  1	
352	310	765	  1	
352	344	765	  1	
352	351	765	  1	
352	376	765	  1	
352	387	765	  1	
352	394	765	  1	
352	422	765	  1	
352	456	765	  1	
353	263	765	  1	
353	384	765	  1	
354	 72	765	  1	
354	392	765	  1	
355	 96	765	  1	
355	279	765	  1	
355	352	765	  1	
355	368	765	  1	
356	243	765	  1	
356	399	765	  1	
357	 15	765	  1	
357	120	765	  1	
357	308	765	  1	
358	116	765	  1	
358	180	765	  1	
358	387	765	  1	
359	247	765	  1	
359	347	765	  1	
359	376	765	  1	
360	 83	765	  1	
360	104	765	  1	
360	144	765	  1	
360	148	765	  1	
360	159	765	  1	
360	164	765	  1	
360	191	765	  1	
360	256	765	  1	
360	272	765	  1	
360	279	765	  1	
360	290	765	  1	
360	295	765	  1	
360	328	765	  1	
360	336	765	  1	
361	 42	765	  1	
361	 47	765	  1	
362	399	765	  1	
363	 56	765	  1	
363	200	765	  1	
363	240	765	  1	
363	301	765	  1	
363	335	765	  1	
363	415	765	  1	
363	473	765	  1	
364	 80	765	  1	
364	 87	765	  1	
364	376	765	  1	
364	388	765	  1	
365	128	765	  1	
365	135	765	  1	
365	160	765	  1	
365	165	765	  1	
365	256	765	  1	
365	392	765	  1	
365	400	765	  1	
365	448	765	  1	
365	455	765	  1	
366	155	765	  1	
366	274	765	  1	
366	287	765	  1	
366	339	765	  1	
366	464	765	  1	
367	104	765	  1	
367	328	765	  1	
367	396	765	  1	
367	407	765	  1	
368	  8	765	  1	
368	 30	765	  1	
368	 35	765	  1	
368	 56	765	  1	
368	 88	765	  1	
368	136	765	  1	
368	146	765	  1	
368	194	765	  1	
368	222	765	  1	
368	232	765	  1	
368	254	765	  1	
368	306	765	  1	
368	320	765	  1	
368	324	765	  1	
368	368	765	  1	
368	415	765	  1	
368	443	765	  1	
368	599	765	  1	
370	264	765	  1	
370	400	765	  1	
371	104	765	  1	
371	159	765	  1	
371	350	765	  1	
372	133	765	  1	
373	  8	765	  1	
373	 93	765	  1	
373	128	765	  1	
374	 16	765	  1	
374	 31	765	  1	
374	 75	765	  1	
374	280	765	  1	
375	 45	765	  1	
375	151	765	  1	
375	599	765	  1	
376	  8	765	  1	
376	 80	765	  1	
376	 86	765	  1	
376	 96	765	  1	
376	112	765	  1	
376	120	765	  1	
376	142	765	  1	
376	157	765	  1	
376	176	765	  1	
376	183	765	  1	
376	192	765	  1	
376	349	765	  1	
377	240	765	  1	
378	255	765	  1	
379	344	765	  1	
379	368	765	  1	
381	 56	765	  1	
381	 80	765	  1	
382	218	765	  1	
382	291	765	  1	
382	310	765	  1	
383	176	765	  1	
383	183	765	  1	
383	195	765	  1	
384	  8	765	  1	
384	 24	765	  1	
384	 50	765	  1	
384	114	765	  1	
384	160	765	  1	
384	196	765	  1	
384	208	765	  1	
384	323	765	  1	
384	334	765	  1	
385	 72	765	  1	
386	112	765	  1	
386	117	765	  1	
386	166	765	  1	
386	413	765	  1	
387	  8	765	  1	
387	344	765	  1	
387	432	765	  1	
387	445	765	  1	
388	193	765	  1	
388	408	765	  1	
389	 48	765	  1	
389	 55	765	  1	
389	110	765	  1	
389	358	765	  1	
390	160	765	  1	
391	 15	765	  1	
391	 24	765	  1	
391	288	765	  1	
391	295	765	  1	
391	390	765	  1	
392	 42	765	  1	
392	 80	765	  1	
392	 96	765	  1	
392	 99	765	  1	
392	122	765	  1	
392	139	765	  1	
392	168	765	  1	
392	176	765	  1	
392	211	765	  1	
392	256	765	  1	
392	279	765	  1	
392	285	765	  1	
392	366	765	  1	
392	535	765	  1	
395	135	765	  1	
395	224	765	  1	
396	274	765	  1	
397	 96	765	  1	
397	174	765	  1	
397	344	765	  1	
397	374	765	  1	
398	130	765	  1	
398	136	765	  1	
400	  0	765	  1	
400	 22	765	  1	
400	 32	765	  1	
400	 49	765	  1	
400	 61	765	  1	
400	 94	765	  1	
400	120	765	  1	
400	148	765	  1	
400	160	765	  1	
400	205	765	  1	
400	299	765	  1	
400	366	765	  1	
400	391	765	  1	
400	399	765	  1	
401	 10	765	  1	
402	 56	765	  1	
402	182	765	  1	
403	127	765	  1	
403	382	765	  1	
404	 48	765	  1	
404	200	765	  1	
405	 72	765	  1	
405	112	765	  1	
405	192	765	  1	
405	205	765	  1	
405	227	765	  1	
406	 24	765	  1	
406	 55	765	  1	
406	149	765	  1	
406	176	765	  1	
407	279	765	  1	
407	349	765	  1	
407	399	765	  1	
408	 39	765	  1	
408	 45	765	  1	
408	 64	765	  1	
408	104	765	  1	
408	124	765	  1	
408	152	765	  1	
408	599	765	  1	
409	 71	765	  1	
409	111	765	  1	
409	428	765	  1	
410	130	765	  1	
410	136	765	  1	
410	143	765	  1	
411	  0	765	  1	
411	 32	765	  1	
411	160	765	  1	
411	431	765	  1	
412	117	765	  1	
412	424	765	  1	
413	 40	765	  1	
413	158	765	  1	
414	 37	765	  1	
414	 66	765	  1	
414	216	765	  1	
415	104	765	  1	
415	148	765	  1	
415	192	765	  1	
415	306	765	  1	
416	  8	765	  1	
416	 12	765	  1	
416	 46	765	  1	
416	 54	765	  1	
416	152	765	  1	
416	160	765	  1	
416	176	765	  1	
416	183	765	  1	
416	285	765	  1	
416	295	765	  1	
416	315	765	  1	
416	363	765	  1	
416	456	765	  1	
417	 51	765	  1	
418	333	765	  1	
419	 45	765	  1	
419	 64	765	  1	
419	 96	765	  1	
420	 48	765	  1	
420	 55	765	  1	
420	158	765	  1	
421	 88	765	  1	
421	139	765	  1	
422	319	765	  1	
423	 51	765	  1	
423	152	765	  1	
423	179	765	  1	
423	291	765	  1	
423	360	765	  1	
423	367	765	  1	
424	 29	765	  1	
424	 77	765	  1	
424	 96	765	  1	
424	104	765	  1	
424	216	765	  1	
424	320	765	  1	
424	534	765	  1	
425	 64	765	  1	
426	152	765	  1	
427	368	765	  1	
428	199	765	  1	
429	 72	765	  1	
429	 88	765	  1	
429	307	765	  1	
430	158	765	  1	
431	 40	765	  1	
431	 47	765	  1	
431	187	765	  1	
431	203	765	  1	
431	332	765	  1	
432	  0	765	  1	
432	 32	765	  1	
432	132	765	  1	
432	152	765	  1	
432	168	765	  1	
432	173	765	  1	
432	176	765	  1	
432	199	765	  1	
433	208	765	  1	
434	  5	765	  1	
434	158	765	  1	
436	304	765	  1	
437	 12	765	  1	
437	 39	765	  1	
437	173	765	  1	
437	366	765	  1	
438	152	765	  1	
438	311	765	  1	
439	 32	765	  1	
439	 50	765	  1	
439	178	765	  1	
439	194	765	  1	
439	227	765	  1	
439	248	765	  1	
439	286	765	  1	
440	  5	765	  1	
440	 72	765	  1	
440	143	765	  1	
440	155	765	  1	
440	256	765	  1	
440	261	765	  1	
440	299	765	  1	
440	455	765	  1	
441	512	765	  1	
443	 40	765	  1	
443	 45	765	  1	
443	191	765	  1	
444	164	765	  1	
445	152	765	  1	
448	 64	765	  1	
448	 90	765	  1	
448	 96	765	  1	
448	192	765	  1	
448	204	765	  1	
448	251	765	  1	
448	285	765	  1	
448	298	765	  1	
448	312	765	  1	
448	519	765	  1	
450	384	765	  1	
451	 71	765	  1	
451	319	765	  1	
452	280	765	  1	
453	198	765	  1	
453	207	765	  1	
453	311	765	  1	
453	416	765	  1	
454	 88	765	  1	
455	 64	765	  1	
455	248	765	  1	
455	255	765	  1	
455	376	765	  1	
455	519	765	  1	
456	 51	765	  1	
456	 61	765	  1	
456	139	765	  1	
456	171	765	  1	
456	179	765	  1	
456	263	765	  1	
456	394	765	  1	
456	432	765	  1	
458	 16	765	  1	
458	360	765	  1	
459	  7	765	  1	
459	144	765	  1	
459	166	765	  1	
459	184	765	  1	
459	256	765	  1	
459	439	765	  1	
460	176	765	  1	
460	251	765	  1	
461	 94	765	  1	
461	231	765	  1	
461	296	765	  1	
462	128	765	  1	
463	 51	765	  1	
463	159	765	  1	
463	168	765	  1	
463	263	765	  1	
463	432	765	  1	
464	  8	765	  1	
464	 14	765	  1	
464	 24	765	  1	
464	 74	765	  1	
464	 88	765	  1	
464	183	765	  1	
464	208	765	  1	
464	264	765	  1	
464	293	765	  1	
464	304	765	  1	
464	314	765	  1	
465	 55	765	  1	
466	511	765	  1	
467	 72	765	  1	
467	215	765	  1	
467	384	765	  1	
468	  5	765	  1	
468	319	765	  1	
469	  4	765	  1	
469	  8	765	  1	
469	 15	765	  1	
469	198	765	  1	
469	216	765	  1	
469	232	765	  1	
469	288	765	  1	
471	 31	765	  1	
471	 38	765	  1	
471	179	765	  1	
471	184	765	  1	
471	208	765	  1	
471	264	765	  1	
471	583	765	  1	
472	 56	765	  1	
472	 72	765	  1	
472	100	765	  1	
472	106	765	  1	
472	120	765	  1	
472	144	765	  1	
472	170	765	  1	
472	175	765	  1	
472	259	765	  1	
472	293	765	  1	
472	318	765	  1	
474	 55	765	  1	
474	 96	765	  1	
474	288	765	  1	
474	328	765	  1	
475	  2	765	  1	
475	 94	765	  1	
475	200	765	  1	
475	272	765	  1	
476	 48	765	  1	
476	358	765	  1	
478	  7	765	  1	
478	183	765	  1	
478	199	765	  1	
478	256	765	  1	
478	263	765	  1	
478	294	765	  1	
479	 72	765	  1	
479	312	765	  1	
479	320	765	  1	
479	404	765	  1	
480	 23	765	  1	
480	 32	765	  1	
480	 62	765	  1	
480	181	765	  1	
480	187	765	  1	
480	291	765	  1	
480	336	765	  1	
480	472	765	  1	
480	522	765	  1	
481	 16	765	  1	
481	 80	765	  1	
481	 88	765	  1	
482	583	765	  1	
483	 39	765	  1	
483	 95	765	  1	
483	103	765	  1	
483	311	765	  1	
484	347	765	  1	
485	576	765	  1	
487	 23	765	  1	
487	 32	765	  1	
487	181	765	  1	
487	184	765	  1	
487	191	765	  1	
487	488	765	  1	
488	 64	765	  1	
488	 79	765	  1	
488	104	765	  1	
488	195	765	  1	
488	287	765	  1	
488	296	765	  1	
488	298	765	  1	
488	306	765	  1	
488	583	765	  1	
490	 85	765	  1	
491	 19	765	  1	
491	101	765	  1	
491	373	765	  1	
493	183	765	  1	
493	248	765	  1	
493	351	765	  1	
494	320	765	  1	
495	304	765	  1	
495	311	765	  1	
495	327	765	  1	
496	 19	765	  1	
496	105	765	  1	
496	111	765	  1	
496	124	765	  1	
496	144	765	  1	
496	192	765	  1	
496	230	765	  1	
496	256	765	  1	
496	262	765	  1	
496	266	765	  1	
496	288	765	  1	
496	308	765	  1	
496	328	765	  1	
498	127	765	  1	
498	160	765	  1	
498	167	765	  1	
498	227	765	  1	
499	271	765	  1	
499	455	765	  1	
500	117	765	  1	
501	  8	765	  1	
501	106	765	  1	
501	259	765	  1	
501	304	765	  1	
503	112	765	  1	
503	127	765	  1	
503	135	765	  1	
503	192	765	  1	
503	288	765	  1	
503	384	765	  1	
504	  0	765	  1	
504	 23	765	  1	
504	 39	765	  1	
504	 43	765	  1	
504	 64	765	  1	
504	 88	765	  1	
504	 95	765	  1	
504	 98	765	  1	
504	158	765	  1	
504	178	765	  1	
504	184	765	  1	
504	215	765	  1	
504	248	765	  1	
504	262	765	  1	
504	272	765	  1	
504	320	765	  1	
504	334	765	  1	
504	338	765	  1	
504	343	765	  1	
506	152	765	  1	
506	352	765	  1	
507	  5	765	  1	
507	 72	765	  1	
507	435	765	  1	
509	123	765	  1	
509	146	765	  1	
509	158	765	  1	
509	200	765	  1	
509	259	765	  1	
509	294	765	  1	
509	331	765	  1	
510	320	765	  1	
511	 88	765	  1	
511	 95	765	  1	
511	152	765	  1	
511	183	765	  1	
511	272	765	  1	
511	304	765	  1	
511	352	765	  1	
511	416	765	  1	
512	 35	765	  1	
512	 55	765	  1	
512	 72	765	  1	
512	 78	765	  1	
512	203	765	  1	
512	212	765	  1	
512	220	765	  1	
512	264	765	  1	
512	349	765	  1	
512	391	765	  1	
512	400	765	  1	
512	424	765	  1	
513	230	765	  1	
513	327	765	  1	
514	160	765	  1	
515	112	765	  1	
515	135	765	  1	
515	208	765	  1	
515	222	765	  1	
515	407	765	  1	
517	 72	765	  1	
517	 79	765	  1	
517	 96	765	  1	
517	120	765	  1	
517	310	765	  1	
517	364	765	  1	
518	144	765	  1	
518	314	765	  1	
518	320	765	  1	
519	 34	765	  1	
519	 47	765	  1	
519	 51	765	  1	
519	128	765	  1	
519	212	765	  1	
519	398	765	  1	
520	  8	765	  1	
520	 15	765	  1	
520	 91	765	  1	
520	125	765	  1	
520	171	765	  1	
520	195	765	  1	
520	208	765	  1	
520	219	765	  1	
520	243	765	  1	
520	262	765	  1	
520	296	765	  1	
520	304	765	  1	
520	325	765	  1	
520	337	765	  1	
520	357	765	  1	
520	438	765	  1	
521	 64	765	  1	
523	 39	765	  1	
523	231	765	  1	
523	286	765	  1	
525	  0	765	  1	
525	143	765	  1	
525	200	765	  1	
525	310	765	  1	
525	352	765	  1	
526	130	765	  1	
527	  8	765	  1	
527	 15	765	  1	
527	 32	765	  1	
527	135	765	  1	
527	168	765	  1	
527	175	765	  1	
527	224	765	  1	
527	240	765	  1	
527	247	765	  1	
527	296	765	  1	
527	399	765	  1	
528	 53	765	  1	
528	 59	765	  1	
528	101	765	  1	
528	141	765	  1	
528	198	765	  1	
528	210	765	  1	
528	214	765	  1	
528	324	765	  1	
528	329	765	  1	
528	335	765	  1	
528	392	765	  1	
529	  6	765	  1	
530	192	765	  1	
532	136	765	  1	
532	340	765	  1	
533	 96	765	  1	
533	110	765	  1	
533	120	765	  1	
533	128	765	  1	
533	230	765	  1	
533	296	765	  1	
533	324	765	  1	
534	312	765	  1	
534	384	765	  1	
535	 56	765	  1	
535	 63	765	  1	
535	196	765	  1	
535	399	765	  1	
535	488	765	  1	
535	495	765	  1	
536	  8	765	  1	
536	 14	765	  1	
536	 31	765	  1	
536	 95	765	  1	
536	104	765	  1	
536	122	765	  1	
536	131	765	  1	
536	168	765	  1	
536	211	765	  1	
536	244	765	  1	
536	309	765	  1	
536	424	765	  1	
536	432	765	  1	
538	190	765	  1	
539	 48	765	  1	
539	240	765	  1	
539	283	765	  1	
539	328	765	  1	
540	200	765	  1	
540	293	765	  1	
541	  0	765	  1	
541	 11	765	  1	
541	224	765	  1	
541	304	765	  1	
542	212	765	  1	
542	245	765	  1	
543	112	765	  1	
543	128	765	  1	
543	135	765	  1	
543	184	765	  1	
544	 56	765	  1	
544	 63	765	  1	
544	170	765	  1	
544	176	765	  1	
544	216	765	  1	
544	309	765	  1	
544	384	765	  1	
544	391	765	  1	
544	407	765	  1	
545	112	765	  1	
546	  7	765	  1	
547	101	765	  1	
547	166	765	  1	
547	254	765	  1	
548	173	765	  1	
550	194	765	  1	
551	  0	765	  1	
551	 59	765	  1	
551	200	765	  1	
551	205	765	  1	
551	387	765	  1	
551	402	765	  1	
552	  8	765	  1	
552	 56	765	  1	
552	 72	765	  1	
552	 78	765	  1	
552	147	765	  1	
552	158	765	  1	
552	251	765	  1	
552	352	765	  1	
553	 67	765	  1	
555	359	765	  1	
555	455	765	  1	
556	174	765	  1	
557	  0	765	  1	
557	155	765	  1	
558	144	765	  1	
558	179	765	  1	
559	120	765	  1	
559	208	765	  1	
559	215	765	  1	
559	248	765	  1	
559	255	765	  1	
559	352	765	  1	
560	 86	765	  1	
560	118	765	  1	
560	188	765	  1	
560	192	765	  1	
560	198	765	  1	
560	203	765	  1	
560	216	765	  1	
560	298	765	  1	
560	309	765	  1	
560	320	765	  1	
560	339	765	  1	
560	376	765	  1	
561	256	765	  1	
561	263	765	  1	
561	280	765	  1	
562	 80	765	  1	
562	152	765	  1	
562	168	765	  1	
562	274	765	  1	
562	317	765	  1	
562	416	765	  1	
563	382	765	  1	
565	160	765	  1	
565	299	765	  1	
566	 15	765	  1	
566	 87	765	  1	
566	376	765	  1	
567	216	765	  1	
567	421	765	  1	
568	 88	765	  1	
568	101	765	  1	
568	111	765	  1	
568	120	765	  1	
568	136	765	  1	
568	152	765	  1	
568	171	765	  1	
568	179	765	  1	
568	248	765	  1	
568	289	765	  1	
568	352	765	  1	
568	359	765	  1	
568	544	765	  1	
569	127	765	  1	
569	160	765	  1	
570	 94	765	  1	
570	399	765	  1	
571	 52	765	  1	
571	 65	765	  1	
571	192	765	  1	
571	219	765	  1	
571	295	765	  1	
571	326	765	  1	
572	107	765	  1	
573	118	765	  1	
573	183	765	  1	
574	 80	765	  1	
574	 88	765	  1	
574	280	765	  1	
574	320	765	  1	
575	  3	765	  1	
575	 48	765	  1	
575	236	765	  1	
575	334	765	  1	
576	131	765	  1	
576	147	765	  1	
576	160	765	  1	
576	168	765	  1	
576	175	765	  1	
576	200	765	  1	
576	216	765	  1	
576	231	765	  1	
576	251	765	  1	
576	286	765	  1	
576	296	765	  1	
576	304	765	  1	
576	310	765	  1	
576	323	765	  1	
576	400	765	  1	
578	 71	765	  1	
578	207	765	  1	
579	 96	765	  1	
579	167	765	  1	
580	 86	765	  1	
580	228	765	  1	
580	488	765	  1	
581	375	765	  1	
582	 76	765	  1	
582	296	765	  1	
582	403	765	  1	
583	  0	765	  1	
583	 69	765	  1	
583	136	765	  1	
583	151	765	  1	
583	160	765	  1	
583	171	765	  1	
583	248	765	  1	
583	255	765	  1	
583	320	765	  1	
583	327	765	  1	
583	392	765	  1	
583	399	765	  1	
584	 80	765	  1	
584	107	765	  1	
584	246	765	  1	
584	261	765	  1	
584	267	765	  1	
585	227	765	  1	
586	174	765	  1	
586	232	765	  1	
587	 34	765	  1	
587	280	765	  1	
587	288	765	  1	
588	169	765	  1	
588	310	765	  1	
588	407	765	  1	
589	136	765	  1	
589	230	765	  1	
589	239	765	  1	
589	256	765	  1	
589	296	765	  1	
590	109	765	  1	
590	224	765	  1	
591	175	765	  1	
591	232	765	  1	
591	320	765	  1	
592	 48	765	  1	
592	 61	765	  1	
592	123	765	  1	
592	176	765	  1	
592	192	765	  1	
592	204	765	  1	
592	252	765	  1	
592	315	765	  1	
592	321	765	  1	
592	328	765	  1	
592	432	765	  1	
592	445	765	  1	
592	576	765	  1	
593	392	765	  1	
594	438	765	  1	
595	 55	765	  1	
595	421	765	  1	
596	 99	765	  1	
596	104	765	  1	
596	376	765	  1	
596	463	765	  1	
597	198	765	  1	
597	230	765	  1	
597	245	765	  1	
597	255	765	  1	
597	288	765	  1	
598	300	765	  1	
598	366	765	  1	
599	 48	765	  1	
599	216	765	  1	
599	335	765	  1	
599	385	765	  1	
599	445	765	  1	
599	577	765	  1	
600	  7	765	  1	
600	 32	765	  1	
600	 63	765	  1	
600	 80	765	  1	
600	 87	765	  1	
600	 98	765	  1	
600	114	765	  1	
600	205	765	  1	
600	213	765	  1	
600	278	765	  1	
600	312	765	  1	
602	 52	765	  1	
602	127	765	  1	
603	  0	765	  1	
605	246	765	  1	
606	371	765	  1	
606	596	765	  1	
607	  7	765	  1	
607	 80	765	  1	
607	192	765	  1	
607	272	765	  1	
607	288	765	  1	
608	 10	765	  1	
608	120	765	  1	
608	176	765	  1	
608	208	765	  1	
608	232	765	  1	
608	312	765	  1	
608	316	765	  1	
609	127	765	  1	
611	224	765	  1	
611	335	765	  1	
613	222	765	  1	
613	235	765	  1	
613	246	765	  1	
613	286	765	  1	
613	322	765	  1	
613	327	765	  1	
614	 69	765	  1	
614	317	765	  1	
614	328	765	  1	
614	375	765	  1	
615	120	765	  1	
615	211	765	  1	
615	298	765	  1	
615	312	765	  1	
616	 36	765	  1	
616	 48	765	  1	
616	133	765	  1	
616	168	765	  1	
616	175	765	  1	
616	192	765	  1	
616	208	765	  1	
616	248	765	  1	
616	258	765	  1	
616	263	765	  1	
616	280	765	  1	
616	408	765	  1	
616	424	765	  1	
616	573	765	  1	
617	213	765	  1	
618	197	765	  1	
619	 56	765	  1	
619	253	765	  1	
621	 44	765	  1	
621	159	765	  1	
621	283	765	  1	
621	312	765	  1	
621	317	765	  1	
622	 69	765	  1	
622	232	765	  1	
623	 48	765	  1	
623	 80	765	  1	
623	171	765	  1	
623	184	765	  1	
623	308	765	  1	
623	415	765	  1	
623	431	765	  1	
623	474	765	  1	
624	  0	765	  1	
624	 70	765	  1	
624	115	765	  1	
624	130	765	  1	
624	181	765	  1	
624	195	765	  1	
624	204	765	  1	
624	243	765	  1	
624	272	765	  1	
624	291	765	  1	
624	343	765	  1	
625	152	765	  1	
626	211	765	  1	
626	264	765	  1	
626	271	765	  1	
626	311	765	  1	
627	336	765	  1	
629	 40	765	  1	
629	159	765	  1	
629	247	765	  1	
630	112	765	  1	
630	136	765	  1	
630	285	765	  1	
631	192	765	  1	
631	199	765	  1	
631	208	765	  1	
631	272	765	  1	
631	295	765	  1	
631	343	765	  1	
631	551	765	  1	
632	  8	765	  1	
632	 96	765	  1	
632	306	765	  1	
632	368	765	  1	
632	375	765	  1	
633	582	765	  1	
634	431	765	  1	
635	 14	765	  1	
635	103	765	  1	
635	162	765	  1	
637	203	765	  1	
639	 51	765	  1	
639	 96	765	  1	
639	344	765	  1	
639	371	765	  1	
640	  0	765	  1	
640	  6	765	  1	
640	136	765	  1	
640	143	765	  1	
640	163	765	  1	
640	168	765	  1	
640	224	765	  1	
640	231	765	  1	
640	280	765	  1	
640	333	765	  1	
640	379	765	  1	
643	160	765	  1	
643	167	765	  1	
643	287	765	  1	
644	240	765	  1	
644	327	765	  1	
646	  1	765	  1	
646	172	765	  1	
647	139	765	  1	
647	163	765	  1	
647	223	765	  1	
647	227	765	  1	
647	280	765	  1	
647	379	765	  1	
648	 88	765	  1	
648	134	765	  1	
648	179	765	  1	
648	210	765	  1	
648	391	765	  1	
651	158	765	  1	
652	323	765	  1	
653	429	765	  1	
654	 77	765	  1	
654	343	765	  1	
655	 56	765	  1	
655	112	765	  1	
655	134	765	  1	
655	176	765	  1	
655	183	765	  1	
655	216	765	  1	
655	388	765	  1	
655	511	765	  1	
656	102	765	  1	
656	144	765	  1	
656	192	765	  1	
656	371	765	  1	
659	336	765	  1	
663	 72	765	  1	
663	102	765	  1	
663	144	765	  1	
663	368	765	  1	
663	375	765	  1	
664	 86	765	  1	
664	147	765	  1	
664	168	765	  1	
664	192	765	  1	
664	199	765	  1	
664	255	765	  1	
666	 80	765	  1	
667	 95	765	  1	
671	 84	765	  1	
671	 88	765	  1	
672	468	765	  1	
674	472	765	  1	
678	211	765	  1	
680	 72	765	  1	
680	 79	765	  1	
680	136	765	  1	
680	423	765	  1	
682	477	765	  1	
683	384	765	  1	
688	503	765	  1	
695	 16	765	  1	
695	 95	765	  1	
695	119	765	  1	
696	191	765	  1	
696	291	765	  1	
697	226	765	  1	
701	413	765	  1	
703	280	765	  1	
708	 82	765	  1	
727	328	765	  1	
728	286	765	  1	
744	  8	765	  1	
751	 21	765	  1	
