# 
#  Image file: Goad2_T0041.jpg
#  Applied threshold: 575
#  Algorithm used: fill2                 
#  Particle count: 1908
#  Location (x,y), max luminance, and mass:
# 
  0	263	765	  1	
  3	247	765	  1	
  5	439	765	  1	
  6	448	765	  1	
  7	235	765	  1	
  7	363	765	  1	
  9	359	765	  1	
 12	 95	765	  1	
 15	354	765	  1	
 16	400	765	  1	
 19	482	765	  1	
 22	224	765	  1	
 24	264	765	  1	
 27	532	765	  1	
 30	207	765	  1	
 30	263	765	  1	
 31	256	765	  1	
 31	431	765	  1	
 32	104	765	  1	
 36	285	765	  1	
 37	352	765	  1	
 40	176	765	  1	
 40	183	765	  1	
 40	504	765	  1	
 42	224	765	  1	
 44	169	765	  1	
 45	231	765	  1	
 47	511	765	  1	
 48	287	765	  1	
 49	272	765	  1	
 51	231	765	  1	
 54	256	765	  1	
 55	  6	765	  1	
 55	392	765	  1	
 59	351	765	  1	
 64	102	765	  1	
 67	127	765	  1	
 69	262	765	  1	
 71	111	765	  1	
 72	 80	765	  1	
 72	368	765	  1	
 75	143	765	  1	
 79	207	765	  1	
 80	307	765	  1	
 80	440	765	  1	
 85	192	765	  1	
 87	148	765	  1	
 87	423	765	  1	
 87	447	765	  1	
 87	481	765	  1	
 88	226	765	  1	
 88	239	765	  1	
 90	224	765	  1	
 95	152	765	  1	
 95	455	765	  1	
 96	 47	765	  1	
 96	310	765	  1	
 96	527	765	  1	
103	103	765	  1	
103	230	765	  1	
103	256	765	  1	
103	310	765	  1	
103	527	765	  1	
104	415	765	  1	
106	403	765	  1	
107	144	765	  1	
107	462	765	  1	
109	216	765	  1	
110	367	765	  1	
111	469	765	  1	
112	 88	765	  1	
112	152	765	  1	
114	205	765	  1	
115	159	765	  1	
117	179	765	  1	
118	215	765	  1	
119	152	765	  1	
120	150	765	  1	
120	175	765	  1	
120	216	765	  1	
120	303	765	  1	
120	316	765	  1	
120	327	765	  1	
120	539	765	  1	
123	168	765	  1	
123	296	765	  1	
123	320	765	  1	
123	392	765	  1	
125	136	765	  1	
125	312	765	  1	
127	175	765	  1	
127	303	765	  1	
127	327	765	  1	
128	 10	765	  1	
128	 75	765	  1	
128	112	765	  1	
128	248	765	  1	
128	258	765	  1	
128	272	765	  1	
128	283	765	  1	
128	301	765	  1	
128	378	765	  1	
130	296	765	  1	
131	191	765	  1	
133	143	765	  1	
133	239	765	  1	
134	176	765	  1	
134	216	765	  1	
134	281	765	  1	
134	301	765	  1	
135	287	765	  1	
136	182	765	  1	
136	495	765	  1	
138	287	765	  1	
138	320	765	  1	
138	328	765	  1	
139	238	765	  1	
139	355	765	  1	
140	176	765	  1	
140	183	765	  1	
141	144	765	  1	
141	335	765	  1	
142	  4	765	  1	
144	129	765	  1	
144	203	765	  1	
144	287	765	  1	
144	325	765	  1	
144	523	765	  1	
146	320	765	  1	
148	130	765	  1	
149	304	765	  1	
150	 85	765	  1	
151	187	765	  1	
151	191	765	  1	
151	200	765	  1	
151	207	765	  1	
151	219	765	  1	
151	295	765	  1	
152	  0	765	  1	
152	 32	765	  1	
152	103	765	  1	
152	128	765	  1	
152	134	765	  1	
152	227	765	  1	
152	232	765	  1	
152	277	765	  1	
152	346	765	  1	
152	501	765	  1	
154	175	765	  1	
154	202	765	  1	
154	237	765	  1	
154	556	765	  1	
155	 96	765	  1	
155	215	765	  1	
155	272	765	  1	
155	335	765	  1	
156	138	765	  1	
157	 55	765	  1	
157	131	765	  1	
157	522	765	  1	
158	 87	765	  1	
158	207	765	  1	
158	232	765	  1	
158	292	765	  1	
158	349	765	  1	
159	 88	765	  1	
159	103	765	  1	
159	172	765	  1	
159	224	765	  1	
159	552	765	  1	
160	 48	765	  1	
160	 63	765	  1	
160	 87	765	  1	
160	104	765	  1	
160	151	765	  1	
160	200	765	  1	
160	240	765	  1	
160	248	765	  1	
160	261	765	  1	
160	288	765	  1	
160	295	765	  1	
160	351	765	  1	
162	  6	765	  1	
162	144	765	  1	
163	 56	765	  1	
164	266	765	  1	
165	246	765	  1	
165	298	765	  1	
165	367	765	  1	
166	136	765	  1	
166	204	765	  1	
166	232	765	  1	
167	 51	765	  1	
167	 63	765	  1	
167	151	765	  1	
167	168	765	  1	
167	291	765	  1	
167	350	765	  1	
167	419	765	  1	
167	488	765	  1	
167	501	765	  1	
168	 84	765	  1	
168	120	765	  1	
168	144	765	  1	
168	184	765	  1	
168	240	765	  1	
168	280	765	  1	
168	296	765	  1	
168	304	765	  1	
168	451	765	  1	
168	479	765	  1	
168	528	765	  1	
169	424	765	  1	
170	152	765	  1	
171	125	765	  1	
171	256	765	  1	
171	286	765	  1	
171	376	765	  1	
174	 67	765	  1	
174	158	765	  1	
174	279	765	  1	
174	300	765	  1	
175	144	765	  1	
175	192	765	  1	
176	 94	765	  1	
176	126	765	  1	
176	219	765	  1	
176	336	765	  1	
176	376	765	  1	
177	 80	765	  1	
177	264	765	  1	
178	146	765	  1	
178	157	765	  1	
178	472	765	  1	
179	197	765	  1	
180	187	765	  1	
181	123	765	  1	
182	 77	765	  1	
183	 84	765	  1	
183	157	765	  1	
183	176	765	  1	
183	184	765	  1	
183	192	765	  1	
183	216	765	  1	
183	223	765	  1	
183	304	765	  1	
184	 64	765	  1	
184	103	765	  1	
184	127	765	  1	
184	136	765	  1	
184	143	765	  1	
184	225	765	  1	
184	232	765	  1	
184	264	765	  1	
186	152	765	  1	
187	 96	765	  1	
187	387	765	  1	
188	139	765	  1	
188	346	765	  1	
189	 70	765	  1	
189	 95	765	  1	
190	 88	765	  1	
190	179	765	  1	
191	 80	765	  1	
191	 84	765	  1	
191	103	765	  1	
191	229	765	  1	
191	271	765	  1	
192	133	765	  1	
192	147	765	  1	
192	159	765	  1	
192	294	765	  1	
192	299	765	  1	
195	 91	765	  1	
195	215	765	  1	
197	163	765	  1	
198	292	765	  1	
199	 88	765	  1	
199	 95	765	  1	
199	232	765	  1	
199	352	765	  1	
200	 32	765	  1	
200	 63	765	  1	
200	136	765	  1	
200	144	765	  1	
200	156	765	  1	
200	165	765	  1	
200	192	765	  1	
200	233	765	  1	
200	424	765	  1	
202	179	765	  1	
203	 79	765	  1	
203	156	765	  1	
203	304	765	  1	
205	115	765	  1	
206	174	765	  1	
206	200	765	  1	
206	207	765	  1	
206	239	765	  1	
207	192	765	  1	
207	471	765	  1	
207	495	765	  1	
208	 16	765	  1	
208	141	765	  1	
208	150	765	  1	
208	317	765	  1	
208	328	765	  1	
208	384	765	  1	
208	414	765	  1	
209	408	765	  1	
210	  7	765	  1	
210	 88	765	  1	
210	136	765	  1	
210	160	765	  1	
211	278	765	  1	
211	389	765	  1	
211	431	765	  1	
212	124	765	  1	
213	 24	765	  1	
213	147	765	  1	
213	168	765	  1	
213	345	765	  1	
214	 94	765	  1	
214	272	765	  1	
215	 89	765	  1	
215	248	765	  1	
215	359	765	  1	
215	440	765	  1	
216	 48	765	  1	
216	 53	765	  1	
216	 66	765	  1	
216	 71	765	  1	
216	104	765	  1	
216	111	765	  1	
216	128	765	  1	
216	191	765	  1	
216	235	765	  1	
216	304	765	  1	
216	311	765	  1	
216	544	765	  1	
218	597	765	  1	
219	312	765	  1	
219	431	765	  1	
221	 64	765	  1	
221	 86	765	  1	
221	142	765	  1	
221	336	765	  1	
222	197	765	  1	
223	232	765	  1	
223	239	765	  1	
223	307	765	  1	
223	346	765	  1	
223	402	765	  1	
224	 18	765	  1	
224	 40	765	  1	
224	 74	765	  1	
224	135	765	  1	
224	155	765	  1	
224	195	765	  1	
224	243	765	  1	
224	284	765	  1	
224	293	765	  1	
224	352	765	  1	
224	452	765	  1	
224	459	765	  1	
225	123	765	  1	
225	159	765	  1	
227	 47	765	  1	
227	128	765	  1	
227	280	765	  1	
227	295	765	  1	
227	359	765	  1	
229	289	765	  1	
230	  4	765	  1	
230	136	765	  1	
230	155	765	  1	
231	 40	765	  1	
231	 72	765	  1	
231	352	765	  1	
232	 70	765	  1	
232	 80	765	  1	
232	130	765	  1	
232	181	765	  1	
232	187	765	  1	
232	207	765	  1	
232	216	765	  1	
232	271	765	  1	
232	278	765	  1	
232	304	765	  1	
232	359	765	  1	
232	384	765	  1	
232	398	765	  1	
232	432	765	  1	
233	152	765	  1	
233	354	765	  1	
235	 47	765	  1	
235	 64	765	  1	
235	 95	765	  1	
235	264	765	  1	
235	552	765	  1	
236	176	765	  1	
236	216	765	  1	
237	  0	765	  1	
237	 26	765	  1	
237	 72	765	  1	
237	200	765	  1	
237	223	765	  1	
237	352	765	  1	
238	275	765	  1	
238	377	765	  1	
239	 40	765	  1	
239	144	765	  1	
239	271	765	  1	
240	  5	765	  1	
240	 15	765	  1	
240	 43	765	  1	
240	 96	765	  1	
240	110	765	  1	
240	120	765	  1	
240	130	765	  1	
240	139	765	  1	
240	149	765	  1	
240	164	765	  1	
240	189	765	  1	
240	312	765	  1	
240	416	765	  1	
241	357	765	  1	
242	102	765	  1	
242	119	765	  1	
242	183	765	  1	
242	216	765	  1	
242	407	765	  1	
245	 53	765	  1	
245	318	765	  1	
246	 10	765	  1	
246	 96	765	  1	
246	112	765	  1	
246	352	765	  1	
246	358	765	  1	
247	136	765	  1	
247	143	765	  1	
247	162	765	  1	
247	449	765	  1	
248	 93	765	  1	
248	192	765	  1	
248	203	765	  1	
248	234	765	  1	
248	312	765	  1	
248	322	765	  1	
248	392	765	  1	
249	183	765	  1	
250	196	765	  1	
250	207	765	  1	
251	 74	765	  1	
251	159	765	  1	
253	 48	765	  1	
253	110	765	  1	
253	143	765	  1	
253	192	765	  1	
253	205	765	  1	
255	  8	765	  1	
255	152	765	  1	
255	199	765	  1	
255	315	765	  1	
255	467	765	  1	
256	 30	765	  1	
256	 39	765	  1	
256	117	765	  1	
256	149	765	  1	
256	157	765	  1	
256	168	765	  1	
256	214	765	  1	
256	223	765	  1	
256	248	765	  1	
256	350	765	  1	
256	358	765	  1	
257	 96	765	  1	
258	 81	765	  1	
258	112	765	  1	
258	275	765	  1	
258	400	765	  1	
259	 64	765	  1	
259	162	765	  1	
259	255	765	  1	
260	205	765	  1	
260	408	765	  1	
261	136	765	  1	
261	192	765	  1	
261	208	765	  1	
261	256	765	  1	
261	327	765	  1	
262	118	765	  1	
262	183	765	  1	
263	 30	765	  1	
263	 35	765	  1	
263	 72	765	  1	
263	 88	765	  1	
263	196	765	  1	
263	219	765	  1	
263	248	765	  1	
263	415	765	  1	
263	423	765	  1	
264	 15	765	  1	
264	 59	765	  1	
264	 93	765	  1	
264	112	765	  1	
264	126	765	  1	
264	130	765	  1	
264	135	765	  1	
264	160	765	  1	
264	186	765	  1	
264	227	765	  1	
264	266	765	  1	
264	307	765	  1	
264	328	765	  1	
264	368	765	  1	
264	375	765	  1	
264	400	765	  1	
264	422	765	  1	
264	475	765	  1	
264	527	765	  1	
266	168	765	  1	
266	223	765	  1	
266	271	765	  1	
267	 64	765	  1	
267	216	765	  1	
267	255	765	  1	
267	384	765	  1	
267	391	765	  1	
267	520	765	  1	
268	 78	765	  1	
268	408	765	  1	
269	175	765	  1	
269	192	765	  1	
269	230	765	  1	
269	280	765	  1	
269	344	765	  1	
270	336	765	  1	
271	160	765	  1	
271	168	765	  1	
271	179	765	  1	
271	186	765	  1	
271	248	765	  1	
271	304	765	  1	
271	400	765	  1	
271	423	765	  1	
271	472	765	  1	
271	479	765	  1	
271	527	765	  1	
271	552	765	  1	
272	 80	765	  1	
272	 85	765	  1	
272	216	765	  1	
272	219	765	  1	
272	231	765	  1	
272	360	765	  1	
272	372	765	  1	
272	402	765	  1	
272	415	765	  1	
272	486	765	  1	
272	495	765	  1	
272	504	765	  1	
272	523	765	  1	
273	290	765	  1	
273	400	765	  1	
274	173	765	  1	
275	168	765	  1	
275	295	765	  1	
275	344	765	  1	
276	520	765	  1	
277	 39	765	  1	
277	120	765	  1	
277	127	765	  1	
277	190	765	  1	
277	367	765	  1	
277	384	765	  1	
277	480	765	  1	
278	 82	765	  1	
278	 87	765	  1	
278	289	765	  1	
279	 56	765	  1	
279	 63	765	  1	
279	224	765	  1	
279	228	765	  1	
279	403	765	  1	
279	491	765	  1	
280	 30	765	  1	
280	 50	765	  1	
280	147	765	  1	
280	160	765	  1	
280	200	765	  1	
280	216	765	  1	
280	239	765	  1	
280	255	765	  1	
280	299	765	  1	
280	327	765	  1	
280	336	765	  1	
280	397	765	  1	
280	412	765	  1	
280	454	765	  1	
280	478	765	  1	
280	511	765	  1	
282	  5	765	  1	
283	  0	765	  1	
283	166	765	  1	
283	320	765	  1	
283	334	765	  1	
283	504	765	  1	
284	224	765	  1	
285	 48	765	  1	
285	123	765	  1	
285	184	765	  1	
286	160	765	  1	
286	288	765	  1	
286	303	765	  1	
286	392	765	  1	
286	452	765	  1	
287	144	765	  1	
287	151	765	  1	
287	200	765	  1	
287	232	765	  1	
287	327	765	  1	
287	478	765	  1	
287	511	765	  1	
288	 64	765	  1	
288	 71	765	  1	
288	 85	765	  1	
288	111	765	  1	
288	118	765	  1	
288	176	765	  1	
288	192	765	  1	
288	223	765	  1	
288	247	765	  1	
288	287	765	  1	
288	312	765	  1	
288	328	765	  1	
288	339	765	  1	
288	344	765	  1	
288	350	765	  1	
288	355	765	  1	
288	399	765	  1	
288	427	765	  1	
288	442	765	  1	
288	475	765	  1	
288	496	765	  1	
288	519	765	  1	
288	528	765	  1	
288	560	765	  1	
289	181	765	  1	
289	202	765	  1	
289	207	765	  1	
290	394	765	  1	
290	414	765	  1	
290	502	765	  1	
293	120	765	  1	
293	192	765	  1	
294	320	765	  1	
294	400	765	  1	
295	 67	765	  1	
295	339	765	  1	
295	344	765	  1	
295	496	765	  1	
295	512	765	  1	
295	561	765	  1	
296	 64	765	  1	
296	147	765	  1	
296	218	765	  1	
296	233	765	  1	
296	302	765	  1	
296	310	765	  1	
296	359	765	  1	
296	376	765	  1	
296	382	765	  1	
296	428	765	  1	
298	204	765	  1	
298	566	765	  1	
299	118	765	  1	
299	136	765	  1	
299	208	765	  1	
299	240	765	  1	
299	352	765	  1	
299	360	765	  1	
301	 80	765	  1	
301	199	765	  1	
301	216	765	  1	
301	223	765	  1	
301	247	765	  1	
301	392	765	  1	
301	403	765	  1	
302	  3	765	  1	
302	 23	765	  1	
302	160	765	  1	
302	175	765	  1	
302	380	765	  1	
302	592	765	  1	
303	104	765	  1	
303	144	765	  1	
303	151	765	  1	
303	183	765	  1	
303	233	765	  1	
303	302	765	  1	
303	359	765	  1	
304	 23	765	  1	
304	 64	765	  1	
304	 91	765	  1	
304	112	765	  1	
304	155	765	  1	
304	215	765	  1	
304	312	765	  1	
304	322	765	  1	
305	 31	765	  1	
306	118	765	  1	
306	187	765	  1	
306	208	765	  1	
306	395	765	  1	
307	 71	765	  1	
307	134	765	  1	
308	358	765	  1	
309	320	765	  1	
309	327	765	  1	
309	382	765	  1	
310	112	765	  1	
310	152	765	  1	
310	352	765	  1	
310	437	765	  1	
311	215	765	  1	
312	 82	765	  1	
312	159	765	  1	
312	168	765	  1	
312	183	765	  1	
312	198	765	  1	
312	210	765	  1	
312	216	765	  1	
312	328	765	  1	
312	335	765	  1	
312	390	765	  1	
312	423	765	  1	
312	475	765	  1	
312	576	765	  1	
313	258	765	  1	
313	263	765	  1	
315	387	765	  1	
315	392	765	  1	
317	 83	765	  1	
317	208	765	  1	
318	 16	765	  1	
318	 44	765	  1	
318	162	765	  1	
319	103	765	  1	
319	251	765	  1	
319	331	765	  1	
319	485	765	  1	
319	531	765	  1	
320	  0	765	  1	
320	 53	765	  1	
320	 64	765	  1	
320	 69	765	  1	
320	 88	765	  1	
320	 92	765	  1	
320	112	765	  1	
320	147	765	  1	
320	206	765	  1	
320	256	765	  1	
320	280	765	  1	
320	287	765	  1	
320	312	765	  1	
320	338	765	  1	
320	344	765	  1	
320	512	765	  1	
320	544	765	  1	
320	584	765	  1	
321	136	765	  1	
322	 61	765	  1	
322	215	765	  1	
323	 56	765	  1	
323	264	765	  1	
323	391	765	  1	
323	408	765	  1	
323	518	765	  1	
325	 55	765	  1	
325	150	765	  1	
325	192	765	  1	
325	203	765	  1	
325	262	765	  1	
325	336	765	  1	
326	172	765	  1	
326	213	765	  1	
326	327	765	  1	
327	271	765	  1	
327	312	765	  1	
327	544	765	  1	
328	  8	765	  1	
328	 21	765	  1	
328	 59	765	  1	
328	 81	765	  1	
328	 99	765	  1	
328	114	765	  1	
328	136	765	  1	
328	142	765	  1	
328	152	765	  1	
328	189	765	  1	
328	224	765	  1	
328	247	765	  1	
328	272	765	  1	
328	347	765	  1	
328	392	765	  1	
328	408	765	  1	
328	454	765	  1	
328	461	765	  1	
328	512	765	  1	
329	127	765	  1	
331	  6	765	  1	
331	 54	765	  1	
331	157	765	  1	
332	 87	765	  1	
332	120	765	  1	
333	 47	765	  1	
333	139	765	  1	
333	144	765	  1	
333	184	765	  1	
333	280	765	  1	
333	294	765	  1	
333	352	765	  1	
334	116	765	  1	
334	127	765	  1	
334	237	765	  1	
334	408	765	  1	
334	455	765	  1	
335	200	765	  1	
336	 80	765	  1	
336	147	765	  1	
336	171	765	  1	
336	216	765	  1	
336	255	765	  1	
336	269	765	  1	
336	287	765	  1	
336	304	765	  1	
336	312	765	  1	
336	336	765	  1	
336	346	765	  1	
336	351	765	  1	
336	355	765	  1	
336	389	765	  1	
338	 98	765	  1	
338	310	765	  1	
339	190	765	  1	
339	417	765	  1	
339	423	765	  1	
340	155	765	  1	
341	 37	765	  1	
341	252	765	  1	
341	264	765	  1	
341	295	765	  1	
341	328	765	  1	
342	235	765	  1	
342	304	765	  1	
342	346	765	  1	
342	440	765	  1	
342	562	765	  1	
343	101	765	  1	
343	171	765	  1	
343	312	765	  1	
343	351	765	  1	
343	544	765	  1	
344	 51	765	  1	
344	 67	765	  1	
344	117	765	  1	
344	139	765	  1	
344	154	765	  1	
344	197	765	  1	
344	261	765	  1	
344	322	765	  1	
344	363	765	  1	
344	370	765	  1	
344	408	765	  1	
344	455	765	  1	
344	468	765	  1	
344	581	765	  1	
346	 13	765	  1	
346	256	765	  1	
347	 80	765	  1	
347	597	765	  1	
348	 32	765	  1	
349	200	765	  1	
349	207	765	  1	
349	310	765	  1	
349	335	765	  1	
349	392	765	  1	
349	464	765	  1	
350	 24	765	  1	
350	 30	765	  1	
350	248	765	  1	
350	262	765	  1	
352	 56	765	  1	
352	 64	765	  1	
352	 76	765	  1	
352	158	765	  1	
352	216	765	  1	
352	240	765	  1	
352	247	765	  1	
352	256	765	  1	
352	368	765	  1	
352	375	765	  1	
352	424	765	  1	
352	480	765	  1	
353	198	765	  1	
353	264	765	  1	
353	362	765	  1	
353	367	765	  1	
354	138	765	  1	
354	143	765	  1	
354	152	765	  1	
354	231	765	  1	
355	 31	765	  1	
355	280	765	  1	
356	442	765	  1	
357	160	765	  1	
357	256	765	  1	
357	328	765	  1	
358	 70	765	  1	
358	275	765	  1	
358	352	765	  1	
359	 56	765	  1	
359	270	765	  1	
359	371	765	  1	
359	380	765	  1	
360	 19	765	  1	
360	135	765	  1	
360	183	765	  1	
360	248	765	  1	
360	269	765	  1	
360	349	765	  1	
360	542	765	  1	
362	 64	765	  1	
362	334	765	  1	
362	416	765	  1	
363	240	765	  1	
363	256	765	  1	
363	271	765	  1	
363	472	765	  1	
364	231	765	  1	
364	266	765	  1	
365	 28	765	  1	
365	368	765	  1	
366	 70	765	  1	
366	153	765	  1	
366	328	765	  1	
366	384	765	  1	
366	543	765	  1	
367	159	765	  1	
367	162	765	  1	
367	264	765	  1	
368	  8	765	  1	
368	 40	765	  1	
368	 48	765	  1	
368	133	765	  1	
368	139	765	  1	
368	144	765	  1	
368	240	765	  1	
368	248	765	  1	
368	255	765	  1	
368	303	765	  1	
368	310	765	  1	
368	360	765	  1	
368	390	765	  1	
370	 55	765	  1	
370	178	765	  1	
370	398	765	  1	
371	  7	765	  1	
372	135	765	  1	
372	379	765	  1	
373	 46	765	  1	
373	150	765	  1	
373	269	765	  1	
374	  0	765	  1	
374	 63	765	  1	
374	183	765	  1	
374	259	765	  1	
374	273	765	  1	
374	393	765	  1	
375	 73	765	  1	
375	128	765	  1	
375	139	765	  1	
375	240	765	  1	
375	251	765	  1	
375	279	765	  1	
375	559	765	  1	
376	  5	765	  1	
376	 24	765	  1	
376	112	765	  1	
376	144	765	  1	
376	211	765	  1	
376	312	765	  1	
376	316	765	  1	
376	325	765	  1	
376	338	765	  1	
376	344	765	  1	
377	  4	765	  1	
378	 38	765	  1	
379	 72	765	  1	
379	104	765	  1	
379	246	765	  1	
380	432	765	  1	
381	 64	765	  1	
381	128	765	  1	
381	176	765	  1	
381	264	765	  1	
381	285	765	  1	
382	  7	765	  1	
383	 38	765	  1	
383	191	765	  1	
383	208	765	  1	
383	215	765	  1	
383	240	765	  1	
383	344	765	  1	
383	520	765	  1	
384	 45	765	  1	
384	 80	765	  1	
384	 87	765	  1	
384	111	765	  1	
384	118	765	  1	
384	197	765	  1	
384	205	765	  1	
384	233	765	  1	
384	304	765	  1	
384	310	765	  1	
384	320	765	  1	
384	331	765	  1	
384	387	765	  1	
384	439	765	  1	
384	496	765	  1	
386	323	765	  1	
387	 22	765	  1	
387	128	765	  1	
387	136	765	  1	
387	296	765	  1	
387	415	765	  1	
389	 15	765	  1	
389	206	765	  1	
389	264	765	  1	
389	432	765	  1	
389	466	765	  1	
389	576	765	  1	
390	160	765	  1	
390	166	765	  1	
390	216	765	  1	
391	  0	765	  1	
391	 11	765	  1	
391	320	765	  1	
391	327	765	  1	
391	384	765	  1	
391	391	765	  1	
391	422	765	  1	
392	  8	765	  1	
392	 31	765	  1	
392	 43	765	  1	
392	 91	765	  1	
392	 98	765	  1	
392	138	765	  1	
392	152	765	  1	
392	168	765	  1	
392	205	765	  1	
392	256	765	  1	
392	349	765	  1	
394	 20	765	  1	
394	221	765	  1	
395	 24	765	  1	
395	 96	765	  1	
395	192	765	  1	
395	208	765	  1	
396	344	765	  1	
397	 80	765	  1	
397	136	765	  1	
397	304	765	  1	
397	322	765	  1	
398	256	765	  1	
398	311	765	  1	
399	 31	765	  1	
399	108	765	  1	
399	215	765	  1	
399	599	765	  1	
400	  8	765	  1	
400	 23	765	  1	
400	 50	765	  1	
400	112	765	  1	
400	168	765	  1	
400	184	765	  1	
400	296	765	  1	
402	119	765	  1	
403	 16	765	  1	
403	150	765	  1	
403	303	765	  1	
404	 24	765	  1	
404	205	765	  1	
405	 14	765	  1	
405	135	765	  1	
406	 30	765	  1	
406	 96	765	  1	
406	229	765	  1	
407	 23	765	  1	
408	  3	765	  1	
408	 77	765	  1	
408	160	765	  1	
408	218	765	  1	
408	248	765	  1	
408	312	765	  1	
408	368	765	  1	
408	424	765	  1	
408	431	765	  1	
408	528	765	  1	
409	427	765	  1	
411	 38	765	  1	
411	319	765	  1	
413	 54	765	  1	
414	  3	765	  1	
414	 10	765	  1	
414	109	765	  1	
414	175	765	  1	
415	253	765	  1	
415	312	765	  1	
416	 16	765	  1	
416	 40	765	  1	
416	 47	765	  1	
416	 56	765	  1	
416	 72	765	  1	
416	 86	765	  1	
416	144	765	  1	
416	235	765	  1	
416	280	765	  1	
416	323	765	  1	
416	347	765	  1	
416	382	765	  1	
416	502	765	  1	
417	 52	765	  1	
417	 96	765	  1	
417	152	765	  1	
418	 18	765	  1	
418	192	765	  1	
418	366	765	  1	
419	248	765	  1	
419	287	765	  1	
419	333	765	  1	
421	 27	765	  1	
421	199	765	  1	
421	206	765	  1	
421	360	765	  1	
421	428	765	  1	
422	355	765	  1	
423	 53	765	  1	
423	111	765	  1	
423	239	765	  1	
423	255	765	  1	
423	280	765	  1	
423	320	765	  1	
423	327	765	  1	
424	 34	765	  1	
424	 64	765	  1	
424	 82	765	  1	
424	 88	765	  1	
424	 96	765	  1	
424	107	765	  1	
424	118	765	  1	
424	168	765	  1	
424	187	765	  1	
424	258	765	  1	
424	304	765	  1	
424	310	765	  1	
424	319	765	  1	
424	422	765	  1	
424	563	765	  1	
426	275	765	  1	
427	 24	765	  1	
427	223	765	  1	
427	312	765	  1	
427	407	765	  1	
429	307	765	  1	
430	152	765	  1	
430	168	765	  1	
430	423	765	  1	
430	440	765	  1	
431	 32	765	  1	
431	 39	765	  1	
431	258	765	  1	
431	319	765	  1	
431	343	765	  1	
432	 16	765	  1	
432	 27	765	  1	
432	 34	765	  1	
432	 55	765	  1	
432	131	765	  1	
432	136	765	  1	
432	146	765	  1	
432	247	765	  1	
432	360	765	  1	
432	367	765	  1	
432	405	765	  1	
434	155	765	  1	
434	168	765	  1	
435	255	765	  1	
435	318	765	  1	
437	 39	765	  1	
437	120	765	  1	
437	173	765	  1	
437	177	765	  1	
437	194	765	  1	
437	287	765	  1	
438	147	765	  1	
439	 24	765	  1	
439	135	765	  1	
439	168	765	  1	
439	360	765	  1	
440	 40	765	  1	
440	 45	765	  1	
440	 50	765	  1	
440	 74	765	  1	
440	103	765	  1	
440	253	765	  1	
440	261	765	  1	
440	272	765	  1	
440	381	765	  1	
441	 35	765	  1	
441	127	765	  1	
442	 24	765	  1	
442	141	765	  1	
442	181	765	  1	
443	 43	765	  1	
443	496	765	  1	
445	 30	765	  1	
445	240	765	  1	
446	 39	765	  1	
446	248	765	  1	
447	 24	765	  1	
447	178	765	  1	
447	261	765	  1	
447	312	765	  1	
447	381	765	  1	
447	399	765	  1	
448	 60	765	  1	
448	 64	765	  1	
448	278	765	  1	
448	287	765	  1	
450	 77	765	  1	
450	146	765	  1	
451	 72	765	  1	
452	142	765	  1	
453	126	765	  1	
454	136	765	  1	
454	152	765	  1	
454	200	765	  1	
454	207	765	  1	
454	240	765	  1	
454	283	765	  1	
455	 80	765	  1	
455	 87	765	  1	
455	365	765	  1	
456	 48	765	  1	
456	 52	765	  1	
456	115	765	  1	
456	139	765	  1	
456	176	765	  1	
456	203	765	  1	
456	264	765	  1	
456	296	765	  1	
457	243	765	  1	
458	 56	765	  1	
458	170	765	  1	
458	239	765	  1	
459	  0	765	  1	
459	104	765	  1	
459	183	765	  1	
459	274	765	  1	
460	159	765	  1	
461	 64	765	  1	
461	 71	765	  1	
461	 83	765	  1	
461	192	765	  1	
462	118	765	  1	
463	 16	765	  1	
463	126	765	  1	
463	176	765	  1	
463	207	765	  1	
464	  0	765	  1	
464	 47	765	  1	
464	128	765	  1	
464	167	765	  1	
464	224	765	  1	
464	231	765	  1	
464	248	765	  1	
464	288	765	  1	
464	336	765	  1	
464	352	765	  1	
465	176	765	  1	
466	 15	765	  1	
466	208	765	  1	
466	359	765	  1	
467	256	765	  1	
467	296	765	  1	
467	343	765	  1	
468	 47	765	  1	
469	 39	765	  1	
469	160	765	  1	
469	254	765	  1	
469	264	765	  1	
469	269	765	  1	
470	  8	765	  1	
470	132	765	  1	
471	 16	765	  1	
471	213	765	  1	
471	224	765	  1	
471	231	765	  1	
471	303	765	  1	
471	336	765	  1	
471	354	765	  1	
471	423	765	  1	
472	 80	765	  1	
472	 96	765	  1	
472	120	765	  1	
472	168	765	  1	
472	175	765	  1	
472	189	765	  1	
472	197	765	  1	
472	207	765	  1	
472	259	765	  1	
472	272	765	  1	
472	360	765	  1	
474	 67	765	  1	
474	142	765	  1	
474	248	765	  1	
474	344	765	  1	
477	232	765	  1	
477	239	765	  1	
477	262	765	  1	
479	  9	765	  1	
479	168	765	  1	
479	175	765	  1	
479	255	765	  1	
480	 24	765	  1	
480	 40	765	  1	
480	 79	765	  1	
480	 88	765	  1	
480	204	765	  1	
480	230	765	  1	
480	248	765	  1	
480	252	765	  1	
480	264	765	  1	
480	281	765	  1	
480	317	765	  1	
480	408	765	  1	
481	 72	765	  1	
482	 31	765	  1	
482	224	765	  1	
483	 44	765	  1	
483	 48	765	  1	
483	256	765	  1	
485	136	765	  1	
485	192	765	  1	
485	207	765	  1	
485	312	765	  1	
485	320	765	  1	
485	336	765	  1	
487	 72	765	  1	
487	 79	765	  1	
487	165	765	  1	
487	175	765	  1	
487	230	765	  1	
488	  4	765	  1	
488	  8	765	  1	
488	 71	765	  1	
488	132	765	  1	
488	146	765	  1	
488	152	765	  1	
488	159	765	  1	
488	181	765	  1	
488	203	765	  1	
488	240	765	  1	
488	244	765	  1	
488	264	765	  1	
488	276	765	  1	
488	285	765	  1	
488	295	765	  1	
488	298	765	  1	
488	304	765	  1	
488	309	765	  1	
490	 31	765	  1	
490	128	765	  1	
490	192	765	  1	
491	272	765	  1	
493	240	765	  1	
493	245	765	  1	
493	280	765	  1	
493	296	765	  1	
493	303	765	  1	
493	376	765	  1	
493	383	765	  1	
495	 77	765	  1	
495	155	765	  1	
495	264	765	  1	
495	326	765	  1	
495	391	765	  1	
496	 57	765	  1	
496	133	765	  1	
496	152	765	  1	
496	253	765	  1	
496	312	765	  1	
496	403	765	  1	
496	440	765	  1	
498	280	765	  1	
499	232	765	  1	
500	133	765	  1	
500	320	765	  1	
500	353	765	  1	
501	205	765	  1	
501	302	765	  1	
501	416	765	  1	
502	286	765	  1	
502	367	765	  1	
503	128	765	  1	
503	152	765	  1	
503	351	765	  1	
503	390	765	  1	
503	400	765	  1	
503	407	765	  1	
504	  0	765	  1	
504	 83	765	  1	
504	 88	765	  1	
504	130	765	  1	
504	142	765	  1	
504	184	765	  1	
504	243	765	  1	
504	251	765	  1	
504	282	765	  1	
504	308	765	  1	
504	326	765	  1	
504	344	765	  1	
504	431	765	  1	
505	  7	765	  1	
506	135	765	  1	
507	408	765	  1	
507	424	765	  1	
508	100	765	  1	
508	325	765	  1	
509	144	765	  1	
509	191	765	  1	
509	320	765	  1	
510	414	765	  1	
511	 80	765	  1	
511	106	765	  1	
511	128	765	  1	
511	140	765	  1	
511	431	765	  1	
512	  8	765	  1	
512	 38	765	  1	
512	143	765	  1	
512	176	765	  1	
512	184	765	  1	
512	221	765	  1	
512	227	765	  1	
512	237	765	  1	
512	295	765	  1	
512	383	765	  1	
512	423	765	  1	
513	 93	765	  1	
514	 32	765	  1	
514	208	765	  1	
515	 48	765	  1	
515	183	765	  1	
515	336	765	  1	
517	 82	765	  1	
517	 87	765	  1	
517	243	765	  1	
517	328	765	  1	
518	168	765	  1	
518	238	765	  1	
519	143	765	  1	
519	176	765	  1	
519	187	765	  1	
519	416	765	  1	
519	431	765	  1	
520	  5	765	  1	
520	 16	765	  1	
520	103	765	  1	
520	304	765	  1	
520	325	765	  1	
520	583	765	  1	
522	160	765	  1	
522	218	765	  1	
523	 88	765	  1	
523	104	765	  1	
524	 28	765	  1	
524	128	765	  1	
524	320	765	  1	
525	310	765	  1	
526	 96	765	  1	
526	134	765	  1	
526	175	765	  1	
527	168	765	  1	
527	223	765	  1	
527	399	765	  1	
528	 48	765	  1	
528	103	765	  1	
528	114	765	  1	
528	189	765	  1	
528	244	765	  1	
528	312	765	  1	
528	323	765	  1	
528	357	765	  1	
528	379	765	  1	
528	405	765	  1	
528	583	765	  1	
529	208	765	  1	
529	215	765	  1	
529	384	765	  1	
531	120	765	  1	
531	288	765	  1	
532	 99	765	  1	
532	400	765	  1	
533	110	765	  1	
533	160	765	  1	
533	240	765	  1	
533	258	765	  1	
533	304	765	  1	
535	 48	765	  1	
535	320	765	  1	
535	327	765	  1	
535	376	765	  1	
535	383	765	  1	
535	448	765	  1	
535	487	765	  1	
536	112	765	  1	
536	120	765	  1	
536	128	765	  1	
536	253	765	  1	
536	296	765	  1	
536	463	765	  1	
537	 96	765	  1	
538	133	765	  1	
539	 14	765	  1	
539	127	765	  1	
539	148	765	  1	
541	278	765	  1	
542	  8	765	  1	
542	186	765	  1	
542	288	765	  1	
543	112	765	  1	
543	120	765	  1	
543	128	765	  1	
544	  7	765	  1	
544	115	765	  1	
544	160	765	  1	
544	195	765	  1	
544	208	765	  1	
544	226	765	  1	
544	230	765	  1	
544	233	765	  1	
544	275	765	  1	
544	295	765	  1	
544	304	765	  1	
544	318	765	  1	
544	352	765	  1	
544	384	765	  1	
544	391	765	  1	
544	423	765	  1	
544	442	765	  1	
546	216	765	  1	
547	248	765	  1	
547	264	765	  1	
547	296	765	  1	
549	191	765	  1	
550	223	765	  1	
550	232	765	  1	
551	208	765	  1	
551	291	765	  1	
552	 27	765	  1	
552	 90	765	  1	
552	135	765	  1	
552	144	765	  1	
552	152	765	  1	
552	160	765	  1	
552	198	765	  1	
552	248	765	  1	
552	280	765	  1	
552	286	765	  1	
552	375	765	  1	
552	394	765	  1	
552	440	765	  1	
554	 54	765	  1	
555	128	765	  1	
555	184	765	  1	
555	200	765	  1	
555	368	765	  1	
555	392	765	  1	
555	402	765	  1	
557	199	765	  1	
557	226	765	  1	
557	272	765	  1	
557	279	765	  1	
557	283	765	  1	
557	378	765	  1	
559	 54	765	  1	
559	135	765	  1	
559	343	765	  1	
559	352	765	  1	
559	375	765	  1	
560	 91	765	  1	
560	129	765	  1	
560	149	765	  1	
560	208	765	  1	
560	243	765	  1	
560	248	765	  1	
560	270	765	  1	
560	274	765	  1	
560	359	765	  1	
560	464	765	  1	
560	472	765	  1	
563	112	765	  1	
565	167	765	  1	
566	120	765	  1	
566	127	765	  1	
566	268	765	  1	
567	 55	765	  1	
567	 88	765	  1	
567	 95	765	  1	
567	272	765	  1	
567	279	765	  1	
567	355	765	  1	
568	 70	765	  1	
568	143	765	  1	
568	173	765	  1	
568	189	765	  1	
568	207	765	  1	
568	236	765	  1	
568	270	765	  1	
570	 77	765	  1	
570	248	765	  1	
571	110	765	  1	
571	136	765	  1	
571	183	765	  1	
571	327	765	  1	
572	125	765	  1	
572	315	765	  1	
573	184	765	  1	
573	192	765	  1	
573	253	765	  1	
574	 71	765	  1	
575	 76	765	  1	
575	143	765	  1	
575	176	765	  1	
575	248	765	  1	
576	 39	765	  1	
576	 82	765	  1	
576	112	765	  1	
576	154	765	  1	
576	205	765	  1	
576	210	765	  1	
576	238	765	  1	
576	247	765	  1	
576	276	765	  1	
576	301	765	  1	
576	312	765	  1	
576	319	765	  1	
576	363	765	  1	
577	232	765	  1	
578	272	765	  1	
579	128	765	  1	
579	262	765	  1	
579	304	765	  1	
579	311	765	  1	
581	215	765	  1	
581	276	765	  1	
582	 83	765	  1	
582	 91	765	  1	
582	296	765	  1	
583	315	765	  1	
583	360	765	  1	
583	367	765	  1	
584	131	765	  1	
584	138	765	  1	
584	244	765	  1	
584	261	765	  1	
584	267	765	  1	
584	371	765	  1	
584	442	765	  1	
587	222	765	  1	
588	318	765	  1	
589	136	765	  1	
589	256	765	  1	
589	520	765	  1	
590	108	765	  1	
591	 80	765	  1	
591	128	765	  1	
591	296	765	  1	
591	304	765	  1	
591	368	765	  1	
591	375	765	  1	
591	503	765	  1	
591	526	765	  1	
592	 88	765	  1	
592	112	765	  1	
592	176	765	  1	
592	235	765	  1	
592	261	765	  1	
592	272	765	  1	
592	320	765	  1	
592	344	765	  1	
594	239	765	  1	
595	312	765	  1	
597	  7	765	  1	
597	 47	765	  1	
597	117	765	  1	
597	144	765	  1	
597	149	765	  1	
597	232	765	  1	
597	352	765	  1	
598	360	765	  1	
598	366	765	  1	
598	543	765	  1	
599	 39	765	  1	
600	  0	765	  1	
600	 52	765	  1	
600	246	765	  1	
600	336	765	  1	
600	374	765	  1	
600	392	765	  1	
600	440	765	  1	
600	447	765	  1	
602	239	765	  1	
602	344	765	  1	
602	378	765	  1	
603	 94	765	  1	
603	104	765	  1	
603	254	765	  1	
605	352	765	  1	
605	359	765	  1	
606	 78	765	  1	
606	112	765	  1	
606	243	765	  1	
606	341	765	  1	
606	371	765	  1	
607	 52	765	  1	
607	 87	765	  1	
607	151	765	  1	
607	216	765	  1	
607	248	765	  1	
607	392	765	  1	
608	 91	765	  1	
608	234	765	  1	
608	240	765	  1	
608	258	765	  1	
608	268	765	  1	
608	283	765	  1	
608	315	765	  1	
608	328	765	  1	
608	335	765	  1	
608	399	765	  1	
609	 10	765	  1	
609	 15	765	  1	
610	256	765	  1	
610	263	765	  1	
610	304	765	  1	
611	331	765	  1	
611	360	765	  1	
612	303	765	  1	
613	 95	765	  1	
613	232	765	  1	
613	239	765	  1	
613	246	765	  1	
613	268	765	  1	
613	324	765	  1	
614	259	765	  1	
615	212	765	  1	
615	284	765	  1	
615	306	765	  1	
615	328	765	  1	
615	335	765	  1	
615	355	765	  1	
616	  8	765	  1	
616	 96	765	  1	
616	112	765	  1	
616	231	765	  1	
616	249	765	  1	
616	309	765	  1	
616	352	765	  1	
616	383	765	  1	
618	151	765	  1	
618	224	765	  1	
619	102	765	  1	
619	335	765	  1	
619	359	765	  1	
619	376	765	  1	
620	 56	765	  1	
621	168	765	  1	
621	295	765	  1	
621	316	765	  1	
623	 83	765	  1	
623	223	765	  1	
623	231	765	  1	
623	352	765	  1	
623	383	765	  1	
624	 11	765	  1	
624	 78	765	  1	
624	158	765	  1	
624	200	765	  1	
624	205	765	  1	
624	351	765	  1	
624	416	765	  1	
624	560	765	  1	
626	143	765	  1	
627	 64	765	  1	
627	215	765	  1	
627	243	765	  1	
627	344	765	  1	
628	114	765	  1	
628	160	765	  1	
629	 40	765	  1	
630	 68	765	  1	
630	 75	765	  1	
630	167	765	  1	
631	 80	765	  1	
631	135	765	  1	
631	158	765	  1	
631	283	765	  1	
631	351	765	  1	
632	 98	765	  1	
632	232	765	  1	
632	264	765	  1	
632	418	765	  1	
633	212	765	  1	
634	320	765	  1	
635	293	765	  1	
635	570	765	  1	
636	103	765	  1	
637	119	765	  1	
637	160	765	  1	
638	 96	765	  1	
638	104	765	  1	
638	128	765	  1	
638	232	765	  1	
638	271	765	  1	
639	288	765	  1	
640	111	765	  1	
640	168	765	  1	
640	200	765	  1	
640	272	765	  1	
640	296	765	  1	
640	302	765	  1	
643	278	765	  1	
644	327	765	  1	
645	 55	765	  1	
645	 80	765	  1	
646	171	765	  1	
647	200	765	  1	
648	112	765	  1	
648	191	765	  1	
648	285	765	  1	
648	367	765	  1	
650	 69	765	  1	
651	202	765	  1	
652	208	765	  1	
653	168	765	  1	
654	 77	765	  1	
654	116	765	  1	
654	191	765	  1	
655	176	765	  1	
655	202	765	  1	
656	143	765	  1	
656	166	765	  1	
656	174	765	  1	
656	327	765	  1	
656	356	765	  1	
658	123	765	  1	
658	160	765	  1	
661	 75	765	  1	
661	140	765	  1	
662	167	765	  1	
663	174	765	  1	
663	231	765	  1	
663	305	765	  1	
663	357	765	  1	
664	 48	765	  1	
664	 56	765	  1	
664	120	765	  1	
664	127	765	  1	
664	355	765	  1	
667	 63	765	  1	
669	408	765	  1	
671	 56	765	  1	
671	123	765	  1	
671	355	765	  1	
671	579	765	  1	
679	248	765	  1	
680	 88	765	  1	
680	160	765	  1	
680	423	765	  1	
683	127	765	  1	
685	192	765	  1	
685	470	765	  1	
688	135	765	  1	
688	168	765	  1	
688	175	765	  1	
688	208	765	  1	
689	362	765	  1	
695	208	765	  1	
696	212	765	  1	
704	191	765	  1	
708	 92	765	  1	
711	268	765	  1	
711	399	765	  1	
759	  0	765	  1	
