# 
#  Image file: Goad2_T0139.jpg
#  Applied threshold: 575
#  Algorithm used: fill2                 
#  Particle count: 1683
#  Location (x,y), max luminance, and mass:
# 
  0	206	765	  1	
  0	447	765	  1	
  7	447	765	  1	
  8	187	765	  1	
  8	240	765	  1	
 11	128	765	  1	
 15	224	765	  1	
 17	493	765	  1	
 21	328	765	  1	
 21	411	765	  1	
 23	416	765	  1	
 25	187	765	  1	
 27	439	765	  1	
 31	423	765	  1	
 32	112	765	  1	
 36	141	765	  1	
 36	448	765	  1	
 37	556	765	  1	
 40	269	765	  1	
 40	275	765	  1	
 41	120	765	  1	
 53	110	765	  1	
 56	264	765	  1	
 59	292	765	  1	
 60	111	765	  1	
 63	101	765	  1	
 63	104	765	  1	
 64	492	765	  1	
 65	102	765	  1	
 71	111	765	  1	
 71	366	765	  1	
 71	376	765	  1	
 72	184	765	  1	
 72	330	765	  1	
 75	564	765	  1	
 77	376	765	  1	
 79	207	765	  1	
 79	330	765	  1	
 80	104	765	  1	
 80	215	765	  1	
 80	367	765	  1	
 80	370	765	  1	
 80	383	765	  1	
 83	144	765	  1	
 83	360	765	  1	
 86	368	765	  1	
 87	144	765	  1	
 87	336	765	  1	
 88	172	765	  1	
 88	374	765	  1	
 91	296	765	  1	
 92	 95	765	  1	
 96	 94	765	  1	
 96	120	765	  1	
 96	376	765	  1	
 97	128	765	  1	
103	439	765	  1	
104	 80	765	  1	
104	288	765	  1	
104	413	765	  1	
106	 86	765	  1	
109	280	765	  1	
112	101	765	  1	
112	126	765	  1	
112	248	765	  1	
112	408	765	  1	
112	413	765	  1	
112	503	765	  1	
113	211	765	  1	
115	255	765	  1	
117	416	765	  1	
118	123	765	  1	
119	248	765	  1	
120	224	765	  1	
120	231	765	  1	
120	280	765	  1	
120	287	765	  1	
121	  0	765	  1	
123	130	765	  1	
123	311	765	  1	
123	323	765	  1	
123	456	765	  1	
125	271	765	  1	
126	423	765	  1	
127	  7	765	  1	
127	101	765	  1	
127	227	765	  1	
127	283	765	  1	
128	248	765	  1	
128	267	765	  1	
128	407	765	  1	
129	296	765	  1	
131	  0	765	  1	
131	143	765	  1	
131	240	765	  1	
132	136	765	  1	
133	455	765	  1	
135	202	765	  1	
135	252	765	  1	
135	264	765	  1	
135	271	765	  1	
135	303	765	  1	
136	  2	765	  1	
136	136	765	  1	
136	143	765	  1	
136	168	765	  1	
136	175	765	  1	
136	192	765	  1	
136	199	765	  1	
136	416	765	  1	
136	423	765	  1	
138	321	765	  1	
139	350	765	  1	
139	544	765	  1	
141	215	765	  1	
143	139	765	  1	
143	171	765	  1	
143	195	765	  1	
143	247	765	  1	
143	419	765	  1	
144	 90	765	  1	
144	125	765	  1	
144	136	765	  1	
144	154	765	  1	
144	207	765	  1	
144	224	765	  1	
144	231	765	  1	
144	259	765	  1	
144	339	765	  1	
144	350	765	  1	
144	359	765	  1	
144	367	765	  1	
144	407	765	  1	
144	416	765	  1	
147	264	765	  1	
147	360	765	  1	
148	356	765	  1	
150	139	765	  1	
151	213	765	  1	
151	227	765	  1	
151	336	765	  1	
151	343	765	  1	
151	367	765	  1	
151	392	765	  1	
151	423	765	  1	
151	504	765	  1	
152	146	765	  1	
152	199	765	  1	
152	272	765	  1	
152	320	765	  1	
154	111	765	  1	
154	230	765	  1	
154	249	765	  1	
154	263	765	  1	
155	192	765	  1	
156	392	765	  1	
157	151	765	  1	
158	224	765	  1	
158	274	765	  1	
159	199	765	  1	
159	255	765	  1	
159	264	765	  1	
159	327	765	  1	
159	572	765	  1	
160	 81	765	  1	
160	130	765	  1	
160	331	765	  1	
160	430	765	  1	
160	474	765	  1	
163	192	765	  1	
165	 87	765	  1	
165	323	765	  1	
166	 67	765	  1	
166	184	765	  1	
166	272	765	  1	
166	397	765	  1	
168	115	765	  1	
168	206	765	  1	
168	279	765	  1	
168	288	765	  1	
170	391	765	  1	
171	130	765	  1	
172	238	765	  1	
174	232	765	  1	
175	276	765	  1	
175	576	765	  1	
176	112	765	  1	
176	160	765	  1	
176	208	765	  1	
176	256	765	  1	
176	296	765	  1	
178	128	765	  1	
178	184	765	  1	
179	167	765	  1	
179	199	765	  1	
179	240	765	  1	
179	263	765	  1	
179	303	765	  1	
181	191	765	  1	
183	 75	765	  1	
183	112	765	  1	
183	128	765	  1	
183	160	765	  1	
183	184	765	  1	
183	208	765	  1	
183	256	765	  1	
183	288	765	  1	
183	467	765	  1	
184	 48	765	  1	
184	235	765	  1	
184	298	765	  1	
184	365	765	  1	
184	381	765	  1	
184	384	765	  1	
184	399	765	  1	
184	416	765	  1	
186	321	765	  1	
187	 55	765	  1	
187	135	765	  1	
187	272	765	  1	
187	279	765	  1	
187	360	765	  1	
187	392	765	  1	
189	151	765	  1	
189	247	765	  1	
190	163	765	  1	
190	371	765	  1	
190	391	765	  1	
191	 48	765	  1	
191	 85	765	  1	
191	128	765	  1	
191	288	765	  1	
191	295	765	  1	
191	399	765	  1	
192	120	765	  1	
192	179	765	  1	
192	239	765	  1	
192	272	765	  1	
192	287	765	  1	
192	327	765	  1	
192	423	765	  1	
195	  8	765	  1	
195	 80	765	  1	
196	392	765	  1	
196	535	765	  1	
197	171	765	  1	
197	383	765	  1	
198	 87	765	  1	
198	273	765	  1	
198	399	765	  1	
198	421	765	  1	
198	498	765	  1	
199	547	765	  1	
200	 64	765	  1	
200	112	765	  1	
200	332	765	  1	
200	344	765	  1	
200	351	765	  1	
200	454	765	  1	
201	118	765	  1	
202	342	765	  1	
203	 27	765	  1	
203	166	765	  1	
203	461	765	  1	
205	431	765	  1	
206	160	765	  1	
207	 96	765	  1	
207	264	765	  1	
207	287	765	  1	
207	347	765	  1	
207	374	765	  1	
208	152	765	  1	
208	248	765	  1	
208	399	765	  1	
210	471	765	  1	
211	159	765	  1	
211	255	765	  1	
211	392	765	  1	
211	432	765	  1	
213	120	765	  1	
215	 31	765	  1	
215	152	765	  1	
215	248	765	  1	
215	317	765	  1	
215	376	765	  1	
215	383	765	  1	
215	399	765	  1	
216	360	765	  1	
217	112	765	  1	
217	119	765	  1	
217	400	765	  1	
217	405	765	  1	
218	427	765	  1	
219	 86	765	  1	
219	192	765	  1	
219	367	765	  1	
221	 96	765	  1	
221	498	765	  1	
222	 18	765	  1	
222	327	765	  1	
223	333	765	  1	
223	360	765	  1	
224	120	765	  1	
224	139	765	  1	
224	149	765	  1	
224	195	765	  1	
224	270	765	  1	
224	319	765	  1	
224	334	765	  1	
224	352	765	  1	
224	374	765	  1	
224	378	765	  1	
224	392	765	  1	
224	459	765	  1	
226	 42	765	  1	
227	126	765	  1	
227	144	765	  1	
229	 47	765	  1	
229	136	765	  1	
229	160	765	  1	
230	123	765	  1	
230	192	765	  1	
230	199	765	  1	
230	237	765	  1	
230	408	765	  1	
232	 48	765	  1	
232	 59	765	  1	
232	 71	765	  1	
232	 80	765	  1	
232	151	765	  1	
232	155	765	  1	
232	184	765	  1	
232	190	765	  1	
232	243	765	  1	
232	279	765	  1	
232	307	765	  1	
232	336	765	  1	
232	384	765	  1	
232	388	765	  1	
232	405	765	  1	
232	416	765	  1	
232	571	765	  1	
233	112	765	  1	
234	 53	765	  1	
235	 88	765	  1	
235	119	765	  1	
235	176	765	  1	
235	255	765	  1	
236	 64	765	  1	
236	357	765	  1	
237	 72	765	  1	
237	142	765	  1	
237	187	765	  1	
237	327	765	  1	
237	423	765	  1	
238	 48	765	  1	
238	 56	765	  1	
238	136	765	  1	
238	183	765	  1	
238	221	765	  1	
239	112	765	  1	
239	151	765	  1	
239	159	765	  1	
239	227	765	  1	
239	568	765	  1	
239	575	765	  1	
240	  0	765	  1	
240	 82	765	  1	
240	 96	765	  1	
240	103	765	  1	
240	128	765	  1	
240	400	765	  1	
240	544	765	  1	
240	551	765	  1	
240	578	765	  1	
240	583	765	  1	
242	 56	765	  1	
242	149	765	  1	
242	328	765	  1	
243	138	765	  1	
243	280	765	  1	
244	128	765	  1	
244	360	765	  1	
245	  6	765	  1	
245	192	765	  1	
246	144	765	  1	
246	343	765	  1	
247	 16	765	  1	
247	151	765	  1	
247	440	765	  1	
247	488	765	  1	
248	  8	765	  1	
248	 48	765	  1	
248	107	765	  1	
248	158	765	  1	
248	255	765	  1	
248	274	765	  1	
248	304	765	  1	
248	328	765	  1	
248	410	765	  1	
248	416	765	  1	
248	423	765	  1	
248	434	765	  1	
248	528	765	  1	
248	535	765	  1	
248	592	765	  1	
249	286	765	  1	
249	311	765	  1	
250	 37	765	  1	
251	167	765	  1	
251	192	765	  1	
251	224	765	  1	
251	335	765	  1	
253	 84	765	  1	
253	432	765	  1	
253	439	765	  1	
254	 75	765	  1	
254	357	765	  1	
254	405	765	  1	
254	413	765	  1	
255	 16	765	  1	
255	 48	765	  1	
255	250	765	  1	
255	328	765	  1	
255	419	765	  1	
255	531	765	  1	
255	592	765	  1	
256	  2	765	  1	
256	 20	765	  1	
256	 93	765	  1	
256	101	765	  1	
256	111	765	  1	
256	211	765	  1	
256	224	765	  1	
256	235	765	  1	
256	272	765	  1	
256	295	765	  1	
256	407	765	  1	
256	412	765	  1	
256	520	765	  1	
256	527	765	  1	
256	536	765	  1	
257	279	765	  1	
258	  8	765	  1	
258	 28	765	  1	
258	158	765	  1	
258	311	765	  1	
258	400	765	  1	
259	115	765	  1	
259	268	765	  1	
260	470	765	  1	
260	541	765	  1	
261	 56	765	  1	
261	378	765	  1	
261	383	765	  1	
262	112	765	  1	
262	119	765	  1	
262	152	765	  1	
262	464	765	  1	
263	 35	765	  1	
263	 93	765	  1	
263	556	765	  1	
264	 13	765	  1	
264	 63	765	  1	
264	 71	765	  1	
264	 90	765	  1	
264	 98	765	  1	
264	143	765	  1	
264	167	765	  1	
264	198	765	  1	
264	218	765	  1	
264	238	765	  1	
264	328	765	  1	
264	395	765	  1	
264	432	765	  1	
264	448	765	  1	
266	184	765	  1	
266	408	765	  1	
267	136	765	  1	
268	162	765	  1	
269	 24	765	  1	
269	350	765	  1	
269	415	765	  1	
270	 71	765	  1	
270	118	765	  1	
270	170	765	  1	
270	253	765	  1	
271	143	765	  1	
271	175	765	  1	
271	272	765	  1	
271	303	765	  1	
272	 41	765	  1	
272	112	765	  1	
272	179	765	  1	
272	200	765	  1	
272	207	765	  1	
272	214	765	  1	
272	224	765	  1	
272	235	765	  1	
272	248	765	  1	
272	259	765	  1	
272	264	765	  1	
272	373	765	  1	
272	381	765	  1	
272	397	765	  1	
272	403	765	  1	
272	472	765	  1	
272	495	765	  1	
272	518	765	  1	
272	552	765	  1	
272	592	765	  1	
274	254	765	  1	
274	268	765	  1	
274	392	765	  1	
276	 47	765	  1	
276	155	765	  1	
277	 32	765	  1	
277	211	765	  1	
277	287	765	  1	
277	415	765	  1	
277	443	765	  1	
278	  2	765	  1	
278	248	765	  1	
278	397	765	  1	
278	479	765	  1	
278	536	765	  1	
279	 16	765	  1	
279	115	765	  1	
279	256	765	  1	
279	263	765	  1	
279	552	765	  1	
280	 30	765	  1	
280	 45	765	  1	
280	 56	765	  1	
280	141	765	  1	
280	174	765	  1	
280	360	765	  1	
280	367	765	  1	
280	400	765	  1	
280	455	765	  1	
281	 48	765	  1	
282	162	765	  1	
282	493	765	  1	
283	112	765	  1	
283	222	765	  1	
283	309	765	  1	
283	391	765	  1	
283	408	765	  1	
283	448	765	  1	
283	550	765	  1	
284	200	765	  1	
284	504	765	  1	
285	  0	765	  1	
285	171	765	  1	
285	255	765	  1	
285	488	765	  1	
285	503	765	  1	
286	 27	765	  1	
286	135	765	  1	
286	175	765	  1	
286	511	765	  1	
286	530	765	  1	
287	 94	765	  1	
287	119	765	  1	
287	363	765	  1	
287	384	765	  1	
287	414	765	  1	
287	455	765	  1	
288	 35	765	  1	
288	 75	765	  1	
288	 88	765	  1	
288	176	765	  1	
288	182	765	  1	
288	187	765	  1	
288	192	765	  1	
288	231	765	  1	
288	295	765	  1	
288	425	765	  1	
288	528	765	  1	
288	535	765	  1	
288	539	765	  1	
290	124	765	  1	
290	390	765	  1	
290	431	765	  1	
291	  8	765	  1	
291	216	765	  1	
291	327	765	  1	
291	376	765	  1	
292	207	765	  1	
292	556	765	  1	
293	  0	765	  1	
293	 39	765	  1	
293	 96	765	  1	
293	156	765	  1	
293	176	765	  1	
293	183	765	  1	
293	200	765	  1	
293	315	765	  1	
293	342	765	  1	
294	 88	765	  1	
294	135	765	  1	
294	384	765	  1	
294	426	765	  1	
294	531	765	  1	
295	120	765	  1	
295	195	765	  1	
295	499	765	  1	
295	536	765	  1	
295	543	765	  1	
295	551	765	  1	
296	 11	765	  1	
296	 42	765	  1	
296	 64	765	  1	
296	 77	765	  1	
296	 94	765	  1	
296	119	765	  1	
296	144	765	  1	
296	160	765	  1	
296	171	765	  1	
297	579	765	  1	
298	200	765	  1	
298	296	765	  1	
299	113	765	  1	
299	128	765	  1	
299	328	765	  1	
299	488	765	  1	
301	 91	765	  1	
301	135	765	  1	
301	166	765	  1	
302	 87	765	  1	
302	494	765	  1	
303	 24	765	  1	
303	144	765	  1	
303	288	765	  1	
303	295	765	  1	
303	322	765	  1	
303	465	765	  1	
304	 27	765	  1	
304	 48	765	  1	
304	104	765	  1	
304	152	765	  1	
304	159	765	  1	
304	176	765	  1	
304	183	765	  1	
304	328	765	  1	
304	342	765	  1	
304	424	765	  1	
304	431	765	  1	
304	520	765	  1	
304	527	765	  1	
304	543	765	  1	
304	589	765	  1	
306	384	765	  1	
307	208	765	  1	
307	395	765	  1	
308	336	765	  1	
309	 16	765	  1	
309	 54	765	  1	
309	192	765	  1	
309	295	765	  1	
310	  8	765	  1	
310	312	765	  1	
310	330	765	  1	
310	335	765	  1	
310	365	765	  1	
310	419	765	  1	
311	 31	765	  1	
311	214	765	  1	
311	257	765	  1	
311	427	765	  1	
311	523	765	  1	
312	 18	765	  1	
312	 79	765	  1	
312	 99	765	  1	
312	167	765	  1	
312	208	765	  1	
312	280	765	  1	
312	296	765	  1	
312	395	765	  1	
312	407	765	  1	
313	 59	765	  1	
313	 84	765	  1	
313	144	765	  1	
315	400	765	  1	
317	 23	765	  1	
317	 76	765	  1	
317	216	765	  1	
317	272	765	  1	
317	399	765	  1	
318	192	765	  1	
318	211	765	  1	
318	261	765	  1	
318	599	765	  1	
319	 48	765	  1	
319	 87	765	  1	
319	108	765	  1	
319	407	765	  1	
320	 84	765	  1	
320	 95	765	  1	
320	120	765	  1	
320	126	765	  1	
320	131	765	  1	
320	172	765	  1	
320	179	765	  1	
320	198	765	  1	
320	206	765	  1	
320	213	765	  1	
320	264	765	  1	
320	344	765	  1	
320	408	765	  1	
320	426	765	  1	
322	 29	765	  1	
323	376	765	  1	
323	546	765	  1	
324	205	765	  1	
324	368	765	  1	
324	486	765	  1	
325	 87	765	  1	
325	200	765	  1	
325	384	765	  1	
326	 24	765	  1	
326	 95	765	  1	
326	365	765	  1	
326	375	765	  1	
327	 80	765	  1	
327	344	765	  1	
327	448	765	  1	
328	 15	765	  1	
328	 18	765	  1	
328	 23	765	  1	
328	 43	765	  1	
328	 61	765	  1	
328	 83	765	  1	
328	112	765	  1	
328	141	765	  1	
328	151	765	  1	
328	174	765	  1	
328	200	765	  1	
328	206	765	  1	
328	256	765	  1	
328	262	765	  1	
328	285	765	  1	
328	339	765	  1	
328	392	765	  1	
328	408	765	  1	
328	462	765	  1	
331	  9	765	  1	
331	423	765	  1	
333	 87	765	  1	
333	166	765	  1	
333	184	765	  1	
333	259	765	  1	
333	280	765	  1	
333	412	765	  1	
334	112	765	  1	
335	 40	765	  1	
335	 47	765	  1	
335	392	765	  1	
335	462	765	  1	
336	  6	765	  1	
336	 32	765	  1	
336	 37	765	  1	
336	 48	765	  1	
336	176	765	  1	
336	192	765	  1	
336	231	765	  1	
336	408	765	  1	
336	424	765	  1	
337	558	765	  1	
338	368	765	  1	
339	 72	765	  1	
339	128	765	  1	
339	422	765	  1	
340	 56	765	  1	
341	 16	765	  1	
341	155	765	  1	
341	174	765	  1	
342	 63	765	  1	
342	211	765	  1	
343	192	765	  1	
343	372	765	  1	
344	 42	765	  1	
344	 47	765	  1	
344	 67	765	  1	
344	104	765	  1	
344	140	765	  1	
344	190	765	  1	
344	256	765	  1	
344	264	765	  1	
344	274	765	  1	
344	279	765	  1	
344	344	765	  1	
344	425	765	  1	
346	160	765	  1	
346	184	765	  1	
347	263	765	  1	
347	351	765	  1	
347	448	765	  1	
347	471	765	  1	
348	271	765	  1	
348	431	765	  1	
350	176	765	  1	
350	336	765	  1	
351	 40	765	  1	
351	 64	765	  1	
351	136	765	  1	
351	256	765	  1	
351	264	765	  1	
351	344	765	  1	
351	519	765	  1	
352	 80	765	  1	
352	 94	765	  1	
352	149	765	  1	
352	160	765	  1	
352	192	765	  1	
352	202	765	  1	
352	207	765	  1	
352	219	765	  1	
352	240	765	  1	
352	247	765	  1	
352	280	765	  1	
352	287	765	  1	
352	376	765	  1	
352	383	765	  1	
352	421	765	  1	
355	136	765	  1	
357	144	765	  1	
357	320	765	  1	
358	 39	765	  1	
358	223	765	  1	
359	 30	765	  1	
359	256	765	  1	
359	315	765	  1	
359	360	765	  1	
359	367	765	  1	
359	376	765	  1	
359	519	765	  1	
359	576	765	  1	
360	  8	765	  1	
360	 19	765	  1	
360	 45	765	  1	
360	 77	765	  1	
360	 82	765	  1	
360	104	765	  1	
360	125	765	  1	
360	328	765	  1	
360	439	765	  1	
360	467	765	  1	
362	 72	765	  1	
362	319	765	  1	
363	 24	765	  1	
363	 95	765	  1	
363	432	765	  1	
365	 39	765	  1	
365	 80	765	  1	
365	 87	765	  1	
365	256	765	  1	
366	331	765	  1	
367	 31	765	  1	
367	216	765	  1	
367	439	765	  1	
368	  5	765	  1	
368	 48	765	  1	
368	 69	765	  1	
368	111	765	  1	
368	137	765	  1	
368	207	765	  1	
368	232	765	  1	
368	239	765	  1	
368	325	765	  1	
368	384	765	  1	
368	454	765	  1	
370	 55	765	  1	
370	 80	765	  1	
370	448	765	  1	
371	146	765	  1	
371	167	765	  1	
371	200	765	  1	
371	286	765	  1	
371	391	765	  1	
372	104	765	  1	
373	128	765	  1	
373	454	765	  1	
374	 48	765	  1	
374	 86	765	  1	
374	102	765	  1	
374	119	765	  1	
374	148	765	  1	
375	160	765	  1	
375	207	765	  1	
375	384	765	  1	
375	448	765	  1	
376	 10	765	  1	
376	 24	765	  1	
376	 45	765	  1	
376	 79	765	  1	
376	146	765	  1	
376	224	765	  1	
376	231	765	  1	
376	240	765	  1	
376	247	765	  1	
376	302	765	  1	
376	386	765	  1	
376	394	765	  1	
376	544	765	  1	
378	 96	765	  1	
379	187	765	  1	
379	255	765	  1	
379	272	765	  1	
380	  2	765	  1	
380	112	765	  1	
380	243	765	  1	
381	 40	765	  1	
381	 56	765	  1	
381	392	765	  1	
382	102	765	  1	
382	118	765	  1	
382	331	765	  1	
383	227	765	  1	
383	248	765	  1	
383	397	765	  1	
384	 23	765	  1	
384	 37	765	  1	
384	221	765	  1	
384	253	765	  1	
384	280	765	  1	
384	383	765	  1	
384	395	765	  1	
384	456	765	  1	
386	 32	765	  1	
386	 99	765	  1	
387	 72	765	  1	
387	 88	765	  1	
387	127	765	  1	
387	216	765	  1	
387	231	765	  1	
388	136	765	  1	
389	139	765	  1	
390	 38	765	  1	
390	 59	765	  1	
390	191	765	  1	
391	 48	765	  1	
391	224	765	  1	
391	280	765	  1	
391	320	765	  1	
392	  1	765	  1	
392	 24	765	  1	
392	 45	765	  1	
392	 72	765	  1	
392	215	765	  1	
392	288	765	  1	
393	110	765	  1	
394	237	765	  1	
395	 88	765	  1	
395	191	765	  1	
395	208	765	  1	
395	327	765	  1	
396	288	765	  1	
396	384	765	  1	
396	500	765	  1	
397	175	765	  1	
397	271	765	  1	
398	 34	765	  1	
399	 80	765	  1	
399	215	765	  1	
399	320	765	  1	
399	400	765	  1	
400	 39	765	  1	
400	 56	765	  1	
400	 78	765	  1	
400	 90	765	  1	
400	224	765	  1	
400	446	765	  1	
402	346	765	  1	
403	 72	765	  1	
403	184	765	  1	
403	191	765	  1	
403	231	765	  1	
403	272	765	  1	
403	400	765	  1	
404	142	765	  1	
405	 24	765	  1	
405	 32	765	  1	
405	 35	765	  1	
406	168	765	  1	
407	415	765	  1	
407	446	765	  1	
407	528	765	  1	
407	535	765	  1	
408	 64	765	  1	
408	 68	765	  1	
408	 99	765	  1	
408	115	765	  1	
408	256	765	  1	
408	264	765	  1	
408	271	765	  1	
408	389	765	  1	
408	453	765	  1	
409	429	765	  1	
411	 32	765	  1	
411	168	765	  1	
411	184	765	  1	
412	195	765	  1	
413	128	765	  1	
413	331	765	  1	
414	102	765	  1	
414	160	765	  1	
414	174	765	  1	
415	255	765	  1	
415	267	765	  1	
415	352	765	  1	
416	  3	765	  1	
416	 98	765	  1	
416	136	765	  1	
416	143	765	  1	
416	176	765	  1	
416	183	765	  1	
416	240	765	  1	
416	304	765	  1	
417	 49	765	  1	
418	 70	765	  1	
419	 32	765	  1	
419	104	765	  1	
419	168	765	  1	
420	112	765	  1	
421	311	765	  1	
421	411	765	  1	
421	427	765	  1	
422	508	765	  1	
423	103	765	  1	
423	111	765	  1	
423	139	765	  1	
423	160	765	  1	
423	179	765	  1	
424	 35	765	  1	
424	 77	765	  1	
424	 82	765	  1	
424	120	765	  1	
424	159	765	  1	
424	213	765	  1	
424	274	765	  1	
424	488	765	  1	
425	253	765	  1	
429	 30	765	  1	
429	 87	765	  1	
429	103	765	  1	
429	112	765	  1	
431	272	765	  1	
431	567	765	  1	
432	 14	765	  1	
432	 26	765	  1	
432	 88	765	  1	
432	100	765	  1	
432	127	765	  1	
432	208	765	  1	
432	330	765	  1	
434	264	765	  1	
435	216	765	  1	
435	317	765	  1	
437	 98	765	  1	
437	103	765	  1	
437	124	765	  1	
437	155	765	  1	
437	287	765	  1	
438	 64	765	  1	
439	197	765	  1	
439	368	765	  1	
439	486	765	  1	
440	  0	765	  1	
440	  5	765	  1	
440	 48	765	  1	
440	112	765	  1	
440	144	765	  1	
440	262	765	  1	
440	277	765	  1	
440	288	765	  1	
440	376	765	  1	
442	256	765	  1	
442	293	765	  1	
443	383	765	  1	
444	 36	765	  1	
444	 71	765	  1	
445	 16	765	  1	
445	 51	765	  1	
445	 80	765	  1	
445	272	765	  1	
446	  2	765	  1	
446	  7	765	  1	
446	 65	765	  1	
446	135	765	  1	
446	263	765	  1	
447	122	765	  1	
447	232	765	  1	
447	363	765	  1	
447	376	765	  1	
448	 13	765	  1	
448	 40	765	  1	
448	 59	765	  1	
448	104	765	  1	
448	136	765	  1	
448	168	765	  1	
448	175	765	  1	
448	202	765	  1	
448	215	765	  1	
448	248	765	  1	
448	269	765	  1	
448	307	765	  1	
448	312	765	  1	
449	176	765	  1	
450	  8	765	  1	
450	109	765	  1	
451	 88	765	  1	
451	 95	765	  1	
451	319	765	  1	
452	123	765	  1	
452	132	765	  1	
452	233	765	  1	
452	294	765	  1	
453	200	765	  1	
453	222	765	  1	
453	282	765	  1	
454	 14	765	  1	
454	288	765	  1	
455	104	765	  1	
455	136	765	  1	
455	171	765	  1	
455	304	765	  1	
455	311	765	  1	
456	  3	765	  1	
456	 24	765	  1	
456	 61	765	  1	
456	 85	765	  1	
456	 99	765	  1	
456	113	765	  1	
456	154	765	  1	
456	195	765	  1	
456	212	765	  1	
456	224	765	  1	
456	256	765	  1	
456	296	765	  1	
456	303	765	  1	
458	 31	765	  1	
458	110	765	  1	
458	336	765	  1	
459	149	765	  1	
459	237	765	  1	
459	335	765	  1	
459	360	765	  1	
461	128	765	  1	
462	 80	765	  1	
463	192	765	  1	
463	199	765	  1	
463	215	765	  1	
463	299	765	  1	
464	  2	765	  1	
464	 24	765	  1	
464	135	765	  1	
464	141	765	  1	
464	272	765	  1	
464	432	765	  1	
467	128	765	  1	
467	144	765	  1	
467	208	765	  1	
467	230	765	  1	
469	  7	765	  1	
469	 15	765	  1	
469	136	765	  1	
471	272	765	  1	
472	 11	765	  1	
472	 40	765	  1	
472	 44	765	  1	
472	 83	765	  1	
472	 88	765	  1	
472	216	765	  1	
472	223	765	  1	
472	236	765	  1	
472	248	765	  1	
472	256	765	  1	
472	266	765	  1	
472	270	765	  1	
472	285	765	  1	
472	307	765	  1	
472	335	765	  1	
472	344	765	  1	
475	252	765	  1	
475	328	765	  1	
475	367	765	  1	
477	 54	765	  1	
477	257	765	  1	
478	 64	765	  1	
478	 84	765	  1	
478	 92	765	  1	
478	171	765	  1	
478	286	765	  1	
478	334	765	  1	
478	540	765	  1	
479	216	765	  1	
479	223	765	  1	
479	304	765	  1	
479	311	765	  1	
480	  5	765	  1	
480	 37	765	  1	
480	 96	765	  1	
480	146	765	  1	
480	203	765	  1	
480	224	765	  1	
480	232	765	  1	
480	248	765	  1	
480	253	765	  1	
480	283	765	  1	
480	317	765	  1	
480	328	765	  1	
480	360	765	  1	
483	 71	765	  1	
484	255	765	  1	
485	  0	765	  1	
485	 47	765	  1	
485	102	765	  1	
485	230	765	  1	
485	261	765	  1	
486	208	765	  1	
486	214	765	  1	
487	 64	765	  1	
487	128	765	  1	
487	250	765	  1	
487	307	765	  1	
487	331	765	  1	
488	  6	765	  1	
488	 29	765	  1	
488	 56	765	  1	
488	 62	765	  1	
488	 78	765	  1	
488	 93	765	  1	
488	112	765	  1	
488	151	765	  1	
488	228	765	  1	
488	266	765	  1	
488	291	765	  1	
488	320	765	  1	
488	336	765	  1	
488	343	765	  1	
488	432	765	  1	
488	440	765	  1	
489	145	765	  1	
489	280	765	  1	
490	  0	765	  1	
490	 65	765	  1	
490	275	765	  1	
492	 38	765	  1	
492	 79	765	  1	
493	 59	765	  1	
493	151	765	  1	
493	211	765	  1	
493	237	765	  1	
493	264	765	  1	
493	271	765	  1	
494	  6	765	  1	
494	 32	765	  1	
495	 68	765	  1	
496	  3	765	  1	
496	 18	765	  1	
496	 77	765	  1	
496	107	765	  1	
496	133	765	  1	
496	248	765	  1	
496	303	765	  1	
496	383	765	  1	
497	  0	765	  1	
497	 82	765	  1	
499	128	765	  1	
499	253	765	  1	
500	  6	765	  1	
500	230	765	  1	
501	 27	765	  1	
501	 64	765	  1	
501	144	765	  1	
501	149	765	  1	
501	318	765	  1	
502	 83	765	  1	
503	224	765	  1	
504	 32	765	  1	
504	 45	765	  1	
504	 75	765	  1	
504	112	765	  1	
504	127	765	  1	
504	129	765	  1	
504	143	765	  1	
504	178	765	  1	
504	183	765	  1	
504	192	765	  1	
504	199	765	  1	
504	232	765	  1	
504	239	765	  1	
504	251	765	  1	
504	272	765	  1	
504	290	765	  1	
504	326	765	  1	
504	359	765	  1	
506	296	765	  1	
506	303	765	  1	
506	352	765	  1	
507	120	765	  1	
507	136	765	  1	
507	207	765	  1	
507	264	765	  1	
510	 86	765	  1	
511	  7	765	  1	
511	127	765	  1	
511	143	765	  1	
511	195	765	  1	
511	200	765	  1	
511	272	765	  1	
511	352	765	  1	
512	 37	765	  1	
512	 48	765	  1	
512	 54	765	  1	
512	 88	765	  1	
512	102	765	  1	
512	110	765	  1	
512	133	765	  1	
512	146	765	  1	
512	151	765	  1	
512	208	765	  1	
512	240	765	  1	
512	247	765	  1	
512	253	765	  1	
512	257	765	  1	
512	264	765	  1	
512	419	765	  1	
513	 70	765	  1	
515	120	765	  1	
515	336	765	  1	
515	343	765	  1	
515	359	765	  1	
516	327	765	  1	
517	 51	765	  1	
517	 62	765	  1	
517	107	765	  1	
517	135	765	  1	
518	144	765	  1	
518	149	765	  1	
518	321	765	  1	
519	 72	765	  1	
519	 99	765	  1	
519	208	765	  1	
519	367	765	  1	
519	399	765	  1	
520	 13	765	  1	
520	 35	765	  1	
520	117	765	  1	
520	181	765	  1	
520	191	765	  1	
520	296	765	  1	
520	327	765	  1	
520	336	765	  1	
521	 96	765	  1	
522	301	765	  1	
523	135	765	  1	
523	152	765	  1	
523	227	765	  1	
524	  8	765	  1	
525	 48	765	  1	
525	112	765	  1	
525	168	765	  1	
527	 32	765	  1	
527	 39	765	  1	
527	 88	765	  1	
527	323	765	  1	
528	101	765	  1	
528	111	765	  1	
528	136	765	  1	
528	160	765	  1	
528	165	765	  1	
528	179	765	  1	
528	245	765	  1	
528	256	765	  1	
528	264	765	  1	
528	328	765	  1	
529	 96	765	  1	
529	271	765	  1	
530	195	765	  1	
531	280	765	  1	
531	287	765	  1	
531	312	765	  1	
531	319	765	  1	
532	108	765	  1	
532	120	765	  1	
532	151	765	  1	
533	288	765	  1	
533	384	765	  1	
534	144	765	  1	
535	264	765	  1	
536	  0	765	  1	
536	 31	765	  1	
536	104	765	  1	
536	152	765	  1	
536	170	765	  1	
536	176	765	  1	
536	184	765	  1	
536	242	765	  1	
536	256	765	  1	
536	263	765	  1	
536	304	765	  1	
536	397	765	  1	
537	147	765	  1	
538	293	765	  1	
539	157	765	  1	
539	255	765	  1	
539	366	765	  1	
541	 80	765	  1	
541	168	765	  1	
541	272	765	  1	
542	127	765	  1	
542	242	765	  1	
542	392	765	  1	
543	 24	765	  1	
543	247	765	  1	
543	259	765	  1	
543	288	765	  1	
544	  8	765	  1	
544	 40	765	  1	
544	 93	765	  1	
544	136	765	  1	
544	234	765	  1	
544	294	765	  1	
544	371	765	  1	
544	376	765	  1	
544	383	765	  1	
544	400	765	  1	
544	408	765	  1	
545	 47	765	  1	
545	112	765	  1	
545	254	765	  1	
546	406	765	  1	
547	 87	765	  1	
547	128	765	  1	
547	391	765	  1	
547	431	765	  1	
548	119	765	  1	
549	158	765	  1	
549	320	765	  1	
549	400	765	  1	
550	 80	765	  1	
550	208	765	  1	
551	 14	765	  1	
551	112	765	  1	
551	192	765	  1	
551	232	765	  1	
551	239	765	  1	
551	339	765	  1	
551	368	765	  1	
551	375	765	  1	
551	384	765	  1	
551	406	765	  1	
551	415	765	  1	
552	 72	765	  1	
552	 79	765	  1	
552	 96	765	  1	
552	133	765	  1	
552	141	765	  1	
552	243	765	  1	
552	290	765	  1	
552	336	765	  1	
552	390	765	  1	
552	417	765	  1	
552	520	765	  1	
553	152	765	  1	
553	184	765	  1	
553	274	765	  1	
553	302	765	  1	
554	104	765	  1	
554	127	765	  1	
555	168	765	  1	
555	200	765	  1	
555	232	765	  1	
555	279	765	  1	
556	336	765	  1	
557	  0	765	  1	
558	223	765	  1	
558	320	765	  1	
558	418	765	  1	
559	 72	765	  1	
559	 79	765	  1	
559	 96	765	  1	
559	240	765	  1	
559	247	765	  1	
559	288	765	  1	
559	296	765	  1	
559	390	765	  1	
560	187	765	  1	
560	224	765	  1	
560	277	765	  1	
560	281	765	  1	
560	309	765	  1	
560	328	765	  1	
560	440	765	  1	
562	335	765	  1	
562	367	765	  1	
562	448	765	  1	
563	 32	765	  1	
563	256	765	  1	
565	120	765	  1	
565	166	765	  1	
567	184	765	  1	
567	191	765	  1	
567	285	765	  1	
568	  8	765	  1	
568	 56	765	  1	
568	 84	765	  1	
568	101	765	  1	
568	140	765	  1	
568	245	765	  1	
568	347	765	  1	
568	352	765	  1	
568	376	765	  1	
568	413	765	  1	
569	191	765	  1	
571	 93	765	  1	
571	128	765	  1	
571	224	765	  1	
571	341	765	  1	
572	151	765	  1	
573	232	765	  1	
573	283	765	  1	
574	120	765	  1	
574	184	765	  1	
574	408	765	  1	
575	  8	765	  1	
575	450	765	  1	
575	487	765	  1	
576	112	765	  1	
576	119	765	  1	
576	136	765	  1	
576	152	765	  1	
576	261	765	  1	
576	328	765	  1	
576	335	765	  1	
576	365	765	  1	
577	307	765	  1	
577	352	765	  1	
578	144	765	  1	
579	224	765	  1	
579	357	765	  1	
581	158	765	  1	
583	184	765	  1	
583	348	765	  1	
583	451	765	  1	
584	  5	765	  1	
584	 27	765	  1	
584	 70	765	  1	
584	 77	765	  1	
584	 96	765	  1	
584	129	765	  1	
584	200	765	  1	
584	206	765	  1	
584	226	765	  1	
584	251	765	  1	
584	267	765	  1	
584	272	765	  1	
584	363	765	  1	
584	479	765	  1	
584	496	765	  1	
585	178	765	  1	
587	 64	765	  1	
587	183	765	  1	
587	310	765	  1	
588	135	765	  1	
590	348	765	  1	
591	 74	765	  1	
591	 79	765	  1	
591	102	765	  1	
591	203	765	  1	
592	  3	765	  1	
592	 71	765	  1	
592	192	765	  1	
592	206	765	  1	
592	226	765	  1	
592	231	765	  1	
592	252	765	  1	
592	272	765	  1	
592	276	765	  1	
592	289	765	  1	
592	313	765	  1	
592	595	765	  1	
594	248	765	  1	
595	199	765	  1	
596	261	765	  1	
596	288	765	  1	
597	229	765	  1	
597	304	765	  1	
598	 71	765	  1	
598	295	765	  1	
599	  0	765	  1	
599	  7	765	  1	
599	192	765	  1	
599	279	765	  1	
600	 88	765	  1	
600	128	765	  1	
600	176	765	  1	
600	183	765	  1	
600	296	765	  1	
600	311	765	  1	
602	552	765	  1	
603	142	765	  1	
603	199	765	  1	
605	  0	765	  1	
605	135	765	  1	
605	256	765	  1	
606	 91	765	  1	
606	272	765	  1	
606	333	765	  1	
608	157	765	  1	
608	240	765	  1	
608	248	765	  1	
610	191	765	  1	
611	247	765	  1	
615	240	765	  1	
616	 80	765	  1	
616	131	765	  1	
616	248	765	  1	
618	259	765	  1	
621	334	765	  1	
622	130	765	  1	
623	263	765	  1	
624	184	765	  1	
624	224	765	  1	
624	271	765	  1	
624	288	765	  1	
627	191	765	  1	
627	243	765	  1	
628	250	765	  1	
629	240	765	  1	
629	266	765	  1	
630	168	765	  1	
630	175	765	  1	
630	507	765	  1	
631	184	765	  1	
632	 16	765	  1	
632	208	765	  1	
632	307	765	  1	
634	 79	765	  1	
635	200	765	  1	
635	279	765	  1	
637	 72	765	  1	
639	 64	765	  1	
639	255	765	  1	
639	272	765	  1	
640	 48	765	  1	
640	133	765	  1	
640	271	765	  1	
647	 48	765	  1	
647	352	765	  1	
648	 97	765	  1	
649	103	765	  1	
649	350	765	  1	
651	 89	765	  1	
651	197	765	  1	
652	509	765	  1	
653	 79	765	  1	
655	 97	765	  1	
655	128	765	  1	
655	135	765	  1	
656	144	765	  1	
658	562	765	  1	
659	126	765	  1	
663	120	765	  1	
663	384	765	  1	
664	 87	765	  1	
664	334	765	  1	
671	 87	765	  1	
672	407	765	  1	
675	 69	765	  1	
675	229	765	  1	
677	125	765	  1	
679	304	765	  1	
680	371	765	  1	
684	556	765	  1	
688	415	765	  1	
696	290	765	  1	
703	417	765	  1	
719	252	765	  1	
747	 51	765	  1	
760	383	765	  1	
