# 
#  Image file: Goad2_T0022.jpg
#  Applied threshold: 575
#  Algorithm used: fill2                 
#  Particle count: 1916
#  Location (x,y), max luminance, and mass:
# 
  7	256	765	  1	
  7	448	765	  1	
 12	143	765	  1	
 14	109	765	  1	
 14	384	765	  1	
 15	322	765	  1	
 15	340	765	  1	
 16	319	765	  1	
 17	183	765	  1	
 19	312	765	  1	
 20	168	765	  1	
 21	290	765	  1	
 21	555	765	  1	
 22	489	765	  1	
 23	211	765	  1	
 23	319	765	  1	
 23	487	765	  1	
 26	492	765	  1	
 30	119	765	  1	
 31	498	765	  1	
 32	166	765	  1	
 39	 99	765	  1	
 39	296	765	  1	
 40	531	765	  1	
 42	173	765	  1	
 42	302	765	  1	
 53	279	765	  1	
 56	101	765	  1	
 56	106	765	  1	
 56	239	765	  1	
 63	239	765	  1	
 63	256	765	  1	
 63	383	765	  1	
 64	 83	765	  1	
 64	231	765	  1	
 65	103	765	  1	
 70	279	765	  1	
 70	295	765	  1	
 71	 83	765	  1	
 71	103	765	  1	
 71	263	765	  1	
 72	 64	765	  1	
 77	257	765	  1	
 77	261	765	  1	
 80	227	765	  1	
 80	255	765	  1	
 80	275	765	  1	
 82	247	765	  1	
 83	 87	765	  1	
 83	162	765	  1	
 85	149	765	  1	
 85	205	765	  1	
 87	224	765	  1	
 87	231	765	  1	
 87	255	765	  1	
 87	536	765	  1	
 88	264	765	  1	
 88	296	765	  1	
 88	303	765	  1	
 88	351	765	  1	
 95	299	765	  1	
 95	376	765	  1	
 96	168	765	  1	
 99	314	765	  1	
102	243	765	  1	
103	167	765	  1	
104	128	765	  1	
104	135	765	  1	
104	320	765	  1	
106	223	765	  1	
106	252	765	  1	
107	327	765	  1	
109	202	765	  1	
109	207	765	  1	
109	419	765	  1	
111	131	765	  1	
111	248	765	  1	
111	487	765	  1	
112	221	765	  1	
112	295	765	  1	
112	299	765	  1	
112	331	765	  1	
112	532	765	  1	
115	203	765	  1	
115	569	765	  1	
118	335	765	  1	
119	 39	765	  1	
119	103	765	  1	
119	416	765	  1	
120	 70	765	  1	
120	115	765	  1	
120	122	765	  1	
120	312	765	  1	
121	286	765	  1	
122	336	765	  1	
123	323	765	  1	
124	266	765	  1	
125	 20	765	  1	
126	 96	765	  1	
126	103	765	  1	
127	136	765	  1	
127	534	765	  1	
128	105	765	  1	
128	168	765	  1	
128	175	765	  1	
128	367	765	  1	
130	151	765	  1	
130	304	765	  1	
131	282	765	  1	
133	327	765	  1	
135	 99	765	  1	
135	171	765	  1	
135	290	765	  1	
136	 96	765	  1	
136	111	765	  1	
136	152	765	  1	
136	303	765	  1	
136	352	765	  1	
136	375	765	  1	
136	384	765	  1	
136	396	765	  1	
138	266	765	  1	
141	119	765	  1	
141	224	765	  1	
141	231	765	  1	
142	  4	765	  1	
142	138	765	  1	
142	298	765	  1	
143	  0	765	  1	
143	152	765	  1	
143	363	765	  1	
143	563	765	  1	
144	 80	765	  1	
144	176	765	  1	
144	226	765	  1	
144	240	765	  1	
144	277	765	  1	
144	339	765	  1	
144	432	765	  1	
147	 87	765	  1	
147	103	765	  1	
147	183	765	  1	
147	384	765	  1	
149	123	765	  1	
149	216	765	  1	
150	383	765	  1	
151	 80	765	  1	
151	176	765	  1	
151	367	765	  1	
151	399	765	  1	
152	 47	765	  1	
152	128	765	  1	
152	134	765	  1	
152	146	765	  1	
152	160	765	  1	
152	184	765	  1	
152	321	765	  1	
152	392	765	  1	
154	120	765	  1	
154	199	765	  1	
155	339	765	  1	
156	 88	765	  1	
156	567	765	  1	
157	131	765	  1	
157	144	765	  1	
157	151	765	  1	
157	524	765	  1	
159	 95	765	  1	
160	 86	765	  1	
160	101	765	  1	
160	136	765	  1	
160	270	765	  1	
160	310	765	  1	
160	416	765	  1	
160	424	765	  1	
163	 26	765	  1	
163	264	765	  1	
164	 72	765	  1	
164	394	765	  1	
165	112	765	  1	
165	119	765	  1	
166	  8	765	  1	
167	 86	765	  1	
167	526	765	  1	
168	 32	765	  1	
168	 90	765	  1	
168	123	765	  1	
168	157	765	  1	
168	166	765	  1	
170	102	765	  1	
170	152	765	  1	
172	 95	765	  1	
173	228	765	  1	
174	236	765	  1	
175	120	765	  1	
175	127	765	  1	
175	157	765	  1	
175	192	765	  1	
176	 27	765	  1	
176	 87	765	  1	
176	104	765	  1	
176	139	765	  1	
176	150	765	  1	
176	167	765	  1	
176	183	765	  1	
176	288	765	  1	
176	336	765	  1	
178	 88	765	  1	
178	199	765	  1	
178	345	765	  1	
178	391	765	  1	
179	 16	765	  1	
179	 80	765	  1	
179	176	765	  1	
179	187	765	  1	
179	232	765	  1	
179	343	765	  1	
181	223	765	  1	
182	106	765	  1	
183	183	765	  1	
183	190	765	  1	
183	320	765	  1	
183	336	765	  1	
183	451	765	  1	
184	  0	765	  1	
184	125	765	  1	
184	133	765	  1	
184	138	765	  1	
184	143	765	  1	
184	226	765	  1	
184	504	765	  1	
185	 86	765	  1	
186	  6	765	  1	
187	 16	765	  1	
187	 72	765	  1	
187	184	765	  1	
187	327	765	  1	
189	111	765	  1	
189	160	765	  1	
190	  0	765	  1	
190	192	765	  1	
191	 99	765	  1	
191	304	765	  1	
191	320	765	  1	
192	120	765	  1	
192	157	765	  1	
192	229	765	  1	
192	239	765	  1	
192	256	765	  1	
192	342	765	  1	
192	450	765	  1	
194	152	765	  1	
194	261	765	  1	
195	 79	765	  1	
195	126	765	  1	
195	168	765	  1	
195	280	765	  1	
200	 38	765	  1	
200	104	765	  1	
200	108	765	  1	
200	117	765	  1	
200	153	765	  1	
200	168	765	  1	
200	175	765	  1	
200	192	765	  1	
201	167	765	  1	
202	 72	765	  1	
202	198	765	  1	
203	176	765	  1	
204	159	765	  1	
204	171	765	  1	
204	255	765	  1	
205	126	765	  1	
205	302	765	  1	
206	 43	765	  1	
206	192	765	  1	
207	160	765	  1	
207	503	765	  1	
208	 63	765	  1	
208	 85	765	  1	
208	 96	765	  1	
208	128	765	  1	
208	135	765	  1	
208	144	765	  1	
208	164	765	  1	
208	232	765	  1	
208	239	765	  1	
208	277	765	  1	
208	312	765	  1	
208	319	765	  1	
208	321	765	  1	
208	332	765	  1	
208	396	765	  1	
208	480	765	  1	
210	 56	765	  1	
211	151	765	  1	
212	131	765	  1	
212	353	765	  1	
213	117	765	  1	
214	 88	765	  1	
214	281	765	  1	
215	 96	765	  1	
215	144	765	  1	
215	315	765	  1	
215	335	765	  1	
216	 23	765	  1	
216	 64	765	  1	
216	154	765	  1	
216	184	765	  1	
216	216	765	  1	
216	252	765	  1	
216	287	765	  1	
216	343	765	  1	
216	424	765	  1	
216	503	765	  1	
217	144	765	  1	
218	429	765	  1	
219	 16	765	  1	
219	 83	765	  1	
219	128	765	  1	
219	160	765	  1	
219	176	765	  1	
219	280	765	  1	
219	336	765	  1	
219	416	765	  1	
220	 94	765	  1	
220	159	765	  1	
221	104	765	  1	
221	111	765	  1	
221	136	765	  1	
221	152	765	  1	
221	165	765	  1	
221	239	765	  1	
221	288	765	  1	
221	344	765	  1	
222	472	765	  1	
223	 23	765	  1	
223	248	765	  1	
223	303	765	  1	
223	389	765	  1	
224	 37	765	  1	
224	 51	765	  1	
224	 56	765	  1	
224	 61	765	  1	
224	 95	765	  1	
224	118	765	  1	
224	176	765	  1	
224	192	765	  1	
224	207	765	  1	
224	289	765	  1	
224	295	765	  1	
225	114	765	  1	
226	155	765	  1	
227	 46	765	  1	
227	 80	765	  1	
227	200	765	  1	
228	 95	765	  1	
229	 22	765	  1	
230	 84	765	  1	
230	450	765	  1	
231	 51	765	  1	
231	 90	765	  1	
231	207	765	  1	
231	408	765	  1	
232	 53	765	  1	
232	 56	765	  1	
232	 93	765	  1	
232	136	765	  1	
232	143	765	  1	
232	155	765	  1	
232	208	765	  1	
232	255	765	  1	
232	326	765	  1	
232	347	765	  1	
232	375	765	  1	
232	440	765	  1	
232	535	765	  1	
233	 61	765	  1	
234	279	765	  1	
235	  0	765	  1	
235	 48	765	  1	
235	 64	765	  1	
235	139	765	  1	
236	 43	765	  1	
237	 47	765	  1	
237	 72	765	  1	
237	125	765	  1	
237	163	765	  1	
238	367	765	  1	
238	448	765	  1	
238	455	765	  1	
239	112	765	  1	
239	136	765	  1	
239	143	765	  1	
239	326	765	  1	
240	  0	765	  1	
240	  4	765	  1	
240	 63	765	  1	
240	144	765	  1	
240	155	765	  1	
240	174	765	  1	
240	187	765	  1	
240	194	765	  1	
240	199	765	  1	
240	202	765	  1	
240	247	765	  1	
240	260	765	  1	
240	376	765	  1	
240	392	765	  1	
240	397	765	  1	
240	402	765	  1	
240	424	765	  1	
240	588	765	  1	
242	432	765	  1	
242	435	765	  1	
242	452	765	  1	
243	119	765	  1	
243	232	765	  1	
243	360	765	  1	
243	383	765	  1	
243	488	765	  1	
244	242	765	  1	
244	392	765	  1	
244	468	765	  1	
245	 23	765	  1	
245	 78	765	  1	
245	102	765	  1	
245	400	765	  1	
245	407	765	  1	
246	  8	765	  1	
246	 60	765	  1	
246	344	765	  1	
246	351	765	  1	
247	 48	765	  1	
247	 56	765	  1	
247	112	765	  1	
247	127	765	  1	
247	144	765	  1	
247	149	765	  1	
247	376	765	  1	
247	424	765	  1	
247	432	765	  1	
247	536	765	  1	
248	  0	765	  1	
248	 69	765	  1	
248	171	765	  1	
248	200	765	  1	
248	304	765	  1	
248	374	765	  1	
248	450	765	  1	
248	598	765	  1	
249	 91	765	  1	
249	130	765	  1	
250	256	765	  1	
250	477	765	  1	
251	135	765	  1	
251	183	765	  1	
251	384	765	  1	
251	399	765	  1	
252	167	765	  1	
253	 75	765	  1	
253	267	765	  1	
253	472	765	  1	
254	 15	765	  1	
254	178	765	  1	
254	372	765	  1	
254	455	765	  1	
255	256	765	  1	
255	304	765	  1	
255	535	765	  1	
255	598	765	  1	
256	  4	765	  1	
256	115	765	  1	
256	120	765	  1	
256	272	765	  1	
256	277	765	  1	
256	283	765	  1	
256	361	765	  1	
256	367	765	  1	
256	408	765	  1	
256	512	765	  1	
257	206	765	  1	
258	 15	765	  1	
258	192	765	  1	
258	404	765	  1	
258	430	765	  1	
259	 83	765	  1	
259	100	765	  1	
259	136	765	  1	
259	149	765	  1	
260	517	765	  1	
261	409	765	  1	
261	455	765	  1	
262	309	765	  1	
262	460	765	  1	
262	488	765	  1	
263	200	765	  1	
263	400	765	  1	
263	501	765	  1	
264	110	765	  1	
264	160	765	  1	
264	214	765	  1	
264	232	765	  1	
264	241	765	  1	
264	247	765	  1	
264	328	765	  1	
264	463	765	  1	
264	480	765	  1	
264	528	765	  1	
264	535	765	  1	
264	547	765	  1	
266	  2	765	  1	
266	 88	765	  1	
266	486	765	  1	
266	520	765	  1	
267	262	765	  1	
267	365	765	  1	
267	456	765	  1	
268	 11	765	  1	
268	104	765	  1	
268	208	765	  1	
268	408	765	  1	
268	464	765	  1	
269	 95	765	  1	
269	142	765	  1	
269	192	765	  1	
269	335	765	  1	
270	219	765	  1	
270	258	765	  1	
270	264	765	  1	
270	271	765	  1	
270	414	765	  1	
270	469	765	  1	
270	480	765	  1	
271	344	765	  1	
271	384	765	  1	
271	391	765	  1	
271	424	765	  1	
271	447	765	  1	
271	531	765	  1	
271	544	765	  1	
271	551	765	  1	
272	  0	765	  1	
272	  7	765	  1	
272	 16	765	  1	
272	 72	765	  1	
272	 79	765	  1	
272	179	765	  1	
272	209	765	  1	
272	236	765	  1	
272	247	765	  1	
272	256	765	  1	
272	311	765	  1	
272	313	765	  1	
272	341	765	  1	
272	400	765	  1	
272	432	765	  1	
272	475	765	  1	
272	496	765	  1	
274	192	765	  1	
275	302	765	  1	
276	 75	765	  1	
277	 80	765	  1	
277	414	765	  1	
277	464	765	  1	
277	523	765	  1	
278	198	765	  1	
278	248	765	  1	
278	316	765	  1	
279	167	765	  1	
279	239	765	  1	
279	362	765	  1	
280	 23	765	  1	
280	 92	765	  1	
280	 98	765	  1	
280	141	765	  1	
280	224	765	  1	
280	254	765	  1	
280	288	765	  1	
280	338	765	  1	
280	384	765	  1	
280	392	765	  1	
280	412	765	  1	
280	432	765	  1	
280	456	765	  1	
280	478	765	  1	
280	493	765	  1	
280	529	765	  1	
281	 10	765	  1	
282	 80	765	  1	
282	248	765	  1	
282	400	765	  1	
282	437	765	  1	
282	535	765	  1	
283	200	765	  1	
283	296	765	  1	
284	118	765	  1	
284	349	765	  1	
284	407	765	  1	
284	504	765	  1	
285	  0	765	  1	
285	 96	765	  1	
285	103	765	  1	
285	255	765	  1	
285	344	765	  1	
286	 86	765	  1	
286	391	765	  1	
286	415	765	  1	
286	511	765	  1	
286	530	765	  1	
287	 70	765	  1	
287	207	765	  1	
287	403	765	  1	
288	 88	765	  1	
288	152	765	  1	
288	178	765	  1	
288	184	765	  1	
288	212	765	  1	
288	302	765	  1	
288	312	765	  1	
288	357	765	  1	
288	370	765	  1	
288	536	765	  1	
289	 24	765	  1	
289	413	765	  1	
290	126	765	  1	
290	240	765	  1	
290	326	765	  1	
291	  7	765	  1	
291	208	765	  1	
291	496	765	  1	
291	542	765	  1	
292	408	765	  1	
293	 28	765	  1	
293	 85	765	  1	
293	 99	765	  1	
293	304	765	  1	
293	375	765	  1	
294	 39	765	  1	
294	 95	765	  1	
294	120	765	  1	
294	188	765	  1	
294	320	765	  1	
295	  0	765	  1	
295	219	765	  1	
295	251	765	  1	
295	414	765	  1	
296	  8	765	  1	
296	 79	765	  1	
296	126	765	  1	
296	144	765	  1	
296	173	765	  1	
296	192	765	  1	
296	291	765	  1	
296	307	765	  1	
296	366	765	  1	
297	296	765	  1	
298	168	765	  1	
299	 35	765	  1	
299	176	765	  1	
300	 39	765	  1	
300	288	765	  1	
301	110	765	  1	
301	196	765	  1	
301	304	765	  1	
301	336	765	  1	
301	404	765	  1	
301	472	765	  1	
302	 31	765	  1	
303	 36	765	  1	
303	 40	765	  1	
303	144	765	  1	
303	211	765	  1	
303	357	765	  1	
303	463	765	  1	
304	 16	765	  1	
304	 69	765	  1	
304	120	765	  1	
304	136	765	  1	
304	161	765	  1	
304	219	765	  1	
304	227	765	  1	
304	352	765	  1	
304	373	765	  1	
304	384	765	  1	
304	395	765	  1	
304	520	765	  1	
307	 80	765	  1	
307	251	765	  1	
307	391	765	  1	
307	406	765	  1	
307	527	765	  1	
308	352	765	  1	
309	 23	765	  1	
309	 27	765	  1	
309	 76	765	  1	
309	 96	765	  1	
309	103	765	  1	
309	232	765	  1	
309	255	765	  1	
309	294	765	  1	
309	368	765	  1	
310	111	765	  1	
310	121	765	  1	
310	189	765	  1	
310	320	765	  1	
310	568	765	  1	
311	279	765	  1	
311	384	765	  1	
311	520	765	  1	
312	  5	765	  1	
312	 13	765	  1	
312	 32	765	  1	
312	 38	765	  1	
312	 52	765	  1	
312	 92	765	  1	
312	141	765	  1	
312	157	765	  1	
312	223	765	  1	
312	248	765	  1	
312	280	765	  1	
312	334	765	  1	
312	364	765	  1	
312	377	765	  1	
312	458	765	  1	
312	495	765	  1	
313	208	765	  1	
314	 71	765	  1	
314	152	765	  1	
314	216	765	  1	
314	254	765	  1	
315	 58	765	  1	
315	336	765	  1	
316	383	765	  1	
316	488	765	  1	
317	  0	765	  1	
317	 35	765	  1	
317	136	765	  1	
317	160	765	  1	
317	192	765	  1	
317	344	765	  1	
318	220	765	  1	
318	248	765	  1	
318	408	765	  1	
319	 14	765	  1	
319	 23	765	  1	
319	320	765	  1	
319	495	765	  1	
320	 77	765	  1	
320	 88	765	  1	
320	 99	765	  1	
320	109	765	  1	
320	113	765	  1	
320	118	765	  1	
320	126	765	  1	
320	200	765	  1	
320	211	765	  1	
320	224	765	  1	
320	245	765	  1	
320	271	765	  1	
320	312	765	  1	
320	440	765	  1	
320	456	765	  1	
320	470	765	  1	
320	514	765	  1	
321	144	765	  1	
321	160	765	  1	
321	303	765	  1	
322	 68	765	  1	
322	230	765	  1	
323	 32	765	  1	
323	 39	765	  1	
323	174	765	  1	
323	263	765	  1	
324	240	765	  1	
325	  8	765	  1	
325	 94	765	  1	
325	123	765	  1	
325	152	765	  1	
326	 31	765	  1	
326	296	765	  1	
327	 35	765	  1	
327	192	765	  1	
327	200	765	  1	
327	222	765	  1	
327	271	765	  1	
327	480	765	  1	
328	  0	765	  1	
328	 13	765	  1	
328	 24	765	  1	
328	 85	765	  1	
328	 98	765	  1	
328	128	765	  1	
328	256	765	  1	
328	272	765	  1	
328	309	765	  1	
328	333	765	  1	
328	387	765	  1	
328	396	765	  1	
328	419	765	  1	
328	512	765	  1	
328	519	765	  1	
329	263	765	  1	
329	299	765	  1	
330	227	765	  1	
330	317	765	  1	
330	328	765	  1	
331	 28	765	  1	
331	 52	765	  1	
331	 70	765	  1	
332	303	765	  1	
333	 91	765	  1	
333	119	765	  1	
333	184	765	  1	
333	288	765	  1	
333	295	765	  1	
334	146	765	  1	
334	334	765	  1	
334	399	765	  1	
335	 64	765	  1	
335	259	765	  1	
335	390	765	  1	
335	416	765	  1	
335	423	765	  1	
335	515	765	  1	
336	 21	765	  1	
336	 69	765	  1	
336	107	765	  1	
336	125	765	  1	
336	151	765	  1	
336	231	765	  1	
336	317	765	  1	
336	338	765	  1	
336	364	765	  1	
336	411	765	  1	
336	487	765	  1	
337	400	765	  1	
337	407	765	  1	
338	312	765	  1	
339	144	765	  1	
339	415	765	  1	
339	480	765	  1	
340	 99	765	  1	
340	168	765	  1	
340	320	765	  1	
340	360	765	  1	
341	 16	765	  1	
341	 40	765	  1	
341	 64	765	  1	
341	 72	765	  1	
341	375	765	  1	
341	384	765	  1	
342	251	765	  1	
342	318	765	  1	
343	151	765	  1	
343	192	765	  1	
343	296	765	  1	
343	411	765	  1	
343	479	765	  1	
344	  8	765	  1	
344	 62	765	  1	
344	 69	765	  1	
344	 80	765	  1	
344	 87	765	  1	
344	 92	765	  1	
344	104	765	  1	
344	136	765	  1	
344	200	765	  1	
344	208	765	  1	
344	216	765	  1	
344	232	765	  1	
344	236	765	  1	
344	280	765	  1	
344	306	765	  1	
344	368	765	  1	
344	376	765	  1	
344	416	765	  1	
344	426	765	  1	
345	240	765	  1	
345	392	765	  1	
347	296	765	  1	
347	320	765	  1	
348	375	765	  1	
349	406	765	  1	
349	431	765	  1	
350	208	765	  1	
350	419	765	  1	
351	 87	765	  1	
351	394	765	  1	
352	  2	765	  1	
352	  7	765	  1	
352	 21	765	  1	
352	 42	765	  1	
352	168	765	  1	
352	195	765	  1	
352	218	765	  1	
352	223	765	  1	
352	285	765	  1	
352	319	765	  1	
352	357	765	  1	
352	384	765	  1	
352	388	765	  1	
352	440	765	  1	
352	461	765	  1	
352	479	765	  1	
353	245	765	  1	
354	259	765	  1	
354	280	765	  1	
354	314	765	  1	
354	500	765	  1	
355	 72	765	  1	
357	 16	765	  1	
357	 40	765	  1	
357	 47	765	  1	
357	 88	765	  1	
358	286	765	  1	
358	385	765	  1	
359	192	765	  1	
359	199	765	  1	
359	256	765	  1	
359	391	765	  1	
359	472	765	  1	
359	477	765	  1	
360	147	765	  1	
360	182	765	  1	
360	213	765	  1	
360	237	765	  1	
360	398	765	  1	
360	403	765	  1	
360	419	765	  1	
360	487	765	  1	
360	512	765	  1	
362	 22	765	  1	
362	232	765	  1	
363	 80	765	  1	
363	142	765	  1	
363	200	765	  1	
363	207	765	  1	
363	268	765	  1	
363	298	765	  1	
363	327	765	  1	
363	400	765	  1	
364	392	765	  1	
365	256	765	  1	
365	504	765	  1	
366	 16	765	  1	
366	136	765	  1	
366	155	765	  1	
366	238	765	  1	
366	264	765	  1	
366	275	765	  1	
367	320	765	  1	
367	416	765	  1	
367	423	765	  1	
368	 23	765	  1	
368	 50	765	  1	
368	 66	765	  1	
368	 72	765	  1	
368	125	765	  1	
368	252	765	  1	
368	256	765	  1	
368	262	765	  1	
368	304	765	  1	
368	336	765	  1	
368	360	765	  1	
368	375	765	  1	
368	378	765	  1	
368	403	765	  1	
368	435	765	  1	
368	445	765	  1	
369	176	765	  1	
370	 38	765	  1	
370	 91	765	  1	
370	310	765	  1	
370	344	765	  1	
371	192	765	  1	
372	 21	765	  1	
372	265	765	  1	
373	  8	765	  1	
373	 64	765	  1	
373	 71	765	  1	
373	120	765	  1	
373	259	765	  1	
375	 48	765	  1	
375	 55	765	  1	
375	184	765	  1	
375	191	765	  1	
375	255	765	  1	
375	278	765	  1	
375	304	765	  1	
375	360	765	  1	
375	432	765	  1	
375	439	765	  1	
375	445	765	  1	
375	567	765	  1	
376	112	765	  1	
376	157	765	  1	
376	171	765	  1	
376	205	765	  1	
376	216	765	  1	
376	223	765	  1	
376	349	765	  1	
376	387	765	  1	
376	402	765	  1	
378	 16	765	  1	
378	144	765	  1	
378	183	765	  1	
379	 87	765	  1	
379	248	765	  1	
379	376	765	  1	
380	 32	765	  1	
381	143	765	  1	
381	218	765	  1	
381	336	765	  1	
382	 43	765	  1	
382	151	765	  1	
382	176	765	  1	
382	342	765	  1	
382	349	765	  1	
382	401	765	  1	
382	408	765	  1	
382	415	765	  1	
383	256	765	  1	
383	263	765	  1	
383	384	765	  1	
383	391	765	  1	
383	456	765	  1	
383	599	765	  1	
384	104	765	  1	
384	144	765	  1	
384	197	765	  1	
384	316	765	  1	
384	320	765	  1	
384	352	765	  1	
384	392	765	  1	
384	503	765	  1	
384	552	765	  1	
385	488	765	  1	
387	 70	765	  1	
387	 88	765	  1	
388	  8	765	  1	
388	 45	765	  1	
388	118	765	  1	
388	121	765	  1	
389	147	765	  1	
389	158	765	  1	
389	232	765	  1	
389	264	765	  1	
389	357	765	  1	
389	397	765	  1	
391	127	765	  1	
392	 29	765	  1	
392	 57	765	  1	
392	 96	765	  1	
392	105	765	  1	
392	109	765	  1	
392	245	765	  1	
393	150	765	  1	
393	531	765	  1	
394	141	765	  1	
394	160	765	  1	
394	208	765	  1	
394	287	765	  1	
394	327	765	  1	
395	184	765	  1	
395	219	765	  1	
395	256	765	  1	
396	116	765	  1	
397	102	765	  1	
398	127	765	  1	
399	327	765	  1	
400	  3	765	  1	
400	 72	765	  1	
400	 96	765	  1	
400	150	765	  1	
400	163	765	  1	
400	176	765	  1	
400	273	765	  1	
400	344	765	  1	
400	359	765	  1	
402	 39	765	  1	
402	182	765	  1	
402	335	765	  1	
403	103	765	  1	
404	128	765	  1	
405	 88	765	  1	
405	200	765	  1	
406	  0	765	  1	
406	135	765	  1	
406	176	765	  1	
406	352	765	  1	
407	 15	765	  1	
407	 40	765	  1	
407	124	765	  1	
407	142	765	  1	
407	264	765	  1	
407	344	765	  1	
408	  8	765	  1	
408	 12	765	  1	
408	 85	765	  1	
408	104	765	  1	
408	159	765	  1	
408	181	765	  1	
408	208	765	  1	
408	229	765	  1	
408	255	765	  1	
408	326	765	  1	
408	331	765	  1	
408	341	765	  1	
408	360	765	  1	
408	424	765	  1	
408	431	765	  1	
410	119	765	  1	
410	123	765	  1	
410	152	765	  1	
411	 72	765	  1	
411	367	765	  1	
412	 37	765	  1	
413	  0	765	  1	
413	 54	765	  1	
413	 70	765	  1	
413	176	765	  1	
414	327	765	  1	
415	159	765	  1	
415	212	765	  1	
415	223	765	  1	
415	335	765	  1	
415	355	765	  1	
415	360	765	  1	
416	 16	765	  1	
416	 21	765	  1	
416	 40	765	  1	
416	 47	765	  1	
416	 72	765	  1	
416	152	765	  1	
416	189	765	  1	
416	256	765	  1	
416	260	765	  1	
416	264	765	  1	
416	270	765	  1	
416	408	765	  1	
416	543	765	  1	
417	 37	765	  1	
418	285	765	  1	
419	128	765	  1	
419	280	765	  1	
419	335	765	  1	
420	 54	765	  1	
420	113	765	  1	
420	234	765	  1	
421	 62	765	  1	
422	 33	765	  1	
423	 48	765	  1	
423	 51	765	  1	
423	152	765	  1	
423	157	765	  1	
423	328	765	  1	
424	  8	765	  1	
424	 24	765	  1	
424	 69	765	  1	
424	 88	765	  1	
424	146	765	  1	
424	166	765	  1	
424	180	765	  1	
424	271	765	  1	
424	342	765	  1	
424	381	765	  1	
426	 94	765	  1	
426	199	765	  1	
426	376	765	  1	
427	 48	765	  1	
427	 56	765	  1	
428	155	765	  1	
428	247	765	  1	
429	 30	765	  1	
429	382	765	  1	
430	 88	765	  1	
430	142	765	  1	
430	156	765	  1	
431	188	765	  1	
431	271	765	  1	
431	332	765	  1	
431	424	765	  1	
432	  1	765	  1	
432	 39	765	  1	
432	 41	765	  1	
432	172	765	  1	
432	280	765	  1	
432	399	765	  1	
433	 61	765	  1	
433	352	765	  1	
434	328	765	  1	
435	 80	765	  1	
436	279	765	  1	
436	287	765	  1	
436	376	765	  1	
437	 62	765	  1	
437	144	765	  1	
438	 39	765	  1	
438	 42	765	  1	
438	150	765	  1	
439	176	765	  1	
439	196	765	  1	
439	368	765	  1	
439	375	765	  1	
439	392	765	  1	
439	535	765	  1	
440	 21	765	  1	
440	 85	765	  1	
440	136	765	  1	
440	143	765	  1	
440	312	765	  1	
440	503	765	  1	
442	166	765	  1	
443	230	765	  1	
445	 80	765	  1	
446	239	765	  1	
448	  3	765	  1	
448	 18	765	  1	
448	 64	765	  1	
448	144	765	  1	
448	248	765	  1	
448	330	765	  1	
448	346	765	  1	
448	351	765	  1	
449	293	765	  1	
450	134	765	  1	
450	176	765	  1	
450	183	765	  1	
450	333	765	  1	
451	 79	765	  1	
451	192	765	  1	
452	 55	765	  1	
452	328	765	  1	
452	382	765	  1	
453	 80	765	  1	
453	 87	765	  1	
453	156	765	  1	
453	168	765	  1	
453	280	765	  1	
453	336	765	  1	
454	 19	765	  1	
454	128	765	  1	
454	346	765	  1	
455	 48	765	  1	
455	 72	765	  1	
455	200	765	  1	
455	351	765	  1	
456	 24	765	  1	
456	 32	765	  1	
456	 40	765	  1	
456	 53	765	  1	
456	 56	765	  1	
456	 62	765	  1	
456	122	765	  1	
456	130	765	  1	
456	135	765	  1	
456	194	765	  1	
456	222	765	  1	
456	296	765	  1	
456	302	765	  1	
456	311	765	  1	
456	360	765	  1	
456	368	765	  1	
457	 72	765	  1	
458	136	765	  1	
458	160	765	  1	
458	200	765	  1	
459	  3	765	  1	
459	168	765	  1	
459	240	765	  1	
459	248	765	  1	
461	 59	765	  1	
461	127	765	  1	
461	299	765	  1	
461	330	765	  1	
461	520	765	  1	
462	 26	765	  1	
462	 44	765	  1	
462	133	765	  1	
462	167	765	  1	
462	199	765	  1	
462	206	765	  1	
462	315	765	  1	
463	222	765	  1	
463	368	765	  1	
464	  8	765	  1	
464	 32	765	  1	
464	 66	765	  1	
464	 71	765	  1	
464	 78	765	  1	
464	184	765	  1	
464	232	765	  1	
464	264	765	  1	
464	271	765	  1	
466	155	765	  1	
466	316	765	  1	
466	511	765	  1	
467	162	765	  1	
469	 14	765	  1	
470	  2	765	  1	
470	155	765	  1	
470	312	765	  1	
471	 32	765	  1	
471	 48	765	  1	
471	184	765	  1	
471	511	765	  1	
472	  4	765	  1	
472	 49	765	  1	
472	 83	765	  1	
472	 88	765	  1	
472	 96	765	  1	
472	136	765	  1	
472	151	765	  1	
472	176	765	  1	
472	192	765	  1	
472	206	765	  1	
472	216	765	  1	
472	244	765	  1	
472	258	765	  1	
472	263	765	  1	
472	277	765	  1	
472	319	765	  1	
472	344	765	  1	
472	360	765	  1	
473	290	765	  1	
473	295	765	  1	
474	 71	765	  1	
474	287	765	  1	
475	240	765	  1	
475	328	765	  1	
477	  4	765	  1	
478	100	765	  1	
478	104	765	  1	
479	136	765	  1	
479	151	765	  1	
479	216	765	  1	
479	315	765	  1	
479	335	765	  1	
479	344	765	  1	
480	 20	765	  1	
480	 62	765	  1	
480	 72	765	  1	
480	152	765	  1	
480	180	765	  1	
480	186	765	  1	
480	264	765	  1	
480	271	765	  1	
480	293	765	  1	
480	300	765	  1	
480	488	765	  1	
482	304	765	  1	
483	 80	765	  1	
483	224	765	  1	
484	 91	765	  1	
484	110	765	  1	
484	158	765	  1	
485	 32	765	  1	
485	 48	765	  1	
485	112	765	  1	
485	331	765	  1	
486	104	765	  1	
486	181	765	  1	
486	230	765	  1	
487	208	765	  1	
487	309	765	  1	
487	344	765	  1	
487	488	765	  1	
488	 11	765	  1	
488	 28	765	  1	
488	 47	765	  1	
488	151	765	  1	
488	176	765	  1	
488	183	765	  1	
488	195	765	  1	
488	239	765	  1	
488	296	765	  1	
488	304	765	  1	
490	320	765	  1	
491	206	765	  1	
491	232	765	  1	
491	370	765	  1	
493	 31	765	  1	
494	  7	765	  1	
494	 12	765	  1	
494	 79	765	  1	
494	200	765	  1	
494	296	765	  1	
494	326	765	  1	
495	  2	765	  1	
495	 66	765	  1	
495	136	765	  1	
495	151	765	  1	
495	179	765	  1	
495	192	765	  1	
495	239	765	  1	
496	106	765	  1	
496	112	765	  1	
496	212	765	  1	
496	226	765	  1	
496	259	765	  1	
496	285	765	  1	
496	312	765	  1	
496	333	765	  1	
496	344	765	  1	
497	208	765	  1	
498	280	765	  1	
498	350	765	  1	
501	115	765	  1	
501	176	765	  1	
501	224	765	  1	
501	231	765	  1	
501	318	765	  1	
501	328	765	  1	
502	221	765	  1	
502	286	765	  1	
502	344	765	  1	
503	 64	765	  1	
503	130	765	  1	
503	135	765	  1	
503	200	765	  1	
504	 29	765	  1	
504	 39	765	  1	
504	123	765	  1	
504	143	765	  1	
504	168	765	  1	
504	240	765	  1	
504	246	765	  1	
504	256	765	  1	
504	263	765	  1	
504	272	765	  1	
504	392	765	  1	
504	408	765	  1	
504	415	765	  1	
507	  0	765	  1	
507	 32	765	  1	
507	 64	765	  1	
507	136	765	  1	
507	344	765	  1	
507	399	765	  1	
509	107	765	  1	
509	243	765	  1	
509	310	765	  1	
509	335	765	  1	
510	151	765	  1	
511	 39	765	  1	
511	120	765	  1	
511	143	765	  1	
511	158	765	  1	
511	392	765	  1	
511	411	765	  1	
512	 24	765	  1	
512	 90	765	  1	
512	102	765	  1	
512	119	765	  1	
512	191	765	  1	
512	220	765	  1	
512	224	765	  1	
512	272	765	  1	
512	285	765	  1	
512	291	765	  1	
512	320	765	  1	
512	339	765	  1	
512	352	765	  1	
512	388	765	  1	
512	463	765	  1	
513	  6	765	  1	
514	 16	765	  1	
514	 34	765	  1	
514	 69	765	  1	
515	160	765	  1	
515	312	765	  1	
515	359	765	  1	
516	115	765	  1	
516	343	765	  1	
517	 88	765	  1	
517	 95	765	  1	
517	186	765	  1	
517	287	765	  1	
519	 35	765	  1	
519	 56	765	  1	
519	179	765	  1	
519	282	765	  1	
519	291	765	  1	
519	304	765	  1	
519	352	765	  1	
519	399	765	  1	
520	  7	765	  1	
520	 75	765	  1	
520	 96	765	  1	
520	102	765	  1	
520	112	765	  1	
520	151	765	  1	
520	200	765	  1	
520	219	765	  1	
520	229	765	  1	
520	251	765	  1	
520	261	765	  1	
520	288	765	  1	
520	336	765	  1	
520	355	765	  1	
520	434	765	  1	
521	296	765	  1	
521	303	765	  1	
523	117	765	  1	
523	144	765	  1	
523	205	765	  1	
523	427	765	  1	
524	 39	765	  1	
524	112	765	  1	
524	141	765	  1	
525	 99	765	  1	
525	250	765	  1	
525	287	765	  1	
525	312	765	  1	
525	398	765	  1	
526	140	765	  1	
526	340	765	  1	
527	151	765	  1	
527	223	765	  1	
527	225	765	  1	
527	392	765	  1	
528	 40	765	  1	
528	 53	765	  1	
528	 77	765	  1	
528	120	765	  1	
528	168	765	  1	
528	181	765	  1	
528	267	765	  1	
528	357	765	  1	
528	384	765	  1	
530	 96	765	  1	
531	176	765	  1	
531	296	765	  1	
533	 72	765	  1	
533	104	765	  1	
533	111	765	  1	
533	366	765	  1	
534	 55	765	  1	
534	312	765	  1	
535	264	765	  1	
535	271	765	  1	
536	  0	765	  1	
536	 15	765	  1	
536	 27	765	  1	
536	 55	765	  1	
536	112	765	  1	
536	189	765	  1	
536	211	765	  1	
536	319	765	  1	
536	342	765	  1	
536	375	765	  1	
536	416	765	  1	
537	 62	765	  1	
538	 47	765	  1	
538	193	765	  1	
538	328	765	  1	
539	  4	765	  1	
539	 87	765	  1	
539	 96	765	  1	
539	111	765	  1	
539	120	765	  1	
540	 11	765	  1	
540	282	765	  1	
541	214	765	  1	
541	240	765	  1	
542	354	765	  1	
543	191	765	  1	
543	200	765	  1	
543	264	765	  1	
543	342	765	  1	
543	375	765	  1	
544	 88	765	  1	
544	 95	765	  1	
544	168	765	  1	
544	222	765	  1	
544	295	765	  1	
544	301	765	  1	
544	320	765	  1	
544	331	765	  1	
544	471	765	  1	
545	175	765	  1	
546	207	765	  1	
547	112	765	  1	
547	134	765	  1	
547	187	765	  1	
549	  0	765	  1	
549	 31	765	  1	
550	375	765	  1	
551	 91	765	  1	
551	128	765	  1	
551	132	765	  1	
551	328	765	  1	
551	335	765	  1	
552	 20	765	  1	
552	 43	765	  1	
552	136	765	  1	
552	142	765	  1	
552	162	765	  1	
552	221	765	  1	
552	296	765	  1	
553	104	765	  1	
555	272	765	  1	
555	320	765	  1	
556	136	765	  1	
556	174	765	  1	
556	178	765	  1	
557	199	765	  1	
557	234	765	  1	
557	296	765	  1	
557	301	765	  1	
558	163	765	  1	
559	 40	765	  1	
559	 47	765	  1	
560	 80	765	  1	
560	104	765	  1	
560	131	765	  1	
560	240	765	  1	
560	246	765	  1	
560	264	765	  1	
560	271	765	  1	
560	288	765	  1	
560	295	765	  1	
561	  8	765	  1	
562	 47	765	  1	
562	163	765	  1	
563	191	765	  1	
563	407	765	  1	
565	331	765	  1	
566	173	765	  1	
566	302	765	  1	
566	403	765	  1	
567	 11	765	  1	
567	264	765	  1	
567	271	765	  1	
568	 83	765	  1	
568	167	765	  1	
568	184	765	  1	
568	232	765	  1	
568	240	765	  1	
568	344	765	  1	
568	383	765	  1	
568	407	765	  1	
568	416	765	  1	
568	423	765	  1	
569	320	765	  1	
570	270	765	  1	
571	 23	765	  1	
571	 61	765	  1	
571	119	765	  1	
571	160	765	  1	
571	277	765	  1	
571	283	765	  1	
571	376	765	  1	
572	246	765	  1	
573	 78	765	  1	
573	234	765	  1	
574	168	765	  1	
574	264	765	  1	
575	 87	765	  1	
575	184	765	  1	
575	344	765	  1	
575	383	765	  1	
575	392	765	  1	
575	419	765	  1	
576	104	765	  1	
576	162	765	  1	
576	176	765	  1	
576	237	765	  1	
576	247	765	  1	
576	263	765	  1	
576	280	765	  1	
576	288	765	  1	
576	307	765	  1	
576	312	765	  1	
578	232	765	  1	
579	111	765	  1	
579	151	765	  1	
579	168	765	  1	
579	319	765	  1	
579	367	765	  1	
580	  2	765	  1	
581	179	765	  1	
582	238	765	  1	
582	280	765	  1	
583	 83	765	  1	
583	104	765	  1	
583	160	765	  1	
583	167	765	  1	
583	243	765	  1	
583	259	765	  1	
583	312	765	  1	
583	400	765	  1	
583	520	765	  1	
584	 92	765	  1	
584	 96	765	  1	
584	108	765	  1	
584	117	765	  1	
584	136	765	  1	
584	219	765	  1	
584	235	765	  1	
584	250	765	  1	
584	264	765	  1	
584	298	765	  1	
584	360	765	  1	
584	371	765	  1	
587	151	765	  1	
587	311	765	  1	
587	320	765	  1	
587	389	765	  1	
589	255	765	  1	
589	272	765	  1	
589	330	765	  1	
591	136	765	  1	
591	144	765	  1	
591	235	765	  1	
591	368	765	  1	
591	375	765	  1	
592	 17	765	  1	
592	 82	765	  1	
592	109	765	  1	
592	115	765	  1	
592	131	765	  1	
592	159	765	  1	
592	227	765	  1	
592	238	765	  1	
592	288	765	  1	
592	295	765	  1	
592	312	765	  1	
592	553	765	  1	
594	 94	765	  1	
594	232	765	  1	
594	282	765	  1	
595	 56	765	  1	
595	107	765	  1	
595	260	765	  1	
596	242	765	  1	
597	399	765	  1	
598	 63	765	  1	
598	 80	765	  1	
599	 94	765	  1	
599	115	765	  1	
599	390	765	  1	
600	 50	765	  1	
600	 71	765	  1	
600	 96	765	  1	
600	125	765	  1	
600	165	765	  1	
600	199	765	  1	
600	216	765	  1	
602	 65	765	  1	
603	104	765	  1	
603	174	765	  1	
603	192	765	  1	
603	213	765	  1	
603	255	765	  1	
604	232	765	  1	
604	296	765	  1	
605	 31	765	  1	
605	 80	765	  1	
605	280	765	  1	
606	239	765	  1	
607	165	765	  1	
607	199	765	  1	
607	208	765	  1	
608	 87	765	  1	
608	269	765	  1	
608	277	765	  1	
610	262	765	  1	
611	  3	765	  1	
611	299	765	  1	
613	 24	765	  1	
614	256	765	  1	
614	322	765	  1	
615	 32	765	  1	
615	 39	765	  1	
615	307	765	  1	
616	119	765	  1	
616	131	765	  1	
616	144	765	  1	
616	197	765	  1	
616	207	765	  1	
616	224	765	  1	
616	235	765	  1	
616	277	765	  1	
616	320	765	  1	
616	346	765	  1	
616	367	765	  1	
616	455	765	  1	
618	272	765	  1	
618	573	765	  1	
619	183	765	  1	
619	360	765	  1	
621	334	765	  1	
622	 82	765	  1	
622	278	765	  1	
622	304	765	  1	
623	203	765	  1	
623	367	765	  1	
624	  5	765	  1	
624	 71	765	  1	
624	 95	765	  1	
624	208	765	  1	
624	215	765	  1	
624	232	765	  1	
624	336	765	  1	
626	  0	765	  1	
626	119	765	  1	
626	309	765	  1	
627	304	765	  1	
627	343	765	  1	
628	136	765	  1	
628	212	765	  1	
629	 88	765	  1	
629	288	765	  1	
629	295	765	  1	
630	  5	765	  1	
631	 71	765	  1	
631	261	765	  1	
631	336	765	  1	
631	427	765	  1	
632	 64	765	  1	
632	209	765	  1	
632	338	765	  1	
632	373	765	  1	
634	382	765	  1	
635	240	765	  1	
635	247	765	  1	
635	583	765	  1	
636	213	765	  1	
637	364	765	  1	
637	376	765	  1	
638	151	765	  1	
638	242	765	  1	
639	134	765	  1	
639	160	765	  1	
639	382	765	  1	
640	 77	765	  1	
640	 87	765	  1	
640	175	765	  1	
640	200	765	  1	
640	255	765	  1	
640	286	765	  1	
640	291	765	  1	
640	304	765	  1	
640	328	765	  1	
643	 72	765	  1	
643	104	765	  1	
643	170	765	  1	
643	311	765	  1	
645	128	765	  1	
645	135	765	  1	
646	175	765	  1	
647	 83	765	  1	
647	200	765	  1	
647	307	765	  1	
647	328	765	  1	
647	344	765	  1	
648	 63	765	  1	
648	 90	765	  1	
648	286	765	  1	
648	295	765	  1	
650	408	765	  1	
651	426	765	  1	
652	246	765	  1	
652	351	765	  1	
654	119	765	  1	
654	240	765	  1	
654	256	765	  1	
655	280	765	  1	
655	291	765	  1	
655	319	765	  1	
656	128	765	  1	
656	199	765	  1	
656	220	765	  1	
656	227	765	  1	
656	397	765	  1	
659	135	765	  1	
659	415	765	  1	
660	 78	765	  1	
662	398	765	  1	
663	128	765	  1	
663	212	765	  1	
663	216	765	  1	
663	328	765	  1	
663	426	765	  1	
664	 24	765	  1	
664	120	765	  1	
664	127	765	  1	
664	170	765	  1	
664	192	765	  1	
671	175	765	  1	
671	199	765	  1	
672	192	765	  1	
672	200	765	  1	
672	222	765	  1	
672	384	765	  1	
674	 71	765	  1	
676	120	765	  1	
677	 23	765	  1	
680	204	765	  1	
680	463	765	  1	
682	384	765	  1	
682	472	765	  1	
687	120	765	  1	
687	238	765	  1	
688	252	765	  1	
699	222	765	  1	
704	247	765	  1	
704	411	765	  1	
706	111	765	  1	
727	 40	765	  1	
728	280	765	  1	
742	  5	765	  1	
750	 19	765	  1	
772	400	765	  1	
