# 
#  Image file: Goad2_T0036.jpg
#  Applied threshold: 575
#  Algorithm used: fill2                 
#  Particle count: 1955
#  Location (x,y), max luminance, and mass:
# 
  0	415	765	  1	
  0	442	765	  1	
  4	447	765	  1	
  7	344	765	  1	
  8	404	765	  1	
  8	485	765	  1	
 11	256	765	  1	
 14	 97	765	  1	
 15	272	765	  1	
 15	402	765	  1	
 16	202	765	  1	
 19	483	765	  1	
 19	487	765	  1	
 20	489	765	  1	
 23	304	765	  1	
 25	541	765	  1	
 32	279	765	  1	
 39	357	765	  1	
 39	463	765	  1	
 40	271	765	  1	
 40	290	765	  1	
 40	312	765	  1	
 42	232	765	  1	
 43	171	765	  1	
 46	511	765	  1	
 47	312	765	  1	
 51	269	765	  1	
 55	261	765	  1	
 55	283	765	  1	
 59	503	765	  1	
 63	101	765	  1	
 63	235	765	  1	
 63	328	765	  1	
 64	111	765	  1	
 64	472	765	  1	
 65	103	765	  1	
 66	111	765	  1	
 68	266	765	  1	
 71	103	765	  1	
 71	111	765	  1	
 71	190	765	  1	
 72	278	765	  1	
 74	368	765	  1	
 74	382	765	  1	
 77	374	765	  1	
 80	227	765	  1	
 82	144	765	  1	
 86	168	765	  1	
 86	527	765	  1	
 87	144	765	  1	
 87	423	765	  1	
 88	239	765	  1	
 88	264	765	  1	
 91	389	765	  1	
 92	234	765	  1	
102	135	765	  1	
103	183	765	  1	
103	406	765	  1	
104	176	765	  1	
104	181	765	  1	
104	192	765	  1	
106	255	765	  1	
107	151	765	  1	
111	466	765	  1	
111	527	765	  1	
112	  8	765	  1	
112	120	765	  1	
115	127	765	  1	
115	207	765	  1	
115	471	765	  1	
116	383	765	  1	
119	120	765	  1	
119	599	765	  1	
120	168	765	  1	
120	184	765	  1	
120	256	765	  1	
120	278	765	  1	
120	298	765	  1	
120	323	765	  1	
122	128	765	  1	
123	543	765	  1	
124	213	765	  1	
125	 10	765	  1	
125	320	765	  1	
126	175	765	  1	
127	252	765	  1	
127	278	765	  1	
128	112	765	  1	
128	136	765	  1	
128	143	765	  1	
128	312	765	  1	
128	319	765	  1	
131	177	765	  1	
133	206	765	  1	
134	123	765	  1	
134	148	765	  1	
135	 71	765	  1	
135	315	765	  1	
136	 96	765	  1	
136	119	765	  1	
136	139	765	  1	
136	155	765	  1	
136	168	765	  1	
136	174	765	  1	
136	185	765	  1	
136	200	765	  1	
136	203	765	  1	
136	276	765	  1	
136	331	765	  1	
136	344	765	  1	
136	427	765	  1	
136	528	765	  1	
138	208	765	  1	
138	263	765	  1	
139	126	765	  1	
139	354	765	  1	
140	256	765	  1	
141	171	765	  1	
142	109	765	  1	
142	140	765	  1	
143	112	765	  1	
143	283	765	  1	
143	328	765	  1	
143	335	765	  1	
144	 59	765	  1	
144	154	765	  1	
144	192	765	  1	
144	196	765	  1	
144	251	765	  1	
144	258	765	  1	
144	339	765	  1	
144	363	765	  1	
144	503	765	  1	
146	330	765	  1	
147	291	765	  1	
147	335	765	  1	
149	104	765	  1	
149	142	765	  1	
149	208	765	  1	
149	224	765	  1	
151	 56	765	  1	
151	 63	765	  1	
151	 89	765	  1	
151	248	765	  1	
151	255	765	  1	
151	336	765	  1	
151	343	765	  1	
151	408	765	  1	
151	496	765	  1	
152	 20	765	  1	
152	146	765	  1	
152	160	765	  1	
152	184	765	  1	
152	215	765	  1	
152	301	765	  1	
152	331	765	  1	
154	280	765	  1	
154	335	765	  1	
155	169	765	  1	
155	200	765	  1	
155	231	765	  1	
155	248	765	  1	
157	  8	765	  1	
157	327	765	  1	
158	123	765	  1	
158	150	765	  1	
158	206	765	  1	
158	335	765	  1	
159	224	765	  1	
159	301	765	  1	
159	320	765	  1	
160	 45	765	  1	
160	 55	765	  1	
160	 64	765	  1	
160	103	765	  1	
160	111	765	  1	
160	136	765	  1	
160	167	765	  1	
160	200	765	  1	
162	 15	765	  1	
163	 31	765	  1	
163	 96	765	  1	
165	244	765	  1	
167	 45	765	  1	
167	 51	765	  1	
167	103	765	  1	
167	107	765	  1	
167	203	765	  1	
168	 73	765	  1	
168	 86	765	  1	
168	 95	765	  1	
168	138	765	  1	
168	152	765	  1	
168	208	765	  1	
168	224	765	  1	
168	231	765	  1	
168	253	765	  1	
168	295	765	  1	
171	 80	765	  1	
171	303	765	  1	
173	112	765	  1	
173	136	765	  1	
173	143	765	  1	
174	 64	765	  1	
174	 70	765	  1	
174	348	765	  1	
175	 99	765	  1	
175	159	765	  1	
175	426	765	  1	
176	 46	765	  1	
176	 56	765	  1	
176	 63	765	  1	
176	139	765	  1	
176	144	765	  1	
176	157	765	  1	
176	232	765	  1	
176	240	765	  1	
176	276	765	  1	
176	399	765	  1	
176	487	765	  1	
178	199	765	  1	
178	544	765	  1	
179	 40	765	  1	
179	 89	765	  1	
180	237	765	  1	
181	232	765	  1	
181	248	765	  1	
181	328	765	  1	
183	 59	765	  1	
183	190	765	  1	
183	279	765	  1	
183	389	765	  1	
183	544	765	  1	
184	  6	765	  1	
184	 48	765	  1	
184	 77	765	  1	
184	 96	765	  1	
184	126	765	  1	
184	131	765	  1	
184	152	765	  1	
184	200	765	  1	
184	224	765	  1	
184	246	765	  1	
184	304	765	  1	
186	231	765	  1	
187	  8	765	  1	
187	 55	765	  1	
187	351	765	  1	
188	272	765	  1	
188	310	765	  1	
189	 72	765	  1	
189	112	765	  1	
189	238	765	  1	
190	 85	765	  1	
190	128	765	  1	
190	144	765	  1	
191	  6	765	  1	
191	 48	765	  1	
191	245	765	  1	
191	303	765	  1	
191	343	765	  1	
191	395	765	  1	
192	 32	765	  1	
192	154	765	  1	
192	158	765	  1	
192	210	765	  1	
192	239	765	  1	
192	312	765	  1	
193	150	765	  1	
193	217	765	  1	
195	 39	765	  1	
195	296	765	  1	
195	310	765	  1	
197	104	765	  1	
199	 32	765	  1	
199	159	765	  1	
199	303	765	  1	
199	312	765	  1	
199	367	765	  1	
199	551	765	  1	
200	 67	765	  1	
200	120	765	  1	
200	155	765	  1	
200	168	765	  1	
200	267	765	  1	
200	310	765	  1	
200	375	765	  1	
200	455	765	  1	
200	499	765	  1	
201	144	765	  1	
202	304	765	  1	
202	360	765	  1	
202	503	765	  1	
203	134	765	  1	
203	158	765	  1	
205	154	765	  1	
205	176	765	  1	
205	200	765	  1	
206	 78	765	  1	
206	146	765	  1	
206	264	765	  1	
206	271	765	  1	
206	375	765	  1	
207	 71	765	  1	
207	310	765	  1	
207	543	765	  1	
208	  0	765	  1	
208	 62	765	  1	
208	360	765	  1	
209	136	765	  1	
209	143	765	  1	
210	346	765	  1	
211	184	765	  1	
212	120	765	  1	
213	 16	765	  1	
213	152	765	  1	
213	168	765	  1	
213	175	765	  1	
213	326	765	  1	
213	360	765	  1	
213	403	765	  1	
214	  2	765	  1	
214	560	765	  1	
214	567	765	  1	
215	 67	765	  1	
215	267	765	  1	
215	367	765	  1	
216	 32	765	  1	
216	 36	765	  1	
216	 79	765	  1	
216	 91	765	  1	
216	 99	765	  1	
216	106	765	  1	
216	178	765	  1	
216	184	765	  1	
216	211	765	  1	
216	235	765	  1	
216	275	765	  1	
216	411	765	  1	
216	599	765	  1	
217	 74	765	  1	
217	200	765	  1	
218	 47	765	  1	
218	104	765	  1	
218	111	765	  1	
218	594	765	  1	
219	334	765	  1	
221	152	765	  1	
221	159	765	  1	
221	183	765	  1	
221	192	765	  1	
221	239	765	  1	
221	251	765	  1	
222	 90	765	  1	
222	 95	765	  1	
222	107	765	  1	
222	120	765	  1	
222	599	765	  1	
223	103	765	  1	
223	272	765	  1	
223	279	765	  1	
223	315	765	  1	
223	328	765	  1	
223	360	765	  1	
223	398	765	  1	
223	403	765	  1	
223	499	765	  1	
224	 32	765	  1	
224	 40	765	  1	
224	 47	765	  1	
224	141	765	  1	
224	146	765	  1	
224	224	765	  1	
224	269	765	  1	
224	320	765	  1	
224	352	765	  1	
224	439	765	  1	
224	523	765	  1	
225	 77	765	  1	
225	295	765	  1	
226	205	765	  1	
227	 48	765	  1	
227	400	765	  1	
227	432	765	  1	
227	568	765	  1	
228	264	765	  1	
229	  3	765	  1	
229	 88	765	  1	
229	136	765	  1	
229	152	765	  1	
229	160	765	  1	
229	182	765	  1	
230	195	765	  1	
230	356	765	  1	
230	370	765	  1	
231	 43	765	  1	
231	291	765	  1	
231	439	765	  1	
231	592	765	  1	
232	 24	765	  1	
232	 37	765	  1	
232	123	765	  1	
232	139	765	  1	
232	200	765	  1	
232	220	765	  1	
232	224	765	  1	
232	256	765	  1	
232	320	765	  1	
232	416	765	  1	
233	 30	765	  1	
234	 53	765	  1	
234	 79	765	  1	
234	112	765	  1	
234	176	765	  1	
234	381	765	  1	
234	544	765	  1	
235	 48	765	  1	
235	152	765	  1	
235	207	765	  1	
236	158	765	  1	
236	224	765	  1	
236	262	765	  1	
237	 64	765	  1	
237	216	765	  1	
237	326	765	  1	
238	152	765	  1	
239	200	765	  1	
240	 85	765	  1	
240	104	765	  1	
240	120	765	  1	
240	162	765	  1	
240	168	765	  1	
240	173	765	  1	
240	199	765	  1	
240	202	765	  1	
240	284	765	  1	
240	304	765	  1	
240	344	765	  1	
240	391	765	  1	
241	131	765	  1	
242	155	765	  1	
243	182	765	  1	
243	192	765	  1	
243	228	765	  1	
243	392	765	  1	
243	584	765	  1	
244	 51	765	  1	
245	170	765	  1	
246	112	765	  1	
247	159	765	  1	
247	199	765	  1	
247	304	765	  1	
247	379	765	  1	
247	454	765	  1	
247	512	765	  1	
248	 23	765	  1	
248	 91	765	  1	
248	138	765	  1	
248	147	765	  1	
248	206	765	  1	
248	280	765	  1	
248	287	765	  1	
248	344	765	  1	
248	350	765	  1	
248	416	765	  1	
248	430	765	  1	
249	 72	765	  1	
249	111	765	  1	
250	 56	765	  1	
250	131	765	  1	
250	255	765	  1	
251	 16	765	  1	
251	 38	765	  1	
251	 88	765	  1	
251	 96	765	  1	
251	119	765	  1	
252	184	765	  1	
252	408	765	  1	
253	 40	765	  1	
253	 62	765	  1	
253	158	765	  1	
253	207	765	  1	
253	216	765	  1	
254	188	765	  1	
254	226	765	  1	
254	309	765	  1	
255	 23	765	  1	
255	 51	765	  1	
255	 78	765	  1	
255	144	765	  1	
255	304	765	  1	
256	115	765	  1	
256	163	765	  1	
256	168	765	  1	
256	214	765	  1	
256	328	765	  1	
256	338	765	  1	
256	351	765	  1	
256	376	765	  1	
256	384	765	  1	
258	 85	765	  1	
258	 95	765	  1	
258	200	765	  1	
258	434	765	  1	
259	136	765	  1	
259	151	765	  1	
259	184	765	  1	
259	335	765	  1	
259	455	765	  1	
260	 56	765	  1	
261	120	765	  1	
261	208	765	  1	
261	398	765	  1	
261	475	765	  1	
262	174	765	  1	
262	183	765	  1	
262	192	765	  1	
262	384	765	  1	
263	111	765	  1	
263	144	765	  1	
263	178	765	  1	
263	328	765	  1	
263	420	765	  1	
264	 15	765	  1	
264	102	765	  1	
264	119	765	  1	
264	142	765	  1	
264	240	765	  1	
264	499	765	  1	
264	528	765	  1	
264	534	765	  1	
265	152	765	  1	
266	136	765	  1	
266	382	765	  1	
266	520	765	  1	
267	  0	765	  1	
267	 64	765	  1	
267	224	765	  1	
267	235	765	  1	
267	480	765	  1	
268	 80	765	  1	
268	364	765	  1	
268	368	765	  1	
268	406	765	  1	
268	427	765	  1	
269	198	765	  1	
269	214	765	  1	
269	331	765	  1	
269	422	765	  1	
270	  5	765	  1	
270	142	765	  1	
270	532	765	  1	
271	205	765	  1	
271	376	765	  1	
271	384	765	  1	
271	416	765	  1	
271	499	765	  1	
272	 80	765	  1	
272	 85	765	  1	
272	104	765	  1	
272	144	765	  1	
272	153	765	  1	
272	157	765	  1	
272	164	765	  1	
272	184	765	  1	
272	293	765	  1	
272	296	765	  1	
272	347	765	  1	
272	353	765	  1	
272	402	765	  1	
272	463	765	  1	
272	471	765	  1	
272	487	765	  1	
274	227	765	  1	
274	239	765	  1	
275	154	765	  1	
275	208	765	  1	
275	295	765	  1	
275	456	765	  1	
275	480	765	  1	
276	290	765	  1	
277	 72	765	  1	
277	256	765	  1	
277	401	765	  1	
278	 35	765	  1	
278	 82	765	  1	
278	153	765	  1	
278	192	765	  1	
278	234	765	  1	
278	300	765	  1	
278	328	765	  1	
278	335	765	  1	
278	355	765	  1	
279	414	765	  1	
279	463	765	  1	
279	467	765	  1	
279	487	765	  1	
280	 53	765	  1	
280	 98	765	  1	
280	104	765	  1	
280	131	765	  1	
280	136	765	  1	
280	181	765	  1	
280	209	765	  1	
280	216	765	  1	
280	264	765	  1	
280	277	765	  1	
280	376	765	  1	
280	383	765	  1	
280	432	765	  1	
280	440	765	  1	
280	455	765	  1	
280	496	765	  1	
280	503	765	  1	
281	304	765	  1	
281	309	765	  1	
282	 92	765	  1	
282	155	765	  1	
282	248	765	  1	
282	286	765	  1	
283	320	765	  1	
283	391	765	  1	
283	408	765	  1	
284	215	765	  1	
284	435	765	  1	
286	 60	765	  1	
286	295	765	  1	
287	136	765	  1	
287	232	765	  1	
287	239	765	  1	
287	379	765	  1	
287	384	765	  1	
287	400	765	  1	
287	496	765	  1	
287	503	765	  1	
288	 69	765	  1	
288	121	765	  1	
288	135	765	  1	
288	138	765	  1	
288	196	765	  1	
288	240	765	  1	
288	248	765	  1	
288	320	765	  1	
288	326	765	  1	
288	349	765	  1	
288	375	765	  1	
288	407	765	  1	
288	420	765	  1	
288	480	765	  1	
288	539	765	  1	
288	567	765	  1	
289	151	765	  1	
289	160	765	  1	
290	 64	765	  1	
290	 96	765	  1	
290	110	765	  1	
290	205	765	  1	
291	 72	765	  1	
291	128	765	  1	
291	145	765	  1	
291	323	765	  1	
291	368	765	  1	
292	143	765	  1	
292	348	765	  1	
293	138	765	  1	
293	232	765	  1	
293	344	765	  1	
294	 70	765	  1	
294	 88	765	  1	
294	 95	765	  1	
294	102	765	  1	
295	112	765	  1	
295	119	765	  1	
295	375	765	  1	
295	403	765	  1	
295	456	765	  1	
296	 21	765	  1	
296	 66	765	  1	
296	 77	765	  1	
296	 86	765	  1	
296	152	765	  1	
296	299	765	  1	
296	310	765	  1	
296	355	765	  1	
296	367	765	  1	
296	498	765	  1	
296	565	765	  1	
298	192	765	  1	
298	206	765	  1	
299	 71	765	  1	
299	102	765	  1	
299	216	765	  1	
299	360	765	  1	
300	160	765	  1	
301	 87	765	  1	
301	120	765	  1	
301	472	765	  1	
302	250	765	  1	
302	443	765	  1	
303	312	765	  1	
303	352	765	  1	
303	359	765	  1	
303	367	765	  1	
303	559	765	  1	
304	 23	765	  1	
304	 64	765	  1	
304	209	765	  1	
304	225	765	  1	
304	244	765	  1	
304	285	765	  1	
304	400	765	  1	
304	440	765	  1	
304	515	765	  1	
306	 71	765	  1	
306	248	765	  1	
307	192	765	  1	
307	199	765	  1	
307	304	765	  1	
307	478	765	  1	
309	194	765	  1	
309	235	765	  1	
309	247	765	  1	
309	418	765	  1	
309	423	765	  1	
310	  8	765	  1	
310	 67	765	  1	
311	 16	765	  1	
311	 25	765	  1	
311	192	765	  1	
311	198	765	  1	
311	440	765	  1	
312	  3	765	  1	
312	 96	765	  1	
312	109	765	  1	
312	122	765	  1	
312	160	765	  1	
312	168	765	  1	
312	186	765	  1	
312	296	765	  1	
312	303	765	  1	
312	309	765	  1	
312	328	765	  1	
312	332	765	  1	
312	343	765	  1	
312	347	765	  1	
312	383	765	  1	
312	437	765	  1	
312	459	765	  1	
312	473	765	  1	
312	493	765	  1	
313	144	765	  1	
314	166	765	  1	
314	200	765	  1	
314	232	765	  1	
314	269	765	  1	
315	336	765	  1	
316	  6	765	  1	
316	495	765	  1	
317	 72	765	  1	
317	214	765	  1	
317	242	765	  1	
317	456	765	  1	
318	 16	765	  1	
318	 23	765	  1	
318	432	765	  1	
318	448	765	  1	
319	  0	765	  1	
319	271	765	  1	
319	343	765	  1	
319	351	765	  1	
320	 20	765	  1	
320	 44	765	  1	
320	 64	765	  1	
320	 82	765	  1	
320	 88	765	  1	
320	144	765	  1	
320	178	765	  1	
320	248	765	  1	
320	256	765	  1	
320	285	765	  1	
320	293	765	  1	
320	320	765	  1	
320	335	765	  1	
320	352	765	  1	
320	356	765	  1	
320	490	765	  1	
323	 55	765	  1	
323	 67	765	  1	
323	296	765	  1	
323	311	765	  1	
325	206	765	  1	
325	219	765	  1	
325	254	765	  1	
325	262	765	  1	
325	332	765	  1	
326	118	765	  1	
327	 72	765	  1	
327	303	765	  1	
327	323	765	  1	
327	429	765	  1	
327	534	765	  1	
328	  8	765	  1	
328	 96	765	  1	
328	164	765	  1	
328	171	765	  1	
328	291	765	  1	
328	299	765	  1	
328	307	765	  1	
328	320	765	  1	
328	336	765	  1	
328	347	765	  1	
328	408	765	  1	
328	416	765	  1	
328	472	765	  1	
329	111	765	  1	
330	 72	765	  1	
330	220	765	  1	
330	247	765	  1	
330	327	765	  1	
331	 56	765	  1	
331	358	765	  1	
331	479	765	  1	
332	 32	765	  1	
332	214	765	  1	
333	 80	765	  1	
333	256	765	  1	
333	376	765	  1	
333	408	765	  1	
334	352	765	  1	
335	111	765	  1	
335	322	765	  1	
335	344	765	  1	
335	472	765	  1	
336	 16	765	  1	
336	 23	765	  1	
336	 67	765	  1	
336	 88	765	  1	
336	104	765	  1	
336	114	765	  1	
336	134	765	  1	
336	138	765	  1	
336	150	765	  1	
336	171	765	  1	
336	176	765	  1	
336	264	765	  1	
336	280	765	  1	
336	366	765	  1	
336	392	765	  1	
336	487	765	  1	
336	543	765	  1	
337	111	765	  1	
337	396	765	  1	
338	376	765	  1	
338	442	765	  1	
339	 56	765	  1	
339	 63	765	  1	
339	144	765	  1	
339	235	765	  1	
339	272	765	  1	
339	279	765	  1	
340	 99	765	  1	
341	 30	765	  1	
341	119	765	  1	
341	136	765	  1	
341	155	765	  1	
341	165	765	  1	
341	192	765	  1	
341	208	765	  1	
341	255	765	  1	
341	286	765	  1	
341	327	765	  1	
341	390	765	  1	
342	105	765	  1	
342	382	765	  1	
343	 40	765	  1	
343	175	765	  1	
343	447	765	  1	
344	 51	765	  1	
344	 85	765	  1	
344	120	765	  1	
344	133	765	  1	
344	152	765	  1	
344	159	765	  1	
344	176	765	  1	
344	216	765	  1	
344	232	765	  1	
344	248	765	  1	
344	263	765	  1	
344	367	765	  1	
344	384	765	  1	
344	454	765	  1	
344	464	765	  1	
344	471	765	  1	
346	 13	765	  1	
346	 36	765	  1	
346	448	765	  1	
349	 56	765	  1	
349	179	765	  1	
349	230	765	  1	
349	270	765	  1	
350	155	765	  1	
350	188	765	  1	
350	200	765	  1	
351	216	765	  1	
351	260	765	  1	
351	367	765	  1	
351	467	765	  1	
352	 19	765	  1	
352	 32	765	  1	
352	 74	765	  1	
352	120	765	  1	
352	147	765	  1	
352	162	765	  1	
352	167	765	  1	
352	206	765	  1	
352	259	765	  1	
352	288	765	  1	
352	339	765	  1	
352	378	765	  1	
353	264	765	  1	
354	 48	765	  1	
354	231	765	  1	
354	368	765	  1	
354	375	765	  1	
355	 64	765	  1	
355	175	765	  1	
355	328	765	  1	
356	165	765	  1	
356	384	765	  1	
356	442	765	  1	
357	203	765	  1	
357	312	765	  1	
357	462	765	  1	
358	 43	765	  1	
358	 70	765	  1	
359	275	765	  1	
359	376	765	  1	
359	444	765	  1	
360	 16	765	  1	
360	 29	765	  1	
360	 88	765	  1	
360	104	765	  1	
360	111	765	  1	
360	184	765	  1	
360	240	765	  1	
360	271	765	  1	
360	343	765	  1	
360	352	765	  1	
360	359	765	  1	
360	367	765	  1	
360	392	765	  1	
360	407	765	  1	
361	288	765	  1	
362	 24	765	  1	
363	 93	765	  1	
363	142	765	  1	
363	231	765	  1	
363	336	765	  1	
363	387	765	  1	
363	398	765	  1	
364	230	765	  1	
364	311	765	  1	
365	 32	765	  1	
365	 47	765	  1	
365	 55	765	  1	
365	 72	765	  1	
365	 79	765	  1	
365	119	765	  1	
365	229	765	  1	
365	392	765	  1	
366	303	765	  1	
366	371	765	  1	
366	440	765	  1	
366	456	765	  1	
366	543	765	  1	
367	187	765	  1	
367	224	765	  1	
367	256	765	  1	
367	343	765	  1	
367	355	765	  1	
367	363	765	  1	
367	406	765	  1	
367	432	765	  1	
368	134	765	  1	
368	202	765	  1	
368	216	765	  1	
368	240	765	  1	
368	266	765	  1	
368	328	765	  1	
368	336	765	  1	
368	347	765	  1	
368	397	765	  1	
368	405	765	  1	
369	 14	765	  1	
370	 94	765	  1	
370	264	765	  1	
370	343	765	  1	
371	273	765	  1	
371	310	765	  1	
371	352	765	  1	
372	 16	765	  1	
373	  4	765	  1	
373	 32	765	  1	
373	 56	765	  1	
373	 63	765	  1	
373	160	765	  1	
374	 72	765	  1	
374	 88	765	  1	
374	200	765	  1	
374	297	765	  1	
375	  0	765	  1	
375	130	765	  1	
375	216	765	  1	
375	271	765	  1	
375	328	765	  1	
375	359	765	  1	
375	399	765	  1	
376	 26	765	  1	
376	 38	765	  1	
376	 48	765	  1	
376	 82	765	  1	
376	141	765	  1	
376	152	765	  1	
376	211	765	  1	
376	230	765	  1	
376	235	765	  1	
376	279	765	  1	
376	320	765	  1	
376	403	765	  1	
376	415	765	  1	
376	419	765	  1	
376	429	765	  1	
376	440	765	  1	
376	550	765	  1	
377	376	765	  1	
378	183	765	  1	
379	  0	765	  1	
379	  8	765	  1	
379	128	765	  1	
381	 15	765	  1	
381	 24	765	  1	
381	 56	765	  1	
381	 80	765	  1	
381	 87	765	  1	
381	136	765	  1	
381	199	765	  1	
381	278	765	  1	
381	326	765	  1	
382	176	765	  1	
382	214	765	  1	
383	103	765	  1	
383	227	765	  1	
383	239	765	  1	
383	269	765	  1	
384	 16	765	  1	
384	 70	765	  1	
384	247	765	  1	
384	256	765	  1	
384	395	765	  1	
384	416	765	  1	
384	437	765	  1	
385	104	765	  1	
385	322	765	  1	
386	296	765	  1	
387	136	765	  1	
387	192	765	  1	
388	  6	765	  1	
388	408	765	  1	
389	 13	765	  1	
389	 67	765	  1	
389	155	765	  1	
390	207	765	  1	
390	240	765	  1	
390	556	765	  1	
390	568	765	  1	
390	575	765	  1	
391	  2	765	  1	
391	 24	765	  1	
391	 48	765	  1	
391	320	765	  1	
391	392	765	  1	
391	399	765	  1	
391	418	765	  1	
392	  7	765	  1	
392	105	765	  1	
392	111	765	  1	
392	130	765	  1	
392	136	765	  1	
392	168	765	  1	
392	440	765	  1	
394	104	765	  1	
394	327	765	  1	
395	153	765	  1	
395	200	765	  1	
395	207	765	  1	
396	310	765	  1	
397	 51	765	  1	
398	 13	765	  1	
398	 37	765	  1	
398	112	765	  1	
398	172	765	  1	
399	136	765	  1	
400	 16	765	  1	
400	 31	765	  1	
400	 70	765	  1	
400	110	765	  1	
400	131	765	  1	
400	163	765	  1	
400	192	765	  1	
400	211	765	  1	
400	256	765	  1	
400	288	765	  1	
400	344	765	  1	
404	256	765	  1	
405	  0	765	  1	
405	 35	765	  1	
405	 94	765	  1	
405	122	765	  1	
405	143	765	  1	
405	152	765	  1	
407	 16	765	  1	
407	 70	765	  1	
407	207	765	  1	
407	288	765	  1	
407	295	765	  1	
408	 72	765	  1	
408	119	765	  1	
408	123	765	  1	
408	176	765	  1	
408	219	765	  1	
408	240	765	  1	
408	244	765	  1	
408	256	765	  1	
408	303	765	  1	
408	335	765	  1	
408	391	765	  1	
408	424	765	  1	
409	  0	765	  1	
410	162	765	  1	
410	415	765	  1	
410	427	765	  1	
411	 15	765	  1	
411	183	765	  1	
411	328	765	  1	
413	 96	765	  1	
413	101	765	  1	
413	119	765	  1	
413	144	765	  1	
413	323	765	  1	
414	  7	765	  1	
414	 20	765	  1	
414	122	765	  1	
415	  8	765	  1	
415	104	765	  1	
415	109	765	  1	
415	176	765	  1	
415	335	765	  1	
415	511	765	  1	
416	 31	765	  1	
416	 48	765	  1	
416	 55	765	  1	
416	 80	765	  1	
416	 88	765	  1	
416	128	765	  1	
416	135	765	  1	
416	174	765	  1	
416	280	765	  1	
416	287	765	  1	
416	558	765	  1	
416	599	765	  1	
417	 50	765	  1	
417	408	765	  1	
418	334	765	  1	
418	424	765	  1	
419	 64	765	  1	
419	171	765	  1	
419	200	765	  1	
419	240	765	  1	
420	 55	765	  1	
420	131	765	  1	
420	428	765	  1	
421	  8	765	  1	
421	 21	765	  1	
421	 26	765	  1	
421	 32	765	  1	
421	114	765	  1	
421	386	765	  1	
422	 80	765	  1	
422	157	765	  1	
422	168	765	  1	
422	303	765	  1	
422	328	765	  1	
422	507	765	  1	
423	283	765	  1	
423	288	765	  1	
423	408	765	  1	
423	424	765	  1	
423	543	765	  1	
424	  3	765	  1	
424	 72	765	  1	
424	117	765	  1	
424	160	765	  1	
424	164	765	  1	
424	216	765	  1	
424	231	765	  1	
424	415	765	  1	
424	552	765	  1	
426	 27	765	  1	
427	239	765	  1	
428	168	765	  1	
429	 22	765	  1	
429	136	765	  1	
429	143	765	  1	
429	299	765	  1	
430	165	765	  1	
430	202	765	  1	
431	160	765	  1	
431	191	765	  1	
431	216	765	  1	
431	231	765	  1	
432	 34	765	  1	
432	115	765	  1	
432	121	765	  1	
432	146	765	  1	
432	208	765	  1	
432	408	765	  1	
432	415	765	  1	
434	 24	765	  1	
434	176	765	  1	
434	179	765	  1	
435	104	765	  1	
435	219	765	  1	
437	  8	765	  1	
437	136	765	  1	
438	120	765	  1	
439	150	765	  1	
439	197	765	  1	
439	368	765	  1	
440	  5	765	  1	
440	 16	765	  1	
440	 24	765	  1	
440	 30	765	  1	
440	 44	765	  1	
440	 48	765	  1	
440	263	765	  1	
440	274	765	  1	
440	296	765	  1	
440	303	765	  1	
440	352	765	  1	
440	359	765	  1	
440	392	765	  1	
440	599	765	  1	
442	183	765	  1	
443	256	765	  1	
443	315	765	  1	
443	399	765	  1	
443	568	765	  1	
446	  0	765	  1	
446	 16	765	  1	
447	263	765	  1	
447	296	765	  1	
447	303	765	  1	
447	355	765	  1	
447	366	765	  1	
447	392	765	  1	
447	539	765	  1	
447	575	765	  1	
447	599	765	  1	
448	  6	765	  1	
448	 11	765	  1	
448	 70	765	  1	
448	204	765	  1	
448	280	765	  1	
448	285	765	  1	
448	416	765	  1	
448	456	765	  1	
448	520	765	  1	
448	551	765	  1	
449	 54	765	  1	
450	199	765	  1	
451	 48	765	  1	
451	194	765	  1	
451	246	765	  1	
453	  3	765	  1	
453	158	765	  1	
453	207	765	  1	
453	214	765	  1	
453	256	765	  1	
453	272	765	  1	
455	 52	765	  1	
455	 70	765	  1	
455	279	765	  1	
455	287	765	  1	
455	373	765	  1	
456	115	765	  1	
456	120	765	  1	
456	140	765	  1	
456	178	765	  1	
456	212	765	  1	
456	234	765	  1	
456	298	765	  1	
456	303	765	  1	
456	360	765	  1	
457	243	765	  1	
458	  0	765	  1	
458	168	765	  1	
458	310	765	  1	
459	 85	765	  1	
459	104	765	  1	
459	286	765	  1	
459	333	765	  1	
460	123	765	  1	
461	143	765	  1	
461	190	765	  1	
461	215	765	  1	
462	127	765	  1	
462	133	765	  1	
463	  7	765	  1	
463	234	765	  1	
464	 16	765	  1	
464	 56	765	  1	
464	 88	765	  1	
464	144	765	  1	
464	267	765	  1	
464	280	765	  1	
464	304	765	  1	
466	149	765	  1	
466	286	765	  1	
467	198	765	  1	
467	262	765	  1	
469	 72	765	  1	
469	135	765	  1	
470	188	765	  1	
470	256	765	  1	
470	280	765	  1	
470	307	765	  1	
470	368	765	  1	
470	375	765	  1	
471	112	765	  1	
471	127	765	  1	
472	  2	765	  1	
472	 41	765	  1	
472	 66	765	  1	
472	 86	765	  1	
472	 96	765	  1	
472	200	765	  1	
472	222	765	  1	
472	288	765	  1	
472	431	765	  1	
472	584	765	  1	
473	 80	765	  1	
473	344	765	  1	
475	168	765	  1	
475	248	765	  1	
475	272	765	  1	
476	163	765	  1	
477	 94	765	  1	
477	152	765	  1	
477	223	765	  1	
478	 47	765	  1	
478	175	765	  1	
478	240	765	  1	
479	 56	765	  1	
479	256	765	  1	
480	  8	765	  1	
480	 87	765	  1	
480	144	765	  1	
480	160	765	  1	
480	304	765	  1	
480	328	765	  1	
481	283	765	  1	
483	 32	765	  1	
483	311	765	  1	
483	407	765	  1	
484	 82	765	  1	
485	 39	765	  1	
485	229	765	  1	
486	103	765	  1	
487	 47	765	  1	
487	144	765	  1	
487	256	765	  1	
487	304	765	  1	
487	328	765	  1	
487	344	765	  1	
488	 24	765	  1	
488	104	765	  1	
488	176	765	  1	
488	275	765	  1	
488	281	765	  1	
488	286	765	  1	
488	320	765	  1	
488	334	765	  1	
489	207	765	  1	
491	  0	765	  1	
491	 19	765	  1	
491	343	765	  1	
492	 40	765	  1	
492	 81	765	  1	
493	184	765	  1	
493	248	765	  1	
494	  7	765	  1	
494	 22	765	  1	
495	200	765	  1	
495	320	765	  1	
495	334	765	  1	
495	399	765	  1	
495	423	765	  1	
496	 20	765	  1	
496	 47	765	  1	
496	144	765	  1	
496	152	765	  1	
496	222	765	  1	
496	283	765	  1	
496	304	765	  1	
496	311	765	  1	
496	466	765	  1	
497	 66	765	  1	
498	294	765	  1	
499	160	765	  1	
501	102	765	  1	
501	183	765	  1	
501	328	765	  1	
501	367	765	  1	
501	471	765	  1	
502	  3	765	  1	
502	116	765	  1	
502	355	765	  1	
503	130	765	  1	
503	224	765	  1	
503	371	765	  1	
504	 24	765	  1	
504	 83	765	  1	
504	112	765	  1	
504	119	765	  1	
504	146	765	  1	
504	176	765	  1	
504	192	765	  1	
504	253	765	  1	
504	296	765	  1	
504	306	765	  1	
504	323	765	  1	
504	336	765	  1	
505	139	765	  1	
506	127	765	  1	
506	248	765	  1	
507	108	765	  1	
507	199	765	  1	
507	264	765	  1	
509	131	765	  1	
509	227	765	  1	
509	304	765	  1	
510	254	765	  1	
511	112	765	  1	
511	119	765	  1	
511	192	765	  1	
512	 44	765	  1	
512	 48	765	  1	
512	 55	765	  1	
512	 79	765	  1	
512	120	765	  1	
512	159	765	  1	
512	221	765	  1	
512	232	765	  1	
512	280	765	  1	
512	299	765	  1	
512	322	765	  1	
512	333	765	  1	
512	370	765	  1	
512	417	765	  1	
512	423	765	  1	
512	431	765	  1	
514	208	765	  1	
514	286	765	  1	
515	152	765	  1	
515	163	765	  1	
515	312	765	  1	
516	  3	765	  1	
516	 40	765	  1	
516	417	765	  1	
517	143	765	  1	
517	212	765	  1	
518	 47	765	  1	
518	 51	765	  1	
518	223	765	  1	
518	280	765	  1	
518	383	765	  1	
519	159	765	  1	
519	232	765	  1	
519	296	765	  1	
519	303	765	  1	
520	 10	765	  1	
520	 92	765	  1	
520	101	765	  1	
520	147	765	  1	
520	170	765	  1	
520	187	765	  1	
520	240	765	  1	
520	256	765	  1	
520	264	765	  1	
520	286	765	  1	
522	120	765	  1	
522	168	765	  1	
522	208	765	  1	
522	230	765	  1	
523	 27	765	  1	
523	 52	765	  1	
523	112	765	  1	
523	254	765	  1	
525	128	765	  1	
525	172	765	  1	
525	222	765	  1	
525	279	765	  1	
525	283	765	  1	
525	320	765	  1	
526	102	765	  1	
526	135	765	  1	
527	184	765	  1	
527	191	765	  1	
527	208	765	  1	
527	360	765	  1	
527	391	765	  1	
528	 40	765	  1	
528	 90	765	  1	
528	151	765	  1	
528	232	765	  1	
528	238	765	  1	
528	246	765	  1	
528	264	765	  1	
528	293	765	  1	
528	318	765	  1	
528	367	765	  1	
529	  7	765	  1	
531	 11	765	  1	
531	144	765	  1	
531	288	765	  1	
531	368	765	  1	
533	128	765	  1	
533	384	765	  1	
534	134	765	  1	
535	151	765	  1	
535	168	765	  1	
535	264	765	  1	
535	320	765	  1	
536	  8	765	  1	
536	 15	765	  1	
536	 31	765	  1	
536	 75	765	  1	
536	112	765	  1	
536	121	765	  1	
536	146	765	  1	
536	184	765	  1	
536	227	765	  1	
536	239	765	  1	
536	258	765	  1	
536	368	765	  1	
538	127	765	  1	
539	  6	765	  1	
539	159	765	  1	
539	232	765	  1	
539	256	765	  1	
539	312	765	  1	
539	488	765	  1	
541	144	765	  1	
541	151	765	  1	
541	190	765	  1	
541	231	765	  1	
542	122	765	  1	
542	272	765	  1	
543	 11	765	  1	
543	 72	765	  1	
543	 79	765	  1	
543	112	765	  1	
543	239	765	  1	
543	258	765	  1	
543	496	765	  1	
544	 15	765	  1	
544	 96	765	  1	
544	176	765	  1	
544	200	765	  1	
544	253	765	  1	
544	336	765	  1	
544	362	765	  1	
544	367	765	  1	
544	384	765	  1	
546	352	765	  1	
546	391	765	  1	
547	248	765	  1	
548	332	765	  1	
549	 30	765	  1	
549	158	765	  1	
549	256	765	  1	
549	340	765	  1	
550	 10	765	  1	
550	384	765	  1	
551	 15	765	  1	
551	175	765	  1	
551	208	765	  1	
552	  2	765	  1	
552	 24	765	  1	
552	113	765	  1	
552	128	765	  1	
552	149	765	  1	
552	200	765	  1	
552	206	765	  1	
552	235	765	  1	
552	245	765	  1	
552	296	765	  1	
552	304	765	  1	
552	311	765	  1	
552	376	765	  1	
552	383	765	  1	
554	240	765	  1	
554	256	765	  1	
555	  8	765	  1	
555	111	765	  1	
555	167	765	  1	
555	426	765	  1	
557	144	765	  1	
557	203	765	  1	
557	248	765	  1	
558	127	765	  1	
558	175	765	  1	
558	272	765	  1	
558	443	765	  1	
559	 15	765	  1	
559	 31	765	  1	
559	 48	765	  1	
559	261	765	  1	
559	307	765	  1	
559	379	765	  1	
560	 96	765	  1	
560	138	765	  1	
560	159	765	  1	
560	239	765	  1	
560	263	765	  1	
560	316	765	  1	
560	368	765	  1	
561	256	765	  1	
563	120	765	  1	
563	189	765	  1	
564	167	765	  1	
564	312	765	  1	
565	102	765	  1	
565	248	765	  1	
566	319	765	  1	
567	159	765	  1	
567	235	765	  1	
567	263	765	  1	
568	 16	765	  1	
568	192	765	  1	
568	226	765	  1	
568	231	765	  1	
568	264	765	  1	
568	373	765	  1	
568	384	765	  1	
571	  0	765	  1	
571	321	765	  1	
571	496	765	  1	
572	257	765	  1	
572	464	765	  1	
573	 23	765	  1	
573	 48	765	  1	
573	128	765	  1	
574	175	765	  1	
574	411	765	  1	
574	423	765	  1	
575	471	765	  1	
575	548	765	  1	
576	 63	765	  1	
576	 70	765	  1	
576	 92	765	  1	
576	136	765	  1	
576	143	765	  1	
576	154	765	  1	
576	160	765	  1	
576	167	765	  1	
576	191	765	  1	
576	237	765	  1	
576	248	765	  1	
576	267	765	  1	
576	277	765	  1	
576	311	765	  1	
576	327	765	  1	
576	386	765	  1	
576	400	765	  1	
576	407	765	  1	
577	128	765	  1	
578	247	765	  1	
578	304	765	  1	
579	184	765	  1	
579	320	765	  1	
581	232	765	  1	
582	 93	765	  1	
582	278	765	  1	
583	 70	765	  1	
583	191	765	  1	
583	242	765	  1	
583	248	765	  1	
583	311	765	  1	
583	327	765	  1	
583	392	765	  1	
583	403	765	  1	
584	 80	765	  1	
584	 88	765	  1	
584	106	765	  1	
584	128	765	  1	
584	138	765	  1	
584	192	765	  1	
584	207	765	  1	
584	229	765	  1	
584	301	765	  1	
584	372	765	  1	
586	177	765	  1	
587	 32	765	  1	
587	143	765	  1	
587	200	765	  1	
587	296	765	  1	
588	109	765	  1	
588	320	765	  1	
588	368	765	  1	
589	310	765	  1	
590	  3	765	  1	
590	195	765	  1	
590	375	765	  1	
591	207	765	  1	
591	392	765	  1	
592	 40	765	  1	
592	 55	765	  1	
592	 59	765	  1	
592	 72	765	  1	
592	112	765	  1	
592	151	765	  1	
592	251	765	  1	
592	275	765	  1	
592	287	765	  1	
592	344	765	  1	
593	108	765	  1	
593	139	765	  1	
593	224	765	  1	
594	282	765	  1	
594	296	765	  1	
594	322	765	  1	
595	 48	765	  1	
595	 56	765	  1	
595	 79	765	  1	
595	 88	765	  1	
595	176	765	  1	
595	335	765	  1	
596	148	765	  1	
597	255	765	  1	
598	102	765	  1	
598	199	765	  1	
598	231	765	  1	
598	421	765	  1	
599	 55	765	  1	
599	 72	765	  1	
599	327	765	  1	
599	344	765	  1	
599	358	765	  1	
599	548	765	  1	
600	 80	765	  1	
600	120	765	  1	
600	152	765	  1	
600	219	765	  1	
600	256	765	  1	
600	267	765	  1	
600	279	765	  1	
600	360	765	  1	
600	377	765	  1	
602	 96	765	  1	
602	107	765	  1	
603	128	765	  1	
603	144	765	  1	
603	238	765	  1	
603	367	765	  1	
604	376	765	  1	
605	159	765	  1	
605	262	765	  1	
605	336	765	  1	
606	 81	765	  1	
606	155	765	  1	
607	 16	765	  1	
607	100	765	  1	
607	197	765	  1	
607	360	765	  1	
607	547	765	  1	
608	143	765	  1	
608	160	765	  1	
608	222	765	  1	
608	227	765	  1	
608	286	765	  1	
608	364	765	  1	
609	381	765	  1	
611	136	765	  1	
611	151	765	  1	
611	167	765	  1	
612	192	765	  1	
612	425	765	  1	
613	238	765	  1	
613	335	765	  1	
614	103	765	  1	
614	199	765	  1	
614	256	765	  1	
614	357	765	  1	
615	 69	765	  1	
615	143	765	  1	
615	160	765	  1	
615	288	765	  1	
615	383	765	  1	
616	 31	765	  1	
616	 64	765	  1	
616	 80	765	  1	
616	 87	765	  1	
616	200	765	  1	
616	208	765	  1	
616	215	765	  1	
616	223	765	  1	
616	248	765	  1	
616	269	765	  1	
616	310	765	  1	
616	323	765	  1	
616	367	765	  1	
619	 56	765	  1	
619	360	765	  1	
621	254	765	  1	
621	264	765	  1	
621	354	765	  1	
622	316	765	  1	
623	 83	765	  1	
623	190	765	  1	
623	211	765	  1	
623	320	765	  1	
623	327	765	  1	
623	367	765	  1	
623	464	765	  1	
624	  1	765	  1	
624	 80	765	  1	
624	118	765	  1	
624	127	765	  1	
624	131	765	  1	
624	203	765	  1	
624	272	765	  1	
624	279	765	  1	
624	336	765	  1	
624	374	765	  1	
624	381	765	  1	
624	431	765	  1	
624	535	765	  1	
624	562	765	  1	
626	120	765	  1	
626	376	765	  1	
627	102	765	  1	
627	263	765	  1	
627	360	765	  1	
628	 95	765	  1	
628	127	765	  1	
629	328	765	  1	
630	  0	765	  1	
630	  7	765	  1	
630	 70	765	  1	
630	 87	765	  1	
630	381	765	  1	
631	 59	765	  1	
631	204	765	  1	
631	211	765	  1	
631	272	765	  1	
631	279	765	  1	
631	295	765	  1	
631	374	765	  1	
631	423	765	  1	
632	  8	765	  1	
632	119	765	  1	
632	181	765	  1	
632	200	765	  1	
632	206	765	  1	
632	240	765	  1	
632	247	765	  1	
632	277	765	  1	
632	379	765	  1	
632	421	765	  1	
632	424	765	  1	
635	288	765	  1	
635	573	765	  1	
636	 80	765	  1	
636	112	765	  1	
639	243	765	  1	
639	376	765	  1	
639	383	765	  1	
639	488	765	  1	
640	 48	765	  1	
640	 55	765	  1	
640	119	765	  1	
640	176	765	  1	
640	183	765	  1	
640	259	765	  1	
640	312	765	  1	
640	359	765	  1	
643	179	765	  1	
643	376	765	  1	
647	176	765	  1	
647	183	765	  1	
647	256	765	  1	
647	263	765	  1	
648	 80	765	  1	
648	 86	765	  1	
648	130	765	  1	
648	180	765	  1	
648	238	765	  1	
648	416	765	  1	
648	421	765	  1	
650	408	765	  1	
652	 79	765	  1	
652	176	765	  1	
652	180	765	  1	
653	135	765	  1	
653	272	765	  1	
654	207	765	  1	
655	 24	765	  1	
655	104	765	  1	
656	112	765	  1	
656	154	765	  1	
656	158	765	  1	
657	164	765	  1	
658	312	765	  1	
662	 74	765	  1	
662	119	765	  1	
663	200	765	  1	
664	142	765	  1	
664	371	765	  1	
666	168	765	  1	
667	159	765	  1	
671	368	765	  1	
671	375	765	  1	
672	144	765	  1	
672	176	765	  1	
672	192	765	  1	
675	170	765	  1	
675	272	765	  1	
678	148	765	  1	
680	 80	765	  1	
680	176	765	  1	
680	183	765	  1	
680	312	765	  1	
683	197	765	  1	
683	207	765	  1	
687	179	765	  1	
695	 95	765	  1	
696	184	765	  1	
703	463	765	  1	
706	199	765	  1	
711	 95	765	  1	
712	143	765	  1	
735	 55	765	  1	
746	424	765	  1	
755	  5	765	  1	
