# 
#  Image file: Goad2_T0170.jpg
#  Applied threshold: 575
#  Algorithm used: fill2                 
#  Particle count: 1749
#  Location (x,y), max luminance, and mass:
# 
  3	180	765	  1	
  8	242	765	  1	
 12	360	765	  1	
 12	456	765	  1	
 25	394	765	  1	
 26	299	765	  1	
 31	407	765	  1	
 32	104	765	  1	
 32	279	765	  1	
 35	168	765	  1	
 35	231	765	  1	
 38	352	765	  1	
 39	272	765	  1	
 42	522	765	  1	
 47	 32	765	  1	
 47	103	765	  1	
 47	216	765	  1	
 48	260	765	  1	
 51	388	765	  1	
 53	256	765	  1	
 53	271	765	  1	
 55	538	765	  1	
 56	263	765	  1	
 58	 95	765	  1	
 60	 88	765	  1	
 60	175	765	  1	
 61	103	765	  1	
 63	 80	765	  1	
 63	183	765	  1	
 64	120	765	  1	
 64	230	765	  1	
 66	111	765	  1	
 69	109	765	  1	
 69	163	765	  1	
 71	127	765	  1	
 71	239	765	  1	
 72	296	765	  1	
 72	303	765	  1	
 77	182	765	  1	
 79	151	765	  1	
 79	376	765	  1	
 80	358	765	  1	
 83	144	765	  1	
 85	367	765	  1	
 86	247	765	  1	
 86	299	765	  1	
 87	149	765	  1	
 87	167	765	  1	
 87	169	765	  1	
 87	358	765	  1	
 93	375	765	  1	
 95	 87	765	  1	
 95	228	765	  1	
 96	130	765	  1	
 96	383	765	  1	
 97	105	765	  1	
 99	376	765	  1	
102	320	765	  1	
103	 88	765	  1	
103	328	765	  1	
103	383	765	  1	
104	302	765	  1	
104	344	765	  1	
108	272	765	  1	
109	202	765	  1	
110	279	765	  1	
111	543	765	  1	
112	122	765	  1	
112	304	765	  1	
112	365	765	  1	
112	368	765	  1	
112	384	765	  1	
112	388	765	  1	
114	360	765	  1	
115	 79	765	  1	
115	375	765	  1	
116	384	765	  1	
116	393	765	  1	
118	311	765	  1	
118	365	765	  1	
119	176	765	  1	
119	183	765	  1	
119	188	765	  1	
119	195	765	  1	
119	368	765	  1	
119	424	765	  1	
120	192	765	  1	
120	279	765	  1	
120	296	765	  1	
120	303	765	  1	
120	419	765	  1	
120	432	765	  1	
120	448	765	  1	
123	423	765	  1	
126	219	765	  1	
126	249	765	  1	
127	 72	765	  1	
127	 79	765	  1	
127	384	765	  1	
127	419	765	  1	
128	168	765	  1	
128	175	765	  1	
128	189	765	  1	
128	359	765	  1	
128	392	765	  1	
130	587	765	  1	
131	  2	765	  1	
131	276	765	  1	
131	351	765	  1	
131	399	765	  1	
133	442	765	  1	
134	135	765	  1	
135	171	765	  1	
135	219	765	  1	
135	359	765	  1	
135	392	765	  1	
136	  2	765	  1	
136	109	765	  1	
136	141	765	  1	
136	349	765	  1	
136	368	765	  1	
136	376	765	  1	
136	383	765	  1	
139	103	765	  1	
141	131	765	  1	
141	136	765	  1	
141	367	765	  1	
142	104	765	  1	
143	  3	765	  1	
143	432	765	  1	
143	444	765	  1	
144	119	765	  1	
144	139	765	  1	
144	168	765	  1	
144	181	765	  1	
144	188	765	  1	
144	191	765	  1	
144	245	765	  1	
144	256	765	  1	
144	402	765	  1	
144	414	765	  1	
146	408	765	  1	
147	112	765	  1	
147	191	765	  1	
149	384	765	  1	
150	171	765	  1	
150	183	765	  1	
151	119	765	  1	
151	190	765	  1	
152	127	765	  1	
152	162	765	  1	
152	176	765	  1	
152	203	765	  1	
152	216	765	  1	
152	369	765	  1	
154	120	765	  1	
154	191	765	  1	
156	192	765	  1	
157	183	765	  1	
157	223	765	  1	
158	152	765	  1	
158	199	765	  1	
158	257	765	  1	
159	  7	765	  1	
159	191	765	  1	
159	207	765	  1	
160	101	765	  1	
160	128	765	  1	
160	194	765	  1	
160	216	765	  1	
160	231	765	  1	
160	359	765	  1	
163	228	765	  1	
163	263	765	  1	
163	352	765	  1	
165	224	765	  1	
166	256	765	  1	
167	228	765	  1	
167	359	765	  1	
168	112	765	  1	
168	176	765	  1	
168	183	765	  1	
168	208	765	  1	
168	231	765	  1	
168	247	765	  1	
168	264	765	  1	
170	242	765	  1	
170	280	765	  1	
170	582	765	  1	
171	152	765	  1	
171	184	765	  1	
172	344	765	  1	
173	224	765	  1	
173	423	765	  1	
174	136	765	  1	
174	247	765	  1	
175	179	765	  1	
175	383	765	  1	
176	 95	765	  1	
176	107	765	  1	
176	126	765	  1	
176	168	765	  1	
176	194	765	  1	
176	243	765	  1	
176	264	765	  1	
176	287	765	  1	
176	335	765	  1	
176	591	765	  1	
178	157	765	  1	
178	252	765	  1	
179	184	765	  1	
179	239	765	  1	
179	271	765	  1	
179	274	765	  1	
179	328	765	  1	
180	188	765	  1	
181	125	765	  1	
181	174	765	  1	
181	208	765	  1	
181	240	765	  1	
182	110	765	  1	
182	232	765	  1	
182	312	765	  1	
183	103	765	  1	
183	192	765	  1	
183	264	765	  1	
183	320	765	  1	
183	335	765	  1	
184	142	765	  1	
184	256	765	  1	
184	263	765	  1	
184	280	765	  1	
184	342	765	  1	
184	384	765	  1	
184	399	765	  1	
184	410	765	  1	
184	543	765	  1	
186	136	765	  1	
186	151	765	  1	
187	120	765	  1	
187	392	765	  1	
188	 74	765	  1	
189	304	765	  1	
190	496	765	  1	
191	 46	765	  1	
191	144	765	  1	
191	288	765	  1	
191	342	765	  1	
191	399	765	  1	
192	109	765	  1	
192	339	765	  1	
193	104	765	  1	
195	  8	765	  1	
195	111	765	  1	
195	514	765	  1	
197	 26	765	  1	
197	168	765	  1	
197	382	765	  1	
197	396	765	  1	
198	336	765	  1	
198	343	765	  1	
199	111	765	  1	
199	247	765	  1	
199	479	765	  1	
200	 42	765	  1	
200	 64	765	  1	
200	 88	765	  1	
200	139	765	  1	
200	151	765	  1	
200	221	765	  1	
200	234	765	  1	
200	267	765	  1	
200	331	765	  1	
200	341	765	  1	
200	480	765	  1	
200	498	765	  1	
201	120	765	  1	
202	255	765	  1	
203	200	765	  1	
203	311	765	  1	
204	 96	765	  1	
204	108	765	  1	
204	480	765	  1	
205	504	765	  1	
206	 75	765	  1	
206	237	765	  1	
206	455	765	  1	
207	103	765	  1	
207	221	765	  1	
207	264	765	  1	
207	271	765	  1	
207	328	765	  1	
207	335	765	  1	
207	344	765	  1	
208	170	765	  1	
208	175	765	  1	
208	296	765	  1	
208	419	765	  1	
208	520	765	  1	
209	182	765	  1	
209	219	765	  1	
209	587	765	  1	
210	  5	765	  1	
210	336	765	  1	
211	128	765	  1	
213	432	765	  1	
214	245	765	  1	
214	520	765	  1	
215	336	765	  1	
216	 80	765	  1	
216	109	765	  1	
216	165	765	  1	
216	199	765	  1	
216	210	765	  1	
216	224	765	  1	
216	278	765	  1	
216	323	765	  1	
216	360	765	  1	
216	367	765	  1	
216	478	765	  1	
217	206	765	  1	
218	 72	765	  1	
218	272	765	  1	
219	 88	765	  1	
220	 96	765	  1	
220	192	765	  1	
220	588	765	  1	
221	 86	765	  1	
221	215	765	  1	
221	519	765	  1	
222	103	765	  1	
222	311	765	  1	
223	218	765	  1	
223	272	765	  1	
223	363	765	  1	
224	 63	765	  1	
224	104	765	  1	
224	176	765	  1	
224	205	765	  1	
224	291	765	  1	
224	408	765	  1	
224	509	765	  1	
225	296	765	  1	
226	200	765	  1	
227	 64	765	  1	
227	 96	765	  1	
227	288	765	  1	
227	324	765	  1	
227	549	765	  1	
228	284	765	  1	
229	  3	765	  1	
229	 88	765	  1	
229	110	765	  1	
229	168	765	  1	
229	175	765	  1	
230	102	765	  1	
230	206	765	  1	
230	544	765	  1	
231	 47	765	  1	
231	291	765	  1	
232	 80	765	  1	
232	 86	765	  1	
232	112	765	  1	
232	122	765	  1	
232	130	765	  1	
232	134	765	  1	
232	186	765	  1	
232	296	765	  1	
232	303	765	  1	
232	332	765	  1	
232	376	765	  1	
232	392	765	  1	
232	398	765	  1	
232	408	765	  1	
232	415	765	  1	
232	440	765	  1	
232	472	765	  1	
232	543	765	  1	
234	448	765	  1	
235	 70	765	  1	
235	437	765	  1	
237	125	765	  1	
237	208	765	  1	
237	416	765	  1	
237	454	765	  1	
238	 80	765	  1	
238	115	765	  1	
238	135	765	  1	
238	151	765	  1	
238	179	765	  1	
238	411	765	  1	
239	 56	765	  1	
239	128	765	  1	
239	299	765	  1	
239	327	765	  1	
240	 47	765	  1	
240	 99	765	  1	
240	231	765	  1	
240	313	765	  1	
240	365	765	  1	
240	391	765	  1	
240	426	765	  1	
242	480	765	  1	
243	 40	765	  1	
243	104	765	  1	
243	133	765	  1	
243	144	765	  1	
243	295	765	  1	
243	475	765	  1	
243	495	765	  1	
244	 94	765	  1	
244	120	765	  1	
245	176	765	  1	
245	226	765	  1	
245	487	765	  1	
246	 88	765	  1	
246	359	765	  1	
247	 47	765	  1	
247	 96	765	  1	
247	120	765	  1	
247	344	765	  1	
247	558	765	  1	
248	190	765	  1	
248	208	765	  1	
248	212	765	  1	
248	288	765	  1	
248	295	765	  1	
248	416	765	  1	
248	440	765	  1	
249	240	765	  1	
250	144	765	  1	
251	320	765	  1	
251	496	765	  1	
253	 80	765	  1	
253	179	765	  1	
253	187	765	  1	
253	216	765	  1	
253	368	765	  1	
253	472	765	  1	
254	159	765	  1	
254	281	765	  1	
254	485	765	  1	
255	  3	765	  1	
255	291	765	  1	
255	440	765	  1	
255	502	765	  1	
256	 99	765	  1	
256	114	765	  1	
256	192	765	  1	
256	201	765	  1	
256	214	765	  1	
256	238	765	  1	
256	320	765	  1	
256	327	765	  1	
256	367	765	  1	
256	423	765	  1	
256	592	765	  1	
257	476	765	  1	
259	 80	765	  1	
259	119	765	  1	
259	288	765	  1	
259	360	765	  1	
259	368	765	  1	
259	416	765	  1	
259	424	765	  1	
259	599	765	  1	
260	263	765	  1	
260	440	765	  1	
262	200	765	  1	
263	238	765	  1	
263	323	765	  1	
263	332	765	  1	
263	367	765	  1	
263	399	765	  1	
263	423	765	  1	
263	592	765	  1	
264	 55	765	  1	
264	 80	765	  1	
264	144	765	  1	
264	160	765	  1	
264	167	765	  1	
264	209	765	  1	
264	224	765	  1	
264	296	765	  1	
264	488	765	  1	
264	507	765	  1	
264	517	765	  1	
264	526	765	  1	
264	535	765	  1	
265	134	765	  1	
265	152	765	  1	
265	184	765	  1	
266	159	765	  1	
266	195	765	  1	
266	390	765	  1	
266	408	765	  1	
267	 48	765	  1	
267	464	765	  1	
267	471	765	  1	
268	272	765	  1	
269	 96	765	  1	
269	103	765	  1	
269	127	765	  1	
269	320	765	  1	
269	523	765	  1	
270	279	765	  1	
270	531	765	  1	
271	 55	765	  1	
271	153	765	  1	
271	163	765	  1	
271	200	765	  1	
271	308	765	  1	
271	399	765	  1	
271	415	765	  1	
271	552	765	  1	
272	 44	765	  1	
272	142	765	  1	
272	168	765	  1	
272	172	765	  1	
272	183	765	  1	
272	192	765	  1	
272	199	765	  1	
272	234	765	  1	
272	283	765	  1	
272	331	765	  1	
272	352	765	  1	
272	360	765	  1	
272	364	765	  1	
272	381	765	  1	
272	386	765	  1	
272	400	765	  1	
272	456	765	  1	
272	460	765	  1	
272	507	765	  1	
272	533	765	  1	
272	543	765	  1	
273	107	765	  1	
273	500	765	  1	
274	511	765	  1	
275	271	765	  1	
275	448	765	  1	
277	 39	765	  1	
277	 47	765	  1	
277	139	765	  1	
277	239	765	  1	
278	415	765	  1	
278	595	765	  1	
279	192	765	  1	
279	199	765	  1	
279	312	765	  1	
279	352	765	  1	
279	384	765	  1	
279	496	765	  1	
280	 78	765	  1	
280	 85	765	  1	
280	101	765	  1	
280	117	765	  1	
280	123	765	  1	
280	159	765	  1	
280	162	765	  1	
280	243	765	  1	
280	248	765	  1	
280	285	765	  1	
280	299	765	  1	
280	334	765	  1	
280	477	765	  1	
280	487	765	  1	
280	493	765	  1	
280	511	765	  1	
281	184	765	  1	
281	189	765	  1	
281	535	765	  1	
282	368	765	  1	
283	145	765	  1	
283	240	765	  1	
283	247	765	  1	
283	320	765	  1	
283	327	765	  1	
283	504	765	  1	
284	123	765	  1	
284	408	765	  1	
284	488	765	  1	
285	 56	765	  1	
285	400	765	  1	
285	482	765	  1	
286	334	765	  1	
286	357	765	  1	
287	112	765	  1	
287	243	765	  1	
287	255	765	  1	
287	296	765	  1	
287	303	765	  1	
287	511	765	  1	
287	568	765	  1	
288	 99	765	  1	
288	138	765	  1	
288	157	765	  1	
288	168	765	  1	
288	179	765	  1	
288	198	765	  1	
288	201	765	  1	
288	235	765	  1	
288	295	765	  1	
288	312	765	  1	
288	336	765	  1	
288	424	765	  1	
288	435	765	  1	
288	456	765	  1	
288	462	765	  1	
288	547	765	  1	
289	149	765	  1	
290	326	765	  1	
290	429	765	  1	
291	 72	765	  1	
291	207	765	  1	
291	509	765	  1	
292	107	765	  1	
292	293	765	  1	
292	384	765	  1	
293	119	765	  1	
293	157	765	  1	
293	544	765	  1	
294	291	765	  1	
294	320	765	  1	
294	504	765	  1	
295	 88	765	  1	
295	176	765	  1	
295	183	765	  1	
295	336	765	  1	
295	496	765	  1	
296	  8	765	  1	
296	 17	765	  1	
296	 40	765	  1	
296	 77	765	  1	
296	120	765	  1	
296	127	765	  1	
296	219	765	  1	
296	250	765	  1	
296	311	765	  1	
296	344	765	  1	
296	387	765	  1	
296	448	765	  1	
296	466	765	  1	
296	471	765	  1	
297	455	765	  1	
297	546	765	  1	
297	551	765	  1	
298	229	765	  1	
298	350	765	  1	
299	200	765	  1	
299	224	765	  1	
301	 39	765	  1	
301	 70	765	  1	
301	 96	765	  1	
301	103	765	  1	
301	144	765	  1	
302	466	765	  1	
303	 23	765	  1	
303	216	765	  1	
303	294	765	  1	
303	384	765	  1	
303	391	765	  1	
303	471	765	  1	
304	 64	765	  1	
304	104	765	  1	
304	133	765	  1	
304	138	765	  1	
304	176	765	  1	
304	180	765	  1	
304	198	765	  1	
304	208	765	  1	
304	224	765	  1	
304	287	765	  1	
304	302	765	  1	
304	367	765	  1	
304	373	765	  1	
304	435	765	  1	
304	460	765	  1	
305	520	765	  1	
306	575	765	  1	
307	112	765	  1	
307	253	765	  1	
307	311	765	  1	
307	360	765	  1	
308	  6	765	  1	
309	 32	765	  1	
309	 67	765	  1	
309	120	765	  1	
309	143	765	  1	
309	160	765	  1	
309	232	765	  1	
309	308	765	  1	
309	344	765	  1	
309	520	765	  1	
310	  0	765	  1	
310	 76	765	  1	
310	171	765	  1	
310	456	765	  1	
311	283	765	  1	
311	367	765	  1	
311	432	765	  1	
311	439	765	  1	
312	 38	765	  1	
312	 50	765	  1	
312	 56	765	  1	
312	 78	765	  1	
312	 98	765	  1	
312	112	765	  1	
312	118	765	  1	
312	123	765	  1	
312	166	765	  1	
312	204	765	  1	
312	256	765	  1	
312	331	765	  1	
312	392	765	  1	
312	430	765	  1	
312	472	765	  1	
312	524	765	  1	
313	 24	765	  1	
314	200	765	  1	
314	424	765	  1	
315	 96	765	  1	
315	264	765	  1	
315	310	765	  1	
317	 35	765	  1	
317	110	765	  1	
317	115	765	  1	
317	204	765	  1	
317	280	765	  1	
317	287	765	  1	
317	430	765	  1	
318	 59	765	  1	
318	 83	765	  1	
318	304	765	  1	
318	535	765	  1	
319	256	765	  1	
319	424	765	  1	
320	 24	765	  1	
320	 48	765	  1	
320	 64	765	  1	
320	 67	765	  1	
320	 72	765	  1	
320	156	765	  1	
320	182	765	  1	
320	240	765	  1	
320	264	765	  1	
320	269	765	  1	
320	328	765	  1	
320	339	765	  1	
320	358	765	  1	
320	389	765	  1	
320	407	765	  1	
320	415	765	  1	
320	431	765	  1	
320	439	765	  1	
320	445	765	  1	
322	334	765	  1	
322	344	765	  1	
323	 40	765	  1	
323	472	765	  1	
325	 87	765	  1	
325	130	765	  1	
325	384	765	  1	
326	180	765	  1	
326	204	765	  1	
326	212	765	  1	
326	328	765	  1	
326	350	765	  1	
326	355	765	  1	
326	443	765	  1	
327	 55	765	  1	
327	 72	765	  1	
327	240	765	  1	
327	408	765	  1	
327	535	765	  1	
328	 88	765	  1	
328	112	765	  1	
328	152	765	  1	
328	159	765	  1	
328	163	765	  1	
328	197	765	  1	
328	256	765	  1	
328	287	765	  1	
328	416	765	  1	
328	451	765	  1	
328	456	765	  1	
328	463	765	  1	
328	517	765	  1	
329	128	765	  1	
330	280	765	  1	
331	 51	765	  1	
332	512	765	  1	
333	166	765	  1	
333	455	765	  1	
333	471	765	  1	
334	219	765	  1	
334	374	765	  1	
334	416	765	  1	
335	 54	765	  1	
335	155	765	  1	
335	259	765	  1	
335	584	765	  1	
336	  0	765	  1	
336	  6	765	  1	
336	 21	765	  1	
336	 99	765	  1	
336	104	765	  1	
336	108	765	  1	
336	117	765	  1	
336	136	765	  1	
336	147	765	  1	
336	170	765	  1	
336	205	765	  1	
336	312	765	  1	
336	356	765	  1	
339	288	765	  1	
339	352	765	  1	
339	400	765	  1	
340	459	765	  1	
341	  3	765	  1	
341	112	765	  1	
341	211	765	  1	
341	264	765	  1	
342	381	765	  1	
342	387	765	  1	
343	312	765	  1	
343	535	765	  1	
344	 45	765	  1	
344	 51	765	  1	
344	 72	765	  1	
344	 76	765	  1	
344	104	765	  1	
344	120	765	  1	
344	124	765	  1	
344	150	765	  1	
344	192	765	  1	
344	271	765	  1	
344	280	765	  1	
344	290	765	  1	
344	301	765	  1	
344	320	765	  1	
344	366	765	  1	
344	416	765	  1	
344	423	765	  1	
344	507	765	  1	
346	395	765	  1	
347	 40	765	  1	
347	293	765	  1	
347	486	765	  1	
349	 16	765	  1	
349	288	765	  1	
349	440	765	  1	
350	108	765	  1	
350	364	765	  1	
350	376	765	  1	
350	405	765	  1	
350	463	765	  1	
351	 48	765	  1	
351	 55	765	  1	
351	128	765	  1	
351	192	765	  1	
351	267	765	  1	
351	419	765	  1	
352	  0	765	  1	
352	 96	765	  1	
352	200	765	  1	
352	206	765	  1	
352	213	765	  1	
352	224	765	  1	
352	256	765	  1	
352	312	765	  1	
352	334	765	  1	
352	368	765	  1	
352	431	765	  1	
352	572	765	  1	
353	244	765	  1	
353	264	765	  1	
355	134	765	  1	
355	424	765	  1	
355	590	765	  1	
356	 23	765	  1	
356	379	765	  1	
357	112	765	  1	
357	120	765	  1	
357	136	765	  1	
357	175	765	  1	
359	 48	765	  1	
359	128	765	  1	
359	314	765	  1	
359	431	765	  1	
360	 88	765	  1	
360	118	765	  1	
360	183	765	  1	
360	190	765	  1	
360	198	765	  1	
360	271	765	  1	
360	328	765	  1	
360	352	765	  1	
360	359	765	  1	
360	543	765	  1	
361	 24	765	  1	
361	 64	765	  1	
362	288	765	  1	
362	335	765	  1	
363	128	765	  1	
363	278	765	  1	
363	448	765	  1	
364	268	765	  1	
364	376	765	  1	
365	  8	765	  1	
365	 15	765	  1	
365	 95	765	  1	
365	115	765	  1	
365	330	765	  1	
366	 29	765	  1	
366	188	765	  1	
366	371	765	  1	
367	208	765	  1	
367	264	765	  1	
367	355	765	  1	
367	447	765	  1	
367	583	765	  1	
368	 37	765	  1	
368	 59	765	  1	
368	 68	765	  1	
368	104	765	  1	
368	119	765	  1	
368	312	765	  1	
368	328	765	  1	
368	532	765	  1	
370	318	765	  1	
371	175	765	  1	
371	333	765	  1	
373	 32	765	  1	
373	 78	765	  1	
374	104	765	  1	
375	 56	765	  1	
375	 63	765	  1	
375	 65	765	  1	
375	119	765	  1	
375	535	765	  1	
376	 15	765	  1	
376	 21	765	  1	
376	 25	765	  1	
376	 87	765	  1	
376	114	765	  1	
376	148	765	  1	
376	152	765	  1	
376	192	765	  1	
376	200	765	  1	
376	206	765	  1	
376	234	765	  1	
376	240	765	  1	
376	431	765	  1	
376	455	765	  1	
376	519	765	  1	
377	127	765	  1	
378	139	765	  1	
379	 31	765	  1	
379	 56	765	  1	
379	199	765	  1	
379	424	765	  1	
379	432	765	  1	
379	512	765	  1	
381	170	765	  1	
381	232	765	  1	
381	238	765	  1	
382	 22	765	  1	
382	151	765	  1	
382	160	765	  1	
382	167	765	  1	
383	 64	765	  1	
383	 80	765	  1	
383	192	765	  1	
383	431	765	  1	
383	519	765	  1	
384	128	765	  1	
384	179	765	  1	
384	254	765	  1	
384	349	765	  1	
386	247	765	  1	
387	 80	765	  1	
387	194	765	  1	
388	240	765	  1	
391	176	765	  1	
391	183	765	  1	
392	 13	765	  1	
392	 64	765	  1	
392	120	765	  1	
392	154	765	  1	
392	288	765	  1	
392	359	765	  1	
392	448	765	  1	
392	464	765	  1	
394	 69	765	  1	
395	 19	765	  1	
395	192	765	  1	
395	500	765	  1	
396	  1	765	  1	
397	144	765	  1	
398	152	765	  1	
399	  6	765	  1	
399	 64	765	  1	
399	112	765	  1	
400	 40	765	  1	
400	 48	765	  1	
400	 80	765	  1	
400	158	765	  1	
400	167	765	  1	
400	368	765	  1	
400	390	765	  1	
402	  0	765	  1	
402	143	765	  1	
402	453	765	  1	
403	 64	765	  1	
403	 88	765	  1	
403	200	765	  1	
404	 13	765	  1	
404	111	765	  1	
405	168	765	  1	
405	374	765	  1	
405	384	765	  1	
406	 99	765	  1	
406	136	765	  1	
406	155	765	  1	
407	128	765	  1	
407	141	765	  1	
407	206	765	  1	
407	342	765	  1	
408	  0	765	  1	
408	 24	765	  1	
408	 61	765	  1	
408	 72	765	  1	
408	117	765	  1	
408	181	765	  1	
408	256	765	  1	
408	320	765	  1	
408	387	765	  1	
408	412	765	  1	
408	427	765	  1	
410	424	765	  1	
411	 56	765	  1	
411	143	765	  1	
413	  2	765	  1	
413	111	765	  1	
413	160	765	  1	
413	176	765	  1	
413	363	765	  1	
413	408	765	  1	
414	120	765	  1	
414	435	765	  1	
415	130	765	  1	
415	139	765	  1	
416	 87	765	  1	
416	107	765	  1	
416	117	765	  1	
416	173	765	  1	
416	248	765	  1	
416	328	765	  1	
416	455	765	  1	
417	 56	765	  1	
418	112	765	  1	
418	311	765	  1	
418	349	765	  1	
419	 91	765	  1	
419	 96	765	  1	
419	298	765	  1	
420	 80	765	  1	
420	344	765	  1	
420	356	765	  1	
421	  0	765	  1	
421	  7	765	  1	
421	383	765	  1	
421	426	765	  1	
422	118	765	  1	
424	  3	765	  1	
424	 48	765	  1	
424	 77	765	  1	
424	128	765	  1	
424	137	765	  1	
424	160	765	  1	
424	188	765	  1	
424	240	765	  1	
424	256	765	  1	
424	360	765	  1	
424	488	765	  1	
426	  6	765	  1	
426	210	765	  1	
427	224	765	  1	
427	263	765	  1	
427	367	765	  1	
428	  0	765	  1	
428	 20	765	  1	
428	223	765	  1	
429	128	765	  1	
429	317	765	  1	
430	135	765	  1	
430	339	765	  1	
431	204	765	  1	
431	256	765	  1	
431	331	765	  1	
431	360	765	  1	
432	 67	765	  1	
432	 94	765	  1	
432	 99	765	  1	
432	115	765	  1	
432	128	765	  1	
432	140	765	  1	
432	154	765	  1	
432	229	765	  1	
434	243	765	  1	
435	264	765	  1	
435	376	765	  1	
436	136	765	  1	
436	253	765	  1	
437	 31	765	  1	
437	 70	765	  1	
438	152	765	  1	
438	383	765	  1	
439	 94	765	  1	
439	103	765	  1	
439	131	765	  1	
439	143	765	  1	
439	240	765	  1	
439	247	765	  1	
439	312	765	  1	
440	  2	765	  1	
440	 61	765	  1	
440	133	765	  1	
440	139	765	  1	
440	150	765	  1	
440	215	765	  1	
440	272	765	  1	
441	101	765	  1	
442	170	765	  1	
443	 88	765	  1	
443	 99	765	  1	
443	175	765	  1	
443	187	765	  1	
443	208	765	  1	
445	  3	765	  1	
445	103	765	  1	
445	232	765	  1	
446	264	765	  1	
447	142	765	  1	
447	163	765	  1	
447	215	765	  1	
447	384	765	  1	
448	 42	765	  1	
448	 51	765	  1	
448	 59	765	  1	
448	 64	765	  1	
448	195	765	  1	
448	203	765	  1	
448	216	765	  1	
448	240	765	  1	
448	416	765	  1	
448	587	765	  1	
449	123	765	  1	
449	256	765	  1	
449	456	765	  1	
450	 93	765	  1	
450	103	765	  1	
450	160	765	  1	
451	111	765	  1	
451	246	765	  1	
453	118	765	  1	
453	136	765	  1	
454	 71	765	  1	
455	 47	765	  1	
455	167	765	  1	
455	200	765	  1	
455	207	765	  1	
455	272	765	  1	
455	280	765	  1	
455	320	765	  1	
456	  8	765	  1	
456	 61	765	  1	
456	 72	765	  1	
456	144	765	  1	
456	189	765	  1	
456	278	765	  1	
456	304	765	  1	
456	394	765	  1	
458	176	765	  1	
458	231	765	  1	
459	  0	765	  1	
459	167	765	  1	
459	240	765	  1	
460	182	765	  1	
460	224	765	  1	
460	272	765	  1	
460	279	765	  1	
461	288	765	  1	
462	 25	765	  1	
462	 62	765	  1	
463	176	765	  1	
463	190	765	  1	
463	230	765	  1	
464	  0	765	  1	
464	 16	765	  1	
464	 32	765	  1	
464	 48	765	  1	
464	 64	765	  1	
464	 88	765	  1	
464	109	765	  1	
464	116	765	  1	
464	187	765	  1	
464	192	765	  1	
464	216	765	  1	
464	256	765	  1	
464	280	765	  1	
464	306	765	  1	
464	311	765	  1	
464	552	765	  1	
465	272	765	  1	
466	 37	765	  1	
467	263	765	  1	
467	287	765	  1	
468	 72	765	  1	
468	198	765	  1	
469	  8	765	  1	
470	304	765	  1	
470	309	765	  1	
471	 32	765	  1	
471	128	765	  1	
471	168	765	  1	
471	216	765	  1	
471	232	765	  1	
471	256	765	  1	
472	  3	765	  1	
472	 24	765	  1	
472	 62	765	  1	
472	 72	765	  1	
472	 80	765	  1	
472	 88	765	  1	
472	107	765	  1	
472	117	765	  1	
472	160	765	  1	
472	166	765	  1	
472	181	765	  1	
472	200	765	  1	
472	208	765	  1	
472	240	765	  1	
472	253	765	  1	
472	264	765	  1	
472	320	765	  1	
472	391	765	  1	
473	224	765	  1	
474	112	765	  1	
474	176	765	  1	
475	214	765	  1	
476	320	765	  1	
477	 22	765	  1	
477	 94	765	  1	
477	163	765	  1	
477	270	765	  1	
477	520	765	  1	
478	 63	765	  1	
478	118	765	  1	
478	174	765	  1	
478	182	765	  1	
479	327	765	  1	
480	 32	765	  1	
480	 72	765	  1	
480	 76	765	  1	
480	125	765	  1	
480	136	765	  1	
480	200	765	  1	
480	264	765	  1	
481	 48	765	  1	
482	 37	765	  1	
483	 27	765	  1	
483	248	765	  1	
483	299	765	  1	
485	 14	765	  1	
485	192	765	  1	
486	 74	765	  1	
486	143	765	  1	
487	 24	765	  1	
487	 32	765	  1	
487	 79	765	  1	
487	205	765	  1	
487	213	765	  1	
487	375	765	  1	
488	  3	765	  1	
488	 36	765	  1	
488	 66	765	  1	
488	133	765	  1	
488	147	765	  1	
488	184	765	  1	
488	232	765	  1	
488	239	765	  1	
488	246	765	  1	
488	253	765	  1	
488	352	765	  1	
488	422	765	  1	
490	128	765	  1	
491	120	765	  1	
491	280	765	  1	
493	 63	765	  1	
493	192	765	  1	
493	199	765	  1	
493	243	765	  1	
493	384	765	  1	
494	336	765	  1	
495	  8	765	  1	
495	 55	765	  1	
495	184	765	  1	
496	  0	765	  1	
496	  6	765	  1	
496	 16	765	  1	
496	 81	765	  1	
496	 96	765	  1	
496	104	765	  1	
496	140	765	  1	
496	172	765	  1	
496	190	765	  1	
496	200	765	  1	
496	206	765	  1	
496	219	765	  1	
496	235	765	  1	
496	255	765	  1	
496	375	765	  1	
498	214	765	  1	
499	150	765	  1	
500	118	765	  1	
501	  3	765	  1	
501	143	765	  1	
501	168	765	  1	
501	203	765	  1	
501	304	765	  1	
501	311	765	  1	
501	367	765	  1	
502	216	765	  1	
503	110	765	  1	
503	188	765	  1	
503	210	765	  1	
503	248	765	  1	
503	255	765	  1	
504	  8	765	  1	
504	 16	765	  1	
504	 23	765	  1	
504	120	765	  1	
504	128	765	  1	
504	176	765	  1	
504	195	765	  1	
504	256	765	  1	
504	272	765	  1	
504	303	765	  1	
505	139	765	  1	
506	408	765	  1	
507	168	765	  1	
507	175	765	  1	
507	246	765	  1	
507	347	765	  1	
509	 56	765	  1	
509	144	765	  1	
509	262	765	  1	
509	328	765	  1	
510	213	765	  1	
510	311	765	  1	
511	 19	765	  1	
511	134	765	  1	
512	  0	765	  1	
512	 48	765	  1	
512	 55	765	  1	
512	 79	765	  1	
512	102	765	  1	
512	136	765	  1	
512	140	765	  1	
512	203	765	  1	
512	232	765	  1	
512	280	765	  1	
512	388	765	  1	
512	435	765	  1	
513	152	765	  1	
513	343	765	  1	
514	 96	765	  1	
515	120	765	  1	
515	192	765	  1	
515	208	765	  1	
515	317	765	  1	
516	103	765	  1	
517	  6	765	  1	
517	112	765	  1	
517	184	765	  1	
517	243	765	  1	
518	 96	765	  1	
518	212	765	  1	
518	399	765	  1	
519	 51	765	  1	
519	122	765	  1	
519	232	765	  1	
519	280	765	  1	
520	 29	765	  1	
520	104	765	  1	
520	208	765	  1	
520	218	765	  1	
520	250	765	  1	
520	255	765	  1	
520	275	765	  1	
520	343	765	  1	
520	357	765	  1	
520	435	765	  1	
523	 88	765	  1	
523	128	765	  1	
523	352	765	  1	
525	144	765	  1	
525	216	765	  1	
525	223	765	  1	
526	126	765	  1	
527	104	765	  1	
527	272	765	  1	
527	279	765	  1	
527	336	765	  1	
528	  4	765	  1	
528	 48	765	  1	
528	114	765	  1	
528	119	765	  1	
528	134	765	  1	
528	189	765	  1	
528	215	765	  1	
528	224	765	  1	
528	230	765	  1	
528	239	765	  1	
528	245	765	  1	
528	358	765	  1	
530	128	765	  1	
531	  0	765	  1	
531	160	765	  1	
533	113	765	  1	
533	119	765	  1	
533	227	765	  1	
533	240	765	  1	
533	384	765	  1	
534	 76	765	  1	
534	134	765	  1	
534	235	765	  1	
535	 48	765	  1	
535	352	765	  1	
536	 26	765	  1	
536	 47	765	  1	
536	 98	765	  1	
536	107	765	  1	
536	120	765	  1	
536	136	765	  1	
536	157	765	  1	
536	162	765	  1	
536	176	765	  1	
536	198	765	  1	
536	216	765	  1	
536	220	765	  1	
536	247	765	  1	
536	252	765	  1	
536	280	765	  1	
536	320	765	  1	
536	327	765	  1	
536	401	765	  1	
538	 16	765	  1	
538	 31	765	  1	
538	347	765	  1	
539	287	765	  1	
540	 76	765	  1	
540	261	765	  1	
541	112	765	  1	
541	126	765	  1	
541	167	765	  1	
541	195	765	  1	
542	224	765	  1	
542	235	765	  1	
543	 24	765	  1	
543	 42	765	  1	
543	243	765	  1	
543	280	765	  1	
543	323	765	  1	
544	  0	765	  1	
544	  8	765	  1	
544	 91	765	  1	
544	168	765	  1	
544	203	765	  1	
544	240	765	  1	
544	332	765	  1	
544	346	765	  1	
544	376	765	  1	
547	141	765	  1	
547	255	765	  1	
549	  7	765	  1	
549	 94	765	  1	
549	115	765	  1	
549	159	765	  1	
549	174	765	  1	
549	246	765	  1	
549	335	765	  1	
549	355	765	  1	
550	152	765	  1	
551	 28	765	  1	
551	208	765	  1	
551	232	765	  1	
551	239	765	  1	
551	344	765	  1	
552	 80	765	  1	
552	104	765	  1	
552	161	765	  1	
552	184	765	  1	
552	216	765	  1	
552	242	765	  1	
552	274	765	  1	
552	387	765	  1	
552	392	765	  1	
554	231	765	  1	
555	312	765	  1	
557	255	765	  1	
558	387	765	  1	
559	150	765	  1	
559	184	765	  1	
560	176	765	  1	
560	232	765	  1	
560	239	765	  1	
560	279	765	  1	
560	301	765	  1	
560	311	765	  1	
560	315	765	  1	
560	323	765	  1	
562	182	765	  1	
563	296	765	  1	
565	168	765	  1	
565	235	765	  1	
566	231	765	  1	
566	237	765	  1	
567	320	765	  1	
567	327	765	  1	
568	 79	765	  1	
568	250	765	  1	
568	255	765	  1	
568	307	765	  1	
568	331	765	  1	
568	344	765	  1	
568	355	765	  1	
568	366	765	  1	
568	383	765	  1	
569	376	765	  1	
570	227	765	  1	
571	182	765	  1	
571	200	765	  1	
571	351	765	  1	
572	316	765	  1	
573	119	765	  1	
573	232	765	  1	
573	320	765	  1	
573	358	765	  1	
574	 72	765	  1	
574	224	765	  1	
575	207	765	  1	
575	310	765	  1	
575	383	765	  1	
575	440	765	  1	
576	 90	765	  1	
576	 95	765	  1	
576	108	765	  1	
576	154	765	  1	
576	210	765	  1	
576	261	765	  1	
576	272	765	  1	
576	279	765	  1	
576	312	765	  1	
576	360	765	  1	
579	200	765	  1	
579	367	765	  1	
579	543	765	  1	
581	208	765	  1	
581	215	765	  1	
581	318	765	  1	
582	  3	765	  1	
583	119	765	  1	
583	275	765	  1	
583	360	765	  1	
583	415	765	  1	
584	143	765	  1	
584	171	765	  1	
584	192	765	  1	
584	328	765	  1	
584	387	765	  1	
584	418	765	  1	
587	 80	765	  1	
587	152	765	  1	
587	159	765	  1	
587	176	765	  1	
587	264	765	  1	
588	111	765	  1	
588	366	765	  1	
589	138	765	  1	
589	223	765	  1	
589	254	765	  1	
590	168	765	  1	
590	270	765	  1	
590	287	765	  1	
590	312	765	  1	
590	392	765	  1	
591	117	765	  1	
591	192	765	  1	
591	384	765	  1	
591	400	765	  1	
592	 72	765	  1	
592	147	765	  1	
592	206	765	  1	
592	224	765	  1	
592	246	765	  1	
592	267	765	  1	
592	295	765	  1	
592	346	765	  1	
592	360	765	  1	
594	 78	765	  1	
594	 96	765	  1	
594	299	765	  1	
596	103	765	  1	
596	108	765	  1	
597	 72	765	  1	
597	208	765	  1	
597	215	765	  1	
598	  6	765	  1	
598	244	765	  1	
598	288	765	  1	
598	295	765	  1	
599	 78	765	  1	
599	101	765	  1	
599	442	765	  1	
600	113	765	  1	
600	175	765	  1	
600	238	765	  1	
600	246	765	  1	
600	267	765	  1	
600	439	765	  1	
602	119	765	  1	
602	191	765	  1	
602	304	765	  1	
603	134	765	  1	
603	226	765	  1	
603	248	765	  1	
605	111	765	  1	
605	239	765	  1	
606	114	765	  1	
607	216	765	  1	
607	246	765	  1	
608	 51	765	  1	
608	 99	765	  1	
608	160	765	  1	
608	207	765	  1	
608	269	765	  1	
608	276	765	  1	
611	375	765	  1	
612	183	765	  1	
612	264	765	  1	
613	256	765	  1	
615	 96	765	  1	
615	103	765	  1	
615	115	765	  1	
615	207	765	  1	
615	231	765	  1	
615	384	765	  1	
616	  0	765	  1	
616	  7	765	  1	
616	 72	765	  1	
616	130	765	  1	
616	192	765	  1	
616	236	765	  1	
616	248	765	  1	
616	286	765	  1	
616	312	765	  1	
616	319	765	  1	
616	352	765	  1	
618	255	765	  1	
619	  8	765	  1	
619	199	765	  1	
619	224	765	  1	
619	328	765	  1	
619	359	765	  1	
620	135	765	  1	
620	431	765	  1	
622	 69	765	  1	
622	128	765	  1	
622	167	765	  1	
622	284	765	  1	
623	  3	765	  1	
623	250	765	  1	
623	315	765	  1	
623	352	765	  1	
624	152	765	  1	
624	256	765	  1	
626	 37	765	  1	
627	120	765	  1	
627	263	765	  1	
629	 71	765	  1	
629	224	765	  1	
631	152	765	  1	
631	256	765	  1	
632	  7	765	  1	
632	272	765	  1	
634	143	765	  1	
635	  0	765	  1	
635	 80	765	  1	
636	282	765	  1	
637	135	765	  1	
638	 87	765	  1	
639	  7	765	  1	
640	 61	765	  1	
640	 77	765	  1	
640	119	765	  1	
646	231	765	  1	
647	174	765	  1	
648	472	765	  1	
651	158	765	  1	
651	312	765	  1	
651	335	765	  1	
655	256	765	  1	
656	316	765	  1	
656	416	765	  1	
656	423	765	  1	
658	528	765	  1	
659	298	765	  1	
663	499	765	  1	
664	 91	765	  1	
664	188	765	  1	
664	200	765	  1	
670	 55	765	  1	
672	 64	765	  1	
672	 70	765	  1	
672	 94	765	  1	
672	152	765	  1	
672	351	765	  1	
676	128	765	  1	
678	535	765	  1	
682	104	765	  1	
683	188	765	  1	
687	239	765	  1	
687	392	765	  1	
688	352	765	  1	
690	113	765	  1	
690	576	765	  1	
696	272	765	  1	
707	295	765	  1	
708	237	765	  1	
710	386	765	  1	
712	211	765	  1	
727	163	765	  1	
731	455	765	  1	
737	232	765	  1	
741	293	765	  1	
755	 23	765	  1	
