# 
#  Image file: Goad2_T0093.jpg
#  Applied threshold: 575
#  Algorithm used: fill2                 
#  Particle count: 1722
#  Location (x,y), max luminance, and mass:
# 
  0	311	765	  1	
  0	376	765	  1	
  3	208	765	  1	
  7	247	765	  1	
  8	235	765	  1	
 12	268	765	  1	
 15	310	765	  1	
 16	449	765	  1	
 17	355	765	  1	
 18	 24	765	  1	
 19	271	765	  1	
 23	541	765	  1	
 24	471	765	  1	
 26	223	765	  1	
 30	151	765	  1	
 35	143	765	  1	
 36	184	765	  1	
 39	151	765	  1	
 39	231	765	  1	
 39	383	765	  1	
 39	461	765	  1	
 40	196	765	  1	
 40	244	765	  1	
 40	352	765	  1	
 43	595	765	  1	
 46	279	765	  1	
 47	127	765	  1	
 48	 96	765	  1	
 48	235	765	  1	
 48	531	765	  1	
 50	143	765	  1	
 55	159	765	  1	
 55	283	765	  1	
 56	101	765	  1	
 56	248	765	  1	
 57	511	765	  1	
 62	256	765	  1	
 63	448	765	  1	
 64	 71	765	  1	
 64	101	765	  1	
 64	104	765	  1	
 64	274	765	  1	
 64	367	765	  1	
 65	360	765	  1	
 71	224	765	  1	
 72	239	765	  1	
 78	274	765	  1	
 79	 91	765	  1	
 80	342	765	  1	
 80	418	765	  1	
 80	423	765	  1	
 83	144	765	  1	
 83	235	765	  1	
 84	148	765	  1	
 87	175	765	  1	
 87	235	765	  1	
 89	160	765	  1	
 90	127	765	  1	
 92	299	765	  1	
 95	 66	765	  1	
 95	 87	765	  1	
 95	107	765	  1	
 95	155	765	  1	
 95	576	765	  1	
 96	130	765	  1	
 96	407	765	  1	
104	240	765	  1	
104	344	765	  1	
104	351	765	  1	
105	 72	765	  1	
108	135	765	  1	
111	439	765	  1	
112	296	765	  1	
112	376	765	  1	
114	357	765	  1	
115	383	765	  1	
118	120	765	  1	
118	367	765	  1	
119	375	765	  1	
120	 72	765	  1	
120	232	765	  1	
120	243	765	  1	
120	320	765	  1	
120	329	765	  1	
120	384	765	  1	
121	150	765	  1	
122	342	765	  1	
123	 79	765	  1	
123	287	765	  1	
124	271	765	  1	
126	163	765	  1	
126	384	765	  1	
127	 72	765	  1	
127	261	765	  1	
127	298	765	  1	
127	347	765	  1	
128	136	765	  1	
128	247	765	  1	
130	  0	765	  1	
131	333	765	  1	
132	245	765	  1	
134	266	765	  1	
134	383	765	  1	
135	241	765	  1	
135	263	765	  1	
135	412	765	  1	
135	483	765	  1	
136	139	765	  1	
136	491	765	  1	
137	360	765	  1	
139	  7	765	  1	
140	288	765	  1	
141	102	765	  1	
142	247	765	  1	
142	371	765	  1	
142	391	765	  1	
143	136	765	  1	
143	293	765	  1	
144	315	765	  1	
144	360	765	  1	
144	464	765	  1	
147	 94	765	  1	
148	349	765	  1	
149	218	765	  1	
149	223	765	  1	
151	464	765	  1	
152	 88	765	  1	
152	 99	765	  1	
152	138	765	  1	
152	356	765	  1	
153	216	765	  1	
153	223	765	  1	
154	 93	765	  1	
154	531	765	  1	
157	 14	765	  1	
157	136	765	  1	
157	143	765	  1	
157	280	765	  1	
158	 88	765	  1	
158	229	765	  1	
159	 23	765	  1	
159	 96	765	  1	
159	103	765	  1	
159	391	765	  1	
160	  4	765	  1	
160	101	765	  1	
160	109	765	  1	
160	121	765	  1	
160	125	765	  1	
160	134	765	  1	
160	144	765	  1	
160	181	765	  1	
160	187	765	  1	
160	252	765	  1	
160	504	765	  1	
161	429	765	  1	
163	248	765	  1	
164	 14	765	  1	
165	260	765	  1	
166	 16	765	  1	
167	133	765	  1	
167	184	765	  1	
167	191	765	  1	
167	264	765	  1	
167	424	765	  1	
167	542	765	  1	
168	 74	765	  1	
168	103	765	  1	
168	232	765	  1	
168	342	765	  1	
168	351	765	  1	
171	111	765	  1	
172	128	765	  1	
174	120	765	  1	
174	135	765	  1	
174	339	765	  1	
175	104	765	  1	
176	 19	765	  1	
176	 27	765	  1	
176	 88	765	  1	
176	 95	765	  1	
176	136	765	  1	
176	150	765	  1	
176	158	765	  1	
176	171	765	  1	
176	188	765	  1	
176	439	765	  1	
178	144	765	  1	
179	196	765	  1	
179	311	765	  1	
181	150	765	  1	
181	190	765	  1	
182	120	765	  1	
183	 16	765	  1	
183	 23	765	  1	
183	 31	765	  1	
183	144	765	  1	
183	158	765	  1	
183	168	765	  1	
183	175	765	  1	
183	392	765	  1	
184	104	765	  1	
184	128	765	  1	
184	200	765	  1	
184	265	765	  1	
184	271	765	  1	
184	288	765	  1	
184	295	765	  1	
184	354	765	  1	
184	402	765	  1	
186	 56	765	  1	
186	110	765	  1	
187	 63	765	  1	
190	104	765	  1	
191	 19	765	  1	
191	128	765	  1	
191	405	765	  1	
192	 16	765	  1	
192	 23	765	  1	
192	 75	765	  1	
192	134	765	  1	
192	248	765	  1	
192	455	765	  1	
195	 43	765	  1	
195	255	765	  1	
196	135	765	  1	
197	163	765	  1	
198	 56	765	  1	
198	197	765	  1	
198	208	765	  1	
199	 19	765	  1	
199	192	765	  1	
199	213	765	  1	
199	248	765	  1	
200	 55	765	  1	
200	143	765	  1	
200	148	765	  1	
200	174	765	  1	
200	302	765	  1	
200	376	765	  1	
200	382	765	  1	
201	 50	765	  1	
202	384	765	  1	
203	 72	765	  1	
203	168	765	  1	
205	  7	765	  1	
205	 32	765	  1	
205	176	765	  1	
207	 51	765	  1	
207	172	765	  1	
207	376	765	  1	
207	382	765	  1	
208	  3	765	  1	
208	104	765	  1	
208	111	765	  1	
208	151	765	  1	
208	203	765	  1	
208	208	765	  1	
208	384	765	  1	
208	403	765	  1	
210	 32	765	  1	
211	 11	765	  1	
211	144	765	  1	
211	168	765	  1	
211	200	765	  1	
211	207	765	  1	
211	215	765	  1	
213	 64	765	  1	
213	123	765	  1	
215	107	765	  1	
215	151	765	  1	
215	203	765	  1	
215	208	765	  1	
216	  5	765	  1	
216	 80	765	  1	
216	162	765	  1	
216	182	765	  1	
216	295	765	  1	
216	308	765	  1	
216	443	765	  1	
218	  0	765	  1	
218	158	765	  1	
218	398	765	  1	
219	 64	765	  1	
219	 71	765	  1	
219	434	765	  1	
220	360	765	  1	
221	 86	765	  1	
221	144	765	  1	
221	235	765	  1	
221	440	765	  1	
222	  6	765	  1	
222	266	765	  1	
223	 35	765	  1	
223	332	765	  1	
223	398	765	  1	
223	472	765	  1	
224	 96	765	  1	
224	112	765	  1	
224	115	765	  1	
224	128	765	  1	
224	186	765	  1	
224	211	765	  1	
224	349	765	  1	
224	408	765	  1	
224	437	765	  1	
225	 56	765	  1	
225	 63	765	  1	
225	122	765	  1	
227	320	765	  1	
227	456	765	  1	
227	551	765	  1	
228	112	765	  1	
228	127	765	  1	
228	160	765	  1	
228	432	765	  1	
229	 72	765	  1	
229	 88	765	  1	
229	134	765	  1	
229	370	765	  1	
231	120	765	  1	
231	152	765	  1	
231	184	765	  1	
231	191	765	  1	
231	211	765	  1	
231	271	765	  1	
231	410	765	  1	
231	504	765	  1	
232	  7	765	  1	
232	 44	765	  1	
232	139	765	  1	
232	144	765	  1	
232	150	765	  1	
232	163	765	  1	
232	216	765	  1	
232	357	765	  1	
232	392	765	  1	
232	431	765	  1	
232	442	765	  1	
232	471	765	  1	
232	536	765	  1	
234	155	765	  1	
234	221	765	  1	
235	  0	765	  1	
235	104	765	  1	
235	125	765	  1	
235	424	765	  1	
236	 64	765	  1	
237	 54	765	  1	
237	 88	765	  1	
237	187	765	  1	
238	310	765	  1	
238	394	765	  1	
239	  7	765	  1	
239	128	765	  1	
239	160	765	  1	
239	216	765	  1	
239	378	765	  1	
239	431	765	  1	
239	583	765	  1	
240	 16	765	  1	
240	 23	765	  1	
240	 48	765	  1	
240	 80	765	  1	
240	 98	765	  1	
240	104	765	  1	
240	163	765	  1	
240	200	765	  1	
240	239	765	  1	
240	301	765	  1	
240	384	765	  1	
241	205	765	  1	
243	148	765	  1	
243	216	765	  1	
243	399	765	  1	
245	  8	765	  1	
245	 96	765	  1	
245	174	765	  1	
245	215	765	  1	
246	 51	765	  1	
246	296	765	  1	
247	 31	765	  1	
247	184	765	  1	
247	191	765	  1	
247	203	765	  1	
247	239	765	  1	
247	285	765	  1	
247	406	765	  1	
248	 80	765	  1	
248	139	765	  1	
248	218	765	  1	
248	224	765	  1	
248	448	765	  1	
249	161	765	  1	
249	335	765	  1	
250	101	765	  1	
250	124	765	  1	
250	183	765	  1	
251	456	765	  1	
251	599	765	  1	
252	 71	765	  1	
252	132	765	  1	
252	191	765	  1	
252	196	765	  1	
253	112	765	  1	
253	144	765	  1	
253	151	765	  1	
253	159	765	  1	
253	436	765	  1	
255	 16	765	  1	
255	 80	765	  1	
255	 96	765	  1	
255	318	765	  1	
255	448	765	  1	
256	 87	765	  1	
256	104	765	  1	
256	167	765	  1	
256	208	765	  1	
256	215	765	  1	
256	258	765	  1	
256	269	765	  1	
256	359	765	  1	
256	416	765	  1	
256	479	765	  1	
256	527	765	  1	
256	542	765	  1	
258	448	765	  1	
259	230	765	  1	
259	367	765	  1	
259	520	765	  1	
259	599	765	  1	
261	384	765	  1	
261	519	765	  1	
262	408	765	  1	
262	454	765	  1	
262	560	765	  1	
263	143	765	  1	
263	208	765	  1	
263	440	765	  1	
263	527	765	  1	
263	536	765	  1	
264	 90	765	  1	
264	126	765	  1	
264	144	765	  1	
264	151	765	  1	
264	183	765	  1	
264	190	765	  1	
264	240	765	  1	
264	247	765	  1	
264	399	765	  1	
265	 80	765	  1	
265	167	765	  1	
266	225	765	  1	
266	392	765	  1	
268	176	765	  1	
268	230	765	  1	
268	254	765	  1	
268	408	765	  1	
269	 88	765	  1	
269	 95	765	  1	
269	247	765	  1	
269	327	765	  1	
270	317	765	  1	
270	424	765	  1	
270	446	765	  1	
270	464	765	  1	
270	470	765	  1	
271	147	765	  1	
271	190	765	  1	
271	225	765	  1	
271	256	765	  1	
271	387	765	  1	
271	399	765	  1	
272	 96	765	  1	
272	121	765	  1	
272	136	765	  1	
272	143	765	  1	
272	200	765	  1	
272	203	765	  1	
272	219	765	  1	
272	383	765	  1	
272	469	765	  1	
272	533	765	  1	
272	544	765	  1	
272	551	765	  1	
272	558	765	  1	
273	336	765	  1	
274	401	765	  1	
274	452	765	  1	
274	543	765	  1	
275	168	765	  1	
275	183	765	  1	
275	272	765	  1	
275	430	765	  1	
277	127	765	  1	
277	136	765	  1	
277	203	765	  1	
277	464	765	  1	
278	195	765	  1	
278	230	765	  1	
278	319	765	  1	
278	424	765	  1	
279	172	765	  1	
279	290	765	  1	
279	415	765	  1	
279	547	765	  1	
280	 12	765	  1	
280	 23	765	  1	
280	 71	765	  1	
280	128	765	  1	
280	132	765	  1	
280	157	765	  1	
280	163	765	  1	
280	183	765	  1	
280	256	765	  1	
280	376	765	  1	
280	467	765	  1	
282	152	765	  1	
282	381	765	  1	
283	 24	765	  1	
283	141	765	  1	
284	408	765	  1	
285	180	765	  1	
285	216	765	  1	
285	256	765	  1	
285	288	765	  1	
285	415	765	  1	
286	158	765	  1	
286	530	765	  1	
287	 71	765	  1	
287	168	765	  1	
287	296	765	  1	
288	 80	765	  1	
288	 88	765	  1	
288	 94	765	  1	
288	102	765	  1	
288	184	765	  1	
288	344	765	  1	
289	 56	765	  1	
290	229	765	  1	
290	367	765	  1	
291	  0	765	  1	
291	 72	765	  1	
291	191	765	  1	
291	198	765	  1	
292	  8	765	  1	
293	 86	765	  1	
293	170	765	  1	
294	103	765	  1	
294	231	765	  1	
295	120	765	  1	
295	184	765	  1	
296	  0	765	  1	
296	 16	765	  1	
296	 77	765	  1	
296	118	765	  1	
296	144	765	  1	
296	179	765	  1	
296	192	765	  1	
296	235	765	  1	
296	240	765	  1	
296	248	765	  1	
296	287	765	  1	
296	290	765	  1	
296	295	765	  1	
296	301	765	  1	
296	309	765	  1	
296	456	765	  1	
296	560	765	  1	
298	  7	765	  1	
299	  5	765	  1	
299	 23	765	  1	
299	147	765	  1	
299	438	765	  1	
300	 96	765	  1	
300	224	765	  1	
301	246	765	  1	
301	376	765	  1	
302	228	765	  1	
302	403	765	  1	
302	432	765	  1	
303	 16	765	  1	
303	192	765	  1	
303	301	765	  1	
303	568	765	  1	
304	 64	765	  1	
304	122	765	  1	
304	216	765	  1	
304	248	765	  1	
304	288	765	  1	
304	325	765	  1	
304	352	765	  1	
304	520	765	  1	
306	400	765	  1	
307	  0	765	  1	
307	 96	765	  1	
307	176	765	  1	
307	304	765	  1	
307	527	765	  1	
308	180	765	  1	
308	191	765	  1	
309	162	765	  1	
309	224	765	  1	
309	254	765	  1	
309	506	765	  1	
310	  6	765	  1	
310	 47	765	  1	
310	101	765	  1	
310	320	765	  1	
310	336	765	  1	
310	407	765	  1	
311	296	765	  1	
311	302	765	  1	
311	518	765	  1	
312	 19	765	  1	
312	 56	765	  1	
312	 72	765	  1	
312	 78	765	  1	
312	120	765	  1	
312	136	765	  1	
312	152	765	  1	
312	158	765	  1	
312	237	765	  1	
312	258	765	  1	
312	424	765	  1	
312	472	765	  1	
312	483	765	  1	
314	276	765	  1	
315	130	765	  1	
315	397	765	  1	
316	  0	765	  1	
316	143	765	  1	
316	288	765	  1	
317	 75	765	  1	
317	155	765	  1	
317	216	765	  1	
317	263	765	  1	
317	320	765	  1	
317	439	765	  1	
318	360	765	  1	
318	424	765	  1	
318	480	765	  1	
319	 16	765	  1	
319	 23	765	  1	
319	120	765	  1	
319	163	765	  1	
319	296	765	  1	
319	303	765	  1	
320	107	765	  1	
320	128	765	  1	
320	172	765	  1	
320	190	765	  1	
320	200	765	  1	
320	206	765	  1	
320	248	765	  1	
320	264	765	  1	
320	272	765	  1	
320	351	765	  1	
320	365	765	  1	
320	464	765	  1	
320	498	765	  1	
320	511	765	  1	
320	544	765	  1	
322	176	765	  1	
323	 64	765	  1	
323	160	765	  1	
323	471	765	  1	
323	504	765	  1	
324	334	765	  1	
325	 79	765	  1	
325	 96	765	  1	
325	126	765	  1	
325	203	765	  1	
325	304	765	  1	
325	480	765	  1	
325	503	765	  1	
326	186	765	  1	
326	328	765	  1	
326	336	765	  1	
326	344	765	  1	
326	367	765	  1	
327	182	765	  1	
327	216	765	  1	
327	351	765	  1	
327	464	765	  1	
327	511	765	  1	
328	  2	765	  1	
328	 47	765	  1	
328	213	765	  1	
328	269	765	  1	
328	279	765	  1	
328	317	765	  1	
328	443	765	  1	
328	452	765	  1	
328	531	765	  1	
329	 21	765	  1	
330	263	765	  1	
330	312	765	  1	
330	413	765	  1	
330	575	765	  1	
331	 40	765	  1	
331	 88	765	  1	
331	110	765	  1	
331	160	765	  1	
331	184	765	  1	
331	286	765	  1	
331	520	765	  1	
332	 71	765	  1	
333	171	765	  1	
333	288	765	  1	
333	455	765	  1	
333	551	765	  1	
334	 64	765	  1	
334	256	765	  1	
334	270	765	  1	
334	318	765	  1	
335	 47	765	  1	
335	408	765	  1	
335	435	765	  1	
336	144	765	  1	
336	152	765	  1	
336	202	765	  1	
336	208	765	  1	
336	216	765	  1	
336	226	765	  1	
336	231	765	  1	
336	240	765	  1	
336	248	765	  1	
336	304	765	  1	
336	312	765	  1	
336	341	765	  1	
336	359	765	  1	
336	365	765	  1	
338	207	765	  1	
338	245	765	  1	
339	176	765	  1	
339	373	765	  1	
339	403	765	  1	
340	111	765	  1	
340	195	765	  1	
341	  8	765	  1	
341	318	765	  1	
341	328	765	  1	
342	203	765	  1	
342	304	765	  1	
343	192	765	  1	
343	240	765	  1	
343	248	765	  1	
343	368	765	  1	
344	 24	765	  1	
344	 83	765	  1	
344	136	765	  1	
344	171	765	  1	
344	207	765	  1	
344	232	765	  1	
344	325	765	  1	
346	123	765	  1	
346	155	765	  1	
346	178	765	  1	
347	 88	765	  1	
347	183	765	  1	
348	 15	765	  1	
348	468	765	  1	
349	288	765	  1	
349	311	765	  1	
350	127	765	  1	
351	  0	765	  1	
351	 12	765	  1	
351	 80	765	  1	
351	 87	765	  1	
352	 16	765	  1	
352	 61	765	  1	
352	 82	765	  1	
352	 96	765	  1	
352	184	765	  1	
352	192	765	  1	
352	229	765	  1	
352	297	765	  1	
352	304	765	  1	
352	423	765	  1	
352	432	765	  1	
352	599	765	  1	
354	264	765	  1	
354	389	765	  1	
354	439	765	  1	
355	103	765	  1	
355	152	765	  1	
355	232	765	  1	
355	239	765	  1	
355	458	765	  1	
356	  4	765	  1	
356	127	765	  1	
356	221	765	  1	
357	 56	765	  1	
357	144	765	  1	
358	317	765	  1	
358	479	765	  1	
359	 96	765	  1	
359	274	765	  1	
359	376	765	  1	
359	510	765	  1	
360	 98	765	  1	
360	131	765	  1	
360	208	765	  1	
360	212	765	  1	
360	217	765	  1	
360	256	765	  1	
360	269	765	  1	
360	294	765	  1	
360	328	765	  1	
360	543	765	  1	
361	 48	765	  1	
361	 55	765	  1	
361	136	765	  1	
361	143	765	  1	
361	416	765	  1	
362	 24	765	  1	
363	277	765	  1	
364	440	765	  1	
365	190	765	  1	
365	200	765	  1	
365	213	765	  1	
365	292	765	  1	
366	157	765	  1	
366	216	765	  1	
366	266	765	  1	
367	139	765	  1	
367	271	765	  1	
367	308	765	  1	
367	363	765	  1	
367	496	765	  1	
368	 50	765	  1	
368	 87	765	  1	
368	 99	765	  1	
368	108	765	  1	
368	117	765	  1	
368	302	765	  1	
368	395	765	  1	
368	400	765	  1	
368	432	765	  1	
368	440	765	  1	
369	 39	765	  1	
369	470	765	  1	
370	218	765	  1	
370	236	765	  1	
370	264	765	  1	
371	 80	765	  1	
371	407	765	  1	
372	143	765	  1	
373	175	765	  1	
373	304	765	  1	
373	309	765	  1	
373	464	765	  1	
373	480	765	  1	
374	 32	765	  1	
374	118	765	  1	
374	128	765	  1	
374	439	765	  1	
375	 87	765	  1	
375	 96	765	  1	
375	184	765	  1	
375	400	765	  1	
375	528	765	  1	
376	  0	765	  1	
376	 14	765	  1	
376	 49	765	  1	
376	 93	765	  1	
376	 99	765	  1	
376	107	765	  1	
376	144	765	  1	
376	157	765	  1	
376	176	765	  1	
376	183	765	  1	
376	251	765	  1	
376	448	765	  1	
376	454	765	  1	
378	  4	765	  1	
378	 88	765	  1	
379	126	765	  1	
379	184	765	  1	
379	214	765	  1	
380	135	765	  1	
380	250	765	  1	
380	368	765	  1	
381	 56	765	  1	
381	143	765	  1	
381	150	765	  1	
381	328	765	  1	
382	 94	765	  1	
382	223	765	  1	
382	375	765	  1	
382	437	765	  1	
383	 23	765	  1	
383	176	765	  1	
383	183	765	  1	
383	227	765	  1	
384	  0	765	  1	
384	 29	765	  1	
384	112	765	  1	
384	136	765	  1	
384	173	765	  1	
384	206	765	  1	
384	224	765	  1	
384	231	765	  1	
384	247	765	  1	
384	252	765	  1	
384	264	765	  1	
384	304	765	  1	
384	323	765	  1	
384	583	765	  1	
386	317	765	  1	
386	326	765	  1	
387	 48	765	  1	
387	194	765	  1	
387	443	765	  1	
388	112	765	  1	
388	116	765	  1	
389	  8	765	  1	
389	168	765	  1	
389	187	765	  1	
390	 54	765	  1	
390	 80	765	  1	
390	212	765	  1	
390	224	765	  1	
390	231	765	  1	
391	136	765	  1	
391	240	765	  1	
391	569	765	  1	
392	  5	765	  1	
392	 34	765	  1	
392	 56	765	  1	
392	 73	765	  1	
392	122	765	  1	
392	152	765	  1	
392	161	765	  1	
392	208	765	  1	
392	233	765	  1	
392	300	765	  1	
392	319	765	  1	
392	454	765	  1	
394	  0	765	  1	
395	312	765	  1	
395	384	765	  1	
396	 79	765	  1	
396	407	765	  1	
397	120	765	  1	
397	174	765	  1	
397	243	765	  1	
398	  6	765	  1	
398	152	765	  1	
399	 72	765	  1	
399	231	765	  1	
399	319	765	  1	
400	 31	765	  1	
400	 64	765	  1	
400	 74	765	  1	
400	153	765	  1	
400	184	765	  1	
400	288	765	  1	
400	312	765	  1	
401	 79	765	  1	
402	165	765	  1	
403	395	765	  1	
404	 93	765	  1	
404	153	765	  1	
405	 27	765	  1	
406	184	765	  1	
406	226	765	  1	
406	291	765	  1	
407	 79	765	  1	
407	158	765	  1	
407	296	765	  1	
407	311	765	  1	
407	496	765	  1	
408	 98	765	  1	
408	152	765	  1	
408	179	765	  1	
408	192	765	  1	
408	196	765	  1	
408	207	765	  1	
408	272	765	  1	
408	416	765	  1	
408	439	765	  1	
408	456	765	  1	
409	147	765	  1	
410	 23	765	  1	
410	156	765	  1	
410	427	765	  1	
411	102	765	  1	
411	200	765	  1	
412	 37	765	  1	
413	  0	765	  1	
413	152	765	  1	
414	197	765	  1	
414	228	765	  1	
415	 96	765	  1	
415	176	765	  1	
415	183	765	  1	
415	192	765	  1	
415	207	765	  1	
416	 16	765	  1	
416	 56	765	  1	
416	104	765	  1	
416	159	765	  1	
416	168	765	  1	
416	241	765	  1	
416	249	765	  1	
416	272	765	  1	
416	279	765	  1	
416	351	765	  1	
417	 32	765	  1	
417	 87	765	  1	
417	152	765	  1	
419	 90	765	  1	
419	344	765	  1	
420	167	765	  1	
421	  0	765	  1	
421	 22	765	  1	
421	 96	765	  1	
421	114	765	  1	
422	 55	765	  1	
423	 73	765	  1	
423	152	765	  1	
423	160	765	  1	
423	162	765	  1	
423	279	765	  1	
423	351	765	  1	
424	 14	765	  1	
424	 35	765	  1	
424	 45	765	  1	
424	 88	765	  1	
424	105	765	  1	
424	118	765	  1	
424	134	765	  1	
424	288	765	  1	
424	295	765	  1	
424	311	765	  1	
425	 59	765	  1	
426	216	765	  1	
427	  8	765	  1	
427	 55	765	  1	
427	128	765	  1	
427	223	765	  1	
429	102	765	  1	
429	371	765	  1	
430	 48	765	  1	
430	155	765	  1	
431	170	765	  1	
431	192	765	  1	
431	291	765	  1	
432	  0	765	  1	
432	 93	765	  1	
432	123	765	  1	
432	146	765	  1	
432	159	765	  1	
432	182	765	  1	
432	207	765	  1	
432	247	765	  1	
432	280	765	  1	
432	349	765	  1	
432	395	765	  1	
433	240	765	  1	
434	144	765	  1	
435	 11	765	  1	
436	 88	765	  1	
437	 16	765	  1	
437	336	765	  1	
438	126	765	  1	
438	152	765	  1	
438	175	765	  1	
438	344	765	  1	
439	182	765	  1	
439	244	765	  1	
439	250	765	  1	
439	280	765	  1	
439	392	765	  1	
439	399	765	  1	
439	439	765	  1	
440	132	765	  1	
440	243	765	  1	
440	271	765	  1	
441	163	765	  1	
442	384	765	  1	
442	399	765	  1	
443	 15	765	  1	
443	189	765	  1	
443	206	765	  1	
445	 96	765	  1	
445	240	765	  1	
445	390	765	  1	
446	120	765	  1	
446	200	765	  1	
446	271	765	  1	
447	145	765	  1	
448	 16	765	  1	
448	 47	765	  1	
448	 77	765	  1	
448	131	765	  1	
448	176	765	  1	
448	192	765	  1	
448	348	765	  1	
450	344	765	  1	
451	183	765	  1	
451	232	765	  1	
453	120	765	  1	
453	147	765	  1	
454	 16	765	  1	
454	271	765	  1	
454	348	765	  1	
454	360	765	  1	
455	 45	765	  1	
455	176	765	  1	
455	327	765	  1	
456	117	765	  1	
456	128	765	  1	
456	135	765	  1	
456	160	765	  1	
456	167	765	  1	
456	178	765	  1	
456	194	765	  1	
456	212	765	  1	
456	336	765	  1	
456	342	765	  1	
456	375	765	  1	
456	387	765	  1	
458	112	765	  1	
458	315	765	  1	
459	368	765	  1	
460	305	765	  1	
461	  0	765	  1	
461	120	765	  1	
461	199	765	  1	
462	 33	765	  1	
462	381	765	  1	
462	386	765	  1	
463	 56	765	  1	
463	375	765	  1	
463	544	765	  1	
464	 16	765	  1	
464	 93	765	  1	
464	106	765	  1	
464	112	765	  1	
464	141	765	  1	
464	200	765	  1	
464	352	765	  1	
464	368	765	  1	
467	125	765	  1	
467	224	765	  1	
467	359	765	  1	
469	115	765	  1	
469	171	765	  1	
469	218	765	  1	
470	242	765	  1	
470	247	765	  1	
471	231	765	  1	
471	352	765	  1	
471	375	765	  1	
472	157	765	  1	
472	176	765	  1	
472	189	765	  1	
472	203	765	  1	
472	216	765	  1	
472	307	765	  1	
474	215	765	  1	
474	328	765	  1	
474	344	765	  1	
475	278	765	  1	
477	144	765	  1	
477	232	765	  1	
477	304	765	  1	
477	465	765	  1	
478	219	765	  1	
479	208	765	  1	
479	471	765	  1	
480	 23	765	  1	
480	 56	765	  1	
480	 69	765	  1	
480	 80	765	  1	
480	112	765	  1	
480	120	765	  1	
480	127	765	  1	
480	240	765	  1	
480	247	765	  1	
481	280	765	  1	
481	285	765	  1	
482	 18	765	  1	
482	 31	765	  1	
482	135	765	  1	
482	253	765	  1	
482	344	765	  1	
483	418	765	  1	
485	 55	765	  1	
485	 63	765	  1	
485	295	765	  1	
486	 23	765	  1	
487	172	765	  1	
487	447	765	  1	
487	582	765	  1	
488	 56	765	  1	
488	 72	765	  1	
488	 90	765	  1	
488	 97	765	  1	
488	153	765	  1	
488	184	765	  1	
488	191	765	  1	
488	194	765	  1	
488	213	765	  1	
488	282	765	  1	
488	287	765	  1	
488	336	765	  1	
490	102	765	  1	
491	343	765	  1	
493	  0	765	  1	
493	  7	765	  1	
493	 39	765	  1	
493	 96	765	  1	
493	133	765	  1	
493	199	765	  1	
493	240	765	  1	
493	275	765	  1	
493	378	765	  1	
493	383	765	  1	
494	101	765	  1	
495	 59	765	  1	
495	336	765	  1	
496	 21	765	  1	
496	 24	765	  1	
496	 32	765	  1	
496	 74	765	  1	
496	 86	765	  1	
496	104	765	  1	
496	168	765	  1	
496	179	765	  1	
496	256	765	  1	
496	262	765	  1	
496	267	765	  1	
496	344	765	  1	
496	348	765	  1	
496	373	765	  1	
497	 15	765	  1	
497	 37	765	  1	
497	175	765	  1	
497	290	765	  1	
497	295	765	  1	
498	 19	765	  1	
498	128	765	  1	
498	280	765	  1	
499	  8	765	  1	
499	 31	765	  1	
499	 91	765	  1	
499	328	765	  1	
500	104	765	  1	
500	152	765	  1	
501	  0	765	  1	
501	 83	765	  1	
501	118	765	  1	
501	131	765	  1	
501	192	765	  1	
501	259	765	  1	
501	264	765	  1	
502	 20	765	  1	
502	158	765	  1	
502	365	765	  1	
503	 24	765	  1	
503	169	765	  1	
503	286	765	  1	
503	408	765	  1	
504	 21	765	  1	
504	 48	765	  1	
504	 63	765	  1	
504	 71	765	  1	
504	104	765	  1	
504	144	765	  1	
504	167	765	  1	
504	190	765	  1	
504	224	765	  1	
504	230	765	  1	
504	263	765	  1	
504	274	765	  1	
504	288	765	  1	
504	323	765	  1	
504	359	765	  1	
504	424	765	  1	
506	 23	765	  1	
506	184	765	  1	
506	227	765	  1	
507	 19	765	  1	
507	160	765	  1	
507	200	765	  1	
507	239	765	  1	
509	 75	765	  1	
509	 86	765	  1	
509	388	765	  1	
510	224	765	  1	
510	231	765	  1	
511	 23	765	  1	
511	104	765	  1	
511	167	765	  1	
511	190	765	  1	
511	320	765	  1	
511	327	765	  1	
512	  8	765	  1	
512	135	765	  1	
512	192	765	  1	
512	199	765	  1	
512	212	765	  1	
512	239	765	  1	
512	311	765	  1	
514	 53	765	  1	
514	151	765	  1	
514	223	765	  1	
514	274	765	  1	
514	317	765	  1	
514	416	765	  1	
515	 36	765	  1	
515	208	765	  1	
515	232	765	  1	
515	296	765	  1	
516	112	765	  1	
517	285	765	  1	
518	256	765	  1	
518	399	765	  1	
519	107	765	  1	
519	239	765	  1	
519	311	765	  1	
519	348	765	  1	
520	 77	765	  1	
520	217	765	  1	
520	304	765	  1	
520	336	765	  1	
520	354	765	  1	
522	165	765	  1	
523	160	765	  1	
523	215	765	  1	
523	296	765	  1	
524	 47	765	  1	
524	168	765	  1	
525	136	765	  1	
525	248	765	  1	
525	310	765	  1	
526	216	765	  1	
526	223	765	  1	
526	383	765	  1	
527	175	765	  1	
528	 66	765	  1	
528	 82	765	  1	
528	113	765	  1	
528	160	765	  1	
528	166	765	  1	
528	191	765	  1	
528	200	765	  1	
528	232	765	  1	
528	240	765	  1	
528	246	765	  1	
528	267	765	  1	
528	312	765	  1	
528	440	765	  1	
530	103	765	  1	
530	184	765	  1	
530	206	765	  1	
530	279	765	  1	
531	  8	765	  1	
531	116	765	  1	
531	120	765	  1	
531	310	765	  1	
531	376	765	  1	
532	 95	765	  1	
533	 67	765	  1	
533	163	765	  1	
533	347	765	  1	
534	 56	765	  1	
534	101	765	  1	
534	127	765	  1	
534	200	765	  1	
535	191	765	  1	
535	383	765	  1	
536	 59	765	  1	
536	112	765	  1	
536	119	765	  1	
536	133	765	  1	
536	168	765	  1	
536	184	765	  1	
536	234	765	  1	
536	244	765	  1	
536	253	765	  1	
536	260	765	  1	
536	288	765	  1	
536	296	765	  1	
536	304	765	  1	
536	320	765	  1	
536	324	765	  1	
536	376	765	  1	
536	391	765	  1	
537	280	765	  1	
538	128	765	  1	
538	173	765	  1	
538	294	765	  1	
539	 91	765	  1	
539	240	765	  1	
540	168	765	  1	
540	208	765	  1	
540	379	765	  1	
541	103	765	  1	
541	120	765	  1	
542	 96	765	  1	
542	134	765	  1	
542	144	765	  1	
542	152	765	  1	
542	288	765	  1	
542	303	765	  1	
543	 56	765	  1	
543	 63	765	  1	
543	173	765	  1	
543	264	765	  1	
543	387	765	  1	
544	 72	765	  1	
544	160	765	  1	
544	167	765	  1	
544	211	765	  1	
544	216	765	  1	
544	274	765	  1	
544	279	765	  1	
544	295	765	  1	
544	354	765	  1	
546	102	765	  1	
546	322	765	  1	
547	327	765	  1	
548	152	765	  1	
550	 56	765	  1	
550	 63	765	  1	
550	 96	765	  1	
550	220	765	  1	
550	376	765	  1	
551	163	765	  1	
551	279	765	  1	
551	291	765	  1	
552	  8	765	  1	
552	 72	765	  1	
552	 79	765	  1	
552	130	765	  1	
552	135	765	  1	
552	235	765	  1	
552	248	765	  1	
552	255	765	  1	
552	296	765	  1	
552	375	765	  1	
554	397	765	  1	
555	 56	765	  1	
555	143	765	  1	
555	159	765	  1	
555	368	765	  1	
555	392	765	  1	
557	208	765	  1	
558	  9	765	  1	
558	 95	765	  1	
558	133	765	  1	
558	192	765	  1	
558	262	765	  1	
559	 63	765	  1	
559	136	765	  1	
559	216	765	  1	
559	296	765	  1	
559	375	765	  1	
560	 53	765	  1	
560	 64	765	  1	
560	102	765	  1	
560	120	765	  1	
560	176	765	  1	
560	306	765	  1	
560	315	765	  1	
560	368	765	  1	
560	384	765	  1	
560	392	765	  1	
562	 96	765	  1	
563	296	765	  1	
563	390	765	  1	
564	  3	765	  1	
564	182	765	  1	
565	164	765	  1	
565	305	765	  1	
566	302	765	  1	
567	 47	765	  1	
567	100	765	  1	
567	371	765	  1	
568	  5	765	  1	
568	102	765	  1	
568	113	765	  1	
568	118	765	  1	
568	139	765	  1	
568	207	765	  1	
568	272	765	  1	
568	327	765	  1	
568	330	765	  1	
568	400	765	  1	
568	435	765	  1	
569	246	765	  1	
573	114	765	  1	
573	119	765	  1	
573	128	765	  1	
573	195	765	  1	
573	278	765	  1	
573	335	765	  1	
574	  0	765	  1	
574	143	765	  1	
574	163	765	  1	
575	 87	765	  1	
575	102	765	  1	
575	311	765	  1	
575	320	765	  1	
575	432	765	  1	
575	439	765	  1	
576	 63	765	  1	
576	 96	765	  1	
576	206	765	  1	
576	232	765	  1	
576	247	765	  1	
576	271	765	  1	
576	351	765	  1	
577	264	765	  1	
578	112	765	  1	
579	103	765	  1	
579	128	765	  1	
579	370	765	  1	
581	184	765	  1	
581	296	765	  1	
581	335	765	  1	
583	 96	765	  1	
583	279	765	  1	
584	146	765	  1	
584	171	765	  1	
584	192	765	  1	
584	200	765	  1	
584	208	765	  1	
584	237	765	  1	
584	261	765	  1	
584	283	765	  1	
584	322	765	  1	
584	352	765	  1	
584	360	765	  1	
584	422	765	  1	
586	110	765	  1	
586	199	765	  1	
587	311	765	  1	
588	 14	765	  1	
589	256	765	  1	
590	  8	765	  1	
590	 91	765	  1	
590	212	765	  1	
591	 16	765	  1	
591	110	765	  1	
591	168	765	  1	
591	175	765	  1	
591	275	765	  1	
591	287	765	  1	
592	  0	765	  1	
592	 60	765	  1	
592	 72	765	  1	
592	114	765	  1	
592	193	765	  1	
592	248	765	  1	
592	332	765	  1	
592	524	765	  1	
595	 15	765	  1	
595	 79	765	  1	
595	107	765	  1	
595	224	765	  1	
595	296	765	  1	
595	328	765	  1	
595	351	765	  1	
596	383	765	  1	
597	101	765	  1	
597	572	765	  1	
599	  0	765	  1	
599	 72	765	  1	
599	116	765	  1	
599	288	765	  1	
599	302	765	  1	
599	456	765	  1	
599	464	765	  1	
600	 63	765	  1	
600	 89	765	  1	
600	101	765	  1	
600	112	765	  1	
600	120	765	  1	
600	240	765	  1	
600	258	765	  1	
600	287	765	  1	
600	319	765	  1	
600	335	765	  1	
600	518	765	  1	
603	119	765	  1	
603	126	765	  1	
603	280	765	  1	
604	 66	765	  1	
605	248	765	  1	
605	296	765	  1	
606	 71	765	  1	
606	 96	765	  1	
606	288	765	  1	
606	304	765	  1	
607	 93	765	  1	
607	112	765	  1	
607	208	765	  1	
607	240	765	  1	
608	 79	765	  1	
608	120	765	  1	
608	144	765	  1	
608	160	765	  1	
608	165	765	  1	
608	187	765	  1	
608	277	765	  1	
609	284	765	  1	
610	331	765	  1	
611	127	765	  1	
612	356	765	  1	
613	272	765	  1	
614	208	765	  1	
614	306	765	  1	
614	434	765	  1	
615	 79	765	  1	
615	120	765	  1	
615	162	765	  1	
615	167	765	  1	
615	256	765	  1	
615	483	765	  1	
616	112	765	  1	
616	131	765	  1	
616	247	765	  1	
616	287	765	  1	
616	344	765	  1	
616	424	765	  1	
618	  8	765	  1	
619	423	765	  1	
620	213	765	  1	
620	287	765	  1	
622	116	765	  1	
623	 69	765	  1	
623	128	765	  1	
623	135	765	  1	
623	276	765	  1	
623	281	765	  1	
623	353	765	  1	
623	491	765	  1	
624	 79	765	  1	
624	240	765	  1	
624	258	765	  1	
624	288	765	  1	
624	304	765	  1	
624	573	765	  1	
625	295	765	  1	
627	248	765	  1	
627	311	765	  1	
628	160	765	  1	
629	262	765	  1	
631	271	765	  1	
631	304	765	  1	
631	382	765	  1	
631	488	765	  1	
632	232	765	  1	
632	463	765	  1	
634	103	765	  1	
635	239	765	  1	
635	295	765	  1	
635	448	765	  1	
637	 98	765	  1	
639	103	765	  1	
639	232	765	  1	
639	269	765	  1	
639	316	765	  1	
639	384	765	  1	
640	 16	765	  1	
640	152	765	  1	
640	175	765	  1	
640	247	765	  1	
640	304	765	  1	
640	347	765	  1	
643	168	765	  1	
644	310	765	  1	
646	 16	765	  1	
647	175	765	  1	
647	388	765	  1	
647	530	765	  1	
648	 91	765	  1	
648	115	765	  1	
648	405	765	  1	
651	102	765	  1	
653	119	765	  1	
655	 91	765	  1	
655	405	765	  1	
656	 68	765	  1	
656	 78	765	  1	
656	384	765	  1	
663	 71	765	  1	
664	120	765	  1	
664	127	765	  1	
664	172	765	  1	
664	183	765	  1	
664	200	765	  1	
667	266	765	  1	
670	143	765	  1	
670	196	765	  1	
671	123	765	  1	
671	176	765	  1	
671	279	765	  1	
672	  8	765	  1	
675	373	765	  1	
679	 15	765	  1	
679	230	765	  1	
680	168	765	  1	
682	145	765	  1	
683	175	765	  1	
683	179	765	  1	
687	168	765	  1	
688	175	765	  1	
692	157	765	  1	
694	239	765	  1	
702	317	765	  1	
704	208	765	  1	
707	302	765	  1	
708	231	765	  1	
718	346	765	  1	
730	119	765	  1	
