# 
#  Image file: Goad2_T0153.jpg
#  Applied threshold: 575
#  Algorithm used: fill2                 
#  Particle count: 1638
#  Location (x,y), max luminance, and mass:
# 
  0	120	765	  1	
  7	199	765	  1	
  7	384	765	  1	
  7	391	765	  1	
  7	408	765	  1	
  8	136	765	  1	
  8	192	765	  1	
  8	240	765	  1	
 13	199	765	  1	
 15	162	765	  1	
 17	319	765	  1	
 21	288	765	  1	
 24	375	765	  1	
 25	402	765	  1	
 30	283	765	  1	
 30	421	765	  1	
 31	487	765	  1	
 32	 72	765	  1	
 32	112	765	  1	
 32	367	765	  1	
 34	128	765	  1	
 39	183	765	  1	
 42	541	765	  1	
 43	114	765	  1	
 43	418	765	  1	
 46	260	765	  1	
 47	296	765	  1	
 51	348	765	  1	
 52	231	765	  1	
 53	562	765	  1	
 55	243	765	  1	
 56	 92	765	  1	
 56	107	765	  1	
 58	198	765	  1	
 61	103	765	  1	
 63	 15	765	  1	
 63	101	765	  1	
 63	104	765	  1	
 63	189	765	  1	
 64	294	765	  1	
 66	111	765	  1	
 70	279	765	  1	
 71	295	765	  1	
 72	148	765	  1	
 72	171	765	  1	
 72	304	765	  1	
 75	551	765	  1	
 76	180	765	  1	
 79	189	765	  1	
 79	384	765	  1	
 80	149	765	  1	
 83	144	765	  1	
 83	343	765	  1	
 84	149	765	  1	
 87	143	765	  1	
 87	264	765	  1	
 88	151	765	  1	
 88	408	765	  1	
 91	 95	765	  1	
 91	136	765	  1	
 91	413	765	  1	
 94	372	765	  1	
 94	408	765	  1	
 95	144	765	  1	
101	121	765	  1	
104	183	765	  1	
104	248	765	  1	
104	360	765	  1	
104	400	765	  1	
104	412	765	  1	
106	272	765	  1	
109	368	765	  1	
110	347	765	  1	
111	166	765	  1	
111	248	765	  1	
111	274	765	  1	
111	472	765	  1	
111	496	765	  1	
114	175	765	  1	
114	405	765	  1	
116	 24	765	  1	
120	147	765	  1	
120	168	765	  1	
120	218	765	  1	
120	232	765	  1	
120	470	765	  1	
125	271	765	  1	
126	216	765	  1	
126	431	765	  1	
127	144	765	  1	
127	151	765	  1	
127	168	765	  1	
127	229	765	  1	
127	237	765	  1	
127	290	765	  1	
128	 84	765	  1	
131	352	765	  1	
135	188	765	  1	
135	239	765	  1	
135	311	765	  1	
136	  1	765	  1	
136	 96	765	  1	
136	104	765	  1	
136	243	765	  1	
136	445	765	  1	
138	239	765	  1	
139	 76	765	  1	
139	208	765	  1	
139	284	765	  1	
141	144	765	  1	
143	  0	765	  1	
143	 96	765	  1	
143	240	765	  1	
143	247	765	  1	
143	370	765	  1	
144	228	765	  1	
144	259	765	  1	
144	387	765	  1	
145	195	765	  1	
146	307	765	  1	
147	224	765	  1	
148	184	765	  1	
150	 84	765	  1	
151	111	765	  1	
151	207	765	  1	
152	141	765	  1	
152	182	765	  1	
152	256	765	  1	
152	378	765	  1	
152	386	765	  1	
153	239	765	  1	
154	271	765	  1	
155	232	765	  1	
156	247	765	  1	
157	395	765	  1	
159	182	765	  1	
159	256	765	  1	
159	270	765	  1	
159	311	765	  1	
160	 82	765	  1	
160	 96	765	  1	
160	120	765	  1	
160	172	765	  1	
160	187	765	  1	
160	232	765	  1	
160	352	765	  1	
160	359	765	  1	
160	415	765	  1	
162	194	765	  1	
163	127	765	  1	
163	199	765	  1	
165	170	765	  1	
165	312	765	  1	
165	317	765	  1	
166	100	765	  1	
167	 23	765	  1	
167	 87	765	  1	
167	120	765	  1	
167	184	765	  1	
167	191	765	  1	
167	232	765	  1	
167	391	765	  1	
167	535	765	  1	
168	 67	765	  1	
168	334	765	  1	
168	382	765	  1	
170	224	765	  1	
170	376	765	  1	
171	158	765	  1	
171	279	765	  1	
171	328	765	  1	
171	339	765	  1	
172	 15	765	  1	
173	 80	765	  1	
173	183	765	  1	
173	400	765	  1	
174	  8	765	  1	
174	229	765	  1	
174	471	765	  1	
175	152	765	  1	
175	405	765	  1	
176	 43	765	  1	
176	 87	765	  1	
176	141	765	  1	
176	151	765	  1	
176	187	765	  1	
176	194	765	  1	
176	203	765	  1	
176	307	765	  1	
176	344	765	  1	
176	351	765	  1	
176	383	765	  1	
176	392	765	  1	
176	399	765	  1	
178	184	765	  1	
179	 24	765	  1	
179	376	765	  1	
179	480	765	  1	
181	188	765	  1	
182	184	765	  1	
182	200	765	  1	
182	304	765	  1	
183	147	765	  1	
183	383	765	  1	
183	395	765	  1	
184	 72	765	  1	
184	126	765	  1	
184	232	765	  1	
184	238	765	  1	
184	291	765	  1	
184	320	765	  1	
184	367	765	  1	
184	375	765	  1	
184	408	765	  1	
186	 80	765	  1	
186	138	765	  1	
186	309	765	  1	
187	143	765	  1	
187	152	765	  1	
187	166	765	  1	
187	216	765	  1	
187	223	765	  1	
187	327	765	  1	
187	415	765	  1	
188	370	765	  1	
188	488	765	  1	
189	 84	765	  1	
189	120	765	  1	
190	157	765	  1	
190	160	765	  1	
190	367	765	  1	
191	288	765	  1	
191	295	765	  1	
191	320	765	  1	
191	408	765	  1	
192	  7	765	  1	
192	 11	765	  1	
192	 48	765	  1	
192	108	765	  1	
192	250	765	  1	
192	455	765	  1	
193	519	765	  1	
194	271	765	  1	
194	319	765	  1	
194	328	765	  1	
195	  0	765	  1	
195	119	765	  1	
195	293	765	  1	
197	260	765	  1	
198	443	765	  1	
199	  7	765	  1	
199	114	765	  1	
199	268	765	  1	
199	390	765	  1	
199	535	765	  1	
200	 32	765	  1	
200	133	765	  1	
200	287	765	  1	
200	423	765	  1	
201	375	765	  1	
203	280	765	  1	
203	304	765	  1	
203	352	765	  1	
203	416	765	  1	
203	480	765	  1	
204	368	765	  1	
205	 23	765	  1	
205	271	765	  1	
205	344	765	  1	
206	  7	765	  1	
206	291	765	  1	
206	524	765	  1	
207	 32	765	  1	
207	287	765	  1	
207	374	765	  1	
207	423	765	  1	
208	 79	765	  1	
208	144	765	  1	
208	320	765	  1	
208	352	765	  1	
208	527	765	  1	
208	546	765	  1	
209	431	765	  1	
210	554	765	  1	
211	277	765	  1	
211	327	765	  1	
211	559	765	  1	
212	389	765	  1	
212	462	765	  1	
213	 74	765	  1	
213	112	765	  1	
214	358	765	  1	
215	320	765	  1	
215	527	765	  1	
215	546	765	  1	
216	  6	765	  1	
216	104	765	  1	
216	155	765	  1	
216	538	765	  1	
218	239	765	  1	
218	343	765	  1	
221	  8	765	  1	
221	152	765	  1	
221	239	765	  1	
221	251	765	  1	
221	543	765	  1	
222	118	765	  1	
223	213	765	  1	
223	336	765	  1	
224	 52	765	  1	
224	104	765	  1	
224	125	765	  1	
224	232	765	  1	
224	328	765	  1	
224	335	765	  1	
224	416	765	  1	
224	558	765	  1	
224	576	765	  1	
226	592	765	  1	
227	  0	765	  1	
227	110	765	  1	
227	248	765	  1	
227	423	765	  1	
227	430	765	  1	
229	120	765	  1	
229	160	765	  1	
229	480	765	  1	
229	597	765	  1	
230	555	765	  1	
231	331	765	  1	
231	416	765	  1	
231	586	765	  1	
231	592	765	  1	
232	 16	765	  1	
232	 23	765	  1	
232	117	765	  1	
232	123	765	  1	
232	272	765	  1	
232	279	765	  1	
232	408	765	  1	
234	  8	765	  1	
234	163	765	  1	
235	155	765	  1	
235	232	765	  1	
235	376	765	  1	
235	383	765	  1	
235	415	765	  1	
236	141	765	  1	
237	 64	765	  1	
237	112	765	  1	
239	 19	765	  1	
239	 48	765	  1	
239	243	765	  1	
239	275	765	  1	
239	408	765	  1	
240	  2	765	  1	
240	 99	765	  1	
240	190	765	  1	
240	283	765	  1	
240	319	765	  1	
240	370	765	  1	
240	375	765	  1	
240	461	765	  1	
242	 72	765	  1	
242	164	765	  1	
243	184	765	  1	
243	312	765	  1	
245	136	765	  1	
245	335	765	  1	
245	451	765	  1	
246	 96	765	  1	
246	276	765	  1	
246	370	765	  1	
246	416	765	  1	
247	319	765	  1	
247	375	765	  1	
248	  6	765	  1	
248	133	765	  1	
248	138	765	  1	
248	168	765	  1	
248	184	765	  1	
248	200	765	  1	
248	219	765	  1	
248	599	765	  1	
249	407	765	  1	
251	120	765	  1	
253	 87	765	  1	
253	136	765	  1	
253	143	765	  1	
253	190	765	  1	
253	396	765	  1	
254	298	765	  1	
254	372	765	  1	
255	  6	765	  1	
255	519	765	  1	
255	526	765	  1	
256	101	765	  1	
256	124	765	  1	
256	134	765	  1	
256	165	765	  1	
256	184	765	  1	
256	207	765	  1	
256	210	765	  1	
256	224	765	  1	
256	261	765	  1	
256	349	765	  1	
256	454	765	  1	
258	280	765	  1	
259	 13	765	  1	
259	128	765	  1	
259	239	765	  1	
259	403	765	  1	
260	311	765	  1	
261	 40	765	  1	
261	187	765	  1	
261	395	765	  1	
262	231	765	  1	
262	344	765	  1	
263	 71	765	  1	
263	131	765	  1	
263	144	765	  1	
263	398	765	  1	
264	  0	765	  1	
264	  8	765	  1	
264	 88	765	  1	
264	117	765	  1	
264	162	765	  1	
264	219	765	  1	
264	239	765	  1	
264	243	765	  1	
264	256	765	  1	
264	374	765	  1	
264	400	765	  1	
264	432	765	  1	
264	463	765	  1	
266	104	765	  1	
266	111	765	  1	
266	368	765	  1	
267	155	765	  1	
267	344	765	  1	
267	410	765	  1	
269	480	765	  1	
269	516	765	  1	
270	 11	765	  1	
270	118	765	  1	
270	144	765	  1	
270	220	765	  1	
270	375	765	  1	
271	 99	765	  1	
271	232	765	  1	
271	240	765	  1	
271	247	765	  1	
272	 95	765	  1	
272	103	765	  1	
272	120	765	  1	
272	136	765	  1	
272	190	765	  1	
272	199	765	  1	
272	304	765	  1	
272	330	765	  1	
272	430	765	  1	
272	439	765	  1	
272	499	765	  1	
272	533	765	  1	
272	538	765	  1	
272	560	765	  1	
273	240	765	  1	
274	 88	765	  1	
274	400	765	  1	
275	 96	765	  1	
275	144	765	  1	
275	158	765	  1	
275	224	765	  1	
275	264	765	  1	
276	 70	765	  1	
276	268	765	  1	
277	512	765	  1	
277	567	765	  1	
278	 64	765	  1	
278	263	765	  1	
278	427	765	  1	
279	 95	765	  1	
279	103	765	  1	
279	159	765	  1	
279	190	765	  1	
279	240	765	  1	
279	288	765	  1	
280	  8	765	  1	
280	 98	765	  1	
280	116	765	  1	
280	147	765	  1	
280	154	765	  1	
280	200	765	  1	
280	248	765	  1	
280	255	765	  1	
280	264	765	  1	
280	271	765	  1	
280	318	765	  1	
280	328	765	  1	
280	335	765	  1	
280	343	765	  1	
280	352	765	  1	
280	358	765	  1	
280	365	765	  1	
280	374	765	  1	
280	384	765	  1	
280	400	765	  1	
280	503	765	  1	
280	528	765	  1	
280	535	765	  1	
280	552	765	  1	
280	592	765	  1	
281	  0	765	  1	
281	131	765	  1	
281	232	765	  1	
281	370	765	  1	
282	520	765	  1	
283	391	765	  1	
283	408	765	  1	
283	424	765	  1	
283	431	765	  1	
285	200	765	  1	
285	355	765	  1	
285	558	765	  1	
286	  8	765	  1	
286	211	765	  1	
286	375	765	  1	
287	146	765	  1	
287	156	765	  1	
287	318	765	  1	
287	331	765	  1	
287	384	765	  1	
287	407	765	  1	
287	535	765	  1	
288	  0	765	  1	
288	 75	765	  1	
288	133	765	  1	
288	223	765	  1	
288	230	765	  1	
288	288	765	  1	
288	296	765	  1	
288	333	765	  1	
288	400	765	  1	
288	423	765	  1	
288	475	765	  1	
289	114	765	  1	
290	128	765	  1	
290	566	765	  1	
291	144	765	  1	
291	251	765	  1	
291	416	765	  1	
292	119	765	  1	
292	152	765	  1	
292	159	765	  1	
292	198	765	  1	
293	 14	765	  1	
293	328	765	  1	
293	406	765	  1	
293	470	765	  1	
293	488	765	  1	
294	 39	765	  1	
294	 88	765	  1	
294	 95	765	  1	
294	291	765	  1	
294	527	765	  1	
295	114	765	  1	
295	423	765	  1	
295	479	765	  1	
295	522	765	  1	
296	  6	765	  1	
296	 24	765	  1	
296	 80	765	  1	
296	 87	765	  1	
296	176	765	  1	
296	232	765	  1	
296	305	765	  1	
296	363	765	  1	
296	381	765	  1	
296	416	765	  1	
296	507	765	  1	
296	520	765	  1	
296	536	765	  1	
296	569	765	  1	
296	598	765	  1	
297	335	765	  1	
298	526	765	  1	
299	 16	765	  1	
299	 23	765	  1	
299	189	765	  1	
299	221	765	  1	
299	543	765	  1	
300	  0	765	  1	
300	115	765	  1	
301	376	765	  1	
301	520	765	  1	
302	290	765	  1	
303	 83	765	  1	
303	128	765	  1	
303	328	765	  1	
303	360	765	  1	
303	367	765	  1	
303	504	765	  1	
303	511	765	  1	
303	526	765	  1	
303	536	765	  1	
303	592	765	  1	
304	 32	765	  1	
304	 39	765	  1	
304	 91	765	  1	
304	120	765	  1	
304	215	765	  1	
304	224	765	  1	
304	242	765	  1	
304	256	765	  1	
304	288	765	  1	
304	371	765	  1	
304	538	765	  1	
305	211	765	  1	
307	 78	765	  1	
310	227	765	  1	
310	419	765	  1	
311	 35	765	  1	
311	 88	765	  1	
311	 95	765	  1	
311	368	765	  1	
311	375	765	  1	
312	 11	765	  1	
312	 83	765	  1	
312	 97	765	  1	
312	144	765	  1	
312	198	765	  1	
312	216	765	  1	
312	387	765	  1	
312	472	765	  1	
312	494	765	  1	
312	520	765	  1	
312	557	765	  1	
313	  8	765	  1	
313	 34	765	  1	
313	 39	765	  1	
314	279	765	  1	
315	 47	765	  1	
315	527	765	  1	
316	539	765	  1	
316	551	765	  1	
317	160	765	  1	
317	199	765	  1	
317	232	765	  1	
317	262	765	  1	
318	 96	765	  1	
318	103	765	  1	
318	363	765	  1	
318	552	765	  1	
319	216	765	  1	
319	237	765	  1	
319	384	765	  1	
319	391	765	  1	
319	520	765	  1	
320	 16	765	  1	
320	 20	765	  1	
320	 24	765	  1	
320	109	765	  1	
320	119	765	  1	
320	125	765	  1	
320	156	765	  1	
320	171	765	  1	
320	200	765	  1	
320	207	765	  1	
320	213	765	  1	
320	223	765	  1	
320	226	765	  1	
320	330	765	  1	
320	386	765	  1	
320	416	765	  1	
320	455	765	  1	
322	232	765	  1	
322	239	765	  1	
323	  8	765	  1	
323	 30	765	  1	
323	216	765	  1	
323	423	765	  1	
325	144	765	  1	
325	174	765	  1	
325	304	765	  1	
327	203	765	  1	
327	223	765	  1	
327	360	765	  1	
327	367	765	  1	
327	416	765	  1	
328	  0	765	  1	
328	 16	765	  1	
328	 66	765	  1	
328	152	765	  1	
328	280	765	  1	
328	335	765	  1	
328	392	765	  1	
328	503	765	  1	
328	522	765	  1	
330	136	765	  1	
330	496	765	  1	
331	118	765	  1	
331	224	765	  1	
331	232	765	  1	
331	360	765	  1	
333	155	765	  1	
333	239	765	  1	
333	246	765	  1	
333	330	765	  1	
333	503	765	  1	
334	112	765	  1	
334	527	765	  1	
336	 77	765	  1	
336	120	765	  1	
336	159	765	  1	
336	184	765	  1	
336	189	765	  1	
336	215	765	  1	
336	250	765	  1	
336	255	765	  1	
336	344	765	  1	
336	396	765	  1	
338	126	765	  1	
338	320	765	  1	
339	152	765	  1	
339	166	765	  1	
339	210	765	  1	
339	264	765	  1	
339	351	765	  1	
339	432	765	  1	
339	506	765	  1	
341	189	765	  1	
341	248	765	  1	
341	252	765	  1	
341	541	765	  1	
342	268	765	  1	
342	508	765	  1	
343	104	765	  1	
343	159	765	  1	
343	344	765	  1	
344	 13	765	  1	
344	 23	765	  1	
344	 48	765	  1	
344	 52	765	  1	
344	 72	765	  1	
344	 87	765	  1	
344	 95	765	  1	
344	120	765	  1	
344	136	765	  1	
344	200	765	  1	
344	226	765	  1	
344	256	765	  1	
344	263	765	  1	
344	312	765	  1	
344	331	765	  1	
344	336	765	  1	
344	343	765	  1	
344	360	765	  1	
344	371	765	  1	
344	447	765	  1	
344	467	765	  1	
346	 32	765	  1	
347	 80	765	  1	
347	 88	765	  1	
348	 39	765	  1	
348	184	765	  1	
349	133	765	  1	
349	224	765	  1	
349	231	765	  1	
349	288	765	  1	
349	501	765	  1	
349	599	765	  1	
351	 34	765	  1	
351	 87	765	  1	
351	 95	765	  1	
351	120	765	  1	
351	259	765	  1	
351	328	765	  1	
351	339	765	  1	
352	 56	765	  1	
352	147	765	  1	
352	160	765	  1	
352	176	765	  1	
352	200	765	  1	
352	210	765	  1	
352	216	765	  1	
352	239	765	  1	
352	280	765	  1	
352	287	765	  1	
352	310	765	  1	
352	403	765	  1	
352	421	765	  1	
352	454	765	  1	
353	443	765	  1	
354	128	765	  1	
355	102	765	  1	
355	312	765	  1	
355	319	765	  1	
356	448	765	  1	
357	216	765	  1	
357	375	765	  1	
358	256	765	  1	
359	150	765	  1	
359	168	765	  1	
359	310	765	  1	
360	  0	765	  1	
360	  8	765	  1	
360	 31	765	  1	
360	112	765	  1	
360	123	765	  1	
360	128	765	  1	
360	159	765	  1	
360	181	765	  1	
360	442	765	  1	
361	359	765	  1	
362	 64	765	  1	
363	 24	765	  1	
363	176	765	  1	
365	 32	765	  1	
365	190	765	  1	
367	103	765	  1	
367	216	765	  1	
367	223	765	  1	
367	541	765	  1	
368	 53	765	  1	
368	 58	765	  1	
368	203	765	  1	
368	248	765	  1	
368	376	765	  1	
368	400	765	  1	
368	411	765	  1	
369	237	765	  1	
369	352	765	  1	
371	  0	765	  1	
371	424	765	  1	
373	 24	765	  1	
373	 44	765	  1	
373	 56	765	  1	
373	 63	765	  1	
373	 74	765	  1	
373	387	765	  1	
374	 94	765	  1	
374	429	765	  1	
374	469	765	  1	
375	200	765	  1	
375	207	765	  1	
375	236	765	  1	
375	264	765	  1	
375	408	765	  1	
375	415	765	  1	
376	  6	765	  1	
376	 16	765	  1	
376	 32	765	  1	
376	 82	765	  1	
376	202	765	  1	
376	302	765	  1	
378	 10	765	  1	
379	165	765	  1	
379	295	765	  1	
381	 38	765	  1	
381	 56	765	  1	
382	  7	765	  1	
384	 48	765	  1	
384	 52	765	  1	
384	 96	765	  1	
384	104	765	  1	
384	183	765	  1	
384	196	765	  1	
384	247	765	  1	
384	503	765	  1	
386	248	765	  1	
386	308	765	  1	
387	134	765	  1	
387	466	765	  1	
387	527	765	  1	
389	 30	765	  1	
389	 48	765	  1	
389	 53	765	  1	
389	110	765	  1	
389	254	765	  1	
390	171	765	  1	
390	240	765	  1	
391	178	765	  1	
391	196	765	  1	
392	 43	765	  1	
392	 67	765	  1	
392	120	765	  1	
392	144	765	  1	
392	151	765	  1	
392	323	765	  1	
392	397	765	  1	
393	 91	765	  1	
394	 16	765	  1	
394	197	765	  1	
394	263	765	  1	
395	192	765	  1	
396	 20	765	  1	
397	200	765	  1	
398	176	765	  1	
398	344	765	  1	
398	408	765	  1	
399	147	765	  1	
400	 29	765	  1	
400	 61	765	  1	
400	 72	765	  1	
400	 96	765	  1	
400	102	765	  1	
400	114	765	  1	
401	 67	765	  1	
402	 78	765	  1	
402	157	765	  1	
402	474	765	  1	
403	255	765	  1	
404	 24	765	  1	
404	126	765	  1	
405	 99	765	  1	
405	227	765	  1	
406	 72	765	  1	
406	249	765	  1	
406	495	765	  1	
407	287	765	  1	
407	527	765	  1	
408	 64	765	  1	
408	 80	765	  1	
408	107	765	  1	
408	135	765	  1	
408	178	765	  1	
408	189	765	  1	
408	216	765	  1	
408	272	765	  1	
408	304	765	  1	
408	312	765	  1	
408	392	765	  1	
410	184	765	  1	
410	223	765	  1	
411	 29	765	  1	
412	424	765	  1	
413	 56	765	  1	
413	 70	765	  1	
413	110	765	  1	
413	176	765	  1	
414	190	765	  1	
414	280	765	  1	
415	125	765	  1	
415	304	765	  1	
415	376	765	  1	
416	 15	765	  1	
416	 63	765	  1	
416	 72	765	  1	
416	 96	765	  1	
416	122	765	  1	
416	144	765	  1	
416	151	765	  1	
416	243	765	  1	
416	250	765	  1	
416	258	765	  1	
416	264	765	  1	
416	456	765	  1	
416	463	765	  1	
416	472	765	  1	
418	182	765	  1	
418	270	765	  1	
419	 64	765	  1	
419	284	765	  1	
419	479	765	  1	
422	 37	765	  1	
422	120	765	  1	
422	157	765	  1	
422	176	765	  1	
422	264	765	  1	
422	314	765	  1	
422	368	765	  1	
423	 63	765	  1	
423	147	765	  1	
423	231	765	  1	
423	240	765	  1	
423	247	765	  1	
423	408	765	  1	
423	423	765	  1	
423	472	765	  1	
424	 64	765	  1	
424	 72	765	  1	
424	 84	765	  1	
424	138	765	  1	
424	187	765	  1	
424	275	765	  1	
424	432	765	  1	
424	475	765	  1	
424	564	765	  1	
426	130	765	  1	
426	325	765	  1	
427	143	765	  1	
429	200	765	  1	
429	288	765	  1	
431	231	765	  1	
431	359	765	  1	
431	432	765	  1	
432	107	765	  1	
432	125	765	  1	
432	141	765	  1	
432	151	765	  1	
432	167	765	  1	
433	104	765	  1	
434	120	765	  1	
434	159	765	  1	
434	240	765	  1	
434	255	765	  1	
436	136	765	  1	
437	 16	765	  1	
437	128	765	  1	
437	135	765	  1	
437	184	765	  1	
437	196	765	  1	
437	263	765	  1	
439	 50	765	  1	
439	160	765	  1	
440	 67	765	  1	
440	 72	765	  1	
440	 82	765	  1	
440	 93	765	  1	
440	179	765	  1	
440	190	765	  1	
440	274	765	  1	
440	279	765	  1	
440	331	765	  1	
442	 88	765	  1	
442	164	765	  1	
443	108	765	  1	
443	248	765	  1	
443	405	765	  1	
444	 55	765	  1	
444	117	765	  1	
444	229	765	  1	
444	472	765	  1	
445	 43	765	  1	
445	295	765	  1	
446	 94	765	  1	
446	232	765	  1	
447	120	765	  1	
447	400	765	  1	
448	 59	765	  1	
448	144	765	  1	
448	245	765	  1	
448	256	765	  1	
448	263	765	  1	
448	287	765	  1	
448	312	765	  1	
451	 88	765	  1	
451	151	765	  1	
451	176	765	  1	
451	206	765	  1	
451	280	765	  1	
451	319	765	  1	
452	124	765	  1	
453	 96	765	  1	
453	136	765	  1	
453	240	765	  1	
454	 63	765	  1	
455	144	765	  1	
455	259	765	  1	
455	287	765	  1	
455	312	765	  1	
456	 32	765	  1	
456	 38	765	  1	
456	 48	765	  1	
456	118	765	  1	
456	141	765	  1	
456	175	765	  1	
456	187	765	  1	
456	195	765	  1	
456	224	765	  1	
456	278	765	  1	
456	283	765	  1	
456	591	765	  1	
458	136	765	  1	
458	168	765	  1	
458	192	765	  1	
458	245	765	  1	
459	 47	765	  1	
459	120	765	  1	
459	264	765	  1	
460	279	765	  1	
461	 88	765	  1	
462	 61	765	  1	
462	 70	765	  1	
462	142	765	  1	
463	 40	765	  1	
463	 48	765	  1	
463	104	765	  1	
463	118	765	  1	
463	175	765	  1	
463	240	765	  1	
463	280	765	  1	
463	287	765	  1	
464	 24	765	  1	
464	 82	765	  1	
464	154	765	  1	
464	193	765	  1	
464	239	765	  1	
464	246	765	  1	
465	 50	765	  1	
465	 55	765	  1	
466	240	765	  1	
467	118	765	  1	
468	207	765	  1	
469	  8	765	  1	
469	 72	765	  1	
469	 80	765	  1	
469	 87	765	  1	
469	136	765	  1	
469	264	765	  1	
469	280	765	  1	
470	171	765	  1	
471	111	765	  1	
471	239	765	  1	
472	  1	765	  1	
472	 36	765	  1	
472	 40	765	  1	
472	 69	765	  1	
472	 82	765	  1	
472	 88	765	  1	
472	 94	765	  1	
472	128	765	  1	
472	133	765	  1	
472	157	765	  1	
472	208	765	  1	
472	320	765	  1	
472	327	765	  1	
473	 64	765	  1	
474	 46	765	  1	
474	222	765	  1	
475	  7	765	  1	
475	 32	765	  1	
475	 72	765	  1	
475	272	765	  1	
476	144	765	  1	
476	245	765	  1	
477	 56	765	  1	
477	 91	765	  1	
477	132	765	  1	
477	152	765	  1	
477	232	765	  1	
477	239	765	  1	
479	 36	765	  1	
479	163	765	  1	
479	252	765	  1	
479	323	765	  1	
479	391	765	  1	
479	415	765	  1	
480	 24	765	  1	
480	 28	765	  1	
480	104	765	  1	
480	112	765	  1	
480	176	765	  1	
480	207	765	  1	
480	233	765	  1	
480	280	765	  1	
480	530	765	  1	
481	224	765	  1	
483	 68	765	  1	
483	 84	765	  1	
483	117	765	  1	
483	200	765	  1	
485	 64	765	  1	
485	 79	765	  1	
485	110	765	  1	
485	136	765	  1	
486	248	765	  1	
487	 72	765	  1	
487	328	765	  1	
488	  8	765	  1	
488	 18	765	  1	
488	 49	765	  1	
488	 82	765	  1	
488	 87	765	  1	
488	 96	765	  1	
488	112	765	  1	
488	130	765	  1	
488	135	765	  1	
488	159	765	  1	
488	229	765	  1	
488	240	765	  1	
488	245	765	  1	
488	277	765	  1	
488	305	765	  1	
488	355	765	  1	
488	432	765	  1	
488	583	765	  1	
491	 55	765	  1	
491	311	765	  1	
491	326	765	  1	
493	 16	765	  1	
493	 23	765	  1	
493	 31	765	  1	
493	 78	765	  1	
493	199	765	  1	
493	272	765	  1	
494	 50	765	  1	
494	 64	765	  1	
494	146	765	  1	
494	224	765	  1	
494	320	765	  1	
494	367	765	  1	
495	439	765	  1	
496	  8	765	  1	
496	 26	765	  1	
496	 40	765	  1	
496	 47	765	  1	
496	 67	765	  1	
496	107	765	  1	
496	126	765	  1	
496	184	765	  1	
496	216	765	  1	
496	236	765	  1	
496	256	765	  1	
496	264	765	  1	
496	285	765	  1	
496	291	765	  1	
496	328	765	  1	
497	199	765	  1	
498	280	765	  1	
498	311	765	  1	
499	 79	765	  1	
499	 91	765	  1	
499	335	765	  1	
500	128	765	  1	
501	 50	765	  1	
501	 55	765	  1	
501	 71	765	  1	
502	105	765	  1	
502	127	765	  1	
502	286	765	  1	
503	 43	765	  1	
503	216	765	  1	
503	328	765	  1	
504	  0	765	  1	
504	 48	765	  1	
504	 72	765	  1	
504	136	765	  1	
504	170	765	  1	
504	183	765	  1	
504	191	765	  1	
504	208	765	  1	
504	262	765	  1	
506	124	765	  1	
506	299	765	  1	
507	 24	765	  1	
507	175	765	  1	
508	349	765	  1	
509	  6	765	  1	
509	 51	765	  1	
509	 78	765	  1	
509	159	765	  1	
509	256	765	  1	
510	170	765	  1	
511	115	765	  1	
511	318	765	  1	
512	  8	765	  1	
512	 45	765	  1	
512	 67	765	  1	
512	104	765	  1	
512	110	765	  1	
512	128	765	  1	
512	173	765	  1	
512	192	765	  1	
512	197	765	  1	
512	212	765	  1	
512	222	765	  1	
512	263	765	  1	
512	272	765	  1	
512	304	765	  1	
513	120	765	  1	
514	136	765	  1	
514	207	765	  1	
514	232	765	  1	
515	 55	765	  1	
515	141	765	  1	
515	399	765	  1	
516	183	765	  1	
516	316	765	  1	
517	 15	765	  1	
517	107	765	  1	
518	 40	765	  1	
518	212	765	  1	
519	 48	765	  1	
519	223	765	  1	
519	235	765	  1	
519	399	765	  1	
520	 11	765	  1	
520	 93	765	  1	
520	102	765	  1	
520	120	765	  1	
520	160	765	  1	
520	166	765	  1	
520	218	765	  1	
520	224	765	  1	
520	232	765	  1	
520	277	765	  1	
520	319	765	  1	
522	133	765	  1	
522	272	765	  1	
523	 47	765	  1	
523	136	765	  1	
524	239	765	  1	
525	 99	765	  1	
525	112	765	  1	
525	227	765	  1	
525	304	765	  1	
526	278	765	  1	
527	  8	765	  1	
527	 40	765	  1	
528	  0	765	  1	
528	 45	765	  1	
528	152	765	  1	
528	188	765	  1	
528	203	765	  1	
528	221	765	  1	
528	257	765	  1	
528	267	765	  1	
530	120	765	  1	
530	216	765	  1	
531	 40	765	  1	
531	 90	765	  1	
533	 82	765	  1	
533	192	765	  1	
533	197	765	  1	
533	334	765	  1	
534	 92	765	  1	
534	288	765	  1	
534	398	765	  1	
534	407	765	  1	
535	181	765	  1	
535	384	765	  1	
535	424	765	  1	
535	439	765	  1	
536	  8	765	  1	
536	 39	765	  1	
536	 61	765	  1	
536	109	765	  1	
536	208	765	  1	
536	212	765	  1	
536	269	765	  1	
536	360	765	  1	
537	168	765	  1	
538	 15	765	  1	
538	293	765	  1	
539	 35	765	  1	
539	 91	765	  1	
539	144	765	  1	
539	375	765	  1	
542	 32	765	  1	
543	 10	765	  1	
543	 47	765	  1	
543	256	765	  1	
543	288	765	  1	
543	312	765	  1	
543	387	765	  1	
544	  7	765	  1	
544	 39	765	  1	
544	 46	765	  1	
544	126	765	  1	
544	144	765	  1	
544	206	765	  1	
544	222	765	  1	
544	227	765	  1	
544	264	765	  1	
544	286	765	  1	
546	112	765	  1	
546	200	765	  1	
546	266	765	  1	
546	280	765	  1	
546	344	765	  1	
547	152	765	  1	
547	240	765	  1	
548	  7	765	  1	
548	368	765	  1	
549	134	765	  1	
549	288	765	  1	
550	375	765	  1	
551	126	765	  1	
551	222	765	  1	
551	264	765	  1	
552	 56	765	  1	
552	 63	765	  1	
552	 75	765	  1	
552	184	765	  1	
552	277	765	  1	
552	290	765	  1	
552	381	765	  1	
552	387	765	  1	
553	411	765	  1	
554	104	765	  1	
554	172	765	  1	
555	191	765	  1	
555	350	765	  1	
557	 78	765	  1	
557	158	765	  1	
557	163	765	  1	
557	227	765	  1	
557	288	765	  1	
558	 48	765	  1	
558	315	765	  1	
558	344	765	  1	
558	376	765	  1	
559	 59	765	  1	
559	144	765	  1	
559	384	765	  1	
559	391	765	  1	
560	 80	765	  1	
560	 87	765	  1	
560	 91	765	  1	
560	129	765	  1	
560	136	765	  1	
560	168	765	  1	
560	175	765	  1	
560	189	765	  1	
560	243	765	  1	
560	256	765	  1	
560	274	765	  1	
560	395	765	  1	
562	262	765	  1	
563	232	765	  1	
563	296	765	  1	
563	360	765	  1	
563	367	765	  1	
565	 88	765	  1	
565	182	765	  1	
565	200	765	  1	
565	246	765	  1	
565	256	765	  1	
566	 83	765	  1	
566	302	765	  1	
566	383	765	  1	
567	136	765	  1	
567	159	765	  1	
567	262	765	  1	
568	198	765	  1	
568	216	765	  1	
568	248	765	  1	
568	269	765	  1	
568	307	765	  1	
570	235	765	  1	
571	184	765	  1	
573	 78	765	  1	
573	152	765	  1	
573	192	765	  1	
573	222	765	  1	
574	120	765	  1	
574	276	765	  1	
574	327	765	  1	
574	419	765	  1	
575	114	765	  1	
575	136	765	  1	
575	168	765	  1	
576	 98	765	  1	
576	120	765	  1	
576	184	765	  1	
576	255	765	  1	
576	283	765	  1	
576	299	765	  1	
576	363	765	  1	
576	395	765	  1	
577	208	765	  1	
577	215	765	  1	
578	103	765	  1	
578	272	765	  1	
579	248	765	  1	
579	317	765	  1	
580	127	765	  1	
581	 88	765	  1	
581	176	765	  1	
581	224	765	  1	
582	278	765	  1	
583	 78	765	  1	
583	255	765	  1	
583	287	765	  1	
583	296	765	  1	
583	303	765	  1	
583	360	765	  1	
583	367	765	  1	
583	392	765	  1	
583	399	765	  1	
584	 76	765	  1	
584	 93	765	  1	
584	109	765	  1	
584	112	765	  1	
584	163	765	  1	
584	216	765	  1	
584	232	765	  1	
584	336	765	  1	
584	343	765	  1	
584	363	765	  1	
584	458	765	  1	
586	137	765	  1	
587	 88	765	  1	
587	150	765	  1	
588	296	765	  1	
589	 79	765	  1	
589	101	765	  1	
591	160	765	  1	
591	167	765	  1	
591	176	765	  1	
591	187	765	  1	
591	192	765	  1	
591	216	765	  1	
591	232	765	  1	
591	360	765	  1	
591	367	765	  1	
591	400	765	  1	
592	 72	765	  1	
592	 80	765	  1	
592	123	765	  1	
592	196	765	  1	
592	320	765	  1	
592	338	765	  1	
592	347	765	  1	
592	384	765	  1	
592	391	765	  1	
594	169	765	  1	
594	207	765	  1	
595	 79	765	  1	
595	 93	765	  1	
597	 86	765	  1	
597	284	765	  1	
598	192	765	  1	
598	307	765	  1	
598	343	765	  1	
598	387	765	  1	
599	 72	765	  1	
599	120	765	  1	
599	127	765	  1	
599	235	765	  1	
599	327	765	  1	
600	160	765	  1	
600	168	765	  1	
600	400	765	  1	
600	412	765	  1	
600	424	765	  1	
602	432	765	  1	
605	104	765	  1	
605	224	765	  1	
605	296	765	  1	
606	319	765	  1	
606	379	765	  1	
607	 69	765	  1	
608	 78	765	  1	
608	 88	765	  1	
608	 95	765	  1	
608	133	765	  1	
608	189	765	  1	
608	256	765	  1	
608	270	765	  1	
608	288	765	  1	
610	124	765	  1	
611	128	765	  1	
614	133	765	  1	
614	271	765	  1	
615	 78	765	  1	
615	256	765	  1	
615	288	765	  1	
615	320	765	  1	
616	112	765	  1	
616	229	765	  1	
616	235	765	  1	
616	292	765	  1	
618	240	765	  1	
619	 16	765	  1	
619	 88	765	  1	
619	224	765	  1	
620	247	765	  1	
620	284	765	  1	
620	447	765	  1	
620	455	765	  1	
622	333	765	  1	
623	 78	765	  1	
623	148	765	  1	
623	240	765	  1	
624	128	765	  1	
624	290	765	  1	
624	383	765	  1	
626	376	765	  1	
627	328	765	  1	
629	295	765	  1	
630	104	765	  1	
630	135	765	  1	
630	184	765	  1	
631	 69	765	  1	
632	 88	765	  1	
632	234	765	  1	
637	270	765	  1	
638	 88	765	  1	
638	242	765	  1	
638	347	765	  1	
640	112	765	  1	
640	127	765	  1	
643	391	765	  1	
644	127	765	  1	
645	 50	765	  1	
645	 75	765	  1	
645	472	765	  1	
648	 90	765	  1	
648	103	765	  1	
648	212	765	  1	
648	365	765	  1	
651	 98	765	  1	
652	324	765	  1	
654	103	765	  1	
654	376	765	  1	
654	504	765	  1	
655	 80	765	  1	
655	 87	765	  1	
656	288	765	  1	
656	331	765	  1	
656	504	765	  1	
659	 80	765	  1	
660	549	765	  1	
663	 75	765	  1	
663	 87	765	  1	
671	160	765	  1	
671	232	765	  1	
672	 96	765	  1	
672	102	765	  1	
675	 88	765	  1	
675	216	765	  1	
678	136	765	  1	
680	112	765	  1	
680	119	765	  1	
682	128	765	  1	
685	192	765	  1	
685	547	765	  1	
687	199	765	  1	
688	596	765	  1	
704	285	765	  1	
704	395	765	  1	
709	402	765	  1	
721	178	765	  1	
725	144	765	  1	
725	242	765	  1	
751	 35	765	  1	
