# 
#  Image file: Goad2_T0146.jpg
#  Applied threshold: 575
#  Algorithm used: fill2                 
#  Particle count: 1665
#  Location (x,y), max luminance, and mass:
# 
  0	136	765	  1	
  3	389	765	  1	
  6	275	765	  1	
  7	136	765	  1	
 14	266	765	  1	
 16	335	765	  1	
 17	326	765	  1	
 21	407	765	  1	
 26	430	765	  1	
 29	179	765	  1	
 31	289	765	  1	
 35	136	765	  1	
 37	551	765	  1	
 40	 79	765	  1	
 41	265	765	  1	
 43	117	765	  1	
 47	266	765	  1	
 48	207	765	  1	
 51	448	765	  1	
 53	101	765	  1	
 53	126	765	  1	
 55	199	765	  1	
 55	320	765	  1	
 55	575	765	  1	
 56	264	765	  1	
 56	280	765	  1	
 56	319	765	  1	
 62	264	765	  1	
 63	105	765	  1	
 64	101	765	  1	
 64	207	765	  1	
 65	111	765	  1	
 66	487	765	  1	
 71	103	765	  1	
 71	110	765	  1	
 72	182	765	  1	
 72	446	765	  1	
 78	557	765	  1	
 79	560	765	  1	
 80	  8	765	  1	
 80	150	765	  1	
 80	559	765	  1	
 82	371	765	  1	
 85	320	765	  1	
 88	 63	765	  1	
 88	167	765	  1	
 88	172	765	  1	
 88	408	765	  1	
 91	375	765	  1	
 92	512	765	  1	
 95	160	765	  1	
 95	408	765	  1	
 96	130	765	  1	
 96	199	765	  1	
100	122	765	  1	
102	135	765	  1	
102	356	765	  1	
104	 86	765	  1	
104	136	765	  1	
104	312	765	  1	
104	407	765	  1	
104	411	765	  1	
107	400	765	  1	
110	132	765	  1	
111	176	765	  1	
111	407	765	  1	
112	 47	765	  1	
112	400	765	  1	
115	398	765	  1	
116	410	765	  1	
119	183	765	  1	
120	  0	765	  1	
120	197	765	  1	
120	256	765	  1	
120	290	765	  1	
120	392	765	  1	
123	  0	765	  1	
123	443	765	  1	
125	 96	765	  1	
125	128	765	  1	
125	256	765	  1	
126	 55	765	  1	
126	319	765	  1	
127	231	765	  1	
127	296	765	  1	
128	117	765	  1	
128	199	765	  1	
128	247	765	  1	
128	267	765	  1	
128	281	765	  1	
128	328	765	  1	
131	 76	765	  1	
131	240	765	  1	
132	219	765	  1	
133	451	765	  1	
135	146	765	  1	
135	151	765	  1	
135	199	765	  1	
135	247	765	  1	
135	311	765	  1	
136	  2	765	  1	
136	375	765	  1	
136	390	765	  1	
138	224	765	  1	
140	292	765	  1	
141	390	765	  1	
142	 84	765	  1	
142	171	765	  1	
142	440	765	  1	
144	128	765	  1	
144	135	765	  1	
144	344	765	  1	
145	204	765	  1	
146	318	765	  1	
147	120	765	  1	
147	143	765	  1	
147	351	765	  1	
149	241	765	  1	
151	131	765	  1	
151	136	765	  1	
151	212	765	  1	
151	344	765	  1	
152	120	765	  1	
152	127	765	  1	
152	178	765	  1	
152	183	765	  1	
152	187	765	  1	
152	252	765	  1	
152	407	765	  1	
154	116	765	  1	
157	247	765	  1	
157	266	765	  1	
158	178	765	  1	
158	196	765	  1	
158	229	765	  1	
158	240	765	  1	
158	319	765	  1	
159	123	765	  1	
159	183	765	  1	
159	191	765	  1	
159	495	765	  1	
160	128	765	  1	
160	152	765	  1	
160	200	765	  1	
160	205	765	  1	
160	279	765	  1	
160	287	765	  1	
160	295	765	  1	
160	464	765	  1	
163	224	765	  1	
163	296	765	  1	
163	368	765	  1	
164	259	765	  1	
164	312	765	  1	
165	107	765	  1	
167	230	765	  1	
167	287	765	  1	
167	291	765	  1	
168	  7	765	  1	
168	114	765	  1	
168	167	765	  1	
168	186	765	  1	
168	240	765	  1	
168	296	765	  1	
168	303	765	  1	
169	231	765	  1	
171	  0	765	  1	
171	104	765	  1	
171	123	765	  1	
171	320	765	  1	
172	448	765	  1	
173	224	765	  1	
175	  7	765	  1	
175	160	765	  1	
175	256	765	  1	
175	299	765	  1	
176	 87	765	  1	
176	251	765	  1	
176	320	765	  1	
176	517	765	  1	
178	 38	765	  1	
178	196	765	  1	
178	373	765	  1	
179	368	765	  1	
181	 79	765	  1	
181	127	765	  1	
181	189	765	  1	
181	312	765	  1	
181	408	765	  1	
182	224	765	  1	
183	 38	765	  1	
183	194	765	  1	
183	328	765	  1	
184	103	765	  1	
184	216	765	  1	
184	220	765	  1	
184	279	765	  1	
184	424	765	  1	
184	460	765	  1	
184	496	765	  1	
185	319	765	  1	
186	 80	765	  1	
186	231	765	  1	
187	 56	765	  1	
187	 95	765	  1	
187	503	765	  1	
189	 86	765	  1	
189	463	765	  1	
190	  0	765	  1	
190	424	765	  1	
191	103	765	  1	
191	279	765	  1	
191	496	765	  1	
192	104	765	  1	
192	111	765	  1	
192	181	765	  1	
192	245	765	  1	
192	288	765	  1	
192	299	765	  1	
192	331	765	  1	
192	362	765	  1	
192	368	765	  1	
192	382	765	  1	
192	518	765	  1	
193	170	765	  1	
193	175	765	  1	
194	256	765	  1	
195	  8	765	  1	
195	 46	765	  1	
195	267	765	  1	
196	526	765	  1	
197	152	765	  1	
197	315	765	  1	
197	368	765	  1	
197	434	765	  1	
197	439	765	  1	
199	328	765	  1	
199	335	765	  1	
200	 67	765	  1	
200	 95	765	  1	
200	108	765	  1	
200	157	765	  1	
200	240	765	  1	
200	352	765	  1	
200	375	765	  1	
200	399	765	  1	
200	410	765	  1	
200	456	765	  1	
203	  7	765	  1	
203	 88	765	  1	
203	114	765	  1	
203	134	765	  1	
203	253	765	  1	
203	328	765	  1	
203	392	765	  1	
204	448	765	  1	
206	240	765	  1	
206	408	765	  1	
207	 48	765	  1	
207	 76	765	  1	
207	 95	765	  1	
207	119	765	  1	
207	335	765	  1	
207	399	765	  1	
208	338	765	  1	
208	343	765	  1	
208	360	765	  1	
208	392	765	  1	
209	152	765	  1	
209	467	765	  1	
211	 31	765	  1	
211	136	765	  1	
211	367	765	  1	
211	373	765	  1	
212	159	765	  1	
215	360	765	  1	
216	227	765	  1	
216	346	765	  1	
216	527	765	  1	
216	544	765	  1	
218	343	765	  1	
218	576	765	  1	
219	520	765	  1	
219	551	765	  1	
221	351	765	  1	
222	338	765	  1	
223	527	765	  1	
223	544	765	  1	
224	  7	765	  1	
224	 32	765	  1	
224	 70	765	  1	
224	112	765	  1	
224	136	765	  1	
224	146	765	  1	
224	158	765	  1	
224	165	765	  1	
224	180	765	  1	
224	335	765	  1	
224	376	765	  1	
224	490	765	  1	
225	 45	765	  1	
225	231	765	  1	
226	 64	765	  1	
226	224	765	  1	
227	119	765	  1	
227	331	765	  1	
228	 36	765	  1	
228	176	765	  1	
229	 47	765	  1	
229	371	765	  1	
230	156	765	  1	
230	183	765	  1	
231	335	765	  1	
231	383	765	  1	
231	439	765	  1	
232	 16	765	  1	
232	 23	765	  1	
232	 31	765	  1	
232	 47	765	  1	
232	 70	765	  1	
232	 98	765	  1	
232	123	765	  1	
232	128	765	  1	
232	148	765	  1	
232	176	765	  1	
232	200	765	  1	
232	207	765	  1	
232	287	765	  1	
232	304	765	  1	
232	344	765	  1	
232	559	765	  1	
235	 90	765	  1	
235	152	765	  1	
235	167	765	  1	
235	224	765	  1	
236	143	765	  1	
236	248	765	  1	
237	  8	765	  1	
237	 15	765	  1	
237	 64	765	  1	
237	350	765	  1	
238	149	765	  1	
239	 19	765	  1	
239	 24	765	  1	
239	 31	765	  1	
239	 95	765	  1	
239	114	765	  1	
239	159	765	  1	
239	179	765	  1	
239	203	765	  1	
239	255	765	  1	
239	456	765	  1	
239	559	765	  1	
239	599	765	  1	
240	  5	765	  1	
240	135	765	  1	
240	162	765	  1	
240	285	765	  1	
240	337	765	  1	
240	366	765	  1	
240	388	765	  1	
240	451	765	  1	
240	512	765	  1	
241	216	765	  1	
241	223	765	  1	
242	  0	765	  1	
242	106	765	  1	
242	184	765	  1	
243	128	765	  1	
243	312	765	  1	
243	406	765	  1	
245	384	765	  1	
246	  6	765	  1	
246	 56	765	  1	
246	 67	765	  1	
246	136	765	  1	
246	281	765	  1	
246	318	765	  1	
246	392	765	  1	
247	218	765	  1	
247	279	765	  1	
247	365	765	  1	
247	416	765	  1	
248	  8	765	  1	
248	 95	765	  1	
248	127	765	  1	
248	143	765	  1	
248	151	765	  1	
248	184	765	  1	
248	188	765	  1	
248	368	765	  1	
248	470	765	  1	
248	504	765	  1	
249	264	765	  1	
250	 56	765	  1	
250	392	765	  1	
250	503	765	  1	
251	 88	765	  1	
252	400	765	  1	
252	497	765	  1	
253	271	765	  1	
254	375	765	  1	
254	387	765	  1	
254	411	765	  1	
254	596	765	  1	
255	 95	765	  1	
255	279	765	  1	
255	289	765	  1	
255	303	765	  1	
255	407	765	  1	
255	419	765	  1	
255	469	765	  1	
256	 16	765	  1	
256	115	765	  1	
256	160	765	  1	
256	199	765	  1	
256	214	765	  1	
256	223	765	  1	
256	231	765	  1	
256	362	765	  1	
256	495	765	  1	
256	592	765	  1	
258	247	765	  1	
258	259	765	  1	
258	343	765	  1	
259	192	765	  1	
260	 21	765	  1	
260	240	765	  1	
261	136	765	  1	
261	208	765	  1	
261	440	765	  1	
262	 42	765	  1	
262	224	765	  1	
263	199	765	  1	
263	219	765	  1	
263	239	765	  1	
263	247	765	  1	
263	277	765	  1	
263	488	765	  1	
264	  0	765	  1	
264	 88	765	  1	
264	144	765	  1	
264	152	765	  1	
264	162	765	  1	
264	267	765	  1	
264	368	765	  1	
264	374	765	  1	
264	381	765	  1	
264	400	765	  1	
264	431	765	  1	
264	494	765	  1	
264	508	765	  1	
264	514	765	  1	
264	519	765	  1	
264	526	765	  1	
264	536	765	  1	
265	122	765	  1	
265	127	765	  1	
266	216	765	  1	
267	366	765	  1	
267	405	765	  1	
267	512	765	  1	
267	517	765	  1	
268	155	765	  1	
268	196	765	  1	
268	223	765	  1	
268	424	765	  1	
269	176	765	  1	
269	232	765	  1	
269	328	765	  1	
269	371	765	  1	
269	416	765	  1	
270	187	765	  1	
270	256	765	  1	
270	360	765	  1	
270	527	765	  1	
271	220	765	  1	
271	303	765	  1	
271	320	765	  1	
272	 43	765	  1	
272	115	765	  1	
272	145	765	  1	
272	200	765	  1	
272	207	765	  1	
272	248	765	  1	
272	358	765	  1	
272	379	765	  1	
272	392	765	  1	
272	399	765	  1	
272	513	765	  1	
275	224	765	  1	
275	255	765	  1	
275	272	765	  1	
275	279	765	  1	
275	422	765	  1	
276	 16	765	  1	
276	152	765	  1	
276	568	765	  1	
277	136	765	  1	
277	263	765	  1	
278	 47	765	  1	
278	269	765	  1	
278	414	765	  1	
278	416	765	  1	
279	  0	765	  1	
279	248	765	  1	
279	358	765	  1	
279	515	765	  1	
279	575	765	  1	
280	  8	765	  1	
280	102	765	  1	
280	157	765	  1	
280	189	765	  1	
280	246	765	  1	
280	264	765	  1	
280	272	765	  1	
280	296	765	  1	
280	318	765	  1	
280	338	765	  1	
280	344	765	  1	
280	365	765	  1	
280	384	765	  1	
280	424	765	  1	
280	493	765	  1	
280	523	765	  1	
280	542	765	  1	
280	562	765	  1	
280	567	765	  1	
282	 71	765	  1	
282	 96	765	  1	
282	240	765	  1	
282	390	765	  1	
285	 11	765	  1	
285	184	765	  1	
285	223	765	  1	
285	255	765	  1	
285	396	765	  1	
285	488	765	  1	
286	167	765	  1	
286	384	765	  1	
286	415	765	  1	
287	159	765	  1	
287	244	765	  1	
287	344	765	  1	
287	424	765	  1	
288	  8	765	  1	
288	 71	765	  1	
288	198	765	  1	
288	232	765	  1	
288	298	765	  1	
288	319	765	  1	
288	340	765	  1	
290	114	765	  1	
291	 64	765	  1	
291	490	765	  1	
291	530	765	  1	
293	152	765	  1	
293	400	765	  1	
294	132	765	  1	
294	310	765	  1	
294	341	765	  1	
294	483	765	  1	
294	584	765	  1	
295	 40	765	  1	
295	 71	765	  1	
295	424	765	  1	
296	  0	765	  1	
296	 24	765	  1	
296	 88	765	  1	
296	 95	765	  1	
296	130	765	  1	
296	135	765	  1	
296	138	765	  1	
296	184	765	  1	
296	382	765	  1	
296	416	765	  1	
298	125	765	  1	
298	160	765	  1	
299	120	765	  1	
299	189	765	  1	
299	376	765	  1	
300	328	765	  1	
301	143	765	  1	
301	288	765	  1	
301	295	765	  1	
302	 28	765	  1	
302	249	765	  1	
303	315	765	  1	
304	 32	765	  1	
304	 72	765	  1	
304	224	765	  1	
304	332	765	  1	
304	405	765	  1	
304	515	765	  1	
306	 16	765	  1	
306	117	765	  1	
306	247	765	  1	
307	128	765	  1	
307	374	765	  1	
309	122	765	  1	
309	127	765	  1	
309	291	765	  1	
309	343	765	  1	
310	  8	765	  1	
310	 76	765	  1	
310	148	765	  1	
310	312	765	  1	
311	112	765	  1	
311	451	765	  1	
311	512	765	  1	
311	519	765	  1	
312	 80	765	  1	
312	 93	765	  1	
312	100	765	  1	
312	111	765	  1	
312	152	765	  1	
312	163	765	  1	
312	178	765	  1	
312	183	765	  1	
312	192	765	  1	
312	205	765	  1	
312	256	765	  1	
312	304	765	  1	
312	339	765	  1	
312	362	765	  1	
312	367	765	  1	
312	394	765	  1	
312	408	765	  1	
312	419	765	  1	
312	474	765	  1	
312	520	765	  1	
313	136	765	  1	
314	203	765	  1	
314	536	765	  1	
315	 96	765	  1	
315	279	765	  1	
315	415	765	  1	
316	360	765	  1	
316	365	765	  1	
316	551	765	  1	
317	166	765	  1	
317	230	765	  1	
317	264	765	  1	
317	392	765	  1	
317	399	765	  1	
318	199	765	  1	
318	315	765	  1	
319	 72	765	  1	
319	152	765	  1	
319	207	765	  1	
319	320	765	  1	
319	408	765	  1	
319	416	765	  1	
319	423	765	  1	
320	  0	765	  1	
320	 20	765	  1	
320	 48	765	  1	
320	 54	765	  1	
320	 73	765	  1	
320	 96	765	  1	
320	112	765	  1	
320	123	765	  1	
320	128	765	  1	
320	173	765	  1	
320	301	765	  1	
320	344	765	  1	
320	352	765	  1	
320	543	765	  1	
323	 40	765	  1	
323	103	765	  1	
323	536	765	  1	
325	152	765	  1	
325	204	765	  1	
325	224	765	  1	
325	296	765	  1	
325	331	765	  1	
325	344	765	  1	
326	200	765	  1	
326	336	765	  1	
327	 98	765	  1	
327	208	765	  1	
327	312	765	  1	
327	352	765	  1	
327	359	765	  1	
328	104	765	  1	
328	128	765	  1	
328	141	765	  1	
328	248	765	  1	
328	280	765	  1	
328	370	765	  1	
328	396	765	  1	
328	407	765	  1	
328	418	765	  1	
330	254	765	  1	
330	501	765	  1	
331	184	765	  1	
331	287	765	  1	
331	344	765	  1	
331	376	765	  1	
332	448	765	  1	
333	160	765	  1	
333	401	765	  1	
334	248	765	  1	
334	416	765	  1	
335	104	765	  1	
335	280	765	  1	
335	399	765	  1	
335	455	765	  1	
336	 17	765	  1	
336	 31	765	  1	
336	 66	765	  1	
336	 91	765	  1	
336	120	765	  1	
336	255	765	  1	
336	269	765	  1	
336	279	765	  1	
336	314	765	  1	
336	336	765	  1	
336	355	765	  1	
336	432	765	  1	
336	451	765	  1	
337	135	765	  1	
337	238	765	  1	
338	416	765	  1	
338	421	765	  1	
339	126	765	  1	
339	368	765	  1	
339	375	765	  1	
341	 64	765	  1	
341	104	765	  1	
341	188	765	  1	
341	262	765	  1	
341	436	765	  1	
342	 16	765	  1	
342	552	765	  1	
343	 27	765	  1	
343	160	765	  1	
343	167	765	  1	
343	251	765	  1	
343	275	765	  1	
343	295	765	  1	
343	527	765	  1	
344	 44	765	  1	
344	 77	765	  1	
344	136	765	  1	
344	158	765	  1	
344	182	765	  1	
344	240	765	  1	
344	244	765	  1	
344	312	765	  1	
344	381	765	  1	
344	423	765	  1	
345	272	765	  1	
346	 86	765	  1	
347	160	765	  1	
348	128	765	  1	
349	 56	765	  1	
349	 72	765	  1	
349	120	765	  1	
349	376	765	  1	
349	450	765	  1	
350	 80	765	  1	
350	104	765	  1	
350	111	765	  1	
350	344	765	  1	
351	158	765	  1	
351	167	765	  1	
352	 10	765	  1	
352	 21	765	  1	
352	 85	765	  1	
352	200	765	  1	
352	250	765	  1	
352	406	765	  1	
352	440	765	  1	
353	 98	765	  1	
353	103	765	  1	
354	 16	765	  1	
355	 72	765	  1	
355	232	765	  1	
357	  3	765	  1	
357	375	765	  1	
358	 28	765	  1	
358	215	765	  1	
359	271	765	  1	
359	287	765	  1	
359	296	765	  1	
359	360	765	  1	
360	 61	765	  1	
360	 99	765	  1	
360	112	765	  1	
360	123	765	  1	
360	133	765	  1	
360	168	765	  1	
360	212	765	  1	
360	251	765	  1	
360	320	765	  1	
360	327	765	  1	
360	366	765	  1	
360	428	765	  1	
360	492	765	  1	
360	599	765	  1	
361	223	765	  1	
362	110	765	  1	
362	117	765	  1	
362	159	765	  1	
363	 94	765	  1	
363	278	765	  1	
364	 86	765	  1	
364	344	765	  1	
365	 56	765	  1	
365	128	765	  1	
366	272	765	  1	
366	317	765	  1	
366	331	765	  1	
367	208	765	  1	
367	223	765	  1	
367	256	765	  1	
367	323	765	  1	
367	352	765	  1	
367	366	765	  1	
368	 36	765	  1	
368	 64	765	  1	
368	224	765	  1	
368	240	765	  1	
368	432	765	  1	
368	442	765	  1	
370	 96	765	  1	
370	359	765	  1	
371	107	765	  1	
371	471	765	  1	
373	 23	765	  1	
373	128	765	  1	
373	135	765	  1	
374	224	765	  1	
374	596	765	  1	
375	 96	765	  1	
375	179	765	  1	
375	432	765	  1	
376	  8	765	  1	
376	 48	765	  1	
376	 82	765	  1	
376	236	765	  1	
376	267	765	  1	
376	274	765	  1	
376	279	765	  1	
376	293	765	  1	
376	302	765	  1	
376	358	765	  1	
376	379	765	  1	
376	403	765	  1	
376	412	765	  1	
376	435	765	  1	
377	 72	765	  1	
379	 13	765	  1	
379	 24	765	  1	
379	224	765	  1	
380	109	765	  1	
381	 54	765	  1	
381	239	765	  1	
381	439	765	  1	
382	299	765	  1	
383	 82	765	  1	
383	315	765	  1	
384	128	765	  1	
384	149	765	  1	
384	197	765	  1	
384	205	765	  1	
384	224	765	  1	
384	262	765	  1	
384	301	765	  1	
384	454	765	  1	
384	488	765	  1	
384	495	765	  1	
385	 32	765	  1	
385	 39	765	  1	
385	 69	765	  1	
385	118	765	  1	
385	336	765	  1	
385	343	765	  1	
386	304	765	  1	
387	178	765	  1	
387	296	765	  1	
387	482	765	  1	
387	487	765	  1	
389	 80	765	  1	
389	207	765	  1	
390	407	765	  1	
391	 48	765	  1	
392	 17	765	  1	
392	120	765	  1	
392	143	765	  1	
392	221	765	  1	
392	280	765	  1	
392	328	765	  1	
394	 25	765	  1	
394	336	765	  1	
395	424	765	  1	
395	431	765	  1	
397	224	765	  1	
397	328	765	  1	
398	162	765	  1	
399	 30	765	  1	
399	 87	765	  1	
399	171	765	  1	
399	287	765	  1	
400	 42	765	  1	
400	 48	765	  1	
400	 64	765	  1	
400	242	765	  1	
400	260	765	  1	
400	282	765	  1	
400	296	765	  1	
400	456	765	  1	
401	336	765	  1	
401	483	765	  1	
402	 86	765	  1	
403	135	765	  1	
403	270	765	  1	
403	303	765	  1	
405	 24	765	  1	
405	240	765	  1	
405	247	765	  1	
405	287	765	  1	
406	 47	765	  1	
406	167	765	  1	
406	291	765	  1	
406	295	765	  1	
407	129	765	  1	
407	144	765	  1	
407	160	765	  1	
407	200	765	  1	
407	274	765	  1	
407	495	765	  1	
408	 36	765	  1	
408	 61	765	  1	
408	 64	765	  1	
408	 92	765	  1	
408	101	765	  1	
408	117	765	  1	
408	159	765	  1	
408	216	765	  1	
408	233	765	  1	
408	455	765	  1	
410	 32	765	  1	
410	301	765	  1	
411	 70	765	  1	
411	152	765	  1	
411	223	765	  1	
411	264	765	  1	
412	303	765	  1	
413	324	765	  1	
414	298	765	  1	
414	458	765	  1	
415	159	765	  1	
415	168	765	  1	
415	216	765	  1	
416	 80	765	  1	
416	200	765	  1	
416	204	765	  1	
416	224	765	  1	
416	250	765	  1	
416	266	765	  1	
416	272	765	  1	
416	279	765	  1	
418	104	765	  1	
418	254	765	  1	
419	190	765	  1	
420	 42	765	  1	
421	202	765	  1	
421	207	765	  1	
421	271	765	  1	
421	428	765	  1	
422	110	765	  1	
422	408	765	  1	
423	224	765	  1	
423	256	765	  1	
423	275	765	  1	
423	351	765	  1	
423	424	765	  1	
423	496	765	  1	
424	 23	765	  1	
424	 69	765	  1	
424	104	765	  1	
424	112	765	  1	
424	138	765	  1	
424	143	765	  1	
424	216	765	  1	
424	264	765	  1	
424	304	765	  1	
424	352	765	  1	
427	533	765	  1	
429	 88	765	  1	
430	104	765	  1	
430	136	765	  1	
430	256	765	  1	
430	307	765	  1	
431	168	765	  1	
431	175	765	  1	
431	269	765	  1	
432	 98	765	  1	
432	103	765	  1	
432	119	765	  1	
432	155	765	  1	
432	182	765	  1	
432	208	765	  1	
432	240	765	  1	
432	253	765	  1	
432	311	765	  1	
432	341	765	  1	
432	399	765	  1	
434	231	765	  1	
435	264	765	  1	
435	304	765	  1	
435	392	765	  1	
436	  4	765	  1	
437	 11	765	  1	
437	183	765	  1	
437	221	765	  1	
438	114	765	  1	
439	 26	765	  1	
439	 88	765	  1	
439	152	765	  1	
439	185	765	  1	
439	311	765	  1	
439	399	765	  1	
440	 37	765	  1	
440	128	765	  1	
440	227	765	  1	
440	264	765	  1	
440	271	765	  1	
440	288	765	  1	
440	304	765	  1	
442	 32	765	  1	
442	293	765	  1	
443	208	765	  1	
444	221	765	  1	
445	  8	765	  1	
445	 40	765	  1	
445	 88	765	  1	
445	176	765	  1	
446	  2	765	  1	
446	123	765	  1	
446	134	765	  1	
447	224	765	  1	
447	231	765	  1	
447	267	765	  1	
447	288	765	  1	
448	 27	765	  1	
448	 35	765	  1	
448	 80	765	  1	
448	 96	765	  1	
448	102	765	  1	
448	160	765	  1	
448	195	765	  1	
448	237	765	  1	
448	248	765	  1	
448	258	765	  1	
448	303	765	  1	
448	312	765	  1	
448	336	765	  1	
449	135	765	  1	
450	367	765	  1	
451	  0	765	  1	
451	111	765	  1	
451	126	765	  1	
451	183	765	  1	
451	296	765	  1	
451	319	765	  1	
452	106	765	  1	
453	 39	765	  1	
454	 28	765	  1	
454	119	765	  1	
454	360	765	  1	
455	 80	765	  1	
455	176	765	  1	
455	303	765	  1	
455	312	765	  1	
455	431	765	  1	
456	  8	765	  1	
456	170	765	  1	
456	181	765	  1	
456	203	765	  1	
456	213	765	  1	
456	256	765	  1	
456	263	765	  1	
459	 75	765	  1	
459	109	765	  1	
459	208	765	  1	
459	240	765	  1	
461	 32	765	  1	
461	104	765	  1	
461	160	765	  1	
461	167	765	  1	
461	184	765	  1	
462	328	765	  1	
464	 31	765	  1	
464	 86	765	  1	
464	117	765	  1	
464	133	765	  1	
464	154	765	  1	
464	215	765	  1	
464	224	765	  1	
464	298	765	  1	
464	320	765	  1	
464	376	765	  1	
465	  0	765	  1	
466	 80	765	  1	
466	128	765	  1	
466	200	765	  1	
467	 24	765	  1	
467	240	765	  1	
467	325	765	  1	
469	 32	765	  1	
469	112	765	  1	
470	123	765	  1	
471	205	765	  1	
471	256	765	  1	
471	375	765	  1	
472	 24	765	  1	
472	 50	765	  1	
472	 55	765	  1	
472	 59	765	  1	
472	 70	765	  1	
472	166	765	  1	
472	171	765	  1	
472	240	765	  1	
472	360	765	  1	
474	112	765	  1	
475	214	765	  1	
476	 79	765	  1	
477	 27	765	  1	
477	 38	765	  1	
477	250	765	  1	
477	364	765	  1	
478	 64	765	  1	
478	118	765	  1	
478	336	765	  1	
478	535	765	  1	
479	 51	765	  1	
479	 80	765	  1	
479	128	765	  1	
480	 96	765	  1	
480	168	765	  1	
480	176	765	  1	
480	224	765	  1	
480	232	765	  1	
480	272	765	  1	
480	374	765	  1	
481	266	765	  1	
483	 32	765	  1	
483	157	765	  1	
484	173	765	  1	
484	210	765	  1	
485	 24	765	  1	
485	 64	765	  1	
485	 71	765	  1	
485	230	765	  1	
485	336	765	  1	
485	347	765	  1	
486	 13	765	  1	
487	152	765	  1	
487	352	765	  1	
488	  3	765	  1	
488	 37	765	  1	
488	101	765	  1	
488	114	765	  1	
488	130	765	  1	
488	203	765	  1	
488	216	765	  1	
488	222	765	  1	
488	248	765	  1	
488	275	765	  1	
488	280	765	  1	
488	360	765	  1	
489	192	765	  1	
489	239	765	  1	
490	112	765	  1	
490	119	765	  1	
491	159	765	  1	
491	255	765	  1	
491	264	765	  1	
493	 96	765	  1	
493	133	765	  1	
493	219	765	  1	
493	360	765	  1	
494	115	765	  1	
494	352	765	  1	
494	359	765	  1	
494	367	765	  1	
495	 72	765	  1	
495	152	765	  1	
495	200	765	  1	
495	207	765	  1	
495	248	765	  1	
495	374	765	  1	
496	  9	765	  1	
496	 16	765	  1	
496	 83	765	  1	
496	184	765	  1	
496	191	765	  1	
496	197	765	  1	
496	262	765	  1	
496	296	765	  1	
496	327	765	  1	
497	104	765	  1	
497	133	765	  1	
497	258	765	  1	
498	280	765	  1	
499	254	765	  1	
499	303	765	  1	
499	439	765	  1	
501	 71	765	  1	
501	 94	765	  1	
501	179	765	  1	
501	200	765	  1	
501	230	765	  1	
502	104	765	  1	
502	130	765	  1	
502	135	765	  1	
502	140	765	  1	
502	320	765	  1	
503	296	765	  1	
503	324	765	  1	
504	 10	765	  1	
504	 29	765	  1	
504	 64	765	  1	
504	 85	765	  1	
504	 99	765	  1	
504	168	765	  1	
504	195	765	  1	
504	248	765	  1	
504	256	765	  1	
504	263	765	  1	
504	272	765	  1	
504	336	765	  1	
504	343	765	  1	
504	357	765	  1	
505	175	765	  1	
505	352	765	  1	
506	124	765	  1	
506	224	765	  1	
507	 77	765	  1	
507	184	765	  1	
508	  7	765	  1	
508	159	765	  1	
509	 71	765	  1	
509	 95	765	  1	
509	272	765	  1	
509	311	765	  1	
510	  0	765	  1	
510	230	765	  1	
510	339	765	  1	
511	 16	765	  1	
511	168	765	  1	
511	259	765	  1	
512	 48	765	  1	
512	 54	765	  1	
512	 96	765	  1	
512	102	765	  1	
512	111	765	  1	
512	131	765	  1	
512	152	765	  1	
512	159	765	  1	
512	173	765	  1	
512	184	765	  1	
512	242	765	  1	
512	278	765	  1	
512	352	765	  1	
512	389	765	  1	
513	232	765	  1	
515	 64	765	  1	
515	112	765	  1	
516	107	765	  1	
517	 51	765	  1	
517	 99	765	  1	
517	128	765	  1	
518	212	765	  1	
519	155	765	  1	
519	208	765	  1	
519	238	765	  1	
519	399	765	  1	
520	 64	765	  1	
520	 93	765	  1	
520	112	765	  1	
520	142	765	  1	
520	182	765	  1	
520	220	765	  1	
520	253	765	  1	
520	261	765	  1	
520	301	765	  1	
520	367	765	  1	
522	136	765	  1	
522	264	765	  1	
523	144	765	  1	
523	271	765	  1	
523	288	765	  1	
523	360	765	  1	
523	557	765	  1	
524	  0	765	  1	
524	207	765	  1	
525	152	765	  1	
525	223	765	  1	
525	248	765	  1	
525	296	765	  1	
525	322	765	  1	
527	  8	765	  1	
527	142	765	  1	
527	200	765	  1	
527	367	765	  1	
527	407	765	  1	
528	 18	765	  1	
528	 27	765	  1	
528	102	765	  1	
528	125	765	  1	
528	138	765	  1	
528	201	765	  1	
528	213	765	  1	
528	245	765	  1	
528	277	765	  1	
528	288	765	  1	
528	292	765	  1	
528	327	765	  1	
528	375	765	  1	
528	415	765	  1	
528	488	765	  1	
530	208	765	  1	
530	224	765	  1	
530	231	765	  1	
530	284	765	  1	
531	 75	765	  1	
531	 94	765	  1	
531	368	765	  1	
533	101	765	  1	
533	120	765	  1	
533	136	765	  1	
533	143	765	  1	
534	214	765	  1	
534	384	765	  1	
535	 24	765	  1	
535	 31	765	  1	
535	375	765	  1	
536	 32	765	  1	
536	 51	765	  1	
536	144	765	  1	
536	179	765	  1	
536	189	765	  1	
536	264	765	  1	
536	304	765	  1	
536	311	765	  1	
536	360	765	  1	
536	367	765	  1	
536	382	765	  1	
538	416	765	  1	
539	110	765	  1	
539	192	765	  1	
539	251	765	  1	
539	271	765	  1	
539	280	765	  1	
540	318	765	  1	
541	272	765	  1	
541	279	765	  1	
543	 55	765	  1	
543	264	765	  1	
543	363	765	  1	
543	382	765	  1	
544	  0	765	  1	
544	 46	765	  1	
544	 77	765	  1	
544	144	765	  1	
544	220	765	  1	
544	232	765	  1	
544	236	765	  1	
544	263	765	  1	
544	297	765	  1	
545	 96	765	  1	
547	192	765	  1	
547	294	765	  1	
550	  0	765	  1	
550	223	765	  1	
550	272	765	  1	
551	375	765	  1	
552	 56	765	  1	
552	 66	765	  1	
552	 72	765	  1	
552	104	765	  1	
552	110	765	  1	
552	136	765	  1	
552	142	765	  1	
552	153	765	  1	
552	290	765	  1	
552	304	765	  1	
552	311	765	  1	
552	378	765	  1	
552	422	765	  1	
553	280	765	  1	
554	456	765	  1	
555	 79	765	  1	
555	184	765	  1	
555	191	765	  1	
555	256	765	  1	
556	154	765	  1	
556	232	765	  1	
556	287	765	  1	
557	344	765	  1	
559	  0	765	  1	
559	 72	765	  1	
559	117	765	  1	
559	307	765	  1	
560	192	765	  1	
560	203	765	  1	
560	213	765	  1	
560	218	765	  1	
560	223	765	  1	
560	229	765	  1	
560	245	765	  1	
560	251	765	  1	
560	272	765	  1	
560	295	765	  1	
560	373	765	  1	
560	384	765	  1	
563	383	765	  1	
564	368	765	  1	
565	240	765	  1	
566	 47	765	  1	
566	230	765	  1	
566	291	765	  1	
567	283	765	  1	
567	376	765	  1	
568	  6	765	  1	
568	 71	765	  1	
568	 79	765	  1	
568	 90	765	  1	
568	112	765	  1	
568	120	765	  1	
568	125	765	  1	
568	135	765	  1	
568	142	765	  1	
568	157	765	  1	
568	171	765	  1	
568	190	765	  1	
568	226	765	  1	
568	255	765	  1	
568	264	765	  1	
568	270	765	  1	
570	152	765	  1	
570	248	765	  1	
571	208	765	  1	
571	294	765	  1	
574	112	765	  1	
574	120	765	  1	
574	143	765	  1	
574	158	765	  1	
575	 68	765	  1	
575	 76	765	  1	
575	184	765	  1	
575	255	765	  1	
575	280	765	  1	
575	287	765	  1	
575	328	765	  1	
576	 77	765	  1	
576	146	765	  1	
576	154	765	  1	
576	173	765	  1	
576	187	765	  1	
576	210	765	  1	
576	216	765	  1	
576	240	765	  1	
576	256	765	  1	
576	262	765	  1	
576	320	765	  1	
576	403	765	  1	
576	448	765	  1	
576	576	765	  1	
578	136	765	  1	
578	168	765	  1	
578	245	765	  1	
579	224	765	  1	
579	463	765	  1	
580	150	765	  1	
580	288	765	  1	
581	184	765	  1	
581	208	765	  1	
581	215	765	  1	
581	259	765	  1	
581	453	765	  1	
582	143	765	  1	
582	174	765	  1	
583	240	765	  1	
583	400	765	  1	
583	407	765	  1	
584	127	765	  1	
584	131	765	  1	
584	198	765	  1	
584	238	765	  1	
584	246	765	  1	
584	298	765	  1	
586	111	765	  1	
586	240	765	  1	
587	133	765	  1	
587	256	765	  1	
587	429	765	  1	
589	211	765	  1	
589	246	765	  1	
589	296	765	  1	
589	311	765	  1	
591	103	765	  1	
591	109	765	  1	
591	119	765	  1	
591	123	765	  1	
591	128	765	  1	
591	198	765	  1	
591	238	765	  1	
591	263	765	  1	
592	 69	765	  1	
592	 91	765	  1	
592	136	765	  1	
592	168	765	  1	
592	230	765	  1	
592	299	765	  1	
592	320	765	  1	
592	327	765	  1	
592	344	765	  1	
594	 96	765	  1	
594	224	765	  1	
595	175	765	  1	
596	102	765	  1	
596	243	765	  1	
597	 88	765	  1	
597	118	765	  1	
597	307	765	  1	
597	312	765	  1	
597	319	765	  1	
598	200	765	  1	
598	207	765	  1	
598	360	765	  1	
599	120	765	  1	
599	127	765	  1	
599	168	765	  1	
599	323	765	  1	
600	144	765	  1	
600	151	765	  1	
600	156	765	  1	
600	214	765	  1	
600	294	765	  1	
600	315	765	  1	
600	351	765	  1	
600	374	765	  1	
600	416	765	  1	
600	423	765	  1	
600	431	765	  1	
601	424	765	  1	
603	212	765	  1	
603	304	765	  1	
603	311	765	  1	
603	344	765	  1	
605	295	765	  1	
606	215	765	  1	
607	147	765	  1	
607	248	765	  1	
607	307	765	  1	
607	312	765	  1	
607	319	765	  1	
607	351	765	  1	
608	 99	765	  1	
608	258	765	  1	
608	277	765	  1	
608	298	765	  1	
608	311	765	  1	
608	341	765	  1	
608	404	765	  1	
611	239	765	  1	
613	 14	765	  1	
614	306	765	  1	
614	336	765	  1	
615	 80	765	  1	
615	 96	765	  1	
615	103	765	  1	
615	171	765	  1	
615	311	765	  1	
616	  4	765	  1	
616	 62	765	  1	
616	240	765	  1	
616	247	765	  1	
616	255	765	  1	
616	288	765	  1	
616	303	765	  1	
616	319	765	  1	
619	312	765	  1	
621	  0	765	  1	
623	135	765	  1	
623	319	765	  1	
624	  4	765	  1	
624	 79	765	  1	
624	 84	765	  1	
624	111	765	  1	
624	136	765	  1	
624	232	765	  1	
624	315	765	  1	
624	383	765	  1	
627	104	765	  1	
627	295	765	  1	
627	376	765	  1	
628	246	765	  1	
629	 86	765	  1	
630	571	765	  1	
631	 80	765	  1	
631	111	765	  1	
631	136	765	  1	
631	383	765	  1	
631	408	765	  1	
631	499	765	  1	
632	 23	765	  1	
632	208	765	  1	
632	215	765	  1	
635	288	765	  1	
636	360	765	  1	
640	175	765	  1	
643	 88	765	  1	
644	218	765	  1	
644	376	765	  1	
646	155	765	  1	
647	175	765	  1	
647	390	765	  1	
648	 64	765	  1	
648	 99	765	  1	
648	336	765	  1	
653	112	765	  1	
655	 79	765	  1	
655	 96	765	  1	
655	103	765	  1	
655	507	765	  1	
656	 87	765	  1	
656	138	765	  1	
656	358	765	  1	
662	255	765	  1	
663	 87	765	  1	
663	356	765	  1	
664	104	765	  1	
664	110	765	  1	
667	 47	765	  1	
667	119	765	  1	
671	112	765	  1	
671	168	765	  1	
672	 99	765	  1	
672	120	765	  1	
672	127	765	  1	
672	248	765	  1	
674	226	765	  1	
675	 96	765	  1	
679	123	765	  1	
680	112	765	  1	
680	251	765	  1	
680	384	765	  1	
687	552	765	  1	
688	247	765	  1	
692	119	765	  1	
695	247	765	  1	
696	408	765	  1	
696	415	765	  1	
703	  6	765	  1	
703	123	765	  1	
708	411	765	  1	
721	248	765	  1	
722	472	765	  1	
723	180	765	  1	
