# 
#  Image file: Goad2_T0188.jpg
#  Applied threshold: 575
#  Algorithm used: fill2                 
#  Particle count: 1966
#  Location (x,y), max luminance, and mass:
# 
  7	115	765	  1	
  7	160	765	  1	
  8	119	765	  1	
  8	208	765	  1	
 13	112	765	  1	
 13	256	765	  1	
 15	349	765	  1	
 16	190	765	  1	
 27	210	765	  1	
 27	380	765	  1	
 32	415	765	  1	
 33	 91	765	  1	
 33	448	765	  1	
 34	151	765	  1	
 35	395	765	  1	
 36	210	765	  1	
 38	274	765	  1	
 40	239	765	  1	
 41	 90	765	  1	
 43	456	765	  1	
 43	543	765	  1	
 44	506	765	  1	
 48	296	765	  1	
 50	351	765	  1	
 52	 94	765	  1	
 55	 87	765	  1	
 55	152	765	  1	
 56	109	765	  1	
 56	232	765	  1	
 56	262	765	  1	
 63	103	765	  1	
 64	101	765	  1	
 64	272	765	  1	
 65	104	765	  1	
 66	150	765	  1	
 67	141	765	  1	
 68	360	765	  1	
 69	109	765	  1	
 70	523	765	  1	
 74	327	765	  1	
 77	 96	765	  1	
 78	316	765	  1	
 78	398	765	  1	
 79	103	765	  1	
 82	363	765	  1	
 84	144	765	  1	
 85	146	765	  1	
 88	131	765	  1	
 88	223	765	  1	
 91	192	765	  1	
 91	319	765	  1	
 94	364	765	  1	
 95	128	765	  1	
 95	135	765	  1	
 95	155	765	  1	
 95	310	765	  1	
 95	512	765	  1	
 96	142	765	  1	
 96	147	765	  1	
 96	152	765	  1	
 96	344	765	  1	
 99	159	765	  1	
100	175	765	  1	
102	200	765	  1	
103	 86	765	  1	
103	144	765	  1	
103	151	765	  1	
103	552	765	  1	
104	  0	765	  1	
104	 64	765	  1	
104	130	765	  1	
104	359	765	  1	
105	180	765	  1	
107	104	765	  1	
107	352	765	  1	
110	248	765	  1	
111	 70	765	  1	
111	132	765	  1	
111	183	765	  1	
111	359	765	  1	
111	435	765	  1	
112	 55	765	  1	
112	 64	765	  1	
112	152	765	  1	
112	159	765	  1	
112	192	765	  1	
112	256	765	  1	
112	263	765	  1	
112	270	765	  1	
115	144	765	  1	
119	 67	765	  1	
119	 83	765	  1	
119	135	765	  1	
119	155	765	  1	
119	259	765	  1	
119	386	765	  1	
119	463	765	  1	
120	  0	765	  1	
120	140	765	  1	
120	187	765	  1	
120	200	765	  1	
120	248	765	  1	
120	304	765	  1	
120	315	765	  1	
122	 45	765	  1	
122	 82	765	  1	
124	212	765	  1	
124	393	765	  1	
125	  7	765	  1	
125	136	765	  1	
125	190	765	  1	
125	259	765	  1	
126	413	765	  1	
127	 87	765	  1	
127	304	765	  1	
127	312	765	  1	
127	319	765	  1	
127	480	765	  1	
128	144	765	  1	
128	152	765	  1	
128	168	765	  1	
128	347	765	  1	
128	439	765	  1	
129	115	765	  1	
130	338	765	  1	
131	175	765	  1	
131	223	765	  1	
131	343	765	  1	
131	408	765	  1	
132	560	765	  1	
133	151	765	  1	
133	192	765	  1	
134	149	765	  1	
134	248	765	  1	
135	 80	765	  1	
135	112	765	  1	
135	168	765	  1	
135	344	765	  1	
135	351	765	  1	
135	415	765	  1	
135	432	765	  1	
136	  2	765	  1	
136	175	765	  1	
137	592	765	  1	
140	  7	765	  1	
140	260	765	  1	
141	103	765	  1	
141	116	765	  1	
141	136	765	  1	
142	 83	765	  1	
143	  3	765	  1	
143	171	765	  1	
144	 59	765	  1	
144	128	765	  1	
144	152	765	  1	
144	159	765	  1	
144	200	765	  1	
144	214	765	  1	
144	366	765	  1	
146	163	765	  1	
146	208	765	  1	
146	304	765	  1	
146	340	765	  1	
147	392	765	  1	
149	 91	765	  1	
149	142	765	  1	
149	375	765	  1	
150	536	765	  1	
151	 56	765	  1	
151	 63	765	  1	
151	128	765	  1	
151	212	765	  1	
151	336	765	  1	
151	368	765	  1	
152	 55	765	  1	
152	144	765	  1	
152	260	765	  1	
152	288	765	  1	
152	295	765	  1	
152	303	765	  1	
152	357	765	  1	
152	550	765	  1	
153	210	765	  1	
154	125	765	  1	
154	328	765	  1	
154	352	765	  1	
154	375	765	  1	
155	104	765	  1	
155	120	765	  1	
155	160	765	  1	
155	175	765	  1	
155	280	765	  1	
157	164	765	  1	
157	208	765	  1	
158	291	765	  1	
158	360	765	  1	
159	 55	765	  1	
159	168	765	  1	
159	172	765	  1	
159	299	765	  1	
159	357	765	  1	
160	 64	765	  1	
160	 88	765	  1	
160	112	765	  1	
160	128	765	  1	
160	189	765	  1	
160	231	765	  1	
160	240	765	  1	
160	263	765	  1	
160	283	765	  1	
160	312	765	  1	
160	319	765	  1	
161	208	765	  1	
161	214	765	  1	
162	184	765	  1	
163	 71	765	  1	
163	174	765	  1	
163	224	765	  1	
164	263	765	  1	
165	 48	765	  1	
165	223	765	  1	
165	280	765	  1	
166	  8	765	  1	
166	190	765	  1	
166	247	765	  1	
167	 64	765	  1	
167	231	765	  1	
167	315	765	  1	
167	512	765	  1	
168	 72	765	  1	
168	 92	765	  1	
168	105	765	  1	
168	136	765	  1	
168	152	765	  1	
168	163	765	  1	
168	181	765	  1	
168	320	765	  1	
168	326	765	  1	
168	340	765	  1	
170	142	765	  1	
170	150	765	  1	
170	158	765	  1	
171	262	765	  1	
173	 80	765	  1	
173	240	765	  1	
173	296	765	  1	
174	104	765	  1	
174	136	765	  1	
174	160	765	  1	
175	340	765	  1	
175	344	765	  1	
175	515	765	  1	
176	128	765	  1	
176	157	765	  1	
176	179	765	  1	
176	199	765	  1	
176	256	765	  1	
176	263	765	  1	
176	288	765	  1	
176	372	765	  1	
179	264	765	  1	
181	  0	765	  1	
181	139	765	  1	
181	330	765	  1	
181	335	765	  1	
182	144	765	  1	
182	187	765	  1	
182	488	765	  1	
183	176	765	  1	
183	183	765	  1	
183	247	765	  1	
183	259	765	  1	
184	101	765	  1	
184	123	765	  1	
184	160	765	  1	
184	208	765	  1	
184	215	765	  1	
184	271	765	  1	
184	359	765	  1	
187	216	765	  1	
187	255	765	  1	
188	293	765	  1	
188	488	765	  1	
189	 58	765	  1	
189	288	765	  1	
190	 98	765	  1	
190	127	765	  1	
190	211	765	  1	
191	160	765	  1	
191	366	765	  1	
192	  7	765	  1	
192	 83	765	  1	
192	 90	765	  1	
192	109	765	  1	
192	120	765	  1	
192	133	765	  1	
192	149	765	  1	
192	184	765	  1	
192	192	765	  1	
192	205	765	  1	
192	208	765	  1	
192	241	765	  1	
192	268	765	  1	
192	280	765	  1	
192	286	765	  1	
192	301	765	  1	
192	331	765	  1	
192	370	765	  1	
192	416	765	  1	
192	491	765	  1	
194	215	765	  1	
194	296	765	  1	
195	352	765	  1	
195	440	765	  1	
197	190	765	  1	
197	283	765	  1	
197	335	765	  1	
198	120	765	  1	
198	125	765	  1	
198	208	765	  1	
198	232	765	  1	
198	302	765	  1	
198	456	765	  1	
199	243	765	  1	
199	277	765	  1	
199	288	765	  1	
200	  0	765	  1	
200	 72	765	  1	
200	160	765	  1	
200	165	765	  1	
200	174	765	  1	
200	368	765	  1	
200	387	765	  1	
200	407	765	  1	
200	432	765	  1	
200	467	765	  1	
200	527	765	  1	
201	215	765	  1	
203	176	765	  1	
203	255	765	  1	
203	321	765	  1	
203	384	765	  1	
203	391	765	  1	
204	566	765	  1	
205	118	765	  1	
205	192	765	  1	
205	319	765	  1	
206	286	765	  1	
206	449	765	  1	
207	172	765	  1	
207	182	765	  1	
207	186	765	  1	
207	334	765	  1	
207	368	765	  1	
207	387	765	  1	
208	 95	765	  1	
208	112	765	  1	
208	215	765	  1	
208	264	765	  1	
208	271	765	  1	
208	275	765	  1	
208	395	765	  1	
210	419	765	  1	
211	272	765	  1	
211	279	765	  1	
212	208	765	  1	
213	 54	765	  1	
213	118	765	  1	
213	160	765	  1	
213	175	765	  1	
213	408	765	  1	
215	212	765	  1	
215	267	765	  1	
215	275	765	  1	
215	392	765	  1	
215	399	765	  1	
215	453	765	  1	
215	474	765	  1	
215	520	765	  1	
216	  7	765	  1	
216	 72	765	  1	
216	 88	765	  1	
216	152	765	  1	
216	224	765	  1	
216	237	765	  1	
216	256	765	  1	
216	376	765	  1	
216	400	765	  1	
216	406	765	  1	
216	469	765	  1	
218	215	765	  1	
219	  0	765	  1	
219	288	765	  1	
219	423	765	  1	
219	439	765	  1	
220	298	765	  1	
220	427	765	  1	
221	 48	765	  1	
221	271	765	  1	
221	279	765	  1	
223	  7	765	  1	
223	200	765	  1	
223	469	765	  1	
224	 56	765	  1	
224	 61	765	  1	
224	122	765	  1	
224	167	765	  1	
224	178	765	  1	
224	192	765	  1	
224	242	765	  1	
224	275	765	  1	
224	304	765	  1	
224	311	765	  1	
224	352	765	  1	
224	356	765	  1	
224	370	765	  1	
224	375	765	  1	
224	409	765	  1	
224	416	765	  1	
224	439	765	  1	
227	421	765	  1	
227	432	765	  1	
228	 27	765	  1	
228	408	765	  1	
229	  8	765	  1	
229	256	765	  1	
230	 42	765	  1	
230	183	765	  1	
230	264	765	  1	
231	 48	765	  1	
231	122	765	  1	
231	242	765	  1	
231	275	765	  1	
231	307	765	  1	
231	379	765	  1	
231	439	765	  1	
232	 14	765	  1	
232	133	765	  1	
232	149	765	  1	
232	168	765	  1	
232	188	765	  1	
232	208	765	  1	
232	223	765	  1	
232	235	765	  1	
232	272	765	  1	
232	279	765	  1	
232	323	765	  1	
232	400	765	  1	
232	406	765	  1	
232	432	765	  1	
232	440	765	  1	
234	123	765	  1	
234	437	765	  1	
234	443	765	  1	
235	  0	765	  1	
235	119	765	  1	
235	184	765	  1	
235	256	765	  1	
236	176	765	  1	
237	174	765	  1	
238	183	765	  1	
238	189	765	  1	
239	113	765	  1	
239	216	765	  1	
239	232	765	  1	
239	239	765	  1	
239	375	765	  1	
239	392	765	  1	
239	504	765	  1	
240	  0	765	  1	
240	 20	765	  1	
240	 43	765	  1	
240	 54	765	  1	
240	 85	765	  1	
240	124	765	  1	
240	200	765	  1	
240	346	765	  1	
240	443	765	  1	
241	520	765	  1	
242	264	765	  1	
243	176	765	  1	
243	295	765	  1	
243	527	765	  1	
244	 79	765	  1	
245	 52	765	  1	
245	102	765	  1	
245	144	765	  1	
245	151	765	  1	
245	278	765	  1	
246	120	765	  1	
246	209	765	  1	
246	221	765	  1	
246	523	765	  1	
247	116	765	  1	
247	218	765	  1	
247	408	765	  1	
247	452	765	  1	
247	469	765	  1	
248	  3	765	  1	
248	  8	765	  1	
248	 39	765	  1	
248	 74	765	  1	
248	 78	765	  1	
248	 93	765	  1	
248	125	765	  1	
248	160	765	  1	
248	168	765	  1	
248	187	765	  1	
248	226	765	  1	
248	312	765	  1	
248	397	765	  1	
248	405	765	  1	
248	429	765	  1	
248	479	765	  1	
248	567	765	  1	
250	 14	765	  1	
250	197	765	  1	
250	216	765	  1	
251	174	765	  1	
251	208	765	  1	
251	268	765	  1	
251	355	765	  1	
253	424	765	  1	
254	  8	765	  1	
254	 64	765	  1	
254	 87	765	  1	
254	214	765	  1	
254	222	765	  1	
254	319	765	  1	
255	 32	765	  1	
255	259	765	  1	
255	525	765	  1	
256	 19	765	  1	
256	 47	765	  1	
256	110	765	  1	
256	132	765	  1	
256	152	765	  1	
256	158	765	  1	
256	216	765	  1	
256	370	765	  1	
256	416	765	  1	
256	453	765	  1	
256	461	765	  1	
256	485	765	  1	
256	522	765	  1	
257	168	765	  1	
257	173	765	  1	
258	104	765	  1	
258	184	765	  1	
258	198	765	  1	
258	267	765	  1	
259	 40	765	  1	
259	336	765	  1	
259	440	765	  1	
260	390	765	  1	
261	 88	765	  1	
261	152	765	  1	
261	472	765	  1	
261	527	765	  1	
262	 23	765	  1	
262	239	765	  1	
263	 47	765	  1	
263	110	765	  1	
263	219	765	  1	
263	264	765	  1	
263	397	765	  1	
264	  0	765	  1	
264	 63	765	  1	
264	 91	765	  1	
264	101	765	  1	
264	384	765	  1	
264	536	765	  1	
265	111	765	  1	
265	427	765	  1	
266	112	765	  1	
266	223	765	  1	
266	408	765	  1	
267	135	765	  1	
267	304	765	  1	
267	344	765	  1	
267	546	765	  1	
268	392	765	  1	
268	551	765	  1	
269	 24	765	  1	
269	367	765	  1	
270	 11	765	  1	
270	118	765	  1	
270	296	765	  1	
270	354	765	  1	
270	399	765	  1	
270	480	765	  1	
271	 56	765	  1	
271	127	765	  1	
271	135	765	  1	
271	415	765	  1	
271	544	765	  1	
272	  0	765	  1	
272	 16	765	  1	
272	 53	765	  1	
272	 64	765	  1	
272	 80	765	  1	
272	 84	765	  1	
272	115	765	  1	
272	136	765	  1	
272	221	765	  1	
272	304	765	  1	
272	403	765	  1	
272	425	765	  1	
272	491	765	  1	
272	545	765	  1	
273	152	765	  1	
273	167	765	  1	
273	323	765	  1	
274	110	765	  1	
274	216	765	  1	
274	430	765	  1	
275	176	765	  1	
275	408	765	  1	
277	 39	765	  1	
277	139	765	  1	
277	184	765	  1	
277	368	765	  1	
277	528	765	  1	
278	 47	765	  1	
278	 82	765	  1	
278	222	765	  1	
278	403	765	  1	
278	426	765	  1	
278	595	765	  1	
279	  7	765	  1	
279	 32	765	  1	
279	 64	765	  1	
279	415	765	  1	
280	 90	765	  1	
280	104	765	  1	
280	152	765	  1	
280	227	765	  1	
280	256	765	  1	
280	316	765	  1	
280	389	765	  1	
280	421	765	  1	
280	458	765	  1	
280	493	765	  1	
281	 98	765	  1	
282	136	765	  1	
283	312	765	  1	
284	 39	765	  1	
284	408	765	  1	
285	 94	765	  1	
285	110	765	  1	
285	295	765	  1	
286	103	765	  1	
286	317	765	  1	
286	336	765	  1	
286	405	765	  1	
287	216	765	  1	
287	231	765	  1	
288	 16	765	  1	
288	 48	765	  1	
288	 62	765	  1	
288	104	765	  1	
288	192	765	  1	
288	198	765	  1	
288	232	765	  1	
288	238	765	  1	
288	247	765	  1	
288	254	765	  1	
288	357	765	  1	
288	383	765	  1	
288	392	765	  1	
288	477	765	  1	
288	515	765	  1	
290	 39	765	  1	
290	 96	765	  1	
290	139	765	  1	
291	 22	765	  1	
291	 72	765	  1	
291	109	765	  1	
291	208	765	  1	
291	408	765	  1	
291	460	765	  1	
293	  8	765	  1	
293	 59	765	  1	
293	158	765	  1	
293	207	765	  1	
293	235	765	  1	
293	435	765	  1	
293	472	765	  1	
294	251	765	  1	
294	380	765	  1	
294	458	765	  1	
294	488	765	  1	
294	512	765	  1	
295	200	765	  1	
295	243	765	  1	
295	392	765	  1	
295	494	765	  1	
296	 10	765	  1	
296	 14	765	  1	
296	 23	765	  1	
296	 54	765	  1	
296	 64	765	  1	
296	 95	765	  1	
296	100	765	  1	
296	115	765	  1	
296	127	765	  1	
296	173	765	  1	
296	184	765	  1	
296	211	765	  1	
296	304	765	  1	
296	469	765	  1	
296	499	765	  1	
298	190	765	  1	
298	252	765	  1	
298	416	765	  1	
299	141	765	  1	
300	 13	765	  1	
300	 64	765	  1	
301	 18	765	  1	
301	 83	765	  1	
301	392	765	  1	
301	528	765	  1	
301	552	765	  1	
302	 51	765	  1	
302	184	765	  1	
302	379	765	  1	
303	144	765	  1	
303	503	765	  1	
304	  2	765	  1	
304	  8	765	  1	
304	 12	765	  1	
304	 16	765	  1	
304	 72	765	  1	
304	103	765	  1	
304	166	765	  1	
304	176	765	  1	
304	181	765	  1	
304	200	765	  1	
304	224	765	  1	
304	232	765	  1	
304	288	765	  1	
304	295	765	  1	
304	325	765	  1	
304	334	765	  1	
304	404	765	  1	
304	435	765	  1	
304	440	765	  1	
304	459	765	  1	
304	496	765	  1	
304	512	765	  1	
304	535	765	  1	
305	162	765	  1	
306	 88	765	  1	
306	278	765	  1	
306	392	765	  1	
307	 56	765	  1	
307	 96	765	  1	
308	190	765	  1	
308	330	765	  1	
309	  0	765	  1	
309	 78	765	  1	
309	206	765	  1	
309	254	765	  1	
309	416	765	  1	
309	517	765	  1	
310	 95	765	  1	
310	108	765	  1	
310	184	765	  1	
310	224	765	  1	
310	285	765	  1	
310	292	765	  1	
310	400	765	  1	
311	 19	765	  1	
311	432	765	  1	
311	456	765	  1	
311	463	765	  1	
311	531	765	  1	
312	 14	765	  1	
312	 26	765	  1	
312	 46	765	  1	
312	 59	765	  1	
312	104	765	  1	
312	248	765	  1	
312	259	765	  1	
312	366	765	  1	
312	407	765	  1	
312	496	765	  1	
312	509	765	  1	
312	522	765	  1	
313	144	765	  1	
313	176	765	  1	
314	255	765	  1	
315	 16	765	  1	
315	 31	765	  1	
315	 64	765	  1	
315	336	765	  1	
315	488	765	  1	
316	264	765	  1	
316	272	765	  1	
316	432	765	  1	
316	501	765	  1	
317	 11	765	  1	
317	128	765	  1	
317	135	765	  1	
317	156	765	  1	
317	191	765	  1	
317	250	765	  1	
317	320	765	  1	
317	367	765	  1	
317	416	765	  1	
317	423	765	  1	
317	435	765	  1	
318	163	765	  1	
318	381	765	  1	
318	397	765	  1	
318	448	765	  1	
319	 48	765	  1	
319	522	765	  1	
320	 96	765	  1	
320	112	765	  1	
320	173	765	  1	
320	330	765	  1	
320	394	765	  1	
320	480	765	  1	
320	503	765	  1	
320	512	765	  1	
322	 32	765	  1	
322	 40	765	  1	
322	 70	765	  1	
322	167	765	  1	
322	232	765	  1	
322	360	765	  1	
322	376	765	  1	
323	  8	765	  1	
323	368	765	  1	
323	416	765	  1	
323	496	765	  1	
324	 47	765	  1	
324	463	765	  1	
325	126	765	  1	
325	200	765	  1	
325	328	765	  1	
325	336	765	  1	
326	398	765	  1	
327	112	765	  1	
327	236	765	  1	
327	488	765	  1	
327	519	765	  1	
328	  0	765	  1	
328	  8	765	  1	
328	 15	765	  1	
328	 24	765	  1	
328	106	765	  1	
328	160	765	  1	
328	178	765	  1	
328	190	765	  1	
328	216	765	  1	
328	220	765	  1	
328	256	765	  1	
328	288	765	  1	
328	308	765	  1	
328	325	765	  1	
328	344	765	  1	
328	350	765	  1	
328	408	765	  1	
328	418	765	  1	
328	440	765	  1	
328	496	765	  1	
330	128	765	  1	
330	296	765	  1	
331	 96	765	  1	
331	224	765	  1	
331	272	765	  1	
331	347	765	  1	
331	360	765	  1	
331	415	765	  1	
333	 72	765	  1	
333	 79	765	  1	
333	182	765	  1	
333	304	765	  1	
334	134	765	  1	
334	184	765	  1	
334	344	765	  1	
334	351	765	  1	
334	366	765	  1	
334	417	765	  1	
335	176	765	  1	
335	191	765	  1	
335	408	765	  1	
335	423	765	  1	
335	500	765	  1	
336	  0	765	  1	
336	 34	765	  1	
336	 48	765	  1	
336	 55	765	  1	
336	 64	765	  1	
336	125	765	  1	
336	170	765	  1	
336	208	765	  1	
336	214	765	  1	
336	240	765	  1	
336	269	765	  1	
336	336	765	  1	
336	343	765	  1	
336	429	765	  1	
336	443	765	  1	
338	 24	765	  1	
338	136	765	  1	
338	245	765	  1	
338	310	765	  1	
339	 80	765	  1	
339	437	765	  1	
340	 39	765	  1	
340	339	765	  1	
341	  3	765	  1	
341	211	765	  1	
341	232	765	  1	
341	260	765	  1	
341	374	765	  1	
341	424	765	  1	
342	 32	765	  1	
342	 96	765	  1	
342	191	765	  1	
342	197	765	  1	
343	112	765	  1	
343	367	765	  1	
343	467	765	  1	
344	 29	765	  1	
344	 51	765	  1	
344	 72	765	  1	
344	104	765	  1	
344	148	765	  1	
344	171	765	  1	
344	267	765	  1	
344	277	765	  1	
344	320	765	  1	
344	384	765	  1	
344	416	765	  1	
344	423	765	  1	
344	454	765	  1	
344	516	765	  1	
344	525	765	  1	
345	 10	765	  1	
345	 15	765	  1	
345	120	765	  1	
346	232	765	  1	
346	390	765	  1	
346	448	765	  1	
347	383	765	  1	
349	184	765	  1	
349	424	765	  1	
350	238	765	  1	
350	265	765	  1	
350	376	765	  1	
350	384	765	  1	
351	104	765	  1	
351	112	765	  1	
351	336	765	  1	
351	419	765	  1	
351	519	765	  1	
352	 75	765	  1	
352	138	765	  1	
352	143	765	  1	
352	176	765	  1	
352	200	765	  1	
352	207	765	  1	
352	211	765	  1	
352	240	765	  1	
352	247	765	  1	
352	261	765	  1	
352	320	765	  1	
352	346	765	  1	
352	351	765	  1	
352	365	765	  1	
352	399	765	  1	
354	 32	765	  1	
354	119	765	  1	
355	 88	765	  1	
355	152	765	  1	
355	407	765	  1	
355	440	765	  1	
357	102	765	  1	
357	163	765	  1	
357	182	765	  1	
357	256	765	  1	
358	 38	765	  1	
358	120	765	  1	
358	304	765	  1	
359	107	765	  1	
359	243	765	  1	
359	424	765	  1	
359	431	765	  1	
360	  0	765	  1	
360	 31	765	  1	
360	 48	765	  1	
360	 52	765	  1	
360	 64	765	  1	
360	 70	765	  1	
360	 82	765	  1	
360	184	765	  1	
360	232	765	  1	
360	248	765	  1	
360	270	765	  1	
360	335	765	  1	
360	337	765	  1	
360	349	765	  1	
360	365	765	  1	
360	375	765	  1	
360	396	765	  1	
360	527	765	  1	
361	263	765	  1	
362	319	765	  1	
363	 24	765	  1	
363	432	765	  1	
364	330	765	  1	
365	  0	765	  1	
365	 67	765	  1	
365	 80	765	  1	
365	 87	765	  1	
365	 96	765	  1	
365	128	765	  1	
365	205	765	  1	
365	256	765	  1	
365	360	765	  1	
366	266	765	  1	
367	 31	765	  1	
368	154	765	  1	
368	352	765	  1	
368	363	765	  1	
368	378	765	  1	
368	434	765	  1	
369	 80	765	  1	
370	 62	765	  1	
370	368	765	  1	
370	522	765	  1	
371	139	765	  1	
373	 40	765	  1	
373	168	765	  1	
373	173	765	  1	
373	275	765	  1	
374	439	765	  1	
374	445	765	  1	
375	  0	765	  1	
375	 72	765	  1	
375	368	765	  1	
375	527	765	  1	
376	 10	765	  1	
376	 48	765	  1	
376	 83	765	  1	
376	134	765	  1	
376	144	765	  1	
376	176	765	  1	
376	181	765	  1	
376	184	765	  1	
376	311	765	  1	
376	319	765	  1	
376	411	765	  1	
378	 16	765	  1	
379	 80	765	  1	
379	 87	765	  1	
379	191	765	  1	
380	 60	765	  1	
380	294	765	  1	
380	305	765	  1	
381	183	765	  1	
381	395	765	  1	
382	126	765	  1	
382	132	765	  1	
382	178	765	  1	
382	288	765	  1	
382	325	765	  1	
383	 83	765	  1	
384	  0	765	  1	
384	 98	765	  1	
384	149	765	  1	
384	208	765	  1	
384	221	765	  1	
384	358	765	  1	
384	440	765	  1	
384	447	765	  1	
384	468	765	  1	
384	554	765	  1	
385	192	765	  1	
387	 40	765	  1	
387	 91	765	  1	
387	261	765	  1	
389	111	765	  1	
389	215	765	  1	
389	527	765	  1	
390	471	765	  1	
391	 80	765	  1	
391	 87	765	  1	
391	358	765	  1	
391	443	765	  1	
392	 11	765	  1	
392	 63	765	  1	
392	120	765	  1	
392	151	765	  1	
392	158	765	  1	
392	166	765	  1	
392	230	765	  1	
392	280	765	  1	
392	303	765	  1	
392	463	765	  1	
392	477	765	  1	
394	143	765	  1	
394	164	765	  1	
394	328	765	  1	
395	152	765	  1	
395	184	765	  1	
395	296	765	  1	
396	167	765	  1	
397	 32	765	  1	
397	 48	765	  1	
397	 59	765	  1	
397	136	765	  1	
397	439	765	  1	
398	175	765	  1	
398	287	765	  1	
398	457	765	  1	
399	141	765	  1	
399	163	765	  1	
399	303	765	  1	
400	  0	765	  1	
400	 30	765	  1	
400	 99	765	  1	
400	111	765	  1	
400	127	765	  1	
400	298	765	  1	
400	309	765	  1	
400	360	765	  1	
400	379	765	  1	
400	432	765	  1	
401	166	765	  1	
402	 24	765	  1	
403	 49	765	  1	
403	112	765	  1	
404	108	765	  1	
404	484	765	  1	
405	 32	765	  1	
405	 72	765	  1	
405	 86	765	  1	
405	152	765	  1	
405	184	765	  1	
405	296	765	  1	
405	303	765	  1	
406	 93	765	  1	
406	143	765	  1	
407	102	765	  1	
407	175	765	  1	
407	309	765	  1	
408	 18	765	  1	
408	 39	765	  1	
408	 98	765	  1	
408	110	765	  1	
408	116	765	  1	
408	165	765	  1	
408	195	765	  1	
408	304	765	  1	
408	314	765	  1	
408	319	765	  1	
408	416	765	  1	
408	440	765	  1	
408	519	765	  1	
409	424	765	  1	
410	 15	765	  1	
410	 32	765	  1	
410	367	765	  1	
411	 92	765	  1	
411	125	765	  1	
411	144	765	  1	
411	311	765	  1	
412	286	765	  1	
413	 56	765	  1	
413	128	765	  1	
413	160	765	  1	
413	192	765	  1	
413	223	765	  1	
414	 37	765	  1	
414	 80	765	  1	
414	280	765	  1	
414	312	765	  1	
414	317	765	  1	
414	374	765	  1	
415	 10	765	  1	
415	304	765	  1	
415	444	765	  1	
416	 24	765	  1	
416	 50	765	  1	
416	136	765	  1	
416	174	765	  1	
416	208	765	  1	
416	288	765	  1	
416	318	765	  1	
416	326	765	  1	
416	347	765	  1	
416	410	765	  1	
416	592	765	  1	
416	599	765	  1	
418	 31	765	  1	
418	320	765	  1	
418	367	765	  1	
418	448	765	  1	
419	 15	765	  1	
419	 48	765	  1	
419	 87	765	  1	
419	215	765	  1	
420	438	765	  1	
421	 10	765	  1	
421	 19	765	  1	
421	171	765	  1	
422	 80	765	  1	
422	351	765	  1	
422	432	765	  1	
423	 26	765	  1	
423	111	765	  1	
423	208	765	  1	
423	255	765	  1	
423	410	765	  1	
424	112	765	  1	
424	127	765	  1	
424	175	765	  1	
424	216	765	  1	
424	328	765	  1	
424	363	765	  1	
426	 58	765	  1	
426	342	765	  1	
427	 63	765	  1	
427	176	765	  1	
427	291	765	  1	
428	120	765	  1	
428	168	765	  1	
429	142	765	  1	
429	199	765	  1	
430	184	765	  1	
431	136	765	  1	
431	343	765	  1	
432	 77	765	  1	
432	126	765	  1	
432	157	765	  1	
432	178	765	  1	
432	210	765	  1	
432	264	765	  1	
432	330	765	  1	
432	352	765	  1	
432	367	765	  1	
432	398	765	  1	
434	120	765	  1	
436	160	765	  1	
436	358	765	  1	
437	 72	765	  1	
437	152	765	  1	
438	  5	765	  1	
438	127	765	  1	
438	208	765	  1	
439	 96	765	  1	
439	232	765	  1	
439	367	765	  1	
439	392	765	  1	
440	  6	765	  1	
440	 14	765	  1	
440	 50	765	  1	
440	 56	765	  1	
440	105	765	  1	
440	139	765	  1	
440	196	765	  1	
440	272	765	  1	
440	290	765	  1	
440	293	765	  1	
440	359	765	  1	
440	426	765	  1	
440	431	765	  1	
441	  2	765	  1	
441	 91	765	  1	
441	128	765	  1	
442	223	765	  1	
443	248	765	  1	
444	 99	765	  1	
444	134	765	  1	
444	188	765	  1	
445	192	765	  1	
445	232	765	  1	
445	471	765	  1	
446	 12	765	  1	
446	180	765	  1	
446	349	765	  1	
447	 48	765	  1	
447	 55	765	  1	
448	 35	765	  1	
448	 64	765	  1	
448	 85	765	  1	
448	 96	765	  1	
448	117	765	  1	
448	208	765	  1	
448	247	765	  1	
448	255	765	  1	
448	279	765	  1	
448	300	765	  1	
448	457	765	  1	
449	144	765	  1	
450	 74	765	  1	
450	294	765	  1	
451	191	765	  1	
451	368	765	  1	
452	365	765	  1	
453	  2	765	  1	
453	 59	765	  1	
453	 72	765	  1	
453	 80	765	  1	
453	 92	765	  1	
454	176	765	  1	
454	181	765	  1	
454	186	765	  1	
454	272	765	  1	
454	277	765	  1	
454	288	765	  1	
454	301	765	  1	
454	352	765	  1	
455	 64	765	  1	
455	255	765	  1	
456	 29	765	  1	
456	 48	765	  1	
456	 72	765	  1	
456	149	765	  1	
456	165	765	  1	
456	196	765	  1	
456	235	765	  1	
456	460	765	  1	
458	 24	765	  1	
458	175	765	  1	
458	296	765	  1	
458	422	765	  1	
459	  7	765	  1	
459	 39	765	  1	
459	240	765	  1	
459	304	765	  1	
459	334	765	  1	
461	199	765	  1	
462	  0	765	  1	
462	 30	765	  1	
462	302	765	  1	
462	328	765	  1	
463	 85	765	  1	
463	168	765	  1	
463	216	765	  1	
464	 40	765	  1	
464	 60	765	  1	
464	162	765	  1	
464	184	765	  1	
464	224	765	  1	
464	240	765	  1	
464	291	765	  1	
464	304	765	  1	
464	352	765	  1	
464	386	765	  1	
464	507	765	  1	
466	 24	765	  1	
466	174	765	  1	
466	230	765	  1	
466	248	765	  1	
467	 46	765	  1	
467	188	765	  1	
467	359	765	  1	
468	 53	765	  1	
468	384	765	  1	
469	  0	765	  1	
469	 15	765	  1	
469	 48	765	  1	
469	168	765	  1	
469	199	765	  1	
469	216	765	  1	
469	246	765	  1	
469	264	765	  1	
469	312	765	  1	
471	165	765	  1	
471	352	765	  1	
472	 24	765	  1	
472	 40	765	  1	
472	 64	765	  1	
472	168	765	  1	
472	200	765	  1	
472	205	765	  1	
472	210	765	  1	
472	234	765	  1	
472	298	765	  1	
472	336	765	  1	
472	345	765	  1	
472	371	765	  1	
472	541	765	  1	
473	 72	765	  1	
474	158	765	  1	
475	 58	765	  1	
475	272	765	  1	
475	368	765	  1	
475	375	765	  1	
477	204	765	  1	
477	232	765	  1	
477	239	765	  1	
477	299	765	  1	
478	336	765	  1	
479	 64	765	  1	
479	168	765	  1	
479	211	765	  1	
479	222	765	  1	
479	371	765	  1	
479	416	765	  1	
480	  8	765	  1	
480	 23	765	  1	
480	 39	765	  1	
480	 74	765	  1	
480	160	765	  1	
480	166	765	  1	
480	224	765	  1	
480	256	765	  1	
480	263	765	  1	
480	275	765	  1	
480	296	765	  1	
480	304	765	  1	
481	112	765	  1	
481	173	765	  1	
482	516	765	  1	
483	 32	765	  1	
483	192	765	  1	
483	216	765	  1	
483	344	765	  1	
485	 50	765	  1	
485	 72	765	  1	
485	152	765	  1	
485	163	765	  1	
485	230	765	  1	
486	304	765	  1	
487	 39	765	  1	
487	259	765	  1	
488	 11	765	  1	
488	 36	765	  1	
488	 74	765	  1	
488	 96	765	  1	
488	112	765	  1	
488	179	765	  1	
488	184	765	  1	
488	197	765	  1	
488	216	765	  1	
488	232	765	  1	
488	240	765	  1	
488	271	765	  1	
488	335	765	  1	
488	448	765	  1	
489	208	765	  1	
490	120	765	  1	
490	128	765	  1	
491	 38	765	  1	
491	280	765	  1	
491	328	765	  1	
493	  8	765	  1	
493	155	765	  1	
493	238	765	  1	
493	246	765	  1	
493	368	765	  1	
493	376	765	  1	
494	126	765	  1	
495	135	765	  1	
495	184	765	  1	
495	335	765	  1	
496	  5	765	  1	
496	 56	765	  1	
496	 90	765	  1	
496	104	765	  1	
496	110	765	  1	
496	128	765	  1	
496	132	765	  1	
496	168	765	  1	
496	196	765	  1	
496	210	765	  1	
496	283	765	  1	
497	176	765	  1	
497	181	765	  1	
498	144	765	  1	
498	207	765	  1	
499	 80	765	  1	
499	160	765	  1	
499	272	765	  1	
499	315	765	  1	
500	104	765	  1	
501	  0	765	  1	
501	 64	765	  1	
501	368	765	  1	
503	328	765	  1	
503	455	765	  1	
503	463	765	  1	
504	 32	765	  1	
504	 80	765	  1	
504	 84	765	  1	
504	 88	765	  1	
504	 94	765	  1	
504	122	765	  1	
504	146	765	  1	
504	160	765	  1	
504	184	765	  1	
504	192	765	  1	
504	208	765	  1	
504	308	765	  1	
504	343	765	  1	
505	112	765	  1	
506	 64	765	  1	
507	199	765	  1	
507	351	765	  1	
507	391	765	  1	
508	188	765	  1	
509	 71	765	  1	
509	 80	765	  1	
509	 85	765	  1	
509	 91	765	  1	
509	134	765	  1	
509	168	765	  1	
509	327	765	  1	
511	 56	765	  1	
511	119	765	  1	
511	192	765	  1	
511	320	765	  1	
511	416	765	  1	
512	 72	765	  1	
512	176	765	  1	
512	212	765	  1	
512	222	765	  1	
512	237	765	  1	
512	256	765	  1	
512	260	765	  1	
512	280	765	  1	
514	136	765	  1	
514	150	765	  1	
514	231	765	  1	
515	208	765	  1	
515	287	765	  1	
516	330	765	  1	
516	536	765	  1	
517	 86	765	  1	
517	 96	765	  1	
517	119	765	  1	
517	212	765	  1	
517	248	765	  1	
518	238	765	  1	
519	280	765	  1	
519	400	765	  1	
519	408	765	  1	
520	 11	765	  1	
520	 18	765	  1	
520	 48	765	  1	
520	 75	765	  1	
520	 88	765	  1	
520	109	765	  1	
520	117	765	  1	
520	181	765	  1	
520	188	765	  1	
520	200	765	  1	
520	216	765	  1	
520	220	765	  1	
520	264	765	  1	
520	288	765	  1	
520	312	765	  1	
520	368	765	  1	
520	472	765	  1	
522	 96	765	  1	
522	206	765	  1	
522	341	765	  1	
523	 45	765	  1	
523	 79	765	  1	
523	271	765	  1	
523	287	765	  1	
523	361	765	  1	
524	112	765	  1	
525	108	765	  1	
526	200	765	  1	
527	 48	765	  1	
527	 72	765	  1	
527	264	765	  1	
527	280	765	  1	
528	 40	765	  1	
528	 75	765	  1	
528	 85	765	  1	
528	125	765	  1	
528	136	765	  1	
528	152	765	  1	
528	168	765	  1	
528	194	765	  1	
528	229	765	  1	
528	244	765	  1	
528	251	765	  1	
528	275	765	  1	
530	103	765	  1	
530	224	765	  1	
531	240	765	  1	
531	328	765	  1	
533	104	765	  1	
533	111	765	  1	
533	120	765	  1	
533	158	765	  1	
533	320	765	  1	
534	230	765	  1	
534	336	765	  1	
535	 48	765	  1	
535	192	765	  1	
535	199	765	  1	
535	272	765	  1	
535	444	765	  1	
535	503	765	  1	
536	 79	765	  1	
536	 83	765	  1	
536	128	765	  1	
536	146	765	  1	
536	176	765	  1	
536	213	765	  1	
536	219	765	  1	
536	303	765	  1	
536	328	765	  1	
536	488	765	  1	
537	127	765	  1	
537	191	765	  1	
537	352	765	  1	
538	133	765	  1	
538	255	765	  1	
538	318	765	  1	
539	208	765	  1	
539	296	765	  1	
539	466	765	  1	
541	 88	765	  1	
541	334	765	  1	
542	312	765	  1	
542	392	765	  1	
543	128	765	  1	
543	144	765	  1	
543	151	765	  1	
543	303	765	  1	
543	352	765	  1	
544	 87	765	  1	
544	104	765	  1	
544	139	765	  1	
544	152	765	  1	
544	163	765	  1	
544	171	765	  1	
544	214	765	  1	
544	222	765	  1	
544	240	765	  1	
544	302	765	  1	
544	341	765	  1	
544	370	765	  1	
545	195	765	  1	
546	115	765	  1	
546	208	765	  1	
547	 96	765	  1	
547	128	765	  1	
547	184	765	  1	
547	248	765	  1	
547	293	765	  1	
547	357	765	  1	
548	143	765	  1	
548	215	765	  1	
548	280	765	  1	
549	246	765	  1	
549	336	765	  1	
550	107	765	  1	
550	220	765	  1	
550	287	765	  1	
551	175	765	  1	
552	128	765	  1	
552	132	765	  1	
552	139	765	  1	
552	152	765	  1	
552	176	765	  1	
552	182	765	  1	
552	230	765	  1	
552	248	765	  1	
552	254	765	  1	
552	304	765	  1	
554	379	765	  1	
555	 87	765	  1	
555	104	765	  1	
555	256	765	  1	
557	155	765	  1	
557	163	765	  1	
557	179	765	  1	
557	320	765	  1	
557	342	765	  1	
559	 80	765	  1	
559	110	765	  1	
559	224	765	  1	
559	304	765	  1	
560	 51	765	  1	
560	 85	765	  1	
560	112	765	  1	
560	118	765	  1	
560	149	765	  1	
560	168	765	  1	
560	172	765	  1	
560	200	765	  1	
560	245	765	  1	
560	317	765	  1	
560	331	765	  1	
560	400	765	  1	
560	408	765	  1	
562	296	765	  1	
563	 80	765	  1	
563	160	765	  1	
563	251	765	  1	
563	362	765	  1	
564	448	765	  1	
565	115	765	  1	
565	216	765	  1	
565	232	765	  1	
566	302	765	  1	
566	407	765	  1	
568	 94	765	  1	
568	128	765	  1	
568	138	765	  1	
568	174	765	  1	
568	259	765	  1	
568	269	765	  1	
568	274	765	  1	
568	306	765	  1	
568	311	765	  1	
568	320	765	  1	
568	372	765	  1	
569	200	765	  1	
569	327	765	  1	
570	291	765	  1	
571	 87	765	  1	
571	208	765	  1	
572	285	765	  1	
573	136	765	  1	
573	143	765	  1	
573	276	765	  1	
573	336	765	  1	
576	 72	765	  1	
576	 79	765	  1	
576	 92	765	  1	
576	111	765	  1	
576	152	765	  1	
576	176	765	  1	
576	200	765	  1	
576	279	765	  1	
576	283	765	  1	
576	320	765	  1	
576	363	765	  1	
576	416	765	  1	
578	206	765	  1	
578	335	765	  1	
579	271	765	  1	
579	423	765	  1	
581	155	765	  1	
581	294	765	  1	
582	180	765	  1	
582	200	765	  1	
582	276	765	  1	
582	343	765	  1	
583	101	765	  1	
583	264	765	  1	
583	280	765	  1	
583	360	765	  1	
583	367	765	  1	
583	416	765	  1	
584	 39	765	  1	
584	 80	765	  1	
584	136	765	  1	
584	296	765	  1	
584	351	765	  1	
584	440	765	  1	
587	 87	765	  1	
587	110	765	  1	
587	310	765	  1	
587	344	765	  1	
587	536	765	  1	
588	293	765	  1	
589	 55	765	  1	
589	101	765	  1	
589	246	765	  1	
589	267	765	  1	
589	320	765	  1	
589	352	765	  1	
590	110	765	  1	
590	288	765	  1	
590	383	765	  1	
591	 39	765	  1	
591	 80	765	  1	
591	136	765	  1	
591	296	765	  1	
591	368	765	  1	
592	  3	765	  1	
592	113	765	  1	
592	120	765	  1	
592	178	765	  1	
592	207	765	  1	
592	251	765	  1	
592	294	765	  1	
592	344	765	  1	
594	 90	765	  1	
594	350	765	  1	
595	 96	765	  1	
595	296	765	  1	
595	336	765	  1	
596	  7	765	  1	
597	255	765	  1	
597	272	765	  1	
597	304	765	  1	
597	435	765	  1	
598	182	765	  1	
598	344	765	  1	
599	101	765	  1	
599	111	765	  1	
600	168	765	  1	
600	175	765	  1	
600	227	765	  1	
600	244	765	  1	
600	256	765	  1	
600	320	765	  1	
600	364	765	  1	
602	535	765	  1	
603	204	765	  1	
603	216	765	  1	
603	352	765	  1	
604	 78	765	  1	
604	445	765	  1	
605	 80	765	  1	
605	213	765	  1	
605	318	765	  1	
606	 72	765	  1	
606	245	765	  1	
606	365	765	  1	
607	  2	765	  1	
607	 60	765	  1	
607	109	765	  1	
607	171	765	  1	
607	224	765	  1	
607	231	765	  1	
607	299	765	  1	
607	488	765	  1	
608	  8	765	  1	
608	144	765	  1	
608	309	765	  1	
608	312	765	  1	
608	328	765	  1	
608	480	765	  1	
610	 96	765	  1	
611	192	765	  1	
611	335	765	  1	
611	355	765	  1	
611	447	765	  1	
613	312	765	  1	
613	317	765	  1	
615	103	765	  1	
615	328	765	  1	
616	 24	765	  1	
616	 31	765	  1	
616	 63	765	  1	
616	 72	765	  1	
616	110	765	  1	
616	131	765	  1	
616	168	765	  1	
616	208	765	  1	
616	231	765	  1	
616	240	765	  1	
616	258	765	  1	
616	296	765	  1	
616	345	765	  1	
616	575	765	  1	
621	256	765	  1	
621	263	765	  1	
621	302	765	  1	
623	 27	765	  1	
623	 75	765	  1	
623	100	765	  1	
623	247	765	  1	
623	345	765	  1	
624	 72	765	  1	
624	 79	765	  1	
624	172	765	  1	
624	221	765	  1	
624	277	765	  1	
624	320	765	  1	
624	327	765	  1	
624	334	765	  1	
625	272	765	  1	
627	 96	765	  1	
628	215	765	  1	
629	 87	765	  1	
629	272	765	  1	
629	328	765	  1	
631	 75	765	  1	
631	323	765	  1	
632	  8	765	  1	
632	 88	765	  1	
632	247	765	  1	
632	264	765	  1	
632	276	765	  1	
635	 14	765	  1	
639	 64	765	  1	
639	160	765	  1	
640	 16	765	  1	
640	 48	765	  1	
640	 55	765	  1	
640	 79	765	  1	
640	104	765	  1	
640	123	765	  1	
640	128	765	  1	
640	132	765	  1	
640	136	765	  1	
640	343	765	  1	
642	  7	765	  1	
643	143	765	  1	
643	152	765	  1	
643	296	765	  1	
643	336	765	  1	
643	387	765	  1	
645	 15	765	  1	
645	127	765	  1	
646	133	765	  1	
647	 76	765	  1	
647	136	765	  1	
647	216	765	  1	
647	223	765	  1	
647	343	765	  1	
648	 77	765	  1	
648	109	765	  1	
648	115	765	  1	
648	231	765	  1	
648	288	765	  1	
648	344	765	  1	
650	127	765	  1	
650	184	765	  1	
652	302	765	  1	
653	104	765	  1	
655	115	765	  1	
655	231	765	  1	
655	288	765	  1	
655	311	765	  1	
656	 15	765	  1	
656	 92	765	  1	
656	199	765	  1	
656	269	765	  1	
656	338	765	  1	
659	  0	765	  1	
659	451	765	  1	
662	 95	765	  1	
662	341	765	  1	
663	139	765	  1	
663	360	765	  1	
663	400	765	  1	
666	510	765	  1	
670	476	765	  1	
671	184	765	  1	
671	407	765	  1	
672	128	765	  1	
672	135	765	  1	
672	543	765	  1	
673	544	765	  1	
674	104	765	  1	
674	526	765	  1	
679	104	765	  1	
679	131	765	  1	
680	158	765	  1	
680	416	765	  1	
684	155	765	  1	
687	128	765	  1	
687	135	765	  1	
688	186	765	  1	
690	107	765	  1	
703	543	765	  1	
763	400	765	  1	
