# 
#  Image file: Goad2_T0119.jpg
#  Applied threshold: 575
#  Algorithm used: fill2                 
#  Particle count: 1793
#  Location (x,y), max luminance, and mass:
# 
  0	231	765	  1	
  0	240	765	  1	
  3	104	765	  1	
  3	195	765	  1	
  6	541	765	  1	
  7	199	765	  1	
  7	422	765	  1	
  7	448	765	  1	
  8	224	765	  1	
 11	184	765	  1	
 15	267	765	  1	
 16	136	765	  1	
 19	428	765	  1	
 21	338	765	  1	
 21	528	765	  1	
 22	384	765	  1	
 24	215	765	  1	
 26	208	765	  1	
 29	456	765	  1	
 34	162	765	  1	
 38	132	765	  1	
 40	131	765	  1	
 40	384	765	  1	
 47	256	765	  1	
 47	303	765	  1	
 47	384	765	  1	
 48	122	765	  1	
 48	322	765	  1	
 52	128	765	  1	
 52	225	765	  1	
 55	435	765	  1	
 58	322	765	  1	
 62	103	765	  1	
 63	104	765	  1	
 63	168	765	  1	
 63	239	765	  1	
 64	101	765	  1	
 69	231	765	  1	
 69	583	765	  1	
 71	407	765	  1	
 71	501	765	  1	
 72	223	765	  1	
 72	304	765	  1	
 72	311	765	  1	
 72	336	765	  1	
 77	216	765	  1	
 79	111	765	  1	
 79	307	765	  1	
 80	200	765	  1	
 80	320	765	  1	
 81	327	765	  1	
 85	 79	765	  1	
 87	282	765	  1	
 87	287	765	  1	
 87	320	765	  1	
 87	348	765	  1	
 87	575	765	  1	
 88	176	765	  1	
 89	142	765	  1	
103	 24	765	  1	
103	323	765	  1	
104	 72	765	  1	
104	134	765	  1	
104	414	765	  1	
112	179	765	  1	
112	262	765	  1	
112	279	765	  1	
112	424	765	  1	
113	191	765	  1	
114	159	765	  1	
115	272	765	  1	
115	288	765	  1	
117	328	765	  1	
119	279	765	  1	
119	296	765	  1	
119	303	765	  1	
119	431	765	  1	
120	  4	765	  1	
120	488	765	  1	
122	  7	765	  1	
123	  0	765	  1	
123	334	765	  1	
124	 88	765	  1	
126	408	765	  1	
126	415	765	  1	
127	160	765	  1	
127	253	765	  1	
128	126	765	  1	
128	465	765	  1	
131	104	765	  1	
131	296	765	  1	
131	408	765	  1	
132	  0	765	  1	
132	330	765	  1	
133	176	765	  1	
133	520	765	  1	
134	172	765	  1	
134	203	765	  1	
134	311	765	  1	
134	414	765	  1	
136	  2	765	  1	
136	 96	765	  1	
136	157	765	  1	
136	194	765	  1	
136	199	765	  1	
136	226	765	  1	
136	293	765	  1	
136	343	765	  1	
136	375	765	  1	
136	471	765	  1	
136	482	765	  1	
136	496	765	  1	
138	122	765	  1	
139	  7	765	  1	
139	102	765	  1	
141	392	765	  1	
141	399	765	  1	
142	152	765	  1	
142	171	765	  1	
142	372	765	  1	
144	179	765	  1	
144	192	765	  1	
144	196	765	  1	
144	273	765	  1	
144	416	765	  1	
144	459	765	  1	
144	464	765	  1	
146	 95	765	  1	
147	376	765	  1	
148	343	765	  1	
149	135	765	  1	
149	187	765	  1	
151	 32	765	  1	
151	 71	765	  1	
151	176	765	  1	
151	183	765	  1	
151	256	765	  1	
151	279	765	  1	
151	323	765	  1	
151	423	765	  1	
152	  7	765	  1	
152	203	765	  1	
154	 98	765	  1	
154	293	765	  1	
155	103	765	  1	
157	  0	765	  1	
157	160	765	  1	
158	193	765	  1	
158	421	765	  1	
159	  5	765	  1	
159	179	765	  1	
159	199	765	  1	
159	207	765	  1	
159	224	765	  1	
160	375	765	  1	
160	448	765	  1	
160	570	765	  1	
162	319	765	  1	
163	368	765	  1	
163	416	765	  1	
164	 14	765	  1	
164	239	765	  1	
166	  8	765	  1	
166	 91	765	  1	
167	375	765	  1	
168	136	765	  1	
168	259	765	  1	
168	278	765	  1	
168	291	765	  1	
168	296	765	  1	
168	360	765	  1	
168	404	765	  1	
168	443	765	  1	
170	142	765	  1	
170	240	765	  1	
171	303	765	  1	
171	435	765	  1	
173	134	765	  1	
173	407	765	  1	
175	 51	765	  1	
175	256	765	  1	
175	263	765	  1	
175	278	765	  1	
175	288	765	  1	
175	295	765	  1	
175	440	765	  1	
175	447	765	  1	
176	122	765	  1	
176	142	765	  1	
176	152	765	  1	
176	159	765	  1	
176	165	765	  1	
176	194	765	  1	
176	210	765	  1	
176	215	765	  1	
176	248	765	  1	
176	270	765	  1	
176	312	765	  1	
176	413	765	  1	
176	423	765	  1	
178	184	765	  1	
179	  8	765	  1	
179	255	765	  1	
179	400	765	  1	
181	315	765	  1	
182	155	765	  1	
182	208	765	  1	
182	213	765	  1	
182	267	765	  1	
182	408	765	  1	
183	184	765	  1	
183	194	765	  1	
183	248	765	  1	
183	419	765	  1	
183	544	765	  1	
184	  8	765	  1	
184	146	765	  1	
184	389	765	  1	
184	422	765	  1	
186	330	765	  1	
187	 18	765	  1	
187	 80	765	  1	
187	415	765	  1	
188	103	765	  1	
188	192	765	  1	
189	408	765	  1	
190	151	765	  1	
190	341	765	  1	
190	420	765	  1	
192	263	765	  1	
192	370	765	  1	
192	472	765	  1	
196	135	765	  1	
198	215	765	  1	
198	283	765	  1	
199	199	765	  1	
199	333	765	  1	
199	437	765	  1	
200	 25	765	  1	
200	 93	765	  1	
200	147	765	  1	
200	160	765	  1	
200	318	765	  1	
200	395	765	  1	
200	456	765	  1	
200	478	765	  1	
202	341	765	  1	
203	  6	765	  1	
203	 72	765	  1	
203	 79	765	  1	
203	167	765	  1	
203	463	765	  1	
204	 88	765	  1	
205	360	765	  1	
206	 74	765	  1	
206	200	765	  1	
207	 37	765	  1	
207	144	765	  1	
207	151	765	  1	
207	160	765	  1	
207	456	765	  1	
208	 98	765	  1	
208	296	765	  1	
208	351	765	  1	
208	411	765	  1	
208	432	765	  1	
210	370	765	  1	
210	492	765	  1	
211	104	765	  1	
211	159	765	  1	
211	303	765	  1	
211	375	765	  1	
212	382	765	  1	
213	 99	765	  1	
214	351	765	  1	
214	435	765	  1	
215	296	765	  1	
215	343	765	  1	
215	408	765	  1	
215	415	765	  1	
216	 88	765	  1	
216	 95	765	  1	
216	112	765	  1	
216	120	765	  1	
216	124	765	  1	
216	128	765	  1	
216	154	765	  1	
216	159	765	  1	
216	162	765	  1	
216	360	765	  1	
216	370	765	  1	
216	443	765	  1	
218	523	765	  1	
219	 72	765	  1	
219	104	765	  1	
219	136	765	  1	
219	143	765	  1	
220	 91	765	  1	
221	167	765	  1	
221	375	765	  1	
221	440	765	  1	
222	 77	765	  1	
222	547	765	  1	
223	 63	765	  1	
223	395	765	  1	
224	 11	765	  1	
224	 69	765	  1	
224	101	765	  1	
224	118	765	  1	
224	126	765	  1	
224	171	765	  1	
224	223	765	  1	
224	245	765	  1	
224	402	765	  1	
224	408	765	  1	
224	416	765	  1	
224	423	765	  1	
224	439	765	  1	
225	238	765	  1	
226	 64	765	  1	
226	 96	765	  1	
227	126	765	  1	
227	278	765	  1	
227	432	765	  1	
228	407	765	  1	
229	  0	765	  1	
229	  7	765	  1	
229	160	765	  1	
229	167	765	  1	
229	247	765	  1	
230	102	765	  1	
230	400	765	  1	
231	 15	765	  1	
231	115	765	  1	
231	242	765	  1	
231	383	765	  1	
231	408	765	  1	
231	439	765	  1	
232	 23	765	  1	
232	 77	765	  1	
232	127	765	  1	
232	136	765	  1	
232	182	765	  1	
232	392	765	  1	
232	456	765	  1	
232	461	765	  1	
232	472	765	  1	
232	483	765	  1	
233	110	765	  1	
233	407	765	  1	
234	140	765	  1	
235	120	765	  1	
235	160	765	  1	
235	279	765	  1	
235	439	765	  1	
235	448	765	  1	
235	455	765	  1	
237	 19	765	  1	
237	 55	765	  1	
237	 64	765	  1	
238	 27	765	  1	
238	179	765	  1	
238	272	765	  1	
238	402	765	  1	
238	432	765	  1	
239	395	765	  1	
239	461	765	  1	
239	552	765	  1	
240	 61	765	  1	
240	 88	765	  1	
240	 97	765	  1	
240	107	765	  1	
240	112	765	  1	
240	143	765	  1	
240	148	765	  1	
240	152	765	  1	
240	199	765	  1	
240	208	765	  1	
240	342	765	  1	
240	359	765	  1	
240	416	765	  1	
241	132	765	  1	
241	448	765	  1	
242	163	765	  1	
242	232	765	  1	
243	192	765	  1	
243	215	765	  1	
243	488	765	  1	
244	 54	765	  1	
244	133	765	  1	
244	310	765	  1	
244	452	765	  1	
245	 94	765	  1	
245	406	765	  1	
246	208	765	  1	
246	343	765	  1	
246	419	765	  1	
247	191	765	  1	
247	199	765	  1	
247	535	765	  1	
248	 64	765	  1	
248	 80	765	  1	
248	393	765	  1	
248	416	765	  1	
248	423	765	  1	
248	440	765	  1	
248	458	765	  1	
250	 24	765	  1	
251	 42	765	  1	
251	159	765	  1	
252	421	765	  1	
253	 55	765	  1	
253	144	765	  1	
253	184	765	  1	
253	271	765	  1	
253	463	765	  1	
253	487	765	  1	
254	 80	765	  1	
254	101	765	  1	
254	213	765	  1	
254	304	765	  1	
254	408	765	  1	
254	414	765	  1	
255	152	765	  1	
255	440	765	  1	
256	  0	765	  1	
256	 64	765	  1	
256	 95	765	  1	
256	109	765	  1	
256	161	765	  1	
256	196	765	  1	
256	204	765	  1	
256	264	765	  1	
256	350	765	  1	
256	373	765	  1	
256	384	765	  1	
256	390	765	  1	
256	432	765	  1	
256	475	765	  1	
256	494	765	  1	
256	544	765	  1	
256	559	765	  1	
258	 89	765	  1	
258	488	765	  1	
258	557	765	  1	
259	  7	765	  1	
259	102	765	  1	
259	271	765	  1	
259	319	765	  1	
259	343	765	  1	
259	360	765	  1	
259	419	765	  1	
260	192	765	  1	
261	104	765	  1	
261	142	765	  1	
261	440	765	  1	
262	199	765	  1	
262	495	765	  1	
263	  0	765	  1	
263	 95	765	  1	
263	152	765	  1	
263	264	765	  1	
263	408	765	  1	
263	528	765	  1	
264	 16	765	  1	
264	 39	765	  1	
264	 53	765	  1	
264	 72	765	  1	
264	119	765	  1	
264	128	765	  1	
264	216	765	  1	
264	256	765	  1	
264	267	765	  1	
264	279	765	  1	
264	384	765	  1	
264	398	765	  1	
264	427	765	  1	
264	448	765	  1	
264	472	765	  1	
264	488	765	  1	
264	512	765	  1	
264	522	765	  1	
264	527	765	  1	
264	539	765	  1	
265	288	765	  1	
266	 35	765	  1	
266	224	765	  1	
266	252	765	  1	
266	407	765	  1	
266	478	765	  1	
267	 80	765	  1	
267	112	765	  1	
267	136	765	  1	
267	170	765	  1	
267	235	765	  1	
267	344	765	  1	
267	389	765	  1	
267	440	765	  1	
268	133	765	  1	
268	260	765	  1	
269	155	765	  1	
270	274	765	  1	
270	357	765	  1	
270	365	765	  1	
270	472	765	  1	
271	 16	765	  1	
271	 39	765	  1	
271	119	765	  1	
271	264	765	  1	
271	271	765	  1	
271	336	765	  1	
271	415	765	  1	
272	 19	765	  1	
272	 84	765	  1	
272	 94	765	  1	
272	128	765	  1	
272	134	765	  1	
272	248	765	  1	
272	303	765	  1	
272	444	765	  1	
272	469	765	  1	
272	475	765	  1	
272	519	765	  1	
273	460	765	  1	
275	 80	765	  1	
275	263	765	  1	
277	104	765	  1	
277	109	765	  1	
277	131	765	  1	
277	191	765	  1	
277	514	765	  1	
278	178	765	  1	
279	 16	765	  1	
279	 23	765	  1	
279	 91	765	  1	
279	355	765	  1	
279	403	765	  1	
279	475	765	  1	
280	  1	765	  1	
280	121	765	  1	
280	155	765	  1	
280	202	765	  1	
280	207	765	  1	
280	230	765	  1	
280	269	765	  1	
280	327	765	  1	
280	335	765	  1	
280	415	765	  1	
280	527	765	  1	
280	552	765	  1	
280	568	765	  1	
281	 86	765	  1	
282	  7	765	  1	
282	216	765	  1	
283	336	765	  1	
283	520	765	  1	
285	122	765	  1	
285	163	765	  1	
285	368	765	  1	
286	  2	765	  1	
286	 95	765	  1	
286	351	765	  1	
287	 72	765	  1	
287	186	765	  1	
287	230	765	  1	
287	295	765	  1	
287	527	765	  1	
287	552	765	  1	
288	 52	765	  1	
288	 56	765	  1	
288	 62	765	  1	
288	 67	765	  1	
288	107	765	  1	
288	143	765	  1	
288	216	765	  1	
288	248	765	  1	
288	252	765	  1	
288	309	765	  1	
288	323	765	  1	
288	423	765	  1	
288	471	765	  1	
288	531	765	  1	
288	568	765	  1	
289	  8	765	  1	
290	 99	765	  1	
290	137	765	  1	
290	359	765	  1	
291	 16	765	  1	
291	171	765	  1	
291	200	765	  1	
291	337	765	  1	
291	416	765	  1	
291	464	765	  1	
291	575	765	  1	
293	 59	765	  1	
293	550	765	  1	
293	591	765	  1	
294	 88	765	  1	
294	181	765	  1	
294	456	765	  1	
294	472	765	  1	
295	423	765	  1	
295	531	765	  1	
295	568	765	  1	
296	  0	765	  1	
296	  6	765	  1	
296	 68	765	  1	
296	 80	765	  1	
296	 86	765	  1	
296	136	765	  1	
296	152	765	  1	
296	156	765	  1	
296	186	765	  1	
296	191	765	  1	
296	520	765	  1	
296	560	765	  1	
297	240	765	  1	
298	142	765	  1	
299	 48	765	  1	
299	200	765	  1	
299	224	765	  1	
301	  3	765	  1	
301	 64	765	  1	
301	 83	765	  1	
301	248	765	  1	
301	287	765	  1	
301	319	765	  1	
302	136	765	  1	
303	 55	765	  1	
303	560	765	  1	
304	 16	765	  1	
304	 27	765	  1	
304	 72	765	  1	
304	 80	765	  1	
304	 87	765	  1	
304	101	765	  1	
304	142	765	  1	
304	174	765	  1	
304	215	765	  1	
304	232	765	  1	
304	249	765	  1	
304	405	765	  1	
306	 96	765	  1	
306	244	765	  1	
307	184	765	  1	
307	208	765	  1	
307	592	765	  1	
308	256	765	  1	
309	 78	765	  1	
309	110	765	  1	
309	136	765	  1	
310	 24	765	  1	
310	 31	765	  1	
310	102	765	  1	
310	171	765	  1	
311	 83	765	  1	
311	215	765	  1	
311	279	765	  1	
311	480	765	  1	
312	 70	765	  1	
312	127	765	  1	
312	139	765	  1	
312	144	765	  1	
312	157	765	  1	
312	183	765	  1	
312	186	765	  1	
312	280	765	  1	
312	288	765	  1	
312	295	765	  1	
312	320	765	  1	
312	408	765	  1	
312	474	765	  1	
312	503	765	  1	
313	200	765	  1	
314	 64	765	  1	
314	150	765	  1	
315	325	765	  1	
315	375	765	  1	
315	415	765	  1	
316	144	765	  1	
317	108	765	  1	
317	122	765	  1	
317	160	765	  1	
317	272	765	  1	
317	498	765	  1	
318	320	765	  1	
319	 16	765	  1	
319	 70	765	  1	
319	 91	765	  1	
319	408	765	  1	
319	528	765	  1	
320	  0	765	  1	
320	  8	765	  1	
320	 72	765	  1	
320	 93	765	  1	
320	144	765	  1	
320	155	765	  1	
320	184	765	  1	
320	232	765	  1	
320	245	765	  1	
320	283	765	  1	
320	437	765	  1	
321	512	765	  1	
322	264	765	  1	
323	 56	765	  1	
323	191	765	  1	
323	254	765	  1	
323	556	765	  1	
324	160	765	  1	
325	 78	765	  1	
325	104	765	  1	
325	111	765	  1	
325	150	765	  1	
325	165	765	  1	
325	240	765	  1	
326	432	765	  1	
327	  0	765	  1	
327	184	765	  1	
327	200	765	  1	
327	280	765	  1	
327	287	765	  1	
328	  6	765	  1	
328	 21	765	  1	
328	 58	765	  1	
328	 75	765	  1	
328	133	765	  1	
328	144	765	  1	
328	324	765	  1	
328	349	765	  1	
328	360	765	  1	
328	367	765	  1	
328	448	765	  1	
328	509	765	  1	
330	  0	765	  1	
330	128	765	  1	
331	 40	765	  1	
331	256	765	  1	
331	584	765	  1	
332	376	765	  1	
333	 16	765	  1	
333	 56	765	  1	
334	134	765	  1	
334	235	765	  1	
334	282	765	  1	
334	435	765	  1	
335	  4	765	  1	
335	 72	765	  1	
335	 79	765	  1	
335	363	765	  1	
335	448	765	  1	
336	 45	765	  1	
336	 70	765	  1	
336	 99	765	  1	
336	120	765	  1	
336	131	765	  1	
336	155	765	  1	
336	162	765	  1	
336	168	765	  1	
336	187	765	  1	
336	264	765	  1	
336	271	765	  1	
336	368	765	  1	
336	375	765	  1	
336	408	765	  1	
336	432	765	  1	
336	440	765	  1	
337	  7	765	  1	
338	 40	765	  1	
338	202	765	  1	
338	444	765	  1	
339	208	765	  1	
339	304	765	  1	
340	136	765	  1	
340	389	765	  1	
341	 67	765	  1	
341	416	765	  1	
342	 46	765	  1	
342	253	765	  1	
343	 16	765	  1	
343	171	765	  1	
343	207	765	  1	
343	371	765	  1	
344	 80	765	  1	
344	 95	765	  1	
344	104	765	  1	
344	128	765	  1	
344	149	765	  1	
344	184	765	  1	
344	208	765	  1	
344	223	765	  1	
344	235	765	  1	
344	334	765	  1	
344	400	765	  1	
344	439	765	  1	
345	  0	765	  1	
345	143	765	  1	
346	 86	765	  1	
346	472	765	  1	
347	  5	765	  1	
347	 40	765	  1	
347	 56	765	  1	
347	216	765	  1	
348	 96	765	  1	
348	160	765	  1	
349	149	765	  1	
349	407	765	  1	
350	 80	765	  1	
351	 47	765	  1	
351	 95	765	  1	
351	168	765	  1	
351	223	765	  1	
351	280	765	  1	
351	336	765	  1	
351	567	765	  1	
352	  8	765	  1	
352	111	765	  1	
352	139	765	  1	
352	171	765	  1	
352	192	765	  1	
352	216	765	  1	
352	283	765	  1	
352	304	765	  1	
352	311	765	  1	
352	426	765	  1	
352	431	765	  1	
352	443	765	  1	
352	475	765	  1	
352	519	765	  1	
352	531	765	  1	
353	230	765	  1	
354	 33	765	  1	
354	239	765	  1	
355	 14	765	  1	
355	 40	765	  1	
355	 70	765	  1	
355	263	765	  1	
355	512	765	  1	
356	504	765	  1	
357	  0	765	  1	
357	 59	765	  1	
357	124	765	  1	
357	376	765	  1	
357	386	765	  1	
357	447	765	  1	
358	168	765	  1	
358	235	765	  1	
358	424	765	  1	
358	429	765	  1	
358	439	765	  1	
359	 47	765	  1	
359	294	765	  1	
359	509	765	  1	
359	519	765	  1	
359	527	765	  1	
360	 16	765	  1	
360	 24	765	  1	
360	103	765	  1	
360	120	765	  1	
360	128	765	  1	
360	147	765	  1	
360	156	765	  1	
360	179	765	  1	
360	212	765	  1	
360	312	765	  1	
360	328	765	  1	
360	335	765	  1	
360	359	765	  1	
360	430	765	  1	
360	455	765	  1	
360	467	765	  1	
360	582	765	  1	
362	152	765	  1	
363	  0	765	  1	
363	 96	765	  1	
363	131	765	  1	
363	318	765	  1	
363	352	765	  1	
363	427	765	  1	
363	448	765	  1	
363	472	765	  1	
365	 56	765	  1	
365	 63	765	  1	
365	190	765	  1	
366	271	765	  1	
366	442	765	  1	
367	 16	765	  1	
367	122	765	  1	
367	168	765	  1	
367	256	765	  1	
367	266	765	  1	
367	331	765	  1	
367	359	765	  1	
367	371	765	  1	
367	388	765	  1	
367	424	765	  1	
367	455	765	  1	
367	464	765	  1	
367	471	765	  1	
368	 40	765	  1	
368	 47	765	  1	
368	 58	765	  1	
368	 69	765	  1	
368	 77	765	  1	
368	104	765	  1	
368	109	765	  1	
368	136	765	  1	
368	152	765	  1	
368	157	765	  1	
368	176	765	  1	
368	286	765	  1	
368	467	765	  1	
370	128	765	  1	
370	142	765	  1	
370	335	765	  1	
371	  6	765	  1	
371	184	765	  1	
371	352	765	  1	
372	280	765	  1	
373	 92	765	  1	
373	428	765	  1	
374	  0	765	  1	
374	136	765	  1	
374	153	765	  1	
375	 12	765	  1	
375	 43	765	  1	
375	362	765	  1	
376	  8	765	  1	
376	 37	765	  1	
376	 49	765	  1	
376	 83	765	  1	
376	 96	765	  1	
376	160	765	  1	
376	183	765	  1	
376	271	765	  1	
376	336	765	  1	
376	432	765	  1	
378	 60	765	  1	
378	208	765	  1	
378	342	765	  1	
379	 80	765	  1	
379	120	765	  1	
379	171	765	  1	
379	200	765	  1	
379	264	765	  1	
379	535	765	  1	
380	225	765	  1	
380	432	765	  1	
380	438	765	  1	
381	  0	765	  1	
381	  7	765	  1	
381	 69	765	  1	
381	388	765	  1	
381	455	765	  1	
382	327	765	  1	
382	336	765	  1	
382	556	765	  1	
383	 61	765	  1	
383	231	765	  1	
383	271	765	  1	
384	 56	765	  1	
384	104	765	  1	
384	155	765	  1	
384	168	765	  1	
384	197	765	  1	
384	259	765	  1	
384	274	765	  1	
384	333	765	  1	
384	360	765	  1	
384	390	765	  1	
384	488	765	  1	
385	144	765	  1	
385	150	765	  1	
386	177	765	  1	
388	  3	765	  1	
390	 68	765	  1	
390	272	765	  1	
390	328	765	  1	
391	  8	765	  1	
391	 56	765	  1	
391	168	765	  1	
391	280	765	  1	
392	 45	765	  1	
392	 72	765	  1	
392	 80	765	  1	
392	120	765	  1	
392	136	765	  1	
392	145	765	  1	
392	184	765	  1	
392	240	765	  1	
392	247	765	  1	
392	270	765	  1	
392	320	765	  1	
392	327	765	  1	
394	 61	765	  1	
395	143	765	  1	
396	 56	765	  1	
396	 94	765	  1	
396	308	765	  1	
397	 22	765	  1	
397	120	765	  1	
397	151	765	  1	
397	191	765	  1	
398	186	765	  1	
398	410	765	  1	
399	 61	765	  1	
399	103	765	  1	
399	136	765	  1	
399	183	765	  1	
399	243	765	  1	
399	287	765	  1	
400	  3	765	  1	
400	 31	765	  1	
400	 40	765	  1	
400	 69	765	  1	
400	 88	765	  1	
400	128	765	  1	
400	152	765	  1	
400	158	765	  1	
400	389	765	  1	
401	136	765	  1	
403	379	765	  1	
404	384	765	  1	
404	463	765	  1	
405	155	765	  1	
406	 88	765	  1	
406	128	765	  1	
406	192	765	  1	
406	199	765	  1	
407	 24	765	  1	
407	184	765	  1	
407	205	765	  1	
408	 39	765	  1	
408	 42	765	  1	
408	 51	765	  1	
408	 80	765	  1	
408	303	765	  1	
408	354	765	  1	
409	  7	765	  1	
410	311	765	  1	
410	352	765	  1	
411	 32	765	  1	
411	110	765	  1	
411	365	765	  1	
411	576	765	  1	
412	  0	765	  1	
412	 78	765	  1	
413	 40	765	  1	
413	 47	765	  1	
413	144	765	  1	
413	375	765	  1	
414	 37	765	  1	
414	 65	765	  1	
414	304	765	  1	
414	554	765	  1	
415	263	765	  1	
415	459	765	  1	
416	  8	765	  1	
416	 56	765	  1	
416	 79	765	  1	
416	 97	765	  1	
416	113	765	  1	
416	119	765	  1	
416	125	765	  1	
416	152	765	  1	
416	219	765	  1	
416	296	765	  1	
416	327	765	  1	
416	334	765	  1	
416	479	765	  1	
416	558	765	  1	
418	175	765	  1	
418	472	765	  1	
419	279	765	  1	
419	302	765	  1	
421	 15	765	  1	
421	 46	765	  1	
421	322	765	  1	
422	 54	765	  1	
422	147	765	  1	
422	168	765	  1	
422	559	765	  1	
423	 56	765	  1	
423	 77	765	  1	
423	328	765	  1	
423	472	765	  1	
424	  6	765	  1	
424	136	765	  1	
424	176	765	  1	
424	213	765	  1	
424	258	765	  1	
424	320	765	  1	
424	327	765	  1	
426	208	765	  1	
426	216	765	  1	
426	295	765	  1	
427	 85	765	  1	
427	223	765	  1	
429	  2	765	  1	
429	120	765	  1	
430	 47	765	  1	
430	 78	765	  1	
430	 88	765	  1	
430	108	765	  1	
430	245	765	  1	
430	257	765	  1	
430	288	765	  1	
430	337	765	  1	
431	167	765	  1	
431	176	765	  1	
431	263	765	  1	
431	272	765	  1	
431	323	765	  1	
432	 43	765	  1	
432	 59	765	  1	
432	 96	765	  1	
432	103	765	  1	
432	141	765	  1	
432	153	765	  1	
432	253	765	  1	
432	271	765	  1	
432	352	765	  1	
432	440	765	  1	
434	128	765	  1	
434	143	765	  1	
435	 48	765	  1	
435	112	765	  1	
435	231	765	  1	
435	264	765	  1	
435	508	765	  1	
436	 77	765	  1	
436	133	765	  1	
436	358	765	  1	
437	 72	765	  1	
437	174	765	  1	
438	 13	765	  1	
438	448	765	  1	
438	455	765	  1	
439	143	765	  1	
439	192	765	  1	
439	271	765	  1	
440	 58	765	  1	
440	112	765	  1	
440	155	765	  1	
440	181	765	  1	
440	200	765	  1	
440	206	765	  1	
440	218	765	  1	
440	325	765	  1	
440	344	765	  1	
441	143	765	  1	
443	  2	765	  1	
444	 32	765	  1	
444	320	765	  1	
445	 59	765	  1	
445	 88	765	  1	
445	131	765	  1	
445	237	765	  1	
446	 39	765	  1	
446	160	765	  1	
447	112	765	  1	
447	152	765	  1	
447	232	765	  1	
448	 67	765	  1	
448	 74	765	  1	
448	 82	765	  1	
448	 96	765	  1	
448	288	765	  1	
448	351	765	  1	
448	448	765	  1	
450	294	765	  1	
451	104	765	  1	
451	143	765	  1	
451	344	765	  1	
453	 72	765	  1	
453	 79	765	  1	
453	 87	765	  1	
453	112	765	  1	
453	184	765	  1	
453	191	765	  1	
454	125	765	  1	
454	288	765	  1	
455	351	765	  1	
456	 32	765	  1	
456	 47	765	  1	
456	 61	765	  1	
456	119	765	  1	
456	139	765	  1	
456	170	765	  1	
456	176	765	  1	
456	194	765	  1	
456	234	765	  1	
456	254	765	  1	
456	331	765	  1	
456	357	765	  1	
458	 72	765	  1	
458	184	765	  1	
459	127	765	  1	
459	352	765	  1	
460	102	765	  1	
461	168	765	  1	
461	175	765	  1	
461	208	765	  1	
461	288	765	  1	
462	 78	765	  1	
462	 96	765	  1	
463	328	765	  1	
463	335	765	  1	
463	400	765	  1	
464	 32	765	  1	
464	 36	765	  1	
464	 56	765	  1	
464	 95	765	  1	
464	128	765	  1	
464	142	765	  1	
464	155	765	  1	
464	176	765	  1	
464	303	765	  1	
464	320	765	  1	
464	536	765	  1	
467	136	765	  1	
469	 59	765	  1	
469	272	765	  1	
469	298	765	  1	
470	 21	765	  1	
470	 34	765	  1	
470	 39	765	  1	
470	 89	765	  1	
470	216	765	  1	
470	240	765	  1	
472	  8	765	  1	
472	 48	765	  1	
472	104	765	  1	
472	149	765	  1	
472	192	765	  1	
472	203	765	  1	
472	224	765	  1	
472	280	765	  1	
472	287	765	  1	
472	290	765	  1	
472	354	765	  1	
472	392	765	  1	
474	144	765	  1	
474	344	765	  1	
475	304	765	  1	
477	112	765	  1	
477	133	765	  1	
477	207	765	  1	
477	291	765	  1	
477	320	765	  1	
477	377	765	  1	
478	150	765	  1	
479	199	765	  1	
479	216	765	  1	
479	354	765	  1	
479	400	765	  1	
480	  6	765	  1	
480	 80	765	  1	
480	 87	765	  1	
480	108	765	  1	
480	153	765	  1	
480	232	765	  1	
480	239	765	  1	
480	288	765	  1	
480	295	765	  1	
480	312	765	  1	
480	318	765	  1	
480	328	765	  1	
480	392	765	  1	
480	556	765	  1	
481	104	765	  1	
483	  0	765	  1	
483	128	765	  1	
483	206	765	  1	
483	254	765	  1	
483	333	765	  1	
484	 48	765	  1	
484	164	765	  1	
485	174	765	  1	
485	315	765	  1	
486	 55	765	  1	
486	291	765	  1	
487	108	765	  1	
487	296	765	  1	
488	  3	765	  1	
488	 27	765	  1	
488	 61	765	  1	
488	 94	765	  1	
488	113	765	  1	
488	152	765	  1	
488	167	765	  1	
488	176	765	  1	
488	182	765	  1	
488	227	765	  1	
488	266	765	  1	
488	287	765	  1	
488	322	765	  1	
488	327	765	  1	
489	123	765	  1	
490	128	765	  1	
490	157	765	  1	
491	119	765	  1	
492	152	765	  1	
492	163	765	  1	
493	  0	765	  1	
493	 80	765	  1	
493	179	765	  1	
494	224	765	  1	
495	135	765	  1	
495	159	765	  1	
495	192	765	  1	
495	271	765	  1	
495	312	765	  1	
496	105	765	  1	
496	125	765	  1	
496	139	765	  1	
496	187	765	  1	
496	240	765	  1	
496	246	765	  1	
496	256	765	  1	
496	262	765	  1	
496	293	765	  1	
496	440	765	  1	
497	  7	765	  1	
498	120	765	  1	
498	128	765	  1	
498	226	765	  1	
499	 80	765	  1	
499	168	765	  1	
499	192	765	  1	
499	199	765	  1	
499	231	765	  1	
500	132	765	  1	
501	243	765	  1	
501	259	765	  1	
501	288	765	  1	
501	304	765	  1	
503	184	765	  1	
503	191	765	  1	
504	168	765	  1	
504	178	765	  1	
504	224	765	  1	
504	228	765	  1	
504	280	765	  1	
504	336	765	  1	
504	360	765	  1	
504	367	765	  1	
505	 66	765	  1	
505	 71	765	  1	
506	253	765	  1	
506	342	765	  1	
509	151	765	  1	
509	176	765	  1	
509	183	765	  1	
509	328	765	  1	
510	255	765	  1	
511	  8	765	  1	
511	128	765	  1	
511	363	765	  1	
512	  6	765	  1	
512	 56	765	  1	
512	 72	765	  1	
512	139	765	  1	
512	167	765	  1	
512	173	765	  1	
512	178	765	  1	
512	184	765	  1	
512	197	765	  1	
512	212	765	  1	
512	264	765	  1	
512	273	765	  1	
512	278	765	  1	
512	290	765	  1	
512	360	765	  1	
512	371	765	  1	
512	392	765	  1	
512	397	765	  1	
513	103	765	  1	
513	221	765	  1	
513	296	765	  1	
513	303	765	  1	
515	152	765	  1	
515	191	765	  1	
515	207	765	  1	
515	271	765	  1	
517	183	765	  1	
517	330	765	  1	
517	365	765	  1	
518	212	765	  1	
518	221	765	  1	
518	309	765	  1	
518	399	765	  1	
519	 72	765	  1	
519	232	765	  1	
519	264	765	  1	
520	 42	765	  1	
520	104	765	  1	
520	111	765	  1	
520	120	765	  1	
520	124	765	  1	
520	178	765	  1	
520	195	765	  1	
520	248	765	  1	
520	256	765	  1	
520	266	765	  1	
520	271	765	  1	
520	278	765	  1	
520	302	765	  1	
520	312	765	  1	
520	355	765	  1	
522	336	765	  1	
522	360	765	  1	
523	 46	765	  1	
523	152	765	  1	
525	  8	765	  1	
525	203	765	  1	
525	296	765	  1	
526	 40	765	  1	
526	 53	765	  1	
526	308	765	  1	
526	319	765	  1	
526	390	765	  1	
527	 63	765	  1	
527	248	765	  1	
527	256	765	  1	
527	328	765	  1	
527	335	765	  1	
528	 76	765	  1	
528	 82	765	  1	
528	 86	765	  1	
528	152	765	  1	
528	184	765	  1	
528	200	765	  1	
528	344	765	  1	
529	 14	765	  1	
530	100	765	  1	
530	106	765	  1	
531	160	765	  1	
531	208	765	  1	
531	359	765	  1	
533	 96	765	  1	
533	104	765	  1	
534	 82	765	  1	
534	116	765	  1	
534	336	765	  1	
534	347	765	  1	
535	 47	765	  1	
535	107	765	  1	
535	184	765	  1	
536	 56	765	  1	
536	 64	765	  1	
536	 74	765	  1	
536	104	765	  1	
536	122	765	  1	
536	130	765	  1	
536	135	765	  1	
536	147	765	  1	
536	168	765	  1	
536	197	765	  1	
536	213	765	  1	
536	288	765	  1	
536	296	765	  1	
536	355	765	  1	
536	375	765	  1	
536	397	765	  1	
537	 32	765	  1	
538	 93	765	  1	
539	368	765	  1	
541	120	765	  1	
541	127	765	  1	
541	192	765	  1	
541	208	765	  1	
541	303	765	  1	
542	 79	765	  1	
542	133	765	  1	
542	288	765	  1	
542	395	765	  1	
543	 11	765	  1	
543	 72	765	  1	
543	375	765	  1	
543	443	765	  1	
543	494	765	  1	
544	 96	765	  1	
544	112	765	  1	
544	116	765	  1	
544	174	765	  1	
544	251	765	  1	
544	277	765	  1	
544	328	765	  1	
544	405	765	  1	
544	424	765	  1	
546	102	765	  1	
546	171	765	  1	
546	335	765	  1	
549	208	765	  1	
549	272	765	  1	
549	330	765	  1	
550	 96	765	  1	
550	136	765	  1	
550	168	765	  1	
550	175	765	  1	
551	459	765	  1	
552	 48	765	  1	
552	 55	765	  1	
552	 64	765	  1	
552	152	765	  1	
552	163	765	  1	
552	200	765	  1	
552	264	765	  1	
552	270	765	  1	
552	301	765	  1	
552	313	765	  1	
552	352	765	  1	
552	379	765	  1	
553	157	765	  1	
554	102	765	  1	
555	 71	765	  1	
555	207	765	  1	
555	307	765	  1	
555	359	765	  1	
557	128	765	  1	
557	216	765	  1	
557	267	765	  1	
557	279	765	  1	
558	 51	765	  1	
558	 96	765	  1	
558	296	765	  1	
559	 64	765	  1	
559	112	765	  1	
559	119	765	  1	
559	200	765	  1	
559	224	765	  1	
559	352	765	  1	
560	  3	765	  1	
560	 76	765	  1	
560	176	765	  1	
560	189	765	  1	
560	205	765	  1	
560	238	765	  1	
560	304	765	  1	
560	312	765	  1	
560	328	765	  1	
561	224	765	  1	
562	182	765	  1	
562	308	765	  1	
562	334	765	  1	
563	144	765	  1	
563	248	765	  1	
564	296	765	  1	
565	 72	765	  1	
565	158	765	  1	
565	235	765	  1	
565	469	765	  1	
566	176	765	  1	
566	328	765	  1	
567	  0	765	  1	
567	  7	765	  1	
567	231	765	  1	
567	304	765	  1	
568	 70	765	  1	
568	110	765	  1	
568	128	765	  1	
568	208	765	  1	
568	214	765	  1	
568	221	765	  1	
568	256	765	  1	
568	326	765	  1	
568	343	765	  1	
568	351	765	  1	
568	359	765	  1	
568	379	765	  1	
570	149	765	  1	
571	135	765	  1	
571	200	765	  1	
571	216	765	  1	
572	327	765	  1	
573	211	765	  1	
573	221	765	  1	
573	248	765	  1	
574	320	765	  1	
575	126	765	  1	
575	136	765	  1	
575	344	765	  1	
575	355	765	  1	
575	376	765	  1	
575	383	765	  1	
576	114	765	  1	
576	167	765	  1	
576	200	765	  1	
576	237	765	  1	
576	285	765	  1	
576	310	765	  1	
576	315	765	  1	
576	429	765	  1	
576	448	765	  1	
577	301	765	  1	
578	232	765	  1	
578	336	765	  1	
578	349	765	  1	
581	119	765	  1	
581	159	765	  1	
581	254	765	  1	
581	344	765	  1	
582	 43	765	  1	
582	274	765	  1	
583	131	765	  1	
583	151	765	  1	
583	168	765	  1	
583	180	765	  1	
583	296	765	  1	
583	350	765	  1	
583	448	765	  1	
583	515	765	  1	
584	 72	765	  1	
584	 92	765	  1	
584	 96	765	  1	
584	107	765	  1	
584	182	765	  1	
584	192	765	  1	
584	227	765	  1	
584	294	765	  1	
586	174	765	  1	
588	311	765	  1	
589	100	765	  1	
589	120	765	  1	
589	168	765	  1	
589	448	765	  1	
590	109	765	  1	
591	224	765	  1	
591	231	765	  1	
592	160	765	  1	
592	184	765	  1	
592	203	765	  1	
592	216	765	  1	
592	222	765	  1	
592	296	765	  1	
592	304	765	  1	
592	311	765	  1	
592	360	765	  1	
592	367	765	  1	
593	287	765	  1	
593	371	765	  1	
594	 90	765	  1	
595	106	765	  1	
595	192	765	  1	
596	118	765	  1	
596	307	765	  1	
596	375	765	  1	
597	 96	765	  1	
597	200	765	  1	
597	216	765	  1	
597	223	765	  1	
597	254	765	  1	
598	 63	765	  1	
599	101	765	  1	
599	112	765	  1	
599	160	765	  1	
599	188	765	  1	
599	192	765	  1	
599	240	765	  1	
599	280	765	  1	
599	363	765	  1	
600	 50	765	  1	
600	 80	765	  1	
600	120	765	  1	
600	127	765	  1	
600	185	765	  1	
600	204	765	  1	
600	265	765	  1	
600	285	765	  1	
602	278	765	  1	
603	 87	765	  1	
603	118	765	  1	
603	200	765	  1	
603	254	765	  1	
603	365	765	  1	
604	328	765	  1	
605	134	765	  1	
605	338	765	  1	
606	186	765	  1	
607	 80	765	  1	
607	207	765	  1	
607	240	765	  1	
607	247	765	  1	
607	278	765	  1	
607	285	765	  1	
607	440	765	  1	
608	111	765	  1	
608	215	765	  1	
608	376	765	  1	
610	  7	765	  1	
610	240	765	  1	
610	272	765	  1	
611	 48	765	  1	
611	104	765	  1	
613	159	765	  1	
613	424	765	  1	
614	135	765	  1	
614	246	765	  1	
615	111	765	  1	
615	256	765	  1	
615	276	765	  1	
615	430	765	  1	
616	 96	765	  1	
616	103	765	  1	
616	115	765	  1	
616	181	765	  1	
616	240	765	  1	
616	296	765	  1	
616	404	765	  1	
618	376	765	  1	
619	112	765	  1	
619	135	765	  1	
622	120	765	  1	
622	306	765	  1	
622	347	765	  1	
623	 99	765	  1	
623	128	765	  1	
623	240	765	  1	
623	247	765	  1	
624	 80	765	  1	
624	 91	765	  1	
624	249	765	  1	
624	253	765	  1	
627	517	765	  1	
628	160	765	  1	
628	311	765	  1	
629	259	765	  1	
629	309	765	  1	
630	167	765	  1	
631	 71	765	  1	
632	  8	765	  1	
632	244	765	  1	
632	268	765	  1	
632	375	765	  1	
632	432	765	  1	
635	 15	765	  1	
635	183	765	  1	
637	248	765	  1	
638	396	765	  1	
639	  8	765	  1	
639	433	765	  1	
640	 74	765	  1	
640	128	765	  1	
640	135	765	  1	
640	143	765	  1	
640	162	765	  1	
640	216	765	  1	
640	222	765	  1	
640	230	765	  1	
640	398	765	  1	
643	239	765	  1	
647	139	765	  1	
647	240	765	  1	
648	190	765	  1	
648	247	765	  1	
650	512	765	  1	
651	183	765	  1	
652	368	765	  1	
653	184	765	  1	
655	243	765	  1	
655	367	765	  1	
656	128	765	  1	
659	135	765	  1	
660	160	765	  1	
660	192	765	  1	
662	591	765	  1	
663	 76	765	  1	
663	128	765	  1	
663	335	765	  1	
663	407	765	  1	
664	368	765	  1	
666	 48	765	  1	
666	240	765	  1	
668	199	765	  1	
668	374	765	  1	
669	160	765	  1	
669	248	765	  1	
670	164	765	  1	
671	232	765	  1	
672	128	765	  1	
672	408	765	  1	
676	131	765	  1	
678	136	765	  1	
679	392	765	  1	
681	573	765	  1	
683	338	765	  1	
697	429	765	  1	
701	300	765	  1	
708	204	765	  1	
716	268	765	  1	
720	583	765	  1	
723	280	765	  1	
768	 32	765	  1	
