# 
#  Image file: Goad2_T0113.jpg
#  Applied threshold: 575
#  Algorithm used: fill2                 
#  Particle count: 1701
#  Location (x,y), max luminance, and mass:
# 
  0	226	765	  1	
  3	200	765	  1	
  8	187	765	  1	
  8	231	765	  1	
  8	319	765	  1	
 15	231	765	  1	
 15	312	765	  1	
 16	161	765	  1	
 19	342	765	  1	
 19	431	765	  1	
 23	200	765	  1	
 26	212	765	  1	
 27	  3	765	  1	
 29	458	765	  1	
 34	134	765	  1	
 35	137	765	  1	
 36	168	765	  1	
 37	583	765	  1	
 39	175	765	  1	
 40	183	765	  1	
 40	195	765	  1	
 40	271	765	  1	
 42	263	765	  1	
 43	497	765	  1	
 45	256	765	  1	
 47	143	765	  1	
 47	183	765	  1	
 47	192	765	  1	
 48	132	765	  1	
 55	135	765	  1	
 56	 98	765	  1	
 57	110	765	  1	
 57	327	765	  1	
 59	438	765	  1	
 62	103	765	  1	
 63	 71	765	  1	
 63	104	765	  1	
 64	379	765	  1	
 67	360	765	  1	
 70	180	765	  1	
 70	328	765	  1	
 70	590	765	  1	
 71	 83	765	  1	
 72	111	765	  1	
 75	182	765	  1	
 78	308	765	  1	
 79	239	765	  1	
 80	120	765	  1	
 80	424	765	  1	
 82	200	765	  1	
 83	 88	765	  1	
 86	328	765	  1	
 87	195	765	  1	
 87	239	765	  1	
 87	480	765	  1	
 88	148	765	  1	
 95	 98	765	  1	
 95	431	765	  1	
 96	367	765	  1	
 96	448	765	  1	
 98	559	765	  1	
103	431	765	  1	
104	184	765	  1	
104	455	765	  1	
107	448	765	  1	
111	455	765	  1	
111	463	765	  1	
112	528	765	  1	
115	375	765	  1	
117	438	765	  1	
119	 83	765	  1	
119	343	765	  1	
119	496	765	  1	
120	288	765	  1	
120	368	765	  1	
123	296	765	  1	
124	216	765	  1	
125	255	765	  1	
127	 19	765	  1	
127	151	765	  1	
127	222	765	  1	
127	535	765	  1	
128	  7	765	  1	
128	 10	765	  1	
128	160	765	  1	
128	192	765	  1	
128	199	765	  1	
128	256	765	  1	
128	496	765	  1	
128	531	765	  1	
130	471	765	  1	
131	167	765	  1	
132	312	765	  1	
133	191	765	  1	
134	128	765	  1	
134	181	765	  1	
135	 51	765	  1	
135	160	765	  1	
135	195	765	  1	
135	208	765	  1	
135	215	765	  1	
135	238	765	  1	
136	  2	765	  1	
136	104	765	  1	
136	111	765	  1	
136	143	765	  1	
138	229	765	  1	
139	192	765	  1	
141	339	765	  1	
143	107	765	  1	
143	112	765	  1	
143	119	765	  1	
144	 72	765	  1	
144	178	765	  1	
144	195	765	  1	
144	216	765	  1	
144	223	765	  1	
144	247	765	  1	
144	259	765	  1	
144	279	765	  1	
144	387	765	  1	
144	527	765	  1	
144	551	765	  1	
145	239	765	  1	
147	109	765	  1	
147	240	765	  1	
150	384	765	  1	
150	391	765	  1	
151	104	765	  1	
151	198	765	  1	
151	219	765	  1	
151	247	765	  1	
152	 91	765	  1	
152	120	765	  1	
152	143	765	  1	
152	187	765	  1	
152	344	765	  1	
152	383	765	  1	
152	416	765	  1	
152	423	765	  1	
154	391	765	  1	
155	136	765	  1	
155	376	765	  1	
156	125	765	  1	
157	 54	765	  1	
157	 86	765	  1	
158	  0	765	  1	
158	392	765	  1	
159	 95	765	  1	
159	143	765	  1	
159	302	765	  1	
159	383	765	  1	
159	515	765	  1	
160	 96	765	  1	
160	319	765	  1	
160	335	765	  1	
160	408	765	  1	
160	419	765	  1	
160	434	765	  1	
165	136	765	  1	
165	143	765	  1	
165	375	765	  1	
165	381	765	  1	
165	408	765	  1	
165	439	765	  1	
167	  8	765	  1	
167	304	765	  1	
167	319	765	  1	
167	544	765	  1	
167	568	765	  1	
168	104	765	  1	
168	127	765	  1	
168	170	765	  1	
168	224	765	  1	
168	231	765	  1	
168	252	765	  1	
168	282	765	  1	
168	296	765	  1	
168	398	765	  1	
170	110	765	  1	
170	116	765	  1	
172	243	765	  1	
172	527	765	  1	
172	584	765	  1	
173	303	765	  1	
173	424	765	  1	
173	435	765	  1	
174	399	765	  1	
174	591	765	  1	
175	 55	765	  1	
175	111	765	  1	
175	227	765	  1	
175	280	765	  1	
175	287	765	  1	
176	117	765	  1	
176	138	765	  1	
176	141	765	  1	
176	279	765	  1	
176	311	765	  1	
176	328	765	  1	
176	519	765	  1	
177	 27	765	  1	
179	239	765	  1	
179	272	765	  1	
179	304	765	  1	
179	598	765	  1	
180	184	765	  1	
181	227	765	  1	
182	112	765	  1	
183	279	765	  1	
183	311	765	  1	
184	101	765	  1	
184	256	765	  1	
184	315	765	  1	
184	338	765	  1	
184	360	765	  1	
184	367	765	  1	
184	426	765	  1	
185	128	765	  1	
187	463	765	  1	
189	128	765	  1	
189	368	765	  1	
189	375	765	  1	
190	343	765	  1	
191	312	765	  1	
191	319	765	  1	
191	363	765	  1	
191	392	765	  1	
192	 12	765	  1	
192	 83	765	  1	
192	151	765	  1	
192	179	765	  1	
192	239	765	  1	
192	247	765	  1	
192	263	765	  1	
192	351	765	  1	
192	552	765	  1	
195	144	765	  1	
195	344	765	  1	
196	127	765	  1	
196	140	765	  1	
197	 15	765	  1	
197	242	765	  1	
198	163	765	  1	
198	316	765	  1	
199	151	765	  1	
199	335	765	  1	
199	351	765	  1	
199	552	765	  1	
200	104	765	  1	
200	152	765	  1	
200	287	765	  1	
200	374	765	  1	
200	384	765	  1	
200	400	765	  1	
203	166	765	  1	
203	314	765	  1	
203	407	765	  1	
203	424	765	  1	
205	224	765	  1	
206	 87	765	  1	
206	 96	765	  1	
206	103	765	  1	
206	160	765	  1	
206	495	765	  1	
207	 35	765	  1	
207	360	765	  1	
207	400	765	  1	
207	471	765	  1	
208	 13	765	  1	
208	119	765	  1	
208	130	765	  1	
208	147	765	  1	
208	208	765	  1	
208	214	765	  1	
208	312	765	  1	
208	374	765	  1	
208	390	765	  1	
208	408	765	  1	
208	520	765	  1	
210	 58	765	  1	
211	 39	765	  1	
212	116	765	  1	
212	328	765	  1	
212	462	765	  1	
213	  8	765	  1	
213	139	765	  1	
213	146	765	  1	
213	259	765	  1	
214	255	765	  1	
214	422	765	  1	
214	456	765	  1	
215	128	765	  1	
215	316	765	  1	
215	320	765	  1	
215	327	765	  1	
215	384	765	  1	
215	408	765	  1	
215	520	765	  1	
216	 95	765	  1	
216	125	765	  1	
216	133	765	  1	
216	154	765	  1	
216	171	765	  1	
218	376	765	  1	
218	536	765	  1	
219	190	765	  1	
219	424	765	  1	
221	104	765	  1	
221	144	765	  1	
221	239	765	  1	
221	272	765	  1	
221	583	765	  1	
223	168	765	  1	
223	175	765	  1	
224	 62	765	  1	
224	 88	765	  1	
224	100	765	  1	
224	115	765	  1	
224	122	765	  1	
224	130	765	  1	
224	352	765	  1	
224	384	765	  1	
224	403	765	  1	
226	  7	765	  1	
227	  2	765	  1	
227	454	765	  1	
228	  1	765	  1	
228	456	765	  1	
229	 56	765	  1	
229	 88	765	  1	
229	 95	765	  1	
229	112	765	  1	
229	135	765	  1	
230	127	765	  1	
230	400	765	  1	
230	407	765	  1	
230	448	765	  1	
231	143	765	  1	
231	152	765	  1	
232	  8	765	  1	
232	 13	765	  1	
232	 44	765	  1	
232	 64	765	  1	
232	 71	765	  1	
232	122	765	  1	
232	183	765	  1	
232	187	765	  1	
232	289	765	  1	
232	344	765	  1	
232	348	765	  1	
232	486	765	  1	
232	559	765	  1	
234	480	765	  1	
235	123	765	  1	
235	148	765	  1	
236	163	765	  1	
237	136	765	  1	
237	408	765	  1	
237	590	765	  1	
238	 10	765	  1	
238	 15	765	  1	
239	183	765	  1	
239	376	765	  1	
239	559	765	  1	
240	 54	765	  1	
240	 84	765	  1	
240	109	765	  1	
240	375	765	  1	
240	398	765	  1	
242	312	765	  1	
243	157	765	  1	
243	256	765	  1	
245	  8	765	  1	
245	 23	765	  1	
245	 48	765	  1	
245	408	765	  1	
245	440	765	  1	
245	445	765	  1	
246	110	765	  1	
246	197	765	  1	
246	501	765	  1	
247	143	765	  1	
248	 15	765	  1	
248	 96	765	  1	
248	107	765	  1	
248	152	765	  1	
248	159	765	  1	
248	363	765	  1	
248	384	765	  1	
248	391	765	  1	
248	403	765	  1	
248	432	765	  1	
248	464	765	  1	
248	509	765	  1	
248	539	765	  1	
250	 80	765	  1	
251	103	765	  1	
251	142	765	  1	
251	387	765	  1	
253	120	765	  1	
253	423	765	  1	
253	438	765	  1	
253	488	765	  1	
254	308	765	  1	
254	360	765	  1	
254	367	765	  1	
254	408	765	  1	
254	504	765	  1	
255	 96	765	  1	
255	107	765	  1	
255	384	765	  1	
255	391	765	  1	
256	 48	765	  1	
256	 67	765	  1	
256	 72	765	  1	
256	 93	765	  1	
256	 99	765	  1	
256	210	765	  1	
256	326	765	  1	
256	344	765	  1	
256	447	765	  1	
256	478	765	  1	
256	518	765	  1	
258	187	765	  1	
258	563	765	  1	
259	223	765	  1	
259	280	765	  1	
259	392	765	  1	
259	402	765	  1	
259	416	765	  1	
260	174	765	  1	
261	136	765	  1	
261	411	765	  1	
262	 11	765	  1	
262	 23	765	  1	
262	398	765	  1	
262	539	765	  1	
263	168	765	  1	
263	216	765	  1	
263	309	765	  1	
263	518	765	  1	
264	  0	765	  1	
264	 16	765	  1	
264	 20	765	  1	
264	 59	765	  1	
264	104	765	  1	
264	111	765	  1	
264	120	765	  1	
264	126	765	  1	
264	167	765	  1	
264	188	765	  1	
264	192	765	  1	
264	199	765	  1	
264	215	765	  1	
264	226	765	  1	
264	250	765	  1	
264	262	765	  1	
264	287	765	  1	
264	488	765	  1	
264	492	765	  1	
264	520	765	  1	
264	526	765	  1	
264	574	765	  1	
265	160	765	  1	
266	296	765	  1	
267	175	765	  1	
267	272	765	  1	
268	142	765	  1	
268	471	765	  1	
268	479	765	  1	
269	367	765	  1	
269	523	765	  1	
269	528	765	  1	
270	 56	765	  1	
271	  7	765	  1	
271	164	765	  1	
271	183	765	  1	
271	195	765	  1	
271	284	765	  1	
272	  0	765	  1	
272	 12	765	  1	
272	 23	765	  1	
272	 44	765	  1	
272	 54	765	  1	
272	 88	765	  1	
272	138	765	  1	
272	144	765	  1	
272	156	765	  1	
272	224	765	  1	
272	229	765	  1	
272	247	765	  1	
272	331	765	  1	
272	392	765	  1	
272	400	765	  1	
272	414	765	  1	
272	495	765	  1	
272	497	765	  1	
272	527	765	  1	
272	544	765	  1	
273	115	765	  1	
275	 16	765	  1	
275	126	765	  1	
275	240	765	  1	
275	264	765	  1	
275	520	765	  1	
277	  8	765	  1	
277	110	765	  1	
277	136	765	  1	
277	143	765	  1	
277	186	765	  1	
277	258	765	  1	
278	 46	765	  1	
278	491	765	  1	
279	  0	765	  1	
279	 23	765	  1	
279	 54	765	  1	
279	118	765	  1	
279	247	765	  1	
279	328	765	  1	
279	335	765	  1	
279	415	765	  1	
279	527	765	  1	
280	 64	765	  1	
280	 96	765	  1	
280	131	765	  1	
280	149	765	  1	
280	211	765	  1	
280	240	765	  1	
280	249	765	  1	
280	288	765	  1	
280	362	765	  1	
280	366	765	  1	
280	384	765	  1	
280	464	765	  1	
280	534	765	  1	
281	136	765	  1	
281	141	765	  1	
282	 18	765	  1	
282	229	765	  1	
283	 23	765	  1	
283	208	765	  1	
283	584	765	  1	
284	408	765	  1	
285	 86	765	  1	
286	531	765	  1	
287	 70	765	  1	
287	224	765	  1	
287	230	765	  1	
287	288	765	  1	
287	587	765	  1	
288	 24	765	  1	
288	 32	765	  1	
288	 48	765	  1	
288	 54	765	  1	
288	 88	765	  1	
288	 94	765	  1	
288	105	765	  1	
288	149	765	  1	
288	192	765	  1	
288	196	765	  1	
288	227	765	  1	
288	365	765	  1	
288	424	765	  1	
288	453	765	  1	
288	555	765	  1	
289	158	765	  1	
290	348	765	  1	
291	 31	765	  1	
291	138	765	  1	
291	288	765	  1	
291	430	765	  1	
291	491	765	  1	
291	587	765	  1	
292	360	765	  1	
293	 39	765	  1	
293	 96	765	  1	
293	128	765	  1	
293	184	765	  1	
293	243	765	  1	
293	406	765	  1	
293	520	765	  1	
293	527	765	  1	
294	384	765	  1	
294	584	765	  1	
294	590	765	  1	
295	 24	765	  1	
295	211	765	  1	
295	248	765	  1	
295	294	765	  1	
295	552	765	  1	
295	559	765	  1	
296	  7	765	  1	
296	120	765	  1	
296	127	765	  1	
296	174	765	  1	
296	320	765	  1	
296	404	765	  1	
296	423	765	  1	
296	536	765	  1	
297	 78	765	  1	
297	102	765	  1	
298	519	765	  1	
299	200	765	  1	
299	327	765	  1	
299	416	765	  1	
299	543	765	  1	
300	 71	765	  1	
300	222	765	  1	
300	496	765	  1	
302	 63	765	  1	
302	192	765	  1	
303	174	765	  1	
303	320	765	  1	
303	423	765	  1	
303	536	765	  1	
304	 90	765	  1	
304	101	765	  1	
304	152	765	  1	
304	173	765	  1	
304	208	765	  1	
304	240	765	  1	
304	286	765	  1	
304	295	765	  1	
304	520	765	  1	
304	527	765	  1	
305	 48	765	  1	
307	 96	765	  1	
307	128	765	  1	
307	184	765	  1	
308	 55	765	  1	
308	256	765	  1	
309	400	765	  1	
309	432	765	  1	
310	 19	765	  1	
310	 43	765	  1	
310	152	765	  1	
310	419	765	  1	
311	 88	765	  1	
311	120	765	  1	
311	499	765	  1	
311	523	765	  1	
312	  7	765	  1	
312	 44	765	  1	
312	 72	765	  1	
312	 78	765	  1	
312	 95	765	  1	
312	100	765	  1	
312	145	765	  1	
312	186	765	  1	
312	206	765	  1	
312	224	765	  1	
312	344	765	  1	
312	408	765	  1	
312	459	765	  1	
312	475	765	  1	
314	164	765	  1	
314	200	765	  1	
315	 64	765	  1	
315	134	765	  1	
315	176	765	  1	
315	216	765	  1	
315	415	765	  1	
315	495	765	  1	
315	549	765	  1	
316	 91	765	  1	
316	230	765	  1	
317	 40	765	  1	
317	 75	765	  1	
317	107	765	  1	
317	272	765	  1	
317	368	765	  1	
318	120	765	  1	
318	207	765	  1	
319	  4	765	  1	
319	 16	765	  1	
319	 23	765	  1	
319	184	765	  1	
319	191	765	  1	
319	344	765	  1	
319	408	765	  1	
319	456	765	  1	
319	463	765	  1	
319	472	765	  1	
319	479	765	  1	
320	132	765	  1	
320	136	765	  1	
320	192	765	  1	
320	200	765	  1	
320	347	765	  1	
320	358	765	  1	
320	437	765	  1	
320	495	765	  1	
320	544	765	  1	
322	 40	765	  1	
322	120	765	  1	
322	206	765	  1	
322	432	765	  1	
324	344	765	  1	
324	351	765	  1	
324	487	765	  1	
325	168	765	  1	
325	173	765	  1	
326	200	765	  1	
326	296	765	  1	
326	438	765	  1	
327	120	765	  1	
327	448	765	  1	
327	592	765	  1	
328	  0	765	  1	
328	 70	765	  1	
328	 85	765	  1	
328	152	765	  1	
328	158	765	  1	
328	165	765	  1	
328	179	765	  1	
328	255	765	  1	
328	315	765	  1	
328	330	765	  1	
328	335	765	  1	
328	375	765	  1	
328	527	765	  1	
328	531	765	  1	
330	559	765	  1	
331	368	765	  1	
331	520	765	  1	
332	 71	765	  1	
332	220	765	  1	
332	255	765	  1	
333	155	765	  1	
333	454	765	  1	
334	166	765	  1	
334	344	765	  1	
335	312	765	  1	
335	319	765	  1	
335	375	765	  1	
335	463	765	  1	
335	527	765	  1	
336	  7	765	  1	
336	 20	765	  1	
336	 40	765	  1	
336	 47	765	  1	
336	 55	765	  1	
336	 96	765	  1	
336	136	765	  1	
336	163	765	  1	
336	341	765	  1	
336	398	765	  1	
336	432	765	  1	
337	 65	765	  1	
338	179	765	  1	
338	336	765	  1	
338	440	765	  1	
339	 14	765	  1	
340	 43	765	  1	
340	188	765	  1	
341	 70	765	  1	
341	112	765	  1	
341	344	765	  1	
341	352	765	  1	
342	215	765	  1	
342	530	765	  1	
343	 65	765	  1	
343	251	765	  1	
343	459	765	  1	
343	535	765	  1	
344	  2	765	  1	
344	 11	765	  1	
344	 37	765	  1	
344	 67	765	  1	
344	 89	765	  1	
344	105	765	  1	
344	149	765	  1	
344	192	765	  1	
344	199	765	  1	
344	427	765	  1	
344	432	765	  1	
344	443	765	  1	
345	137	765	  1	
346	  5	765	  1	
346	275	765	  1	
347	 14	765	  1	
347	173	765	  1	
347	240	765	  1	
347	255	765	  1	
349	136	765	  1	
350	195	765	  1	
350	376	765	  1	
350	383	765	  1	
351	 10	765	  1	
351	150	765	  1	
351	248	765	  1	
351	424	765	  1	
351	431	765	  1	
351	445	765	  1	
352	 11	765	  1	
352	 80	765	  1	
352	 96	765	  1	
352	120	765	  1	
352	161	765	  1	
352	215	765	  1	
352	267	765	  1	
352	312	765	  1	
352	423	765	  1	
353	 64	765	  1	
353	 71	765	  1	
353	158	765	  1	
353	480	765	  1	
354	  7	765	  1	
354	148	765	  1	
354	319	765	  1	
355	 16	765	  1	
355	127	765	  1	
355	138	765	  1	
355	168	765	  1	
356	208	765	  1	
357	487	765	  1	
358	271	765	  1	
358	380	765	  1	
358	543	765	  1	
359	  0	765	  1	
359	120	765	  1	
359	312	765	  1	
360	  8	765	  1	
360	 15	765	  1	
360	 64	765	  1	
360	 80	765	  1	
360	122	765	  1	
360	153	765	  1	
360	174	765	  1	
360	181	765	  1	
360	192	765	  1	
360	230	765	  1	
360	272	765	  1	
360	387	765	  1	
360	428	765	  1	
360	447	765	  1	
362	 24	765	  1	
363	424	765	  1	
364	368	765	  1	
364	440	765	  1	
364	504	765	  1	
365	  8	765	  1	
365	 11	765	  1	
365	 15	765	  1	
365	 86	765	  1	
365	171	765	  1	
365	224	765	  1	
366	129	765	  1	
366	266	765	  1	
366	391	765	  1	
367	152	765	  1	
368	  1	765	  1	
368	 23	765	  1	
368	 64	765	  1	
368	 78	765	  1	
368	 99	765	  1	
368	143	765	  1	
368	160	765	  1	
368	175	765	  1	
368	355	765	  1	
368	394	765	  1	
368	423	765	  1	
369	440	765	  1	
370	  0	765	  1	
370	 69	765	  1	
370	434	765	  1	
371	 55	765	  1	
371	 80	765	  1	
371	136	765	  1	
371	352	765	  1	
371	416	765	  1	
372	 11	765	  1	
373	182	765	  1	
373	256	765	  1	
373	261	765	  1	
373	376	765	  1	
373	437	765	  1	
374	124	765	  1	
374	128	765	  1	
374	431	765	  1	
374	445	765	  1	
375	 19	765	  1	
375	 64	765	  1	
375	143	765	  1	
375	171	765	  1	
375	423	765	  1	
376	 43	765	  1	
376	 53	765	  1	
376	 77	765	  1	
376	115	765	  1	
376	138	765	  1	
376	160	765	  1	
376	184	765	  1	
376	270	765	  1	
376	336	765	  1	
376	343	765	  1	
376	408	765	  1	
376	487	765	  1	
376	528	765	  1	
377	217	765	  1	
378	  0	765	  1	
378	166	765	  1	
378	356	765	  1	
378	432	765	  1	
379	152	765	  1	
379	565	765	  1	
380	231	765	  1	
381	144	765	  1	
381	190	765	  1	
381	295	765	  1	
382	160	765	  1	
382	438	765	  1	
383	 31	765	  1	
383	 40	765	  1	
383	 47	765	  1	
383	256	765	  1	
383	355	765	  1	
384	  0	765	  1	
384	 12	765	  1	
384	104	765	  1	
384	110	765	  1	
384	119	765	  1	
384	168	765	  1	
384	180	765	  1	
384	192	765	  1	
384	196	765	  1	
384	264	765	  1	
384	349	765	  1	
384	416	765	  1	
384	503	765	  1	
386	271	765	  1	
387	 35	765	  1	
387	127	765	  1	
387	136	765	  1	
387	362	765	  1	
388	143	765	  1	
388	343	765	  1	
389	  0	765	  1	
389	140	765	  1	
389	179	765	  1	
390	 32	765	  1	
390	 39	765	  1	
390	 53	765	  1	
390	122	765	  1	
392	 19	765	  1	
392	111	765	  1	
392	158	765	  1	
392	199	765	  1	
392	224	765	  1	
392	248	765	  1	
392	253	765	  1	
392	282	765	  1	
392	391	765	  1	
392	540	765	  1	
394	 96	765	  1	
395	176	765	  1	
395	182	765	  1	
396	102	765	  1	
397	118	765	  1	
398	 35	765	  1	
398	111	765	  1	
398	154	765	  1	
398	250	765	  1	
398	255	765	  1	
398	315	765	  1	
398	388	765	  1	
399	 96	765	  1	
399	396	765	  1	
400	 16	765	  1	
400	 48	765	  1	
400	 56	765	  1	
400	 66	765	  1	
400	 77	765	  1	
400	136	765	  1	
400	147	765	  1	
400	164	765	  1	
400	179	765	  1	
400	184	765	  1	
400	287	765	  1	
400	328	765	  1	
402	144	765	  1	
403	192	765	  1	
403	225	765	  1	
403	334	765	  1	
404	 56	765	  1	
404	150	765	  1	
404	427	765	  1	
405	139	765	  1	
406	231	765	  1	
406	363	765	  1	
407	179	765	  1	
407	207	765	  1	
408	  0	765	  1	
408	 34	765	  1	
408	 56	765	  1	
408	 87	765	  1	
408	124	765	  1	
408	158	765	  1	
408	258	765	  1	
408	263	765	  1	
408	379	765	  1	
409	424	765	  1	
411	 32	765	  1	
411	149	765	  1	
411	414	765	  1	
412	 67	765	  1	
413	 40	765	  1	
413	 54	765	  1	
414	 37	765	  1	
414	155	765	  1	
414	261	765	  1	
414	408	765	  1	
414	507	765	  1	
416	128	765	  1	
416	160	765	  1	
416	383	765	  1	
416	472	765	  1	
418	134	765	  1	
418	183	765	  1	
418	224	765	  1	
419	 56	765	  1	
419	424	765	  1	
420	271	765	  1	
420	416	765	  1	
421	147	765	  1	
421	395	765	  1	
421	427	765	  1	
422	 14	765	  1	
422	128	765	  1	
422	174	765	  1	
422	213	765	  1	
422	287	765	  1	
422	378	765	  1	
423	228	765	  1	
423	424	765	  1	
423	432	765	  1	
424	 16	765	  1	
424	 23	765	  1	
424	 76	765	  1	
424	 90	765	  1	
424	115	765	  1	
424	134	765	  1	
424	142	765	  1	
424	179	765	  1	
424	187	765	  1	
424	199	765	  1	
426	 87	765	  1	
426	152	765	  1	
427	112	765	  1	
427	120	765	  1	
427	143	765	  1	
427	256	765	  1	
428	 72	765	  1	
428	342	765	  1	
429	 88	765	  1	
430	  8	765	  1	
430	 80	765	  1	
430	118	765	  1	
430	180	765	  1	
430	186	765	  1	
430	193	765	  1	
430	199	765	  1	
430	216	765	  1	
430	223	765	  1	
431	 19	765	  1	
431	 77	765	  1	
431	130	765	  1	
431	207	765	  1	
431	296	765	  1	
432	  7	765	  1	
432	 56	765	  1	
432	143	765	  1	
432	154	765	  1	
432	160	765	  1	
432	166	765	  1	
432	182	765	  1	
432	208	765	  1	
432	219	765	  1	
432	224	765	  1	
432	231	765	  1	
432	310	765	  1	
432	315	765	  1	
432	363	765	  1	
432	368	765	  1	
432	400	765	  1	
432	407	765	  1	
434	  0	765	  1	
435	 62	765	  1	
435	 70	765	  1	
435	136	765	  1	
435	375	765	  1	
437	 39	765	  1	
437	 72	765	  1	
437	 79	765	  1	
437	110	765	  1	
437	200	765	  1	
437	216	765	  1	
437	252	765	  1	
438	 29	765	  1	
438	403	765	  1	
439	182	765	  1	
439	227	765	  1	
439	272	765	  1	
439	360	765	  1	
439	367	765	  1	
440	  4	765	  1	
440	 50	765	  1	
440	 70	765	  1	
440	121	765	  1	
440	179	765	  1	
440	224	765	  1	
440	243	765	  1	
440	251	765	  1	
440	344	765	  1	
440	359	765	  1	
443	255	765	  1	
443	294	765	  1	
443	424	765	  1	
444	 15	765	  1	
445	 47	765	  1	
445	 80	765	  1	
445	354	765	  1	
446	319	765	  1	
446	348	765	  1	
447	  0	765	  1	
447	  7	765	  1	
447	179	765	  1	
448	 12	765	  1	
448	 18	765	  1	
448	 59	765	  1	
448	 69	765	  1	
448	 75	765	  1	
448	110	765	  1	
448	136	765	  1	
448	272	765	  1	
448	416	765	  1	
449	368	765	  1	
449	375	765	  1	
450	142	765	  1	
451	168	765	  1	
451	224	765	  1	
452	278	765	  1	
453	 78	765	  1	
453	107	765	  1	
454	238	765	  1	
455	139	765	  1	
455	230	765	  1	
456	 31	765	  1	
456	 48	765	  1	
456	 61	765	  1	
456	116	765	  1	
456	124	765	  1	
456	149	765	  1	
456	232	765	  1	
456	288	765	  1	
456	295	765	  1	
456	347	765	  1	
456	360	765	  1	
456	394	765	  1	
458	144	765	  1	
459	 80	765	  1	
459	135	765	  1	
459	166	765	  1	
459	239	765	  1	
459	243	765	  1	
460	112	765	  1	
460	227	765	  1	
461	 38	765	  1	
461	151	765	  1	
461	175	765	  1	
463	 88	765	  1	
463	144	765	  1	
463	232	765	  1	
463	291	765	  1	
463	347	765	  1	
464	 44	765	  1	
464	101	765	  1	
464	106	765	  1	
464	154	765	  1	
464	176	765	  1	
464	192	765	  1	
464	198	765	  1	
464	216	765	  1	
464	280	765	  1	
464	350	765	  1	
465	 48	765	  1	
465	 55	765	  1	
466	 96	765	  1	
467	 23	765	  1	
467	 72	765	  1	
467	287	765	  1	
467	408	765	  1	
468	222	765	  1	
469	 40	765	  1	
469	134	765	  1	
469	150	765	  1	
470	112	765	  1	
470	218	765	  1	
470	232	765	  1	
470	238	765	  1	
471	104	765	  1	
471	200	765	  1	
471	287	765	  1	
472	 55	765	  1	
472	157	765	  1	
472	174	765	  1	
472	256	765	  1	
472	296	765	  1	
472	328	765	  1	
473	169	765	  1	
474	 67	765	  1	
474	 80	765	  1	
474	304	765	  1	
475	312	765	  1	
476	174	765	  1	
476	287	765	  1	
477	 56	765	  1	
477	152	765	  1	
477	334	765	  1	
478	170	765	  1	
479	112	765	  1	
479	280	765	  1	
479	296	765	  1	
479	403	765	  1	
480	  5	765	  1	
480	 23	765	  1	
480	 82	765	  1	
480	176	765	  1	
480	218	765	  1	
480	264	765	  1	
480	336	765	  1	
483	 96	765	  1	
483	144	765	  1	
483	157	765	  1	
483	558	765	  1	
485	  0	765	  1	
485	136	765	  1	
485	270	765	  1	
486	 92	765	  1	
487	176	765	  1	
487	296	765	  1	
487	583	765	  1	
488	 56	765	  1	
488	 66	765	  1	
488	 72	765	  1	
488	 96	765	  1	
488	104	765	  1	
488	130	765	  1	
488	158	765	  1	
488	168	765	  1	
488	193	765	  1	
488	240	765	  1	
488	277	765	  1	
488	292	765	  1	
488	330	765	  1	
489	152	765	  1	
490	144	765	  1	
490	386	765	  1	
491	296	765	  1	
493	 64	765	  1	
493	 71	765	  1	
493	110	765	  1	
493	272	765	  1	
493	328	765	  1	
493	335	765	  1	
494	 91	765	  1	
494	243	765	  1	
495	 16	765	  1	
495	 31	765	  1	
495	 96	765	  1	
495	168	765	  1	
496	 56	765	  1	
496	 60	765	  1	
496	125	765	  1	
496	135	765	  1	
496	142	765	  1	
496	184	765	  1	
496	200	765	  1	
496	229	765	  1	
496	246	765	  1	
496	285	765	  1	
496	296	765	  1	
496	346	765	  1	
496	351	765	  1	
497	  0	765	  1	
497	 80	765	  1	
498	207	765	  1	
498	280	765	  1	
498	339	765	  1	
499	 64	765	  1	
499	147	765	  1	
499	264	765	  1	
500	195	765	  1	
500	205	765	  1	
501	 58	765	  1	
501	 63	765	  1	
501	190	765	  1	
501	200	765	  1	
501	224	765	  1	
501	312	765	  1	
504	  4	765	  1	
504	 43	765	  1	
504	 99	765	  1	
504	144	765	  1	
504	185	765	  1	
504	208	765	  1	
504	221	765	  1	
504	309	765	  1	
504	337	765	  1	
504	360	765	  1	
505	 64	765	  1	
507	151	765	  1	
507	296	765	  1	
508	189	765	  1	
509	216	765	  1	
510	158	765	  1	
510	318	765	  1	
511	 11	765	  1	
511	144	765	  1	
511	367	765	  1	
511	415	765	  1	
512	 45	765	  1	
512	 88	765	  1	
512	128	765	  1	
512	132	765	  1	
512	176	765	  1	
512	182	765	  1	
512	192	765	  1	
512	197	765	  1	
512	208	765	  1	
512	212	765	  1	
512	220	765	  1	
512	312	765	  1	
512	389	765	  1	
512	392	765	  1	
515	 80	765	  1	
515	 96	765	  1	
515	151	765	  1	
515	351	765	  1	
517	128	765	  1	
517	133	765	  1	
517	160	765	  1	
517	183	765	  1	
517	241	765	  1	
517	255	765	  1	
517	263	765	  1	
517	360	765	  1	
517	415	765	  1	
518	212	765	  1	
518	232	765	  1	
518	288	765	  1	
518	399	765	  1	
519	 42	765	  1	
519	144	765	  1	
519	208	765	  1	
519	221	765	  1	
520	  0	765	  1	
520	 16	765	  1	
520	 39	765	  1	
520	 84	765	  1	
520	192	765	  1	
520	204	765	  1	
521	352	765	  1	
522	 78	765	  1	
522	215	765	  1	
522	398	765	  1	
523	 56	765	  1	
523	264	765	  1	
525	205	765	  1	
526	 19	765	  1	
526	107	765	  1	
526	312	765	  1	
526	319	765	  1	
527	 39	765	  1	
527	240	765	  1	
527	360	765	  1	
527	391	765	  1	
528	 27	765	  1	
528	 37	765	  1	
528	 79	765	  1	
528	 85	765	  1	
528	104	765	  1	
528	126	765	  1	
528	141	765	  1	
528	167	765	  1	
528	187	765	  1	
528	216	765	  1	
528	251	765	  1	
528	272	765	  1	
528	304	765	  1	
528	310	765	  1	
528	357	765	  1	
529	 86	765	  1	
529	261	765	  1	
530	277	765	  1	
531	110	765	  1	
531	120	765	  1	
531	160	765	  1	
531	384	765	  1	
531	391	765	  1	
532	 85	765	  1	
532	148	765	  1	
533	  7	765	  1	
533	 46	765	  1	
533	 88	765	  1	
533	174	765	  1	
533	178	765	  1	
534	 55	765	  1	
534	104	765	  1	
534	229	765	  1	
534	240	765	  1	
534	248	765	  1	
534	255	765	  1	
535	 18	765	  1	
535	 37	765	  1	
535	167	765	  1	
535	272	765	  1	
536	117	765	  1	
536	142	765	  1	
536	168	765	  1	
536	184	765	  1	
536	189	765	  1	
536	232	765	  1	
536	285	765	  1	
536	344	765	  1	
538	280	765	  1	
538	394	765	  1	
539	239	765	  1	
540	393	765	  1	
541	350	765	  1	
542	286	765	  1	
542	306	765	  1	
543	190	765	  1	
543	232	765	  1	
543	240	765	  1	
544	  0	765	  1	
544	 75	765	  1	
544	128	765	  1	
544	136	765	  1	
544	141	765	  1	
544	208	765	  1	
544	224	765	  1	
544	236	765	  1	
544	254	765	  1	
544	261	765	  1	
544	280	765	  1	
544	315	765	  1	
544	340	765	  1	
544	365	765	  1	
544	411	765	  1	
544	504	765	  1	
544	511	765	  1	
545	151	765	  1	
547	137	765	  1	
547	336	765	  1	
547	376	765	  1	
547	383	765	  1	
549	415	765	  1	
550	261	765	  1	
550	316	765	  1	
550	471	765	  1	
551	140	765	  1	
551	208	765	  1	
552	 16	765	  1	
552	 23	765	  1	
552	 72	765	  1	
552	111	765	  1	
552	128	765	  1	
552	162	765	  1	
552	216	765	  1	
552	222	765	  1	
552	352	765	  1	
552	367	765	  1	
554	171	765	  1	
555	184	765	  1	
555	360	765	  1	
555	406	765	  1	
557	126	765	  1	
557	256	765	  1	
558	146	765	  1	
558	168	765	  1	
559	 19	765	  1	
559	111	765	  1	
559	219	765	  1	
559	248	765	  1	
559	367	765	  1	
560	  0	765	  1	
560	 90	765	  1	
560	106	765	  1	
560	148	765	  1	
560	179	765	  1	
560	187	765	  1	
560	213	765	  1	
560	274	765	  1	
560	291	765	  1	
560	311	765	  1	
560	320	765	  1	
560	326	765	  1	
560	344	765	  1	
560	376	765	  1	
562	394	765	  1	
563	 24	765	  1	
563	 79	765	  1	
563	139	765	  1	
563	350	765	  1	
564	382	765	  1	
565	 90	765	  1	
565	248	765	  1	
565	342	765	  1	
566	311	765	  1	
567	  0	765	  1	
567	153	765	  1	
567	272	765	  1	
567	279	765	  1	
567	394	765	  1	
568	 75	765	  1	
568	112	765	  1	
568	173	765	  1	
568	224	765	  1	
568	232	765	  1	
568	325	765	  1	
568	365	765	  1	
569	331	765	  1	
571	 80	765	  1	
571	104	765	  1	
571	375	765	  1	
573	231	765	  1	
575	368	765	  1	
576	 96	765	  1	
576	171	765	  1	
576	245	765	  1	
576	256	765	  1	
576	293	765	  1	
576	317	765	  1	
578	167	765	  1	
578	288	765	  1	
579	224	765	  1	
580	276	765	  1	
580	352	765	  1	
581	172	765	  1	
581	216	765	  1	
582	 99	765	  1	
582	293	765	  1	
582	335	765	  1	
583	 80	765	  1	
583	301	765	  1	
583	512	765	  1	
583	519	765	  1	
584	 71	765	  1	
584	 88	765	  1	
584	 96	765	  1	
584	208	765	  1	
584	232	765	  1	
584	362	765	  1	
584	455	765	  1	
585	111	765	  1	
587	  8	765	  1	
587	296	765	  1	
587	464	765	  1	
588	311	765	  1	
588	352	765	  1	
588	367	765	  1	
589	 55	765	  1	
589	136	765	  1	
589	146	765	  1	
589	256	765	  1	
590	109	765	  1	
590	359	765	  1	
591	 71	765	  1	
591	303	765	  1	
591	439	765	  1	
591	448	765	  1	
592	114	765	  1	
592	188	765	  1	
592	192	765	  1	
592	224	765	  1	
592	312	765	  1	
592	424	765	  1	
593	 63	765	  1	
594	 96	765	  1	
595	175	765	  1	
597	230	765	  1	
597	328	765	  1	
598	199	765	  1	
598	307	765	  1	
599	360	765	  1	
600	 63	765	  1	
600	169	765	  1	
600	237	765	  1	
600	264	765	  1	
600	274	765	  1	
600	278	765	  1	
600	336	765	  1	
600	392	765	  1	
602	255	765	  1	
602	270	765	  1	
603	175	765	  1	
606	189	765	  1	
606	248	765	  1	
607	199	765	  1	
607	392	765	  1	
608	 24	765	  1	
608	 99	765	  1	
608	184	765	  1	
608	192	765	  1	
608	214	765	  1	
608	312	765	  1	
608	315	765	  1	
608	323	765	  1	
610	 87	765	  1	
610	189	765	  1	
611	 15	765	  1	
611	101	765	  1	
611	279	765	  1	
614	 30	765	  1	
614	211	765	  1	
614	324	765	  1	
615	 96	765	  1	
615	195	765	  1	
615	343	765	  1	
616	112	765	  1	
616	168	765	  1	
616	231	765	  1	
616	239	765	  1	
616	471	765	  1	
619	224	765	  1	
619	314	765	  1	
619	359	765	  1	
620	  8	765	  1	
622	235	765	  1	
623	231	765	  1	
624	  3	765	  1	
624	136	765	  1	
624	269	765	  1	
628	262	765	  1	
631	  0	765	  1	
631	  7	765	  1	
631	136	765	  1	
632	179	765	  1	
632	205	765	  1	
632	246	765	  1	
632	307	765	  1	
634	252	765	  1	
635	 93	765	  1	
636	402	765	  1	
636	434	765	  1	
638	103	765	  1	
638	128	765	  1	
638	135	765	  1	
639	 19	765	  1	
639	 80	765	  1	
639	 84	765	  1	
639	268	765	  1	
640	136	765	  1	
640	143	765	  1	
640	187	765	  1	
640	230	765	  1	
645	512	765	  1	
646	231	765	  1	
648	 39	765	  1	
648	 69	765	  1	
648	157	765	  1	
651	136	765	  1	
651	143	765	  1	
653	 69	765	  1	
655	373	765	  1	
656	 87	765	  1	
656	144	765	  1	
656	184	765	  1	
656	383	765	  1	
659	 80	765	  1	
661	599	765	  1	
663	 87	765	  1	
663	144	765	  1	
664	148	765	  1	
664	224	765	  1	
667	  8	765	  1	
668	255	765	  1	
672	120	765	  1	
672	127	765	  1	
672	184	765	  1	
672	289	765	  1	
672	408	765	  1	
676	191	765	  1	
677	503	765	  1	
679	123	765	  1	
679	415	765	  1	
679	504	765	  1	
680	139	765	  1	
682	341	765	  1	
685	112	765	  1	
685	116	765	  1	
685	336	765	  1	
691	140	765	  1	
695	432	765	  1	
699	304	765	  1	
704	 42	765	  1	
710	274	765	  1	
714	212	765	  1	
749	136	765	  1	
