# 
#  Image file: Goad2_T0020.jpg
#  Applied threshold: 575
#  Algorithm used: fill2                 
#  Particle count: 1995
#  Location (x,y), max luminance, and mass:
# 
  2	424	765	  1	
  7	288	765	  1	
  7	451	765	  1	
  8	130	765	  1	
  8	275	765	  1	
 13	112	765	  1	
 16	482	765	  1	
 18	184	765	  1	
 20	168	765	  1	
 20	291	765	  1	
 22	557	765	  1	
 25	489	765	  1	
 26	264	765	  1	
 26	493	765	  1	
 36	244	765	  1	
 37	160	765	  1	
 38	 77	765	  1	
 38	494	765	  1	
 39	384	765	  1	
 40	175	765	  1	
 41	308	765	  1	
 42	384	765	  1	
 47	534	765	  1	
 62	276	765	  1	
 63	192	765	  1	
 64	101	765	  1	
 64	327	765	  1	
 66	111	765	  1	
 69	108	765	  1	
 70	293	765	  1	
 71	 79	765	  1	
 71	103	765	  1	
 71	322	765	  1	
 72	242	765	  1	
 79	259	765	  1	
 80	215	765	  1	
 80	295	765	  1	
 80	318	765	  1	
 80	335	765	  1	
 80	432	765	  1	
 83	146	765	  1	
 85	312	765	  1	
 86	206	765	  1	
 86	304	765	  1	
 87	196	765	  1	
 87	232	765	  1	
 87	267	765	  1	
 87	328	765	  1	
 87	400	765	  1	
 96	119	765	  1	
 96	153	765	  1	
 96	279	765	  1	
 96	479	765	  1	
104	 98	765	  1	
104	107	765	  1	
104	254	765	  1	
108	370	765	  1	
109	104	765	  1	
109	221	765	  1	
109	418	765	  1	
111	199	765	  1	
111	344	765	  1	
111	367	765	  1	
111	475	765	  1	
112	286	765	  1	
113	572	765	  1	
114	210	765	  1	
115	487	765	  1	
118	160	765	  1	
119	376	765	  1	
120	115	765	  1	
120	175	765	  1	
120	200	765	  1	
120	206	765	  1	
120	271	765	  1	
120	312	765	  1	
120	347	765	  1	
120	420	765	  1	
122	111	765	  1	
123	168	765	  1	
123	318	765	  1	
124	  5	765	  1	
124	286	765	  1	
126	 19	765	  1	
126	312	765	  1	
127	175	765	  1	
127	344	765	  1	
127	351	765	  1	
128	192	765	  1	
128	199	765	  1	
128	304	765	  1	
128	342	765	  1	
129	152	765	  1	
129	159	765	  1	
131	284	765	  1	
131	336	765	  1	
131	352	765	  1	
132	295	765	  1	
133	456	765	  1	
134	148	765	  1	
135	 54	765	  1	
135	195	765	  1	
135	423	765	  1	
136	 94	765	  1	
136	104	765	  1	
136	127	765	  1	
136	168	765	  1	
136	174	765	  1	
136	184	765	  1	
136	294	765	  1	
136	351	765	  1	
139	120	765	  1	
139	344	765	  1	
139	360	765	  1	
139	367	765	  1	
141	138	765	  1	
141	171	765	  1	
142	 90	765	  1	
143	 39	765	  1	
143	127	765	  1	
143	284	765	  1	
143	351	765	  1	
143	488	765	  1	
144	  6	765	  1	
144	114	765	  1	
144	161	765	  1	
144	192	765	  1	
144	223	765	  1	
144	225	765	  1	
144	279	765	  1	
144	290	765	  1	
144	312	765	  1	
144	319	765	  1	
144	336	765	  1	
144	362	765	  1	
146	  2	765	  1	
146	104	765	  1	
147	 96	765	  1	
147	272	765	  1	
148	288	765	  1	
149	140	765	  1	
150	111	765	  1	
150	256	765	  1	
150	263	765	  1	
150	383	765	  1	
151	279	765	  1	
151	315	765	  1	
152	146	765	  1	
152	156	765	  1	
152	183	765	  1	
152	200	765	  1	
152	224	765	  1	
152	388	765	  1	
152	398	765	  1	
154	 12	765	  1	
154	125	765	  1	
155	120	765	  1	
155	176	765	  1	
155	207	765	  1	
155	231	765	  1	
156	343	765	  1	
156	392	765	  1	
157	384	765	  1	
157	521	765	  1	
158	  2	765	  1	
159	  7	765	  1	
159	159	765	  1	
159	183	765	  1	
159	200	765	  1	
159	224	765	  1	
160	101	765	  1	
160	117	765	  1	
160	131	765	  1	
160	176	765	  1	
160	258	765	  1	
160	335	765	  1	
160	559	765	  1	
163	 96	765	  1	
163	328	765	  1	
164	 12	765	  1	
165	376	765	  1	
165	381	765	  1	
166	118	765	  1	
166	181	765	  1	
167	 16	765	  1	
167	128	765	  1	
167	135	765	  1	
167	335	765	  1	
167	400	765	  1	
168	  0	765	  1	
168	 32	765	  1	
168	114	765	  1	
168	136	765	  1	
168	152	765	  1	
168	248	765	  1	
168	264	765	  1	
168	304	765	  1	
168	408	765	  1	
168	412	765	  1	
170	142	765	  1	
171	127	765	  1	
171	392	765	  1	
172	 98	765	  1	
173	  6	765	  1	
174	136	765	  1	
174	196	765	  1	
174	271	765	  1	
174	413	765	  1	
175	408	765	  1	
176	104	765	  1	
176	128	765	  1	
176	208	765	  1	
176	383	765	  1	
178	184	765	  1	
179	  8	765	  1	
180	315	765	  1	
181	 79	765	  1	
181	160	765	  1	
182	 48	765	  1	
182	106	765	  1	
182	186	765	  1	
182	208	765	  1	
183	 96	765	  1	
183	128	765	  1	
183	194	765	  1	
183	295	765	  1	
183	304	765	  1	
183	311	765	  1	
184	 23	765	  1	
184	118	765	  1	
184	144	765	  1	
184	167	765	  1	
184	224	765	  1	
184	392	765	  1	
184	439	765	  1	
187	  0	765	  1	
187	 70	765	  1	
187	151	765	  1	
189	 59	765	  1	
189	 96	765	  1	
189	112	765	  1	
189	128	765	  1	
189	152	765	  1	
189	195	765	  1	
191	163	765	  1	
191	370	765	  1	
191	392	765	  1	
192	  1	765	  1	
192	 91	765	  1	
192	139	765	  1	
192	192	765	  1	
192	199	765	  1	
192	239	765	  1	
192	256	765	  1	
192	278	765	  1	
192	306	765	  1	
192	328	765	  1	
192	343	765	  1	
193	232	765	  1	
194	 31	765	  1	
195	 46	765	  1	
195	336	765	  1	
197	 56	765	  1	
197	 63	765	  1	
197	168	765	  1	
197	271	765	  1	
197	334	765	  1	
198	275	765	  1	
199	 16	765	  1	
199	 29	765	  1	
199	195	765	  1	
199	311	765	  1	
199	343	765	  1	
199	392	765	  1	
199	400	765	  1	
199	454	765	  1	
200	 69	765	  1	
200	117	765	  1	
200	215	765	  1	
200	240	765	  1	
200	296	765	  1	
200	320	765	  1	
200	476	765	  1	
202	 10	765	  1	
203	128	765	  1	
203	208	765	  1	
203	247	765	  1	
203	306	765	  1	
205	 75	765	  1	
205	472	765	  1	
206	 24	765	  1	
206	224	765	  1	
206	296	765	  1	
207	 32	765	  1	
207	 61	765	  1	
207	156	765	  1	
207	240	765	  1	
207	320	765	  1	
208	  0	765	  1	
208	 29	765	  1	
208	 99	765	  1	
208	230	765	  1	
208	280	765	  1	
208	299	765	  1	
208	331	765	  1	
209	182	765	  1	
210	138	765	  1	
210	328	765	  1	
211	  8	765	  1	
211	112	765	  1	
211	143	765	  1	
211	160	765	  1	
211	248	765	  1	
211	262	765	  1	
211	278	765	  1	
213	228	765	  1	
214	354	765	  1	
215	  0	765	  1	
215	 64	765	  1	
215	117	765	  1	
215	296	765	  1	
215	303	765	  1	
215	375	765	  1	
216	 88	765	  1	
216	 94	765	  1	
216	104	765	  1	
216	119	765	  1	
216	131	765	  1	
216	160	765	  1	
216	182	765	  1	
216	288	765	  1	
216	342	765	  1	
216	360	765	  1	
216	440	765	  1	
216	519	765	  1	
218	294	765	  1	
218	298	765	  1	
218	416	765	  1	
219	112	765	  1	
219	152	765	  1	
219	239	765	  1	
219	334	765	  1	
219	367	765	  1	
220	167	765	  1	
221	162	765	  1	
221	336	765	  1	
221	423	765	  1	
222	352	765	  1	
223	119	765	  1	
223	360	765	  1	
224	 54	765	  1	
224	 58	765	  1	
224	 64	765	  1	
224	 69	765	  1	
224	104	765	  1	
224	141	765	  1	
224	176	765	  1	
224	183	765	  1	
224	189	765	  1	
224	208	765	  1	
224	252	765	  1	
224	256	765	  1	
224	272	765	  1	
224	290	765	  1	
224	296	765	  1	
224	303	765	  1	
224	349	765	  1	
224	390	765	  1	
224	426	765	  1	
224	431	765	  1	
224	464	765	  1	
225	156	765	  1	
226	  6	765	  1	
226	 48	765	  1	
226	 95	765	  1	
226	279	765	  1	
227	262	765	  1	
227	419	765	  1	
228	 39	765	  1	
228	248	765	  1	
229	 13	765	  1	
229	 23	765	  1	
229	344	765	  1	
230	  0	765	  1	
230	 55	765	  1	
230	 80	765	  1	
230	 93	765	  1	
230	424	765	  1	
230	429	765	  1	
231	 88	765	  1	
231	208	765	  1	
231	255	765	  1	
231	274	765	  1	
232	 32	765	  1	
232	 48	765	  1	
232	162	765	  1	
232	167	765	  1	
232	192	765	  1	
232	199	765	  1	
232	238	765	  1	
232	286	765	  1	
232	359	765	  1	
232	375	765	  1	
232	400	765	  1	
232	408	765	  1	
232	415	765	  1	
232	443	765	  1	
233	 56	765	  1	
233	552	765	  1	
234	 61	765	  1	
234	232	765	  1	
235	295	765	  1	
235	327	765	  1	
235	352	765	  1	
235	360	765	  1	
235	405	765	  1	
237	128	765	  1	
237	149	765	  1	
237	347	765	  1	
238	287	765	  1	
238	444	765	  1	
239	 39	765	  1	
239	 50	765	  1	
239	195	765	  1	
239	238	765	  1	
239	359	765	  1	
239	367	765	  1	
239	411	765	  1	
239	576	765	  1	
240	 30	765	  1	
240	 57	765	  1	
240	 94	765	  1	
240	109	765	  1	
240	142	765	  1	
240	158	765	  1	
240	165	765	  1	
240	200	765	  1	
240	212	765	  1	
240	223	765	  1	
240	232	765	  1	
240	250	765	  1	
240	262	765	  1	
240	279	765	  1	
240	399	765	  1	
240	416	765	  1	
240	422	765	  1	
240	450	765	  1	
240	465	765	  1	
241	 24	765	  1	
241	312	765	  1	
243	  8	765	  1	
243	120	765	  1	
243	175	765	  1	
243	216	765	  1	
243	431	765	  1	
243	488	765	  1	
244	392	765	  1	
244	469	765	  1	
245	103	765	  1	
245	191	765	  1	
245	244	765	  1	
245	317	765	  1	
245	419	765	  1	
246	 28	765	  1	
246	 61	765	  1	
246	124	765	  1	
246	162	765	  1	
246	375	765	  1	
247	135	765	  1	
247	223	765	  1	
247	286	765	  1	
247	363	765	  1	
247	424	765	  1	
247	471	765	  1	
248	 80	765	  1	
248	183	765	  1	
248	350	765	  1	
248	392	765	  1	
248	396	765	  1	
248	408	765	  1	
248	416	765	  1	
248	423	765	  1	
248	429	765	  1	
248	450	765	  1	
248	469	765	  1	
250	 39	765	  1	
250	120	765	  1	
250	167	765	  1	
250	389	765	  1	
250	550	765	  1	
251	 88	765	  1	
251	256	765	  1	
251	384	765	  1	
252	  8	765	  1	
252	455	765	  1	
252	496	765	  1	
253	 86	765	  1	
253	219	765	  1	
253	544	765	  1	
254	157	765	  1	
254	368	765	  1	
255	 48	765	  1	
255	 95	765	  1	
255	168	765	  1	
255	174	765	  1	
255	179	765	  1	
255	263	765	  1	
255	359	765	  1	
256	  3	765	  1	
256	 75	765	  1	
256	110	765	  1	
256	117	765	  1	
256	143	765	  1	
256	210	765	  1	
256	224	765	  1	
256	232	765	  1	
256	239	765	  1	
256	367	765	  1	
256	399	765	  1	
256	502	765	  1	
258	327	765	  1	
258	410	765	  1	
258	496	765	  1	
259	360	765	  1	
260	102	765	  1	
260	430	765	  1	
261	223	765	  1	
261	230	765	  1	
261	279	765	  1	
262	444	765	  1	
263	 75	765	  1	
263	367	765	  1	
263	463	765	  1	
263	499	765	  1	
264	 95	765	  1	
264	152	765	  1	
264	192	765	  1	
264	216	765	  1	
264	241	765	  1	
264	247	765	  1	
264	328	765	  1	
264	335	765	  1	
264	419	765	  1	
264	440	765	  1	
264	455	765	  1	
264	528	765	  1	
264	535	765	  1	
265	  5	765	  1	
266	  1	765	  1	
266	 87	765	  1	
266	483	765	  1	
267	448	765	  1	
269	112	765	  1	
269	197	765	  1	
269	236	765	  1	
269	254	765	  1	
269	320	765	  1	
269	325	765	  1	
269	423	765	  1	
270	  5	765	  1	
270	160	765	  1	
270	206	765	  1	
270	243	765	  1	
270	400	765	  1	
270	414	765	  1	
271	  1	765	  1	
271	  8	765	  1	
271	 95	765	  1	
271	103	765	  1	
271	331	765	  1	
271	455	765	  1	
271	531	765	  1	
271	555	765	  1	
272	107	765	  1	
272	117	765	  1	
272	171	765	  1	
272	216	765	  1	
272	246	765	  1	
272	256	765	  1	
272	264	765	  1	
272	303	765	  1	
272	360	765	  1	
272	399	765	  1	
272	403	765	  1	
272	445	765	  1	
272	461	765	  1	
272	469	765	  1	
272	504	765	  1	
272	511	765	  1	
272	536	765	  1	
274	269	765	  1	
274	400	765	  1	
274	432	765	  1	
274	456	765	  1	
275	208	765	  1	
275	392	765	  1	
277	230	765	  1	
277	318	765	  1	
277	331	765	  1	
277	384	765	  1	
278	247	765	  1	
278	403	765	  1	
278	413	765	  1	
278	424	765	  1	
278	462	765	  1	
279	 35	765	  1	
279	264	765	  1	
279	336	765	  1	
279	343	765	  1	
279	399	765	  1	
279	507	765	  1	
280	  0	765	  1	
280	  8	765	  1	
280	 96	765	  1	
280	124	765	  1	
280	141	765	  1	
280	189	765	  1	
280	200	765	  1	
280	212	765	  1	
280	248	765	  1	
280	258	765	  1	
280	298	765	  1	
280	311	765	  1	
280	344	765	  1	
280	376	765	  1	
280	383	765	  1	
280	437	765	  1	
280	468	765	  1	
280	480	765	  1	
280	487	765	  1	
280	490	765	  1	
280	496	765	  1	
280	503	765	  1	
280	533	765	  1	
280	543	765	  1	
280	567	765	  1	
280	594	765	  1	
281	 55	765	  1	
282	152	765	  1	
283	282	765	  1	
283	408	765	  1	
284	255	765	  1	
284	351	765	  1	
284	447	765	  1	
285	200	765	  1	
285	239	765	  1	
285	281	765	  1	
285	384	765	  1	
285	391	765	  1	
286	  3	765	  1	
286	309	765	  1	
286	415	765	  1	
287	152	765	  1	
287	379	765	  1	
287	400	765	  1	
287	483	765	  1	
287	499	765	  1	
287	539	765	  1	
288	 25	765	  1	
288	 85	765	  1	
288	 94	765	  1	
288	102	765	  1	
288	112	765	  1	
288	127	765	  1	
288	144	765	  1	
288	178	765	  1	
288	192	765	  1	
288	212	765	  1	
288	217	765	  1	
288	240	765	  1	
288	247	765	  1	
288	320	765	  1	
288	544	765	  1	
288	560	765	  1	
289	183	765	  1	
289	215	765	  1	
290	 36	765	  1	
290	 96	765	  1	
290	291	765	  1	
290	334	765	  1	
290	376	765	  1	
290	390	765	  1	
290	552	765	  1	
291	  5	765	  1	
291	 39	765	  1	
291	 72	765	  1	
291	347	765	  1	
291	455	765	  1	
292	381	765	  1	
293	255	765	  1	
293	375	765	  1	
294	 95	765	  1	
294	328	765	  1	
294	384	765	  1	
296	  0	765	  1	
296	  6	765	  1	
296	 16	765	  1	
296	 37	765	  1	
296	 63	765	  1	
296	128	765	  1	
296	138	765	  1	
296	184	765	  1	
296	232	765	  1	
296	303	765	  1	
296	311	765	  1	
296	341	765	  1	
296	357	765	  1	
296	486	765	  1	
297	 77	765	  1	
298	163	765	  1	
298	352	765	  1	
299	 72	765	  1	
299	112	765	  1	
299	205	765	  1	
299	214	765	  1	
299	296	765	  1	
301	  3	765	  1	
301	 27	765	  1	
301	176	765	  1	
301	197	765	  1	
302	 48	765	  1	
302	358	765	  1	
302	484	765	  1	
303	 24	765	  1	
303	 36	765	  1	
303	 96	765	  1	
303	208	765	  1	
303	312	765	  1	
304	 11	765	  1	
304	 34	765	  1	
304	 56	765	  1	
304	 63	765	  1	
304	174	765	  1	
304	207	765	  1	
304	248	765	  1	
304	285	765	  1	
304	296	765	  1	
304	328	765	  1	
304	459	765	  1	
304	536	765	  1	
306	336	765	  1	
307	128	765	  1	
308	416	765	  1	
309	 18	765	  1	
309	192	765	  1	
309	199	765	  1	
309	224	765	  1	
310	 77	765	  1	
310	205	765	  1	
310	342	765	  1	
310	423	765	  1	
311	120	765	  1	
311	174	765	  1	
311	456	765	  1	
311	463	765	  1	
312	  7	765	  1	
312	 67	765	  1	
312	 85	765	  1	
312	159	765	  1	
312	176	765	  1	
312	187	765	  1	
312	213	765	  1	
312	256	765	  1	
312	300	765	  1	
312	320	765	  1	
312	366	765	  1	
312	475	765	  1	
312	503	765	  1	
312	575	765	  1	
314	 59	765	  1	
314	 96	765	  1	
315	 48	765	  1	
315	152	765	  1	
315	230	765	  1	
315	331	765	  1	
315	360	765	  1	
315	392	765	  1	
316	 70	765	  1	
316	271	765	  1	
317	  3	765	  1	
317	 75	765	  1	
317	189	765	  1	
318	102	765	  1	
318	367	765	  1	
318	398	765	  1	
319	221	765	  1	
319	320	765	  1	
319	575	765	  1	
320	 30	765	  1	
320	 68	765	  1	
320	 88	765	  1	
320	110	765	  1	
320	114	765	  1	
320	136	765	  1	
320	143	765	  1	
320	169	765	  1	
320	200	765	  1	
320	207	765	  1	
320	222	765	  1	
320	232	765	  1	
320	263	765	  1	
320	280	765	  1	
320	294	765	  1	
320	310	765	  1	
320	340	765	  1	
320	349	765	  1	
320	491	765	  1	
320	520	765	  1	
320	526	765	  1	
321	105	765	  1	
322	126	765	  1	
322	472	765	  1	
323	151	765	  1	
323	198	765	  1	
323	256	765	  1	
323	288	765	  1	
323	392	765	  1	
323	496	765	  1	
324	  8	765	  1	
325	 30	765	  1	
325	 69	765	  1	
325	 94	765	  1	
325	119	765	  1	
325	187	765	  1	
325	307	765	  1	
325	328	765	  1	
326	  0	765	  1	
326	 19	765	  1	
326	208	765	  1	
326	213	765	  1	
326	216	765	  1	
326	222	765	  1	
326	263	765	  1	
326	350	765	  1	
326	398	765	  1	
326	503	765	  1	
327	203	765	  1	
327	232	765	  1	
327	301	765	  1	
327	472	765	  1	
328	  8	765	  1	
328	 80	765	  1	
328	 96	765	  1	
328	125	765	  1	
328	168	765	  1	
328	171	765	  1	
328	299	765	  1	
328	314	765	  1	
328	368	765	  1	
328	461	765	  1	
329	 72	765	  1	
329	112	765	  1	
330	 48	765	  1	
330	267	765	  1	
330	399	765	  1	
331	 24	765	  1	
331	 56	765	  1	
331	162	765	  1	
331	257	765	  1	
331	304	765	  1	
331	384	765	  1	
333	107	765	  1	
333	112	765	  1	
333	280	765	  1	
333	312	765	  1	
333	319	765	  1	
334	 48	765	  1	
335	119	765	  1	
336	 19	765	  1	
336	 69	765	  1	
336	189	765	  1	
336	215	765	  1	
336	232	765	  1	
336	238	765	  1	
336	286	765	  1	
336	325	765	  1	
336	358	765	  1	
336	368	765	  1	
336	397	765	  1	
337	294	765	  1	
338	128	765	  1	
338	246	765	  1	
338	373	765	  1	
339	 38	765	  1	
339	 62	765	  1	
339	304	765	  1	
340	210	765	  1	
340	256	765	  1	
340	262	765	  1	
341	 64	765	  1	
341	112	765	  1	
341	171	765	  1	
341	235	765	  1	
341	283	765	  1	
342	 32	765	  1	
342	 51	765	  1	
342	134	765	  1	
342	240	765	  1	
342	319	765	  1	
342	368	765	  1	
343	248	765	  1	
343	356	765	  1	
344	 30	765	  1	
344	 40	765	  1	
344	 82	765	  1	
344	105	765	  1	
344	120	765	  1	
344	178	765	  1	
344	216	765	  1	
344	244	765	  1	
344	275	765	  1	
344	304	765	  1	
344	320	765	  1	
344	336	765	  1	
344	344	765	  1	
344	384	765	  1	
344	400	765	  1	
344	429	765	  1	
344	448	765	  1	
345	 80	765	  1	
345	170	765	  1	
345	183	765	  1	
345	191	765	  1	
346	 60	765	  1	
346	152	765	  1	
346	160	765	  1	
346	168	765	  1	
346	294	765	  1	
347	  0	765	  1	
347	111	765	  1	
347	343	765	  1	
347	351	765	  1	
348	392	765	  1	
349	173	765	  1	
349	310	765	  1	
350	120	765	  1	
350	128	765	  1	
350	288	765	  1	
350	384	765	  1	
350	459	765	  1	
351	 87	765	  1	
351	256	765	  1	
351	263	765	  1	
351	336	765	  1	
351	344	765	  1	
352	 24	765	  1	
352	 48	765	  1	
352	 64	765	  1	
352	118	765	  1	
352	146	765	  1	
352	151	765	  1	
352	158	765	  1	
352	182	765	  1	
352	200	765	  1	
352	207	765	  1	
352	246	765	  1	
352	357	765	  1	
352	440	765	  1	
352	483	765	  1	
353	259	765	  1	
354	 96	765	  1	
354	112	765	  1	
355	232	765	  1	
355	280	765	  1	
355	287	765	  1	
357	 27	765	  1	
357	 47	765	  1	
357	 54	765	  1	
357	 72	765	  1	
357	276	765	  1	
357	384	765	  1	
357	399	765	  1	
357	480	765	  1	
358	118	765	  1	
358	256	765	  1	
358	275	765	  1	
358	373	765	  1	
359	203	765	  1	
359	211	765	  1	
359	424	765	  1	
360	130	765	  1	
360	135	765	  1	
360	157	765	  1	
360	162	765	  1	
360	168	765	  1	
360	187	765	  1	
360	202	765	  1	
360	232	765	  1	
360	270	765	  1	
360	275	765	  1	
360	286	765	  1	
360	322	765	  1	
360	327	765	  1	
360	344	765	  1	
360	360	765	  1	
362	182	765	  1	
362	368	765	  1	
362	448	765	  1	
363	 24	765	  1	
363	299	765	  1	
363	424	765	  1	
364	173	765	  1	
365	  8	765	  1	
365	 80	765	  1	
365	168	765	  1	
365	216	765	  1	
365	223	765	  1	
365	238	765	  1	
365	243	765	  1	
365	437	765	  1	
366	 54	765	  1	
366	188	765	  1	
366	256	765	  1	
366	264	765	  1	
366	274	765	  1	
366	455	765	  1	
367	151	765	  1	
367	360	765	  1	
368	 29	765	  1	
368	 37	765	  1	
368	 48	765	  1	
368	 56	765	  1	
368	 73	765	  1	
368	 78	765	  1	
368	 88	765	  1	
368	110	765	  1	
368	125	765	  1	
368	250	765	  1	
368	254	765	  1	
368	304	765	  1	
368	336	765	  1	
369	 40	765	  1	
370	120	765	  1	
370	404	765	  1	
371	 93	765	  1	
371	104	765	  1	
371	128	765	  1	
371	136	765	  1	
371	416	765	  1	
372	 23	765	  1	
373	 44	765	  1	
373	184	765	  1	
373	260	765	  1	
374	126	765	  1	
374	207	765	  1	
374	287	765	  1	
374	431	765	  1	
375	266	765	  1	
375	279	765	  1	
375	413	765	  1	
375	455	765	  1	
375	480	765	  1	
376	  0	765	  1	
376	  8	765	  1	
376	 16	765	  1	
376	 32	765	  1	
376	 82	765	  1	
376	112	765	  1	
376	144	765	  1	
376	157	765	  1	
376	171	765	  1	
376	176	765	  1	
376	182	765	  1	
376	269	765	  1	
376	304	765	  1	
376	309	765	  1	
376	336	765	  1	
378	 12	765	  1	
378	 58	765	  1	
378	264	765	  1	
379	 16	765	  1	
379	 63	765	  1	
379	254	765	  1	
381	176	765	  1	
381	183	765	  1	
382	232	765	  1	
382	270	765	  1	
382	337	765	  1	
382	344	765	  1	
382	408	765	  1	
382	421	765	  1	
383	  9	765	  1	
383	 47	765	  1	
383	 83	765	  1	
383	148	765	  1	
383	192	765	  1	
383	463	765	  1	
384	 48	765	  1	
384	 75	765	  1	
384	 80	765	  1	
384	 96	765	  1	
384	136	765	  1	
384	187	765	  1	
384	205	765	  1	
384	219	765	  1	
384	245	765	  1	
384	299	765	  1	
384	310	765	  1	
384	350	765	  1	
384	488	765	  1	
384	503	765	  1	
385	126	765	  1	
386	  8	765	  1	
386	112	765	  1	
386	142	765	  1	
388	192	765	  1	
389	240	765	  1	
389	328	765	  1	
389	335	765	  1	
390	 80	765	  1	
390	136	765	  1	
390	351	765	  1	
390	463	765	  1	
391	 48	765	  1	
391	168	765	  1	
391	220	765	  1	
391	296	765	  1	
391	303	765	  1	
391	331	765	  1	
391	451	765	  1	
391	456	765	  1	
391	576	765	  1	
392	  5	765	  1	
392	107	765	  1	
392	112	765	  1	
392	243	765	  1	
392	250	765	  1	
392	536	765	  1	
393	151	765	  1	
393	327	765	  1	
393	359	765	  1	
394	212	765	  1	
394	272	765	  1	
395	117	765	  1	
395	256	765	  1	
396	220	765	  1	
397	255	765	  1	
398	 97	765	  1	
398	102	765	  1	
398	272	765	  1	
398	287	765	  1	
398	311	765	  1	
400	  0	765	  1	
400	 18	765	  1	
400	 32	765	  1	
400	 40	765	  1	
400	 46	765	  1	
400	 50	765	  1	
400	165	765	  1	
400	172	765	  1	
400	342	765	  1	
400	345	765	  1	
400	357	765	  1	
400	456	765	  1	
400	560	765	  1	
401	118	765	  1	
401	150	765	  1	
402	  7	765	  1	
403	 23	765	  1	
403	176	765	  1	
404	148	765	  1	
405	 48	765	  1	
405	 55	765	  1	
405	124	765	  1	
405	227	765	  1	
405	335	765	  1	
406	 18	765	  1	
406	348	765	  1	
407	 15	765	  1	
407	 32	765	  1	
407	127	765	  1	
407	136	765	  1	
407	144	765	  1	
407	323	765	  1	
408	 37	765	  1	
408	104	765	  1	
408	150	765	  1	
408	176	765	  1	
408	184	765	  1	
408	191	765	  1	
408	210	765	  1	
408	215	765	  1	
408	248	765	  1	
408	255	765	  1	
408	367	765	  1	
408	527	765	  1	
408	599	765	  1	
409	 88	765	  1	
410	123	765	  1	
410	136	765	  1	
410	144	765	  1	
410	182	765	  1	
410	426	765	  1	
411	168	765	  1	
411	187	765	  1	
412	372	765	  1	
413	160	765	  1	
414	148	765	  1	
414	176	765	  1	
414	213	765	  1	
414	251	765	  1	
415	184	765	  1	
415	191	765	  1	
415	263	765	  1	
415	520	765	  1	
416	  4	765	  1	
416	  8	765	  1	
416	 27	765	  1	
416	 38	765	  1	
416	 91	765	  1	
416	142	765	  1	
416	153	765	  1	
416	158	765	  1	
416	179	765	  1	
416	231	765	  1	
416	255	765	  1	
416	266	765	  1	
416	271	765	  1	
416	296	765	  1	
416	328	765	  1	
417	 96	765	  1	
419	  0	765	  1	
419	 32	765	  1	
419	128	765	  1	
419	224	765	  1	
419	319	765	  1	
421	139	765	  1	
421	427	765	  1	
422	 43	765	  1	
423	  8	765	  1	
424	 32	765	  1	
424	152	765	  1	
424	161	765	  1	
424	173	765	  1	
424	182	765	  1	
424	200	765	  1	
425	144	765	  1	
427	295	765	  1	
427	512	765	  1	
428	155	765	  1	
428	179	765	  1	
429	  8	765	  1	
429	 24	765	  1	
429	 67	765	  1	
429	168	765	  1	
430	188	765	  1	
430	288	765	  1	
431	162	765	  1	
431	383	765	  1	
432	  6	765	  1	
432	 42	765	  1	
432	 50	765	  1	
432	 58	765	  1	
432	 77	765	  1	
432	 93	765	  1	
432	136	765	  1	
432	141	765	  1	
432	173	765	  1	
432	311	765	  1	
432	344	765	  1	
434	 88	765	  1	
434	285	765	  1	
435	304	765	  1	
436	151	765	  1	
436	196	765	  1	
437	 38	765	  1	
437	139	765	  1	
438	 37	765	  1	
438	 94	765	  1	
438	247	765	  1	
439	 24	765	  1	
439	224	765	  1	
439	311	765	  1	
440	152	765	  1	
440	160	765	  1	
440	291	765	  1	
440	367	765	  1	
440	520	765	  1	
440	599	765	  1	
441	 24	765	  1	
442	184	765	  1	
442	188	765	  1	
443	 64	765	  1	
443	271	765	  1	
443	344	765	  1	
443	383	765	  1	
444	163	765	  1	
445	 80	765	  1	
445	 87	765	  1	
445	142	765	  1	
445	208	765	  1	
445	362	765	  1	
446	  0	765	  1	
446	 14	765	  1	
447	174	765	  1	
447	184	765	  1	
447	188	765	  1	
447	195	765	  1	
447	288	765	  1	
447	295	765	  1	
447	312	765	  1	
447	520	765	  1	
447	599	765	  1	
448	 40	765	  1	
448	 56	765	  1	
448	 70	765	  1	
448	144	765	  1	
448	214	765	  1	
448	271	765	  1	
448	280	765	  1	
448	343	765	  1	
448	442	765	  1	
449	135	765	  1	
450	 80	765	  1	
450	200	765	  1	
450	297	765	  1	
451	261	765	  1	
451	319	765	  1	
452	383	765	  1	
453	 84	765	  1	
453	187	765	  1	
453	211	765	  1	
454	207	765	  1	
455	 40	765	  1	
455	 56	765	  1	
455	271	765	  1	
455	288	765	  1	
455	312	765	  1	
455	338	765	  1	
455	344	765	  1	
456	 24	765	  1	
456	 31	765	  1	
456	 64	765	  1	
456	 71	765	  1	
456	128	765	  1	
456	202	765	  1	
456	208	765	  1	
456	232	765	  1	
456	272	765	  1	
456	328	765	  1	
456	360	765	  1	
458	238	765	  1	
458	278	765	  1	
459	335	765	  1	
459	520	765	  1	
461	 83	765	  1	
461	213	765	  1	
461	288	765	  1	
461	295	765	  1	
461	303	765	  1	
462	  7	765	  1	
462	232	765	  1	
462	251	765	  1	
462	272	765	  1	
463	 27	765	  1	
463	130	765	  1	
463	328	765	  1	
463	440	765	  1	
464	118	765	  1	
464	162	765	  1	
464	275	765	  1	
464	306	765	  1	
464	320	765	  1	
464	352	765	  1	
465	  0	765	  1	
465	 62	765	  1	
465	184	765	  1	
466	434	765	  1	
467	200	765	  1	
467	359	765	  1	
467	439	765	  1	
468	  6	765	  1	
469	256	765	  1	
469	288	765	  1	
470	 70	765	  1	
470	 77	765	  1	
470	206	765	  1	
470	315	765	  1	
471	 32	765	  1	
471	167	765	  1	
471	352	765	  1	
472	 10	765	  1	
472	 15	765	  1	
472	 80	765	  1	
472	128	765	  1	
472	178	765	  1	
472	195	765	  1	
472	216	765	  1	
472	264	765	  1	
472	298	765	  1	
472	331	765	  1	
473	 96	765	  1	
474	133	765	  1	
474	344	765	  1	
475	 64	765	  1	
475	248	765	  1	
475	263	765	  1	
475	272	765	  1	
475	304	765	  1	
476	  3	765	  1	
476	162	765	  1	
477	296	765	  1	
477	336	765	  1	
478	 10	765	  1	
478	128	765	  1	
478	181	765	  1	
479	 15	765	  1	
479	102	765	  1	
479	216	765	  1	
479	229	765	  1	
479	239	765	  1	
479	255	765	  1	
479	328	765	  1	
480	  5	765	  1	
480	 63	765	  1	
480	103	765	  1	
480	190	765	  1	
480	262	765	  1	
480	272	765	  1	
480	276	765	  1	
480	288	765	  1	
480	294	765	  1	
480	304	765	  1	
481	309	765	  1	
482	 72	765	  1	
483	 48	765	  1	
483	 53	765	  1	
483	 93	765	  1	
484	160	765	  1	
484	351	765	  1	
485	 27	765	  1	
485	259	765	  1	
485	291	765	  1	
486	167	765	  1	
487	 49	765	  1	
487	 58	765	  1	
487	304	765	  1	
488	 63	765	  1	
488	112	765	  1	
488	172	765	  1	
488	176	765	  1	
488	183	765	  1	
488	213	765	  1	
488	232	765	  1	
488	248	765	  1	
488	267	765	  1	
488	280	765	  1	
488	288	765	  1	
488	320	765	  1	
488	440	765	  1	
488	583	765	  1	
490	 40	765	  1	
490	 47	765	  1	
490	208	765	  1	
490	343	765	  1	
491	 56	765	  1	
491	199	765	  1	
491	246	765	  1	
491	368	765	  1	
492	168	765	  1	
493	 16	765	  1	
493	 31	765	  1	
493	239	765	  1	
493	291	765	  1	
494	175	765	  1	
494	214	765	  1	
494	360	765	  1	
495	 83	765	  1	
495	135	765	  1	
495	179	765	  1	
495	248	765	  1	
495	327	765	  1	
496	107	765	  1	
496	141	765	  1	
496	198	765	  1	
496	228	765	  1	
496	280	765	  1	
496	301	765	  1	
500	104	765	  1	
500	117	765	  1	
500	208	765	  1	
500	320	765	  1	
502	195	765	  1	
502	224	765	  1	
503	214	765	  1	
503	218	765	  1	
504	  8	765	  1	
504	 21	765	  1	
504	 40	765	  1	
504	169	765	  1	
504	256	765	  1	
504	272	765	  1	
504	276	765	  1	
504	295	765	  1	
504	320	765	  1	
504	325	765	  1	
504	336	765	  1	
504	342	765	  1	
504	390	765	  1	
506	108	765	  1	
506	144	765	  1	
506	184	765	  1	
506	261	765	  1	
507	 64	765	  1	
507	288	765	  1	
509	 46	765	  1	
509	189	765	  1	
509	296	765	  1	
509	339	765	  1	
510	115	765	  1	
510	159	765	  1	
510	170	765	  1	
510	215	765	  1	
510	276	765	  1	
510	388	765	  1	
511	256	765	  1	
512	 58	765	  1	
512	104	765	  1	
512	111	765	  1	
512	167	765	  1	
512	198	765	  1	
512	203	765	  1	
512	212	765	  1	
512	220	765	  1	
512	231	765	  1	
512	248	765	  1	
512	255	765	  1	
512	280	765	  1	
512	287	765	  1	
512	300	765	  1	
512	304	765	  1	
512	308	765	  1	
512	327	765	  1	
512	392	765	  1	
514	176	765	  1	
514	188	765	  1	
515	117	765	  1	
515	160	765	  1	
515	264	765	  1	
516	107	765	  1	
516	208	765	  1	
517	 56	765	  1	
517	 63	765	  1	
517	304	765	  1	
517	309	765	  1	
517	547	765	  1	
518	 16	765	  1	
518	 23	765	  1	
519	 34	765	  1	
519	167	765	  1	
519	200	765	  1	
519	283	765	  1	
520	 11	765	  1	
520	189	765	  1	
520	202	765	  1	
520	229	765	  1	
520	319	765	  1	
520	341	765	  1	
520	355	765	  1	
520	434	765	  1	
521	 94	765	  1	
521	143	765	  1	
523	296	765	  1	
525	 70	765	  1	
525	200	765	  1	
525	207	765	  1	
526	 39	765	  1	
526	140	765	  1	
526	143	765	  1	
527	 27	765	  1	
527	179	765	  1	
527	222	765	  1	
527	226	765	  1	
527	352	765	  1	
528	 83	765	  1	
528	107	765	  1	
528	233	765	  1	
528	259	765	  1	
528	328	765	  1	
528	344	765	  1	
528	350	765	  1	
529	152	765	  1	
530	 91	765	  1	
530	126	765	  1	
531	  8	765	  1	
532	116	765	  1	
533	112	765	  1	
533	294	765	  1	
533	384	765	  1	
534	120	765	  1	
534	341	765	  1	
534	356	765	  1	
535	 83	765	  1	
535	256	765	  1	
535	263	765	  1	
535	347	765	  1	
536	  0	765	  1	
536	  6	765	  1	
536	 18	765	  1	
536	 85	765	  1	
536	131	765	  1	
536	192	765	  1	
536	197	765	  1	
536	214	765	  1	
536	312	765	  1	
536	373	765	  1	
536	424	765	  1	
536	487	765	  1	
537	127	765	  1	
538	152	765	  1	
538	238	765	  1	
538	283	765	  1	
539	 46	765	  1	
539	176	765	  1	
539	255	765	  1	
539	391	765	  1	
541	  0	765	  1	
541	200	765	  1	
541	224	765	  1	
541	232	765	  1	
541	335	765	  1	
542	293	765	  1	
542	407	765	  1	
543	 95	765	  1	
543	135	765	  1	
543	184	765	  1	
543	214	765	  1	
543	238	765	  1	
543	376	765	  1	
544	 96	765	  1	
544	132	765	  1	
544	143	765	  1	
544	160	765	  1	
544	166	765	  1	
544	171	765	  1	
544	183	765	  1	
544	232	765	  1	
544	236	765	  1	
544	288	765	  1	
544	298	765	  1	
544	303	765	  1	
544	424	765	  1	
546	391	765	  1	
547	168	765	  1	
547	207	765	  1	
547	295	765	  1	
547	408	765	  1	
549	134	765	  1	
549	163	765	  1	
550	374	765	  1	
550	384	765	  1	
551	 24	765	  1	
551	 55	765	  1	
551	183	765	  1	
551	288	765	  1	
552	 72	765	  1	
552	131	765	  1	
552	138	765	  1	
552	142	765	  1	
552	176	765	  1	
552	304	765	  1	
552	322	765	  1	
553	 56	765	  1	
553	 79	765	  1	
554	104	765	  1	
555	191	765	  1	
555	200	765	  1	
556	 74	765	  1	
557	155	765	  1	
557	195	765	  1	
557	310	765	  1	
557	347	765	  1	
558	125	765	  1	
559	 79	765	  1	
559	110	765	  1	
559	135	765	  1	
559	160	765	  1	
560	 51	765	  1	
560	178	765	  1	
560	213	765	  1	
560	240	765	  1	
560	275	765	  1	
560	284	765	  1	
560	389	765	  1	
560	395	765	  1	
561	296	765	  1	
562	166	765	  1	
562	407	765	  1	
563	112	765	  1	
563	344	765	  1	
563	392	765	  1	
563	488	765	  1	
565	 88	765	  1	
565	128	765	  1	
565	287	765	  1	
566	119	765	  1	
566	160	765	  1	
567	 13	765	  1	
567	183	765	  1	
567	407	765	  1	
568	 32	765	  1	
568	 37	765	  1	
568	 78	765	  1	
568	112	765	  1	
568	136	765	  1	
568	224	765	  1	
568	269	765	  1	
568	283	765	  1	
568	296	765	  1	
568	302	765	  1	
568	368	765	  1	
568	400	765	  1	
568	416	765	  1	
568	426	765	  1	
568	544	765	  1	
569	 52	765	  1	
569	 65	765	  1	
570	142	765	  1	
570	393	765	  1	
573	 23	765	  1	
573	 76	765	  1	
573	104	765	  1	
573	275	765	  1	
573	299	765	  1	
574	136	765	  1	
574	236	765	  1	
575	352	765	  1	
576	  2	765	  1	
576	109	765	  1	
576	141	765	  1	
576	154	765	  1	
576	160	765	  1	
576	176	765	  1	
576	182	765	  1	
576	211	765	  1	
576	261	765	  1	
576	288	765	  1	
576	304	765	  1	
576	310	765	  1	
576	316	765	  1	
576	360	765	  1	
576	429	765	  1	
577	272	765	  1	
579	 80	765	  1	
579	372	765	  1	
579	399	765	  1	
579	519	765	  1	
580	202	765	  1	
581	104	765	  1	
581	152	765	  1	
581	159	765	  1	
581	175	765	  1	
581	179	765	  1	
581	207	765	  1	
581	224	765	  1	
582	431	765	  1	
583	 82	765	  1	
583	208	765	  1	
583	215	765	  1	
583	336	765	  1	
584	 35	765	  1	
584	 72	765	  1	
584	130	765	  1	
584	216	765	  1	
584	264	765	  1	
584	274	765	  1	
584	279	765	  1	
584	287	765	  1	
584	324	765	  1	
584	380	765	  1	
586	280	765	  1	
586	372	765	  1	
587	  4	765	  1	
587	311	765	  1	
588	150	765	  1	
589	128	765	  1	
589	135	765	  1	
589	222	765	  1	
589	331	765	  1	
590	180	765	  1	
590	272	765	  1	
590	277	765	  1	
591	109	765	  1	
591	287	765	  1	
591	341	765	  1	
591	554	765	  1	
592	118	765	  1	
592	168	765	  1	
592	192	765	  1	
592	231	765	  1	
592	240	765	  1	
592	256	765	  1	
592	268	765	  1	
592	312	765	  1	
592	346	765	  1	
594	246	765	  1	
594	262	765	  1	
594	288	765	  1	
594	375	765	  1	
595	 37	765	  1	
595	 80	765	  1	
595	390	765	  1	
595	439	765	  1	
597	222	765	  1	
597	302	765	  1	
598	256	765	  1	
598	269	765	  1	
599	 27	765	  1	
599	 96	765	  1	
599	111	765	  1	
599	192	765	  1	
599	227	765	  1	
599	244	765	  1	
599	346	765	  1	
599	432	765	  1	
600	  0	765	  1	
600	  7	765	  1	
600	 52	765	  1	
600	 63	765	  1	
600	 71	765	  1	
600	 92	765	  1	
600	104	765	  1	
600	207	765	  1	
600	277	765	  1	
600	296	765	  1	
600	306	765	  1	
600	328	765	  1	
600	365	765	  1	
600	368	765	  1	
600	383	765	  1	
600	400	765	  1	
602	108	765	  1	
603	127	765	  1	
603	175	765	  1	
603	200	765	  1	
603	272	765	  1	
604	 85	765	  1	
604	 90	765	  1	
604	289	765	  1	
605	208	765	  1	
605	215	765	  1	
605	248	765	  1	
606	157	765	  1	
606	240	765	  1	
606	331	765	  1	
607	  3	765	  1	
607	 52	765	  1	
607	 92	765	  1	
607	168	765	  1	
607	384	765	  1	
608	175	765	  1	
608	226	765	  1	
608	278	765	  1	
608	323	765	  1	
610	208	765	  1	
610	416	765	  1	
611	  0	765	  1	
611	168	765	  1	
611	264	765	  1	
611	311	765	  1	
611	375	765	  1	
613	214	765	  1	
613	222	765	  1	
613	231	765	  1	
613	298	765	  1	
613	426	765	  1	
614	154	765	  1	
615	175	765	  1	
615	208	765	  1	
615	320	765	  1	
616	  8	765	  1	
616	 24	765	  1	
616	 31	765	  1	
616	130	765	  1	
616	256	765	  1	
616	279	765	  1	
616	285	765	  1	
616	318	765	  1	
616	364	765	  1	
616	380	765	  1	
616	455	765	  1	
618	168	765	  1	
618	571	765	  1	
620	243	765	  1	
620	275	765	  1	
621	214	765	  1	
621	262	765	  1	
621	280	765	  1	
622	316	765	  1	
622	333	765	  1	
623	128	765	  1	
623	172	765	  1	
623	237	765	  1	
624	112	765	  1	
624	117	765	  1	
624	168	765	  1	
624	200	765	  1	
624	207	765	  1	
624	210	765	  1	
624	291	765	  1	
624	328	765	  1	
624	439	765	  1	
626	  0	765	  1	
626	560	765	  1	
627	119	765	  1	
628	138	765	  1	
628	288	765	  1	
628	295	765	  1	
628	344	765	  1	
629	264	765	  1	
631	150	765	  1	
631	168	765	  1	
631	544	765	  1	
632	208	765	  1	
632	315	765	  1	
632	376	765	  1	
632	399	765	  1	
632	428	765	  1	
633	584	765	  1	
635	392	765	  1	
638	 35	765	  1	
639	133	765	  1	
639	399	765	  1	
639	591	765	  1	
640	 40	765	  1	
640	 48	765	  1	
640	 63	765	  1	
640	 79	765	  1	
640	232	765	  1	
640	287	765	  1	
640	320	765	  1	
640	327	765	  1	
640	343	765	  1	
640	375	765	  1	
640	400	765	  1	
641	296	765	  1	
641	301	765	  1	
641	336	765	  1	
644	112	765	  1	
644	343	765	  1	
647	 48	765	  1	
647	400	765	  1	
647	487	765	  1	
648	144	765	  1	
648	519	765	  1	
650	210	765	  1	
651	280	765	  1	
651	323	765	  1	
651	416	765	  1	
652	426	765	  1	
653	288	765	  1	
655	261	765	  1	
656	168	765	  1	
659	 79	765	  1	
663	 72	765	  1	
663	212	765	  1	
663	416	765	  1	
664	187	765	  1	
664	192	765	  1	
664	216	765	  1	
665	199	765	  1	
666	363	765	  1	
667	  8	765	  1	
667	168	765	  1	
667	208	765	  1	
667	255	765	  1	
671	187	765	  1	
671	195	765	  1	
672	215	765	  1	
672	254	765	  1	
674	 71	765	  1	
674	120	765	  1	
677	127	765	  1	
679	192	765	  1	
679	251	765	  1	
679	304	765	  1	
680	174	765	  1	
680	205	765	  1	
680	474	765	  1	
683	384	765	  1	
686	130	765	  1	
688	454	765	  1	
693	 95	765	  1	
694	195	765	  1	
696	291	765	  1	
698	224	765	  1	
698	255	765	  1	
702	412	765	  1	
704	112	765	  1	
704	139	765	  1	
704	144	765	  1	
708	 80	765	  1	
730	283	765	  1	
742	  8	765	  1	
750	 20	765	  1	
