# 
#  Image file: Goad2_T0183.jpg
#  Applied threshold: 575
#  Algorithm used: fill2                 
#  Particle count: 1785
#  Location (x,y), max luminance, and mass:
# 
  4	232	765	  1	
  5	304	765	  1	
  6	400	765	  1	
  7	343	765	  1	
  8	351	765	  1	
 12	143	765	  1	
 15	223	765	  1	
 15	288	765	  1	
 20	350	765	  1	
 24	152	765	  1	
 25	208	765	  1	
 28	385	765	  1	
 32	 80	765	  1	
 32	136	765	  1	
 33	155	765	  1	
 35	281	765	  1	
 36	214	765	  1	
 36	398	765	  1	
 39	 94	765	  1	
 46	510	765	  1	
 48	128	765	  1	
 50	 96	765	  1	
 50	362	765	  1	
 55	 89	765	  1	
 56	155	765	  1	
 56	543	765	  1	
 58	307	765	  1	
 63	 80	765	  1	
 63	103	765	  1	
 63	155	765	  1	
 64	100	765	  1	
 66	 68	765	  1	
 67	144	765	  1	
 71	 68	765	  1	
 71	304	765	  1	
 72	530	765	  1	
 79	171	765	  1	
 80	335	765	  1	
 83	160	765	  1	
 83	359	765	  1	
 84	343	765	  1	
 87	166	765	  1	
 94	152	765	  1	
 96	258	765	  1	
 96	296	765	  1	
 96	328	765	  1	
 96	335	765	  1	
 96	383	765	  1	
 99	303	765	  1	
101	 90	765	  1	
102	103	765	  1	
102	311	765	  1	
103	296	765	  1	
103	331	765	  1	
103	383	765	  1	
104	104	765	  1	
104	150	765	  1	
104	295	765	  1	
104	312	765	  1	
104	363	765	  1	
106	111	765	  1	
107	255	765	  1	
107	288	765	  1	
109	314	765	  1	
109	347	765	  1	
110	148	765	  1	
111	138	765	  1	
111	295	765	  1	
111	360	765	  1	
111	367	765	  1	
112	151	765	  1	
112	157	765	  1	
112	176	765	  1	
112	180	765	  1	
112	304	765	  1	
112	335	765	  1	
112	440	765	  1	
114	208	765	  1	
114	354	765	  1	
115	144	765	  1	
115	328	765	  1	
115	359	765	  1	
116	192	765	  1	
116	384	765	  1	
117	119	765	  1	
118	339	765	  1	
119	140	765	  1	
119	151	765	  1	
119	178	765	  1	
119	197	765	  1	
119	304	765	  1	
119	335	765	  1	
120	 90	765	  1	
120	134	765	  1	
120	152	765	  1	
120	256	765	  1	
120	285	765	  1	
120	437	765	  1	
122	128	765	  1	
122	389	765	  1	
123	 44	765	  1	
123	112	765	  1	
124	164	765	  1	
124	211	765	  1	
124	400	765	  1	
125	  7	765	  1	
126	 80	765	  1	
126	 87	765	  1	
126	155	765	  1	
127	 95	765	  1	
127	132	765	  1	
127	220	765	  1	
127	264	765	  1	
128	 52	765	  1	
128	122	765	  1	
128	136	765	  1	
128	143	765	  1	
128	146	765	  1	
128	168	765	  1	
128	263	765	  1	
128	311	765	  1	
128	427	765	  1	
128	511	765	  1	
128	519	765	  1	
130	432	765	  1	
131	151	765	  1	
131	175	765	  1	
131	231	765	  1	
131	304	765	  1	
132	120	765	  1	
132	564	765	  1	
133	384	765	  1	
134	145	765	  1	
134	223	765	  1	
135	139	765	  1	
135	168	765	  1	
135	311	765	  1	
135	424	765	  1	
136	141	765	  1	
136	288	765	  1	
136	295	765	  1	
136	368	765	  1	
138	375	765	  1	
138	594	765	  1	
139	307	765	  1	
140	263	765	  1	
141	106	765	  1	
141	111	765	  1	
143	291	765	  1	
143	370	765	  1	
143	426	765	  1	
144	135	765	  1	
144	299	765	  1	
144	328	765	  1	
144	379	765	  1	
144	472	765	  1	
145	168	765	  1	
147	128	765	  1	
147	264	765	  1	
148	188	765	  1	
148	375	765	  1	
149	171	765	  1	
150	183	765	  1	
151	135	765	  1	
151	296	765	  1	
151	303	765	  1	
151	376	765	  1	
151	383	765	  1	
152	120	765	  1	
152	126	765	  1	
152	141	765	  1	
152	171	765	  1	
152	210	765	  1	
152	368	765	  1	
152	387	765	  1	
154	136	765	  1	
155	160	765	  1	
156	375	765	  1	
158	142	765	  1	
158	216	765	  1	
159	131	765	  1	
159	191	765	  1	
159	384	765	  1	
159	391	765	  1	
159	458	765	  1	
159	560	765	  1	
160	  8	765	  1	
160	 80	765	  1	
160	 95	765	  1	
160	104	765	  1	
160	144	765	  1	
160	179	765	  1	
160	226	765	  1	
160	255	765	  1	
160	383	765	  1	
161	384	765	  1	
163	 15	765	  1	
163	112	765	  1	
164	261	765	  1	
165	144	765	  1	
165	152	765	  1	
165	163	765	  1	
166	176	765	  1	
166	183	765	  1	
166	400	765	  1	
167	  8	765	  1	
167	208	765	  1	
167	231	765	  1	
167	376	765	  1	
168	 90	765	  1	
168	168	765	  1	
168	192	765	  1	
168	325	765	  1	
171	 48	765	  1	
171	176	765	  1	
171	261	765	  1	
173	 88	765	  1	
173	 95	765	  1	
173	224	765	  1	
173	231	765	  1	
174	279	765	  1	
175	271	765	  1	
175	468	765	  1	
176	  3	765	  1	
176	135	765	  1	
176	193	765	  1	
176	200	765	  1	
176	291	765	  1	
177	199	765	  1	
178	128	765	  1	
178	471	765	  1	
179	355	765	  1	
180	193	765	  1	
180	227	765	  1	
181	271	765	  1	
183	  0	765	  1	
183	  7	765	  1	
183	135	765	  1	
183	199	765	  1	
183	288	765	  1	
183	295	765	  1	
184	100	765	  1	
184	125	765	  1	
184	168	765	  1	
184	245	765	  1	
184	304	765	  1	
184	598	765	  1	
187	 96	765	  1	
187	136	765	  1	
187	294	765	  1	
187	311	765	  1	
188	200	765	  1	
189	110	765	  1	
189	120	765	  1	
189	296	765	  1	
189	472	765	  1	
190	246	765	  1	
190	376	765	  1	
192	 99	765	  1	
192	107	765	  1	
192	115	765	  1	
192	146	765	  1	
192	160	765	  1	
192	166	765	  1	
192	181	765	  1	
192	192	765	  1	
192	199	765	  1	
192	245	765	  1	
192	335	765	  1	
194	 79	765	  1	
194	142	765	  1	
194	276	765	  1	
195	168	765	  1	
195	240	765	  1	
195	328	765	  1	
197	151	765	  1	
197	163	765	  1	
197	176	765	  1	
198	  6	765	  1	
198	110	765	  1	
199	335	765	  1	
200	117	765	  1	
200	143	765	  1	
200	152	765	  1	
200	174	765	  1	
200	184	765	  1	
200	191	765	  1	
200	200	765	  1	
200	215	765	  1	
200	217	765	  1	
200	336	765	  1	
200	376	765	  1	
200	387	765	  1	
200	419	765	  1	
200	444	765	  1	
201	208	765	  1	
202	168	765	  1	
203	232	765	  1	
203	383	765	  1	
204	184	765	  1	
205	126	765	  1	
205	174	765	  1	
205	237	765	  1	
205	576	765	  1	
206	 63	765	  1	
206	223	765	  1	
206	450	765	  1	
207	171	765	  1	
207	200	765	  1	
207	376	765	  1	
207	384	765	  1	
207	391	765	  1	
208	 36	765	  1	
208	 88	765	  1	
208	179	765	  1	
208	240	765	  1	
208	288	765	  1	
209	295	765	  1	
211	160	765	  1	
211	223	765	  1	
212	319	765	  1	
213	 32	765	  1	
213	184	765	  1	
213	200	765	  1	
214	211	765	  1	
214	413	765	  1	
215	240	765	  1	
215	290	765	  1	
216	 38	765	  1	
216	125	765	  1	
216	132	765	  1	
216	152	765	  1	
216	192	765	  1	
216	221	765	  1	
216	268	765	  1	
216	324	765	  1	
216	344	765	  1	
216	373	765	  1	
216	387	765	  1	
216	418	765	  1	
216	423	765	  1	
216	490	765	  1	
217	 47	765	  1	
218	 72	765	  1	
219	 89	765	  1	
219	432	765	  1	
221	168	765	  1	
221	200	765	  1	
221	214	765	  1	
221	303	765	  1	
221	450	765	  1	
221	495	765	  1	
222	 23	765	  1	
222	512	765	  1	
222	519	765	  1	
223	135	765	  1	
223	192	765	  1	
223	344	765	  1	
223	440	765	  1	
223	571	765	  1	
224	 36	765	  1	
224	 47	765	  1	
224	 52	765	  1	
224	 96	765	  1	
224	103	765	  1	
224	276	765	  1	
224	392	765	  1	
224	545	765	  1	
226	136	765	  1	
227	 32	765	  1	
227	416	765	  1	
228	122	765	  1	
229	131	765	  1	
229	160	765	  1	
229	191	765	  1	
229	247	765	  1	
229	406	765	  1	
230	 85	765	  1	
230	142	765	  1	
231	 36	765	  1	
231	 99	765	  1	
231	544	765	  1	
232	 96	765	  1	
232	103	765	  1	
232	136	765	  1	
232	205	765	  1	
232	231	765	  1	
232	375	765	  1	
232	408	765	  1	
232	412	765	  1	
232	440	765	  1	
234	142	765	  1	
235	531	765	  1	
236	125	765	  1	
237	184	765	  1	
237	200	765	  1	
237	331	765	  1	
237	432	765	  1	
238	136	765	  1	
238	179	765	  1	
239	 99	765	  1	
239	115	765	  1	
239	311	765	  1	
240	 16	765	  1	
240	125	765	  1	
240	346	765	  1	
240	392	765	  1	
240	424	765	  1	
240	444	765	  1	
241	299	765	  1	
242	487	765	  1	
243	220	765	  1	
244	472	765	  1	
244	480	765	  1	
245	 88	765	  1	
245	136	765	  1	
245	176	765	  1	
245	430	765	  1	
246	 16	765	  1	
246	127	765	  1	
247	122	765	  1	
247	306	765	  1	
247	392	765	  1	
247	485	765	  1	
248	 56	765	  1	
248	149	765	  1	
248	160	765	  1	
248	170	765	  1	
248	182	765	  1	
248	203	765	  1	
248	276	765	  1	
248	349	765	  1	
248	396	765	  1	
248	421	765	  1	
248	455	765	  1	
248	458	765	  1	
248	592	765	  1	
250	167	765	  1	
250	186	765	  1	
250	392	765	  1	
250	397	765	  1	
251	 24	765	  1	
251	126	765	  1	
251	464	765	  1	
253	  4	765	  1	
253	104	765	  1	
253	179	765	  1	
253	384	765	  1	
253	408	765	  1	
253	563	765	  1	
254	316	765	  1	
254	453	765	  1	
254	478	765	  1	
254	484	765	  1	
254	599	765	  1	
255	276	765	  1	
255	304	765	  1	
255	399	765	  1	
256	 13	765	  1	
256	 21	765	  1	
256	 88	765	  1	
256	134	765	  1	
256	152	765	  1	
256	214	765	  1	
256	222	765	  1	
256	360	765	  1	
256	367	765	  1	
256	391	765	  1	
256	416	765	  1	
256	464	765	  1	
256	590	765	  1	
257	 99	765	  1	
258	111	765	  1	
258	128	765	  1	
258	192	765	  1	
258	207	765	  1	
258	262	765	  1	
258	327	765	  1	
258	469	765	  1	
259	 80	765	  1	
259	118	765	  1	
259	202	765	  1	
259	448	765	  1	
261	  8	765	  1	
261	208	765	  1	
262	 16	765	  1	
262	220	765	  1	
262	528	765	  1	
262	535	765	  1	
263	106	765	  1	
263	192	765	  1	
263	244	765	  1	
263	360	765	  1	
263	367	765	  1	
263	416	765	  1	
263	455	765	  1	
263	464	765	  1	
263	563	765	  1	
264	 54	765	  1	
264	 63	765	  1	
264	 91	765	  1	
264	127	765	  1	
264	277	765	  1	
264	434	765	  1	
264	468	765	  1	
264	480	765	  1	
265	288	765	  1	
267	444	765	  1	
268	272	765	  1	
268	391	765	  1	
268	404	765	  1	
269	 75	765	  1	
269	300	765	  1	
269	350	765	  1	
269	363	765	  1	
269	469	765	  1	
269	527	765	  1	
270	 52	765	  1	
270	104	765	  1	
270	111	765	  1	
270	122	765	  1	
270	336	765	  1	
270	415	765	  1	
270	532	765	  1	
271	 59	765	  1	
271	144	765	  1	
271	439	765	  1	
271	488	765	  1	
272	 85	765	  1	
272	132	765	  1	
272	142	765	  1	
272	163	765	  1	
272	184	765	  1	
272	191	765	  1	
272	208	765	  1	
272	224	765	  1	
272	228	765	  1	
272	232	765	  1	
272	309	765	  1	
272	330	765	  1	
272	373	765	  1	
272	472	765	  1	
272	478	765	  1	
274	168	765	  1	
274	213	765	  1	
274	408	765	  1	
274	422	765	  1	
274	428	765	  1	
275	303	765	  1	
275	360	765	  1	
276	 50	765	  1	
276	522	765	  1	
276	527	765	  1	
277	104	765	  1	
277	331	765	  1	
277	415	765	  1	
277	475	765	  1	
278	139	765	  1	
278	208	765	  1	
278	416	765	  1	
278	424	765	  1	
279	174	765	  1	
279	187	765	  1	
279	560	765	  1	
280	 93	765	  1	
280	112	765	  1	
280	123	765	  1	
280	143	765	  1	
280	218	765	  1	
280	223	765	  1	
280	242	765	  1	
280	280	765	  1	
280	312	765	  1	
280	325	765	  1	
280	343	765	  1	
280	366	765	  1	
280	400	765	  1	
280	423	765	  1	
280	437	765	  1	
280	464	765	  1	
280	512	765	  1	
280	520	765	  1	
283	  8	765	  1	
283	213	765	  1	
283	256	765	  1	
283	336	765	  1	
283	359	765	  1	
283	408	765	  1	
283	440	765	  1	
284	312	765	  1	
285	111	765	  1	
285	138	765	  1	
285	200	765	  1	
285	432	765	  1	
286	151	765	  1	
287	103	765	  1	
287	173	765	  1	
287	245	765	  1	
287	343	765	  1	
287	512	765	  1	
288	 16	765	  1	
288	 23	765	  1	
288	 86	765	  1	
288	117	765	  1	
288	226	765	  1	
288	290	765	  1	
288	328	765	  1	
288	348	765	  1	
288	384	765	  1	
288	400	765	  1	
288	440	765	  1	
288	467	765	  1	
289	215	765	  1	
290	 88	765	  1	
290	142	765	  1	
290	357	765	  1	
290	502	765	  1	
291	 19	765	  1	
291	106	765	  1	
291	405	765	  1	
292	 80	765	  1	
292	150	765	  1	
293	 72	765	  1	
293	 83	765	  1	
293	168	765	  1	
293	312	765	  1	
293	344	765	  1	
294	 24	765	  1	
294	 28	765	  1	
294	 95	765	  1	
294	496	765	  1	
295	 16	765	  1	
295	136	765	  1	
295	464	765	  1	
295	471	765	  1	
295	501	765	  1	
296	  8	765	  1	
296	 96	765	  1	
296	109	765	  1	
296	127	765	  1	
296	148	765	  1	
296	165	765	  1	
296	197	765	  1	
296	219	765	  1	
296	232	765	  1	
296	250	765	  1	
296	295	765	  1	
296	299	765	  1	
296	424	765	  1	
296	440	765	  1	
296	467	765	  1	
296	523	765	  1	
297	429	765	  1	
298	192	765	  1	
299	104	765	  1	
300	350	765	  1	
301	304	765	  1	
302	198	765	  1	
302	344	765	  1	
302	493	765	  1	
303	223	765	  1	
303	464	765	  1	
303	471	765	  1	
304	 43	765	  1	
304	 48	765	  1	
304	 72	765	  1	
304	 79	765	  1	
304	 98	765	  1	
304	333	765	  1	
304	432	765	  1	
304	439	765	  1	
304	480	765	  1	
304	535	765	  1	
305	284	765	  1	
306	  0	765	  1	
307	384	765	  1	
307	435	765	  1	
307	487	765	  1	
307	528	765	  1	
308	230	765	  1	
309	 16	765	  1	
309	168	765	  1	
309	184	765	  1	
309	304	765	  1	
309	319	765	  1	
309	344	765	  1	
309	356	765	  1	
310	  5	765	  1	
310	224	765	  1	
310	256	765	  1	
311	 40	765	  1	
311	 47	765	  1	
311	 75	765	  1	
311	143	765	  1	
311	432	765	  1	
311	439	765	  1	
311	480	765	  1	
311	535	765	  1	
312	 80	765	  1	
312	109	765	  1	
312	167	765	  1	
312	205	765	  1	
312	215	765	  1	
312	232	765	  1	
312	238	765	  1	
312	244	765	  1	
312	320	765	  1	
312	424	765	  1	
312	456	765	  1	
312	523	765	  1	
315	 24	765	  1	
315	 96	765	  1	
315	208	765	  1	
315	240	765	  1	
315	264	765	  1	
315	268	765	  1	
315	286	765	  1	
315	360	765	  1	
315	431	765	  1	
315	508	765	  1	
316	  2	765	  1	
317	136	765	  1	
317	184	765	  1	
317	191	765	  1	
317	200	765	  1	
317	339	765	  1	
317	520	765	  1	
318	155	765	  1	
318	245	765	  1	
318	496	765	  1	
319	 43	765	  1	
319	320	765	  1	
319	424	765	  1	
320	 10	765	  1	
320	 15	765	  1	
320	 20	765	  1	
320	 27	765	  1	
320	 51	765	  1	
320	 69	765	  1	
320	160	765	  1	
320	174	765	  1	
320	235	765	  1	
320	280	765	  1	
320	312	765	  1	
320	370	765	  1	
320	391	765	  1	
320	462	765	  1	
320	544	765	  1	
323	 61	765	  1	
323	206	765	  1	
323	300	765	  1	
325	187	765	  1	
325	283	765	  1	
325	288	765	  1	
325	336	765	  1	
325	343	765	  1	
325	368	765	  1	
325	375	765	  1	
325	386	765	  1	
326	224	765	  1	
326	232	765	  1	
326	239	765	  1	
326	448	765	  1	
326	471	765	  1	
327	 24	765	  1	
327	 31	765	  1	
327	504	765	  1	
328	  0	765	  1	
328	 56	765	  1	
328	144	765	  1	
328	149	765	  1	
328	221	765	  1	
328	245	765	  1	
328	262	765	  1	
328	352	765	  1	
328	381	765	  1	
328	496	765	  1	
328	503	765	  1	
329	258	765	  1	
330	 62	765	  1	
330	184	765	  1	
330	216	765	  1	
330	376	765	  1	
331	120	765	  1	
331	168	765	  1	
331	440	765	  1	
331	455	765	  1	
332	107	765	  1	
332	362	765	  1	
333	  8	765	  1	
333	142	765	  1	
333	414	765	  1	
333	480	765	  1	
334	 56	765	  1	
334	174	765	  1	
334	190	765	  1	
334	382	765	  1	
335	447	765	  1	
335	456	765	  1	
335	475	765	  1	
336	  0	765	  1	
336	  6	765	  1	
336	 19	765	  1	
336	 29	765	  1	
336	 48	765	  1	
336	 55	765	  1	
336	 96	765	  1	
336	203	765	  1	
336	216	765	  1	
336	248	765	  1	
336	253	765	  1	
336	264	765	  1	
336	272	765	  1	
336	280	765	  1	
336	368	765	  1	
336	374	765	  1	
336	519	765	  1	
338	 72	765	  1	
338	 79	765	  1	
339	232	765	  1	
339	464	765	  1	
340	254	765	  1	
340	407	765	  1	
341	  3	765	  1	
341	208	765	  1	
341	416	765	  1	
341	544	765	  1	
342	112	765	  1	
342	267	765	  1	
342	400	765	  1	
342	524	765	  1	
343	 96	765	  1	
343	200	765	  1	
343	272	765	  1	
343	456	765	  1	
344	 18	765	  1	
344	 41	765	  1	
344	 64	765	  1	
344	 81	765	  1	
344	 86	765	  1	
344	119	765	  1	
344	127	765	  1	
344	144	765	  1	
344	160	765	  1	
344	224	765	  1	
344	344	765	  1	
344	357	765	  1	
344	408	765	  1	
344	471	765	  1	
346	122	765	  1	
347	136	765	  1	
347	232	765	  1	
347	376	765	  1	
348	 99	765	  1	
348	350	765	  1	
349	 16	765	  1	
349	 23	765	  1	
349	230	765	  1	
350	114	765	  1	
350	469	765	  1	
351	326	765	  1	
352	  0	765	  1	
352	 39	765	  1	
352	 60	765	  1	
352	155	765	  1	
352	168	765	  1	
352	208	765	  1	
352	216	765	  1	
352	240	765	  1	
352	248	765	  1	
352	255	765	  1	
352	262	765	  1	
352	338	765	  1	
352	344	765	  1	
352	360	765	  1	
352	404	765	  1	
352	443	765	  1	
353	 16	765	  1	
353	 31	765	  1	
353	 96	765	  1	
353	231	765	  1	
354	400	765	  1	
355	410	765	  1	
356	256	765	  1	
357	  3	765	  1	
357	 63	765	  1	
357	182	765	  1	
357	352	765	  1	
357	447	765	  1	
358	 96	765	  1	
358	119	765	  1	
358	168	765	  1	
358	175	765	  1	
358	271	765	  1	
358	376	765	  1	
359	 39	765	  1	
359	 48	765	  1	
359	112	765	  1	
359	251	765	  1	
360	 64	765	  1	
360	 70	765	  1	
360	111	765	  1	
360	144	765	  1	
360	157	765	  1	
360	263	765	  1	
360	287	765	  1	
360	452	765	  1	
361	348	765	  1	
362	149	765	  1	
362	448	765	  1	
363	 24	765	  1	
363	 96	765	  1	
363	240	765	  1	
363	280	765	  1	
363	567	765	  1	
364	363	765	  1	
365	  0	765	  1	
365	288	765	  1	
365	371	765	  1	
365	452	765	  1	
366	 29	765	  1	
366	 56	765	  1	
366	176	765	  1	
366	256	765	  1	
366	407	765	  1	
367	 67	765	  1	
367	111	765	  1	
367	271	765	  1	
368	 37	765	  1	
368	 59	765	  1	
368	 63	765	  1	
368	 71	765	  1	
368	 87	765	  1	
368	189	765	  1	
368	232	765	  1	
368	264	765	  1	
368	333	765	  1	
368	377	765	  1	
368	392	765	  1	
368	447	765	  1	
368	459	765	  1	
370	 48	765	  1	
370	 82	765	  1	
370	 96	765	  1	
370	237	765	  1	
371	  6	765	  1	
371	344	765	  1	
371	426	765	  1	
372	 24	765	  1	
372	 71	765	  1	
373	 32	765	  1	
373	 55	765	  1	
373	232	765	  1	
373	523	765	  1	
373	539	765	  1	
374	  0	765	  1	
374	102	765	  1	
375	 40	765	  1	
375	 48	765	  1	
375	 64	765	  1	
375	267	765	  1	
375	447	765	  1	
376	  8	765	  1	
376	 22	765	  1	
376	 43	765	  1	
376	 82	765	  1	
376	402	765	  1	
376	407	765	  1	
376	568	765	  1	
378	312	765	  1	
379	 16	765	  1	
379	336	765	  1	
379	371	765	  1	
379	376	765	  1	
381	 59	765	  1	
381	399	765	  1	
382	111	765	  1	
383	 48	765	  1	
383	 55	765	  1	
383	223	765	  1	
384	  0	765	  1	
384	133	765	  1	
384	136	765	  1	
384	269	765	  1	
384	336	765	  1	
384	357	765	  1	
384	496	765	  1	
385	109	765	  1	
386	141	765	  1	
386	320	765	  1	
386	335	765	  1	
387	 72	765	  1	
387	 80	765	  1	
387	127	765	  1	
387	192	765	  1	
388	235	765	  1	
389	 40	765	  1	
389	 90	765	  1	
389	 95	765	  1	
390	121	765	  1	
390	464	765	  1	
390	471	765	  1	
391	  0	765	  1	
391	136	765	  1	
391	320	765	  1	
392	 30	765	  1	
392	154	765	  1	
392	391	765	  1	
392	480	765	  1	
394	 91	765	  1	
395	 24	765	  1	
395	384	765	  1	
397	 20	765	  1	
397	 80	765	  1	
397	326	765	  1	
398	 31	765	  1	
398	256	765	  1	
399	391	765	  1	
400	 37	765	  1	
400	 43	765	  1	
400	119	765	  1	
400	136	765	  1	
400	147	765	  1	
400	166	765	  1	
400	208	765	  1	
400	240	765	  1	
400	343	765	  1	
400	346	765	  1	
400	407	765	  1	
400	440	765	  1	
400	520	765	  1	
401	489	765	  1	
402	140	765	  1	
403	 47	765	  1	
403	215	765	  1	
403	222	765	  1	
403	379	765	  1	
403	400	765	  1	
404	200	765	  1	
405	 24	765	  1	
405	131	765	  1	
405	151	765	  1	
405	328	765	  1	
406	157	765	  1	
406	207	765	  1	
406	216	765	  1	
407	119	765	  1	
407	139	765	  1	
407	240	765	  1	
407	348	765	  1	
407	407	765	  1	
408	  7	765	  1	
408	 22	765	  1	
408	 40	765	  1	
408	 61	765	  1	
408	 72	765	  1	
408	 95	765	  1	
408	101	765	  1	
408	144	765	  1	
408	312	765	  1	
410	 46	765	  1	
410	136	765	  1	
411	179	765	  1	
411	382	765	  1	
412	  8	765	  1	
413	 22	765	  1	
413	 56	765	  1	
413	150	765	  1	
414	120	765	  1	
414	423	765	  1	
415	 88	765	  1	
415	342	765	  1	
415	511	765	  1	
416	 16	765	  1	
416	 39	765	  1	
416	 52	765	  1	
416	 69	765	  1	
416	111	765	  1	
416	192	765	  1	
416	203	765	  1	
416	319	765	  1	
416	336	765	  1	
416	351	765	  1	
416	456	765	  1	
417	 43	765	  1	
418	 48	765	  1	
418	104	765	  1	
419	 21	765	  1	
419	 29	765	  1	
419	343	765	  1	
420	295	765	  1	
421	207	765	  1	
423	 39	765	  1	
423	 48	765	  1	
423	 81	765	  1	
423	111	765	  1	
423	351	765	  1	
423	427	765	  1	
424	 35	765	  1	
424	 50	765	  1	
424	 99	765	  1	
424	114	765	  1	
424	131	765	  1	
424	136	765	  1	
424	144	765	  1	
424	153	765	  1	
424	165	765	  1	
424	192	765	  1	
424	230	765	  1	
424	274	765	  1	
424	288	765	  1	
424	348	765	  1	
424	429	765	  1	
424	519	765	  1	
425	  0	765	  1	
425	223	765	  1	
426	 64	765	  1	
426	142	765	  1	
426	372	765	  1	
427	104	765	  1	
427	111	765	  1	
427	160	765	  1	
427	239	765	  1	
427	292	765	  1	
429	 56	765	  1	
429	120	765	  1	
429	124	765	  1	
430	 29	765	  1	
430	136	765	  1	
430	152	765	  1	
430	193	765	  1	
430	246	765	  1	
430	256	765	  1	
431	217	765	  1	
431	223	765	  1	
431	343	765	  1	
432	 77	765	  1	
432	114	765	  1	
432	143	765	  1	
432	168	765	  1	
432	178	765	  1	
432	208	765	  1	
432	226	765	  1	
432	239	765	  1	
432	254	765	  1	
432	350	765	  1	
432	526	765	  1	
435	105	765	  1	
435	237	765	  1	
435	352	765	  1	
436	375	765	  1	
437	 72	765	  1	
437	115	765	  1	
437	120	765	  1	
437	216	765	  1	
437	344	765	  1	
438	199	765	  1	
439	195	765	  1	
439	226	765	  1	
439	239	765	  1	
439	254	765	  1	
440	 35	765	  1	
440	 54	765	  1	
440	 67	765	  1	
440	 93	765	  1	
440	112	765	  1	
440	139	765	  1	
440	146	765	  1	
440	167	765	  1	
440	200	765	  1	
440	207	765	  1	
440	288	765	  1	
440	424	765	  1	
441	151	765	  1	
442	119	765	  1	
443	  7	765	  1	
443	 40	765	  1	
443	160	765	  1	
443	208	765	  1	
443	223	765	  1	
444	 20	765	  1	
445	115	765	  1	
445	136	765	  1	
445	224	765	  1	
446	 14	765	  1	
446	147	765	  1	
446	184	765	  1	
447	167	765	  1	
447	203	765	  1	
447	288	765	  1	
447	527	765	  1	
448	  3	765	  1	
448	 32	765	  1	
448	 39	765	  1	
448	 69	765	  1	
448	 76	765	  1	
448	 80	765	  1	
448	 91	765	  1	
448	107	765	  1	
448	162	765	  1	
448	242	765	  1	
448	261	765	  1	
448	296	765	  1	
448	336	765	  1	
448	342	765	  1	
450	 64	765	  1	
450	 73	765	  1	
451	 92	765	  1	
452	 83	765	  1	
452	359	765	  1	
453	 95	765	  1	
453	124	765	  1	
453	256	765	  1	
453	428	765	  1	
454	 70	765	  1	
455	 35	765	  1	
455	155	765	  1	
456	  9	765	  1	
456	 16	765	  1	
456	 75	765	  1	
456	114	765	  1	
456	191	765	  1	
456	205	765	  1	
456	270	765	  1	
456	285	765	  1	
456	296	765	  1	
456	303	765	  1	
456	320	765	  1	
456	350	765	  1	
456	367	765	  1	
456	384	765	  1	
456	391	765	  1	
458	264	765	  1	
459	 56	765	  1	
459	152	765	  1	
459	184	765	  1	
459	240	765	  1	
459	360	765	  1	
460	  0	765	  1	
461	 40	765	  1	
461	 64	765	  1	
461	 71	765	  1	
461	169	765	  1	
461	287	765	  1	
462	 10	765	  1	
463	 78	765	  1	
463	 83	765	  1	
463	191	765	  1	
463	282	765	  1	
463	299	765	  1	
463	367	765	  1	
463	387	765	  1	
464	 19	765	  1	
464	 53	765	  1	
464	 89	765	  1	
464	161	765	  1	
464	175	765	  1	
464	192	765	  1	
464	237	765	  1	
464	253	765	  1	
464	275	765	  1	
464	390	765	  1	
464	507	765	  1	
466	 64	765	  1	
466	199	765	  1	
467	 15	765	  1	
469	171	765	  1	
469	216	765	  1	
469	272	765	  1	
470	192	765	  1	
470	287	765	  1	
471	237	765	  1	
472	  8	765	  1	
472	 48	765	  1	
472	166	765	  1	
472	175	765	  1	
472	223	765	  1	
472	256	765	  1	
472	288	765	  1	
472	307	765	  1	
472	336	765	  1	
472	345	765	  1	
472	423	765	  1	
472	432	765	  1	
472	512	765	  1	
475	  3	765	  1	
475	343	765	  1	
475	392	765	  1	
476	349	765	  1	
477	 77	765	  1	
477	270	765	  1	
477	280	765	  1	
477	304	765	  1	
478	 72	765	  1	
479	163	765	  1	
479	336	765	  1	
480	  8	765	  1	
480	 22	765	  1	
480	 69	765	  1	
480	 80	765	  1	
480	 91	765	  1	
480	104	765	  1	
480	173	765	  1	
480	184	765	  1	
480	272	765	  1	
480	520	765	  1	
482	235	765	  1	
482	408	765	  1	
483	134	765	  1	
483	168	765	  1	
483	344	765	  1	
485	248	765	  1	
486	 63	765	  1	
488	  2	765	  1	
488	 12	765	  1	
488	 21	765	  1	
488	104	765	  1	
488	160	765	  1	
488	177	765	  1	
488	240	765	  1	
488	295	765	  1	
488	339	765	  1	
489	 80	765	  1	
489	210	765	  1	
490	186	765	  1	
490	194	765	  1	
491	 40	765	  1	
491	199	765	  1	
491	288	765	  1	
491	382	765	  1	
491	583	765	  1	
493	  0	765	  1	
493	  7	765	  1	
493	 13	765	  1	
493	166	765	  1	
493	256	765	  1	
495	295	765	  1	
495	336	765	  1	
495	343	765	  1	
495	520	765	  1	
496	 47	765	  1	
496	 55	765	  1	
496	 66	765	  1	
496	 88	765	  1	
496	 96	765	  1	
496	106	765	  1	
496	134	765	  1	
496	157	765	  1	
496	252	765	  1	
496	264	765	  1	
496	302	765	  1	
496	358	765	  1	
496	402	765	  1	
499	 40	765	  1	
499	 93	765	  1	
499	192	765	  1	
499	296	765	  1	
499	352	765	  1	
500	117	765	  1	
500	127	765	  1	
500	152	765	  1	
501	  0	765	  1	
502	 88	765	  1	
502	106	765	  1	
502	252	765	  1	
503	 48	765	  1	
503	 55	765	  1	
503	 64	765	  1	
503	 71	765	  1	
503	159	765	  1	
503	248	765	  1	
503	400	765	  1	
504	 52	765	  1	
504	 56	765	  1	
504	 62	765	  1	
504	 93	765	  1	
504	101	765	  1	
504	136	765	  1	
504	140	765	  1	
504	155	765	  1	
504	169	765	  1	
504	174	765	  1	
504	178	765	  1	
504	192	765	  1	
504	245	765	  1	
504	272	765	  1	
504	280	765	  1	
504	336	765	  1	
504	346	765	  1	
505	  6	765	  1	
505	 96	765	  1	
507	184	765	  1	
508	199	765	  1	
509	 32	765	  1	
509	160	765	  1	
509	170	765	  1	
509	175	765	  1	
509	298	765	  1	
510	336	765	  1	
511	118	765	  1	
511	431	765	  1	
511	567	765	  1	
512	  0	765	  1	
512	 14	765	  1	
512	 43	765	  1	
512	 72	765	  1	
512	212	765	  1	
512	223	765	  1	
512	232	765	  1	
512	284	765	  1	
512	311	765	  1	
512	320	765	  1	
514	317	765	  1	
514	538	765	  1	
515	208	765	  1	
515	267	765	  1	
515	272	765	  1	
515	296	765	  1	
515	327	765	  1	
517	 46	765	  1	
517	243	765	  1	
517	279	765	  1	
518	110	765	  1	
518	212	765	  1	
518	223	765	  1	
518	310	765	  1	
518	349	765	  1	
518	399	765	  1	
519	  0	765	  1	
519	320	765	  1	
520	 19	765	  1	
520	 32	765	  1	
520	 59	765	  1	
520	120	765	  1	
520	131	765	  1	
520	173	765	  1	
520	191	765	  1	
520	256	765	  1	
521	343	765	  1	
522	 38	765	  1	
522	160	765	  1	
522	167	765	  1	
522	205	765	  1	
522	288	765	  1	
523	 80	765	  1	
523	118	765	  1	
523	200	765	  1	
524	 46	765	  1	
525	336	765	  1	
526	 32	765	  1	
526	 40	765	  1	
526	136	765	  1	
526	163	765	  1	
527	104	765	  1	
527	256	765	  1	
527	342	765	  1	
528	 72	765	  1	
528	 88	765	  1	
528	143	765	  1	
528	152	765	  1	
528	156	765	  1	
528	212	765	  1	
528	232	765	  1	
528	319	765	  1	
531	 13	765	  1	
531	 61	765	  1	
531	224	765	  1	
533	112	765	  1	
533	440	765	  1	
535	192	765	  1	
535	439	765	  1	
536	 52	765	  1	
536	 56	765	  1	
536	 85	765	  1	
536	 93	765	  1	
536	168	765	  1	
536	216	765	  1	
536	240	765	  1	
536	272	765	  1	
536	319	765	  1	
538	355	765	  1	
541	152	765	  1	
542	191	765	  1	
543	168	765	  1	
543	184	765	  1	
543	312	765	  1	
544	 40	765	  1	
544	 78	765	  1	
544	106	765	  1	
544	112	765	  1	
544	136	765	  1	
544	143	765	  1	
544	150	765	  1	
544	160	765	  1	
544	205	765	  1	
544	360	765	  1	
545	222	765	  1	
546	195	765	  1	
547	  5	765	  1	
547	120	765	  1	
547	248	765	  1	
547	304	765	  1	
547	368	765	  1	
549	 96	765	  1	
549	147	765	  1	
550	 76	765	  1	
550	127	765	  1	
550	312	765	  1	
551	106	765	  1	
551	240	765	  1	
551	274	765	  1	
552	 56	765	  1	
552	 62	765	  1	
552	 67	765	  1	
552	208	765	  1	
552	224	765	  1	
552	264	765	  1	
552	271	765	  1	
552	343	765	  1	
552	360	765	  1	
552	381	765	  1	
552	558	765	  1	
553	395	765	  1	
554	229	765	  1	
555	334	765	  1	
555	351	765	  1	
556	112	765	  1	
556	265	765	  1	
557	168	765	  1	
558	127	765	  1	
558	279	765	  1	
559	224	765	  1	
560	  8	765	  1	
560	103	765	  1	
560	110	765	  1	
560	131	765	  1	
560	189	765	  1	
560	258	765	  1	
560	280	765	  1	
560	302	765	  1	
560	315	765	  1	
560	321	765	  1	
560	326	765	  1	
560	352	765	  1	
560	408	765	  1	
561	 88	765	  1	
561	138	765	  1	
561	143	765	  1	
561	296	765	  1	
561	368	765	  1	
562	264	765	  1	
563	 96	765	  1	
563	219	765	  1	
563	336	765	  1	
564	 14	765	  1	
565	166	765	  1	
565	176	765	  1	
565	239	765	  1	
565	344	765	  1	
565	375	765	  1	
567	103	765	  1	
567	110	765	  1	
567	268	765	  1	
567	368	765	  1	
568	120	765	  1	
568	141	765	  1	
568	200	765	  1	
568	294	765	  1	
568	328	765	  1	
568	336	765	  1	
568	597	765	  1	
569	211	765	  1	
571	333	765	  1	
573	152	765	  1	
573	232	765	  1	
573	339	765	  1	
574	286	765	  1	
575	 97	765	  1	
575	163	765	  1	
575	344	765	  1	
575	392	765	  1	
575	448	765	  1	
576	 78	765	  1	
576	168	765	  1	
576	175	765	  1	
576	216	765	  1	
576	248	765	  1	
576	262	765	  1	
576	296	765	  1	
576	312	765	  1	
576	319	765	  1	
576	322	765	  1	
576	327	765	  1	
576	334	765	  1	
576	439	765	  1	
577	  8	765	  1	
578	222	765	  1	
578	272	765	  1	
578	310	765	  1	
579	 72	765	  1	
579	208	765	  1	
579	215	765	  1	
581	120	765	  1	
581	254	765	  1	
581	331	765	  1	
582	105	765	  1	
582	315	765	  1	
582	347	765	  1	
583	296	765	  1	
584	 87	765	  1	
584	138	765	  1	
584	143	765	  1	
584	162	765	  1	
584	192	765	  1	
584	207	765	  1	
584	237	765	  1	
584	270	765	  1	
584	312	765	  1	
584	319	765	  1	
584	339	765	  1	
584	352	765	  1	
584	360	765	  1	
584	371	765	  1	
584	447	765	  1	
586	438	765	  1	
587	111	765	  1	
587	144	765	  1	
588	167	765	  1	
589	 99	765	  1	
589	230	765	  1	
589	366	765	  1	
590	160	765	  1	
590	277	765	  1	
591	110	765	  1	
591	120	765	  1	
591	192	765	  1	
591	203	765	  1	
591	375	765	  1	
592	114	765	  1	
592	136	765	  1	
592	168	765	  1	
592	175	765	  1	
592	248	765	  1	
592	252	765	  1	
592	269	765	  1	
592	292	765	  1	
595	171	765	  1	
597	230	765	  1	
597	288	765	  1	
598	116	765	  1	
598	264	765	  1	
599	 75	765	  1	
599	136	765	  1	
599	168	765	  1	
599	175	765	  1	
599	359	765	  1	
600	 79	765	  1	
600	 88	765	  1	
600	 94	765	  1	
600	101	765	  1	
600	336	765	  1	
601	278	765	  1	
602	310	765	  1	
603	104	765	  1	
603	175	765	  1	
604	210	765	  1	
604	272	765	  1	
604	304	765	  1	
605	 91	765	  1	
606	110	765	  1	
606	168	765	  1	
606	219	765	  1	
607	223	765	  1	
607	278	765	  1	
607	311	765	  1	
608	  4	765	  1	
608	 98	765	  1	
608	149	765	  1	
608	184	765	  1	
608	188	765	  1	
608	199	765	  1	
608	224	765	  1	
608	228	765	  1	
608	239	765	  1	
608	255	765	  1	
608	282	765	  1	
608	288	765	  1	
608	323	765	  1	
608	328	765	  1	
608	340	765	  1	
608	353	765	  1	
608	482	765	  1	
609	 60	765	  1	
610	131	765	  1	
611	 16	765	  1	
612	366	765	  1	
613	143	765	  1	
614	 96	765	  1	
615	199	765	  1	
616	 63	765	  1	
616	 80	765	  1	
616	112	765	  1	
616	286	765	  1	
616	342	765	  1	
618	  3	765	  1	
618	  8	765	  1	
618	 99	765	  1	
618	208	765	  1	
618	280	765	  1	
618	336	765	  1	
619	308	765	  1	
621	296	765	  1	
621	301	765	  1	
622	 83	765	  1	
622	287	765	  1	
622	343	765	  1	
622	423	765	  1	
623	264	765	  1	
623	268	765	  1	
624	  3	765	  1	
624	 79	765	  1	
624	112	765	  1	
624	118	765	  1	
624	279	765	  1	
624	352	765	  1	
624	479	765	  1	
628	214	765	  1	
628	272	765	  1	
630	328	765	  1	
631	224	765	  1	
632	  3	765	  1	
632	276	765	  1	
636	120	765	  1	
638	127	765	  1	
640	  1	765	  1	
640	336	765	  1	
642	 15	765	  1	
645	  8	765	  1	
645	200	765	  1	
646	 16	765	  1	
647	339	765	  1	
648	 63	765	  1	
648	 91	765	  1	
648	328	765	  1	
649	135	765	  1	
650	 78	765	  1	
650	197	765	  1	
651	335	765	  1	
653	309	765	  1	
655	273	765	  1	
655	328	765	  1	
656	124	765	  1	
656	136	765	  1	
656	144	765	  1	
656	227	765	  1	
656	455	765	  1	
657	456	765	  1	
660	319	765	  1	
661	138	765	  1	
662	147	765	  1	
662	375	765	  1	
663	314	765	  1	
663	383	765	  1	
664	114	765	  1	
664	168	765	  1	
667	514	765	  1	
668	119	765	  1	
668	484	765	  1	
670	445	765	  1	
675	125	765	  1	
675	351	765	  1	
675	599	765	  1	
677	525	765	  1	
687	106	765	  1	
696	232	765	  1	
696	554	765	  1	
709	218	765	  1	
712	159	765	  1	
712	378	765	  1	
717	272	765	  1	
727	304	765	  1	
728	216	765	  1	
743	447	765	  1	
763	403	765	  1	
764	  8	765	  1	
