# 
#  Image file: Goad2_T0027.jpg
#  Applied threshold: 575
#  Algorithm used: fill2                 
#  Particle count: 1882
#  Location (x,y), max luminance, and mass:
# 
  0	240	765	  1	
  3	146	765	  1	
  5	232	765	  1	
  8	131	765	  1	
  8	359	765	  1	
 10	102	765	  1	
 15	392	765	  1	
 21	488	765	  1	
 22	552	765	  1	
 23	490	765	  1	
 26	487	765	  1	
 29	119	765	  1	
 31	303	765	  1	
 35	104	765	  1	
 37	494	765	  1	
 40	272	765	  1	
 41	525	765	  1	
 42	299	765	  1	
 43	174	765	  1	
 47	 50	765	  1	
 47	320	765	  1	
 48	 69	765	  1	
 50	 84	765	  1	
 53	277	765	  1	
 55	 66	765	  1	
 55	267	765	  1	
 55	284	765	  1	
 55	459	765	  1	
 56	 25	765	  1	
 64	104	765	  1	
 66	266	765	  1	
 67	294	765	  1	
 71	104	765	  1	
 71	111	765	  1	
 72	 79	765	  1	
 72	232	765	  1	
 72	367	765	  1	
 75	360	765	  1	
 79	367	765	  1	
 80	291	765	  1	
 84	199	765	  1	
 87	147	765	  1	
 87	237	765	  1	
 87	423	765	  1	
 88	168	765	  1	
 88	190	765	  1	
 88	258	765	  1	
 88	272	765	  1	
 94	143	765	  1	
 96	130	765	  1	
 99	175	765	  1	
 99	432	765	  1	
101	229	765	  1	
102	159	765	  1	
102	242	765	  1	
103	130	765	  1	
103	272	765	  1	
103	277	765	  1	
103	552	765	  1	
104	168	765	  1	
109	413	765	  1	
110	162	765	  1	
110	367	765	  1	
111	216	765	  1	
111	264	765	  1	
111	479	765	  1	
112	117	765	  1	
112	423	765	  1	
115	160	765	  1	
115	167	765	  1	
115	319	765	  1	
118	216	765	  1	
118	256	765	  1	
118	558	765	  1	
119	 83	765	  1	
119	176	765	  1	
120	 52	765	  1	
120	123	765	  1	
120	208	765	  1	
120	215	765	  1	
120	288	765	  1	
121	408	765	  1	
122	295	765	  1	
123	 95	765	  1	
125	328	765	  1	
125	335	765	  1	
126	264	765	  1	
126	288	765	  1	
127	 15	765	  1	
127	211	765	  1	
127	323	765	  1	
128	 56	765	  1	
128	122	765	  1	
128	127	765	  1	
128	168	765	  1	
128	232	765	  1	
128	274	765	  1	
129	 96	765	  1	
131	 63	765	  1	
131	175	765	  1	
131	304	765	  1	
132	240	765	  1	
132	280	765	  1	
133	176	765	  1	
133	223	765	  1	
134	168	765	  1	
134	392	765	  1	
135	 96	765	  1	
135	391	765	  1	
136	138	765	  1	
136	184	765	  1	
136	244	765	  1	
136	317	765	  1	
136	384	765	  1	
136	433	765	  1	
139	129	765	  1	
139	288	765	  1	
141	 34	765	  1	
142	  8	765	  1	
142	143	765	  1	
142	285	765	  1	
143	  0	765	  1	
143	  5	765	  1	
143	280	765	  1	
143	399	765	  1	
144	 83	765	  1	
144	109	765	  1	
144	168	765	  1	
144	196	765	  1	
144	231	765	  1	
144	259	765	  1	
144	320	765	  1	
146	192	765	  1	
146	295	765	  1	
146	363	765	  1	
147	 95	765	  1	
147	224	765	  1	
147	286	765	  1	
149	 80	765	  1	
150	207	765	  1	
151	231	765	  1	
151	256	765	  1	
151	263	765	  1	
152	103	765	  1	
152	136	765	  1	
152	147	765	  1	
152	155	765	  1	
152	322	765	  1	
152	328	765	  1	
153	336	765	  1	
154	159	765	  1	
155	  7	765	  1	
155	214	765	  1	
155	232	765	  1	
157	182	765	  1	
157	328	765	  1	
158	 72	765	  1	
158	320	765	  1	
158	341	765	  1	
159	 96	765	  1	
159	147	765	  1	
159	184	765	  1	
160	 56	765	  1	
160	 79	765	  1	
160	152	765	  1	
160	167	765	  1	
160	215	765	  1	
160	286	765	  1	
160	307	765	  1	
160	376	765	  1	
160	478	765	  1	
160	493	765	  1	
161	 88	765	  1	
162	256	765	  1	
162	263	765	  1	
162	280	765	  1	
162	518	765	  1	
163	159	765	  1	
163	368	765	  1	
164	472	765	  1	
165	144	765	  1	
165	319	765	  1	
166	 20	765	  1	
166	 60	765	  1	
166	 72	765	  1	
166	287	765	  1	
167	 79	765	  1	
167	163	765	  1	
168	 88	765	  1	
168	102	765	  1	
168	136	765	  1	
168	183	765	  1	
168	211	765	  1	
168	271	765	  1	
168	327	765	  1	
168	592	765	  1	
169	264	765	  1	
170	 99	765	  1	
170	167	765	  1	
171	 70	765	  1	
171	112	765	  1	
171	176	765	  1	
171	221	765	  1	
171	320	765	  1	
172	 90	765	  1	
174	103	765	  1	
174	230	765	  1	
175	 64	765	  1	
175	183	765	  1	
175	211	765	  1	
175	264	765	  1	
175	282	765	  1	
175	327	765	  1	
176	 88	765	  1	
176	110	765	  1	
176	120	765	  1	
176	360	765	  1	
176	367	765	  1	
176	383	765	  1	
178	141	765	  1	
179	 56	765	  1	
181	136	765	  1	
181	392	765	  1	
182	 62	765	  1	
182	127	765	  1	
182	333	765	  1	
183	110	765	  1	
183	188	765	  1	
183	384	765	  1	
184	 23	765	  1	
184	 77	765	  1	
184	 96	765	  1	
184	120	765	  1	
184	144	765	  1	
184	304	765	  1	
184	316	765	  1	
184	392	765	  1	
186	 72	765	  1	
186	399	765	  1	
187	 80	765	  1	
187	135	765	  1	
187	244	765	  1	
187	285	765	  1	
188	328	765	  1	
189	123	765	  1	
189	144	765	  1	
189	270	765	  1	
189	298	765	  1	
189	319	765	  1	
190	 78	765	  1	
190	407	765	  1	
191	 95	765	  1	
191	128	765	  1	
191	303	765	  1	
191	362	765	  1	
192	  0	765	  1	
192	  7	765	  1	
192	 55	765	  1	
192	163	765	  1	
192	176	765	  1	
192	239	765	  1	
193	227	765	  1	
194	148	765	  1	
194	156	765	  1	
195	  9	765	  1	
195	262	765	  1	
197	 63	765	  1	
197	168	765	  1	
198	293	765	  1	
199	  3	765	  1	
199	 58	765	  1	
199	200	765	  1	
199	231	765	  1	
199	311	765	  1	
199	395	765	  1	
200	117	765	  1	
200	123	765	  1	
200	131	765	  1	
200	156	765	  1	
200	184	765	  1	
200	269	765	  1	
200	343	765	  1	
200	423	765	  1	
202	168	765	  1	
203	304	765	  1	
205	 82	765	  1	
205	 87	765	  1	
205	176	765	  1	
207	120	765	  1	
207	155	765	  1	
207	184	765	  1	
207	336	765	  1	
207	423	765	  1	
207	455	765	  1	
208	  0	765	  1	
208	 47	765	  1	
208	104	765	  1	
208	164	765	  1	
208	217	765	  1	
208	248	765	  1	
208	285	765	  1	
208	420	765	  1	
208	472	765	  1	
210	120	765	  1	
210	242	765	  1	
210	349	765	  1	
210	366	765	  1	
211	 40	765	  1	
211	136	765	  1	
211	184	765	  1	
211	255	765	  1	
212	  6	765	  1	
213	111	765	  1	
214	126	765	  1	
214	160	765	  1	
214	432	765	  1	
215	 47	765	  1	
215	135	765	  1	
215	248	765	  1	
215	285	765	  1	
216	 32	765	  1	
216	 39	765	  1	
216	173	765	  1	
216	259	765	  1	
216	315	765	  1	
216	323	765	  1	
216	333	765	  1	
216	414	765	  1	
216	435	765	  1	
216	442	765	  1	
218	152	765	  1	
218	192	765	  1	
218	199	765	  1	
219	302	765	  1	
221	136	765	  1	
221	229	765	  1	
221	248	765	  1	
221	317	765	  1	
223	 35	765	  1	
223	259	765	  1	
223	312	765	  1	
223	336	765	  1	
223	376	765	  1	
223	383	765	  1	
223	403	765	  1	
224	 39	765	  1	
224	 56	765	  1	
224	 63	765	  1	
224	104	765	  1	
224	148	765	  1	
224	234	765	  1	
224	283	765	  1	
224	289	765	  1	
224	307	765	  1	
226	153	765	  1	
226	376	765	  1	
227	160	765	  1	
227	295	765	  1	
227	304	765	  1	
227	311	765	  1	
227	320	765	  1	
228	 48	765	  1	
228	144	765	  1	
228	262	765	  1	
228	387	765	  1	
229	 87	765	  1	
229	232	765	  1	
229	239	765	  1	
229	289	765	  1	
229	448	765	  1	
230	  3	765	  1	
230	256	765	  1	
231	104	765	  1	
231	157	765	  1	
231	283	765	  1	
231	307	765	  1	
231	411	765	  1	
232	 24	765	  1	
232	 71	765	  1	
232	 80	765	  1	
232	120	765	  1	
232	155	765	  1	
232	168	765	  1	
232	175	765	  1	
232	182	765	  1	
232	304	765	  1	
232	360	765	  1	
232	364	765	  1	
232	367	765	  1	
232	375	765	  1	
232	416	765	  1	
232	479	765	  1	
233	104	765	  1	
233	370	765	  1	
234	234	765	  1	
234	240	765	  1	
235	206	765	  1	
235	341	765	  1	
235	360	765	  1	
235	592	765	  1	
236	 59	765	  1	
236	 86	765	  1	
237	 24	765	  1	
237	 63	765	  1	
237	 91	765	  1	
238	 64	765	  1	
239	152	765	  1	
239	159	765	  1	
239	184	765	  1	
240	 13	765	  1	
240	 21	765	  1	
240	 50	765	  1	
240	 88	765	  1	
240	116	765	  1	
240	141	765	  1	
240	228	765	  1	
240	264	765	  1	
240	297	765	  1	
240	352	765	  1	
240	364	765	  1	
240	371	765	  1	
240	408	765	  1	
240	544	765	  1	
240	551	765	  1	
241	232	765	  1	
241	303	765	  1	
243	253	765	  1	
243	271	765	  1	
243	465	765	  1	
244	 70	765	  1	
244	245	765	  1	
244	298	765	  1	
245	 63	765	  1	
245	136	765	  1	
245	172	765	  1	
245	287	765	  1	
245	375	765	  1	
246	120	765	  1	
246	392	765	  1	
247	243	765	  1	
247	264	765	  1	
247	303	765	  1	
247	352	765	  1	
247	408	765	  1	
247	536	765	  1	
248	  0	765	  1	
248	 77	765	  1	
248	128	765	  1	
248	168	765	  1	
248	211	765	  1	
248	232	765	  1	
248	279	765	  1	
248	281	765	  1	
248	295	765	  1	
248	344	765	  1	
248	359	765	  1	
248	368	765	  1	
248	404	765	  1	
248	538	765	  1	
249	384	765	  1	
249	389	765	  1	
249	415	765	  1	
250	 72	765	  1	
250	183	765	  1	
250	287	765	  1	
250	296	765	  1	
250	352	765	  1	
251	136	765	  1	
251	160	765	  1	
251	167	765	  1	
251	239	765	  1	
251	252	765	  1	
251	272	765	  1	
251	375	765	  1	
253	  8	765	  1	
253	285	765	  1	
253	291	765	  1	
254	 78	765	  1	
254	280	765	  1	
255	165	765	  1	
255	178	765	  1	
255	224	765	  1	
255	232	765	  1	
255	298	765	  1	
255	344	765	  1	
255	359	765	  1	
255	368	765	  1	
255	408	765	  1	
255	422	765	  1	
255	538	765	  1	
256	  0	765	  1	
256	  4	765	  1	
256	 11	765	  1	
256	 75	765	  1	
256	112	765	  1	
256	144	765	  1	
256	184	765	  1	
256	212	765	  1	
256	239	765	  1	
256	326	765	  1	
256	384	765	  1	
256	388	765	  1	
256	496	765	  1	
256	503	765	  1	
257	400	765	  1	
257	453	765	  1	
258	 98	765	  1	
258	202	765	  1	
259	151	765	  1	
260	 95	765	  1	
260	348	765	  1	
260	407	765	  1	
261	475	765	  1	
262	427	765	  1	
262	517	765	  1	
263	  7	765	  1	
263	144	765	  1	
263	168	765	  1	
263	210	765	  1	
263	235	765	  1	
263	400	765	  1	
264	  2	765	  1	
264	 59	765	  1	
264	 82	765	  1	
264	 93	765	  1	
264	211	765	  1	
264	216	765	  1	
264	225	765	  1	
264	267	765	  1	
264	320	765	  1	
264	328	765	  1	
264	335	765	  1	
264	364	765	  1	
264	418	765	  1	
264	440	765	  1	
265	183	765	  1	
265	238	765	  1	
266	 88	765	  1	
266	112	765	  1	
266	287	765	  1	
267	327	765	  1	
267	391	765	  1	
268	448	765	  1	
269	367	765	  1	
269	416	765	  1	
270	 72	765	  1	
270	 82	765	  1	
270	 94	765	  1	
270	118	765	  1	
270	200	765	  1	
270	213	765	  1	
270	530	765	  1	
271	  4	765	  1	
271	 59	765	  1	
271	234	765	  1	
271	264	765	  1	
271	271	765	  1	
271	320	765	  1	
271	331	765	  1	
271	400	765	  1	
271	552	765	  1	
272	  0	765	  1	
272	 87	765	  1	
272	136	765	  1	
272	142	765	  1	
272	181	765	  1	
272	190	765	  1	
272	248	765	  1	
272	309	765	  1	
272	327	765	  1	
272	336	765	  1	
272	344	765	  1	
272	368	765	  1	
272	392	765	  1	
272	403	765	  1	
272	415	765	  1	
272	454	765	  1	
272	498	765	  1	
272	544	765	  1	
273	400	765	  1	
274	254	765	  1	
274	391	765	  1	
275	239	765	  1	
275	320	765	  1	
275	343	765	  1	
276	224	765	  1	
277	128	765	  1	
277	139	765	  1	
277	165	765	  1	
277	232	765	  1	
277	280	765	  1	
277	287	765	  1	
277	373	765	  1	
277	503	765	  1	
277	528	765	  1	
278	190	765	  1	
278	248	765	  1	
278	376	765	  1	
278	383	765	  1	
278	547	765	  1	
279	327	765	  1	
279	336	765	  1	
279	344	765	  1	
279	392	765	  1	
279	403	765	  1	
279	415	765	  1	
280	  6	765	  1	
280	 15	765	  1	
280	 35	765	  1	
280	 55	765	  1	
280	 67	765	  1	
280	107	765	  1	
280	121	765	  1	
280	196	765	  1	
280	232	765	  1	
280	250	765	  1	
280	275	765	  1	
280	288	765	  1	
280	310	765	  1	
280	343	765	  1	
280	400	765	  1	
280	495	765	  1	
280	512	765	  1	
280	519	765	  1	
280	534	765	  1	
281	256	765	  1	
281	456	765	  1	
282	336	765	  1	
283	 48	765	  1	
283	214	765	  1	
283	304	765	  1	
284	406	765	  1	
285	 71	765	  1	
285	224	765	  1	
285	292	765	  1	
285	311	765	  1	
285	434	765	  1	
286	162	765	  1	
286	173	765	  1	
287	 55	765	  1	
287	153	765	  1	
287	343	765	  1	
287	415	765	  1	
287	515	765	  1	
288	 16	765	  1	
288	 48	765	  1	
288	 79	765	  1	
288	 94	765	  1	
288	107	765	  1	
288	181	765	  1	
288	217	765	  1	
288	255	765	  1	
288	320	765	  1	
288	327	765	  1	
288	349	765	  1	
288	357	765	  1	
288	419	765	  1	
288	446	765	  1	
289	  0	765	  1	
290	159	765	  1	
290	168	765	  1	
290	209	765	  1	
290	248	765	  1	
290	415	765	  1	
290	471	765	  1	
290	566	765	  1	
291	190	765	  1	
291	491	765	  1	
292	408	765	  1	
293	  7	765	  1	
293	215	765	  1	
293	304	765	  1	
293	351	765	  1	
294	 39	765	  1	
294	 95	765	  1	
294	240	765	  1	
294	320	765	  1	
295	120	765	  1	
295	172	765	  1	
295	255	765	  1	
295	368	765	  1	
296	  0	765	  1	
296	  8	765	  1	
296	 75	765	  1	
296	 80	765	  1	
296	 86	765	  1	
296	133	765	  1	
296	186	765	  1	
296	224	765	  1	
296	248	765	  1	
296	290	765	  1	
296	311	765	  1	
296	400	765	  1	
296	456	765	  1	
297	180	765	  1	
298	128	765	  1	
298	211	765	  1	
299	176	765	  1	
299	397	765	  1	
299	542	765	  1	
301	288	765	  1	
301	295	765	  1	
302	 16	765	  1	
302	 35	765	  1	
302	134	765	  1	
302	197	765	  1	
302	215	765	  1	
303	202	765	  1	
303	328	765	  1	
303	422	765	  1	
304	 77	765	  1	
304	128	765	  1	
304	140	765	  1	
304	152	765	  1	
304	156	765	  1	
304	210	765	  1	
304	240	765	  1	
304	301	765	  1	
304	320	765	  1	
304	327	765	  1	
304	336	765	  1	
304	343	765	  1	
304	459	765	  1	
304	475	765	  1	
305	136	765	  1	
309	168	765	  1	
309	187	765	  1	
310	141	765	  1	
310	207	765	  1	
311	 26	765	  1	
311	103	765	  1	
311	240	765	  1	
311	255	765	  1	
311	423	765	  1	
311	475	765	  1	
312	  4	765	  1	
312	  8	765	  1	
312	 13	765	  1	
312	 18	765	  1	
312	 42	765	  1	
312	 96	765	  1	
312	100	765	  1	
312	104	765	  1	
312	147	765	  1	
312	166	765	  1	
312	307	765	  1	
312	376	765	  1	
312	459	765	  1	
313	178	765	  1	
313	183	765	  1	
314	360	765	  1	
314	383	765	  1	
315	128	765	  1	
315	278	765	  1	
316	 40	765	  1	
317	 51	765	  1	
317	120	765	  1	
317	288	765	  1	
317	348	765	  1	
318	200	765	  1	
318	207	765	  1	
318	376	765	  1	
318	435	765	  1	
319	456	765	  1	
319	463	765	  1	
320	 16	765	  1	
320	 26	765	  1	
320	 81	765	  1	
320	132	765	  1	
320	170	765	  1	
320	216	765	  1	
320	219	765	  1	
320	224	765	  1	
320	235	765	  1	
320	272	765	  1	
320	279	765	  1	
320	284	765	  1	
320	293	765	  1	
320	299	765	  1	
320	320	765	  1	
320	399	765	  1	
320	512	765	  1	
320	568	765	  1	
322	344	765	  1	
323	  7	765	  1	
323	230	765	  1	
323	392	765	  1	
324	 59	765	  1	
324	223	765	  1	
325	168	765	  1	
325	175	765	  1	
325	179	765	  1	
325	280	765	  1	
325	285	765	  1	
325	366	765	  1	
326	  0	765	  1	
326	 80	765	  1	
326	232	765	  1	
326	327	765	  1	
326	350	765	  1	
326	448	765	  1	
327	 20	765	  1	
327	 61	765	  1	
327	144	765	  1	
327	160	765	  1	
327	263	765	  1	
327	275	765	  1	
327	399	765	  1	
327	498	765	  1	
328	 32	765	  1	
328	 36	765	  1	
328	 72	765	  1	
328	115	765	  1	
328	132	765	  1	
328	164	765	  1	
328	172	765	  1	
328	176	765	  1	
328	437	765	  1	
330	160	765	  1	
330	286	765	  1	
330	432	765	  1	
331	143	765	  1	
331	192	765	  1	
331	296	765	  1	
331	440	765	  1	
332	180	765	  1	
333	  8	765	  1	
333	 26	765	  1	
333	150	765	  1	
333	224	765	  1	
333	439	765	  1	
334	128	765	  1	
334	280	765	  1	
335	160	765	  1	
335	320	765	  1	
335	357	765	  1	
335	432	765	  1	
336	 69	765	  1	
336	 96	765	  1	
336	104	765	  1	
336	187	765	  1	
336	283	765	  1	
336	296	765	  1	
336	381	765	  1	
336	384	765	  1	
336	440	765	  1	
338	310	765	  1	
338	376	765	  1	
338	400	765	  1	
338	445	765	  1	
339	103	765	  1	
339	352	765	  1	
339	416	765	  1	
340	 49	765	  1	
340	112	765	  1	
340	168	765	  1	
340	350	765	  1	
340	359	765	  1	
341	 64	765	  1	
341	110	765	  1	
341	195	765	  1	
341	232	765	  1	
341	288	765	  1	
341	295	765	  1	
341	320	765	  1	
341	390	765	  1	
342	 29	765	  1	
342	344	765	  1	
342	381	765	  1	
342	436	765	  1	
342	440	765	  1	
343	179	765	  1	
344	 67	765	  1	
344	 72	765	  1	
344	 75	765	  1	
344	 83	765	  1	
344	136	765	  1	
344	142	765	  1	
344	171	765	  1	
344	213	765	  1	
344	260	765	  1	
344	329	765	  1	
346	192	765	  1	
347	304	765	  1	
348	160	765	  1	
349	139	765	  1	
349	240	765	  1	
349	376	765	  1	
349	395	765	  1	
352	 18	765	  1	
352	 32	765	  1	
352	 39	765	  1	
352	 98	765	  1	
352	103	765	  1	
352	128	765	  1	
352	165	765	  1	
352	216	765	  1	
352	232	765	  1	
352	280	765	  1	
352	285	765	  1	
352	309	765	  1	
352	360	765	  1	
352	366	765	  1	
352	395	765	  1	
352	440	765	  1	
352	463	765	  1	
353	243	765	  1	
353	261	765	  1	
354	 84	765	  1	
354	154	765	  1	
354	160	765	  1	
354	175	765	  1	
354	236	765	  1	
354	424	765	  1	
354	455	765	  1	
355	 72	765	  1	
355	256	765	  1	
355	319	765	  1	
355	399	765	  1	
356	429	765	  1	
357	 16	765	  1	
357	 23	765	  1	
357	 48	765	  1	
357	360	765	  1	
357	367	765	  1	
357	462	765	  1	
358	331	765	  1	
359	 80	765	  1	
359	244	765	  1	
359	376	765	  1	
359	451	765	  1	
360	 13	765	  1	
360	 31	765	  1	
360	 83	765	  1	
360	 88	765	  1	
360	109	765	  1	
360	156	765	  1	
360	168	765	  1	
360	175	765	  1	
360	181	765	  1	
360	190	765	  1	
360	200	765	  1	
360	212	765	  1	
360	229	765	  1	
360	248	765	  1	
360	272	765	  1	
360	283	765	  1	
360	328	765	  1	
360	335	765	  1	
360	352	765	  1	
360	358	765	  1	
360	384	765	  1	
360	439	765	  1	
361	 40	765	  1	
361	346	765	  1	
362	 94	765	  1	
362	104	765	  1	
362	205	765	  1	
362	271	765	  1	
363	 24	765	  1	
363	391	765	  1	
363	403	765	  1	
363	432	765	  1	
364	 80	765	  1	
364	 87	765	  1	
364	171	765	  1	
364	300	765	  1	
364	471	765	  1	
365	144	765	  1	
365	224	765	  1	
365	355	765	  1	
365	384	765	  1	
366	 14	765	  1	
366	110	765	  1	
366	213	765	  1	
366	264	765	  1	
367	152	765	  1	
367	190	765	  1	
367	200	765	  1	
367	256	765	  1	
367	331	765	  1	
367	439	765	  1	
368	 37	765	  1	
368	 49	765	  1	
368	 59	765	  1	
368	112	765	  1	
368	232	765	  1	
368	246	765	  1	
368	349	765	  1	
368	429	765	  1	
369	  0	765	  1	
369	 96	765	  1	
369	192	765	  1	
370	 54	765	  1	
370	266	765	  1	
371	224	765	  1	
371	242	765	  1	
371	271	765	  1	
371	424	765	  1	
372	311	765	  1	
372	388	765	  1	
373	 22	765	  1	
373	 70	765	  1	
373	 74	765	  1	
373	359	765	  1	
373	407	765	  1	
374	 50	765	  1	
374	270	765	  1	
374	275	765	  1	
375	232	765	  1	
376	 43	765	  1	
376	 86	765	  1	
376	135	765	  1	
376	145	765	  1	
376	157	765	  1	
376	212	765	  1	
376	336	765	  1	
376	376	765	  1	
376	402	765	  1	
377	151	765	  1	
378	  8	765	  1	
378	247	765	  1	
378	415	765	  1	
379	 54	765	  1	
379	 72	765	  1	
379	202	765	  1	
380	134	765	  1	
381	220	765	  1	
381	274	765	  1	
382	 18	765	  1	
382	 22	765	  1	
382	599	765	  1	
383	339	765	  1	
384	  0	765	  1	
384	 40	765	  1	
384	 80	765	  1	
384	 82	765	  1	
384	 90	765	  1	
384	 95	765	  1	
384	104	765	  1	
384	144	765	  1	
384	274	765	  1	
384	291	765	  1	
384	323	765	  1	
384	329	765	  1	
384	336	765	  1	
384	357	765	  1	
384	384	765	  1	
384	416	765	  1	
384	576	765	  1	
387	311	765	  1	
387	366	765	  1	
387	423	765	  1	
388	151	765	  1	
388	520	765	  1	
389	 32	765	  1	
390	 54	765	  1	
390	352	765	  1	
391	  0	765	  1	
392	 61	765	  1	
392	 74	765	  1	
392	107	765	  1	
392	153	765	  1	
392	168	765	  1	
392	256	765	  1	
392	324	765	  1	
392	346	765	  1	
392	351	765	  1	
393	104	765	  1	
394	 48	765	  1	
395	 88	765	  1	
395	188	765	  1	
395	439	765	  1	
396	220	765	  1	
396	535	765	  1	
397	 56	765	  1	
397	175	765	  1	
397	208	765	  1	
398	  0	765	  1	
398	 19	765	  1	
398	112	765	  1	
400	 40	765	  1	
400	 63	765	  1	
400	139	765	  1	
400	168	765	  1	
400	248	765	  1	
400	255	765	  1	
400	258	765	  1	
400	318	765	  1	
400	336	765	  1	
400	343	765	  1	
400	359	765	  1	
400	389	765	  1	
401	132	765	  1	
401	268	765	  1	
402	146	765	  1	
402	223	765	  1	
403	 64	765	  1	
403	192	765	  1	
404	 24	765	  1	
405	 60	765	  1	
406	 15	765	  1	
406	229	765	  1	
406	338	765	  1	
407	  6	765	  1	
407	119	765	  1	
407	251	765	  1	
407	270	765	  1	
407	456	765	  1	
407	463	765	  1	
408	 88	765	  1	
408	 96	765	  1	
408	103	765	  1	
408	147	765	  1	
408	162	765	  1	
408	179	765	  1	
408	184	765	  1	
408	190	765	  1	
408	247	765	  1	
408	301	765	  1	
408	344	765	  1	
408	351	765	  1	
409	 32	765	  1	
409	429	765	  1	
410	136	765	  1	
411	 24	765	  1	
411	240	765	  1	
413	  0	765	  1	
413	 46	765	  1	
413	 91	765	  1	
413	160	765	  1	
414	210	765	  1	
415	247	765	  1	
415	347	765	  1	
415	363	765	  1	
416	 48	765	  1	
416	 50	765	  1	
416	 56	765	  1	
416	155	765	  1	
416	171	765	  1	
416	352	765	  1	
419	 32	765	  1	
419	398	765	  1	
420	  6	765	  1	
421	  0	765	  1	
423	 38	765	  1	
423	344	765	  1	
423	351	765	  1	
424	  3	765	  1	
424	 45	765	  1	
424	 63	765	  1	
424	 73	765	  1	
424	 82	765	  1	
424	144	765	  1	
424	157	765	  1	
424	168	765	  1	
424	288	765	  1	
424	368	765	  1	
424	519	765	  1	
427	152	765	  1	
427	295	765	  1	
428	 79	765	  1	
429	 28	765	  1	
429	223	765	  1	
430	182	765	  1	
430	307	765	  1	
431	288	765	  1	
431	383	765	  1	
431	551	765	  1	
432	 60	765	  1	
432	 69	765	  1	
432	 73	765	  1	
432	158	765	  1	
432	167	765	  1	
432	256	765	  1	
432	275	765	  1	
432	294	765	  1	
435	255	765	  1	
437	 14	765	  1	
438	248	765	  1	
438	291	765	  1	
438	368	765	  1	
439	 33	765	  1	
439	 39	765	  1	
439	272	765	  1	
439	279	765	  1	
439	493	765	  1	
440	  8	765	  1	
440	152	765	  1	
440	199	765	  1	
440	208	765	  1	
440	256	765	  1	
440	263	765	  1	
440	268	765	  1	
440	309	765	  1	
440	322	765	  1	
440	359	765	  1	
442	 60	765	  1	
442	295	765	  1	
442	304	765	  1	
443	192	765	  1	
443	352	765	  1	
443	496	765	  1	
445	 16	765	  1	
445	 79	765	  1	
445	164	765	  1	
445	303	765	  1	
446	134	765	  1	
447	  8	765	  1	
447	 56	765	  1	
447	199	765	  1	
447	268	765	  1	
447	359	765	  1	
448	 31	765	  1	
448	 80	765	  1	
448	144	765	  1	
448	240	765	  1	
448	244	765	  1	
448	272	765	  1	
448	352	765	  1	
448	448	765	  1	
449	176	765	  1	
450	 71	765	  1	
450	 90	765	  1	
450	128	765	  1	
450	160	765	  1	
450	227	765	  1	
450	280	765	  1	
451	 24	765	  1	
451	192	765	  1	
451	359	765	  1	
452	133	765	  1	
453	 59	765	  1	
453	378	765	  1	
454	 39	765	  1	
454	165	765	  1	
455	 31	765	  1	
455	122	765	  1	
455	128	765	  1	
455	352	765	  1	
456	  2	765	  1	
456	 10	765	  1	
456	 26	765	  1	
456	114	765	  1	
456	144	765	  1	
456	205	765	  1	
456	232	765	  1	
456	271	765	  1	
456	286	765	  1	
457	168	765	  1	
458	 16	765	  1	
458	239	765	  1	
458	360	765	  1	
459	264	765	  1	
461	  3	765	  1	
461	119	765	  1	
461	148	765	  1	
461	200	765	  1	
462	 26	765	  1	
463	 31	765	  1	
463	160	765	  1	
463	271	765	  1	
463	368	765	  1	
464	 24	765	  1	
464	 55	765	  1	
464	 66	765	  1	
464	 72	765	  1	
464	 88	765	  1	
464	158	765	  1	
464	219	765	  1	
464	227	765	  1	
464	264	765	  1	
464	296	765	  1	
464	302	765	  1	
465	154	765	  1	
466	511	765	  1	
467	 40	765	  1	
467	 48	765	  1	
468	216	765	  1	
468	223	765	  1	
469	 39	765	  1	
469	 87	765	  1	
469	280	765	  1	
469	287	765	  1	
470	483	765	  1	
471	 55	765	  1	
471	511	765	  1	
472	  4	765	  1	
472	  8	765	  1	
472	 88	765	  1	
472	101	765	  1	
472	133	765	  1	
472	168	765	  1	
472	177	765	  1	
472	197	765	  1	
472	288	765	  1	
472	307	765	  1	
472	368	765	  1	
472	372	765	  1	
473	222	765	  1	
473	344	765	  1	
475	 62	765	  1	
475	192	765	  1	
475	304	765	  1	
476	315	765	  1	
477	 14	765	  1	
477	 24	765	  1	
477	 31	765	  1	
477	240	765	  1	
477	247	765	  1	
477	270	765	  1	
478	373	765	  1	
479	355	765	  1	
479	368	765	  1	
480	  0	765	  1	
480	131	765	  1	
480	168	765	  1	
480	174	765	  1	
480	230	765	  1	
480	253	765	  1	
480	288	765	  1	
482	344	765	  1	
483	 16	765	  1	
483	 31	765	  1	
483	 40	765	  1	
483	 58	765	  1	
483	 80	765	  1	
483	351	765	  1	
484	172	765	  1	
485	207	765	  1	
485	280	765	  1	
485	287	765	  1	
485	294	765	  1	
486	  6	765	  1	
486	228	765	  1	
487	 24	765	  1	
487	 48	765	  1	
487	 91	765	  1	
488	 30	765	  1	
488	 63	765	  1	
488	104	765	  1	
488	111	765	  1	
488	195	765	  1	
488	216	765	  1	
488	239	765	  1	
488	276	765	  1	
488	307	765	  1	
490	 55	765	  1	
491	160	765	  1	
492	  0	765	  1	
493	 99	765	  1	
493	199	765	  1	
493	256	765	  1	
493	291	765	  1	
493	455	765	  1	
494	 40	765	  1	
494	104	765	  1	
495	 95	765	  1	
495	111	765	  1	
495	328	765	  1	
495	335	765	  1	
496	133	765	  1	
496	175	765	  1	
496	219	765	  1	
496	285	765	  1	
496	304	765	  1	
496	310	765	  1	
496	344	765	  1	
496	457	765	  1	
498	280	765	  1	
498	367	765	  1	
499	168	765	  1	
500	132	765	  1	
501	 95	765	  1	
501	232	765	  1	
501	307	765	  1	
501	318	765	  1	
501	328	765	  1	
502	147	765	  1	
502	286	765	  1	
503	 74	765	  1	
503	175	765	  1	
503	215	765	  1	
503	240	765	  1	
504	 10	765	  1	
504	 46	765	  1	
504	 84	765	  1	
504	108	765	  1	
504	121	765	  1	
504	143	765	  1	
504	275	765	  1	
504	296	765	  1	
504	344	765	  1	
504	480	765	  1	
505	243	765	  1	
506	136	765	  1	
506	349	765	  1	
507	 97	765	  1	
507	224	765	  1	
509	 87	765	  1	
509	211	765	  1	
509	280	765	  1	
511	 46	765	  1	
511	 72	765	  1	
511	328	765	  1	
511	344	765	  1	
512	  8	765	  1	
512	 23	765	  1	
512	 54	765	  1	
512	104	765	  1	
512	130	765	  1	
512	167	765	  1	
512	222	765	  1	
512	230	765	  1	
512	309	765	  1	
512	339	765	  1	
512	393	765	  1	
512	415	765	  1	
512	420	765	  1	
512	426	765	  1	
513	271	765	  1	
514	143	765	  1	
514	168	765	  1	
514	304	765	  1	
515	 40	765	  1	
515	109	765	  1	
515	160	765	  1	
515	256	765	  1	
517	328	765	  1	
517	360	765	  1	
518	 19	765	  1	
518	 77	765	  1	
518	212	765	  1	
518	310	765	  1	
518	333	765	  1	
518	408	765	  1	
519	 47	765	  1	
519	167	765	  1	
519	398	765	  1	
520	  8	765	  1	
520	 72	765	  1	
520	118	765	  1	
520	160	765	  1	
520	184	765	  1	
520	248	765	  1	
520	288	765	  1	
520	294	765	  1	
520	304	765	  1	
520	429	765	  1	
520	434	765	  1	
522	255	765	  1	
523	112	765	  1	
523	141	765	  1	
525	 75	765	  1	
525	175	765	  1	
525	190	765	  1	
525	228	765	  1	
525	250	765	  1	
525	296	765	  1	
525	360	765	  1	
526	118	765	  1	
526	138	765	  1	
527	128	765	  1	
527	223	765	  1	
527	371	765	  1	
528	 67	765	  1	
528	101	765	  1	
528	141	765	  1	
528	172	765	  1	
528	208	765	  1	
528	216	765	  1	
528	243	765	  1	
528	280	765	  1	
528	284	765	  1	
528	336	765	  1	
528	415	765	  1	
531	  0	765	  1	
532	  7	765	  1	
533	 96	765	  1	
533	110	765	  1	
533	251	765	  1	
533	295	765	  1	
533	330	765	  1	
534	128	765	  1	
534	175	765	  1	
536	  7	765	  1	
536	 88	765	  1	
536	119	765	  1	
536	146	765	  1	
536	168	765	  1	
536	176	765	  1	
536	203	765	  1	
536	241	765	  1	
536	245	765	  1	
536	285	765	  1	
536	288	765	  1	
536	320	765	  1	
536	354	765	  1	
536	384	765	  1	
536	485	765	  1	
538	 56	765	  1	
539	  7	765	  1	
539	 24	765	  1	
539	174	765	  1	
539	194	765	  1	
539	391	765	  1	
540	 37	765	  1	
541	276	765	  1	
541	374	765	  1	
542	103	765	  1	
542	119	765	  1	
543	  0	765	  1	
543	128	765	  1	
543	135	765	  1	
543	203	765	  1	
543	384	765	  1	
543	470	765	  1	
544	155	765	  1	
544	165	765	  1	
544	216	765	  1	
544	221	765	  1	
544	295	765	  1	
544	367	765	  1	
544	372	765	  1	
544	543	765	  1	
545	370	765	  1	
547	 42	765	  1	
547	256	765	  1	
547	334	765	  1	
547	416	765	  1	
548	392	765	  1	
549	104	765	  1	
549	160	765	  1	
549	194	765	  1	
549	375	765	  1	
550	127	765	  1	
550	208	765	  1	
550	215	765	  1	
551	  7	765	  1	
551	152	765	  1	
551	279	765	  1	
551	399	765	  1	
552	 26	765	  1	
552	 31	765	  1	
552	 93	765	  1	
552	119	765	  1	
552	129	765	  1	
552	184	765	  1	
552	224	765	  1	
552	296	765	  1	
552	304	765	  1	
554	 88	765	  1	
554	176	765	  1	
554	190	765	  1	
555	112	765	  1	
555	272	765	  1	
556	 40	765	  1	
556	200	765	  1	
556	368	765	  1	
557	152	765	  1	
557	157	765	  1	
557	160	765	  1	
557	296	765	  1	
558	 94	765	  1	
558	184	765	  1	
559	 26	765	  1	
559	 31	765	  1	
559	119	765	  1	
559	229	765	  1	
559	279	765	  1	
560	 90	765	  1	
560	142	765	  1	
560	167	765	  1	
560	174	765	  1	
560	178	765	  1	
560	208	765	  1	
560	238	765	  1	
560	404	765	  1	
561	138	765	  1	
562	106	765	  1	
563	183	765	  1	
563	214	765	  1	
563	376	765	  1	
563	383	765	  1	
564	351	765	  1	
564	406	765	  1	
565	131	765	  1	
565	179	765	  1	
565	206	765	  1	
565	367	765	  1	
565	386	765	  1	
566	  3	765	  1	
566	143	765	  1	
567	155	765	  1	
567	163	765	  1	
567	400	765	  1	
567	455	765	  1	
568	 24	765	  1	
568	 78	765	  1	
568	120	765	  1	
568	127	765	  1	
568	184	765	  1	
568	290	765	  1	
568	322	765	  1	
568	344	765	  1	
571	246	765	  1	
572	 44	765	  1	
573	 58	765	  1	
573	183	765	  1	
573	256	765	  1	
573	288	765	  1	
573	295	765	  1	
573	312	765	  1	
573	376	765	  1	
574	431	765	  1	
575	 78	765	  1	
576	 80	765	  1	
576	 88	765	  1	
576	 92	765	  1	
576	152	765	  1	
576	215	765	  1	
576	224	765	  1	
576	231	765	  1	
576	279	765	  1	
576	290	765	  1	
576	335	765	  1	
576	344	765	  1	
576	365	765	  1	
576	432	765	  1	
576	439	765	  1	
576	494	765	  1	
577	311	765	  1	
579	248	765	  1	
579	305	765	  1	
579	360	765	  1	
581	  0	765	  1	
581	158	765	  1	
581	176	765	  1	
581	288	765	  1	
581	295	765	  1	
581	351	765	  1	
582	 70	765	  1	
583	227	765	  1	
583	279	765	  1	
584	 96	765	  1	
584	104	765	  1	
584	133	765	  1	
584	144	765	  1	
584	259	765	  1	
584	296	765	  1	
584	384	765	  1	
584	408	765	  1	
584	515	765	  1	
585	288	765	  1	
586	272	765	  1	
587	176	765	  1	
587	311	765	  1	
589	 15	765	  1	
589	109	765	  1	
589	184	765	  1	
589	333	765	  1	
590	279	765	  1	
590	408	765	  1	
591	296	765	  1	
592	 71	765	  1	
592	113	765	  1	
592	120	765	  1	
592	216	765	  1	
592	220	765	  1	
592	224	765	  1	
592	235	765	  1	
592	248	765	  1	
592	326	765	  1	
592	368	765	  1	
595	 63	765	  1	
595	288	765	  1	
595	375	765	  1	
597	126	765	  1	
597	151	765	  1	
598	240	765	  1	
598	307	765	  1	
599	 88	765	  1	
599	 99	765	  1	
599	111	765	  1	
599	360	765	  1	
600	 72	765	  1	
600	112	765	  1	
600	120	765	  1	
600	144	765	  1	
600	169	765	  1	
600	256	765	  1	
600	277	765	  1	
600	387	765	  1	
602	175	765	  1	
603	127	765	  1	
603	288	765	  1	
604	 79	765	  1	
605	128	765	  1	
605	230	765	  1	
605	272	765	  1	
605	304	765	  1	
606	144	765	  1	
606	170	765	  1	
606	240	765	  1	
606	435	765	  1	
606	578	765	  1	
607	120	765	  1	
607	236	765	  1	
608	112	765	  1	
608	162	765	  1	
608	167	765	  1	
608	184	765	  1	
608	207	765	  1	
608	264	765	  1	
608	280	765	  1	
608	288	765	  1	
608	352	765	  1	
609	  3	765	  1	
610	190	765	  1	
611	200	765	  1	
612	335	765	  1	
612	357	765	  1	
613	119	765	  1	
614	372	765	  1	
615	184	765	  1	
615	207	765	  1	
615	295	765	  1	
616	128	765	  1	
616	170	765	  1	
616	175	765	  1	
616	195	765	  1	
616	224	765	  1	
616	240	765	  1	
616	246	765	  1	
616	336	765	  1	
616	391	765	  1	
618	  8	765	  1	
619	315	765	  1	
619	351	765	  1	
621	243	765	  1	
621	303	765	  1	
621	569	765	  1	
622	168	765	  1	
622	173	765	  1	
622	252	765	  1	
622	471	765	  1	
622	570	765	  1	
623	 13	765	  1	
623	 69	765	  1	
623	128	765	  1	
623	192	765	  1	
623	199	765	  1	
623	216	765	  1	
623	231	765	  1	
623	440	765	  1	
623	551	765	  1	
624	  0	765	  1	
624	  7	765	  1	
624	126	765	  1	
624	205	765	  1	
624	209	765	  1	
624	247	765	  1	
625	200	765	  1	
626	120	765	  1	
627	240	765	  1	
628	264	765	  1	
628	286	765	  1	
629	328	765	  1	
630	 40	765	  1	
630	215	765	  1	
630	219	765	  1	
630	272	765	  1	
630	279	765	  1	
631	128	765	  1	
631	144	765	  1	
631	203	765	  1	
631	247	765	  1	
632	184	765	  1	
632	199	765	  1	
632	208	765	  1	
632	213	765	  1	
632	373	765	  1	
632	427	765	  1	
632	480	765	  1	
632	579	765	  1	
634	203	765	  1	
635	191	765	  1	
635	278	765	  1	
635	288	765	  1	
639	184	765	  1	
639	199	765	  1	
639	463	765	  1	
640	 78	765	  1	
640	112	765	  1	
640	230	765	  1	
640	272	765	  1	
640	304	765	  1	
640	323	765	  1	
640	360	765	  1	
640	371	765	  1	
640	382	765	  1	
640	408	765	  1	
642	 24	765	  1	
643	  8	765	  1	
643	311	765	  1	
645	104	765	  1	
645	135	765	  1	
645	224	765	  1	
645	365	765	  1	
646	 67	765	  1	
646	 79	765	  1	
646	239	765	  1	
646	387	765	  1	
647	  0	765	  1	
647	232	765	  1	
647	304	765	  1	
647	320	765	  1	
647	327	765	  1	
647	368	765	  1	
647	375	765	  1	
647	382	765	  1	
648	 95	765	  1	
648	171	765	  1	
648	192	765	  1	
648	209	765	  1	
648	248	765	  1	
648	255	765	  1	
648	295	765	  1	
651	 88	765	  1	
653	112	765	  1	
653	419	765	  1	
654	 68	765	  1	
654	287	765	  1	
655	 95	765	  1	
655	119	765	  1	
655	168	765	  1	
655	175	765	  1	
655	192	765	  1	
655	343	765	  1	
655	371	765	  1	
655	408	765	  1	
656	275	765	  1	
656	359	765	  1	
658	319	765	  1	
659	 78	765	  1	
660	 77	765	  1	
661	 76	765	  1	
662	 68	765	  1	
663	 93	765	  1	
663	288	765	  1	
663	295	765	  1	
664	120	765	  1	
664	296	765	  1	
667	187	765	  1	
669	 24	765	  1	
672	 86	765	  1	
672	120	765	  1	
672	205	765	  1	
675	195	765	  1	
676	 39	765	  1	
676	120	765	  1	
679	 86	765	  1	
679	200	765	  1	
679	439	765	  1	
680	 88	765	  1	
680	127	765	  1	
680	436	765	  1	
680	456	765	  1	
680	464	765	  1	
685	379	765	  1	
685	469	765	  1	
687	 95	765	  1	
696	239	765	  1	
699	178	765	  1	
699	287	765	  1	
704	212	765	  1	
706	408	765	  1	
711	459	765	  1	
729	275	765	  1	
741	548	765	  1	
743	  0	765	  1	
753	 15	765	  1	
