# 
#  Image file: Goad2_T0105.jpg
#  Applied threshold: 575
#  Algorithm used: fill2                 
#  Particle count: 1735
#  Location (x,y), max luminance, and mass:
# 
  5	211	765	  1	
  5	234	765	  1	
  6	296	765	  1	
  8	128	765	  1	
 11	182	765	  1	
 19	436	765	  1	
 22	464	765	  1	
 24	 12	765	  1	
 24	319	765	  1	
 24	349	765	  1	
 30	535	765	  1	
 32	220	765	  1	
 34	139	765	  1	
 36	175	765	  1	
 39	216	765	  1	
 39	304	765	  1	
 39	587	765	  1	
 47	133	765	  1	
 50	227	765	  1	
 51	239	765	  1	
 54	191	765	  1	
 60	 88	765	  1	
 60	336	765	  1	
 63	101	765	  1	
 64	 69	765	  1	
 64	104	765	  1	
 64	359	765	  1	
 67	360	765	  1	
 67	592	765	  1	
 70	288	765	  1	
 71	103	765	  1	
 71	111	765	  1	
 71	232	765	  1	
 71	366	765	  1	
 72	304	765	  1	
 75	103	765	  1	
 75	144	765	  1	
 76	239	765	  1	
 79	229	765	  1	
 80	343	765	  1	
 84	469	765	  1	
 86	151	765	  1	
 86	275	765	  1	
 86	411	765	  1	
 87	343	765	  1	
 91	376	765	  1	
 96	130	765	  1	
 96	383	765	  1	
 96	527	765	  1	
100	368	765	  1	
101	 24	765	  1	
101	 31	765	  1	
101	378	765	  1	
103	375	765	  1	
103	384	765	  1	
104	137	765	  1	
104	152	765	  1	
104	159	765	  1	
104	360	765	  1	
104	436	765	  1	
108	143	765	  1	
109	104	765	  1	
111	136	765	  1	
111	296	765	  1	
111	464	765	  1	
112	263	765	  1	
112	327	765	  1	
112	427	765	  1	
113	437	765	  1	
114	348	765	  1	
115	320	765	  1	
117	120	765	  1	
117	125	765	  1	
119	327	765	  1	
119	407	765	  1	
120	256	765	  1	
120	290	765	  1	
120	415	765	  1	
120	487	765	  1	
122	140	765	  1	
122	342	765	  1	
123	184	765	  1	
126	190	765	  1	
126	221	765	  1	
126	257	765	  1	
127	136	765	  1	
127	260	765	  1	
127	362	765	  1	
127	415	765	  1	
127	455	765	  1	
128	215	765	  1	
128	235	765	  1	
128	258	765	  1	
128	328	765	  1	
128	408	765	  1	
128	431	765	  1	
129	319	765	  1	
129	479	765	  1	
130	128	765	  1	
131	152	765	  1	
131	208	765	  1	
131	424	765	  1	
132	263	765	  1	
133	187	765	  1	
134	415	765	  1	
135	131	765	  1	
135	167	765	  1	
135	215	765	  1	
135	333	765	  1	
135	431	765	  1	
136	143	765	  1	
136	296	765	  1	
136	382	765	  1	
136	424	765	  1	
139	192	765	  1	
139	431	765	  1	
140	235	765	  1	
142	 83	765	  1	
142	380	765	  1	
143	184	765	  1	
143	191	765	  1	
143	243	765	  1	
143	352	765	  1	
143	424	765	  1	
144	  6	765	  1	
144	103	765	  1	
144	144	765	  1	
144	182	765	  1	
144	259	765	  1	
144	346	765	  1	
145	284	765	  1	
147	 93	765	  1	
148	271	765	  1	
149	  2	765	  1	
149	534	765	  1	
151	100	765	  1	
151	182	765	  1	
151	235	765	  1	
152	104	765	  1	
152	111	765	  1	
152	160	765	  1	
152	242	765	  1	
152	247	765	  1	
152	335	765	  1	
152	367	765	  1	
153	136	765	  1	
154	460	765	  1	
155	520	765	  1	
157	242	765	  1	
157	319	765	  1	
158	160	765	  1	
158	231	765	  1	
159	107	765	  1	
159	225	765	  1	
159	335	765	  1	
160	  7	765	  1	
160	133	765	  1	
160	216	765	  1	
160	445	765	  1	
160	561	765	  1	
161	112	765	  1	
161	514	765	  1	
162	416	765	  1	
162	440	765	  1	
163	  0	765	  1	
163	343	765	  1	
163	479	765	  1	
165	399	765	  1	
165	422	765	  1	
166	215	765	  1	
166	220	765	  1	
166	445	765	  1	
167	  7	765	  1	
167	416	765	  1	
167	430	765	  1	
168	 47	765	  1	
168	 96	765	  1	
168	102	765	  1	
168	107	765	  1	
168	140	765	  1	
168	202	765	  1	
168	208	765	  1	
168	221	765	  1	
168	231	765	  1	
168	251	765	  1	
168	278	765	  1	
168	288	765	  1	
168	384	765	  1	
168	486	765	  1	
170	 23	765	  1	
170	391	765	  1	
171	  0	765	  1	
171	101	765	  1	
171	319	765	  1	
171	480	765	  1	
172	127	765	  1	
172	224	765	  1	
173	 48	765	  1	
173	111	765	  1	
173	384	765	  1	
174	215	765	  1	
175	 40	765	  1	
175	 53	765	  1	
175	248	765	  1	
175	255	765	  1	
175	295	765	  1	
175	453	765	  1	
176	104	765	  1	
176	160	765	  1	
176	189	765	  1	
176	232	765	  1	
176	563	765	  1	
177	432	765	  1	
177	437	765	  1	
178	376	765	  1	
179	 35	765	  1	
179	163	765	  1	
179	471	765	  1	
180	187	765	  1	
180	198	765	  1	
182	160	765	  1	
183	107	765	  1	
184	  0	765	  1	
184	126	765	  1	
184	264	765	  1	
184	288	765	  1	
184	328	765	  1	
184	360	765	  1	
184	366	765	  1	
184	375	765	  1	
184	536	765	  1	
184	543	765	  1	
186	  6	765	  1	
186	 16	765	  1	
186	 96	765	  1	
186	271	765	  1	
186	463	765	  1	
187	336	765	  1	
188	111	765	  1	
190	  0	765	  1	
190	264	765	  1	
191	104	765	  1	
191	126	765	  1	
191	371	765	  1	
192	  6	765	  1	
192	122	765	  1	
192	191	765	  1	
192	224	765	  1	
192	234	765	  1	
192	239	765	  1	
192	360	765	  1	
192	384	765	  1	
192	456	765	  1	
193	 48	765	  1	
195	367	765	  1	
195	440	765	  1	
196	186	765	  1	
197	288	765	  1	
197	368	765	  1	
197	420	765	  1	
198	109	765	  1	
198	387	765	  1	
199	360	765	  1	
199	468	765	  1	
200	 16	765	  1	
200	107	765	  1	
200	120	765	  1	
200	132	765	  1	
200	143	765	  1	
200	251	765	  1	
200	349	765	  1	
200	382	765	  1	
202	 34	765	  1	
203	164	765	  1	
204	344	765	  1	
205	  4	765	  1	
205	 23	765	  1	
205	125	765	  1	
206	143	765	  1	
206	162	765	  1	
206	510	765	  1	
207	 75	765	  1	
207	104	765	  1	
207	111	765	  1	
207	384	765	  1	
207	391	765	  1	
208	 36	765	  1	
208	154	765	  1	
208	159	765	  1	
208	192	765	  1	
208	199	765	  1	
208	408	765	  1	
211	136	765	  1	
211	535	765	  1	
212	184	765	  1	
213	 40	765	  1	
214	 46	765	  1	
214	120	765	  1	
214	147	765	  1	
214	191	765	  1	
215	 69	765	  1	
215	415	765	  1	
216	  8	765	  1	
216	 40	765	  1	
216	 45	765	  1	
216	 66	765	  1	
216	104	765	  1	
216	109	765	  1	
216	112	765	  1	
216	224	765	  1	
216	231	765	  1	
216	249	765	  1	
216	370	765	  1	
216	386	765	  1	
216	516	765	  1	
216	559	765	  1	
218	158	765	  1	
219	128	765	  1	
219	166	765	  1	
220	255	765	  1	
221	546	765	  1	
222	 42	765	  1	
222	 47	765	  1	
222	152	765	  1	
223	227	765	  1	
223	373	765	  1	
224	 72	765	  1	
224	 79	765	  1	
224	 85	765	  1	
224	114	765	  1	
224	125	765	  1	
224	384	765	  1	
224	413	765	  1	
226	112	765	  1	
226	168	765	  1	
226	295	765	  1	
226	397	765	  1	
227	102	765	  1	
228	216	765	  1	
228	374	765	  1	
229	 35	765	  1	
229	192	765	  1	
230	  8	765	  1	
230	223	765	  1	
230	344	765	  1	
230	368	765	  1	
231	 75	765	  1	
231	175	765	  1	
231	352	765	  1	
231	413	765	  1	
232	 24	765	  1	
232	136	765	  1	
232	140	765	  1	
232	146	765	  1	
232	155	765	  1	
232	206	765	  1	
232	224	765	  1	
232	304	765	  1	
232	376	765	  1	
232	451	765	  1	
232	488	765	  1	
233	152	765	  1	
234	124	765	  1	
234	232	765	  1	
235	 98	765	  1	
235	166	765	  1	
235	176	765	  1	
235	414	765	  1	
236	  5	765	  1	
236	440	765	  1	
236	467	765	  1	
237	 40	765	  1	
237	 45	765	  1	
238	227	765	  1	
238	368	765	  1	
238	375	765	  1	
238	447	765	  1	
239	 79	765	  1	
239	390	765	  1	
239	455	765	  1	
239	560	765	  1	
240	112	765	  1	
240	128	765	  1	
240	175	765	  1	
240	194	765	  1	
240	203	765	  1	
240	211	765	  1	
240	256	765	  1	
240	347	765	  1	
240	365	765	  1	
240	416	765	  1	
240	490	765	  1	
242	168	765	  1	
242	262	765	  1	
242	360	765	  1	
244	320	765	  1	
245	103	765	  1	
245	119	765	  1	
245	127	765	  1	
245	176	765	  1	
245	214	765	  1	
245	256	765	  1	
245	296	765	  1	
246	112	765	  1	
246	147	765	  1	
246	160	765	  1	
246	365	765	  1	
246	395	765	  1	
246	423	765	  1	
247	142	765	  1	
247	200	765	  1	
247	207	765	  1	
247	261	765	  1	
247	272	765	  1	
247	279	765	  1	
248	  0	765	  1	
248	 81	765	  1	
248	106	765	  1	
248	151	765	  1	
248	304	765	  1	
248	433	765	  1	
248	440	765	  1	
249	367	765	  1	
250	570	765	  1	
251	126	765	  1	
251	168	765	  1	
251	208	765	  1	
251	496	765	  1	
251	507	765	  1	
252	 88	765	  1	
252	322	765	  1	
252	439	765	  1	
253	411	765	  1	
254	 93	765	  1	
255	187	765	  1	
255	215	765	  1	
255	526	765	  1	
256	  4	765	  1	
256	 20	765	  1	
256	 56	765	  1	
256	128	765	  1	
256	162	765	  1	
256	238	765	  1	
256	248	765	  1	
256	344	765	  1	
256	504	765	  1	
258	  7	765	  1	
259	 96	765	  1	
259	159	765	  1	
259	168	765	  1	
259	175	765	  1	
259	184	765	  1	
259	255	765	  1	
259	416	765	  1	
259	511	765	  1	
259	520	765	  1	
260	296	765	  1	
260	343	765	  1	
260	500	765	  1	
261	148	765	  1	
261	479	765	  1	
262	208	765	  1	
262	220	765	  1	
263	  4	765	  1	
263	 16	765	  1	
263	238	765	  1	
263	248	765	  1	
263	504	765	  1	
263	527	765	  1	
264	 72	765	  1	
264	 91	765	  1	
264	104	765	  1	
264	111	765	  1	
264	113	765	  1	
264	189	765	  1	
264	214	765	  1	
264	224	765	  1	
264	235	765	  1	
264	528	765	  1	
264	535	765	  1	
264	552	765	  1	
265	182	765	  1	
267	168	765	  1	
267	266	765	  1	
267	407	765	  1	
267	487	765	  1	
267	559	765	  1	
268	 40	765	  1	
268	 72	765	  1	
269	174	765	  1	
269	263	765	  1	
269	375	765	  1	
270	 47	765	  1	
270	114	765	  1	
270	128	765	  1	
270	183	765	  1	
270	531	765	  1	
271	152	765	  1	
271	215	765	  1	
271	296	765	  1	
271	365	765	  1	
271	403	765	  1	
271	432	765	  1	
271	552	765	  1	
272	 30	765	  1	
272	 69	765	  1	
272	 78	765	  1	
272	 88	765	  1	
272	 95	765	  1	
272	216	765	  1	
272	223	765	  1	
272	244	765	  1	
272	317	765	  1	
272	400	765	  1	
272	459	765	  1	
272	469	765	  1	
273	383	765	  1	
274	104	765	  1	
275	135	765	  1	
275	240	765	  1	
275	264	765	  1	
275	278	765	  1	
275	301	765	  1	
275	576	765	  1	
277	 64	765	  1	
277	 75	765	  1	
277	192	765	  1	
278	235	765	  1	
278	245	765	  1	
278	261	765	  1	
278	269	765	  1	
278	415	765	  1	
278	464	765	  1	
279	168	765	  1	
279	381	765	  1	
279	585	765	  1	
280	 83	765	  1	
280	107	765	  1	
280	113	765	  1	
280	146	765	  1	
280	152	765	  1	
280	250	765	  1	
280	255	765	  1	
280	264	765	  1	
280	286	765	  1	
280	333	765	  1	
280	384	765	  1	
280	556	765	  1	
280	563	765	  1	
282	400	765	  1	
282	530	765	  1	
283	328	765	  1	
283	410	765	  1	
283	462	765	  1	
283	535	765	  1	
284	552	765	  1	
285	 78	765	  1	
285	158	765	  1	
285	192	765	  1	
286	173	765	  1	
286	195	765	  1	
286	284	765	  1	
286	559	765	  1	
287	144	765	  1	
287	151	765	  1	
287	196	765	  1	
287	567	765	  1	
288	 48	765	  1	
288	 52	765	  1	
288	 88	765	  1	
288	187	765	  1	
288	200	765	  1	
288	216	765	  1	
288	240	765	  1	
288	246	765	  1	
288	320	765	  1	
288	359	765	  1	
288	518	765	  1	
288	568	765	  1	
288	596	765	  1	
290	126	765	  1	
290	296	765	  1	
290	326	765	  1	
291	 96	765	  1	
291	136	765	  1	
291	208	765	  1	
291	391	765	  1	
291	575	765	  1	
292	228	765	  1	
293	223	765	  1	
293	243	765	  1	
293	475	765	  1	
293	599	765	  1	
294	 40	765	  1	
294	 46	765	  1	
294	120	765	  1	
294	143	765	  1	
294	320	765	  1	
294	384	765	  1	
294	505	765	  1	
295	 88	765	  1	
295	 95	765	  1	
295	173	765	  1	
295	568	765	  1	
296	 38	765	  1	
296	 80	765	  1	
296	232	765	  1	
296	310	765	  1	
296	424	765	  1	
296	455	765	  1	
298	200	765	  1	
298	205	765	  1	
299	118	765	  1	
299	184	765	  1	
299	366	765	  1	
299	431	765	  1	
299	576	765	  1	
300	296	765	  1	
301	208	765	  1	
301	288	765	  1	
301	299	765	  1	
301	360	765	  1	
302	 48	765	  1	
303	 38	765	  1	
303	232	765	  1	
303	424	765	  1	
304	  7	765	  1	
304	104	765	  1	
304	240	765	  1	
304	292	765	  1	
304	344	765	  1	
304	351	765	  1	
304	375	765	  1	
304	387	765	  1	
304	405	765	  1	
304	472	765	  1	
304	512	765	  1	
304	528	765	  1	
304	535	765	  1	
304	568	765	  1	
304	582	765	  1	
306	 54	765	  1	
306	 96	765	  1	
306	208	765	  1	
306	246	765	  1	
306	480	765	  1	
306	487	765	  1	
307	 16	765	  1	
307	368	765	  1	
307	479	765	  1	
308	310	765	  1	
309	163	765	  1	
309	295	765	  1	
309	303	765	  1	
309	325	765	  1	
309	462	765	  1	
310	 48	765	  1	
310	214	765	  1	
310	240	765	  1	
310	256	765	  1	
310	296	765	  1	
311	104	765	  1	
311	192	765	  1	
311	291	765	  1	
311	375	765	  1	
311	472	765	  1	
311	512	765	  1	
311	531	765	  1	
312	 16	765	  1	
312	 56	765	  1	
312	 85	765	  1	
312	101	765	  1	
312	136	765	  1	
312	227	765	  1	
312	310	765	  1	
312	333	765	  1	
312	336	765	  1	
312	347	765	  1	
312	359	765	  1	
312	395	765	  1	
312	429	765	  1	
312	439	765	  1	
312	544	765	  1	
314	104	765	  1	
315	 40	765	  1	
315	208	765	  1	
315	272	765	  1	
315	551	765	  1	
316	224	765	  1	
317	 48	765	  1	
317	 55	765	  1	
317	424	765	  1	
317	451	765	  1	
317	543	765	  1	
318	320	765	  1	
318	435	765	  1	
319	343	765	  1	
319	351	765	  1	
319	356	765	  1	
320	 72	765	  1	
320	 96	765	  1	
320	112	765	  1	
320	126	765	  1	
320	157	765	  1	
320	186	765	  1	
320	191	765	  1	
320	223	765	  1	
320	248	765	  1	
320	254	765	  1	
320	407	765	  1	
320	416	765	  1	
320	439	765	  1	
322	480	765	  1	
323	 56	765	  1	
323	599	765	  1	
324	486	765	  1	
325	 51	765	  1	
325	 78	765	  1	
325	106	765	  1	
325	133	765	  1	
325	151	765	  1	
325	168	765	  1	
325	336	765	  1	
325	434	765	  1	
326	123	765	  1	
327	 96	765	  1	
327	208	765	  1	
327	251	765	  1	
328	  5	765	  1	
328	 70	765	  1	
328	133	765	  1	
328	248	765	  1	
328	256	765	  1	
328	272	765	  1	
328	279	765	  1	
328	347	765	  1	
328	474	765	  1	
328	551	765	  1	
329	567	765	  1	
330	267	765	  1	
331	 88	765	  1	
331	534	765	  1	
333	248	765	  1	
333	254	765	  1	
334	253	765	  1	
334	528	765	  1	
335	 66	765	  1	
335	398	765	  1	
336	  8	765	  1	
336	 22	765	  1	
336	 80	765	  1	
336	 87	765	  1	
336	 96	765	  1	
336	108	765	  1	
336	136	765	  1	
336	143	765	  1	
336	147	765	  1	
336	155	765	  1	
336	191	765	  1	
336	208	765	  1	
336	214	765	  1	
336	240	765	  1	
336	320	765	  1	
336	352	765	  1	
336	373	765	  1	
336	432	765	  1	
336	520	765	  1	
336	532	765	  1	
337	  5	765	  1	
338	246	765	  1	
338	423	765	  1	
339	 56	765	  1	
339	232	765	  1	
339	288	765	  1	
339	439	765	  1	
340	184	765	  1	
340	418	765	  1	
341	191	765	  1	
341	211	765	  1	
342	 96	765	  1	
342	240	765	  1	
342	323	765	  1	
343	432	765	  1	
343	527	765	  1	
344	  3	765	  1	
344	 72	765	  1	
344	 90	765	  1	
344	139	765	  1	
344	167	765	  1	
344	214	765	  1	
344	220	765	  1	
344	344	765	  1	
344	369	765	  1	
344	410	765	  1	
344	424	765	  1	
344	431	765	  1	
344	453	765	  1	
344	540	765	  1	
345	149	765	  1	
345	175	765	  1	
346	216	765	  1	
347	208	765	  1	
347	328	765	  1	
349	 14	765	  1	
349	 32	765	  1	
349	270	765	  1	
349	408	765	  1	
349	415	765	  1	
349	472	765	  1	
350	 11	765	  1	
350	168	765	  1	
350	392	765	  1	
350	399	765	  1	
351	 72	765	  1	
351	136	765	  1	
351	150	765	  1	
351	344	765	  1	
351	427	765	  1	
352	 56	765	  1	
352	121	765	  1	
352	130	765	  1	
352	216	765	  1	
352	231	765	  1	
352	235	765	  1	
352	264	765	  1	
352	288	765	  1	
352	432	765	  1	
353	368	765	  1	
355	  0	765	  1	
355	 64	765	  1	
355	139	765	  1	
355	175	765	  1	
355	192	765	  1	
355	224	765	  1	
355	304	765	  1	
355	439	765	  1	
357	135	765	  1	
357	222	765	  1	
358	 56	765	  1	
358	120	765	  1	
358	151	765	  1	
358	168	765	  1	
358	396	765	  1	
359	231	765	  1	
359	239	765	  1	
359	248	765	  1	
359	271	765	  1	
359	432	765	  1	
360	  0	765	  1	
360	  6	765	  1	
360	 31	765	  1	
360	122	765	  1	
360	136	765	  1	
360	182	765	  1	
360	284	765	  1	
360	358	765	  1	
360	392	765	  1	
360	406	765	  1	
360	455	765	  1	
361	128	765	  1	
362	 96	765	  1	
362	142	765	  1	
363	 16	765	  1	
363	 87	765	  1	
363	448	765	  1	
365	 78	765	  1	
365	168	765	  1	
365	407	765	  1	
365	442	765	  1	
366	 72	765	  1	
366	134	765	  1	
366	188	765	  1	
366	287	765	  1	
367	141	765	  1	
367	182	765	  1	
367	392	765	  1	
367	436	765	  1	
368	 11	765	  1	
368	 15	765	  1	
368	 40	765	  1	
368	 48	765	  1	
368	142	765	  1	
368	305	765	  1	
368	331	765	  1	
368	363	765	  1	
368	431	765	  1	
368	459	765	  1	
368	508	765	  1	
369	  5	765	  1	
370	 74	765	  1	
370	141	765	  1	
370	160	765	  1	
370	376	765	  1	
371	283	765	  1	
373	 43	765	  1	
373	225	765	  1	
374	126	765	  1	
374	264	765	  1	
374	446	765	  1	
375	  6	765	  1	
375	 48	765	  1	
375	135	765	  1	
375	142	765	  1	
375	144	765	  1	
375	328	765	  1	
375	335	765	  1	
375	356	765	  1	
375	431	765	  1	
375	459	765	  1	
376	 13	765	  1	
376	 16	765	  1	
376	 40	765	  1	
376	 86	765	  1	
376	152	765	  1	
376	168	765	  1	
376	175	765	  1	
376	183	765	  1	
376	248	765	  1	
376	259	765	  1	
376	402	765	  1	
377	 37	765	  1	
377	111	765	  1	
378	136	765	  1	
379	 32	765	  1	
379	192	765	  1	
379	247	765	  1	
379	255	765	  1	
380	120	765	  1	
381	  0	765	  1	
381	 16	765	  1	
381	 64	765	  1	
381	 87	765	  1	
381	407	765	  1	
382	105	765	  1	
382	177	765	  1	
382	573	765	  1	
383	248	765	  1	
383	256	765	  1	
383	263	765	  1	
383	316	765	  1	
384	 21	765	  1	
384	 62	765	  1	
384	 76	765	  1	
384	136	765	  1	
384	165	765	  1	
384	196	765	  1	
384	274	765	  1	
384	287	765	  1	
384	347	765	  1	
384	496	765	  1	
385	177	765	  1	
386	117	765	  1	
386	207	765	  1	
386	372	765	  1	
387	110	765	  1	
387	128	765	  1	
387	280	765	  1	
389	  8	765	  1	
389	151	765	  1	
389	207	765	  1	
389	400	765	  1	
389	407	765	  1	
390	 59	765	  1	
390	133	765	  1	
390	551	765	  1	
391	180	765	  1	
391	274	765	  1	
391	287	765	  1	
392	  0	765	  1	
392	  4	765	  1	
392	 56	765	  1	
392	 62	765	  1	
392	120	765	  1	
392	154	765	  1	
392	160	765	  1	
392	195	765	  1	
393	397	765	  1	
394	 39	765	  1	
394	176	765	  1	
394	188	765	  1	
394	398	765	  1	
395	 24	765	  1	
396	 40	765	  1	
396	152	765	  1	
396	164	765	  1	
396	224	765	  1	
397	 59	765	  1	
397	 70	765	  1	
397	112	765	  1	
397	126	765	  1	
398	 47	765	  1	
398	184	765	  1	
398	192	765	  1	
398	311	765	  1	
399	 32	765	  1	
399	176	765	  1	
399	399	765	  1	
400	 20	765	  1	
400	 85	765	  1	
400	105	765	  1	
400	131	765	  1	
400	144	765	  1	
400	168	765	  1	
400	203	765	  1	
400	238	765	  1	
400	247	765	  1	
400	346	765	  1	
400	407	765	  1	
403	370	765	  1	
403	400	765	  1	
403	495	765	  1	
404	 16	765	  1	
405	167	765	  1	
405	192	765	  1	
406	 22	765	  1	
406	200	765	  1	
406	224	765	  1	
406	231	765	  1	
406	239	765	  1	
406	332	765	  1	
407	 46	765	  1	
407	 77	765	  1	
407	360	765	  1	
407	399	765	  1	
407	407	765	  1	
408	 36	765	  1	
408	 64	765	  1	
408	 96	765	  1	
408	253	765	  1	
408	264	765	  1	
408	308	765	  1	
408	592	765	  1	
408	599	765	  1	
409	430	765	  1	
410	 32	765	  1	
411	184	765	  1	
411	383	765	  1	
413	  3	765	  1	
413	151	765	  1	
414	 39	765	  1	
414	248	765	  1	
415	157	765	  1	
415	162	765	  1	
416	 40	765	  1	
416	 52	765	  1	
416	 90	765	  1	
416	120	765	  1	
416	136	765	  1	
416	142	765	  1	
416	168	765	  1	
416	183	765	  1	
416	207	765	  1	
416	210	765	  1	
416	255	765	  1	
416	266	765	  1	
416	378	765	  1	
416	383	765	  1	
418	 48	765	  1	
418	200	765	  1	
418	424	765	  1	
418	431	765	  1	
420	 85	765	  1	
421	  8	765	  1	
421	126	765	  1	
421	139	765	  1	
421	144	765	  1	
421	155	765	  1	
421	427	765	  1	
422	300	765	  1	
422	378	765	  1	
422	392	765	  1	
422	509	765	  1	
423	 40	765	  1	
423	 53	765	  1	
423	207	765	  1	
423	383	765	  1	
424	  7	765	  1	
424	 35	765	  1	
424	119	765	  1	
424	128	765	  1	
424	167	765	  1	
424	186	765	  1	
424	195	765	  1	
424	354	765	  1	
424	400	765	  1	
424	407	765	  1	
424	419	765	  1	
426	200	765	  1	
427	 94	765	  1	
427	160	765	  1	
427	311	765	  1	
428	136	765	  1	
429	 55	765	  1	
429	 64	765	  1	
429	 71	765	  1	
430	 32	765	  1	
430	 87	765	  1	
430	212	765	  1	
430	223	765	  1	
431	  2	765	  1	
431	  7	765	  1	
431	144	765	  1	
431	167	765	  1	
431	175	765	  1	
431	403	765	  1	
431	416	765	  1	
431	423	765	  1	
432	  0	765	  1	
432	  4	765	  1	
432	 34	765	  1	
432	 48	765	  1	
432	 72	765	  1	
432	 90	765	  1	
432	160	765	  1	
432	208	765	  1	
432	232	765	  1	
432	240	765	  1	
432	368	765	  1	
434	213	765	  1	
434	264	765	  1	
434	300	765	  1	
435	138	765	  1	
435	184	765	  1	
435	375	765	  1	
436	243	765	  1	
437	112	765	  1	
438	128	765	  1	
439	 34	765	  1	
439	 55	765	  1	
439	 88	765	  1	
439	 95	765	  1	
439	192	765	  1	
439	368	765	  1	
439	376	765	  1	
439	419	765	  1	
440	 16	765	  1	
440	 69	765	  1	
440	104	765	  1	
440	116	765	  1	
440	217	765	  1	
440	262	765	  1	
443	 23	765	  1	
443	 31	765	  1	
443	185	765	  1	
444	  3	765	  1	
444	158	765	  1	
445	 40	765	  1	
445	 47	765	  1	
445	 80	765	  1	
445	 92	765	  1	
445	145	765	  1	
445	347	765	  1	
446	152	765	  1	
446	263	765	  1	
446	363	765	  1	
447	 56	765	  1	
448	 51	765	  1	
448	 72	765	  1	
448	176	765	  1	
448	208	765	  1	
448	381	765	  1	
450	148	765	  1	
451	  8	765	  1	
451	335	765	  1	
453	126	765	  1	
453	152	765	  1	
453	157	765	  1	
453	224	765	  1	
454	 14	765	  1	
454	133	765	  1	
454	376	765	  1	
454	392	765	  1	
455	144	765	  1	
456	 95	765	  1	
456	137	765	  1	
456	160	765	  1	
456	181	765	  1	
456	193	765	  1	
456	207	765	  1	
456	216	765	  1	
456	240	765	  1	
456	272	765	  1	
456	279	765	  1	
456	344	765	  1	
456	348	765	  1	
456	391	765	  1	
458	 33	765	  1	
458	200	765	  1	
458	304	765	  1	
458	312	765	  1	
459	184	765	  1	
459	384	765	  1	
459	599	765	  1	
461	176	765	  1	
462	112	765	  1	
462	152	765	  1	
462	349	765	  1	
463	 34	765	  1	
463	 64	765	  1	
463	207	765	  1	
463	272	765	  1	
463	279	765	  1	
463	302	765	  1	
463	344	765	  1	
463	391	765	  1	
464	 54	765	  1	
464	 60	765	  1	
464	 77	765	  1	
464	 85	765	  1	
464	 89	765	  1	
464	130	765	  1	
464	135	765	  1	
464	164	765	  1	
465	119	765	  1	
466	267	765	  1	
466	292	765	  1	
466	511	765	  1	
466	552	765	  1	
467	  0	765	  1	
467	 16	765	  1	
467	 48	765	  1	
468	 86	765	  1	
468	124	765	  1	
469	160	765	  1	
469	176	765	  1	
469	183	765	  1	
469	198	765	  1	
471	 32	765	  1	
471	 37	765	  1	
471	214	765	  1	
472	  8	765	  1	
472	 55	765	  1	
472	 72	765	  1	
472	100	765	  1	
472	155	765	  1	
472	353	765	  1	
472	389	765	  1	
472	472	765	  1	
474	 40	765	  1	
474	144	765	  1	
474	160	765	  1	
475	 13	765	  1	
475	272	765	  1	
475	342	765	  1	
475	384	765	  1	
477	 78	765	  1	
477	176	765	  1	
477	231	765	  1	
478	223	765	  1	
478	336	765	  1	
479	 54	765	  1	
479	148	765	  1	
479	472	765	  1	
480	  0	765	  1	
480	 64	765	  1	
480	 88	765	  1	
480	 96	765	  1	
480	117	765	  1	
480	232	765	  1	
480	272	765	  1	
480	305	765	  1	
481	  8	765	  1	
482	 48	765	  1	
482	 56	765	  1	
482	 63	765	  1	
482	 70	765	  1	
482	365	765	  1	
482	562	765	  1	
483	166	765	  1	
483	184	765	  1	
483	311	765	  1	
485	102	765	  1	
485	128	765	  1	
485	192	765	  1	
485	347	765	  1	
486	  0	765	  1	
486	152	765	  1	
486	275	765	  1	
486	306	765	  1	
487	 40	765	  1	
487	176	765	  1	
487	403	765	  1	
488	 43	765	  1	
488	 72	765	  1	
488	155	765	  1	
488	167	765	  1	
488	319	765	  1	
488	351	765	  1	
488	354	765	  1	
490	 63	765	  1	
490	128	765	  1	
491	152	765	  1	
491	167	765	  1	
491	344	765	  1	
491	358	765	  1	
493	112	765	  1	
494	 39	765	  1	
494	416	765	  1	
494	423	765	  1	
495	 24	765	  1	
495	 47	765	  1	
495	351	765	  1	
495	354	765	  1	
496	 15	765	  1	
496	 96	765	  1	
496	111	765	  1	
496	133	765	  1	
496	144	765	  1	
496	168	765	  1	
496	175	765	  1	
496	234	765	  1	
496	240	765	  1	
496	248	765	  1	
496	257	765	  1	
496	264	765	  1	
496	320	765	  1	
498	 12	765	  1	
498	255	765	  1	
499	 72	765	  1	
499	128	765	  1	
499	184	765	  1	
500	  0	765	  1	
500	147	765	  1	
500	415	765	  1	
501	 15	765	  1	
501	112	765	  1	
501	135	765	  1	
501	176	765	  1	
501	223	765	  1	
501	239	765	  1	
502	163	765	  1	
503	  9	765	  1	
503	129	765	  1	
503	171	765	  1	
503	250	765	  1	
504	  0	765	  1	
504	 10	765	  1	
504	 40	765	  1	
504	 72	765	  1	
504	101	765	  1	
504	192	765	  1	
504	324	765	  1	
505	  9	765	  1	
505	 15	765	  1	
506	197	765	  1	
506	392	765	  1	
507	176	765	  1	
507	270	765	  1	
509	 77	765	  1	
509	192	765	  1	
510	296	765	  1	
512	  2	765	  1	
512	 48	765	  1	
512	 56	765	  1	
512	159	765	  1	
512	187	765	  1	
512	200	765	  1	
512	212	765	  1	
512	221	765	  1	
512	277	765	  1	
512	292	765	  1	
513	296	765	  1	
514	272	765	  1	
515	208	765	  1	
515	383	765	  1	
516	288	765	  1	
517	206	765	  1	
518	212	765	  1	
518	253	765	  1	
518	278	765	  1	
519	221	765	  1	
519	399	765	  1	
520	120	765	  1	
520	141	765	  1	
520	155	765	  1	
520	160	765	  1	
520	208	765	  1	
520	267	765	  1	
520	296	765	  1	
520	307	765	  1	
520	340	765	  1	
520	440	765	  1	
522	 75	765	  1	
523	 30	765	  1	
523	167	765	  1	
523	224	765	  1	
523	288	765	  1	
523	363	765	  1	
524	208	765	  1	
524	215	765	  1	
525	  0	765	  1	
525	  8	765	  1	
525	144	765	  1	
525	151	765	  1	
525	183	765	  1	
526	 63	765	  1	
526	295	765	  1	
527	212	765	  1	
527	256	765	  1	
527	583	765	  1	
528	 87	765	  1	
528	101	765	  1	
528	105	765	  1	
528	118	765	  1	
528	125	765	  1	
528	134	765	  1	
528	143	765	  1	
528	188	765	  1	
528	238	765	  1	
528	357	765	  1	
528	368	765	  1	
528	392	765	  1	
530	 77	765	  1	
531	144	765	  1	
531	154	765	  1	
531	253	765	  1	
531	373	765	  1	
531	399	765	  1	
532	112	765	  1	
533	 54	765	  1	
533	 96	765	  1	
533	120	765	  1	
533	240	765	  1	
534	184	765	  1	
534	264	765	  1	
534	439	765	  1	
535	  0	765	  1	
535	 48	765	  1	
535	151	765	  1	
535	392	765	  1	
536	 88	765	  1	
536	128	765	  1	
536	162	765	  1	
536	176	765	  1	
536	213	765	  1	
536	292	765	  1	
536	304	765	  1	
536	416	765	  1	
539	101	765	  1	
541	126	765	  1	
541	134	765	  1	
541	160	765	  1	
541	167	765	  1	
541	222	765	  1	
541	368	765	  1	
543	  0	765	  1	
543	190	765	  1	
544	 28	765	  1	
544	 46	765	  1	
544	112	765	  1	
544	118	765	  1	
544	139	765	  1	
544	147	765	  1	
544	176	765	  1	
544	195	765	  1	
544	352	765	  1	
544	381	765	  1	
544	451	765	  1	
545	 96	765	  1	
545	356	765	  1	
546	 40	765	  1	
546	160	765	  1	
546	265	765	  1	
546	368	765	  1	
547	152	765	  1	
547	216	765	  1	
547	312	765	  1	
549	 24	765	  1	
549	115	765	  1	
549	142	765	  1	
549	182	765	  1	
549	256	765	  1	
549	276	765	  1	
550	166	765	  1	
550	352	765	  1	
551	268	765	  1	
551	451	765	  1	
552	 35	765	  1	
552	 72	765	  1	
552	 79	765	  1	
552	 93	765	  1	
552	108	765	  1	
552	151	765	  1	
552	160	765	  1	
552	192	765	  1	
552	224	765	  1	
552	229	765	  1	
552	233	765	  1	
552	280	765	  1	
552	354	765	  1	
552	359	765	  1	
552	463	765	  1	
553	208	765	  1	
555	 88	765	  1	
555	112	765	  1	
557	198	765	  1	
558	 75	765	  1	
559	256	765	  1	
559	263	765	  1	
560	189	765	  1	
560	208	765	  1	
560	216	765	  1	
560	232	765	  1	
560	239	765	  1	
560	289	765	  1	
560	295	765	  1	
560	327	765	  1	
560	389	765	  1	
563	 75	765	  1	
563	147	765	  1	
563	335	765	  1	
563	344	765	  1	
564	120	765	  1	
565	168	765	  1	
565	214	765	  1	
565	384	765	  1	
567	112	765	  1	
567	175	765	  1	
567	235	765	  1	
567	291	765	  1	
567	328	765	  1	
568	 88	765	  1	
568	104	765	  1	
568	159	765	  1	
568	243	765	  1	
568	259	765	  1	
568	352	765	  1	
568	368	765	  1	
568	375	765	  1	
568	394	765	  1	
568	399	765	  1	
568	534	765	  1	
569	344	765	  1	
570	317	765	  1	
571	 95	765	  1	
571	224	765	  1	
571	270	765	  1	
571	303	765	  1	
571	356	765	  1	
573	535	765	  1	
574	107	765	  1	
575	296	765	  1	
575	317	765	  1	
575	371	765	  1	
576	 39	765	  1	
576	 96	765	  1	
576	103	765	  1	
576	208	765	  1	
576	215	765	  1	
576	222	765	  1	
576	248	765	  1	
576	280	765	  1	
576	366	765	  1	
576	403	765	  1	
576	411	765	  1	
578	178	765	  1	
580	272	765	  1	
581	284	765	  1	
581	360	765	  1	
582	408	765	  1	
582	415	765	  1	
583	 99	765	  1	
583	183	765	  1	
583	400	765	  1	
583	467	765	  1	
584	 92	765	  1	
584	159	765	  1	
584	192	765	  1	
584	199	765	  1	
584	218	765	  1	
584	296	765	  1	
584	300	765	  1	
584	363	765	  1	
584	392	765	  1	
584	560	765	  1	
586	338	765	  1	
587	152	765	  1	
587	311	765	  1	
589	216	765	  1	
589	223	765	  1	
589	280	765	  1	
590	109	765	  1	
590	195	765	  1	
591	 16	765	  1	
591	159	765	  1	
591	360	765	  1	
591	367	765	  1	
592	  8	765	  1	
592	112	765	  1	
592	224	765	  1	
592	256	765	  1	
592	263	765	  1	
592	274	765	  1	
592	304	765	  1	
592	322	765	  1	
592	352	765	  1	
592	356	765	  1	
592	400	765	  1	
594	 96	765	  1	
594	207	765	  1	
595	 56	765	  1	
595	407	765	  1	
597	199	765	  1	
597	230	765	  1	
597	327	765	  1	
599	 98	765	  1	
599	205	765	  1	
599	400	765	  1	
600	 31	765	  1	
600	 71	765	  1	
600	143	765	  1	
600	243	765	  1	
600	285	765	  1	
601	 87	765	  1	
601	411	765	  1	
603	 24	765	  1	
603	135	765	  1	
603	254	765	  1	
603	431	765	  1	
604	243	765	  1	
604	275	765	  1	
605	259	765	  1	
605	288	765	  1	
605	295	765	  1	
605	344	765	  1	
605	349	765	  1	
606	109	765	  1	
607	 31	765	  1	
607	 80	765	  1	
607	143	765	  1	
608	 40	765	  1	
608	100	765	  1	
608	150	765	  1	
608	207	765	  1	
608	216	765	  1	
608	264	765	  1	
608	268	765	  1	
608	327	765	  1	
610	202	765	  1	
611	 87	765	  1	
611	279	765	  1	
612	320	765	  1	
612	351	765	  1	
613	103	765	  1	
613	246	765	  1	
614	147	765	  1	
614	207	765	  1	
615	 80	765	  1	
615	328	765	  1	
616	  8	765	  1	
616	 79	765	  1	
616	 88	765	  1	
616	231	765	  1	
616	234	765	  1	
616	259	765	  1	
616	471	765	  1	
618	226	765	  1	
619	222	765	  1	
619	368	765	  1	
620	 48	765	  1	
620	 92	765	  1	
622	231	765	  1	
623	415	765	  1	
624	  3	765	  1	
624	 79	765	  1	
624	204	765	  1	
630	260	765	  1	
631	  0	765	  1	
631	  7	765	  1	
631	 24	765	  1	
632	  8	765	  1	
632	 15	765	  1	
632	112	765	  1	
632	184	765	  1	
632	207	765	  1	
634	214	765	  1	
634	240	765	  1	
635	 18	765	  1	
637	288	765	  1	
637	295	765	  1	
639	 11	765	  1	
639	 40	765	  1	
639	263	765	  1	
640	  2	765	  1	
643	168	765	  1	
647	 93	765	  1	
647	240	765	  1	
647	247	765	  1	
648	156	765	  1	
648	340	765	  1	
648	515	765	  1	
650	360	765	  1	
650	428	765	  1	
652	379	765	  1	
654	240	765	  1	
654	247	765	  1	
656	229	765	  1	
656	253	765	  1	
656	352	765	  1	
658	 79	765	  1	
661	447	765	  1	
662	339	765	  1	
663	 74	765	  1	
663	280	765	  1	
663	287	765	  1	
663	328	765	  1	
663	356	765	  1	
664	104	765	  1	
669	262	765	  1	
671	 53	765	  1	
672	102	765	  1	
672	221	765	  1	
674	 96	765	  1	
675	111	765	  1	
677	102	765	  1	
679	 11	765	  1	
679	 96	765	  1	
679	104	765	  1	
680	  3	765	  1	
681	359	765	  1	
685	  0	765	  1	
688	 68	765	  1	
688	138	765	  1	
688	191	765	  1	
688	203	765	  1	
692	 71	765	  1	
698	438	765	  1	
699	309	765	  1	
703	144	765	  1	
704	248	765	  1	
708	281	765	  1	
711	144	765	  1	
712	  7	765	  1	
714	216	765	  1	
720	340	765	  1	
