# 
#  Image file: Goad2_T0091.jpg
#  Applied threshold: 575
#  Algorithm used: fill2                 
#  Particle count: 1823
#  Location (x,y), max luminance, and mass:
# 
  2	208	765	  1	
  3	264	765	  1	
  7	343	765	  1	
  8	192	765	  1	
 11	269	765	  1	
 13	360	765	  1	
 16	139	765	  1	
 16	224	765	  1	
 16	451	765	  1	
 18	 26	765	  1	
 23	112	765	  1	
 23	474	765	  1	
 24	145	765	  1	
 26	136	765	  1	
 26	415	765	  1	
 27	144	765	  1	
 27	226	765	  1	
 27	247	765	  1	
 29	151	765	  1	
 31	479	765	  1	
 32	240	765	  1	
 32	597	765	  1	
 34	144	765	  1	
 34	199	765	  1	
 38	240	765	  1	
 40	199	765	  1	
 42	596	765	  1	
 44	199	765	  1	
 44	232	765	  1	
 54	143	765	  1	
 55	248	765	  1	
 55	335	765	  1	
 56	108	765	  1	
 56	280	765	  1	
 56	511	765	  1	
 59	296	765	  1	
 61	151	765	  1	
 62	104	765	  1	
 63	148	765	  1	
 63	285	765	  1	
 64	101	765	  1	
 64	111	765	  1	
 64	274	765	  1	
 64	307	765	  1	
 64	344	765	  1	
 67	208	765	  1	
 71	 95	765	  1	
 71	102	765	  1	
 71	304	765	  1	
 71	311	765	  1	
 72	131	765	  1	
 72	146	765	  1	
 72	296	765	  1	
 72	303	765	  1	
 74	272	765	  1	
 77	149	765	  1	
 79	296	765	  1	
 79	303	765	  1	
 83	146	765	  1	
 84	 32	765	  1	
 85	 56	765	  1	
 85	142	765	  1	
 87	106	765	  1	
 87	150	765	  1	
 87	352	765	  1	
 87	359	765	  1	
 88	223	765	  1	
 88	239	765	  1	
 90	161	765	  1	
 90	216	765	  1	
 93	327	765	  1	
 96	 87	765	  1	
 96	352	765	  1	
102	128	765	  1	
102	303	765	  1	
102	392	765	  1	
102	407	765	  1	
103	239	765	  1	
104	 69	765	  1	
104	140	765	  1	
104	343	765	  1	
104	384	765	  1	
104	402	765	  1	
106	209	765	  1	
107	391	765	  1	
108	416	765	  1	
111	143	765	  1	
111	384	765	  1	
111	439	765	  1	
112	 96	765	  1	
113	360	765	  1	
115	123	765	  1	
118	 72	765	  1	
118	375	765	  1	
119	207	765	  1	
119	367	765	  1	
120	 80	765	  1	
120	 91	765	  1	
120	120	765	  1	
120	127	765	  1	
120	258	765	  1	
123	 87	765	  1	
123	128	765	  1	
123	144	765	  1	
123	149	765	  1	
123	256	765	  1	
123	296	765	  1	
123	341	765	  1	
127	 80	765	  1	
127	 88	765	  1	
127	 95	765	  1	
127	123	765	  1	
127	176	765	  1	
127	183	765	  1	
127	261	765	  1	
128	173	765	  1	
128	196	765	  1	
130	269	765	  1	
131	240	765	  1	
131	432	765	  1	
133	484	765	  1	
134	333	765	  1	
135	199	765	  1	
135	383	765	  1	
135	495	765	  1	
136	111	765	  1	
136	138	765	  1	
136	208	765	  1	
136	381	765	  1	
136	542	765	  1	
139	  8	765	  1	
139	103	765	  1	
139	106	765	  1	
139	205	765	  1	
142	 83	765	  1	
142	415	765	  1	
143	143	765	  1	
143	152	765	  1	
143	392	765	  1	
144	  8	765	  1	
144	 48	765	  1	
144	 53	765	  1	
144	 70	765	  1	
144	131	765	  1	
144	168	765	  1	
144	173	765	  1	
144	181	765	  1	
144	195	765	  1	
144	216	765	  1	
144	259	765	  1	
144	295	765	  1	
144	312	765	  1	
144	318	765	  1	
144	520	765	  1	
144	525	765	  1	
146	280	765	  1	
146	360	765	  1	
147	223	765	  1	
148	 93	765	  1	
149	171	765	  1	
149	287	765	  1	
149	301	765	  1	
150	 50	765	  1	
150	 55	765	  1	
150	184	765	  1	
150	373	765	  1	
151	196	765	  1	
151	216	765	  1	
151	256	765	  1	
151	263	765	  1	
151	344	765	  1	
151	515	765	  1	
152	 39	765	  1	
152	160	765	  1	
152	167	765	  1	
152	232	765	  1	
152	239	765	  1	
152	259	765	  1	
154	535	765	  1	
155	 32	765	  1	
156	163	765	  1	
156	192	765	  1	
156	367	765	  1	
158	199	765	  1	
159	 39	765	  1	
160	  8	765	  1	
160	112	765	  1	
160	136	765	  1	
160	142	765	  1	
160	195	765	  1	
160	241	765	  1	
160	247	765	  1	
160	415	765	  1	
161	488	765	  1	
162	  6	765	  1	
162	434	765	  1	
163	280	765	  1	
163	408	765	  1	
164	 75	765	  1	
164	120	765	  1	
164	496	765	  1	
165	328	765	  1	
166	242	765	  1	
166	259	765	  1	
166	380	765	  1	
167	192	765	  1	
167	199	765	  1	
167	255	765	  1	
167	272	765	  1	
167	333	765	  1	
167	415	765	  1	
168	 47	765	  1	
168	 58	765	  1	
168	 96	765	  1	
168	133	765	  1	
168	141	765	  1	
168	211	765	  1	
168	231	765	  1	
168	256	765	  1	
168	262	765	  1	
168	285	765	  1	
168	290	765	  1	
168	351	765	  1	
168	365	765	  1	
171	360	765	  1	
172	224	765	  1	
173	  0	765	  1	
173	239	765	  1	
174	 69	765	  1	
174	215	765	  1	
174	288	765	  1	
175	103	765	  1	
175	119	765	  1	
175	133	765	  1	
175	275	765	  1	
175	576	765	  1	
176	 34	765	  1	
176	 48	765	  1	
176	156	765	  1	
176	171	765	  1	
176	186	765	  1	
176	517	765	  1	
178	196	765	  1	
178	376	765	  1	
179	512	765	  1	
180	185	765	  1	
181	159	765	  1	
183	168	765	  1	
183	175	765	  1	
183	196	765	  1	
184	127	765	  1	
184	144	765	  1	
184	155	765	  1	
184	206	765	  1	
184	215	765	  1	
184	264	765	  1	
184	354	765	  1	
184	384	765	  1	
184	391	765	  1	
186	 57	765	  1	
187	114	765	  1	
187	184	765	  1	
187	271	765	  1	
188	368	765	  1	
190	147	765	  1	
190	190	765	  1	
190	298	765	  1	
191	 63	765	  1	
191	123	765	  1	
191	152	765	  1	
191	159	765	  1	
191	215	765	  1	
191	264	765	  1	
191	387	765	  1	
191	392	765	  1	
192	120	765	  1	
192	192	765	  1	
192	463	765	  1	
195	 55	765	  1	
195	 78	765	  1	
195	171	765	  1	
196	 16	765	  1	
197	 47	765	  1	
198	127	765	  1	
198	151	765	  1	
198	207	765	  1	
198	472	765	  1	
200	 64	765	  1	
200	139	765	  1	
200	175	765	  1	
200	184	765	  1	
200	191	765	  1	
200	251	765	  1	
200	303	765	  1	
200	376	765	  1	
200	384	765	  1	
202	390	765	  1	
203	159	765	  1	
203	168	765	  1	
203	207	765	  1	
205	  0	765	  1	
205	171	765	  1	
205	384	765	  1	
206	 69	765	  1	
207	187	765	  1	
207	224	765	  1	
207	248	765	  1	
207	255	765	  1	
207	390	765	  1	
208	 21	765	  1	
208	115	765	  1	
208	162	765	  1	
208	198	765	  1	
208	239	765	  1	
208	288	765	  1	
208	376	765	  1	
208	383	765	  1	
213	 64	765	  1	
213	106	765	  1	
213	111	765	  1	
213	192	765	  1	
214	160	765	  1	
214	370	765	  1	
215	 72	765	  1	
215	119	765	  1	
215	143	765	  1	
215	288	765	  1	
215	379	765	  1	
216	 53	765	  1	
216	120	765	  1	
216	130	765	  1	
216	141	765	  1	
216	153	765	  1	
216	245	765	  1	
216	310	765	  1	
216	352	765	  1	
216	360	765	  1	
216	400	765	  1	
216	418	765	  1	
216	552	765	  1	
217	367	765	  1	
218	 72	765	  1	
219	184	765	  1	
220	236	765	  1	
221	103	765	  1	
221	128	765	  1	
221	135	765	  1	
221	144	765	  1	
221	160	765	  1	
221	167	765	  1	
221	203	765	  1	
222	 39	765	  1	
222	437	765	  1	
223	 47	765	  1	
223	 50	765	  1	
223	245	765	  1	
223	372	765	  1	
223	503	765	  1	
223	552	765	  1	
224	112	765	  1	
224	122	765	  1	
224	176	765	  1	
224	195	765	  1	
224	231	765	  1	
224	267	765	  1	
224	347	765	  1	
224	458	765	  1	
225	511	765	  1	
226	 13	765	  1	
226	150	765	  1	
226	408	765	  1	
227	 76	765	  1	
227	 88	765	  1	
227	224	765	  1	
228	455	765	  1	
228	575	765	  1	
229	  0	765	  1	
229	182	765	  1	
230	144	765	  1	
230	316	765	  1	
230	368	765	  1	
231	  8	765	  1	
231	114	765	  1	
231	192	765	  1	
231	199	765	  1	
231	231	765	  1	
231	414	765	  1	
231	449	765	  1	
232	  6	765	  1	
232	 64	765	  1	
232	168	765	  1	
232	189	765	  1	
232	206	765	  1	
232	224	765	  1	
232	306	765	  1	
232	336	765	  1	
232	379	765	  1	
233	 96	765	  1	
233	127	765	  1	
233	144	765	  1	
234	  0	765	  1	
235	184	765	  1	
236	176	765	  1	
236	544	765	  1	
237	  6	765	  1	
237	 72	765	  1	
237	146	765	  1	
237	160	765	  1	
237	551	765	  1	
239	  0	765	  1	
239	112	765	  1	
239	120	765	  1	
239	206	765	  1	
239	227	765	  1	
239	311	765	  1	
240	 24	765	  1	
240	 40	765	  1	
240	 47	765	  1	
240	 53	765	  1	
240	128	765	  1	
240	136	765	  1	
240	162	765	  1	
240	188	765	  1	
240	232	765	  1	
240	239	765	  1	
240	373	765	  1	
240	520	765	  1	
241	 96	765	  1	
241	215	765	  1	
242	106	765	  1	
242	111	765	  1	
243	 64	765	  1	
243	144	765	  1	
243	184	765	  1	
243	383	765	  1	
243	448	765	  1	
243	488	765	  1	
244	175	765	  1	
246	 48	765	  1	
247	 43	765	  1	
247	208	765	  1	
247	323	765	  1	
247	527	765	  1	
248	  6	765	  1	
248	 51	765	  1	
248	151	765	  1	
248	167	765	  1	
248	202	765	  1	
248	213	765	  1	
248	248	765	  1	
248	275	765	  1	
248	352	765	  1	
248	384	765	  1	
248	407	765	  1	
248	423	765	  1	
248	480	765	  1	
248	595	765	  1	
249	335	765	  1	
249	395	765	  1	
249	431	765	  1	
250	183	765	  1	
250	418	765	  1	
250	456	765	  1	
251	124	765	  1	
251	144	765	  1	
251	255	765	  1	
251	286	765	  1	
251	390	765	  1	
252	291	765	  1	
252	560	765	  1	
253	438	765	  1	
253	486	765	  1	
253	591	765	  1	
254	164	765	  1	
255	  6	765	  1	
255	 19	765	  1	
255	 31	765	  1	
255	 39	765	  1	
255	 48	765	  1	
255	 55	765	  1	
255	151	765	  1	
255	248	765	  1	
255	304	765	  1	
255	393	765	  1	
255	408	765	  1	
256	107	765	  1	
256	114	765	  1	
256	119	765	  1	
256	123	765	  1	
256	175	765	  1	
256	225	765	  1	
256	361	765	  1	
256	456	765	  1	
256	463	765	  1	
256	477	765	  1	
256	483	765	  1	
259	 39	765	  1	
259	 94	765	  1	
259	255	765	  1	
259	520	765	  1	
261	208	765	  1	
262	387	765	  1	
262	526	765	  1	
263	248	765	  1	
263	423	765	  1	
263	487	765	  1	
264	  0	765	  1	
264	 56	765	  1	
264	 63	765	  1	
264	 82	765	  1	
264	 87	765	  1	
264	112	765	  1	
264	125	765	  1	
264	139	765	  1	
264	170	765	  1	
264	213	765	  1	
264	327	765	  1	
264	397	765	  1	
266	200	765	  1	
267	134	765	  1	
267	226	765	  1	
267	255	765	  1	
267	264	765	  1	
267	271	765	  1	
268	177	765	  1	
268	391	765	  1	
268	408	765	  1	
268	443	765	  1	
269	325	765	  1	
269	392	765	  1	
269	423	765	  1	
270	143	765	  1	
270	231	765	  1	
271	 59	765	  1	
271	248	765	  1	
271	320	765	  1	
271	400	765	  1	
271	415	765	  1	
272	 53	765	  1	
272	 72	765	  1	
272	128	765	  1	
272	133	765	  1	
272	154	765	  1	
272	187	765	  1	
272	232	765	  1	
273	 82	765	  1	
273	 87	765	  1	
274	 77	765	  1	
274	183	765	  1	
274	254	765	  1	
274	277	765	  1	
275	 63	765	  1	
275	138	765	  1	
275	264	765	  1	
275	292	765	  1	
275	382	765	  1	
276	 48	765	  1	
276	201	765	  1	
277	238	765	  1	
278	130	765	  1	
278	168	765	  1	
278	248	765	  1	
278	415	765	  1	
279	 56	765	  1	
279	 72	765	  1	
279	143	765	  1	
279	179	765	  1	
279	187	765	  1	
280	 16	765	  1	
280	 32	765	  1	
280	 62	765	  1	
280	 89	765	  1	
280	 96	765	  1	
280	112	765	  1	
280	149	765	  1	
280	163	765	  1	
280	184	765	  1	
280	192	765	  1	
280	221	765	  1	
280	264	765	  1	
280	276	765	  1	
280	352	765	  1	
280	455	765	  1	
280	503	765	  1	
281	136	765	  1	
281	141	765	  1	
281	207	765	  1	
282	126	765	  1	
283	242	765	  1	
283	304	765	  1	
283	350	765	  1	
283	359	765	  1	
283	483	765	  1	
284	406	765	  1	
285	144	765	  1	
285	197	765	  1	
285	387	765	  1	
286	 88	765	  1	
286	207	765	  1	
286	344	765	  1	
287	184	765	  1	
287	352	765	  1	
287	372	765	  1	
287	599	765	  1	
288	  2	765	  1	
288	127	765	  1	
288	152	765	  1	
288	302	765	  1	
288	331	765	  1	
288	341	765	  1	
288	432	765	  1	
288	531	765	  1	
289	355	765	  1	
289	383	765	  1	
289	415	765	  1	
290	240	765	  1	
290	296	765	  1	
291	 72	765	  1	
291	157	765	  1	
291	216	765	  1	
291	407	765	  1	
292	103	765	  1	
293	  7	765	  1	
294	 88	765	  1	
295	300	765	  1	
295	315	765	  1	
295	328	765	  1	
295	335	765	  1	
295	391	765	  1	
295	531	765	  1	
296	  3	765	  1	
296	  8	765	  1	
296	 22	765	  1	
296	 79	765	  1	
296	112	765	  1	
296	147	765	  1	
296	293	765	  1	
296	504	765	  1	
296	508	765	  1	
297	 63	765	  1	
297	136	765	  1	
297	515	765	  1	
297	583	765	  1	
299	 31	765	  1	
299	128	765	  1	
299	224	765	  1	
299	428	765	  1	
301	 16	765	  1	
301	 88	765	  1	
301	155	765	  1	
301	206	765	  1	
301	216	765	  1	
301	288	765	  1	
302	102	765	  1	
302	462	765	  1	
303	 24	765	  1	
303	142	765	  1	
303	228	765	  1	
303	494	765	  1	
304	  7	765	  1	
304	 48	765	  1	
304	 64	765	  1	
304	 71	765	  1	
304	 80	765	  1	
304	 84	765	  1	
304	 95	765	  1	
304	122	765	  1	
304	173	765	  1	
304	195	765	  1	
304	224	765	  1	
304	292	765	  1	
304	302	765	  1	
304	379	765	  1	
304	389	765	  1	
304	472	765	  1	
304	534	765	  1	
305	128	765	  1	
305	133	765	  1	
305	231	765	  1	
306	208	765	  1	
306	405	765	  1	
306	527	765	  1	
307	120	765	  1	
307	168	765	  1	
307	351	765	  1	
307	432	765	  1	
308	  0	765	  1	
308	187	765	  1	
308	310	765	  1	
309	 18	765	  1	
309	362	765	  1	
309	367	765	  1	
309	381	765	  1	
309	477	765	  1	
310	 43	765	  1	
310	 52	765	  1	
310	102	765	  1	
310	122	765	  1	
310	256	765	  1	
310	304	765	  1	
310	520	765	  1	
311	339	765	  1	
311	496	765	  1	
312	  7	765	  1	
312	111	765	  1	
312	115	765	  1	
312	157	765	  1	
312	166	765	  1	
312	288	765	  1	
312	376	765	  1	
312	383	765	  1	
312	416	765	  1	
312	424	765	  1	
312	491	765	  1	
312	584	765	  1	
313	138	765	  1	
313	147	765	  1	
314	 64	765	  1	
315	198	765	  1	
315	264	765	  1	
315	304	765	  1	
315	431	765	  1	
315	591	765	  1	
317	208	765	  1	
317	215	765	  1	
317	303	765	  1	
317	496	765	  1	
318	  6	765	  1	
318	 55	765	  1	
318	128	765	  1	
318	288	765	  1	
318	423	765	  1	
319	488	765	  1	
319	556	765	  1	
319	584	765	  1	
320	  8	765	  1	
320	 88	765	  1	
320	 93	765	  1	
320	142	765	  1	
320	170	765	  1	
320	219	765	  1	
320	240	765	  1	
320	264	765	  1	
320	325	765	  1	
320	348	765	  1	
320	360	765	  1	
320	392	765	  1	
320	448	765	  1	
320	455	765	  1	
320	539	765	  1	
320	563	765	  1	
321	 64	765	  1	
322	191	765	  1	
324	152	765	  1	
325	168	765	  1	
325	175	765	  1	
325	264	765	  1	
326	136	765	  1	
326	364	765	  1	
327	182	765	  1	
327	240	765	  1	
327	350	765	  1	
327	392	765	  1	
327	451	765	  1	
328	 29	765	  1	
328	158	765	  1	
328	200	765	  1	
328	288	765	  1	
328	373	765	  1	
328	416	765	  1	
328	471	765	  1	
329	136	765	  1	
330	 21	765	  1	
330	263	765	  1	
331	 70	765	  1	
331	120	765	  1	
331	160	765	  1	
331	176	765	  1	
331	183	765	  1	
331	328	765	  1	
331	578	765	  1	
332	475	765	  1	
333	 24	765	  1	
333	155	765	  1	
334	 40	765	  1	
334	 47	765	  1	
335	 67	765	  1	
335	544	765	  1	
336	  0	765	  1	
336	 22	765	  1	
336	 38	765	  1	
336	 48	765	  1	
336	 56	765	  1	
336	117	765	  1	
336	136	765	  1	
336	143	765	  1	
336	184	765	  1	
336	192	765	  1	
336	206	765	  1	
336	214	765	  1	
336	221	765	  1	
336	237	765	  1	
336	248	765	  1	
336	270	765	  1	
336	313	765	  1	
336	392	765	  1	
338	110	765	  1	
339	 64	765	  1	
339	 80	765	  1	
339	176	765	  1	
339	195	765	  1	
339	240	765	  1	
339	288	765	  1	
340	319	765	  1	
341	 32	765	  1	
341	216	765	  1	
341	224	765	  1	
341	253	765	  1	
342	  8	765	  1	
342	267	765	  1	
343	109	765	  1	
343	560	765	  1	
344	  9	765	  1	
344	 26	765	  1	
344	 59	765	  1	
344	 68	765	  1	
344	176	765	  1	
344	264	765	  1	
344	275	765	  1	
344	288	765	  1	
344	320	765	  1	
344	335	765	  1	
344	341	765	  1	
344	400	765	  1	
344	479	765	  1	
345	471	765	  1	
346	  0	765	  1	
346	294	765	  1	
346	365	765	  1	
347	240	765	  1	
347	328	765	  1	
347	390	765	  1	
347	399	765	  1	
348	 15	765	  1	
349	126	765	  1	
349	232	765	  1	
349	239	765	  1	
349	404	765	  1	
350	 16	765	  1	
350	288	765	  1	
350	336	765	  1	
350	384	765	  1	
351	  0	765	  1	
351	  8	765	  1	
351	 11	765	  1	
351	 59	765	  1	
351	151	765	  1	
351	408	765	  1	
351	419	765	  1	
351	510	765	  1	
352	109	765	  1	
352	143	765	  1	
352	165	765	  1	
352	191	765	  1	
352	194	765	  1	
352	221	765	  1	
352	270	765	  1	
352	307	765	  1	
352	360	765	  1	
352	548	765	  1	
353	 64	765	  1	
353	118	765	  1	
354	 11	765	  1	
354	264	765	  1	
354	367	765	  1	
355	184	765	  1	
356	  5	765	  1	
356	320	765	  1	
357	 72	765	  1	
357	221	765	  1	
357	288	765	  1	
358	 83	765	  1	
358	359	765	  1	
358	397	765	  1	
359	191	765	  1	
359	216	765	  1	
359	467	765	  1	
360	 31	765	  1	
360	 51	765	  1	
360	 74	765	  1	
360	 99	765	  1	
360	120	765	  1	
360	136	765	  1	
360	146	765	  1	
360	149	765	  1	
360	182	765	  1	
360	208	765	  1	
360	232	765	  1	
360	270	765	  1	
360	352	765	  1	
360	478	765	  1	
361	 11	765	  1	
362	296	765	  1	
362	472	765	  1	
363	 24	765	  1	
363	268	765	  1	
363	280	765	  1	
363	416	765	  1	
364	140	765	  1	
365	 40	765	  1	
365	 96	765	  1	
365	304	765	  1	
365	414	765	  1	
365	464	765	  1	
366	149	765	  1	
366	190	765	  1	
366	286	765	  1	
367	 79	765	  1	
367	120	765	  1	
367	146	765	  1	
367	256	765	  1	
367	291	765	  1	
367	368	765	  1	
367	476	765	  1	
367	544	765	  1	
368	  8	765	  1	
368	 58	765	  1	
368	 82	765	  1	
368	 87	765	  1	
368	109	765	  1	
368	113	765	  1	
368	130	765	  1	
368	151	765	  1	
368	162	765	  1	
368	211	765	  1	
368	301	765	  1	
368	434	765	  1	
368	482	765	  1	
370	 71	765	  1	
370	237	765	  1	
370	296	765	  1	
370	312	765	  1	
370	319	765	  1	
371	128	765	  1	
371	143	765	  1	
371	424	765	  1	
373	 32	765	  1	
374	  9	765	  1	
374	168	765	  1	
374	175	765	  1	
374	302	765	  1	
374	430	765	  1	
375	135	765	  1	
375	151	765	  1	
375	162	765	  1	
375	434	765	  1	
376	 16	765	  1	
376	 48	765	  1	
376	 56	765	  1	
376	 69	765	  1	
376	 80	765	  1	
376	101	765	  1	
376	184	765	  1	
376	360	765	  1	
376	448	765	  1	
376	455	765	  1	
376	472	765	  1	
377	 42	765	  1	
377	106	765	  1	
377	111	765	  1	
377	195	765	  1	
379	  0	765	  1	
379	 15	765	  1	
379	 72	765	  1	
379	 87	765	  1	
379	160	765	  1	
379	190	765	  1	
379	208	765	  1	
379	251	765	  1	
379	296	765	  1	
380	 56	765	  1	
380	 60	765	  1	
381	 71	765	  1	
381	 96	765	  1	
381	143	765	  1	
381	276	765	  1	
381	432	765	  1	
383	  8	765	  1	
383	 80	765	  1	
384	 12	765	  1	
384	 48	765	  1	
384	 52	765	  1	
384	 75	765	  1	
384	104	765	  1	
384	127	765	  1	
384	132	765	  1	
384	176	765	  1	
384	218	765	  1	
384	269	765	  1	
384	323	765	  1	
384	328	765	  1	
384	422	765	  1	
384	495	765	  1	
384	586	765	  1	
385	 94	765	  1	
385	318	765	  1	
388	189	765	  1	
390	122	765	  1	
391	328	765	  1	
391	422	765	  1	
392	  0	765	  1	
392	 59	765	  1	
392	 82	765	  1	
392	 87	765	  1	
392	141	765	  1	
392	152	765	  1	
392	165	765	  1	
392	280	765	  1	
392	286	765	  1	
392	304	765	  1	
392	320	765	  1	
392	327	765	  1	
392	416	765	  1	
392	421	765	  1	
392	425	765	  1	
392	572	765	  1	
393	259	765	  1	
394	 19	765	  1	
394	179	765	  1	
395	224	765	  1	
395	496	765	  1	
396	127	765	  1	
396	384	765	  1	
397	  0	765	  1	
397	136	765	  1	
397	144	765	  1	
397	174	765	  1	
398	122	765	  1	
398	186	765	  1	
398	418	765	  1	
398	423	765	  1	
399	272	765	  1	
400	 15	765	  1	
400	 30	765	  1	
400	 79	765	  1	
400	 94	765	  1	
400	108	765	  1	
400	128	765	  1	
400	154	765	  1	
400	243	765	  1	
400	318	765	  1	
400	408	765	  1	
402	 67	765	  1	
402	112	765	  1	
403	192	765	  1	
403	415	765	  1	
404	 93	765	  1	
404	324	765	  1	
404	399	765	  1	
405	 24	765	  1	
405	426	765	  1	
406	 16	765	  1	
406	199	765	  1	
406	277	765	  1	
407	 79	765	  1	
407	 81	765	  1	
407	112	765	  1	
407	154	765	  1	
407	240	765	  1	
407	247	765	  1	
407	272	765	  1	
407	408	765	  1	
408	 40	765	  1	
408	 51	765	  1	
408	152	765	  1	
408	275	765	  1	
408	352	765	  1	
408	357	765	  1	
408	370	765	  1	
409	147	765	  1	
410	102	765	  1	
411	  0	765	  1	
411	 47	765	  1	
411	163	765	  1	
411	416	765	  1	
412	 96	765	  1	
413	  8	765	  1	
413	 91	765	  1	
413	352	765	  1	
413	375	765	  1	
414	279	765	  1	
415	 40	765	  1	
415	357	765	  1	
416	 11	765	  1	
416	128	765	  1	
416	167	765	  1	
416	248	765	  1	
416	384	765	  1	
416	389	765	  1	
417	 48	765	  1	
417	 53	765	  1	
417	112	765	  1	
417	119	765	  1	
417	152	765	  1	
418	 37	765	  1	
418	 87	765	  1	
418	160	765	  1	
419	 32	765	  1	
420	407	765	  1	
421	 40	765	  1	
421	 72	765	  1	
421	386	765	  1	
422	 55	765	  1	
422	140	765	  1	
422	165	765	  1	
422	344	765	  1	
423	152	765	  1	
423	155	765	  1	
424	 15	765	  1	
424	 20	765	  1	
424	 35	765	  1	
424	 88	765	  1	
424	 93	765	  1	
424	 99	765	  1	
424	146	765	  1	
424	192	765	  1	
424	199	765	  1	
424	208	765	  1	
424	231	765	  1	
424	314	765	  1	
424	368	765	  1	
427	  8	765	  1	
427	215	765	  1	
427	224	765	  1	
428	371	765	  1	
430	 32	765	  1	
430	 39	765	  1	
430	130	765	  1	
431	 63	765	  1	
431	 88	765	  1	
431	 93	765	  1	
431	 96	765	  1	
431	192	765	  1	
431	199	765	  1	
431	208	765	  1	
431	231	765	  1	
431	416	765	  1	
432	  0	765	  1	
432	 91	765	  1	
432	144	765	  1	
432	173	765	  1	
432	211	765	  1	
432	237	765	  1	
432	248	765	  1	
432	264	765	  1	
432	271	765	  1	
432	409	765	  1	
434	  6	765	  1	
435	263	765	  1	
436	358	765	  1	
437	 24	765	  1	
437	144	765	  1	
437	152	765	  1	
437	232	765	  1	
437	254	765	  1	
438	311	765	  1	
438	352	765	  1	
439	267	765	  1	
440	 72	765	  1	
440	 93	765	  1	
440	104	765	  1	
440	133	765	  1	
440	144	765	  1	
440	167	765	  1	
440	235	765	  1	
442	110	765	  1	
442	128	765	  1	
445	 78	765	  1	
445	363	765	  1	
446	134	765	  1	
446	173	765	  1	
448	 21	765	  1	
448	 68	765	  1	
448	 83	765	  1	
448	174	765	  1	
448	205	765	  1	
448	214	765	  1	
448	290	765	  1	
448	295	765	  1	
448	408	765	  1	
449	 35	765	  1	
451	414	765	  1	
452	190	765	  1	
453	211	765	  1	
453	267	765	  1	
453	328	765	  1	
454	 22	765	  1	
454	184	765	  1	
454	290	765	  1	
455	295	765	  1	
456	 10	765	  1	
456	 40	765	  1	
456	 68	765	  1	
456	 88	765	  1	
456	120	765	  1	
456	138	765	  1	
456	161	765	  1	
456	167	765	  1	
456	176	765	  1	
456	208	765	  1	
456	216	765	  1	
456	264	765	  1	
456	271	765	  1	
456	393	765	  1	
456	399	765	  1	
458	182	765	  1	
459	253	765	  1	
459	267	765	  1	
461	  0	765	  1	
461	 72	765	  1	
462	 43	765	  1	
462	176	765	  1	
462	306	765	  1	
462	381	765	  1	
463	264	765	  1	
463	271	765	  1	
463	328	765	  1	
463	395	765	  1	
463	544	765	  1	
464	 15	765	  1	
464	 89	765	  1	
464	102	765	  1	
464	120	765	  1	
464	127	765	  1	
464	136	765	  1	
464	143	765	  1	
464	168	765	  1	
464	174	765	  1	
464	224	765	  1	
464	231	765	  1	
464	253	765	  1	
464	351	765	  1	
464	400	765	  1	
465	 98	765	  1	
467	319	765	  1	
467	344	765	  1	
468	231	765	  1	
469	 72	765	  1	
469	150	765	  1	
469	171	765	  1	
469	217	765	  1	
470	103	765	  1	
471	123	765	  1	
471	176	765	  1	
471	307	765	  1	
471	351	765	  1	
471	400	765	  1	
472	 26	765	  1	
472	 80	765	  1	
472	 91	765	  1	
472	115	765	  1	
472	134	765	  1	
472	155	765	  1	
472	162	765	  1	
472	189	765	  1	
472	208	765	  1	
472	256	765	  1	
472	262	765	  1	
472	283	765	  1	
472	344	765	  1	
472	359	765	  1	
472	414	765	  1	
473	213	765	  1	
475	328	765	  1	
475	392	765	  1	
476	152	765	  1	
476	303	765	  1	
476	468	765	  1	
477	 86	765	  1	
477	132	765	  1	
478	 72	765	  1	
478	221	765	  1	
478	334	765	  1	
479	176	765	  1	
479	280	765	  1	
479	287	765	  1	
479	431	765	  1	
480	 40	765	  1	
480	 95	765	  1	
480	202	765	  1	
480	320	765	  1	
480	392	765	  1	
481	239	765	  1	
482	 80	765	  1	
482	172	765	  1	
483	120	765	  1	
483	191	765	  1	
485	144	765	  1	
485	151	765	  1	
485	298	765	  1	
485	346	765	  1	
485	354	765	  1	
485	359	765	  1	
486	207	765	  1	
486	213	765	  1	
486	232	765	  1	
487	175	765	  1	
487	583	765	  1	
488	  8	765	  1	
488	 27	765	  1	
488	 32	765	  1	
488	 99	765	  1	
488	110	765	  1	
488	119	765	  1	
488	131	765	  1	
488	194	765	  1	
488	208	765	  1	
488	231	765	  1	
488	253	765	  1	
488	319	765	  1	
489	146	765	  1	
489	151	765	  1	
490	 48	765	  1	
490	368	765	  1	
492	 37	765	  1	
493	  0	765	  1	
493	192	765	  1	
493	199	765	  1	
493	211	765	  1	
493	248	765	  1	
494	108	765	  1	
494	134	765	  1	
494	426	765	  1	
495	 24	765	  1	
495	 31	765	  1	
495	 98	765	  1	
495	304	765	  1	
495	319	765	  1	
495	423	765	  1	
496	  5	765	  1	
496	 55	765	  1	
496	 69	765	  1	
496	 88	765	  1	
496	146	765	  1	
496	201	765	  1	
496	243	765	  1	
496	285	765	  1	
496	344	765	  1	
497	 10	765	  1	
497	109	765	  1	
499	 32	765	  1	
499	128	765	  1	
499	280	765	  1	
499	351	765	  1	
500	 19	765	  1	
500	104	765	  1	
501	 23	765	  1	
501	 46	765	  1	
501	216	765	  1	
501	223	765	  1	
501	367	765	  1	
503	  0	765	  1	
504	 20	765	  1	
504	 47	765	  1	
504	 62	765	  1	
504	 99	765	  1	
504	111	765	  1	
504	148	765	  1	
504	165	765	  1	
504	179	765	  1	
504	208	765	  1	
504	224	765	  1	
504	245	765	  1	
504	256	765	  1	
504	264	765	  1	
504	276	765	  1	
504	295	765	  1	
504	359	765	  1	
504	440	765	  1	
505	120	765	  1	
506	 48	765	  1	
507	 23	765	  1	
507	192	765	  1	
507	231	765	  1	
507	288	765	  1	
508	 46	765	  1	
509	108	765	  1	
509	144	765	  1	
509	149	765	  1	
509	160	765	  1	
510	 60	765	  1	
510	176	765	  1	
510	388	765	  1	
511	 11	765	  1	
511	224	765	  1	
511	295	765	  1	
511	328	765	  1	
511	414	765	  1	
511	419	765	  1	
511	488	765	  1	
512	 64	765	  1	
512	 72	765	  1	
512	 76	765	  1	
512	179	765	  1	
512	184	765	  1	
512	198	765	  1	
512	223	765	  1	
512	251	765	  1	
512	261	765	  1	
512	279	765	  1	
512	346	765	  1	
512	392	765	  1	
514	208	765	  1	
515	 34	765	  1	
515	 51	765	  1	
515	195	765	  1	
516	144	765	  1	
517	104	765	  1	
517	168	765	  1	
517	211	765	  1	
517	248	765	  1	
518	 64	765	  1	
518	192	765	  1	
518	198	765	  1	
518	261	765	  1	
518	309	765	  1	
518	349	765	  1	
519	 23	765	  1	
519	 48	765	  1	
519	151	765	  1	
519	176	765	  1	
519	286	765	  1	
519	344	765	  1	
519	354	765	  1	
519	399	765	  1	
520	 93	765	  1	
520	120	765	  1	
520	133	765	  1	
520	224	765	  1	
520	228	765	  1	
520	245	765	  1	
520	288	765	  1	
520	304	765	  1	
520	455	765	  1	
522	208	765	  1	
522	215	765	  1	
525	 88	765	  1	
525	108	765	  1	
525	136	765	  1	
525	256	765	  1	
525	294	765	  1	
525	310	765	  1	
525	384	765	  1	
526	224	765	  1	
527	245	765	  1	
528	101	765	  1	
528	199	765	  1	
528	202	765	  1	
528	207	765	  1	
528	216	765	  1	
528	301	765	  1	
528	317	765	  1	
528	328	765	  1	
528	360	765	  1	
528	376	765	  1	
528	392	765	  1	
530	267	765	  1	
530	293	765	  1	
531	 56	765	  1	
531	195	765	  1	
531	288	765	  1	
531	383	765	  1	
532	120	765	  1	
532	127	765	  1	
532	591	765	  1	
533	 95	765	  1	
533	254	765	  1	
533	296	765	  1	
533	304	765	  1	
533	367	765	  1	
533	397	765	  1	
535	 62	765	  1	
535	202	765	  1	
535	207	765	  1	
535	376	765	  1	
535	472	765	  1	
536	104	765	  1	
536	184	765	  1	
536	188	765	  1	
536	209	765	  1	
536	226	765	  1	
536	231	765	  1	
536	328	765	  1	
536	335	765	  1	
536	382	765	  1	
536	439	765	  1	
538	157	765	  1	
538	294	765	  1	
539	100	765	  1	
539	265	765	  1	
539	446	765	  1	
541	 80	765	  1	
541	110	765	  1	
541	134	765	  1	
541	191	765	  1	
541	278	765	  1	
542	127	765	  1	
542	240	765	  1	
543	122	765	  1	
543	184	765	  1	
543	331	765	  1	
544	  8	765	  1	
544	 45	765	  1	
544	 72	765	  1	
544	130	765	  1	
544	144	765	  1	
544	374	765	  1	
544	379	765	  1	
544	384	765	  1	
544	391	765	  1	
544	400	765	  1	
544	407	765	  1	
546	276	765	  1	
546	357	765	  1	
547	256	765	  1	
547	294	765	  1	
547	352	765	  1	
549	155	765	  1	
550	375	765	  1	
551	208	765	  1	
551	272	765	  1	
551	391	765	  1	
551	403	765	  1	
552	 31	765	  1	
552	 95	765	  1	
552	115	765	  1	
552	122	765	  1	
552	167	765	  1	
552	266	765	  1	
552	271	765	  1	
552	277	765	  1	
552	344	765	  1	
552	351	765	  1	
552	378	765	  1	
552	415	765	  1	
552	504	765	  1	
554	142	765	  1	
555	256	765	  1	
555	408	765	  1	
556	147	765	  1	
557	162	765	  1	
558	118	765	  1	
558	136	765	  1	
558	195	765	  1	
558	278	765	  1	
559	122	765	  1	
559	159	765	  1	
559	347	765	  1	
559	415	765	  1	
560	 48	765	  1	
560	 56	765	  1	
560	172	765	  1	
560	211	765	  1	
560	224	765	  1	
560	229	765	  1	
560	244	765	  1	
560	248	765	  1	
560	264	765	  1	
560	308	765	  1	
560	320	765	  1	
560	343	765	  1	
560	448	765	  1	
562	167	765	  1	
563	  8	765	  1	
563	 61	765	  1	
563	336	765	  1	
565	  6	765	  1	
567	 55	765	  1	
567	319	765	  1	
567	343	765	  1	
568	171	765	  1	
568	224	765	  1	
568	230	765	  1	
568	248	765	  1	
568	291	765	  1	
568	330	765	  1	
568	344	765	  1	
568	357	765	  1	
568	381	765	  1	
568	435	765	  1	
569	159	765	  1	
570	303	765	  1	
572	 39	765	  1	
572	101	765	  1	
573	128	765	  1	
573	184	765	  1	
573	197	765	  1	
573	254	765	  1	
574	175	765	  1	
574	204	765	  1	
574	320	765	  1	
574	351	765	  1	
574	439	765	  1	
575	156	765	  1	
575	192	765	  1	
575	235	765	  1	
575	288	765	  1	
575	295	765	  1	
575	312	765	  1	
576	166	765	  1	
576	246	765	  1	
576	256	765	  1	
576	263	765	  1	
576	272	765	  1	
576	279	765	  1	
576	336	765	  1	
576	344	765	  1	
577	224	765	  1	
578	286	765	  1	
580	370	765	  1	
580	446	765	  1	
581	184	765	  1	
581	243	765	  1	
581	343	765	  1	
582	174	765	  1	
582	440	765	  1	
583	160	765	  1	
583	280	765	  1	
583	327	765	  1	
584	 35	765	  1	
584	108	765	  1	
584	192	765	  1	
584	207	765	  1	
584	232	765	  1	
584	295	765	  1	
584	352	765	  1	
585	170	765	  1	
585	237	765	  1	
586	485	765	  1	
587	167	765	  1	
588	272	765	  1	
588	285	765	  1	
588	480	765	  1	
590	 92	765	  1	
590	293	765	  1	
591	160	765	  1	
591	352	765	  1	
591	360	765	  1	
592	 15	765	  1	
592	112	765	  1	
592	119	765	  1	
592	168	765	  1	
592	175	765	  1	
592	187	765	  1	
592	219	765	  1	
592	253	765	  1	
592	312	765	  1	
593	267	765	  1	
595	171	765	  1	
595	286	765	  1	
596	 88	765	  1	
596	106	765	  1	
597	295	765	  1	
598	184	765	  1	
598	240	765	  1	
598	280	765	  1	
598	307	765	  1	
599	112	765	  1	
599	147	765	  1	
599	168	765	  1	
599	175	765	  1	
599	312	765	  1	
599	388	765	  1	
600	 48	765	  1	
600	 71	765	  1	
600	 93	765	  1	
600	104	765	  1	
600	328	765	  1	
600	360	765	  1	
603	 52	765	  1	
603	 66	765	  1	
603	254	765	  1	
603	367	765	  1	
605	342	765	  1	
606	 88	765	  1	
607	104	765	  1	
607	240	765	  1	
607	360	765	  1	
608	111	765	  1	
608	237	765	  1	
608	258	765	  1	
608	280	765	  1	
608	286	765	  1	
608	304	765	  1	
608	349	765	  1	
611	282	765	  1	
611	332	765	  1	
612	280	765	  1	
612	358	765	  1	
613	256	765	  1	
613	294	765	  1	
614	344	765	  1	
615	107	765	  1	
615	480	765	  1	
616	 80	765	  1	
616	123	765	  1	
616	264	765	  1	
616	268	765	  1	
616	279	765	  1	
616	352	765	  1	
619	272	765	  1	
622	 83	765	  1	
622	284	765	  1	
622	503	765	  1	
623	120	765	  1	
623	127	765	  1	
623	279	765	  1	
624	 80	765	  1	
624	118	765	  1	
624	232	765	  1	
624	239	765	  1	
624	248	765	  1	
624	272	765	  1	
624	365	765	  1	
627	197	765	  1	
629	299	765	  1	
629	384	765	  1	
630	 48	765	  1	
630	263	765	  1	
630	295	765	  1	
631	212	765	  1	
631	235	765	  1	
632	 96	765	  1	
632	216	765	  1	
632	223	765	  1	
632	279	765	  1	
632	296	765	  1	
635	272	765	  1	
635	323	765	  1	
636	248	765	  1	
637	128	765	  1	
637	133	765	  1	
639	 48	765	  1	
639	 83	765	  1	
639	219	765	  1	
639	269	765	  1	
639	279	765	  1	
640	 78	765	  1	
640	120	765	  1	
640	230	765	  1	
642	125	765	  1	
644	 55	765	  1	
645	390	765	  1	
646	 76	765	  1	
646	120	765	  1	
648	 69	765	  1	
648	113	765	  1	
648	119	765	  1	
648	128	765	  1	
648	135	765	  1	
648	531	765	  1	
650	162	765	  1	
651	 96	765	  1	
653	119	765	  1	
654	407	765	  1	
655	 79	765	  1	
655	113	765	  1	
655	128	765	  1	
655	135	765	  1	
656	 32	765	  1	
656	 91	765	  1	
656	144	765	  1	
656	280	765	  1	
656	296	765	  1	
661	360	765	  1	
663	 71	765	  1	
664	 87	765	  1	
664	111	765	  1	
664	120	765	  1	
664	127	765	  1	
664	139	765	  1	
664	192	765	  1	
664	200	765	  1	
664	208	765	  1	
664	248	765	  1	
666	199	765	  1	
666	207	765	  1	
666	270	765	  1	
667	255	765	  1	
668	 54	765	  1	
670	215	765	  1	
670	391	765	  1	
671	120	765	  1	
671	127	765	  1	
671	136	765	  1	
671	143	765	  1	
671	175	765	  1	
671	202	765	  1	
671	248	765	  1	
672	 56	765	  1	
672	223	765	  1	
672	371	765	  1	
672	382	765	  1	
672	408	765	  1	
675	136	765	  1	
677	123	765	  1	
679	143	765	  1	
679	216	765	  1	
679	415	765	  1	
680	144	765	  1	
680	223	765	  1	
680	227	765	  1	
688	208	765	  1	
688	215	765	  1	
688	256	765	  1	
690	448	765	  1	
695	471	765	  1	
698	449	765	  1	
703	321	765	  1	
704	224	765	  1	
704	231	765	  1	
704	303	765	  1	
750	335	765	  1	
