# 
#  Image file: Goad2_T0106.jpg
#  Applied threshold: 575
#  Algorithm used: fill2                 
#  Particle count: 1738
#  Location (x,y), max luminance, and mass:
# 
  6	235	765	  1	
  7	272	765	  1	
  7	373	765	  1	
 14	287	765	  1	
 19	437	765	  1	
 21	396	765	  1	
 22	460	765	  1	
 23	 12	765	  1	
 24	136	765	  1	
 24	347	765	  1	
 27	239	765	  1	
 31	258	765	  1	
 31	336	765	  1	
 33	221	765	  1	
 35	139	765	  1	
 39	586	765	  1	
 40	235	765	  1	
 41	231	765	  1	
 43	510	765	  1	
 47	155	765	  1	
 47	387	765	  1	
 51	238	765	  1	
 55	 87	765	  1	
 55	316	765	  1	
 56	195	765	  1	
 58	350	765	  1	
 61	135	765	  1	
 62	103	765	  1	
 62	442	765	  1	
 63	 88	765	  1	
 63	192	765	  1	
 63	199	765	  1	
 63	328	765	  1	
 63	335	765	  1	
 64	171	765	  1	
 64	224	765	  1	
 68	592	765	  1	
 70	179	765	  1	
 70	367	765	  1	
 71	239	765	  1	
 72	231	765	  1	
 76	360	765	  1	
 79	111	765	  1	
 79	372	765	  1	
 79	527	765	  1	
 80	117	765	  1	
 80	263	765	  1	
 80	333	765	  1	
 84	468	765	  1	
 85	202	765	  1	
 86	336	765	  1	
 87	 62	765	  1	
 87	101	765	  1	
 87	151	765	  1	
 87	263	765	  1	
 87	439	765	  1	
 88	435	765	  1	
 92	375	765	  1	
 96	128	765	  1	
101	159	765	  1	
102	 24	765	  1	
103	135	765	  1	
104	287	765	  1	
104	300	765	  1	
104	357	765	  1	
107	280	765	  1	
107	402	765	  1	
109	112	765	  1	
111	287	765	  1	
111	428	765	  1	
114	346	765	  1	
115	119	765	  1	
115	381	765	  1	
115	436	765	  1	
119	112	765	  1	
120	 52	765	  1	
120	 70	765	  1	
120	291	765	  1	
120	316	765	  1	
120	359	765	  1	
120	367	765	  1	
120	415	765	  1	
120	535	765	  1	
122	138	765	  1	
123	 79	765	  1	
123	341	765	  1	
125	259	765	  1	
126	363	765	  1	
126	415	765	  1	
127	336	765	  1	
127	359	765	  1	
127	432	765	  1	
127	459	765	  1	
127	535	765	  1	
128	272	765	  1	
128	319	765	  1	
128	477	765	  1	
131	408	765	  1	
132	265	765	  1	
132	400	765	  1	
133	211	765	  1	
134	 43	765	  1	
134	132	765	  1	
135	123	765	  1	
135	248	765	  1	
135	276	765	  1	
135	415	765	  1	
135	483	765	  1	
136	 96	765	  1	
136	195	765	  1	
136	295	765	  1	
136	383	765	  1	
136	424	765	  1	
138	118	765	  1	
139	103	765	  1	
139	335	765	  1	
139	431	765	  1	
141	  7	765	  1	
141	233	765	  1	
142	  2	765	  1	
143	 96	765	  1	
143	159	765	  1	
143	383	765	  1	
143	415	765	  1	
143	424	765	  1	
144	 32	765	  1	
144	115	765	  1	
144	168	765	  1	
144	175	765	  1	
144	184	765	  1	
144	191	765	  1	
144	208	765	  1	
144	259	765	  1	
145	284	765	  1	
146	 95	765	  1	
147	 39	765	  1	
147	144	765	  1	
148	187	765	  1	
149	112	765	  1	
150	211	765	  1	
151	 32	765	  1	
151	171	765	  1	
151	352	765	  1	
152	102	765	  1	
152	176	765	  1	
152	199	765	  1	
152	214	765	  1	
152	256	765	  1	
152	263	765	  1	
152	408	765	  1	
152	455	765	  1	
154	543	765	  1	
155	104	765	  1	
155	192	765	  1	
155	250	765	  1	
156	177	765	  1	
157	134	765	  1	
157	239	765	  1	
157	519	765	  1	
158	 99	765	  1	
159	 15	765	  1	
159	199	765	  1	
159	259	765	  1	
159	319	765	  1	
159	442	765	  1	
159	447	765	  1	
160	111	765	  1	
160	216	765	  1	
160	252	765	  1	
160	300	765	  1	
160	403	765	  1	
160	431	765	  1	
162	 72	765	  1	
163	223	765	  1	
163	455	765	  1	
165	295	765	  1	
166	 13	765	  1	
166	422	765	  1	
167	 72	765	  1	
167	216	765	  1	
167	304	765	  1	
167	400	765	  1	
167	407	765	  1	
167	508	765	  1	
168	  0	765	  1	
168	136	765	  1	
168	459	765	  1	
170	312	765	  1	
170	416	765	  1	
171	143	765	  1	
172	454	765	  1	
173	318	765	  1	
174	  4	765	  1	
174	 56	765	  1	
174	 70	765	  1	
174	386	765	  1	
175	120	765	  1	
175	136	765	  1	
175	456	765	  1	
175	463	765	  1	
176	  0	765	  1	
176	 51	765	  1	
176	119	765	  1	
176	152	765	  1	
176	341	765	  1	
177	296	765	  1	
177	301	765	  1	
177	372	765	  1	
177	399	765	  1	
178	 11	765	  1	
178	223	765	  1	
179	  7	765	  1	
179	368	765	  1	
180	184	765	  1	
181	 79	765	  1	
183	  0	765	  1	
183	 83	765	  1	
183	152	765	  1	
184	117	765	  1	
184	120	765	  1	
184	124	765	  1	
184	160	765	  1	
184	167	765	  1	
184	176	765	  1	
184	203	765	  1	
184	348	765	  1	
184	359	765	  1	
184	387	765	  1	
185	368	765	  1	
186	111	765	  1	
187	 98	765	  1	
187	183	765	  1	
187	336	765	  1	
187	352	765	  1	
188	255	765	  1	
190	117	765	  1	
190	351	765	  1	
191	163	765	  1	
191	176	765	  1	
191	308	765	  1	
191	359	765	  1	
192	 48	765	  1	
192	142	765	  1	
192	160	765	  1	
192	167	765	  1	
192	175	765	  1	
192	184	765	  1	
192	280	765	  1	
192	371	765	  1	
192	423	765	  1	
192	440	765	  1	
193	  6	765	  1	
195	128	765	  1	
195	343	765	  1	
195	416	765	  1	
195	485	765	  1	
197	170	765	  1	
198	289	765	  1	
199	111	765	  1	
199	163	765	  1	
199	423	765	  1	
200	 32	765	  1	
200	168	765	  1	
200	175	765	  1	
200	380	765	  1	
200	398	765	  1	
201	325	765	  1	
202	320	765	  1	
203	 32	765	  1	
203	128	765	  1	
205	  0	765	  1	
205	  5	765	  1	
205	 11	765	  1	
205	 24	765	  1	
206	224	765	  1	
206	383	765	  1	
206	511	765	  1	
207	143	765	  1	
207	171	765	  1	
207	456	765	  1	
208	 36	765	  1	
208	376	765	  1	
208	381	765	  1	
211	279	765	  1	
212	136	765	  1	
212	328	765	  1	
212	383	765	  1	
213	 48	765	  1	
213	 53	765	  1	
213	147	765	  1	
213	152	765	  1	
214	420	765	  1	
214	488	765	  1	
215	 34	765	  1	
215	320	765	  1	
215	378	765	  1	
215	424	765	  1	
216	 22	765	  1	
216	 47	765	  1	
216	112	765	  1	
216	120	765	  1	
216	130	765	  1	
216	135	765	  1	
216	168	765	  1	
216	384	765	  1	
218	352	765	  1	
219	  0	765	  1	
219	 40	765	  1	
219	190	765	  1	
221	112	765	  1	
221	257	765	  1	
221	359	765	  1	
221	543	765	  1	
222	450	765	  1	
223	 16	765	  1	
224	  0	765	  1	
224	 39	765	  1	
224	 71	765	  1	
224	 90	765	  1	
224	112	765	  1	
224	127	765	  1	
224	136	765	  1	
224	322	765	  1	
224	408	765	  1	
226	119	765	  1	
226	295	765	  1	
226	393	765	  1	
227	 86	765	  1	
228	 26	765	  1	
228	125	765	  1	
229	 95	765	  1	
229	100	765	  1	
229	124	765	  1	
229	164	765	  1	
229	567	765	  1	
230	415	765	  1	
231	 36	765	  1	
231	 56	765	  1	
231	 71	765	  1	
232	 16	765	  1	
232	 23	765	  1	
232	 75	765	  1	
232	 91	765	  1	
232	128	765	  1	
232	139	765	  1	
232	144	765	  1	
232	154	765	  1	
232	183	765	  1	
232	185	765	  1	
232	208	765	  1	
232	349	765	  1	
232	368	765	  1	
232	421	765	  1	
232	451	765	  1	
232	462	765	  1	
233	415	765	  1	
235	 72	765	  1	
235	112	765	  1	
236	144	765	  1	
236	168	765	  1	
236	174	765	  1	
237	 24	765	  1	
238	 78	765	  1	
238	388	765	  1	
238	422	765	  1	
239	159	765	  1	
239	408	765	  1	
239	448	765	  1	
239	455	765	  1	
240	  0	765	  1	
240	 80	765	  1	
240	 96	765	  1	
240	106	765	  1	
240	115	765	  1	
240	263	765	  1	
240	429	765	  1	
240	491	765	  1	
240	528	765	  1	
243	103	765	  1	
243	112	765	  1	
243	170	765	  1	
243	180	765	  1	
243	215	765	  1	
243	256	765	  1	
244	319	765	  1	
244	419	765	  1	
244	544	765	  1	
245	 23	765	  1	
246	118	765	  1	
247	144	765	  1	
247	208	765	  1	
247	263	765	  1	
248	  6	765	  1	
248	 83	765	  1	
248	 91	765	  1	
248	122	765	  1	
248	127	765	  1	
248	137	765	  1	
248	157	765	  1	
248	423	765	  1	
248	461	765	  1	
248	527	765	  1	
250	456	765	  1	
251	 72	765	  1	
252	570	765	  1	
253	 87	765	  1	
253	104	765	  1	
253	320	765	  1	
253	411	765	  1	
254	  4	765	  1	
254	 56	765	  1	
254	125	765	  1	
254	133	765	  1	
254	188	765	  1	
254	462	765	  1	
255	512	765	  1	
255	527	765	  1	
255	590	765	  1	
256	107	765	  1	
256	113	765	  1	
256	200	765	  1	
256	207	765	  1	
256	216	765	  1	
256	342	765	  1	
256	429	765	  1	
256	504	765	  1	
259	 96	765	  1	
259	208	765	  1	
260	416	765	  1	
261	 20	765	  1	
261	104	765	  1	
261	148	765	  1	
261	160	765	  1	
261	182	765	  1	
261	192	765	  1	
261	375	765	  1	
261	408	765	  1	
262	 29	765	  1	
262	220	765	  1	
262	423	765	  1	
262	472	765	  1	
263	118	765	  1	
263	157	765	  1	
263	207	765	  1	
263	309	765	  1	
263	504	765	  1	
264	 93	765	  1	
264	120	765	  1	
264	164	765	  1	
264	184	765	  1	
264	208	765	  1	
264	215	765	  1	
264	233	765	  1	
264	264	765	  1	
264	448	765	  1	
264	496	765	  1	
264	527	765	  1	
266	407	765	  1	
266	410	765	  1	
266	487	765	  1	
267	503	765	  1	
267	520	765	  1	
268	558	765	  1	
269	135	765	  1	
270	163	765	  1	
270	175	765	  1	
270	415	765	  1	
270	529	765	  1	
270	552	765	  1	
271	168	765	  1	
271	402	765	  1	
271	496	765	  1	
271	511	765	  1	
271	527	765	  1	
272	 19	765	  1	
272	 53	765	  1	
272	 72	765	  1	
272	 76	765	  1	
272	115	765	  1	
272	223	765	  1	
272	360	765	  1	
272	367	765	  1	
272	384	765	  1	
272	464	765	  1	
272	501	765	  1	
273	152	765	  1	
273	157	765	  1	
274	107	765	  1	
274	264	765	  1	
274	400	765	  1	
275	136	765	  1	
275	216	765	  1	
275	224	765	  1	
275	302	765	  1	
275	471	765	  1	
275	512	765	  1	
276	120	765	  1	
276	190	765	  1	
276	269	765	  1	
276	316	765	  1	
276	415	765	  1	
277	  8	765	  1	
277	 16	765	  1	
277	 48	765	  1	
277	102	765	  1	
277	279	765	  1	
278	127	765	  1	
279	180	765	  1	
279	223	765	  1	
279	403	765	  1	
279	413	765	  1	
279	464	765	  1	
279	526	765	  1	
279	535	765	  1	
280	 30	765	  1	
280	 46	765	  1	
280	 64	765	  1	
280	 85	765	  1	
280	168	765	  1	
280	199	765	  1	
280	208	765	  1	
280	225	765	  1	
280	245	765	  1	
280	272	765	  1	
280	288	765	  1	
280	375	765	  1	
280	415	765	  1	
280	458	765	  1	
280	494	765	  1	
281	383	765	  1	
282	 24	765	  1	
283	368	765	  1	
283	408	765	  1	
283	535	765	  1	
284	194	765	  1	
284	320	765	  1	
285	170	765	  1	
285	183	765	  1	
285	232	765	  1	
285	303	765	  1	
285	414	765	  1	
286	 31	765	  1	
286	224	765	  1	
286	292	765	  1	
287	208	765	  1	
287	375	765	  1	
287	400	765	  1	
287	530	765	  1	
288	 19	765	  1	
288	 32	765	  1	
288	 74	765	  1	
288	147	765	  1	
288	154	765	  1	
288	216	765	  1	
288	222	765	  1	
288	310	765	  1	
288	336	765	  1	
288	435	765	  1	
288	568	765	  1	
288	588	765	  1	
288	595	765	  1	
289	128	765	  1	
289	208	765	  1	
289	357	765	  1	
290	 80	765	  1	
290	136	765	  1	
291	226	765	  1	
291	327	765	  1	
291	367	765	  1	
291	511	765	  1	
291	575	765	  1	
293	200	765	  1	
294	 39	765	  1	
294	 86	765	  1	
294	 95	765	  1	
294	591	765	  1	
294	599	765	  1	
295	 16	765	  1	
295	 23	765	  1	
295	152	765	  1	
295	159	765	  1	
295	307	765	  1	
295	320	765	  1	
295	503	765	  1	
295	568	765	  1	
296	  8	765	  1	
296	 24	765	  1	
296	 30	765	  1	
296	104	765	  1	
296	160	765	  1	
296	224	765	  1	
296	249	765	  1	
296	310	765	  1	
296	374	765	  1	
296	382	765	  1	
296	463	765	  1	
298	 96	765	  1	
298	117	765	  1	
298	125	765	  1	
298	128	765	  1	
298	136	765	  1	
299	208	765	  1	
299	213	765	  1	
299	456	765	  1	
299	570	765	  1	
299	576	765	  1	
300	359	765	  1	
302	 83	765	  1	
303	 58	765	  1	
303	 96	765	  1	
303	136	765	  1	
303	166	765	  1	
303	352	765	  1	
303	406	765	  1	
303	463	765	  1	
303	504	765	  1	
304	 32	765	  1	
304	115	765	  1	
304	197	765	  1	
304	210	765	  1	
304	218	765	  1	
304	326	765	  1	
304	362	765	  1	
304	423	765	  1	
304	472	765	  1	
305	592	765	  1	
305	599	765	  1	
306	303	765	  1	
306	527	765	  1	
307	128	765	  1	
307	479	765	  1	
308	293	765	  1	
308	355	765	  1	
309	187	765	  1	
309	192	765	  1	
309	322	765	  1	
309	367	765	  1	
309	415	765	  1	
309	420	765	  1	
309	432	765	  1	
310	 36	765	  1	
310	520	765	  1	
311	 96	765	  1	
311	472	765	  1	
312	 12	765	  1	
312	 53	765	  1	
312	 71	765	  1	
312	 82	765	  1	
312	104	765	  1	
312	120	765	  1	
312	160	765	  1	
312	168	765	  1	
312	183	765	  1	
312	200	765	  1	
312	204	765	  1	
312	224	765	  1	
312	256	765	  1	
312	280	765	  1	
312	307	765	  1	
312	344	765	  1	
312	371	765	  1	
312	405	765	  1	
312	480	765	  1	
312	543	765	  1	
314	 46	765	  1	
315	285	765	  1	
315	334	765	  1	
315	536	765	  1	
316	348	765	  1	
316	352	765	  1	
317	155	765	  1	
317	359	765	  1	
317	416	765	  1	
318	 54	765	  1	
318	120	765	  1	
318	161	765	  1	
318	171	765	  1	
318	400	765	  1	
318	440	765	  1	
319	 80	765	  1	
319	 87	765	  1	
319	 96	765	  1	
319	263	765	  1	
319	543	765	  1	
320	  7	765	  1	
320	 76	765	  1	
320	107	765	  1	
320	136	765	  1	
320	186	765	  1	
320	312	765	  1	
320	343	765	  1	
320	349	765	  1	
320	360	765	  1	
320	414	765	  1	
320	427	765	  1	
322	124	765	  1	
322	206	765	  1	
323	  8	765	  1	
323	 48	765	  1	
323	 72	765	  1	
323	150	765	  1	
324	597	765	  1	
325	 67	765	  1	
325	187	765	  1	
325	280	765	  1	
325	287	765	  1	
325	366	765	  1	
325	472	765	  1	
326	 77	765	  1	
326	200	765	  1	
326	415	765	  1	
327	  7	765	  1	
327	 96	765	  1	
327	120	765	  1	
327	343	765	  1	
328	 32	765	  1	
328	 51	765	  1	
328	125	765	  1	
328	144	765	  1	
328	171	765	  1	
328	191	765	  1	
328	196	765	  1	
328	288	765	  1	
328	355	765	  1	
328	479	765	  1	
328	483	765	  1	
328	488	765	  1	
328	536	765	  1	
329	136	765	  1	
329	141	765	  1	
330	184	765	  1	
330	285	765	  1	
330	566	765	  1	
331	255	765	  1	
331	472	765	  1	
331	542	765	  1	
333	 68	765	  1	
333	147	765	  1	
333	163	765	  1	
334	 96	765	  1	
334	280	765	  1	
335	 32	765	  1	
335	 48	765	  1	
335	 64	765	  1	
335	288	765	  1	
335	479	765	  1	
336	 15	765	  1	
336	 88	765	  1	
336	 99	765	  1	
336	208	765	  1	
336	232	765	  1	
336	264	765	  1	
336	312	765	  1	
336	367	765	  1	
336	459	765	  1	
336	491	765	  1	
336	538	765	  1	
337	178	765	  1	
337	191	765	  1	
338	  7	765	  1	
338	407	765	  1	
339	 71	765	  1	
340	184	765	  1	
341	 68	765	  1	
341	191	765	  1	
341	202	765	  1	
341	267	765	  1	
341	286	765	  1	
342	316	765	  1	
343	  3	765	  1	
343	 48	765	  1	
343	 99	765	  1	
343	176	765	  1	
343	211	765	  1	
343	359	765	  1	
343	363	765	  1	
343	408	765	  1	
344	 42	765	  1	
344	 82	765	  1	
344	149	765	  1	
344	154	765	  1	
344	159	765	  1	
344	164	765	  1	
344	235	765	  1	
344	243	765	  1	
344	264	765	  1	
344	271	765	  1	
344	288	765	  1	
344	327	765	  1	
344	331	765	  1	
344	344	765	  1	
344	535	765	  1	
345	272	765	  1	
345	453	765	  1	
346	 15	765	  1	
346	136	765	  1	
346	371	765	  1	
347	295	765	  1	
347	378	765	  1	
347	416	765	  1	
347	423	765	  1	
347	528	765	  1	
348	 72	765	  1	
348	151	765	  1	
348	350	765	  1	
349	191	765	  1	
349	239	765	  1	
349	344	765	  1	
350	 78	765	  1	
351	 10	765	  1	
351	149	765	  1	
351	167	765	  1	
351	200	765	  1	
351	267	765	  1	
351	288	765	  1	
351	406	765	  1	
351	535	765	  1	
352	 16	765	  1	
352	 23	765	  1	
352	 30	765	  1	
352	 83	765	  1	
352	 96	765	  1	
352	131	765	  1	
352	195	765	  1	
352	232	765	  1	
352	253	765	  1	
352	327	765	  1	
352	376	765	  1	
352	383	765	  1	
352	431	765	  1	
354	 72	765	  1	
354	264	765	  1	
354	374	765	  1	
355	239	765	  1	
355	399	765	  1	
355	424	765	  1	
356	 24	765	  1	
356	 31	765	  1	
357	311	765	  1	
357	422	765	  1	
358	 78	765	  1	
358	248	765	  1	
358	280	765	  1	
358	287	765	  1	
358	357	765	  1	
359	 19	765	  1	
359	199	765	  1	
359	232	765	  1	
359	270	765	  1	
359	274	765	  1	
359	304	765	  1	
359	320	765	  1	
359	369	765	  1	
359	379	765	  1	
359	431	765	  1	
359	471	765	  1	
360	  0	765	  1	
360	 40	765	  1	
360	 64	765	  1	
360	 71	765	  1	
360	 84	765	  1	
360	 93	765	  1	
360	121	765	  1	
360	127	765	  1	
360	136	765	  1	
360	213	765	  1	
360	245	765	  1	
360	319	765	  1	
360	328	765	  1	
360	335	765	  1	
360	442	765	  1	
360	528	765	  1	
361	128	765	  1	
363	 24	765	  1	
363	 47	765	  1	
363	140	765	  1	
363	176	765	  1	
363	192	765	  1	
363	268	765	  1	
363	447	765	  1	
365	  8	765	  1	
365	256	765	  1	
366	 67	765	  1	
366	133	765	  1	
366	319	765	  1	
366	403	765	  1	
366	432	765	  1	
366	441	765	  1	
367	 40	765	  1	
367	127	765	  1	
367	168	765	  1	
367	213	765	  1	
367	270	765	  1	
367	306	765	  1	
367	331	765	  1	
368	 38	765	  1	
368	148	765	  1	
368	167	765	  1	
368	210	765	  1	
368	251	765	  1	
368	366	765	  1	
368	370	765	  1	
368	445	765	  1	
369	439	765	  1	
370	143	765	  1	
371	190	765	  1	
371	376	765	  1	
373	272	765	  1	
373	280	765	  1	
373	455	765	  1	
374	 24	765	  1	
374	 28	765	  1	
374	126	765	  1	
374	223	765	  1	
374	432	765	  1	
374	446	765	  1	
375	  5	765	  1	
375	 38	765	  1	
375	133	765	  1	
375	311	765	  1	
375	363	765	  1	
375	375	765	  1	
376	 11	765	  1	
376	 32	765	  1	
376	 36	765	  1	
376	 48	765	  1	
376	 74	765	  1	
376	119	765	  1	
376	205	765	  1	
376	256	765	  1	
376	259	765	  1	
376	263	765	  1	
376	269	765	  1	
376	275	765	  1	
376	320	765	  1	
378	 16	765	  1	
378	 72	765	  1	
378	 79	765	  1	
379	127	765	  1	
380	246	765	  1	
381	  0	765	  1	
381	 30	765	  1	
381	 63	765	  1	
381	136	765	  1	
381	152	765	  1	
381	200	765	  1	
382	  6	765	  1	
382	 22	765	  1	
382	 75	765	  1	
382	119	765	  1	
382	242	765	  1	
382	270	765	  1	
382	572	765	  1	
383	 15	765	  1	
383	 80	765	  1	
383	 96	765	  1	
383	279	765	  1	
383	438	765	  1	
384	128	765	  1	
384	162	765	  1	
384	180	765	  1	
384	190	765	  1	
384	276	765	  1	
385	139	765	  1	
386	176	765	  1	
387	 72	765	  1	
387	110	765	  1	
387	189	765	  1	
387	479	765	  1	
388	  4	765	  1	
388	372	765	  1	
389	464	765	  1	
391	178	765	  1	
392	 64	765	  1	
392	 74	765	  1	
392	119	765	  1	
392	130	765	  1	
392	248	765	  1	
392	298	765	  1	
392	396	765	  1	
392	480	765	  1	
392	547	765	  1	
393	 19	765	  1	
393	195	765	  1	
394	  6	765	  1	
394	 25	765	  1	
394	 70	765	  1	
394	387	765	  1	
395	144	765	  1	
395	226	765	  1	
395	238	765	  1	
395	255	765	  1	
396	176	765	  1	
396	320	765	  1	
396	383	765	  1	
397	 40	765	  1	
397	102	765	  1	
397	126	765	  1	
397	135	765	  1	
398	  0	765	  1	
398	 64	765	  1	
398	116	765	  1	
399	 32	765	  1	
399	 72	765	  1	
399	 79	765	  1	
399	248	765	  1	
400	 86	765	  1	
400	136	765	  1	
400	164	765	  1	
400	254	765	  1	
400	264	765	  1	
400	270	765	  1	
401	104	765	  1	
401	202	765	  1	
402	120	765	  1	
402	156	765	  1	
403	 16	765	  1	
403	144	765	  1	
403	267	765	  1	
403	368	765	  1	
404	163	765	  1	
405	 54	765	  1	
405	136	765	  1	
406	 22	765	  1	
406	126	765	  1	
407	334	765	  1	
408	 36	765	  1	
408	 87	765	  1	
408	135	765	  1	
408	144	765	  1	
408	151	765	  1	
408	194	765	  1	
408	321	765	  1	
408	384	765	  1	
408	412	765	  1	
408	423	765	  1	
408	431	765	  1	
408	599	765	  1	
409	 77	765	  1	
410	 16	765	  1	
410	213	765	  1	
410	494	765	  1	
411	 32	765	  1	
411	 37	765	  1	
411	 64	765	  1	
411	208	765	  1	
411	391	765	  1	
411	416	765	  1	
411	576	765	  1	
412	145	765	  1	
413	 22	765	  1	
413	250	765	  1	
413	255	765	  1	
413	408	765	  1	
414	175	765	  1	
414	199	765	  1	
414	323	765	  1	
415	 38	765	  1	
415	151	765	  1	
415	267	765	  1	
415	384	765	  1	
415	423	765	  1	
415	488	765	  1	
416	  0	765	  1	
416	 51	765	  1	
416	136	765	  1	
416	210	765	  1	
416	325	765	  1	
416	334	765	  1	
416	376	765	  1	
416	383	765	  1	
416	398	765	  1	
416	597	765	  1	
417	 48	765	  1	
418	145	765	  1	
418	183	765	  1	
419	  6	765	  1	
419	 32	765	  1	
420	320	765	  1	
420	487	765	  1	
421	  0	765	  1	
422	 64	765	  1	
422	111	765	  1	
422	159	765	  1	
422	176	765	  1	
422	297	765	  1	
423	 39	765	  1	
423	136	765	  1	
423	432	765	  1	
423	472	765	  1	
423	597	765	  1	
424	115	765	  1	
424	179	765	  1	
424	194	765	  1	
424	379	765	  1	
426	201	765	  1	
426	353	765	  1	
427	 31	765	  1	
427	 64	765	  1	
427	 95	765	  1	
429	 72	765	  1	
429	306	765	  1	
430	223	765	  1	
431	 55	765	  1	
431	176	765	  1	
431	183	765	  1	
432	 13	765	  1	
432	 23	765	  1	
432	152	765	  1	
432	232	765	  1	
432	368	765	  1	
433	 46	765	  1	
433	208	765	  1	
434	  4	765	  1	
434	  8	765	  1	
435	 16	765	  1	
435	138	765	  1	
435	158	765	  1	
435	175	765	  1	
435	255	765	  1	
435	375	765	  1	
436	243	765	  1	
436	288	765	  1	
439	 23	765	  1	
439	 46	765	  1	
439	368	765	  1	
440	193	765	  1	
440	199	765	  1	
440	310	765	  1	
440	395	765	  1	
441	255	765	  1	
442	304	765	  1	
443	152	765	  1	
443	184	765	  1	
443	195	765	  1	
444	374	765	  1	
445	310	765	  1	
445	399	765	  1	
446	 80	765	  1	
447	304	765	  1	
448	 36	765	  1	
448	 53	765	  1	
448	 67	765	  1	
448	122	765	  1	
448	198	765	  1	
448	216	765	  1	
448	250	765	  1	
448	323	765	  1	
448	366	765	  1	
448	394	765	  1	
450	 48	765	  1	
450	 72	765	  1	
450	192	765	  1	
450	200	765	  1	
450	296	765	  1	
451	136	765	  1	
451	335	765	  1	
453	 88	765	  1	
453	112	765	  1	
453	119	765	  1	
453	123	765	  1	
453	176	765	  1	
453	270	765	  1	
454	 54	765	  1	
454	128	765	  1	
454	255	765	  1	
455	 72	765	  1	
455	198	765	  1	
455	283	765	  1	
455	320	765	  1	
455	327	765	  1	
455	366	765	  1	
456	 35	765	  1	
456	 64	765	  1	
456	139	765	  1	
456	173	765	  1	
456	193	765	  1	
456	227	765	  1	
456	391	765	  1	
458	168	765	  1	
458	336	765	  1	
459	 16	765	  1	
459	184	765	  1	
459	384	765	  1	
462	174	765	  1	
463	118	765	  1	
463	200	765	  1	
463	391	765	  1	
464	  0	765	  1	
464	 32	765	  1	
464	 76	765	  1	
464	 94	765	  1	
464	117	765	  1	
464	152	765	  1	
464	176	765	  1	
464	240	765	  1	
464	280	765	  1	
464	351	765	  1	
464	358	765	  1	
464	368	765	  1	
464	374	765	  1	
464	385	765	  1	
464	399	765	  1	
464	559	765	  1	
466	102	765	  1	
466	288	765	  1	
467	247	765	  1	
467	344	765	  1	
469	 90	765	  1	
469	182	765	  1	
469	464	765	  1	
470	 96	765	  1	
470	211	765	  1	
471	  0	765	  1	
471	136	765	  1	
471	240	765	  1	
471	351	765	  1	
471	399	765	  1	
472	 54	765	  1	
472	120	765	  1	
472	170	765	  1	
472	192	765	  1	
472	256	765	  1	
472	336	765	  1	
472	344	765	  1	
472	358	765	  1	
474	 78	765	  1	
474	342	765	  1	
475	 42	765	  1	
476	336	765	  1	
477	  8	765	  1	
477	 55	765	  1	
477	126	765	  1	
477	231	765	  1	
478	 72	765	  1	
479	287	765	  1	
480	 12	765	  1	
480	 90	765	  1	
480	104	765	  1	
480	256	765	  1	
480	263	765	  1	
480	336	765	  1	
480	343	765	  1	
481	266	765	  1	
481	271	765	  1	
482	160	765	  1	
482	560	765	  1	
483	 48	765	  1	
483	 80	765	  1	
483	111	765	  1	
483	156	765	  1	
483	344	765	  1	
485	  0	765	  1	
485	 95	765	  1	
485	174	765	  1	
486	154	765	  1	
486	339	765	  1	
487	 55	765	  1	
487	104	765	  1	
488	 64	765	  1	
488	 72	765	  1	
488	100	765	  1	
488	110	765	  1	
488	130	765	  1	
488	167	765	  1	
488	184	765	  1	
488	191	765	  1	
488	195	765	  1	
488	208	765	  1	
488	215	765	  1	
488	232	765	  1	
488	248	765	  1	
488	253	765	  1	
488	267	765	  1	
488	275	765	  1	
488	400	765	  1	
489	296	765	  1	
490	 55	765	  1	
491	  0	765	  1	
491	 29	765	  1	
491	 96	765	  1	
492	152	765	  1	
492	209	765	  1	
493	167	765	  1	
493	210	765	  1	
494	200	765	  1	
494	341	765	  1	
495	 72	765	  1	
495	264	765	  1	
495	271	765	  1	
495	424	765	  1	
496	  4	765	  1	
496	  8	765	  1	
496	 14	765	  1	
496	 47	765	  1	
496	 80	765	  1	
496	 86	765	  1	
496	106	765	  1	
496	133	765	  1	
496	147	765	  1	
496	222	765	  1	
496	293	765	  1	
496	304	765	  1	
496	312	765	  1	
496	335	765	  1	
498	  0	765	  1	
498	128	765	  1	
498	275	765	  1	
498	350	765	  1	
499	 27	765	  1	
499	264	765	  1	
499	311	765	  1	
499	415	765	  1	
500	 15	765	  1	
500	 91	765	  1	
500	133	765	  1	
500	146	765	  1	
500	328	765	  1	
501	 83	765	  1	
501	106	765	  1	
501	200	765	  1	
501	207	765	  1	
502	  8	765	  1	
502	319	765	  1	
503	128	765	  1	
503	222	765	  1	
503	304	765	  1	
504	 15	765	  1	
504	 58	765	  1	
504	 63	765	  1	
504	 66	765	  1	
504	112	765	  1	
504	144	765	  1	
504	162	765	  1	
504	176	765	  1	
504	183	765	  1	
504	226	765	  1	
504	320	765	  1	
504	363	765	  1	
504	371	765	  1	
508	152	765	  1	
508	296	765	  1	
509	224	765	  1	
509	231	765	  1	
510	 56	765	  1	
510	 61	765	  1	
510	158	765	  1	
511	 15	765	  1	
511	162	765	  1	
511	304	765	  1	
511	320	765	  1	
511	360	765	  1	
511	367	765	  1	
511	375	765	  1	
512	 30	765	  1	
512	 48	765	  1	
512	128	765	  1	
512	188	765	  1	
512	207	765	  1	
512	211	765	  1	
512	222	765	  1	
514	  0	765	  1	
514	232	765	  1	
514	253	765	  1	
514	270	765	  1	
515	200	765	  1	
515	312	765	  1	
515	336	765	  1	
515	382	765	  1	
517	 99	765	  1	
517	152	765	  1	
517	263	765	  1	
518	 13	765	  1	
518	223	765	  1	
519	399	765	  1	
520	 72	765	  1	
520	 80	765	  1	
520	102	765	  1	
520	168	765	  1	
520	208	765	  1	
520	218	765	  1	
520	264	765	  1	
520	296	765	  1	
520	304	765	  1	
521	 85	765	  1	
522	269	765	  1	
523	 28	765	  1	
523	104	765	  1	
523	288	765	  1	
523	295	765	  1	
524	 39	765	  1	
524	152	765	  1	
525	  0	765	  1	
525	216	765	  1	
525	223	765	  1	
525	232	765	  1	
525	310	765	  1	
526	213	765	  1	
527	 86	765	  1	
527	264	765	  1	
527	296	765	  1	
528	125	765	  1	
528	201	765	  1	
528	230	765	  1	
528	272	765	  1	
528	360	765	  1	
528	507	765	  1	
530	112	765	  1	
531	 49	765	  1	
531	 78	765	  1	
531	152	765	  1	
531	208	765	  1	
531	352	765	  1	
532	225	765	  1	
533	 19	765	  1	
533	120	765	  1	
533	128	765	  1	
533	240	765	  1	
533	278	765	  1	
533	288	765	  1	
533	366	765	  1	
534	157	765	  1	
534	384	765	  1	
534	439	765	  1	
535	 85	765	  1	
536	  0	765	  1	
536	  7	765	  1	
536	 15	765	  1	
536	 59	765	  1	
536	112	765	  1	
536	248	765	  1	
536	254	765	  1	
536	271	765	  1	
536	312	765	  1	
536	319	765	  1	
536	349	765	  1	
536	368	765	  1	
536	379	765	  1	
536	403	765	  1	
537	150	765	  1	
537	189	765	  1	
538	 86	765	  1	
538	216	765	  1	
538	264	765	  1	
541	374	765	  1	
541	422	765	  1	
542	252	765	  1	
543	  3	765	  1	
543	 11	765	  1	
543	 56	765	  1	
543	191	765	  1	
543	271	765	  1	
543	315	765	  1	
544	 10	765	  1	
544	 40	765	  1	
544	 96	765	  1	
544	120	765	  1	
544	124	765	  1	
544	128	765	  1	
544	143	765	  1	
544	151	765	  1	
544	194	765	  1	
544	213	765	  1	
544	280	765	  1	
544	331	765	  1	
544	360	765	  1	
544	384	765	  1	
544	407	765	  1	
546	136	765	  1	
547	 22	765	  1	
547	103	765	  1	
547	248	765	  1	
548	 46	765	  1	
549	208	765	  1	
549	222	765	  1	
549	288	765	  1	
549	334	765	  1	
550	 96	765	  1	
550	141	765	  1	
551	 16	765	  1	
551	151	765	  1	
551	272	765	  1	
552	 80	765	  1	
552	 86	765	  1	
552	112	765	  1	
552	181	765	  1	
552	192	765	  1	
552	248	765	  1	
552	275	765	  1	
552	296	765	  1	
552	313	765	  1	
554	208	765	  1	
554	255	765	  1	
554	263	765	  1	
555	104	765	  1	
555	240	765	  1	
556	155	765	  1	
557	198	765	  1	
558	214	765	  1	
558	248	765	  1	
558	315	765	  1	
559	148	765	  1	
559	224	765	  1	
559	296	765	  1	
559	309	765	  1	
560	 23	765	  1	
560	 99	765	  1	
560	112	765	  1	
560	126	765	  1	
560	176	765	  1	
560	189	765	  1	
560	200	765	  1	
560	204	765	  1	
560	219	765	  1	
560	280	765	  1	
560	343	765	  1	
560	352	765	  1	
560	424	765	  1	
562	  8	765	  1	
563	 16	765	  1	
563	119	765	  1	
563	336	765	  1	
563	371	765	  1	
564	487	765	  1	
566	162	765	  1	
566	230	765	  1	
567	 23	765	  1	
567	 96	765	  1	
567	103	765	  1	
567	112	765	  1	
567	125	765	  1	
567	175	765	  1	
567	343	765	  1	
568	 16	765	  1	
568	 91	765	  1	
568	104	765	  1	
568	111	765	  1	
568	120	765	  1	
568	146	765	  1	
568	232	765	  1	
568	250	765	  1	
568	264	765	  1	
568	296	765	  1	
568	360	765	  1	
568	369	765	  1	
569	192	765	  1	
569	214	765	  1	
569	336	765	  1	
570	328	765	  1	
571	 23	765	  1	
571	151	765	  1	
571	240	765	  1	
571	271	765	  1	
571	353	765	  1	
571	375	765	  1	
573	248	765	  1	
573	255	765	  1	
573	301	765	  1	
574	335	765	  1	
575	183	765	  1	
575	232	765	  1	
575	264	765	  1	
575	535	765	  1	
576	144	765	  1	
576	192	765	  1	
576	374	765	  1	
576	411	765	  1	
577	264	765	  1	
578	184	765	  1	
578	198	765	  1	
579	 11	765	  1	
579	175	765	  1	
579	208	765	  1	
579	248	765	  1	
580	270	765	  1	
581	281	765	  1	
582	192	765	  1	
582	200	765	  1	
583	151	765	  1	
583	299	765	  1	
583	408	765	  1	
583	415	765	  1	
584	 11	765	  1	
584	 22	765	  1	
584	 40	765	  1	
584	 46	765	  1	
584	 78	765	  1	
584	107	765	  1	
584	133	765	  1	
584	184	765	  1	
584	216	765	  1	
584	233	765	  1	
584	248	765	  1	
584	418	765	  1	
586	110	765	  1	
587	 16	765	  1	
587	191	765	  1	
589	  8	765	  1	
589	100	765	  1	
589	264	765	  1	
589	351	765	  1	
589	400	765	  1	
590	109	765	  1	
590	312	765	  1	
590	421	765	  1	
591	184	765	  1	
591	216	765	  1	
592	 55	765	  1	
592	 59	765	  1	
592	235	765	  1	
592	240	765	  1	
592	256	765	  1	
592	290	765	  1	
592	311	765	  1	
592	323	765	  1	
592	376	765	  1	
592	424	765	  1	
593	299	765	  1	
593	335	765	  1	
594	 96	765	  1	
594	312	765	  1	
595	207	765	  1	
595	247	765	  1	
596	306	765	  1	
597	198	765	  1	
597	262	765	  1	
597	391	765	  1	
597	400	765	  1	
598	328	765	  1	
599	 51	765	  1	
599	 96	765	  1	
599	240	765	  1	
599	320	765	  1	
599	346	765	  1	
600	  1	765	  1	
600	 71	765	  1	
600	116	765	  1	
600	176	765	  1	
600	237	765	  1	
600	256	765	  1	
600	276	765	  1	
600	351	765	  1	
602	  7	765	  1	
602	117	765	  1	
602	232	765	  1	
603	344	765	  1	
603	431	765	  1	
605	 68	765	  1	
606	  2	765	  1	
606	112	765	  1	
606	238	765	  1	
606	287	765	  1	
607	351	765	  1	
608	  8	765	  1	
608	 80	765	  1	
608	100	765	  1	
608	120	765	  1	
608	248	765	  1	
608	272	765	  1	
608	304	765	  1	
608	352	765	  1	
611	 87	765	  1	
611	127	765	  1	
611	279	765	  1	
611	287	765	  1	
612	 63	765	  1	
612	272	765	  1	
612	319	765	  1	
613	103	765	  1	
613	327	765	  1	
614	208	765	  1	
614	284	765	  1	
615	 80	765	  1	
615	120	765	  1	
615	312	765	  1	
615	328	765	  1	
616	  8	765	  1	
616	 32	765	  1	
616	 39	765	  1	
616	199	765	  1	
616	471	765	  1	
616	503	765	  1	
618	367	765	  1	
620	 79	765	  1	
622	 49	765	  1	
623	 35	765	  1	
623	 80	765	  1	
623	128	765	  1	
624	191	765	  1	
624	271	765	  1	
626	242	765	  1	
627	247	765	  1	
627	312	765	  1	
629	 87	765	  1	
630	260	765	  1	
631	184	765	  1	
632	213	765	  1	
632	311	765	  1	
635	 63	765	  1	
635	443	765	  1	
635	512	765	  1	
636	 55	765	  1	
636	175	765	  1	
638	280	765	  1	
640	295	765	  1	
643	288	765	  1	
646	 75	765	  1	
647	 48	765	  1	
647	 55	765	  1	
647	295	765	  1	
647	408	765	  1	
648	 39	765	  1	
648	 56	765	  1	
648	 99	765	  1	
648	135	765	  1	
648	224	765	  1	
648	391	765	  1	
649	515	765	  1	
652	104	765	  1	
652	378	765	  1	
654	341	765	  1	
655	 96	765	  1	
656	101	765	  1	
656	215	765	  1	
659	 79	765	  1	
659	336	765	  1	
661	 96	765	  1	
663	 75	765	  1	
667	127	765	  1	
670	261	765	  1	
675	 72	765	  1	
678	147	765	  1	
679	251	765	  1	
680	358	765	  1	
696	436	765	  1	
708	279	765	  1	
720	343	765	  1	
749	144	765	  1	
