# 
#  Image file: Goad2_T0055.jpg
#  Applied threshold: 575
#  Algorithm used: fill2                 
#  Particle count: 1901
#  Location (x,y), max luminance, and mass:
# 
  8	119	765	  1	
  8	152	765	  1	
 14	320	765	  1	
 15	 69	765	  1	
 16	288	765	  1	
 16	344	765	  1	
 21	304	765	  1	
 22	471	765	  1	
 24	469	765	  1	
 24	576	765	  1	
 25	149	765	  1	
 27	224	765	  1	
 27	516	765	  1	
 32	255	765	  1	
 36	272	765	  1	
 39	248	765	  1	
 39	331	765	  1	
 39	399	765	  1	
 48	312	765	  1	
 48	319	765	  1	
 48	327	765	  1	
 48	591	765	  1	
 54	315	765	  1	
 55	223	765	  1	
 55	323	765	  1	
 55	494	765	  1	
 56	240	765	  1	
 58	111	765	  1	
 59	248	765	  1	
 64	101	765	  1	
 64	111	765	  1	
 65	103	765	  1	
 67	224	765	  1	
 67	231	765	  1	
 70	167	765	  1	
 71	255	765	  1	
 72	150	765	  1	
 72	334	765	  1	
 79	248	765	  1	
 79	360	765	  1	
 80	204	765	  1	
 82	191	765	  1	
 83	206	765	  1	
 84	383	765	  1	
 87	200	765	  1	
 88	132	765	  1	
 88	207	765	  1	
 88	227	765	  1	
 88	240	765	  1	
 88	416	765	  1	
 91	176	765	  1	
 91	189	765	  1	
 92	383	765	  1	
 94	416	765	  1	
 95	 78	765	  1	
 95	207	765	  1	
 96	 24	765	  1	
 96	120	765	  1	
 96	360	765	  1	
 96	392	765	  1	
 99	175	765	  1	
100	392	765	  1	
102	341	765	  1	
103	123	765	  1	
103	136	765	  1	
103	318	765	  1	
103	367	765	  1	
104	218	765	  1	
104	358	765	  1	
104	461	765	  1	
107	392	765	  1	
108	224	765	  1	
109	458	765	  1	
111	125	765	  1	
111	191	765	  1	
111	203	765	  1	
115	364	765	  1	
115	563	765	  1	
116	354	765	  1	
118	198	765	  1	
119	176	765	  1	
119	398	765	  1	
119	526	765	  1	
120	120	765	  1	
120	131	765	  1	
120	207	765	  1	
120	368	765	  1	
122	248	765	  1	
123	127	765	  1	
123	200	765	  1	
125	128	765	  1	
125	379	765	  1	
127	120	765	  1	
127	207	765	  1	
128	136	765	  1	
128	143	765	  1	
128	186	765	  1	
128	239	765	  1	
128	267	765	  1	
128	279	765	  1	
128	359	765	  1	
128	471	765	  1	
131	232	765	  1	
131	252	765	  1	
132	416	765	  1	
134	 87	765	  1	
135	239	765	  1	
136	111	765	  1	
136	125	765	  1	
136	168	765	  1	
136	175	765	  1	
136	374	765	  1	
136	504	765	  1	
136	511	765	  1	
136	516	765	  1	
137	  0	765	  1	
138	279	765	  1	
141	119	765	  1	
141	272	765	  1	
141	277	765	  1	
141	340	765	  1	
143	104	765	  1	
143	142	765	  1	
143	171	765	  1	
143	504	765	  1	
143	511	765	  1	
143	516	765	  1	
144	 61	765	  1	
144	 88	765	  1	
144	120	765	  1	
144	131	765	  1	
144	140	765	  1	
144	152	765	  1	
144	216	765	  1	
144	264	765	  1	
144	320	765	  1	
144	327	765	  1	
145	238	765	  1	
147	 95	765	  1	
147	 98	765	  1	
147	208	765	  1	
147	223	765	  1	
148	360	765	  1	
149	215	765	  1	
149	220	765	  1	
149	589	765	  1	
151	 88	765	  1	
151	344	765	  1	
151	367	765	  1	
151	496	765	  1	
152	104	765	  1	
152	236	765	  1	
152	272	765	  1	
153	288	765	  1	
153	295	765	  1	
155	 95	765	  1	
155	216	765	  1	
156	 64	765	  1	
156	200	765	  1	
157	 79	765	  1	
157	227	765	  1	
157	467	765	  1	
158	134	765	  1	
158	221	765	  1	
158	391	765	  1	
158	504	765	  1	
159	 88	765	  1	
159	104	765	  1	
159	207	765	  1	
159	290	765	  1	
159	319	765	  1	
160	 82	765	  1	
160	 94	765	  1	
160	171	765	  1	
160	304	765	  1	
160	311	765	  1	
160	408	765	  1	
160	432	765	  1	
160	480	765	  1	
162	144	765	  1	
162	232	765	  1	
163	248	765	  1	
164	  7	765	  1	
164	184	765	  1	
164	264	765	  1	
165	120	765	  1	
166	172	765	  1	
166	271	765	  1	
166	498	765	  1	
167	  8	765	  1	
167	 15	765	  1	
167	183	765	  1	
167	236	765	  1	
167	243	765	  1	
167	307	765	  1	
167	336	765	  1	
168	106	765	  1	
168	117	765	  1	
168	123	765	  1	
168	141	765	  1	
168	230	765	  1	
168	251	765	  1	
168	290	765	  1	
168	312	765	  1	
168	406	765	  1	
168	488	765	  1	
170	112	765	  1	
171	279	765	  1	
171	319	765	  1	
172	 80	765	  1	
173	104	765	  1	
173	136	765	  1	
173	224	765	  1	
174	118	765	  1	
174	288	765	  1	
174	384	765	  1	
174	532	765	  1	
175	 56	765	  1	
175	248	765	  1	
175	255	765	  1	
175	268	765	  1	
175	312	765	  1	
175	567	765	  1	
176	 43	765	  1	
176	188	765	  1	
176	279	765	  1	
176	296	765	  1	
176	307	765	  1	
176	519	765	  1	
178	 87	765	  1	
178	184	765	  1	
178	274	765	  1	
178	478	765	  1	
179	  8	765	  1	
179	 14	765	  1	
179	295	765	  1	
179	303	765	  1	
180	232	765	  1	
181	 62	765	  1	
181	282	765	  1	
181	363	765	  1	
182	 40	765	  1	
182	 77	765	  1	
182	279	765	  1	
183	158	765	  1	
183	288	765	  1	
183	296	765	  1	
183	304	765	  1	
183	311	765	  1	
184	125	765	  1	
184	295	765	  1	
184	399	765	  1	
186	256	765	  1	
186	269	765	  1	
187	 87	765	  1	
187	288	765	  1	
187	392	765	  1	
188	167	765	  1	
189	322	765	  1	
190	261	765	  1	
190	264	765	  1	
191	 79	765	  1	
191	270	765	  1	
191	295	765	  1	
191	399	765	  1	
192	 43	765	  1	
192	 48	765	  1	
192	112	765	  1	
192	128	765	  1	
192	132	765	  1	
192	136	765	  1	
192	142	765	  1	
192	178	765	  1	
192	238	765	  1	
192	296	765	  1	
193	372	765	  1	
194	336	765	  1	
195	  7	765	  1	
195	 55	765	  1	
195	205	765	  1	
197	112	765	  1	
199	 48	765	  1	
200	 16	765	  1	
200	 64	765	  1	
200	 87	765	  1	
200	 91	765	  1	
200	104	765	  1	
200	110	765	  1	
200	117	765	  1	
200	136	765	  1	
200	153	765	  1	
200	159	765	  1	
200	164	765	  1	
200	175	765	  1	
200	219	765	  1	
200	240	765	  1	
200	269	765	  1	
200	480	765	  1	
200	560	765	  1	
201	 80	765	  1	
203	254	765	  1	
203	304	765	  1	
204	 86	765	  1	
205	107	765	  1	
205	482	765	  1	
206	 74	765	  1	
206	144	765	  1	
206	154	765	  1	
206	200	765	  1	
206	528	765	  1	
207	151	765	  1	
207	175	765	  1	
207	219	765	  1	
208	230	765	  1	
208	456	765	  1	
209	 39	765	  1	
209	 86	765	  1	
211	 46	765	  1	
212	224	765	  1	
212	344	765	  1	
212	584	765	  1	
213	 80	765	  1	
213	112	765	  1	
213	144	765	  1	
213	248	765	  1	
213	280	765	  1	
213	287	765	  1	
215	 85	765	  1	
215	312	765	  1	
216	 40	765	  1	
216	104	765	  1	
216	234	765	  1	
216	258	765	  1	
216	288	765	  1	
216	350	765	  1	
216	385	765	  1	
217	280	765	  1	
218	110	765	  1	
218	158	765	  1	
219	 80	765	  1	
220	139	765	  1	
220	252	765	  1	
222	104	765	  1	
223	309	765	  1	
224	  7	765	  1	
224	 70	765	  1	
224	 82	765	  1	
224	214	765	  1	
224	256	765	  1	
224	272	765	  1	
224	368	765	  1	
224	375	765	  1	
224	384	765	  1	
224	411	765	  1	
224	496	765	  1	
224	561	765	  1	
224	575	765	  1	
225	124	765	  1	
225	238	765	  1	
225	568	765	  1	
227	128	765	  1	
227	551	765	  1	
228	280	765	  1	
229	  2	765	  1	
229	 80	765	  1	
229	 87	765	  1	
229	160	765	  1	
229	278	765	  1	
229	295	765	  1	
229	310	765	  1	
229	391	765	  1	
230	256	765	  1	
231	214	765	  1	
231	288	765	  1	
231	293	765	  1	
231	296	765	  1	
231	371	765	  1	
231	408	765	  1	
231	415	765	  1	
231	496	765	  1	
232	 15	765	  1	
232	109	765	  1	
232	130	765	  1	
232	156	765	  1	
232	168	765	  1	
232	182	765	  1	
232	200	765	  1	
232	282	765	  1	
232	344	765	  1	
232	384	765	  1	
232	392	765	  1	
232	399	765	  1	
232	450	765	  1	
232	524	765	  1	
233	 96	765	  1	
233	357	765	  1	
235	149	765	  1	
237	128	765	  1	
237	135	765	  1	
237	296	765	  1	
237	366	765	  1	
238	 11	765	  1	
239	 64	765	  1	
239	 71	765	  1	
239	 77	765	  1	
239	151	765	  1	
239	395	765	  1	
240	 15	765	  1	
240	 74	765	  1	
240	 79	765	  1	
240	116	765	  1	
240	126	765	  1	
240	158	765	  1	
240	163	765	  1	
240	199	765	  1	
240	210	765	  1	
240	260	765	  1	
240	269	765	  1	
240	357	765	  1	
240	386	765	  1	
240	462	765	  1	
240	492	765	  1	
241	141	765	  1	
241	175	765	  1	
242	 23	765	  1	
242	120	765	  1	
242	152	765	  1	
243	 64	765	  1	
243	183	765	  1	
243	192	765	  1	
244	136	765	  1	
244	292	765	  1	
245	  0	765	  1	
245	162	765	  1	
245	468	765	  1	
245	488	765	  1	
246	 94	765	  1	
246	103	765	  1	
246	244	765	  1	
246	263	765	  1	
246	480	765	  1	
247	 18	765	  1	
247	126	765	  1	
247	199	765	  1	
248	 50	765	  1	
248	 56	765	  1	
248	 88	765	  1	
248	133	765	  1	
248	170	765	  1	
248	176	765	  1	
248	184	765	  1	
248	312	765	  1	
248	319	765	  1	
248	332	765	  1	
248	392	765	  1	
249	 61	765	  1	
250	128	765	  1	
250	220	765	  1	
250	363	765	  1	
250	375	765	  1	
251	  7	765	  1	
251	 72	765	  1	
251	147	765	  1	
251	151	765	  1	
251	188	765	  1	
251	256	765	  1	
251	528	765	  1	
252	175	765	  1	
252	300	765	  1	
252	315	765	  1	
252	431	765	  1	
253	141	765	  1	
253	178	765	  1	
253	283	765	  1	
253	343	765	  1	
253	436	765	  1	
254	 93	765	  1	
254	335	765	  1	
255	 50	765	  1	
255	 56	765	  1	
255	 61	765	  1	
255	263	765	  1	
255	288	765	  1	
255	596	765	  1	
256	 16	765	  1	
256	 20	765	  1	
256	 30	765	  1	
256	 69	765	  1	
256	126	765	  1	
256	143	765	  1	
256	235	765	  1	
256	267	765	  1	
256	291	765	  1	
256	304	765	  1	
256	319	765	  1	
256	394	765	  1	
256	504	765	  1	
257	311	765	  1	
258	120	765	  1	
258	192	765	  1	
258	292	765	  1	
258	487	765	  1	
259	 24	765	  1	
259	 64	765	  1	
259	277	765	  1	
259	510	765	  1	
261	 48	765	  1	
261	 88	765	  1	
261	184	765	  1	
262	 56	765	  1	
262	127	765	  1	
262	288	765	  1	
262	376	765	  1	
263	199	765	  1	
263	319	765	  1	
264	  4	765	  1	
264	 14	765	  1	
264	 21	765	  1	
264	 75	765	  1	
264	 85	765	  1	
264	104	765	  1	
264	112	765	  1	
264	133	765	  1	
264	156	765	  1	
264	208	765	  1	
264	245	765	  1	
264	406	765	  1	
264	424	765	  1	
264	528	765	  1	
266	111	765	  1	
266	128	765	  1	
266	152	765	  1	
266	231	765	  1	
266	279	765	  1	
267	 64	765	  1	
267	215	765	  1	
267	296	765	  1	
267	303	765	  1	
268	  4	765	  1	
268	192	765	  1	
269	 11	765	  1	
269	 18	765	  1	
269	240	765	  1	
269	294	765	  1	
269	464	765	  1	
269	471	765	  1	
270	104	765	  1	
270	134	765	  1	
270	157	765	  1	
270	223	765	  1	
271	 72	765	  1	
271	112	765	  1	
271	152	765	  1	
271	208	765	  1	
271	231	765	  1	
271	327	765	  1	
271	424	765	  1	
271	528	765	  1	
272	 29	765	  1	
272	 56	765	  1	
272	144	765	  1	
272	163	765	  1	
272	176	765	  1	
272	205	765	  1	
272	232	765	  1	
272	256	765	  1	
272	271	765	  1	
272	288	765	  1	
272	296	765	  1	
272	312	765	  1	
272	331	765	  1	
272	414	765	  1	
274	115	765	  1	
274	216	765	  1	
274	300	765	  1	
275	 63	765	  1	
275	 66	765	  1	
275	 71	765	  1	
275	 90	765	  1	
275	104	765	  1	
275	152	765	  1	
275	183	765	  1	
275	295	765	  1	
275	400	765	  1	
275	526	765	  1	
277	 48	765	  1	
277	215	765	  1	
278	 24	765	  1	
278	 95	765	  1	
278	288	765	  1	
278	395	765	  1	
278	414	765	  1	
278	528	765	  1	
279	 56	765	  1	
279	176	765	  1	
279	218	765	  1	
279	256	765	  1	
279	312	765	  1	
280	 10	765	  1	
280	 15	765	  1	
280	 90	765	  1	
280	 99	765	  1	
280	104	765	  1	
280	120	765	  1	
280	139	765	  1	
280	146	765	  1	
280	246	765	  1	
280	309	765	  1	
280	335	765	  1	
281	263	765	  1	
282	132	765	  1	
282	408	765	  1	
283	 56	765	  1	
284	126	765	  1	
284	176	765	  1	
284	216	765	  1	
284	415	765	  1	
285	 88	765	  1	
285	 95	765	  1	
285	104	765	  1	
285	244	765	  1	
285	256	765	  1	
285	304	765	  1	
286	223	765	  1	
287	 79	765	  1	
287	200	765	  1	
288	 80	765	  1	
288	157	765	  1	
288	184	765	  1	
288	215	765	  1	
288	240	765	  1	
288	309	765	  1	
288	341	765	  1	
288	544	765	  1	
289	 72	765	  1	
290	145	765	  1	
290	192	765	  1	
291	208	765	  1	
291	320	765	  1	
291	407	765	  1	
291	414	765	  1	
292	395	765	  1	
292	551	765	  1	
293	 86	765	  1	
293	168	765	  1	
293	184	765	  1	
293	203	765	  1	
293	304	765	  1	
293	528	765	  1	
295	107	765	  1	
295	151	765	  1	
295	215	765	  1	
295	243	765	  1	
295	589	765	  1	
296	 58	765	  1	
296	 72	765	  1	
296	 79	765	  1	
296	 89	765	  1	
296	136	765	  1	
296	176	765	  1	
296	200	765	  1	
296	227	765	  1	
296	251	765	  1	
296	296	765	  1	
296	302	765	  1	
296	328	765	  1	
296	360	765	  1	
296	416	765	  1	
296	456	765	  1	
297	159	765	  1	
297	320	765	  1	
298	119	765	  1	
298	207	765	  1	
298	366	765	  1	
298	547	765	  1	
301	299	765	  1	
301	322	765	  1	
302	 60	765	  1	
302	140	765	  1	
302	199	765	  1	
302	332	765	  1	
302	360	765	  1	
302	463	765	  1	
303	186	765	  1	
304	 15	765	  1	
304	 96	765	  1	
304	127	765	  1	
304	180	765	  1	
304	200	765	  1	
304	246	765	  1	
304	285	765	  1	
304	292	765	  1	
304	520	765	  1	
304	598	765	  1	
306	192	765	  1	
306	229	765	  1	
307	160	765	  1	
308	152	765	  1	
309	206	765	  1	
310	 12	765	  1	
310	501	765	  1	
310	596	765	  1	
311	  0	765	  1	
311	 96	765	  1	
311	184	765	  1	
311	520	765	  1	
312	 66	765	  1	
312	 70	765	  1	
312	 85	765	  1	
312	155	765	  1	
312	216	765	  1	
312	238	765	  1	
312	248	765	  1	
312	311	765	  1	
312	368	765	  1	
312	383	765	  1	
312	407	765	  1	
312	426	765	  1	
312	439	765	  1	
313	375	765	  1	
315	144	765	  1	
315	163	765	  1	
315	176	765	  1	
315	192	765	  1	
315	400	765	  1	
315	432	765	  1	
317	106	765	  1	
317	111	765	  1	
317	216	765	  1	
317	328	765	  1	
318	262	765	  1	
318	370	765	  1	
318	424	765	  1	
319	  4	765	  1	
319	294	765	  1	
319	407	765	  1	
319	439	765	  1	
320	  0	765	  1	
320	 24	765	  1	
320	 72	765	  1	
320	 78	765	  1	
320	 90	765	  1	
320	112	765	  1	
320	134	765	  1	
320	237	765	  1	
320	382	765	  1	
320	426	765	  1	
320	431	765	  1	
320	435	765	  1	
321	 64	765	  1	
321	 69	765	  1	
322	  7	765	  1	
322	 88	765	  1	
322	 92	765	  1	
323	248	765	  1	
323	425	765	  1	
325	 72	765	  1	
325	 79	765	  1	
325	262	765	  1	
325	332	765	  1	
325	368	765	  1	
325	378	765	  1	
326	  0	765	  1	
326	165	765	  1	
326	216	765	  1	
327	 95	765	  1	
327	160	765	  1	
327	435	765	  1	
328	  5	765	  1	
328	 69	765	  1	
328	 74	765	  1	
328	120	765	  1	
328	124	765	  1	
328	155	765	  1	
328	176	765	  1	
328	200	765	  1	
328	218	765	  1	
328	245	765	  1	
328	264	765	  1	
328	271	765	  1	
328	275	765	  1	
328	322	765	  1	
328	433	765	  1	
328	448	765	  1	
328	452	765	  1	
329	 95	765	  1	
330	  0	765	  1	
331	384	765	  1	
332	176	765	  1	
332	222	765	  1	
333	 31	765	  1	
333	 55	765	  1	
333	 79	765	  1	
333	123	765	  1	
333	143	765	  1	
333	158	765	  1	
333	280	765	  1	
333	320	765	  1	
333	327	765	  1	
333	376	765	  1	
333	544	765	  1	
333	549	765	  1	
334	  6	765	  1	
334	416	765	  1	
335	230	765	  1	
335	360	765	  1	
336	 20	765	  1	
336	 42	765	  1	
336	 80	765	  1	
336	 97	765	  1	
336	165	765	  1	
336	176	765	  1	
336	192	765	  1	
336	205	765	  1	
336	215	765	  1	
336	256	765	  1	
336	293	765	  1	
336	307	765	  1	
336	342	765	  1	
336	357	765	  1	
336	373	765	  1	
336	384	765	  1	
336	395	765	  1	
336	401	765	  1	
339	112	765	  1	
339	150	765	  1	
339	235	765	  1	
339	272	765	  1	
340	  9	765	  1	
340	 44	765	  1	
340	211	765	  1	
340	352	765	  1	
341	167	765	  1	
341	198	765	  1	
341	435	765	  1	
342	255	765	  1	
343	  0	765	  1	
343	 40	765	  1	
343	144	765	  1	
343	342	765	  1	
343	401	765	  1	
344	 30	765	  1	
344	 50	765	  1	
344	 60	765	  1	
344	 83	765	  1	
344	 86	765	  1	
344	 90	765	  1	
344	128	765	  1	
344	154	765	  1	
344	174	765	  1	
344	267	765	  1	
344	291	765	  1	
344	365	765	  1	
344	424	765	  1	
346	 95	765	  1	
346	150	765	  1	
347	 56	765	  1	
347	272	765	  1	
348	360	765	  1	
349	 48	765	  1	
349	 86	765	  1	
350	 95	765	  1	
350	144	765	  1	
350	406	765	  1	
351	128	765	  1	
351	335	765	  1	
351	340	765	  1	
352	  0	765	  1	
352	 15	765	  1	
352	 66	765	  1	
352	 71	765	  1	
352	 82	765	  1	
352	147	765	  1	
352	164	765	  1	
352	192	765	  1	
352	320	765	  1	
352	374	765	  1	
352	392	765	  1	
354	 67	765	  1	
354	152	765	  1	
355	 40	765	  1	
355	134	765	  1	
355	327	765	  1	
355	405	765	  1	
355	440	765	  1	
356	396	765	  1	
357	 16	765	  1	
357	 51	765	  1	
357	 56	765	  1	
357	 71	765	  1	
357	128	765	  1	
358	165	765	  1	
358	376	765	  1	
359	 47	765	  1	
359	 66	765	  1	
359	256	765	  1	
359	276	765	  1	
359	320	765	  1	
360	 34	765	  1	
360	 54	765	  1	
360	 59	765	  1	
360	 73	765	  1	
360	110	765	  1	
360	152	765	  1	
360	174	765	  1	
360	186	765	  1	
360	191	765	  1	
360	210	765	  1	
360	296	765	  1	
360	336	765	  1	
360	343	765	  1	
360	352	765	  1	
360	389	765	  1	
360	584	765	  1	
360	591	765	  1	
361	159	765	  1	
362	 96	765	  1	
362	325	765	  1	
363	136	765	  1	
363	366	765	  1	
364	 72	765	  1	
364	167	765	  1	
365	 27	765	  1	
365	 32	765	  1	
365	 39	765	  1	
365	120	765	  1	
365	170	765	  1	
365	223	765	  1	
366	102	765	  1	
366	208	765	  1	
366	214	765	  1	
366	268	765	  1	
366	355	765	  1	
367	 54	765	  1	
367	112	765	  1	
367	256	765	  1	
367	277	765	  1	
367	339	765	  1	
368	 50	765	  1	
368	 61	765	  1	
368	104	765	  1	
368	110	765	  1	
368	129	765	  1	
368	135	765	  1	
368	137	765	  1	
368	325	765	  1	
368	346	765	  1	
368	360	765	  1	
368	392	765	  1	
368	416	765	  1	
368	423	765	  1	
368	459	765	  1	
370	 14	765	  1	
370	 80	765	  1	
370	298	765	  1	
371	 91	765	  1	
371	398	765	  1	
371	520	765	  1	
372	 73	765	  1	
373	 48	765	  1	
373	159	765	  1	
373	172	765	  1	
373	191	765	  1	
373	320	765	  1	
373	344	765	  1	
373	351	765	  1	
374	  8	765	  1	
374	279	765	  1	
374	491	765	  1	
375	  0	765	  1	
375	296	765	  1	
375	360	765	  1	
376	 27	765	  1	
376	 43	765	  1	
376	 69	765	  1	
376	104	765	  1	
376	112	765	  1	
376	184	765	  1	
376	205	765	  1	
376	355	765	  1	
376	376	765	  1	
376	384	765	  1	
376	519	765	  1	
378	 14	765	  1	
378	394	765	  1	
379	110	765	  1	
379	372	765	  1	
379	536	765	  1	
379	584	765	  1	
380	278	765	  1	
381	 39	765	  1	
381	 87	765	  1	
381	126	765	  1	
381	163	765	  1	
381	320	765	  1	
382	  0	765	  1	
382	200	765	  1	
382	288	765	  1	
383	 14	765	  1	
383	328	765	  1	
383	375	765	  1	
384	 12	765	  1	
384	 47	765	  1	
384	 91	765	  1	
384	 97	765	  1	
384	123	765	  1	
384	138	765	  1	
384	174	765	  1	
384	183	765	  1	
384	205	765	  1	
384	279	765	  1	
384	284	765	  1	
384	339	765	  1	
384	352	765	  1	
384	408	765	  1	
384	480	765	  1	
384	496	765	  1	
384	511	765	  1	
385	191	765	  1	
386	110	765	  1	
386	325	765	  1	
387	359	765	  1	
388	 29	765	  1	
388	 96	765	  1	
389	 56	765	  1	
389	136	765	  1	
389	143	765	  1	
389	320	765	  1	
389	343	765	  1	
389	390	765	  1	
390	 20	765	  1	
390	 32	765	  1	
390	179	765	  1	
390	285	765	  1	
390	440	765	  1	
391	  0	765	  1	
391	279	765	  1	
391	352	765	  1	
391	511	765	  1	
392	 67	765	  1	
392	 77	765	  1	
392	111	765	  1	
392	141	765	  1	
392	157	765	  1	
392	210	765	  1	
392	272	765	  1	
392	350	765	  1	
392	419	765	  1	
393	128	765	  1	
394	152	765	  1	
394	344	765	  1	
395	 46	765	  1	
395	118	765	  1	
395	543	765	  1	
396	100	765	  1	
396	135	765	  1	
396	142	765	  1	
396	326	765	  1	
397	  0	765	  1	
397	195	765	  1	
398	 28	765	  1	
398	158	765	  1	
398	173	765	  1	
398	183	765	  1	
399	252	765	  1	
399	288	765	  1	
400	 22	765	  1	
400	 40	765	  1	
400	 58	765	  1	
400	111	765	  1	
400	115	765	  1	
400	120	765	  1	
400	160	765	  1	
400	289	765	  1	
400	320	765	  1	
400	336	765	  1	
400	342	765	  1	
400	356	765	  1	
400	394	765	  1	
402	110	765	  1	
403	176	765	  1	
403	182	765	  1	
405	  6	765	  1	
405	111	765	  1	
405	152	765	  1	
405	192	765	  1	
405	199	765	  1	
405	359	765	  1	
405	399	765	  1	
406	108	765	  1	
406	118	765	  1	
407	 22	765	  1	
407	 40	765	  1	
407	 56	765	  1	
407	 63	765	  1	
407	250	765	  1	
407	289	765	  1	
408	 16	765	  1	
408	 35	765	  1	
408	 52	765	  1	
408	 72	765	  1	
408	130	765	  1	
408	135	765	  1	
408	184	765	  1	
408	190	765	  1	
408	215	765	  1	
409	 40	765	  1	
410	428	765	  1	
411	 80	765	  1	
411	 88	765	  1	
411	184	765	  1	
411	192	765	  1	
411	208	765	  1	
412	 37	765	  1	
412	336	765	  1	
413	 70	765	  1	
413	103	765	  1	
414	266	765	  1	
414	565	765	  1	
415	 19	765	  1	
415	215	765	  1	
415	405	765	  1	
415	501	765	  1	
416	 88	765	  1	
416	 98	765	  1	
416	136	765	  1	
416	173	765	  1	
416	194	765	  1	
416	205	765	  1	
416	288	765	  1	
416	295	765	  1	
416	383	765	  1	
418	104	765	  1	
418	224	765	  1	
419	112	765	  1	
420	 30	765	  1	
420	231	765	  1	
420	291	765	  1	
420	424	765	  1	
421	  0	765	  1	
421	 88	765	  1	
421	120	765	  1	
421	139	765	  1	
421	168	765	  1	
422	 24	765	  1	
422	 55	765	  1	
422	219	765	  1	
422	224	765	  1	
423	328	765	  1	
424	488	765	  1	
424	512	765	  1	
424	599	765	  1	
426	 63	765	  1	
427	 29	765	  1	
428	191	765	  1	
429	205	765	  1	
430	306	765	  1	
431	216	765	  1	
431	223	765	  1	
432	 16	765	  1	
432	 40	765	  1	
432	128	765	  1	
432	132	765	  1	
432	151	765	  1	
432	154	765	  1	
432	175	765	  1	
432	183	765	  1	
432	295	765	  1	
432	400	765	  1	
435	 24	765	  1	
435	288	765	  1	
436	172	765	  1	
436	195	765	  1	
437	  0	765	  1	
437	 88	765	  1	
437	264	765	  1	
438	 30	765	  1	
438	155	765	  1	
439	 40	765	  1	
439	160	765	  1	
440	  8	765	  1	
440	 49	765	  1	
440	 59	765	  1	
440	104	765	  1	
440	120	765	  1	
440	134	765	  1	
440	256	765	  1	
440	520	765	  1	
441	 31	765	  1	
442	110	765	  1	
443	175	765	  1	
443	272	765	  1	
445	 19	765	  1	
445	131	765	  1	
446	  0	765	  1	
446	104	765	  1	
447	256	765	  1	
447	336	765	  1	
448	 15	765	  1	
448	 32	765	  1	
448	 56	765	  1	
448	 64	765	  1	
448	 69	765	  1	
448	 80	765	  1	
448	 84	765	  1	
448	112	765	  1	
448	176	765	  1	
448	203	765	  1	
448	216	765	  1	
448	222	765	  1	
448	237	765	  1	
448	248	765	  1	
448	259	765	  1	
448	312	765	  1	
450	 88	765	  1	
451	 10	765	  1	
451	 48	765	  1	
451	183	765	  1	
451	311	765	  1	
451	520	765	  1	
453	 37	765	  1	
453	 47	765	  1	
453	 68	765	  1	
454	168	765	  1	
455	 15	765	  1	
455	 50	765	  1	
455	 88	765	  1	
455	176	765	  1	
455	200	765	  1	
455	207	765	  1	
455	288	765	  1	
455	312	765	  1	
456	 16	765	  1	
456	102	765	  1	
456	106	765	  1	
456	139	765	  1	
456	171	765	  1	
456	224	765	  1	
456	229	765	  1	
456	264	765	  1	
456	349	765	  1	
456	445	765	  1	
456	488	765	  1	
458	  5	765	  1	
458	 80	765	  1	
458	 96	765	  1	
458	271	765	  1	
459	  0	765	  1	
459	240	765	  1	
459	359	765	  1	
460	187	765	  1	
460	227	765	  1	
460	298	765	  1	
461	 22	765	  1	
461	104	765	  1	
461	111	765	  1	
462	 86	765	  1	
462	128	765	  1	
463	136	765	  1	
463	143	765	  1	
463	216	765	  1	
463	223	765	  1	
463	264	765	  1	
463	436	765	  1	
464	  7	765	  1	
464	 24	765	  1	
464	 31	765	  1	
464	 42	765	  1	
464	 48	765	  1	
464	 88	765	  1	
464	112	765	  1	
464	119	765	  1	
464	232	765	  1	
467	  0	765	  1	
468	115	765	  1	
469	 40	765	  1	
469	128	765	  1	
469	320	765	  1	
471	  7	765	  1	
471	 24	765	  1	
471	 31	765	  1	
471	456	765	  1	
472	  8	765	  1	
472	 16	765	  1	
472	 32	765	  1	
472	 38	765	  1	
472	 56	765	  1	
472	 67	765	  1	
472	 72	765	  1	
472	120	765	  1	
472	152	765	  1	
472	163	765	  1	
472	176	765	  1	
472	266	765	  1	
472	272	765	  1	
472	287	765	  1	
472	530	765	  1	
474	191	765	  1	
475	147	765	  1	
476	238	765	  1	
476	575	765	  1	
477	 35	765	  1	
477	126	765	  1	
477	168	765	  1	
477	230	765	  1	
477	248	765	  1	
477	315	765	  1	
479	 56	765	  1	
479	 67	765	  1	
479	216	765	  1	
479	271	765	  1	
479	296	765	  1	
479	533	765	  1	
480	 32	765	  1	
480	 75	765	  1	
480	107	765	  1	
480	112	765	  1	
480	189	765	  1	
480	328	765	  1	
480	335	765	  1	
481	 39	765	  1	
481	120	765	  1	
483	199	765	  1	
483	256	765	  1	
483	263	765	  1	
483	280	765	  1	
485	224	765	  1	
485	240	765	  1	
485	267	765	  1	
485	312	765	  1	
486	191	765	  1	
487	 72	765	  1	
487	 79	765	  1	
487	112	765	  1	
487	200	765	  1	
487	331	765	  1	
488	 40	765	  1	
488	 87	765	  1	
488	 94	765	  1	
488	130	765	  1	
488	135	765	  1	
488	152	765	  1	
488	178	765	  1	
488	213	765	  1	
488	288	765	  1	
488	294	765	  1	
488	304	765	  1	
488	308	765	  1	
488	368	765	  1	
489	146	765	  1	
490	111	765	  1	
490	158	765	  1	
490	205	765	  1	
490	224	765	  1	
491	125	765	  1	
491	142	765	  1	
491	375	765	  1	
493	  8	765	  1	
493	 99	765	  1	
493	106	765	  1	
493	291	765	  1	
493	383	765	  1	
494	180	765	  1	
494	230	765	  1	
495	200	765	  1	
495	368	765	  1	
496	  0	765	  1	
496	108	765	  1	
496	122	765	  1	
496	135	765	  1	
496	144	765	  1	
496	151	765	  1	
496	167	765	  1	
496	189	765	  1	
496	211	765	  1	
496	240	765	  1	
496	248	765	  1	
496	360	765	  1	
496	367	765	  1	
496	592	765	  1	
496	599	765	  1	
498	  6	765	  1	
498	206	765	  1	
499	106	765	  1	
499	160	765	  1	
499	192	765	  1	
499	264	765	  1	
499	414	765	  1	
500	146	765	  1	
500	199	765	  1	
500	312	765	  1	
501	 94	765	  1	
501	112	765	  1	
501	184	765	  1	
501	262	765	  1	
501	332	765	  1	
502	  0	765	  1	
502	 42	765	  1	
502	157	765	  1	
502	200	765	  1	
502	319	765	  1	
503	167	765	  1	
503	363	765	  1	
504	171	765	  1	
504	208	765	  1	
504	237	765	  1	
504	245	765	  1	
504	280	765	  1	
504	296	765	  1	
507	264	765	  1	
508	 63	765	  1	
508	 79	765	  1	
508	 81	765	  1	
509	 80	765	  1	
509	160	765	  1	
509	186	765	  1	
509	198	765	  1	
509	232	765	  1	
510	 95	765	  1	
510	216	765	  1	
510	304	765	  1	
511	 32	765	  1	
511	168	765	  1	
511	175	765	  1	
512	  0	765	  1	
512	 55	765	  1	
512	115	765	  1	
512	146	765	  1	
512	171	765	  1	
512	193	765	  1	
512	240	765	  1	
512	262	765	  1	
512	277	765	  1	
512	293	765	  1	
512	318	765	  1	
512	340	765	  1	
512	360	765	  1	
512	376	765	  1	
512	389	765	  1	
512	392	765	  1	
513	136	765	  1	
513	222	765	  1	
513	296	765	  1	
514	104	765	  1	
514	109	765	  1	
514	421	765	  1	
515	270	765	  1	
515	288	765	  1	
517	176	765	  1	
517	223	765	  1	
517	242	765	  1	
518	 95	765	  1	
518	213	765	  1	
518	332	765	  1	
518	343	765	  1	
519	 86	765	  1	
519	259	765	  1	
519	304	765	  1	
519	328	765	  1	
519	399	765	  1	
520	 22	765	  1	
520	126	765	  1	
520	132	765	  1	
520	221	765	  1	
520	232	765	  1	
520	291	765	  1	
520	325	765	  1	
520	432	765	  1	
521	120	765	  1	
521	192	765	  1	
521	264	765	  1	
521	271	765	  1	
522	127	765	  1	
522	167	765	  1	
522	216	765	  1	
523	142	765	  1	
523	205	765	  1	
523	296	765	  1	
523	353	765	  1	
524	280	765	  1	
524	320	765	  1	
524	392	765	  1	
525	 54	765	  1	
525	 96	765	  1	
525	120	765	  1	
525	279	765	  1	
526	135	765	  1	
526	222	765	  1	
527	 76	765	  1	
527	131	765	  1	
527	200	765	  1	
527	232	765	  1	
527	344	765	  1	
527	367	765	  1	
527	391	765	  1	
528	 88	765	  1	
528	125	765	  1	
528	136	765	  1	
528	284	765	  1	
528	312	765	  1	
528	319	765	  1	
528	333	765	  1	
528	356	765	  1	
528	395	765	  1	
530	120	765	  1	
530	144	765	  1	
530	572	765	  1	
531	 17	765	  1	
531	280	765	  1	
531	321	765	  1	
531	368	765	  1	
533	168	765	  1	
534	 96	765	  1	
535	392	765	  1	
535	399	765	  1	
536	 93	765	  1	
536	120	765	  1	
536	151	765	  1	
536	181	765	  1	
536	185	765	  1	
536	226	765	  1	
536	240	765	  1	
536	303	765	  1	
536	323	765	  1	
537	 86	765	  1	
537	191	765	  1	
538	296	765	  1	
539	158	765	  1	
540	183	765	  1	
540	222	765	  1	
541	 79	765	  1	
541	126	765	  1	
541	231	765	  1	
542	  8	765	  1	
543	189	765	  1	
543	216	765	  1	
543	263	765	  1	
543	303	765	  1	
543	327	765	  1	
544	112	765	  1	
544	169	765	  1	
544	172	765	  1	
544	179	765	  1	
544	200	765	  1	
544	213	765	  1	
544	250	765	  1	
544	266	765	  1	
544	292	765	  1	
544	307	765	  1	
544	320	765	  1	
544	330	765	  1	
544	342	765	  1	
544	380	765	  1	
545	108	765	  1	
545	299	765	  1	
546	 98	765	  1	
546	288	765	  1	
546	422	765	  1	
547	192	765	  1	
547	223	765	  1	
547	357	765	  1	
547	368	765	  1	
547	375	765	  1	
548	173	765	  1	
548	215	765	  1	
549	 79	765	  1	
549	184	765	  1	
549	264	765	  1	
549	271	765	  1	
550	169	765	  1	
550	208	765	  1	
550	292	765	  1	
550	340	765	  1	
550	382	765	  1	
550	416	765	  1	
551	 16	765	  1	
551	200	765	  1	
551	232	765	  1	
551	320	765	  1	
551	376	765	  1	
552	  8	765	  1	
552	 91	765	  1	
552	119	765	  1	
552	125	765	  1	
552	140	765	  1	
552	145	765	  1	
552	167	765	  1	
552	171	765	  1	
552	197	765	  1	
552	280	765	  1	
552	284	765	  1	
552	344	765	  1	
552	354	765	  1	
552	359	765	  1	
555	108	765	  1	
555	120	765	  1	
555	162	765	  1	
555	235	765	  1	
555	360	765	  1	
556	255	765	  1	
557	146	765	  1	
558	354	765	  1	
559	 88	765	  1	
559	 95	765	  1	
559	119	765	  1	
559	140	765	  1	
559	247	765	  1	
559	345	765	  1	
559	359	765	  1	
560	  3	765	  1	
560	 98	765	  1	
560	103	765	  1	
560	155	765	  1	
560	160	765	  1	
560	176	765	  1	
560	180	765	  1	
560	200	765	  1	
560	206	765	  1	
560	224	765	  1	
560	269	765	  1	
560	291	765	  1	
560	303	765	  1	
560	322	765	  1	
560	327	765	  1	
560	440	765	  1	
563	171	765	  1	
563	192	765	  1	
563	296	765	  1	
563	384	765	  1	
563	447	765	  1	
564	120	765	  1	
564	167	765	  1	
564	352	765	  1	
565	100	765	  1	
565	203	765	  1	
565	216	765	  1	
565	346	765	  1	
566	163	765	  1	
566	407	765	  1	
567	  3	765	  1	
567	112	765	  1	
567	126	765	  1	
567	303	765	  1	
567	440	765	  1	
568	 80	765	  1	
568	158	765	  1	
568	189	765	  1	
568	248	765	  1	
568	288	765	  1	
568	309	765	  1	
568	356	765	  1	
568	360	765	  1	
568	366	765	  1	
568	376	765	  1	
568	535	765	  1	
568	575	765	  1	
570	 85	765	  1	
571	192	765	  1	
571	280	765	  1	
573	 69	765	  1	
573	184	765	  1	
573	294	765	  1	
574	304	765	  1	
574	316	765	  1	
575	 80	765	  1	
575	234	765	  1	
576	 16	765	  1	
576	109	765	  1	
576	123	765	  1	
576	145	765	  1	
576	180	765	  1	
576	194	765	  1	
576	199	765	  1	
576	210	765	  1	
576	264	765	  1	
576	278	765	  1	
576	283	765	  1	
577	224	765	  1	
577	229	765	  1	
578	 10	765	  1	
578	 53	765	  1	
578	 77	765	  1	
578	272	765	  1	
578	290	765	  1	
579	 48	765	  1	
579	176	765	  1	
579	246	765	  1	
579	295	765	  1	
579	311	765	  1	
581	167	765	  1	
581	208	765	  1	
581	270	765	  1	
582	104	765	  1	
582	181	765	  1	
582	280	765	  1	
582	287	765	  1	
583	 39	765	  1	
583	 64	765	  1	
583	 72	765	  1	
583	120	765	  1	
583	127	765	  1	
583	276	765	  1	
584	 40	765	  1	
584	 46	765	  1	
584	 88	765	  1	
584	 93	765	  1	
584	107	765	  1	
584	142	765	  1	
584	173	765	  1	
584	192	765	  1	
584	464	765	  1	
586	 80	765	  1	
586	109	765	  1	
587	 92	765	  1	
587	136	765	  1	
587	296	765	  1	
587	480	765	  1	
589	182	765	  1	
589	195	765	  1	
590	  2	765	  1	
590	206	765	  1	
590	311	765	  1	
591	 64	765	  1	
592	 60	765	  1	
592	136	765	  1	
592	168	765	  1	
592	184	765	  1	
592	191	765	  1	
592	218	765	  1	
592	286	765	  1	
593	108	765	  1	
593	116	765	  1	
594	 96	765	  1	
594	216	765	  1	
595	 79	765	  1	
595	301	765	  1	
595	344	765	  1	
596	  7	765	  1	
596	352	765	  1	
598	168	765	  1	
598	357	765	  1	
599	 42	765	  1	
599	 72	765	  1	
599	112	765	  1	
599	207	765	  1	
600	 90	765	  1	
600	183	765	  1	
600	216	765	  1	
600	273	765	  1	
600	279	765	  1	
600	309	765	  1	
600	376	765	  1	
601	 71	765	  1	
601	 95	765	  1	
602	175	765	  1	
602	301	765	  1	
603	104	765	  1	
603	311	765	  1	
605	229	765	  1	
605	352	765	  1	
605	359	765	  1	
606	244	765	  1	
606	274	765	  1	
607	 88	765	  1	
607	 93	765	  1	
607	124	765	  1	
607	183	765	  1	
607	297	765	  1	
608	 53	765	  1	
608	104	765	  1	
608	192	765	  1	
608	272	765	  1	
608	283	765	  1	
608	288	765	  1	
608	316	765	  1	
608	323	765	  1	
608	344	765	  1	
608	351	765	  1	
608	370	765	  1	
609	 23	765	  1	
610	  0	765	  1	
611	335	765	  1	
612	296	765	  1	
613	375	765	  1	
613	486	765	  1	
615	272	765	  1	
615	298	765	  1	
615	316	765	  1	
615	328	765	  1	
615	347	765	  1	
616	 88	765	  1	
616	231	765	  1	
616	296	765	  1	
616	320	765	  1	
617	308	765	  1	
618	324	765	  1	
618	334	765	  1	
619	  8	765	  1	
619	 56	765	  1	
619	224	765	  1	
619	282	765	  1	
619	392	765	  1	
620	328	765	  1	
620	555	765	  1	
621	207	765	  1	
621	320	765	  1	
622	291	765	  1	
622	332	765	  1	
623	231	765	  1	
623	304	765	  1	
623	491	765	  1	
624	 40	765	  1	
624	219	765	  1	
624	272	765	  1	
624	352	765	  1	
627	212	765	  1	
627	264	765	  1	
628	328	765	  1	
629	547	765	  1	
631	219	765	  1	
631	335	765	  1	
632	  8	765	  1	
632	144	765	  1	
632	157	765	  1	
632	206	765	  1	
632	264	765	  1	
632	279	765	  1	
632	288	765	  1	
632	295	765	  1	
632	361	765	  1	
632	405	765	  1	
634	215	765	  1	
634	237	765	  1	
635	 15	765	  1	
635	183	765	  1	
635	232	765	  1	
635	339	765	  1	
638	133	765	  1	
639	  8	765	  1	
639	 51	765	  1	
639	291	765	  1	
640	 10	765	  1	
640	 78	765	  1	
640	336	765	  1	
642	 92	765	  1	
642	404	765	  1	
642	561	765	  1	
646	 76	765	  1	
646	237	765	  1	
646	340	765	  1	
648	157	765	  1	
648	160	765	  1	
648	232	765	  1	
648	280	765	  1	
648	288	765	  1	
649	464	765	  1	
651	151	765	  1	
655	349	765	  1	
656	 31	765	  1	
656	187	765	  1	
656	192	765	  1	
659	 24	765	  1	
659	 63	765	  1	
659	202	765	  1	
660	 77	765	  1	
663	192	765	  1	
664	 50	765	  1	
664	111	765	  1	
664	176	765	  1	
664	321	765	  1	
665	 91	765	  1	
666	149	765	  1	
666	182	765	  1	
667	104	765	  1	
667	144	765	  1	
668	297	765	  1	
668	400	765	  1	
670	119	765	  1	
671	  8	765	  1	
671	111	765	  1	
672	176	765	  1	
674	221	765	  1	
675	 88	765	  1	
677	147	765	  1	
680	127	765	  1	
680	151	765	  1	
680	266	765	  1	
682	196	765	  1	
683	144	765	  1	
683	186	765	  1	
687	151	765	  1	
688	119	765	  1	
688	239	765	  1	
690	232	765	  1	
695	362	765	  1	
703	  8	765	  1	
704	227	765	  1	
707	  8	765	  1	
715	172	765	  1	
717	394	765	  1	
720	376	765	  1	
