# 
#  Image file: Goad2_T0154.jpg
#  Applied threshold: 575
#  Algorithm used: fill2                 
#  Particle count: 1714
#  Location (x,y), max luminance, and mass:
# 
  8	130	765	  1	
  8	381	765	  1	
  8	506	765	  1	
 10	191	765	  1	
 13	198	765	  1	
 16	175	765	  1	
 16	288	765	  1	
 16	504	765	  1	
 18	319	765	  1	
 23	 47	765	  1	
 23	207	765	  1	
 23	256	765	  1	
 25	400	765	  1	
 30	422	765	  1	
 34	127	765	  1	
 35	208	765	  1	
 40	295	765	  1	
 41	542	765	  1	
 42	112	765	  1	
 44	417	765	  1	
 45	259	765	  1	
 47	288	765	  1	
 55	560	765	  1	
 56	108	765	  1	
 56	264	765	  1	
 57	 93	765	  1	
 57	197	765	  1	
 58	111	765	  1	
 59	264	765	  1	
 62	102	765	  1	
 63	105	765	  1	
 66	111	765	  1	
 70	296	765	  1	
 70	319	765	  1	
 71	105	765	  1	
 71	192	765	  1	
 71	479	765	  1	
 72	170	765	  1	
 72	407	765	  1	
 74	146	765	  1	
 75	551	765	  1	
 79	263	765	  1	
 79	407	765	  1	
 80	271	765	  1	
 87	112	765	  1	
 87	271	765	  1	
 91	296	765	  1	
 95	 88	765	  1	
 96	368	765	  1	
 99	503	765	  1	
102	118	765	  1	
104	136	765	  1	
104	182	765	  1	
104	272	765	  1	
104	384	765	  1	
104	448	765	  1	
107	143	765	  1	
111	136	765	  1	
111	284	765	  1	
111	452	765	  1	
112	 80	765	  1	
112	 87	765	  1	
112	163	765	  1	
112	181	765	  1	
112	269	765	  1	
114	174	765	  1	
114	186	765	  1	
114	404	765	  1	
115	191	765	  1	
115	264	765	  1	
115	415	765	  1	
116	182	765	  1	
119	 40	765	  1	
119	223	765	  1	
119	323	765	  1	
120	189	765	  1	
120	216	765	  1	
120	394	765	  1	
122	311	765	  1	
125	 54	765	  1	
126	269	765	  1	
127	228	765	  1	
128	160	765	  1	
128	290	765	  1	
128	392	765	  1	
128	450	765	  1	
130	 82	765	  1	
131	  0	765	  1	
132	236	765	  1	
133	189	765	  1	
133	216	765	  1	
135	 63	765	  1	
135	256	765	  1	
135	360	765	  1	
136	  2	765	  1	
136	142	765	  1	
136	157	765	  1	
136	184	765	  1	
136	190	765	  1	
136	375	765	  1	
136	480	765	  1	
137	446	765	  1	
138	 76	765	  1	
139	167	765	  1	
139	284	765	  1	
141	216	765	  1	
142	435	765	  1	
143	  0	765	  1	
143	160	765	  1	
143	371	765	  1	
143	480	765	  1	
144	136	765	  1	
144	144	765	  1	
144	203	765	  1	
144	208	765	  1	
144	232	765	  1	
144	307	765	  1	
144	476	765	  1	
145	195	765	  1	
145	215	765	  1	
146	266	765	  1	
147	143	765	  1	
147	207	765	  1	
147	271	765	  1	
150	151	765	  1	
150	296	765	  1	
150	358	765	  1	
151	136	765	  1	
151	214	765	  1	
151	256	765	  1	
152	239	765	  1	
152	264	765	  1	
152	279	765	  1	
154	256	765	  1	
155	272	765	  1	
157	395	765	  1	
158	229	765	  1	
158	298	765	  1	
158	327	765	  1	
159	244	765	  1	
159	279	765	  1	
160	 83	765	  1	
160	216	765	  1	
160	223	765	  1	
160	248	765	  1	
160	371	765	  1	
160	445	765	  1	
160	488	765	  1	
160	560	765	  1	
164	219	765	  1	
165	 70	765	  1	
166	 80	765	  1	
166	176	765	  1	
166	183	765	  1	
166	237	765	  1	
166	271	765	  1	
166	408	765	  1	
167	 64	765	  1	
167	168	765	  1	
167	261	765	  1	
167	266	765	  1	
167	368	765	  1	
167	375	765	  1	
167	399	765	  1	
168	 95	765	  1	
168	281	765	  1	
168	293	765	  1	
168	456	765	  1	
170	303	765	  1	
171	 88	765	  1	
171	356	765	  1	
171	365	765	  1	
173	 80	765	  1	
173	182	765	  1	
173	224	765	  1	
173	231	765	  1	
174	240	765	  1	
174	296	765	  1	
175	 95	765	  1	
175	419	765	  1	
176	 50	765	  1	
176	152	765	  1	
176	156	765	  1	
176	188	765	  1	
176	207	765	  1	
176	253	765	  1	
176	263	765	  1	
176	328	765	  1	
176	384	765	  1	
176	567	765	  1	
178	184	765	  1	
179	272	765	  1	
179	391	765	  1	
182	205	765	  1	
182	243	765	  1	
183	259	765	  1	
183	287	765	  1	
183	384	765	  1	
184	155	765	  1	
184	291	765	  1	
184	309	765	  1	
184	322	765	  1	
184	346	765	  1	
184	367	765	  1	
186	 80	765	  1	
186	272	765	  1	
186	512	765	  1	
188	 86	765	  1	
189	152	765	  1	
190	100	765	  1	
191	128	765	  1	
191	288	765	  1	
191	295	765	  1	
191	346	765	  1	
191	516	765	  1	
192	117	765	  1	
192	166	765	  1	
192	184	765	  1	
192	211	765	  1	
192	299	765	  1	
192	331	765	  1	
192	363	765	  1	
192	382	765	  1	
194	125	765	  1	
194	376	765	  1	
197	130	765	  1	
197	208	765	  1	
197	259	765	  1	
197	360	765	  1	
198	163	765	  1	
198	383	765	  1	
199	112	765	  1	
199	271	765	  1	
199	299	765	  1	
199	328	765	  1	
199	335	765	  1	
199	440	765	  1	
200	 51	765	  1	
200	 99	765	  1	
200	275	765	  1	
200	303	765	  1	
200	418	765	  1	
200	458	765	  1	
201	119	765	  1	
203	136	765	  1	
203	143	765	  1	
205	248	765	  1	
206	199	765	  1	
206	367	765	  1	
207	 22	765	  1	
207	 75	765	  1	
207	104	765	  1	
207	118	765	  1	
207	160	765	  1	
207	272	765	  1	
207	279	765	  1	
208	208	765	  1	
208	214	765	  1	
208	251	765	  1	
208	264	765	  1	
208	280	765	  1	
208	323	765	  1	
210	336	765	  1	
211	 31	765	  1	
211	136	765	  1	
211	271	765	  1	
211	319	765	  1	
211	416	765	  1	
211	461	765	  1	
213	160	765	  1	
214	 36	765	  1	
215	248	765	  1	
215	255	765	  1	
215	264	765	  1	
215	320	765	  1	
215	327	765	  1	
215	468	765	  1	
216	 96	765	  1	
216	102	765	  1	
216	107	765	  1	
216	120	765	  1	
216	126	765	  1	
216	154	765	  1	
216	294	765	  1	
216	357	765	  1	
216	515	765	  1	
218	  8	765	  1	
219	440	765	  1	
220	396	765	  1	
223	168	765	  1	
223	248	765	  1	
224	 47	765	  1	
224	 88	765	  1	
224	128	765	  1	
224	144	765	  1	
224	157	765	  1	
224	232	765	  1	
224	270	765	  1	
224	328	765	  1	
224	347	765	  1	
224	376	765	  1	
224	399	765	  1	
224	416	765	  1	
224	544	765	  1	
226	 32	765	  1	
226	133	765	  1	
226	334	765	  1	
227	 95	765	  1	
227	320	765	  1	
227	374	765	  1	
227	392	765	  1	
229	328	765	  1	
229	387	765	  1	
229	478	765	  1	
230	119	765	  1	
230	368	765	  1	
231	 88	765	  1	
231	236	765	  1	
231	334	765	  1	
231	376	765	  1	
231	399	765	  1	
231	423	765	  1	
232	 32	765	  1	
232	 62	765	  1	
232	 90	765	  1	
232	112	765	  1	
232	163	765	  1	
232	183	765	  1	
232	191	765	  1	
232	216	765	  1	
232	223	765	  1	
232	243	765	  1	
232	355	765	  1	
232	384	765	  1	
232	448	765	  1	
232	487	765	  1	
234	118	765	  1	
234	150	765	  1	
235	  0	765	  1	
235	176	765	  1	
235	342	765	  1	
236	141	765	  1	
237	 87	765	  1	
238	 19	765	  1	
238	112	765	  1	
238	149	765	  1	
238	487	765	  1	
239	  8	765	  1	
239	 62	765	  1	
239	160	765	  1	
239	167	765	  1	
239	183	765	  1	
239	187	765	  1	
239	219	765	  1	
240	 55	765	  1	
240	130	765	  1	
240	168	765	  1	
240	175	765	  1	
240	184	765	  1	
240	208	765	  1	
240	212	765	  1	
240	231	765	  1	
240	240	765	  1	
240	287	765	  1	
240	315	765	  1	
240	416	765	  1	
240	552	765	  1	
240	560	765	  1	
242	272	765	  1	
243	224	765	  1	
244	175	765	  1	
245	319	765	  1	
246	 55	765	  1	
246	 96	765	  1	
246	103	765	  1	
246	135	765	  1	
246	148	765	  1	
246	234	765	  1	
247	112	765	  1	
247	168	765	  1	
247	231	765	  1	
247	276	765	  1	
247	567	765	  1	
248	  5	765	  1	
248	 14	765	  1	
248	165	765	  1	
248	171	765	  1	
248	202	765	  1	
248	366	765	  1	
248	407	765	  1	
248	501	765	  1	
248	539	765	  1	
251	488	765	  1	
252	 55	765	  1	
252	128	765	  1	
253	133	765	  1	
253	200	765	  1	
253	207	765	  1	
253	373	765	  1	
253	456	765	  1	
254	 83	765	  1	
254	296	765	  1	
254	387	765	  1	
254	395	765	  1	
254	544	765	  1	
255	 48	765	  1	
255	 99	765	  1	
255	251	765	  1	
255	446	765	  1	
255	539	765	  1	
256	104	765	  1	
256	122	765	  1	
256	135	765	  1	
256	138	765	  1	
256	146	765	  1	
256	159	765	  1	
256	208	765	  1	
256	213	765	  1	
256	375	765	  1	
256	404	765	  1	
256	431	765	  1	
258	115	765	  1	
258	128	765	  1	
258	599	765	  1	
259	 12	765	  1	
259	280	765	  1	
259	303	765	  1	
259	351	765	  1	
259	368	765	  1	
259	424	765	  1	
259	463	765	  1	
260	135	765	  1	
261	143	765	  1	
261	208	765	  1	
261	360	765	  1	
261	504	765	  1	
261	511	765	  1	
262	127	765	  1	
262	229	765	  1	
263	302	765	  1	
263	375	765	  1	
263	398	765	  1	
263	431	765	  1	
263	456	765	  1	
264	  0	765	  1	
264	 72	765	  1	
264	 82	765	  1	
264	 87	765	  1	
264	144	765	  1	
264	149	765	  1	
264	152	765	  1	
264	175	765	  1	
264	184	765	  1	
264	203	765	  1	
264	240	765	  1	
264	400	765	  1	
264	415	765	  1	
264	498	765	  1	
264	506	765	  1	
264	527	765	  1	
267	 79	765	  1	
267	224	765	  1	
267	237	765	  1	
267	344	765	  1	
267	520	765	  1	
268	155	765	  1	
268	550	765	  1	
269	 94	765	  1	
270	514	765	  1	
270	544	765	  1	
270	555	765	  1	
271	 72	765	  1	
271	163	765	  1	
271	200	765	  1	
271	207	765	  1	
271	231	765	  1	
271	527	765	  1	
272	 67	765	  1	
272	136	765	  1	
272	142	765	  1	
272	176	765	  1	
272	183	765	  1	
272	221	765	  1	
272	245	765	  1	
272	398	765	  1	
272	462	765	  1	
272	471	765	  1	
272	507	765	  1	
272	536	765	  1	
272	543	765	  1	
272	560	765	  1	
273	400	765	  1	
274	216	765	  1	
275	128	765	  1	
275	456	765	  1	
275	566	765	  1	
276	520	765	  1	
276	576	765	  1	
277	139	765	  1	
277	238	765	  1	
277	463	765	  1	
278	222	765	  1	
278	261	765	  1	
278	467	765	  1	
278	504	765	  1	
278	527	765	  1	
279	 64	765	  1	
279	 71	765	  1	
279	179	765	  1	
279	245	765	  1	
279	560	765	  1	
279	581	765	  1	
280	 23	765	  1	
280	 88	765	  1	
280	112	765	  1	
280	119	765	  1	
280	133	765	  1	
280	145	765	  1	
280	192	765	  1	
280	255	765	  1	
280	286	765	  1	
280	303	765	  1	
280	328	765	  1	
280	335	765	  1	
280	344	765	  1	
280	375	765	  1	
280	384	765	  1	
280	391	765	  1	
280	414	765	  1	
280	448	765	  1	
280	455	765	  1	
280	458	765	  1	
280	534	765	  1	
280	562	765	  1	
280	568	765	  1	
281	152	765	  1	
282	114	765	  1	
282	128	765	  1	
282	368	765	  1	
282	399	765	  1	
283	 16	765	  1	
283	 95	765	  1	
283	296	765	  1	
283	350	765	  1	
283	536	765	  1	
284	519	765	  1	
285	 70	765	  1	
285	159	765	  1	
285	175	765	  1	
286	144	765	  1	
286	304	765	  1	
286	311	765	  1	
286	331	765	  1	
286	387	765	  1	
286	392	765	  1	
286	415	765	  1	
286	504	765	  1	
287	 23	765	  1	
287	 88	765	  1	
287	192	765	  1	
287	375	765	  1	
287	568	765	  1	
287	588	765	  1	
288	 96	765	  1	
288	102	765	  1	
288	107	765	  1	
288	123	765	  1	
288	202	765	  1	
288	207	765	  1	
288	223	765	  1	
288	232	765	  1	
288	240	765	  1	
288	247	765	  1	
288	384	765	  1	
288	391	765	  1	
288	400	765	  1	
288	406	765	  1	
288	426	765	  1	
288	553	765	  1	
289	  8	765	  1	
289	115	765	  1	
289	352	765	  1	
290	224	765	  1	
291	 16	765	  1	
291	559	765	  1	
292	148	765	  1	
292	196	765	  1	
293	 99	765	  1	
293	119	765	  1	
293	136	765	  1	
293	143	765	  1	
293	248	765	  1	
293	311	765	  1	
293	403	765	  1	
293	488	765	  1	
294	223	765	  1	
294	291	765	  1	
295	116	765	  1	
295	120	765	  1	
295	127	765	  1	
295	243	765	  1	
295	304	765	  1	
296	  0	765	  1	
296	  7	765	  1	
296	 24	765	  1	
296	 42	765	  1	
296	139	765	  1	
296	199	765	  1	
296	224	765	  1	
296	230	765	  1	
296	251	765	  1	
296	311	765	  1	
296	320	765	  1	
296	376	765	  1	
296	392	765	  1	
296	398	765	  1	
296	416	765	  1	
296	469	765	  1	
296	528	765	  1	
296	570	765	  1	
296	591	765	  1	
298	293	765	  1	
299	 15	765	  1	
299	192	765	  1	
299	344	765	  1	
299	535	765	  1	
299	576	765	  1	
299	584	765	  1	
300	115	765	  1	
300	289	765	  1	
300	327	765	  1	
300	355	765	  1	
301	227	765	  1	
301	395	765	  1	
301	464	765	  1	
303	322	765	  1	
303	528	765	  1	
303	591	765	  1	
304	154	765	  1	
304	161	765	  1	
304	336	765	  1	
304	343	765	  1	
304	400	765	  1	
304	404	765	  1	
304	424	765	  1	
304	467	765	  1	
305	373	765	  1	
306	  7	765	  1	
309	152	765	  1	
309	159	765	  1	
309	255	765	  1	
310	368	765	  1	
310	512	765	  1	
310	519	765	  1	
311	312	765	  1	
311	464	765	  1	
311	471	765	  1	
312	  0	765	  1	
312	  7	765	  1	
312	 19	765	  1	
312	 99	765	  1	
312	112	765	  1	
312	137	765	  1	
312	144	765	  1	
312	168	765	  1	
312	202	765	  1	
312	224	765	  1	
312	238	765	  1	
312	280	765	  1	
312	287	765	  1	
312	336	765	  1	
312	523	765	  1	
312	531	765	  1	
313	472	765	  1	
314	 32	765	  1	
314	126	765	  1	
314	520	765	  1	
315	 88	765	  1	
315	184	765	  1	
315	231	765	  1	
315	264	765	  1	
315	538	765	  1	
315	551	765	  1	
316	479	765	  1	
317	152	765	  1	
317	312	765	  1	
317	319	765	  1	
317	342	765	  1	
318	 40	765	  1	
318	 47	765	  1	
318	120	765	  1	
318	195	765	  1	
319	 16	765	  1	
319	 23	765	  1	
319	191	765	  1	
319	224	765	  1	
319	235	765	  1	
319	523	765	  1	
320	  9	765	  1	
320	 78	765	  1	
320	 96	765	  1	
320	123	765	  1	
320	136	765	  1	
320	186	765	  1	
320	214	765	  1	
320	232	765	  1	
320	239	765	  1	
320	299	765	  1	
320	384	765	  1	
320	395	765	  1	
320	416	765	  1	
321	112	765	  1	
322	103	765	  1	
323	407	765	  1	
324	 40	765	  1	
325	188	765	  1	
326	203	765	  1	
326	296	765	  1	
326	331	765	  1	
327	 78	765	  1	
327	214	765	  1	
327	235	765	  1	
327	390	765	  1	
327	483	765	  1	
328	  0	765	  1	
328	 88	765	  1	
328	112	765	  1	
328	165	765	  1	
328	192	765	  1	
328	219	765	  1	
328	246	765	  1	
328	254	765	  1	
328	260	765	  1	
328	320	765	  1	
328	336	765	  1	
328	360	765	  1	
328	368	765	  1	
330	160	765	  1	
330	495	765	  1	
331	120	765	  1	
331	198	765	  1	
331	227	765	  1	
331	296	765	  1	
331	327	765	  1	
331	398	765	  1	
333	150	765	  1	
333	251	765	  1	
333	488	765	  1	
334	166	765	  1	
334	260	765	  1	
335	112	765	  1	
335	320	765	  1	
336	  5	765	  1	
336	 16	765	  1	
336	 23	765	  1	
336	 48	765	  1	
336	104	765	  1	
336	120	765	  1	
336	134	765	  1	
336	168	765	  1	
336	190	765	  1	
336	195	765	  1	
336	210	765	  1	
336	221	765	  1	
336	255	765	  1	
336	269	765	  1	
336	293	765	  1	
336	332	765	  1	
336	358	765	  1	
336	398	765	  1	
336	502	765	  1	
338	 54	765	  1	
338	 74	765	  1	
338	124	765	  1	
338	235	765	  1	
338	360	765	  1	
339	 79	765	  1	
339	352	765	  1	
339	400	765	  1	
340	133	765	  1	
341	  0	765	  1	
341	192	765	  1	
341	335	765	  1	
342	 48	765	  1	
342	264	765	  1	
342	384	765	  1	
342	390	765	  1	
342	541	765	  1	
343	 16	765	  1	
343	 23	765	  1	
343	255	765	  1	
343	446	765	  1	
344	  8	765	  1	
344	 24	765	  1	
344	 46	765	  1	
344	 51	765	  1	
344	 72	765	  1	
344	112	765	  1	
344	141	765	  1	
344	147	765	  1	
344	162	765	  1	
344	305	765	  1	
344	318	765	  1	
344	352	765	  1	
344	367	765	  1	
344	371	765	  1	
344	416	765	  1	
344	467	765	  1	
346	359	765	  1	
347	 39	765	  1	
347	328	765	  1	
347	343	765	  1	
347	392	765	  1	
347	589	765	  1	
348	376	765	  1	
348	383	765	  1	
349	  6	765	  1	
349	136	765	  1	
349	184	765	  1	
349	391	765	  1	
349	498	765	  1	
350	308	765	  1	
351	 96	765	  1	
351	216	765	  1	
351	232	765	  1	
351	239	765	  1	
351	318	765	  1	
351	336	765	  1	
352	 58	765	  1	
352	 82	765	  1	
352	109	765	  1	
352	147	765	  1	
352	163	765	  1	
352	312	765	  1	
355	 48	765	  1	
355	175	765	  1	
355	232	765	  1	
357	 30	765	  1	
357	 63	765	  1	
357	167	765	  1	
359	147	765	  1	
359	215	765	  1	
359	239	765	  1	
359	317	765	  1	
360	  0	765	  1	
360	  5	765	  1	
360	 19	765	  1	
360	 32	765	  1	
360	 58	765	  1	
360	122	765	  1	
360	158	765	  1	
360	184	765	  1	
360	208	765	  1	
360	256	765	  1	
360	456	765	  1	
362	 24	765	  1	
362	 37	765	  1	
363	213	765	  1	
363	319	765	  1	
365	190	765	  1	
365	279	765	  1	
367	 16	765	  1	
367	 23	765	  1	
367	 32	765	  1	
367	256	765	  1	
367	268	765	  1	
367	283	765	  1	
367	541	765	  1	
368	 37	765	  1	
368	135	765	  1	
368	429	765	  1	
370	 15	765	  1	
371	 48	765	  1	
371	349	765	  1	
373	 32	765	  1	
373	 95	765	  1	
375	 80	765	  1	
375	264	765	  1	
375	429	765	  1	
376	 25	765	  1	
376	101	765	  1	
376	106	765	  1	
376	111	765	  1	
376	248	765	  1	
376	376	765	  1	
376	383	765	  1	
376	392	765	  1	
376	400	765	  1	
376	439	765	  1	
378	 38	765	  1	
379	  5	765	  1	
379	 64	765	  1	
379	162	765	  1	
379	192	765	  1	
379	432	765	  1	
381	 26	765	  1	
381	 31	765	  1	
381	 56	765	  1	
381	 99	765	  1	
381	104	765	  1	
381	108	765	  1	
383	267	765	  1	
383	392	765	  1	
383	439	765	  1	
384	  8	765	  1	
384	 37	765	  1	
384	 71	765	  1	
384	 82	765	  1	
384	181	765	  1	
384	192	765	  1	
384	222	765	  1	
384	330	765	  1	
384	336	765	  1	
384	360	765	  1	
384	408	765	  1	
384	415	765	  1	
384	432	765	  1	
384	496	765	  1	
386	 95	765	  1	
387	 56	765	  1	
387	 64	765	  1	
387	104	765	  1	
387	117	765	  1	
387	134	765	  1	
387	308	765	  1	
387	446	765	  1	
387	464	765	  1	
388	 90	765	  1	
389	143	765	  1	
389	171	765	  1	
389	252	765	  1	
391	 71	765	  1	
391	112	765	  1	
391	138	765	  1	
391	195	765	  1	
391	222	765	  1	
391	411	765	  1	
391	523	765	  1	
392	 32	765	  1	
392	 48	765	  1	
392	 64	765	  1	
392	125	765	  1	
392	184	765	  1	
392	234	765	  1	
393	120	765	  1	
393	227	765	  1	
395	 16	765	  1	
395	 19	765	  1	
395	191	765	  1	
395	195	765	  1	
396	 27	765	  1	
397	 67	765	  1	
399	 48	765	  1	
399	103	765	  1	
399	184	765	  1	
400	 60	765	  1	
400	114	765	  1	
400	225	765	  1	
400	239	765	  1	
400	261	765	  1	
400	416	765	  1	
400	423	765	  1	
401	156	765	  1	
402	280	765	  1	
403	 72	765	  1	
403	124	765	  1	
403	384	765	  1	
403	473	765	  1	
405	 63	765	  1	
405	192	765	  1	
405	199	765	  1	
405	256	765	  1	
405	285	765	  1	
406	173	765	  1	
406	280	765	  1	
407	133	765	  1	
407	167	765	  1	
407	352	765	  1	
407	419	765	  1	
408	101	765	  1	
408	108	765	  1	
408	181	765	  1	
408	189	765	  1	
408	207	765	  1	
408	214	765	  1	
408	224	765	  1	
408	264	765	  1	
408	271	765	  1	
408	312	765	  1	
408	350	765	  1	
408	424	765	  1	
408	431	765	  1	
409	 80	765	  1	
409	427	765	  1	
411	 88	765	  1	
413	 70	765	  1	
413	168	765	  1	
413	192	765	  1	
414	120	765	  1	
414	127	765	  1	
414	215	765	  1	
414	231	765	  1	
414	263	765	  1	
415	203	765	  1	
415	267	765	  1	
416	 19	765	  1	
416	 77	765	  1	
416	 88	765	  1	
416	106	765	  1	
416	128	765	  1	
416	150	765	  1	
416	239	765	  1	
416	280	765	  1	
416	304	765	  1	
416	336	765	  1	
416	384	765	  1	
416	391	765	  1	
416	472	765	  1	
416	480	765	  1	
418	 64	765	  1	
418	 72	765	  1	
418	144	765	  1	
419	 55	765	  1	
419	111	765	  1	
420	128	765	  1	
421	286	765	  1	
422	 70	765	  1	
422	 78	765	  1	
422	156	765	  1	
422	224	765	  1	
422	231	765	  1	
422	312	765	  1	
423	 55	765	  1	
423	133	765	  1	
423	148	765	  1	
423	336	765	  1	
423	367	765	  1	
423	387	765	  1	
423	408	765	  1	
424	 35	765	  1	
424	 96	765	  1	
424	152	765	  1	
424	187	765	  1	
424	207	765	  1	
424	238	765	  1	
424	254	765	  1	
424	269	765	  1	
424	275	765	  1	
424	372	765	  1	
424	384	765	  1	
424	480	765	  1	
426	296	765	  1	
426	442	765	  1	
426	523	765	  1	
427	160	765	  1	
427	167	765	  1	
427	200	765	  1	
427	324	765	  1	
427	447	765	  1	
427	484	765	  1	
428	128	765	  1	
429	102	765	  1	
429	142	765	  1	
430	 48	765	  1	
430	184	765	  1	
430	231	765	  1	
430	236	765	  1	
431	207	765	  1	
431	269	765	  1	
431	296	765	  1	
431	331	765	  1	
431	344	765	  1	
432	 93	765	  1	
432	106	765	  1	
432	117	765	  1	
432	128	765	  1	
432	144	765	  1	
432	155	765	  1	
432	179	765	  1	
432	191	765	  1	
432	245	765	  1	
432	264	765	  1	
432	368	765	  1	
432	378	765	  1	
434	 88	765	  1	
435	112	765	  1	
435	253	765	  1	
435	375	765	  1	
436	216	765	  1	
437	  6	765	  1	
437	135	765	  1	
437	186	765	  1	
438	 94	765	  1	
438	176	765	  1	
438	183	765	  1	
438	248	765	  1	
439	144	765	  1	
439	261	765	  1	
439	267	765	  1	
439	368	765	  1	
439	378	765	  1	
440	 16	765	  1	
440	 69	765	  1	
440	 91	765	  1	
440	 99	765	  1	
440	128	765	  1	
440	132	765	  1	
440	192	765	  1	
440	221	765	  1	
440	243	765	  1	
440	262	765	  1	
440	272	765	  1	
440	282	765	  1	
440	559	765	  1	
440	567	765	  1	
442	198	765	  1	
442	231	765	  1	
443	 43	765	  1	
443	106	765	  1	
445	271	765	  1	
445	280	765	  1	
445	287	765	  1	
446	116	765	  1	
446	120	765	  1	
446	192	765	  1	
447	 96	765	  1	
447	228	765	  1	
447	240	765	  1	
447	247	765	  1	
447	472	765	  1	
448	 82	765	  1	
448	118	765	  1	
448	166	765	  1	
448	195	765	  1	
448	200	765	  1	
448	207	765	  1	
448	243	765	  1	
448	293	765	  1	
448	312	765	  1	
450	160	765	  1	
450	319	765	  1	
451	248	765	  1	
451	280	765	  1	
452	543	765	  1	
453	 32	765	  1	
453	 37	765	  1	
453	 80	765	  1	
453	 87	765	  1	
453	116	765	  1	
453	136	765	  1	
453	216	765	  1	
454	312	765	  1	
455	 61	765	  1	
455	 96	765	  1	
455	110	765	  1	
456	 69	765	  1	
456	120	765	  1	
456	171	765	  1	
456	187	765	  1	
456	203	765	  1	
456	213	765	  1	
456	253	765	  1	
456	262	765	  1	
456	268	765	  1	
456	275	765	  1	
457	 86	765	  1	
457	240	765	  1	
459	258	765	  1	
459	264	765	  1	
460	168	765	  1	
460	175	765	  1	
460	199	765	  1	
461	279	765	  1	
462	 12	765	  1	
462	104	765	  1	
462	288	765	  1	
463	120	765	  1	
463	262	765	  1	
463	271	765	  1	
463	336	765	  1	
464	 23	765	  1	
464	 31	765	  1	
464	 48	765	  1	
464	 55	765	  1	
464	 88	765	  1	
464	 96	765	  1	
464	103	765	  1	
464	144	765	  1	
464	155	765	  1	
464	192	765	  1	
464	223	765	  1	
464	264	765	  1	
464	507	765	  1	
466	216	765	  1	
466	230	765	  1	
466	240	765	  1	
467	200	765	  1	
467	312	765	  1	
468	267	765	  1	
469	160	765	  1	
470	224	765	  1	
471	 31	765	  1	
471	152	765	  1	
471	240	765	  1	
472	132	765	  1	
472	154	765	  1	
472	167	765	  1	
474	 74	765	  1	
474	187	765	  1	
475	 45	765	  1	
475	 64	765	  1	
475	198	765	  1	
475	245	765	  1	
475	276	765	  1	
475	302	765	  1	
477	  3	765	  1	
477	 22	765	  1	
477	182	765	  1	
477	240	765	  1	
477	254	765	  1	
478	 94	765	  1	
478	296	765	  1	
479	136	765	  1	
479	163	765	  1	
480	208	765	  1	
480	214	765	  1	
480	232	765	  1	
480	336	765	  1	
480	408	765	  1	
480	415	765	  1	
481	104	765	  1	
481	532	765	  1	
482	 29	765	  1	
482	 69	765	  1	
483	 24	765	  1	
483	 94	765	  1	
485	 64	765	  1	
485	120	765	  1	
485	211	765	  1	
486	339	765	  1	
487	 83	765	  1	
487	599	765	  1	
488	101	765	  1	
488	112	765	  1	
488	159	765	  1	
488	179	765	  1	
488	192	765	  1	
488	216	765	  1	
488	228	765	  1	
488	275	765	  1	
488	285	765	  1	
488	290	765	  1	
488	295	765	  1	
488	431	765	  1	
488	487	765	  1	
489	354	765	  1	
490	 21	765	  1	
491	 55	765	  1	
491	 80	765	  1	
491	 94	765	  1	
491	264	765	  1	
492	 16	765	  1	
493	 40	765	  1	
493	147	765	  1	
493	280	765	  1	
494	198	765	  1	
494	288	765	  1	
494	293	765	  1	
494	344	765	  1	
495	 22	765	  1	
495	192	765	  1	
495	228	765	  1	
496	  5	765	  1	
496	 14	765	  1	
496	 19	765	  1	
496	 48	765	  1	
496	 56	765	  1	
496	 66	765	  1	
496	 77	765	  1	
496	105	765	  1	
496	112	765	  1	
496	127	765	  1	
496	184	765	  1	
496	213	765	  1	
496	220	765	  1	
496	239	765	  1	
496	247	765	  1	
496	255	765	  1	
496	263	765	  1	
497	 85	765	  1	
499	118	765	  1	
501	  0	765	  1	
501	 64	765	  1	
501	 71	765	  1	
501	208	765	  1	
502	104	765	  1	
502	220	765	  1	
503	 55	765	  1	
503	243	765	  1	
503	251	765	  1	
504	 21	765	  1	
504	 29	765	  1	
504	 72	765	  1	
504	 88	765	  1	
504	 96	765	  1	
504	124	765	  1	
504	136	765	  1	
504	175	765	  1	
504	191	765	  1	
504	239	765	  1	
504	262	765	  1	
504	272	765	  1	
504	307	765	  1	
504	312	765	  1	
504	328	765	  1	
504	354	765	  1	
506	278	765	  1	
507	184	765	  1	
507	335	765	  1	
509	  8	765	  1	
509	 78	765	  1	
509	170	765	  1	
509	327	765	  1	
510	163	765	  1	
510	200	765	  1	
510	207	765	  1	
510	272	765	  1	
510	283	765	  1	
511	 96	765	  1	
511	235	765	  1	
511	304	765	  1	
511	311	765	  1	
512	 54	765	  1	
512	176	765	  1	
512	213	765	  1	
512	222	765	  1	
512	280	765	  1	
512	291	765	  1	
512	296	765	  1	
512	339	765	  1	
513	 74	765	  1	
513	209	765	  1	
514	 48	765	  1	
514	103	765	  1	
514	154	765	  1	
514	232	765	  1	
514	318	765	  1	
515	 64	765	  1	
515	159	765	  1	
515	248	765	  1	
517	 24	765	  1	
517	 98	765	  1	
517	182	765	  1	
517	223	765	  1	
517	240	765	  1	
518	 16	765	  1	
518	213	765	  1	
518	282	765	  1	
518	287	765	  1	
519	 52	765	  1	
519	191	765	  1	
519	233	765	  1	
519	336	765	  1	
519	343	765	  1	
520	  6	765	  1	
520	 40	765	  1	
520	112	765	  1	
520	124	765	  1	
520	184	765	  1	
520	224	765	  1	
520	256	765	  1	
520	266	765	  1	
520	271	765	  1	
520	339	765	  1	
520	355	765	  1	
522	279	765	  1	
523	 47	765	  1	
523	144	765	  1	
523	308	765	  1	
526	  4	765	  1	
527	 40	765	  1	
527	224	765	  1	
527	240	765	  1	
527	256	765	  1	
527	352	765	  1	
527	359	765	  1	
528	 48	765	  1	
528	 55	765	  1	
528	 64	765	  1	
528	152	765	  1	
528	160	765	  1	
528	186	765	  1	
528	192	765	  1	
528	196	765	  1	
528	202	765	  1	
528	264	765	  1	
531	278	765	  1	
533	 70	765	  1	
533	 82	765	  1	
533	112	765	  1	
533	127	765	  1	
533	203	765	  1	
533	267	765	  1	
534	197	765	  1	
534	240	765	  1	
535	 48	765	  1	
535	 55	765	  1	
535	192	765	  1	
536	  0	765	  1	
536	  7	765	  1	
536	 32	765	  1	
536	 40	765	  1	
536	 47	765	  1	
536	 56	765	  1	
536	104	765	  1	
536	146	765	  1	
536	184	765	  1	
536	198	765	  1	
536	229	765	  1	
536	233	765	  1	
536	328	765	  1	
536	335	765	  1	
536	346	765	  1	
537	 34	765	  1	
538	 43	765	  1	
538	166	765	  1	
539	127	765	  1	
539	307	765	  1	
541	 62	765	  1	
541	144	765	  1	
541	151	765	  1	
541	351	765	  1	
543	 40	765	  1	
543	331	765	  1	
543	374	765	  1	
544	  6	765	  1	
544	 16	765	  1	
544	 22	765	  1	
544	 39	765	  1	
544	 56	765	  1	
544	 96	765	  1	
544	112	765	  1	
544	130	765	  1	
544	141	765	  1	
544	202	765	  1	
544	260	765	  1	
544	264	765	  1	
544	274	765	  1	
544	280	765	  1	
544	312	765	  1	
546	  0	765	  1	
546	223	765	  1	
548	 54	765	  1	
549	  6	765	  1	
549	270	765	  1	
550	 48	765	  1	
550	215	765	  1	
550	232	765	  1	
551	 56	765	  1	
551	 63	765	  1	
551	164	765	  1	
551	174	765	  1	
551	279	765	  1	
551	319	765	  1	
552	 72	765	  1	
552	 78	765	  1	
552	144	765	  1	
552	221	765	  1	
552	245	765	  1	
553	103	765	  1	
554	240	765	  1	
554	287	765	  1	
554	410	765	  1	
555	184	765	  1	
555	336	765	  1	
557	 75	765	  1	
557	163	765	  1	
557	264	765	  1	
557	280	765	  1	
558	136	765	  1	
558	171	765	  1	
558	341	765	  1	
559	 59	765	  1	
560	 56	765	  1	
560	189	765	  1	
560	224	765	  1	
560	239	765	  1	
560	243	765	  1	
560	303	765	  1	
560	312	765	  1	
560	316	765	  1	
560	365	765	  1	
560	376	765	  1	
563	136	765	  1	
563	248	765	  1	
563	296	765	  1	
563	336	765	  1	
565	 61	765	  1	
565	304	765	  1	
565	311	765	  1	
565	383	765	  1	
566	317	765	  1	
567	239	765	  1	
567	243	765	  1	
567	343	765	  1	
568	  4	765	  1	
568	 39	765	  1	
568	 69	765	  1	
568	 93	765	  1	
568	112	765	  1	
568	120	765	  1	
568	124	765	  1	
568	169	765	  1	
568	200	765	  1	
569	224	765	  1	
570	320	765	  1	
571	152	765	  1	
572	127	765	  1	
573	  2	765	  1	
573	240	765	  1	
574	120	765	  1	
574	168	765	  1	
575	430	765	  1	
576	 39	765	  1	
576	 88	765	  1	
576	114	765	  1	
576	136	765	  1	
576	176	765	  1	
576	200	765	  1	
576	221	765	  1	
576	276	765	  1	
576	312	765	  1	
576	338	765	  1	
578	 64	765	  1	
578	 71	765	  1	
578	447	765	  1	
579	166	765	  1	
579	208	765	  1	
579	224	765	  1	
579	248	765	  1	
579	316	765	  1	
580	125	765	  1	
581	 16	765	  1	
581	175	765	  1	
581	216	765	  1	
581	440	765	  1	
582	160	765	  1	
582	179	765	  1	
582	192	765	  1	
583	 39	765	  1	
583	119	765	  1	
583	279	765	  1	
583	327	765	  1	
584	 75	765	  1	
584	 93	765	  1	
584	139	765	  1	
584	151	765	  1	
584	163	765	  1	
584	240	765	  1	
584	248	765	  1	
584	296	765	  1	
584	364	765	  1	
584	419	765	  1	
587	 88	765	  1	
588	  0	765	  1	
589	 99	765	  1	
589	104	765	  1	
589	311	765	  1	
589	367	765	  1	
590	110	765	  1	
590	243	765	  1	
591	 72	765	  1	
591	 79	765	  1	
591	160	765	  1	
591	167	765	  1	
591	192	765	  1	
591	296	765	  1	
591	416	765	  1	
591	423	765	  1	
592	 69	765	  1	
592	168	765	  1	
592	211	765	  1	
592	232	765	  1	
592	247	765	  1	
592	320	765	  1	
592	343	765	  1	
593	227	765	  1	
594	 88	765	  1	
594	299	765	  1	
594	338	765	  1	
595	 31	765	  1	
595	 72	765	  1	
596	170	765	  1	
598	199	765	  1	
598	504	765	  1	
599	111	765	  1	
599	207	765	  1	
599	215	765	  1	
600	 51	765	  1	
600	120	765	  1	
600	218	765	  1	
600	267	765	  1	
600	275	765	  1	
600	288	765	  1	
600	319	765	  1	
601	235	765	  1	
602	172	765	  1	
602	255	765	  1	
603	127	765	  1	
603	312	765	  1	
603	336	765	  1	
604	104	765	  1	
605	 80	765	  1	
606	111	765	  1	
607	120	765	  1	
607	242	765	  1	
607	319	765	  1	
607	342	765	  1	
608	 60	765	  1	
608	114	765	  1	
608	131	765	  1	
608	189	765	  1	
608	269	765	  1	
608	306	765	  1	
608	312	765	  1	
608	323	765	  1	
608	336	765	  1	
609	240	765	  1	
611	319	765	  1	
612	126	765	  1	
613	328	765	  1	
613	335	765	  1	
614	272	765	  1	
615	128	765	  1	
615	135	765	  1	
615	295	765	  1	
615	312	765	  1	
615	320	765	  1	
616	197	765	  1	
616	237	765	  1	
616	244	765	  1	
616	256	765	  1	
616	277	765	  1	
616	287	765	  1	
616	296	765	  1	
618	240	765	  1	
619	232	765	  1	
619	263	765	  1	
619	272	765	  1	
620	247	765	  1	
620	295	765	  1	
621	264	765	  1	
622	127	765	  1	
622	299	765	  1	
623	119	765	  1	
623	256	765	  1	
624	 93	765	  1	
624	234	765	  1	
624	240	765	  1	
624	336	765	  1	
627	288	765	  1	
628	295	765	  1	
631	 71	765	  1	
631	336	765	  1	
631	344	765	  1	
632	 99	765	  1	
632	152	765	  1	
632	295	765	  1	
632	306	765	  1	
633	236	765	  1	
637	311	765	  1	
637	561	765	  1	
638	489	765	  1	
639	 96	765	  1	
639	103	765	  1	
640	 55	765	  1	
640	 74	765	  1	
640	 79	765	  1	
642	127	765	  1	
647	471	765	  1	
648	208	765	  1	
651	322	765	  1	
655	504	765	  1	
656	503	765	  1	
657	504	765	  1	
658	328	765	  1	
659	 79	765	  1	
659	547	765	  1	
663	136	765	  1	
663	368	765	  1	
672	 83	765	  1	
675	247	765	  1	
676	214	765	  1	
677	578	765	  1	
679	 80	765	  1	
679	 87	765	  1	
679	136	765	  1	
679	208	765	  1	
680	 72	765	  1	
680	120	765	  1	
681	104	765	  1	
683	 56	765	  1	
683	 91	765	  1	
687	479	765	  1	
687	549	765	  1	
696	232	765	  1	
699	272	765	  1	
703	264	765	  1	
706	284	765	  1	
710	400	765	  1	
723	461	765	  1	
726	241	765	  1	
737	472	765	  1	
751	 34	765	  1	
