# 
#  Image file: Goad2_T0134.jpg
#  Applied threshold: 575
#  Algorithm used: fill2                 
#  Particle count: 1611
#  Location (x,y), max luminance, and mass:
# 
  0	184	765	  1	
  3	403	765	  1	
  8	144	765	  1	
  8	151	765	  1	
 16	408	765	  1	
 19	329	765	  1	
 22	417	765	  1	
 24	444	765	  1	
 27	192	765	  1	
 32	 95	765	  1	
 32	120	765	  1	
 34	148	765	  1	
 35	563	765	  1	
 36	272	765	  1	
 38	460	765	  1	
 39	315	765	  1	
 42	123	765	  1	
 51	115	765	  1	
 52	208	765	  1	
 54	410	765	  1	
 55	315	765	  1	
 56	535	765	  1	
 59	352	765	  1	
 62	103	765	  1	
 63	272	765	  1	
 64	103	765	  1	
 66	111	765	  1	
 71	103	765	  1	
 71	203	765	  1	
 72	571	765	  1	
 78	328	765	  1	
 79	215	765	  1	
 80	298	765	  1	
 88	367	765	  1	
 95	 87	765	  1	
 95	312	765	  1	
 95	424	765	  1	
 96	101	765	  1	
 96	132	765	  1	
 96	301	765	  1	
100	368	765	  1	
102	223	765	  1	
103	101	765	  1	
103	552	765	  1	
104	144	765	  1	
104	243	765	  1	
104	294	765	  1	
104	464	765	  1	
107	143	765	  1	
107	255	765	  1	
110	431	765	  1	
111	203	765	  1	
111	240	765	  1	
111	247	765	  1	
111	464	765	  1	
112	280	765	  1	
112	287	765	  1	
112	432	765	  1	
112	438	765	  1	
112	531	765	  1	
115	283	765	  1	
117	256	765	  1	
117	418	765	  1	
118	488	765	  1	
119	128	765	  1	
119	280	765	  1	
119	287	765	  1	
120	138	765	  1	
120	232	765	  1	
121	112	765	  1	
122	316	765	  1	
122	467	765	  1	
123	285	765	  1	
125	264	765	  1	
125	271	765	  1	
126	432	765	  1	
127	143	765	  1	
127	415	765	  1	
127	423	765	  1	
128	  7	765	  1	
128	108	765	  1	
128	244	765	  1	
128	253	765	  1	
128	328	765	  1	
128	344	765	  1	
128	367	765	  1	
128	527	765	  1	
128	532	765	  1	
129	143	765	  1	
130	  0	765	  1	
130	456	765	  1	
132	 15	765	  1	
132	254	765	  1	
132	296	765	  1	
132	312	765	  1	
133	264	765	  1	
134	375	765	  1	
134	528	765	  1	
135	137	765	  1	
135	327	765	  1	
135	335	765	  1	
135	351	765	  1	
135	360	765	  1	
136	147	765	  1	
136	218	765	  1	
139	223	765	  1	
139	280	765	  1	
141	144	765	  1	
143	  7	765	  1	
143	214	765	  1	
143	365	765	  1	
144	136	765	  1	
144	160	765	  1	
144	311	765	  1	
146	 96	765	  1	
146	150	765	  1	
149	331	765	  1	
150	144	765	  1	
151	  3	765	  1	
151	139	765	  1	
152	 75	765	  1	
152	136	765	  1	
152	147	765	  1	
152	160	765	  1	
152	242	765	  1	
152	248	765	  1	
152	303	765	  1	
152	387	765	  1	
153	239	765	  1	
153	256	765	  1	
154	405	765	  1	
155	280	765	  1	
155	367	765	  1	
156	230	765	  1	
156	248	765	  1	
158	 87	765	  1	
158	224	765	  1	
158	232	765	  1	
159	 72	765	  1	
159	 79	765	  1	
159	303	765	  1	
159	384	765	  1	
159	391	765	  1	
160	335	765	  1	
162	535	765	  1	
164	328	765	  1	
165	135	765	  1	
165	248	765	  1	
168	224	765	  1	
168	267	765	  1	
168	331	765	  1	
168	336	765	  1	
168	340	765	  1	
168	411	765	  1	
171	229	765	  1	
171	303	765	  1	
171	382	765	  1	
174	240	765	  1	
175	267	765	  1	
175	328	765	  1	
175	335	765	  1	
175	408	765	  1	
175	415	765	  1	
176	 87	765	  1	
176	 99	765	  1	
176	115	765	  1	
176	122	765	  1	
176	127	765	  1	
176	139	765	  1	
176	164	765	  1	
176	232	765	  1	
176	264	765	  1	
176	271	765	  1	
176	338	765	  1	
176	343	765	  1	
176	388	765	  1	
176	416	765	  1	
177	199	765	  1	
178	391	765	  1	
179	184	765	  1	
179	366	765	  1	
180	  4	765	  1	
180	 79	765	  1	
181	112	765	  1	
181	160	765	  1	
182	103	765	  1	
182	122	765	  1	
182	208	765	  1	
182	334	765	  1	
182	341	765	  1	
183	127	765	  1	
183	190	765	  1	
183	267	765	  1	
183	388	765	  1	
184	 76	765	  1	
184	115	765	  1	
184	182	765	  1	
184	285	765	  1	
184	303	765	  1	
185	335	765	  1	
186	 91	765	  1	
187	 73	765	  1	
187	296	765	  1	
187	327	765	  1	
187	351	765	  1	
189	288	765	  1	
189	295	765	  1	
190	335	765	  1	
191	112	765	  1	
191	119	765	  1	
191	303	765	  1	
192	 46	765	  1	
192	 51	765	  1	
192	127	765	  1	
192	140	765	  1	
192	264	765	  1	
192	344	765	  1	
192	371	765	  1	
193	122	765	  1	
194	143	765	  1	
195	 32	765	  1	
196	 88	765	  1	
197	 15	765	  1	
197	276	765	  1	
197	351	765	  1	
197	368	765	  1	
198	207	765	  1	
199	 48	765	  1	
199	 55	765	  1	
199	140	765	  1	
199	291	765	  1	
200	122	765	  1	
200	164	765	  1	
200	192	765	  1	
200	268	765	  1	
200	284	765	  1	
200	298	765	  1	
200	310	765	  1	
200	314	765	  1	
200	319	765	  1	
202	103	765	  1	
202	304	765	  1	
203	376	765	  1	
205	160	765	  1	
205	199	765	  1	
205	287	765	  1	
205	344	765	  1	
206	144	765	  1	
207	 46	765	  1	
207	124	765	  1	
208	 62	765	  1	
208	 87	765	  1	
208	104	765	  1	
208	111	765	  1	
208	252	765	  1	
208	322	765	  1	
208	423	765	  1	
208	454	765	  1	
208	526	765	  1	
210	138	765	  1	
210	520	765	  1	
211	 16	765	  1	
211	143	765	  1	
211	151	765	  1	
211	416	765	  1	
214	 63	765	  1	
215	107	765	  1	
215	144	765	  1	
215	423	765	  1	
215	454	765	  1	
215	474	765	  1	
216	 55	765	  1	
216	104	765	  1	
216	109	765	  1	
216	114	765	  1	
216	135	765	  1	
216	419	765	  1	
216	439	765	  1	
219	 40	765	  1	
219	 72	765	  1	
219	128	765	  1	
219	367	765	  1	
219	432	765	  1	
221	 56	765	  1	
221	335	765	  1	
222	168	765	  1	
222	508	765	  1	
223	135	765	  1	
223	439	765	  1	
224	 93	765	  1	
224	123	765	  1	
224	272	765	  1	
224	275	765	  1	
226	 13	765	  1	
226	 22	765	  1	
226	 55	765	  1	
226	126	765	  1	
226	570	765	  1	
227	  0	765	  1	
227	 87	765	  1	
227	440	765	  1	
227	575	765	  1	
228	 48	765	  1	
229	276	765	  1	
230	119	765	  1	
231	125	765	  1	
232	 16	765	  1	
232	 23	765	  1	
232	 56	765	  1	
232	 62	765	  1	
232	 96	765	  1	
232	102	765	  1	
232	138	765	  1	
232	151	765	  1	
232	182	765	  1	
232	208	765	  1	
232	272	765	  1	
232	279	765	  1	
234	224	765	  1	
234	259	765	  1	
234	365	765	  1	
234	440	765	  1	
235	 80	765	  1	
235	 88	765	  1	
235	453	765	  1	
237	 72	765	  1	
237	 99	765	  1	
237	163	765	  1	
237	271	765	  1	
237	416	765	  1	
238	151	765	  1	
238	178	765	  1	
238	448	765	  1	
239	 19	765	  1	
239	127	765	  1	
240	 31	765	  1	
240	 43	765	  1	
240	190	765	  1	
240	262	765	  1	
240	384	765	  1	
240	591	765	  1	
241	451	765	  1	
242	 71	765	  1	
243	104	765	  1	
243	192	765	  1	
245	407	765	  1	
245	422	765	  1	
245	456	765	  1	
246	  8	765	  1	
246	288	765	  1	
246	359	765	  1	
247	 24	765	  1	
247	134	765	  1	
248	 15	765	  1	
248	 34	765	  1	
248	 45	765	  1	
248	 82	765	  1	
248	104	765	  1	
248	171	765	  1	
248	226	765	  1	
248	263	765	  1	
248	271	765	  1	
248	396	765	  1	
248	407	765	  1	
248	449	765	  1	
248	551	765	  1	
250	389	765	  1	
250	400	765	  1	
250	402	765	  1	
250	413	765	  1	
251	159	765	  1	
251	256	765	  1	
251	456	765	  1	
251	544	765	  1	
253	415	765	  1	
253	479	765	  1	
254	 31	765	  1	
254	402	765	  1	
255	 45	765	  1	
255	151	765	  1	
255	168	765	  1	
255	175	765	  1	
255	232	765	  1	
255	263	765	  1	
255	267	765	  1	
255	409	765	  1	
255	551	765	  1	
255	576	765	  1	
256	 39	765	  1	
256	 86	765	  1	
256	115	765	  1	
256	128	765	  1	
256	135	765	  1	
256	162	765	  1	
256	179	765	  1	
256	197	765	  1	
256	224	765	  1	
256	271	765	  1	
256	290	765	  1	
256	296	765	  1	
256	314	765	  1	
256	376	765	  1	
257	 48	765	  1	
257	 82	765	  1	
257	327	765	  1	
257	402	765	  1	
259	 40	765	  1	
259	 96	765	  1	
259	120	765	  1	
259	415	765	  1	
261	448	765	  1	
262	 24	765	  1	
262	192	765	  1	
263	 31	765	  1	
263	 37	765	  1	
263	 47	765	  1	
263	 87	765	  1	
263	115	765	  1	
263	176	765	  1	
263	183	765	  1	
263	312	765	  1	
263	400	765	  1	
263	520	765	  1	
264	  0	765	  1	
264	 15	765	  1	
264	 48	765	  1	
264	 54	765	  1	
264	 75	765	  1	
264	196	765	  1	
264	206	765	  1	
264	215	765	  1	
264	238	765	  1	
264	276	765	  1	
264	389	765	  1	
264	408	765	  1	
264	421	765	  1	
264	467	765	  1	
265	 20	765	  1	
266	 13	765	  1	
266	161	765	  1	
266	192	765	  1	
267	208	765	  1	
267	231	765	  1	
267	335	765	  1	
267	462	765	  1	
269	 47	765	  1	
269	 51	765	  1	
269	206	765	  1	
269	222	765	  1	
269	244	765	  1	
269	415	765	  1	
269	531	765	  1	
270	 16	765	  1	
270	 70	765	  1	
270	194	765	  1	
270	261	765	  1	
270	400	765	  1	
271	  0	765	  1	
271	 79	765	  1	
271	215	765	  1	
271	279	765	  1	
271	288	765	  1	
271	471	765	  1	
272	112	765	  1	
272	118	765	  1	
272	175	765	  1	
272	183	765	  1	
272	234	765	  1	
272	246	765	  1	
272	320	765	  1	
273	287	765	  1	
273	471	765	  1	
274	268	765	  1	
274	430	765	  1	
275	 96	765	  1	
275	168	765	  1	
275	400	765	  1	
275	440	765	  1	
275	456	765	  1	
276	116	765	  1	
278	239	765	  1	
278	247	765	  1	
278	424	765	  1	
278	466	765	  1	
279	 48	765	  1	
279	192	765	  1	
279	463	765	  1	
279	543	765	  1	
280	  6	765	  1	
280	 32	765	  1	
280	 85	765	  1	
280	131	765	  1	
280	161	765	  1	
280	248	765	  1	
280	256	765	  1	
280	285	765	  1	
280	415	765	  1	
280	454	765	  1	
280	458	765	  1	
280	477	765	  1	
280	490	765	  1	
280	567	765	  1	
281	176	765	  1	
281	208	765	  1	
281	213	765	  1	
282	 48	765	  1	
282	536	765	  1	
283	 39	765	  1	
283	255	765	  1	
283	480	765	  1	
284	280	765	  1	
285	  2	765	  1	
285	175	765	  1	
286	 54	765	  1	
286	221	765	  1	
286	256	765	  1	
286	451	765	  1	
287	 61	765	  1	
287	128	765	  1	
287	135	765	  1	
287	248	765	  1	
287	384	765	  1	
287	415	765	  1	
288	 32	765	  1	
288	 64	765	  1	
288	 99	765	  1	
288	107	765	  1	
288	114	765	  1	
288	123	765	  1	
288	181	765	  1	
288	240	765	  1	
288	299	765	  1	
288	311	765	  1	
288	323	765	  1	
288	477	765	  1	
288	526	765	  1	
290	120	765	  1	
290	224	765	  1	
291	 80	765	  1	
292	 38	765	  1	
292	127	765	  1	
292	348	765	  1	
293	112	765	  1	
293	119	765	  1	
293	152	765	  1	
293	575	765	  1	
294	 85	765	  1	
295	243	765	  1	
296	 24	765	  1	
296	 38	765	  1	
296	 59	765	  1	
296	 98	765	  1	
296	102	765	  1	
296	135	765	  1	
296	250	765	  1	
296	296	765	  1	
296	496	765	  1	
296	581	765	  1	
298	 51	765	  1	
298	117	765	  1	
298	205	765	  1	
299	166	765	  1	
299	304	765	  1	
299	576	765	  1	
301	126	765	  1	
301	152	765	  1	
301	176	765	  1	
301	183	765	  1	
302	133	765	  1	
302	251	765	  1	
302	360	765	  1	
302	367	765	  1	
303	200	765	  1	
304	 72	765	  1	
304	121	765	  1	
304	127	765	  1	
304	138	765	  1	
304	159	765	  1	
304	195	765	  1	
304	202	765	  1	
304	219	765	  1	
304	286	765	  1	
304	352	765	  1	
304	359	765	  1	
304	424	765	  1	
304	440	765	  1	
304	456	765	  1	
304	472	765	  1	
304	568	765	  1	
306	 16	765	  1	
307	343	765	  1	
307	526	765	  1	
307	575	765	  1	
309	 47	765	  1	
309	 54	765	  1	
309	184	765	  1	
309	200	765	  1	
309	207	765	  1	
309	304	765	  1	
310	167	765	  1	
311	136	765	  1	
311	143	765	  1	
311	292	765	  1	
311	427	765	  1	
311	456	765	  1	
311	568	765	  1	
312	 72	765	  1	
312	 82	765	  1	
312	 88	765	  1	
312	106	765	  1	
312	224	765	  1	
312	239	765	  1	
312	256	765	  1	
312	280	765	  1	
312	372	765	  1	
312	420	765	  1	
312	512	765	  1	
313	167	765	  1	
314	 58	765	  1	
314	119	765	  1	
315	 63	765	  1	
315	198	765	  1	
315	232	765	  1	
315	328	765	  1	
315	333	765	  1	
315	342	765	  1	
315	392	765	  1	
315	519	765	  1	
316	551	765	  1	
317	 32	765	  1	
317	 37	765	  1	
317	184	765	  1	
317	191	765	  1	
317	216	765	  1	
317	285	765	  1	
317	375	765	  1	
317	400	765	  1	
317	423	765	  1	
317	451	765	  1	
318	231	765	  1	
319	 75	765	  1	
319	239	765	  1	
319	512	765	  1	
319	558	765	  1	
319	576	765	  1	
320	 46	765	  1	
320	 64	765	  1	
320	 86	765	  1	
320	133	765	  1	
320	147	765	  1	
320	168	765	  1	
320	172	765	  1	
320	176	765	  1	
320	200	765	  1	
320	248	765	  1	
320	293	765	  1	
320	320	765	  1	
320	344	765	  1	
321	512	765	  1	
322	157	765	  1	
323	 54	765	  1	
323	 94	765	  1	
323	120	765	  1	
323	152	765	  1	
323	548	765	  1	
325	 70	765	  1	
326	 44	765	  1	
326	202	765	  1	
326	208	765	  1	
327	127	765	  1	
327	176	765	  1	
327	344	765	  1	
327	451	765	  1	
327	480	765	  1	
328	 48	765	  1	
328	 78	765	  1	
328	123	765	  1	
328	280	765	  1	
328	395	765	  1	
328	461	765	  1	
331	475	765	  1	
332	515	765	  1	
333	  8	765	  1	
333	 70	765	  1	
333	263	765	  1	
333	564	765	  1	
334	456	765	  1	
335	280	765	  1	
336	 32	765	  1	
336	 88	765	  1	
336	 99	765	  1	
336	104	765	  1	
336	136	765	  1	
336	192	765	  1	
336	196	765	  1	
336	200	765	  1	
336	205	765	  1	
336	210	765	  1	
336	215	765	  1	
336	232	765	  1	
336	248	765	  1	
336	255	765	  1	
336	272	765	  1	
336	290	765	  1	
336	312	765	  1	
336	318	765	  1	
336	349	765	  1	
336	352	765	  1	
336	375	765	  1	
336	398	765	  1	
336	431	765	  1	
336	472	765	  1	
338	110	765	  1	
338	376	765	  1	
339	368	765	  1	
341	 11	765	  1	
341	 72	765	  1	
341	 79	765	  1	
341	168	765	  1	
341	175	765	  1	
341	202	765	  1	
341	295	765	  1	
342	104	765	  1	
342	235	765	  1	
342	251	765	  1	
342	436	765	  1	
343	128	765	  1	
343	142	765	  1	
343	375	765	  1	
343	398	765	  1	
343	479	765	  1	
344	  0	765	  1	
344	 43	765	  1	
344	 80	765	  1	
344	150	765	  1	
344	176	765	  1	
344	221	765	  1	
344	312	765	  1	
344	321	765	  1	
344	332	765	  1	
344	344	765	  1	
344	400	765	  1	
345	135	765	  1	
346	 54	765	  1	
347	319	765	  1	
347	351	765	  1	
347	407	765	  1	
347	448	765	  1	
347	457	765	  1	
348	  4	765	  1	
349	  8	765	  1	
349	 15	765	  1	
349	 32	765	  1	
349	158	765	  1	
349	335	765	  1	
349	417	765	  1	
351	 53	765	  1	
351	291	765	  1	
351	312	765	  1	
351	344	765	  1	
351	400	765	  1	
352	 18	765	  1	
352	 88	765	  1	
352	224	765	  1	
352	240	765	  1	
352	246	765	  1	
352	257	765	  1	
352	268	765	  1	
352	295	765	  1	
354	 80	765	  1	
354	264	765	  1	
355	232	765	  1	
355	279	765	  1	
355	407	765	  1	
356	 24	765	  1	
357	 16	765	  1	
357	424	765	  1	
357	463	765	  1	
358	128	765	  1	
358	400	765	  1	
359	 88	765	  1	
359	295	765	  1	
359	376	765	  1	
359	559	765	  1	
360	 24	765	  1	
360	 40	765	  1	
360	 48	765	  1	
360	 85	765	  1	
360	104	765	  1	
360	168	765	  1	
360	198	765	  1	
360	256	765	  1	
360	312	765	  1	
360	328	765	  1	
360	410	765	  1	
360	599	765	  1	
362	335	765	  1	
363	141	765	  1	
363	175	765	  1	
363	229	765	  1	
363	319	765	  1	
364	256	765	  1	
364	415	765	  1	
365	 78	765	  1	
365	124	765	  1	
366	274	765	  1	
366	408	765	  1	
367	 40	765	  1	
367	168	765	  1	
367	312	765	  1	
367	330	765	  1	
368	 72	765	  1	
368	101	765	  1	
368	167	765	  1	
368	215	765	  1	
368	244	765	  1	
368	434	765	  1	
368	445	765	  1	
369	116	765	  1	
370	 40	765	  1	
370	348	765	  1	
371	 16	765	  1	
371	104	765	  1	
371	160	765	  1	
371	208	765	  1	
372	358	765	  1	
373	  7	765	  1	
373	 80	765	  1	
373	 88	765	  1	
374	400	765	  1	
375	 24	765	  1	
375	112	765	  1	
375	127	765	  1	
375	143	765	  1	
375	149	765	  1	
375	167	765	  1	
375	215	765	  1	
375	259	765	  1	
375	367	765	  1	
375	445	765	  1	
376	 10	765	  1	
376	 15	765	  1	
376	 84	765	  1	
376	102	765	  1	
376	144	765	  1	
376	184	765	  1	
376	280	765	  1	
377	287	765	  1	
378	  7	765	  1	
379	 31	765	  1	
379	 53	765	  1	
379	111	765	  1	
380	195	765	  1	
380	337	765	  1	
381	  0	765	  1	
381	108	765	  1	
381	120	765	  1	
382	 91	765	  1	
383	  6	765	  1	
383	102	765	  1	
383	149	765	  1	
383	280	765	  1	
384	  8	765	  1	
384	 47	765	  1	
384	 88	765	  1	
384	111	765	  1	
384	117	765	  1	
384	156	765	  1	
384	247	765	  1	
384	322	765	  1	
384	357	765	  1	
384	496	765	  1	
385	137	765	  1	
385	488	765	  1	
386	105	765	  1	
386	296	765	  1	
386	327	765	  1	
387	 32	765	  1	
387	 72	765	  1	
387	144	765	  1	
389	  8	765	  1	
389	 48	765	  1	
389	 95	765	  1	
389	143	765	  1	
389	256	765	  1	
391	151	765	  1	
391	240	765	  1	
391	302	765	  1	
391	320	765	  1	
392	 40	765	  1	
392	 65	765	  1	
392	120	765	  1	
392	144	765	  1	
392	149	765	  1	
392	175	765	  1	
392	280	765	  1	
394	 24	765	  1	
394	168	765	  1	
395	 88	765	  1	
395	287	765	  1	
395	508	765	  1	
396	326	765	  1	
397	 42	765	  1	
397	 47	765	  1	
397	 53	765	  1	
397	 96	765	  1	
397	103	765	  1	
397	118	765	  1	
397	126	765	  1	
398	  0	765	  1	
398	 30	765	  1	
398	146	765	  1	
398	151	765	  1	
398	186	765	  1	
398	191	765	  1	
398	355	765	  1	
398	410	765	  1	
399	280	765	  1	
400	 72	765	  1	
400	 93	765	  1	
400	136	765	  1	
400	140	765	  1	
400	302	765	  1	
400	488	765	  1	
405	 40	765	  1	
405	119	765	  1	
406	 80	765	  1	
406	136	765	  1	
407	352	765	  1	
407	547	765	  1	
407	592	765	  1	
408	  0	765	  1	
408	 24	765	  1	
408	 30	765	  1	
408	 39	765	  1	
408	 74	765	  1	
408	 91	765	  1	
408	190	765	  1	
408	312	765	  1	
409	130	765	  1	
410	 96	765	  1	
410	144	765	  1	
410	184	765	  1	
410	328	765	  1	
410	376	765	  1	
411	319	765	  1	
411	339	765	  1	
413	 16	765	  1	
413	 27	765	  1	
413	112	765	  1	
413	137	765	  1	
415	 40	765	  1	
415	 80	765	  1	
415	188	765	  1	
415	312	765	  1	
416	 32	765	  1	
416	122	765	  1	
416	234	765	  1	
417	 58	765	  1	
418	 71	765	  1	
418	200	765	  1	
418	322	765	  1	
419	 96	765	  1	
419	319	765	  1	
421	120	765	  1	
421	127	765	  1	
422	144	765	  1	
423	152	765	  1	
423	350	765	  1	
424	 40	765	  1	
424	 88	765	  1	
424	 96	765	  1	
424	114	765	  1	
424	119	765	  1	
424	128	765	  1	
424	138	765	  1	
424	147	765	  1	
424	156	765	  1	
424	182	765	  1	
424	216	765	  1	
424	259	765	  1	
424	283	765	  1	
424	288	765	  1	
424	326	765	  1	
424	519	765	  1	
424	555	765	  1	
426	176	765	  1	
426	294	765	  1	
426	411	765	  1	
427	103	765	  1	
428	280	765	  1	
428	287	765	  1	
428	338	765	  1	
429	  8	765	  1	
429	 30	765	  1	
429	 94	765	  1	
429	144	765	  1	
429	182	765	  1	
430	195	765	  1	
430	288	765	  1	
430	331	765	  1	
430	335	765	  1	
431	 39	765	  1	
431	 48	765	  1	
431	176	765	  1	
431	325	765	  1	
431	423	765	  1	
432	120	765	  1	
432	125	765	  1	
432	304	765	  1	
432	552	765	  1	
433	104	765	  1	
434	158	765	  1	
434	237	765	  1	
435	264	765	  1	
435	493	765	  1	
437	144	765	  1	
438	 66	765	  1	
438	152	765	  1	
438	226	765	  1	
438	311	765	  1	
439	126	765	  1	
439	234	765	  1	
439	239	765	  1	
439	270	765	  1	
439	286	765	  1	
439	391	765	  1	
440	 43	765	  1	
440	 88	765	  1	
440	155	765	  1	
441	255	765	  1	
442	160	765	  1	
444	135	765	  1	
445	  8	765	  1	
445	 15	765	  1	
445	 67	765	  1	
445	112	765	  1	
446	 95	765	  1	
446	233	765	  1	
446	259	765	  1	
447	  0	765	  1	
447	214	765	  1	
448	 34	765	  1	
448	 50	765	  1	
448	 59	765	  1	
448	203	765	  1	
448	208	765	  1	
448	221	765	  1	
448	245	765	  1	
451	120	765	  1	
451	184	765	  1	
451	215	765	  1	
453	 51	765	  1	
453	240	765	  1	
454	 96	765	  1	
454	125	765	  1	
454	272	765	  1	
455	 72	765	  1	
455	200	765	  1	
455	207	765	  1	
455	299	765	  1	
456	  8	765	  1	
456	 80	765	  1	
456	181	765	  1	
456	196	765	  1	
456	211	765	  1	
456	258	765	  1	
456	282	765	  1	
456	359	765	  1	
458	 16	765	  1	
458	 72	765	  1	
458	 85	765	  1	
459	168	765	  1	
459	327	765	  1	
459	352	765	  1	
461	112	765	  1	
461	199	765	  1	
461	259	765	  1	
461	280	765	  1	
461	287	765	  1	
463	 80	765	  1	
463	181	765	  1	
463	359	765	  1	
464	  0	765	  1	
464	 44	765	  1	
464	 53	765	  1	
464	 64	765	  1	
464	 74	765	  1	
464	 88	765	  1	
464	 94	765	  1	
464	143	765	  1	
464	213	765	  1	
464	232	765	  1	
464	242	765	  1	
466	 39	765	  1	
467	190	765	  1	
468	 45	765	  1	
469	  3	765	  1	
469	 91	765	  1	
469	232	765	  1	
469	288	765	  1	
470	 16	765	  1	
470	 32	765	  1	
472	 79	765	  1	
472	102	765	  1	
472	112	765	  1	
472	168	765	  1	
472	194	765	  1	
472	198	765	  1	
472	269	765	  1	
472	280	765	  1	
472	284	765	  1	
472	295	765	  1	
472	327	765	  1	
474	 64	765	  1	
474	 96	765	  1	
474	210	765	  1	
474	232	765	  1	
474	239	765	  1	
475	215	765	  1	
475	320	765	  1	
476	175	765	  1	
476	544	765	  1	
477	 73	765	  1	
477	258	765	  1	
477	288	765	  1	
477	292	765	  1	
478	 88	765	  1	
479	327	765	  1	
479	408	765	  1	
480	 24	765	  1	
480	 53	765	  1	
480	 86	765	  1	
480	101	765	  1	
480	112	765	  1	
480	152	765	  1	
480	544	765	  1	
482	 48	765	  1	
482	208	765	  1	
483	 15	765	  1	
483	191	765	  1	
483	280	765	  1	
483	364	765	  1	
484	 96	765	  1	
485	 84	765	  1	
485	232	765	  1	
486	 24	765	  1	
486	331	765	  1	
487	272	765	  1	
487	447	765	  1	
488	  3	765	  1	
488	  8	765	  1	
488	 29	765	  1	
488	 79	765	  1	
488	133	765	  1	
488	194	765	  1	
488	245	765	  1	
488	283	765	  1	
488	306	765	  1	
488	311	765	  1	
488	315	765	  1	
488	320	765	  1	
488	391	765	  1	
489	142	765	  1	
490	120	765	  1	
490	128	765	  1	
491	152	765	  1	
491	160	765	  1	
491	256	765	  1	
493	 87	765	  1	
494	237	765	  1	
495	319	765	  1	
495	368	765	  1	
495	375	765	  1	
496	 61	765	  1	
496	 69	765	  1	
496	135	765	  1	
496	172	765	  1	
496	199	765	  1	
496	216	765	  1	
496	359	765	  1	
497	107	765	  1	
498	128	765	  1	
499	  0	765	  1	
499	  7	765	  1	
499	207	765	  1	
501	 14	765	  1	
501	 56	765	  1	
501	142	765	  1	
503	108	765	  1	
503	128	765	  1	
503	170	765	  1	
503	200	765	  1	
503	216	765	  1	
504	 32	765	  1	
504	 39	765	  1	
504	112	765	  1	
504	135	765	  1	
504	138	765	  1	
504	248	765	  1	
504	272	765	  1	
504	288	765	  1	
504	303	765	  1	
506	166	765	  1	
506	296	765	  1	
509	 46	765	  1	
509	160	765	  1	
511	 35	765	  1	
511	129	765	  1	
511	135	765	  1	
511	272	765	  1	
511	303	765	  1	
511	543	765	  1	
512	 16	765	  1	
512	136	765	  1	
512	146	765	  1	
512	151	765	  1	
512	222	765	  1	
512	231	765	  1	
512	288	765	  1	
512	309	765	  1	
512	327	765	  1	
512	333	765	  1	
512	336	765	  1	
512	360	765	  1	
515	 31	765	  1	
515	 56	765	  1	
515	104	765	  1	
515	224	765	  1	
515	256	765	  1	
515	312	765	  1	
515	343	765	  1	
516	140	765	  1	
517	 20	765	  1	
517	 39	765	  1	
517	115	765	  1	
517	128	765	  1	
517	360	765	  1	
518	182	765	  1	
518	310	765	  1	
518	320	765	  1	
519	 48	765	  1	
519	231	765	  1	
519	336	765	  1	
519	399	765	  1	
520	 75	765	  1	
520	125	765	  1	
520	143	765	  1	
520	179	765	  1	
520	192	765	  1	
520	221	765	  1	
520	264	765	  1	
520	280	765	  1	
521	287	765	  1	
521	324	765	  1	
522	 45	765	  1	
522	147	765	  1	
522	304	765	  1	
523	 56	765	  1	
523	352	765	  1	
524	136	765	  1	
525	 40	765	  1	
525	140	765	  1	
525	168	765	  1	
525	559	765	  1	
526	 31	765	  1	
526	144	765	  1	
526	151	765	  1	
526	196	765	  1	
526	310	765	  1	
527	221	765	  1	
527	230	765	  1	
527	321	765	  1	
527	327	765	  1	
528	 42	765	  1	
528	159	765	  1	
528	186	765	  1	
528	205	765	  1	
528	279	765	  1	
529	136	765	  1	
530	 88	765	  1	
530	152	765	  1	
530	304	765	  1	
530	311	765	  1	
531	104	765	  1	
531	285	765	  1	
531	358	765	  1	
531	368	765	  1	
531	448	765	  1	
533	 47	765	  1	
533	384	765	  1	
534	110	765	  1	
534	122	765	  1	
535	 95	765	  1	
535	134	765	  1	
535	159	765	  1	
535	176	765	  1	
535	276	765	  1	
535	492	765	  1	
536	 18	765	  1	
536	 64	765	  1	
536	 71	765	  1	
536	128	765	  1	
536	144	765	  1	
536	184	765	  1	
536	222	765	  1	
536	291	765	  1	
536	320	765	  1	
536	343	765	  1	
539	 96	765	  1	
539	110	765	  1	
539	220	765	  1	
539	280	765	  1	
539	336	765	  1	
541	400	765	  1	
542	  0	765	  1	
542	223	765	  1	
542	237	765	  1	
543	 67	765	  1	
543	215	765	  1	
543	343	765	  1	
543	551	765	  1	
544	  8	765	  1	
544	 96	765	  1	
544	100	765	  1	
544	125	765	  1	
544	195	765	  1	
544	208	765	  1	
544	216	765	  1	
544	242	765	  1	
544	264	765	  1	
544	272	765	  1	
544	317	765	  1	
544	424	765	  1	
544	431	765	  1	
545	112	765	  1	
546	136	765	  1	
547	495	765	  1	
548	 51	765	  1	
548	126	765	  1	
549	117	765	  1	
549	143	765	  1	
549	147	765	  1	
549	152	765	  1	
549	159	765	  1	
549	312	765	  1	
550	208	765	  1	
551	 40	765	  1	
551	 63	765	  1	
551	455	765	  1	
552	 79	765	  1	
552	 93	765	  1	
552	130	765	  1	
552	184	765	  1	
552	200	765	  1	
552	204	765	  1	
552	248	765	  1	
552	274	765	  1	
552	279	765	  1	
552	304	765	  1	
552	343	765	  1	
552	358	765	  1	
553	174	765	  1	
554	286	765	  1	
555	124	765	  1	
555	336	765	  1	
555	344	765	  1	
555	351	765	  1	
557	240	765	  1	
557	307	765	  1	
557	352	765	  1	
558	112	765	  1	
559	119	765	  1	
559	312	765	  1	
559	343	765	  1	
560	 22	765	  1	
560	 88	765	  1	
560	106	765	  1	
560	134	765	  1	
560	181	765	  1	
560	230	765	  1	
560	303	765	  1	
560	314	765	  1	
560	328	765	  1	
560	332	765	  1	
560	376	765	  1	
560	392	765	  1	
560	418	765	  1	
560	448	765	  1	
562	208	765	  1	
563	192	765	  1	
563	224	765	  1	
563	296	765	  1	
563	366	765	  1	
563	375	765	  1	
563	398	765	  1	
564	128	765	  1	
565	 70	765	  1	
565	 80	765	  1	
566	133	765	  1	
566	231	765	  1	
567	 22	765	  1	
567	115	765	  1	
567	208	765	  1	
567	303	765	  1	
567	359	765	  1	
567	487	765	  1	
568	160	765	  1	
568	167	765	  1	
568	248	765	  1	
568	264	765	  1	
568	280	765	  1	
568	311	765	  1	
568	326	765	  1	
568	346	765	  1	
570	128	765	  1	
570	141	765	  1	
570	214	765	  1	
570	336	765	  1	
571	192	765	  1	
571	304	765	  1	
573	184	765	  1	
573	280	765	  1	
573	340	765	  1	
574	208	765	  1	
574	292	765	  1	
575	311	765	  1	
575	336	765	  1	
576	 75	765	  1	
576	104	765	  1	
576	176	765	  1	
576	211	765	  1	
576	229	765	  1	
576	261	765	  1	
576	279	765	  1	
576	286	765	  1	
576	400	765	  1	
576	407	765	  1	
577	304	765	  1	
577	311	765	  1	
578	167	765	  1	
578	280	765	  1	
580	154	765	  1	
581	224	765	  1	
582	135	765	  1	
583	 23	765	  1	
583	 75	765	  1	
583	104	765	  1	
583	176	765	  1	
583	279	765	  1	
583	286	765	  1	
583	336	765	  1	
583	403	765	  1	
584	 79	765	  1	
584	 96	765	  1	
584	107	765	  1	
584	139	765	  1	
584	175	765	  1	
584	192	765	  1	
584	199	765	  1	
584	217	765	  1	
584	232	765	  1	
584	271	765	  1	
584	406	765	  1	
585	 93	765	  1	
586	205	765	  1	
586	229	765	  1	
587	200	765	  1	
587	224	765	  1	
587	266	765	  1	
587	336	765	  1	
588	263	765	  1	
588	311	765	  1	
589	100	765	  1	
589	109	765	  1	
589	170	765	  1	
589	242	765	  1	
589	288	765	  1	
589	312	765	  1	
590	136	765	  1	
590	143	765	  1	
590	195	765	  1	
591	 72	765	  1	
592	160	765	  1	
592	176	765	  1	
592	186	765	  1	
592	274	765	  1	
592	283	765	  1	
592	304	765	  1	
592	311	765	  1	
592	313	765	  1	
592	421	765	  1	
593	257	765	  1	
593	325	765	  1	
594	171	765	  1	
595	 56	765	  1	
595	167	765	  1	
596	280	765	  1	
596	287	765	  1	
597	344	765	  1	
597	351	765	  1	
598	 10	765	  1	
598	 99	765	  1	
598	200	765	  1	
599	160	765	  1	
599	272	765	  1	
599	307	765	  1	
599	314	765	  1	
599	327	765	  1	
599	387	765	  1	
600	 63	765	  1	
600	267	765	  1	
600	296	765	  1	
600	376	765	  1	
600	400	765	  1	
602	303	765	  1	
603	116	765	  1	
603	127	765	  1	
605	  2	765	  1	
605	  7	765	  1	
606	133	765	  1	
606	242	765	  1	
606	296	765	  1	
607	110	765	  1	
607	376	765	  1	
608	134	765	  1	
608	160	765	  1	
608	216	765	  1	
608	384	765	  1	
608	392	765	  1	
611	126	765	  1	
611	375	765	  1	
611	391	765	  1	
612	174	765	  1	
613	394	765	  1	
614	167	765	  1	
615	134	765	  1	
615	384	765	  1	
616	209	765	  1	
616	358	765	  1	
618	352	765	  1	
619	 11	765	  1	
621	270	765	  1	
621	463	765	  1	
622	 70	765	  1	
622	119	765	  1	
622	151	765	  1	
623	 93	765	  1	
623	264	765	  1	
623	278	765	  1	
624	171	765	  1	
624	240	765	  1	
624	592	765	  1	
626	301	765	  1	
629	  0	765	  1	
631	 85	765	  1	
631	254	765	  1	
631	288	765	  1	
632	  8	765	  1	
632	136	765	  1	
632	147	765	  1	
632	205	765	  1	
632	256	765	  1	
632	263	765	  1	
632	316	765	  1	
634	176	765	  1	
634	511	765	  1	
635	143	765	  1	
637	 74	765	  1	
637	135	765	  1	
637	144	765	  1	
638	271	765	  1	
639	  8	765	  1	
639	 79	765	  1	
639	204	765	  1	
639	319	765	  1	
639	328	765	  1	
643	368	765	  1	
645	 79	765	  1	
645	119	765	  1	
647	175	765	  1	
647	356	765	  1	
648	 77	765	  1	
650	122	765	  1	
651	127	765	  1	
652	511	765	  1	
652	513	765	  1	
654	568	765	  1	
656	264	765	  1	
658	 79	765	  1	
659	208	765	  1	
663	 74	765	  1	
663	192	765	  1	
663	376	765	  1	
663	383	765	  1	
664	120	765	  1	
664	127	765	  1	
664	368	765	  1	
667	  8	765	  1	
668	372	765	  1	
671	123	765	  1	
671	152	765	  1	
672	136	765	  1	
672	234	765	  1	
680	271	765	  1	
682	266	765	  1	
688	135	765	  1	
690	104	765	  1	
699	422	765	  1	
708	215	765	  1	
718	258	765	  1	
