# 
#  Image file: Goad2_T0195.jpg
#  Applied threshold: 575
#  Algorithm used: fill2                 
#  Particle count: 1946
#  Location (x,y), max luminance, and mass:
# 
  8	108	765	  1	
 14	240	765	  1	
 16	 67	765	  1	
 16	424	765	  1	
 17	342	765	  1	
 23	280	765	  1	
 23	288	765	  1	
 24	167	765	  1	
 29	375	765	  1	
 31	320	765	  1	
 32	 92	765	  1	
 32	119	765	  1	
 32	216	765	  1	
 33	447	765	  1	
 34	266	765	  1	
 35	145	765	  1	
 36	 72	765	  1	
 36	390	765	  1	
 37	392	765	  1	
 38	288	765	  1	
 39	151	765	  1	
 39	223	765	  1	
 39	390	765	  1	
 40	168	765	  1	
 43	240	765	  1	
 47	391	765	  1	
 48	496	765	  1	
 51	 88	765	  1	
 53	 87	765	  1	
 53	317	765	  1	
 54	 91	765	  1	
 54	140	765	  1	
 55	344	765	  1	
 60	104	765	  1	
 61	103	765	  1	
 64	218	765	  1	
 64	256	765	  1	
 64	291	765	  1	
 66	111	765	  1	
 66	246	765	  1	
 68	134	765	  1	
 71	102	765	  1	
 71	111	765	  1	
 71	263	765	  1	
 71	328	765	  1	
 71	517	765	  1	
 72	118	765	  1	
 72	144	765	  1	
 72	322	765	  1	
 72	384	765	  1	
 75	271	765	  1	
 76	119	765	  1	
 80	136	765	  1	
 81	151	765	  1	
 83	143	765	  1	
 83	342	765	  1	
 87	136	765	  1	
 87	146	765	  1	
 88	126	765	  1	
 88	384	765	  1	
 88	512	765	  1	
 93	107	765	  1	
 95	126	765	  1	
 95	512	765	  1	
 96	117	765	  1	
 99	 78	765	  1	
 99	112	765	  1	
 99	128	765	  1	
 99	144	765	  1	
100	392	765	  1	
104	136	765	  1	
104	266	765	  1	
106	 90	765	  1	
106	141	765	  1	
112	135	765	  1	
112	143	765	  1	
112	151	765	  1	
112	163	765	  1	
112	248	765	  1	
115	144	765	  1	
115	227	765	  1	
115	255	765	  1	
115	495	765	  1	
116	 80	765	  1	
117	132	765	  1	
118	140	765	  1	
118	488	765	  1	
119	151	765	  1	
119	160	765	  1	
119	167	765	  1	
119	248	765	  1	
120	 55	765	  1	
120	171	765	  1	
120	184	765	  1	
120	245	765	  1	
120	290	765	  1	
120	367	765	  1	
122	  7	765	  1	
122	158	765	  1	
122	382	765	  1	
124	 40	765	  1	
125	  7	765	  1	
125	136	765	  1	
125	152	765	  1	
125	168	765	  1	
125	207	765	  1	
126	164	765	  1	
126	288	765	  1	
127	 24	765	  1	
127	156	765	  1	
127	255	765	  1	
127	389	765	  1	
128	144	765	  1	
128	274	765	  1	
128	279	765	  1	
128	296	765	  1	
128	303	765	  1	
128	320	765	  1	
128	406	765	  1	
131	106	765	  1	
131	151	765	  1	
131	324	765	  1	
131	400	765	  1	
131	518	765	  1	
131	550	765	  1	
132	214	765	  1	
133	288	765	  1	
133	295	765	  1	
134	111	765	  1	
134	178	765	  1	
134	274	765	  1	
134	512	765	  1	
135	 11	765	  1	
135	144	765	  1	
135	279	765	  1	
135	299	765	  1	
136	  2	765	  1	
136	125	765	  1	
136	152	765	  1	
136	347	765	  1	
136	398	765	  1	
136	428	765	  1	
136	472	765	  1	
136	527	765	  1	
138	104	765	  1	
138	584	765	  1	
139	  7	765	  1	
139	479	765	  1	
140	150	765	  1	
142	 72	765	  1	
142	111	765	  1	
142	144	765	  1	
142	257	765	  1	
143	107	765	  1	
143	398	765	  1	
143	472	765	  1	
144	 82	765	  1	
144	 87	765	  1	
144	114	765	  1	
144	174	765	  1	
144	312	765	  1	
144	328	765	  1	
144	348	765	  1	
144	366	765	  1	
147	 95	765	  1	
149	112	765	  1	
149	150	765	  1	
149	184	765	  1	
149	314	765	  1	
150	 64	765	  1	
150	 82	765	  1	
150	164	765	  1	
151	 87	765	  1	
151	263	765	  1	
152	 49	765	  1	
152	 72	765	  1	
152	 75	765	  1	
152	104	765	  1	
152	141	765	  1	
152	173	765	  1	
152	205	765	  1	
152	264	765	  1	
152	280	765	  1	
152	287	765	  1	
152	319	765	  1	
152	384	765	  1	
155	312	765	  1	
155	344	765	  1	
155	363	765	  1	
156	226	765	  1	
156	256	765	  1	
157	120	765	  1	
157	136	765	  1	
157	152	765	  1	
158	 72	765	  1	
158	104	765	  1	
159	160	765	  1	
159	283	765	  1	
159	304	765	  1	
159	319	765	  1	
160	108	765	  1	
160	143	765	  1	
160	174	765	  1	
160	179	765	  1	
160	286	765	  1	
160	333	765	  1	
160	338	765	  1	
161	280	765	  1	
163	216	765	  1	
164	207	765	  1	
164	328	765	  1	
165	 88	765	  1	
165	 95	765	  1	
166	266	765	  1	
166	271	765	  1	
167	176	765	  1	
167	183	765	  1	
167	222	765	  1	
167	519	765	  1	
168	 45	765	  1	
168	102	765	  1	
168	114	765	  1	
168	122	765	  1	
168	153	765	  1	
168	169	765	  1	
168	174	765	  1	
168	304	765	  1	
168	400	765	  1	
171	 88	765	  1	
171	541	765	  1	
173	136	765	  1	
173	240	765	  1	
174	 98	765	  1	
174	271	765	  1	
175	119	765	  1	
175	400	765	  1	
176	 78	765	  1	
176	 88	765	  1	
176	 95	765	  1	
176	114	765	  1	
176	120	765	  1	
176	128	765	  1	
176	178	765	  1	
176	184	765	  1	
176	277	765	  1	
176	282	765	  1	
176	287	765	  1	
176	319	765	  1	
176	357	765	  1	
176	360	765	  1	
176	592	765	  1	
178	147	765	  1	
178	239	765	  1	
178	512	765	  1	
179	295	765	  1	
179	312	765	  1	
180	120	765	  1	
180	195	765	  1	
181	112	765	  1	
181	272	765	  1	
182	188	765	  1	
182	216	765	  1	
183	183	765	  1	
183	319	765	  1	
184	 48	765	  1	
184	 96	765	  1	
184	102	765	  1	
184	168	765	  1	
184	235	765	  1	
184	295	765	  1	
184	320	765	  1	
184	360	765	  1	
184	405	765	  1	
186	 85	765	  1	
186	221	765	  1	
186	256	765	  1	
186	271	765	  1	
187	184	765	  1	
187	216	765	  1	
188	287	765	  1	
189	112	765	  1	
189	239	765	  1	
190	190	765	  1	
190	485	765	  1	
191	 80	765	  1	
191	101	765	  1	
191	267	765	  1	
192	134	765	  1	
192	146	765	  1	
192	154	765	  1	
192	160	765	  1	
192	166	765	  1	
192	176	765	  1	
192	184	765	  1	
192	226	765	  1	
192	300	765	  1	
192	328	765	  1	
192	371	765	  1	
193	279	765	  1	
194	 55	765	  1	
194	102	765	  1	
195	 77	765	  1	
196	 89	765	  1	
197	120	765	  1	
197	144	765	  1	
197	151	765	  1	
197	159	765	  1	
198	427	765	  1	
198	503	765	  1	
199	 93	765	  1	
199	184	765	  1	
199	395	765	  1	
199	495	765	  1	
200	  6	765	  1	
200	 64	765	  1	
200	106	765	  1	
200	192	765	  1	
200	226	765	  1	
200	288	765	  1	
200	323	765	  1	
200	424	765	  1	
200	552	765	  1	
201	402	765	  1	
202	 42	765	  1	
202	200	765	  1	
203	328	765	  1	
204	 75	765	  1	
204	231	765	  1	
205	160	765	  1	
206	135	765	  1	
206	206	765	  1	
206	240	765	  1	
206	295	765	  1	
206	333	765	  1	
206	373	765	  1	
207	  6	765	  1	
207	255	765	  1	
207	311	765	  1	
207	320	765	  1	
207	327	765	  1	
207	424	765	  1	
208	 98	765	  1	
208	112	765	  1	
208	287	765	  1	
208	309	765	  1	
208	346	765	  1	
208	357	765	  1	
208	455	765	  1	
209	136	765	  1	
210	444	765	  1	
211	126	765	  1	
211	201	765	  1	
211	280	765	  1	
211	328	765	  1	
213	184	765	  1	
213	256	765	  1	
213	267	765	  1	
213	352	765	  1	
213	399	765	  1	
214	320	765	  1	
214	507	765	  1	
215	 16	765	  1	
215	 82	765	  1	
215	287	765	  1	
215	335	765	  1	
215	455	765	  1	
216	  8	765	  1	
216	109	765	  1	
216	128	765	  1	
216	152	765	  1	
216	160	765	  1	
216	247	765	  1	
216	255	765	  1	
216	317	765	  1	
216	368	765	  1	
216	418	765	  1	
216	452	765	  1	
217	427	765	  1	
218	158	765	  1	
218	166	765	  1	
218	374	765	  1	
219	  0	765	  1	
219	 43	765	  1	
219	 47	765	  1	
219	 72	765	  1	
219	176	765	  1	
219	224	765	  1	
219	352	765	  1	
219	398	765	  1	
222	152	765	  1	
222	160	765	  1	
222	250	765	  1	
222	335	765	  1	
222	368	765	  1	
223	  8	765	  1	
223	247	765	  1	
223	424	765	  1	
223	452	765	  1	
224	 56	765	  1	
224	 62	765	  1	
224	122	765	  1	
224	179	765	  1	
224	235	765	  1	
224	264	765	  1	
224	292	765	  1	
224	346	765	  1	
224	352	765	  1	
224	373	765	  1	
224	416	765	  1	
224	423	765	  1	
224	438	765	  1	
224	470	765	  1	
226	  2	765	  1	
226	  8	765	  1	
226	358	765	  1	
226	392	765	  1	
226	432	765	  1	
227	336	765	  1	
228	189	765	  1	
228	419	765	  1	
229	164	765	  1	
229	368	765	  1	
229	464	765	  1	
230	 37	765	  1	
230	100	765	  1	
230	342	765	  1	
230	352	765	  1	
230	398	765	  1	
231	 33	765	  1	
231	182	765	  1	
231	535	765	  1	
232	 71	765	  1	
232	139	765	  1	
232	188	765	  1	
232	197	765	  1	
232	255	765	  1	
232	272	765	  1	
232	425	765	  1	
232	431	765	  1	
234	  6	765	  1	
235	 55	765	  1	
235	 64	765	  1	
235	248	765	  1	
235	549	765	  1	
236	139	765	  1	
236	436	765	  1	
237	 72	765	  1	
237	105	765	  1	
237	176	765	  1	
237	186	765	  1	
237	191	765	  1	
237	247	765	  1	
237	350	765	  1	
237	423	765	  1	
238	239	765	  1	
239	114	765	  1	
239	255	765	  1	
240	  8	765	  1	
240	 63	765	  1	
240	173	765	  1	
240	200	765	  1	
240	228	765	  1	
240	262	765	  1	
240	392	765	  1	
240	443	765	  1	
240	483	765	  1	
240	599	765	  1	
241	 32	765	  1	
241	323	765	  1	
242	 64	765	  1	
242	212	765	  1	
242	256	765	  1	
243	224	765	  1	
245	 96	765	  1	
245	160	765	  1	
245	395	765	  1	
245	408	765	  1	
245	596	765	  1	
246	 16	765	  1	
246	 53	765	  1	
246	111	765	  1	
246	263	765	  1	
246	365	765	  1	
246	427	765	  1	
246	447	765	  1	
247	 48	765	  1	
247	200	765	  1	
247	360	765	  1	
247	480	765	  1	
247	487	765	  1	
248	 91	765	  1	
248	136	765	  1	
248	178	765	  1	
248	188	765	  1	
248	195	765	  1	
248	268	765	  1	
248	456	765	  1	
248	464	765	  1	
248	556	765	  1	
249	463	765	  1	
251	184	765	  1	
251	351	765	  1	
251	390	765	  1	
251	416	765	  1	
251	430	765	  1	
253	 40	765	  1	
253	 72	765	  1	
253	104	765	  1	
253	199	765	  1	
253	206	765	  1	
253	457	765	  1	
253	528	765	  1	
254	191	765	  1	
254	422	765	  1	
255	264	765	  1	
255	287	765	  1	
255	310	765	  1	
255	483	765	  1	
255	558	765	  1	
255	595	765	  1	
256	 67	765	  1	
256	124	765	  1	
256	160	765	  1	
256	168	765	  1	
256	175	765	  1	
256	210	765	  1	
256	299	765	  1	
256	315	765	  1	
256	340	765	  1	
256	349	765	  1	
256	381	765	  1	
256	453	765	  1	
256	539	765	  1	
256	544	765	  1	
256	549	765	  1	
257	104	765	  1	
257	256	765	  1	
258	 64	765	  1	
258	184	765	  1	
258	197	765	  1	
259	120	765	  1	
259	136	765	  1	
259	171	765	  1	
259	208	765	  1	
259	376	765	  1	
260	335	765	  1	
261	248	765	  1	
261	387	765	  1	
261	398	765	  1	
261	440	765	  1	
262	 43	765	  1	
262	125	765	  1	
262	164	765	  1	
262	546	765	  1	
262	551	765	  1	
263	 48	765	  1	
263	168	765	  1	
263	175	765	  1	
263	184	765	  1	
263	210	765	  1	
263	296	765	  1	
263	303	765	  1	
263	329	765	  1	
263	343	765	  1	
264	 32	765	  1	
264	 38	765	  1	
264	 64	765	  1	
264	 72	765	  1	
264	104	765	  1	
264	120	765	  1	
264	136	765	  1	
264	151	765	  1	
264	299	765	  1	
264	306	765	  1	
264	311	765	  1	
264	368	765	  1	
264	400	765	  1	
264	416	765	  1	
264	525	765	  1	
264	559	765	  1	
265	 69	765	  1	
266	 78	765	  1	
266	406	765	  1	
267	231	765	  1	
267	391	765	  1	
268	109	765	  1	
268	423	765	  1	
269	 96	765	  1	
269	134	765	  1	
269	190	765	  1	
269	247	765	  1	
269	386	765	  1	
269	556	765	  1	
270	 72	765	  1	
270	114	765	  1	
271	319	765	  1	
271	368	765	  1	
271	525	765	  1	
272	 23	765	  1	
272	108	765	  1	
272	121	765	  1	
272	132	765	  1	
272	152	765	  1	
272	156	765	  1	
272	162	765	  1	
272	167	765	  1	
272	192	765	  1	
272	250	765	  1	
272	272	765	  1	
272	296	765	  1	
272	378	765	  1	
272	383	765	  1	
272	401	765	  1	
272	424	765	  1	
272	430	765	  1	
272	475	765	  1	
272	576	765	  1	
274	303	765	  1	
274	559	765	  1	
275	199	765	  1	
275	264	765	  1	
275	328	765	  1	
275	408	765	  1	
275	522	765	  1	
276	255	765	  1	
277	278	765	  1	
277	392	765	  1	
277	427	765	  1	
278	248	765	  1	
278	334	765	  1	
278	414	765	  1	
278	576	765	  1	
279	 21	765	  1	
279	464	765	  1	
280	  5	765	  1	
280	 72	765	  1	
280	 83	765	  1	
280	127	765	  1	
280	240	765	  1	
280	263	765	  1	
280	270	765	  1	
280	274	765	  1	
280	285	765	  1	
280	288	765	  1	
280	342	765	  1	
280	367	765	  1	
280	493	765	  1	
280	560	765	  1	
281	440	765	  1	
282	174	765	  1	
283	 13	765	  1	
283	199	765	  1	
283	304	765	  1	
283	360	765	  1	
284	255	765	  1	
284	407	765	  1	
285	  0	765	  1	
285	 72	765	  1	
285	124	765	  1	
285	181	765	  1	
285	376	765	  1	
285	411	765	  1	
285	430	765	  1	
286	 78	765	  1	
286	326	765	  1	
286	400	765	  1	
287	  8	765	  1	
287	 56	765	  1	
287	224	765	  1	
287	342	765	  1	
287	367	765	  1	
288	 48	765	  1	
288	107	765	  1	
288	128	765	  1	
288	198	765	  1	
288	202	765	  1	
288	215	765	  1	
288	231	765	  1	
288	253	765	  1	
288	299	765	  1	
288	385	765	  1	
288	495	765	  1	
288	519	765	  1	
289	414	765	  1	
290	224	765	  1	
290	398	765	  1	
291	 72	765	  1	
291	160	765	  1	
291	552	765	  1	
291	573	765	  1	
292	143	765	  1	
292	247	765	  1	
293	 97	765	  1	
293	302	765	  1	
293	312	765	  1	
293	342	765	  1	
294	392	765	  1	
294	531	765	  1	
295	136	765	  1	
295	231	765	  1	
296	  0	765	  1	
296	  6	765	  1	
296	 53	765	  1	
296	 64	765	  1	
296	 77	765	  1	
296	 86	765	  1	
296	104	765	  1	
296	144	765	  1	
296	218	765	  1	
296	344	765	  1	
296	384	765	  1	
296	403	765	  1	
296	413	765	  1	
296	424	765	  1	
296	427	765	  1	
296	520	765	  1	
296	576	765	  1	
298	251	765	  1	
298	296	765	  1	
299	352	765	  1	
299	527	765	  1	
300	223	765	  1	
300	543	765	  1	
301	  3	765	  1	
301	 14	765	  1	
301	 70	765	  1	
301	160	765	  1	
301	192	765	  1	
301	287	765	  1	
301	350	765	  1	
301	368	765	  1	
302	100	765	  1	
302	141	765	  1	
302	216	765	  1	
302	315	765	  1	
302	424	765	  1	
302	592	765	  1	
303	303	765	  1	
303	384	765	  1	
303	442	765	  1	
303	520	765	  1	
304	 61	765	  1	
304	 72	765	  1	
304	 98	765	  1	
304	103	765	  1	
304	181	765	  1	
304	245	765	  1	
304	352	765	  1	
304	392	765	  1	
304	405	765	  1	
304	472	765	  1	
304	527	765	  1	
305	 77	765	  1	
306	 56	765	  1	
306	253	765	  1	
306	416	765	  1	
306	423	765	  1	
307	  0	765	  1	
307	  7	765	  1	
307	206	765	  1	
307	304	765	  1	
307	312	765	  1	
307	373	765	  1	
307	594	765	  1	
308	352	765	  1	
309	 15	765	  1	
309	103	765	  1	
309	224	765	  1	
309	432	765	  1	
310	 19	765	  1	
310	 62	765	  1	
310	256	765	  1	
310	283	765	  1	
310	292	765	  1	
311	248	765	  1	
312	 38	765	  1	
312	 82	765	  1	
312	 88	765	  1	
312	112	765	  1	
312	144	765	  1	
312	150	765	  1	
312	166	765	  1	
312	233	765	  1	
312	312	765	  1	
312	328	765	  1	
312	332	765	  1	
312	370	765	  1	
312	376	765	  1	
312	390	765	  1	
312	474	765	  1	
312	512	765	  1	
313	307	765	  1	
314	279	765	  1	
314	373	765	  1	
314	400	765	  1	
315	 64	765	  1	
315	176	765	  1	
315	274	765	  1	
315	319	765	  1	
315	472	765	  1	
316	368	765	  1	
317	 46	765	  1	
317	 83	765	  1	
317	 96	765	  1	
317	115	765	  1	
317	147	765	  1	
317	200	765	  1	
317	264	765	  1	
318	216	765	  1	
318	406	765	  1	
318	479	765	  1	
318	496	765	  1	
318	535	765	  1	
319	 16	765	  1	
319	 23	765	  1	
319	447	765	  1	
319	512	765	  1	
320	 24	765	  1	
320	 32	765	  1	
320	 67	765	  1	
320	 93	765	  1	
320	104	765	  1	
320	170	765	  1	
320	178	765	  1	
320	204	765	  1	
320	432	765	  1	
320	448	765	  1	
320	455	765	  1	
320	463	765	  1	
321	156	765	  1	
322	 62	765	  1	
322	 88	765	  1	
322	166	765	  1	
323	 37	765	  1	
323	 45	765	  1	
325	175	765	  1	
325	240	765	  1	
325	264	765	  1	
325	384	765	  1	
325	480	765	  1	
326	 94	765	  1	
326	160	765	  1	
326	208	765	  1	
327	 24	765	  1	
327	178	765	  1	
327	312	765	  1	
327	459	765	  1	
328	  0	765	  1	
328	 64	765	  1	
328	 71	765	  1	
328	 78	765	  1	
328	216	765	  1	
328	261	765	  1	
328	299	765	  1	
328	305	765	  1	
328	329	765	  1	
328	336	765	  1	
328	378	765	  1	
328	408	765	  1	
328	416	765	  1	
328	424	765	  1	
328	431	765	  1	
331	 46	765	  1	
332	599	765	  1	
333	160	765	  1	
333	167	765	  1	
333	176	765	  1	
333	256	765	  1	
333	342	765	  1	
333	356	765	  1	
333	475	765	  1	
335	288	765	  1	
336	 18	765	  1	
336	 48	765	  1	
336	 72	765	  1	
336	 79	765	  1	
336	 88	765	  1	
336	173	765	  1	
336	208	765	  1	
336	245	765	  1	
336	280	765	  1	
336	304	765	  1	
336	312	765	  1	
336	397	765	  1	
336	488	765	  1	
336	582	765	  1	
336	592	765	  1	
338	168	765	  1	
339	190	765	  1	
339	224	765	  1	
339	288	765	  1	
339	416	765	  1	
341	 43	765	  1	
341	199	765	  1	
341	286	765	  1	
341	318	765	  1	
341	328	765	  1	
341	344	765	  1	
341	367	765	  1	
341	384	765	  1	
342	174	765	  1	
342	583	765	  1	
343	 96	765	  1	
343	251	765	  1	
343	304	765	  1	
343	359	765	  1	
343	424	765	  1	
344	  0	765	  1	
344	  6	765	  1	
344	 16	765	  1	
344	 20	765	  1	
344	 24	765	  1	
344	 29	765	  1	
344	 59	765	  1	
344	 86	765	  1	
344	106	765	  1	
344	152	765	  1	
344	164	765	  1	
344	216	765	  1	
344	237	765	  1	
344	381	765	  1	
344	400	765	  1	
344	417	765	  1	
344	454	765	  1	
344	468	765	  1	
345	136	765	  1	
346	 83	765	  1	
346	 88	765	  1	
346	232	765	  1	
346	328	765	  1	
346	448	765	  1	
346	511	765	  1	
347	160	765	  1	
349	  3	765	  1	
349	 18	765	  1	
349	 23	765	  1	
349	352	765	  1	
349	367	765	  1	
349	376	765	  1	
349	407	765	  1	
349	414	765	  1	
349	418	765	  1	
349	430	765	  1	
350	 80	765	  1	
350	165	765	  1	
350	267	765	  1	
350	334	765	  1	
351	575	765	  1	
352	104	765	  1	
352	120	765	  1	
352	127	765	  1	
352	139	765	  1	
352	176	765	  1	
352	228	765	  1	
352	246	765	  1	
352	283	765	  1	
352	299	765	  1	
352	312	765	  1	
352	344	765	  1	
352	389	765	  1	
352	576	765	  1	
353	 11	765	  1	
354	236	765	  1	
354	264	765	  1	
355	 16	765	  1	
355	 31	765	  1	
355	 72	765	  1	
355	152	765	  1	
355	424	765	  1	
357	256	765	  1	
357	270	765	  1	
357	350	765	  1	
358	180	765	  1	
358	232	765	  1	
358	320	765	  1	
359	 24	765	  1	
359	120	765	  1	
359	127	765	  1	
359	274	765	  1	
359	280	765	  1	
359	287	765	  1	
359	431	765	  1	
359	576	765	  1	
360	 47	765	  1	
360	 50	765	  1	
360	105	765	  1	
360	115	765	  1	
360	192	765	  1	
360	198	765	  1	
360	214	765	  1	
360	223	765	  1	
360	271	765	  1	
360	284	765	  1	
360	343	765	  1	
360	352	765	  1	
360	368	765	  1	
360	384	765	  1	
360	413	765	  1	
360	464	765	  1	
360	470	765	  1	
361	 88	765	  1	
361	319	765	  1	
362	  0	765	  1	
362	338	765	  1	
363	135	765	  1	
363	268	765	  1	
363	376	765	  1	
363	416	765	  1	
364	104	765	  1	
364	280	765	  1	
365	 31	765	  1	
365	 42	765	  1	
365	256	765	  1	
365	320	765	  1	
365	440	765	  1	
366	111	765	  1	
366	124	765	  1	
366	287	765	  1	
366	331	765	  1	
366	387	765	  1	
366	462	765	  1	
367	 48	765	  1	
367	 55	765	  1	
367	115	765	  1	
367	312	765	  1	
367	352	765	  1	
367	384	765	  1	
368	 15	765	  1	
368	 59	765	  1	
368	 67	765	  1	
368	 80	765	  1	
368	 87	765	  1	
368	118	765	  1	
368	297	765	  1	
368	324	765	  1	
369	215	765	  1	
370	413	765	  1	
371	224	765	  1	
372	296	765	  1	
372	518	765	  1	
373	104	765	  1	
373	343	765	  1	
373	352	765	  1	
373	359	765	  1	
374	 63	765	  1	
374	118	765	  1	
374	184	765	  1	
374	191	765	  1	
374	483	765	  1	
374	512	765	  1	
376	 21	765	  1	
376	 25	765	  1	
376	 30	765	  1	
376	101	765	  1	
376	112	765	  1	
376	124	765	  1	
376	136	765	  1	
376	142	765	  1	
376	163	765	  1	
376	344	765	  1	
376	448	765	  1	
376	455	765	  1	
376	536	765	  1	
378	 16	765	  1	
379	213	765	  1	
379	299	765	  1	
379	488	765	  1	
380	199	765	  1	
381	 26	765	  1	
381	312	765	  1	
382	 22	765	  1	
382	248	765	  1	
383	 48	765	  1	
383	119	765	  1	
383	451	765	  1	
384	 55	765	  1	
384	 61	765	  1	
384	 64	765	  1	
384	 70	765	  1	
384	104	765	  1	
384	125	765	  1	
384	191	765	  1	
384	206	765	  1	
384	255	765	  1	
384	272	765	  1	
384	285	765	  1	
384	304	765	  1	
384	349	765	  1	
384	414	765	  1	
384	496	765	  1	
384	503	765	  1	
384	567	765	  1	
385	117	765	  1	
385	327	765	  1	
386	167	765	  1	
387	 86	765	  1	
387	207	765	  1	
387	344	765	  1	
388	 63	765	  1	
388	120	765	  1	
389	  0	765	  1	
389	 67	765	  1	
390	 58	765	  1	
391	 76	765	  1	
391	206	765	  1	
391	240	765	  1	
391	271	765	  1	
391	320	765	  1	
391	472	765	  1	
392	 99	765	  1	
392	112	765	  1	
392	118	765	  1	
392	138	765	  1	
392	151	765	  1	
392	167	765	  1	
392	368	765	  1	
392	375	765	  1	
392	384	765	  1	
392	423	765	  1	
392	463	765	  1	
393	 19	765	  1	
394	224	765	  1	
395	 80	765	  1	
395	192	765	  1	
397	287	765	  1	
399	231	765	  1	
399	371	765	  1	
399	384	765	  1	
399	456	765	  1	
400	  0	765	  1	
400	 13	765	  1	
400	 29	765	  1	
400	 40	765	  1	
400	 60	765	  1	
400	 88	765	  1	
400	 96	765	  1	
400	128	765	  1	
400	132	765	  1	
400	139	765	  1	
400	176	765	  1	
400	312	765	  1	
400	319	765	  1	
400	407	765	  1	
402	 24	765	  1	
402	 48	765	  1	
402	472	765	  1	
403	136	765	  1	
403	368	765	  1	
403	384	765	  1	
403	423	765	  1	
405	 14	765	  1	
405	150	765	  1	
405	200	765	  1	
405	296	765	  1	
406	 30	765	  1	
406	119	765	  1	
406	164	765	  1	
406	472	765	  1	
407	 88	765	  1	
407	391	765	  1	
407	480	765	  1	
408	 35	765	  1	
408	 38	765	  1	
408	 87	765	  1	
408	136	765	  1	
408	146	765	  1	
408	151	765	  1	
408	163	765	  1	
408	179	765	  1	
408	191	765	  1	
408	264	765	  1	
408	271	765	  1	
408	279	765	  1	
408	312	765	  1	
408	327	765	  1	
408	346	765	  1	
408	351	765	  1	
408	467	765	  1	
408	591	765	  1	
409	 24	765	  1	
409	104	765	  1	
410	  2	765	  1	
411	  7	765	  1	
411	184	765	  1	
412	111	765	  1	
413	 37	765	  1	
413	 56	765	  1	
413	120	765	  1	
413	160	765	  1	
414	 13	765	  1	
414	312	765	  1	
414	346	765	  1	
415	104	765	  1	
415	176	765	  1	
415	183	765	  1	
415	191	765	  1	
415	267	765	  1	
415	275	765	  1	
415	324	765	  1	
415	351	765	  1	
415	408	765	  1	
415	464	765	  1	
415	471	765	  1	
416	 16	765	  1	
416	 39	765	  1	
416	133	765	  1	
416	139	765	  1	
416	152	765	  1	
416	171	765	  1	
416	178	765	  1	
416	211	765	  1	
416	348	765	  1	
417	 21	765	  1	
417	 48	765	  1	
417	 54	765	  1	
418	  3	765	  1	
418	104	765	  1	
418	417	765	  1	
419	 96	765	  1	
419	487	765	  1	
420	 74	765	  1	
420	344	765	  1	
420	424	765	  1	
420	480	765	  1	
421	126	765	  1	
421	560	765	  1	
422	110	765	  1	
422	351	765	  1	
423	 51	765	  1	
423	 56	765	  1	
423	 63	765	  1	
423	152	765	  1	
423	191	765	  1	
423	208	765	  1	
423	215	765	  1	
424	 10	765	  1	
424	 15	765	  1	
424	112	765	  1	
424	119	765	  1	
424	165	765	  1	
424	271	765	  1	
424	392	765	  1	
424	399	765	  1	
424	432	765	  1	
424	499	765	  1	
425	 64	765	  1	
425	287	765	  1	
426	 84	765	  1	
426	328	765	  1	
427	152	765	  1	
427	264	765	  1	
427	395	765	  1	
427	439	765	  1	
428	113	765	  1	
429	  0	765	  1	
429	 19	765	  1	
429	 30	765	  1	
429	120	765	  1	
430	179	765	  1	
431	271	765	  1	
431	316	765	  1	
431	328	765	  1	
431	343	765	  1	
431	392	765	  1	
431	399	765	  1	
431	432	765	  1	
432	 45	765	  1	
432	 88	765	  1	
432	103	765	  1	
432	203	765	  1	
432	226	765	  1	
432	322	765	  1	
432	350	765	  1	
432	434	765	  1	
434	 40	765	  1	
435	 24	765	  1	
435	 72	765	  1	
435	175	765	  1	
435	192	765	  1	
435	264	765	  1	
437	 16	765	  1	
437	200	765	  1	
437	403	765	  1	
437	430	765	  1	
438	 46	765	  1	
438	261	765	  1	
438	286	765	  1	
438	357	765	  1	
439	  6	765	  1	
439	 31	765	  1	
439	152	765	  1	
439	224	765	  1	
439	271	765	  1	
440	  8	765	  1	
440	 59	765	  1	
440	 80	765	  1	
440	 98	765	  1	
440	131	765	  1	
440	138	765	  1	
440	168	765	  1	
440	256	765	  1	
440	267	765	  1	
440	408	765	  1	
442	 35	765	  1	
443	 88	765	  1	
443	413	765	  1	
444	318	765	  1	
444	407	765	  1	
445	136	765	  1	
445	143	765	  1	
445	152	765	  1	
445	398	765	  1	
446	 32	765	  1	
446	312	765	  1	
447	336	765	  1	
448	 72	765	  1	
448	 87	765	  1	
448	 93	765	  1	
448	118	765	  1	
448	170	765	  1	
448	229	765	  1	
448	240	765	  1	
448	288	765	  1	
448	295	765	  1	
448	502	765	  1	
450	  0	765	  1	
450	136	765	  1	
450	152	765	  1	
450	158	765	  1	
450	278	765	  1	
451	195	765	  1	
451	246	765	  1	
452	176	765	  1	
453	 56	765	  1	
453	184	765	  1	
453	224	765	  1	
453	398	765	  1	
454	 78	765	  1	
454	 87	765	  1	
454	256	765	  1	
454	272	765	  1	
454	349	765	  1	
454	535	765	  1	
455	 32	765	  1	
455	168	765	  1	
455	291	765	  1	
456	 23	765	  1	
456	 53	765	  1	
456	 64	765	  1	
456	192	765	  1	
456	240	765	  1	
456	394	765	  1	
456	460	765	  1	
456	584	765	  1	
457	  2	765	  1	
457	360	765	  1	
458	160	765	  1	
458	183	765	  1	
458	216	765	  1	
459	 16	765	  1	
459	199	765	  1	
460	  7	765	  1	
461	188	765	  1	
461	224	765	  1	
461	279	765	  1	
461	288	765	  1	
461	312	765	  1	
461	382	765	  1	
462	 84	765	  1	
463	 23	765	  1	
463	 35	765	  1	
463	366	765	  1	
464	 24	765	  1	
464	 31	765	  1	
464	141	765	  1	
464	152	765	  1	
464	160	765	  1	
464	170	765	  1	
464	204	765	  1	
464	213	765	  1	
464	264	765	  1	
464	280	765	  1	
466	 42	765	  1	
466	166	765	  1	
467	  0	765	  1	
467	 71	765	  1	
467	160	765	  1	
469	200	765	  1	
469	240	765	  1	
469	267	765	  1	
471	 27	765	  1	
471	 48	765	  1	
472	176	765	  1	
472	195	765	  1	
472	259	765	  1	
472	344	765	  1	
472	422	765	  1	
472	528	765	  1	
473	288	765	  1	
474	186	765	  1	
476	182	765	  1	
476	416	765	  1	
478	232	765	  1	
479	280	765	  1	
480	 53	765	  1	
480	129	765	  1	
480	144	765	  1	
480	165	765	  1	
480	176	765	  1	
480	218	765	  1	
480	230	765	  1	
480	253	765	  1	
480	264	765	  1	
480	272	765	  1	
480	296	765	  1	
480	320	765	  1	
480	327	765	  1	
482	 48	765	  1	
482	 72	765	  1	
482	150	765	  1	
482	155	765	  1	
483	182	765	  1	
483	207	765	  1	
483	513	765	  1	
484	104	765	  1	
485	192	765	  1	
485	216	765	  1	
485	223	765	  1	
486	 54	765	  1	
486	136	765	  1	
486	300	765	  1	
486	440	765	  1	
487	200	765	  1	
487	323	765	  1	
487	536	765	  1	
488	  8	765	  1	
488	 56	765	  1	
488	 62	765	  1	
488	162	765	  1	
488	212	765	  1	
488	266	765	  1	
488	360	765	  1	
488	384	765	  1	
490	128	765	  1	
490	206	765	  1	
491	367	765	  1	
491	504	765	  1	
492	 18	765	  1	
493	 12	765	  1	
493	 59	765	  1	
493	192	765	  1	
493	199	765	  1	
493	248	765	  1	
493	264	765	  1	
493	271	765	  1	
494	 72	765	  1	
494	213	765	  1	
495	 23	765	  1	
495	135	765	  1	
495	360	765	  1	
495	384	765	  1	
496	 31	765	  1	
496	 80	765	  1	
496	109	765	  1	
496	150	765	  1	
496	159	765	  1	
496	184	765	  1	
496	236	765	  1	
496	266	765	  1	
497	144	765	  1	
497	190	765	  1	
498	106	765	  1	
499	 24	765	  1	
499	256	765	  1	
499	280	765	  1	
499	308	765	  1	
501	 35	765	  1	
501	 71	765	  1	
501	128	765	  1	
501	136	765	  1	
501	192	765	  1	
501	224	765	  1	
501	231	765	  1	
501	264	765	  1	
501	271	765	  1	
501	319	765	  1	
503	 15	765	  1	
503	 31	765	  1	
503	184	765	  1	
504	 56	765	  1	
504	 64	765	  1	
504	 72	765	  1	
504	 88	765	  1	
504	 92	765	  1	
504	165	765	  1	
504	256	765	  1	
504	260	765	  1	
504	328	765	  1	
505	  0	765	  1	
507	 27	765	  1	
507	 99	765	  1	
507	144	765	  1	
507	264	765	  1	
509	 40	765	  1	
509	307	765	  1	
510	 56	765	  1	
510	160	765	  1	
510	224	765	  1	
511	 15	765	  1	
511	328	765	  1	
512	  0	765	  1	
512	 74	765	  1	
512	 96	765	  1	
512	170	765	  1	
512	175	765	  1	
512	248	765	  1	
512	325	765	  1	
512	435	765	  1	
513	264	765	  1	
515	 64	765	  1	
515	 79	765	  1	
515	160	765	  1	
515	246	765	  1	
515	300	765	  1	
516	332	765	  1	
517	 15	765	  1	
517	210	765	  1	
517	232	765	  1	
517	315	765	  1	
518	 74	765	  1	
518	109	765	  1	
519	  1	765	  1	
519	144	765	  1	
520	 53	765	  1	
520	 65	765	  1	
520	103	765	  1	
520	176	765	  1	
520	224	765	  1	
520	330	765	  1	
520	341	765	  1	
520	530	765	  1	
521	 83	765	  1	
522	 71	765	  1	
522	 96	765	  1	
522	112	765	  1	
523	 56	765	  1	
523	134	765	  1	
523	302	765	  1	
523	311	765	  1	
523	320	765	  1	
524	437	765	  1	
525	  3	765	  1	
525	168	765	  1	
525	208	765	  1	
525	248	765	  1	
525	331	765	  1	
526	 66	765	  1	
526	118	765	  1	
527	110	765	  1	
527	328	765	  1	
527	338	765	  1	
528	 48	765	  1	
528	 63	765	  1	
528	 72	765	  1	
528	100	765	  1	
528	160	765	  1	
528	202	765	  1	
528	299	765	  1	
528	312	765	  1	
528	319	765	  1	
529	270	765	  1	
530	 55	765	  1	
530	254	765	  1	
530	275	765	  1	
531	 88	765	  1	
531	 96	765	  1	
533	 50	765	  1	
533	240	765	  1	
533	295	765	  1	
534	248	765	  1	
534	376	765	  1	
535	 63	765	  1	
535	100	765	  1	
535	496	765	  1	
536	  8	765	  1	
536	 56	765	  1	
536	131	765	  1	
536	189	765	  1	
536	232	765	  1	
536	254	765	  1	
537	144	765	  1	
539	 96	765	  1	
539	216	765	  1	
539	272	765	  1	
541	208	765	  1	
541	232	765	  1	
541	352	765	  1	
543	243	765	  1	
544	  1	765	  1	
544	  6	765	  1	
544	 48	765	  1	
544	 55	765	  1	
544	 90	765	  1	
544	119	765	  1	
544	144	765	  1	
544	151	765	  1	
544	204	765	  1	
544	211	765	  1	
544	220	765	  1	
546	399	765	  1	
546	407	765	  1	
547	 96	765	  1	
547	126	765	  1	
547	192	765	  1	
547	282	765	  1	
549	 91	765	  1	
549	115	765	  1	
549	159	765	  1	
549	207	765	  1	
551	 51	765	  1	
551	274	765	  1	
551	393	765	  1	
552	 39	765	  1	
552	 64	765	  1	
552	131	765	  1	
552	162	765	  1	
552	168	765	  1	
552	175	765	  1	
552	182	765	  1	
552	248	765	  1	
552	290	765	  1	
552	295	765	  1	
552	298	765	  1	
552	304	765	  1	
552	310	765	  1	
552	343	765	  1	
554	 79	765	  1	
554	125	765	  1	
554	199	765	  1	
554	214	765	  1	
554	230	765	  1	
555	272	765	  1	
555	336	765	  1	
556	256	765	  1	
557	139	765	  1	
557	147	765	  1	
557	160	765	  1	
557	303	765	  1	
557	307	765	  1	
557	378	765	  1	
558	171	765	  1	
558	180	765	  1	
558	224	765	  1	
558	248	765	  1	
558	375	765	  1	
559	135	765	  1	
559	165	765	  1	
559	214	765	  1	
559	279	765	  1	
559	343	765	  1	
559	512	765	  1	
559	552	765	  1	
560	 99	765	  1	
560	166	765	  1	
560	176	765	  1	
560	255	765	  1	
560	274	765	  1	
560	287	765	  1	
560	312	765	  1	
562	182	765	  1	
563	248	765	  1	
563	280	765	  1	
563	360	765	  1	
564	382	765	  1	
565	163	765	  1	
565	216	765	  1	
567	255	765	  1	
567	272	765	  1	
567	279	765	  1	
567	287	765	  1	
567	479	765	  1	
568	 64	765	  1	
568	 87	765	  1	
568	 93	765	  1	
568	168	765	  1	
568	199	765	  1	
568	264	765	  1	
568	320	765	  1	
568	325	765	  1	
568	378	765	  1	
568	383	765	  1	
568	455	765	  1	
569	447	765	  1	
570	368	765	  1	
570	397	765	  1	
571	128	765	  1	
571	231	765	  1	
571	272	765	  1	
571	392	765	  1	
572	237	765	  1	
573	166	765	  1	
573	279	765	  1	
573	282	765	  1	
574	339	765	  1	
574	357	765	  1	
575	216	765	  1	
575	320	765	  1	
575	432	765	  1	
575	448	765	  1	
576	 63	765	  1	
576	 74	765	  1	
576	102	765	  1	
576	146	765	  1	
576	151	765	  1	
576	154	765	  1	
576	159	765	  1	
576	170	765	  1	
576	175	765	  1	
576	182	765	  1	
576	259	765	  1	
577	214	765	  1	
578	 96	765	  1	
578	272	765	  1	
578	368	765	  1	
579	112	765	  1	
579	224	765	  1	
579	266	765	  1	
579	304	765	  1	
579	311	765	  1	
580	 83	765	  1	
581	  3	765	  1	
581	179	765	  1	
581	240	765	  1	
583	 63	765	  1	
583	 92	765	  1	
583	277	765	  1	
583	375	765	  1	
584	 72	765	  1	
584	144	765	  1	
584	200	765	  1	
584	214	765	  1	
584	237	765	  1	
584	261	765	  1	
584	296	765	  1	
584	384	765	  1	
584	471	765	  1	
584	480	765	  1	
584	487	765	  1	
587	128	765	  1	
587	151	765	  1	
587	280	765	  1	
587	311	765	  1	
588	 99	765	  1	
588	134	765	  1	
588	249	765	  1	
588	256	765	  1	
588	262	765	  1	
589	 82	765	  1	
589	104	765	  1	
589	211	765	  1	
589	267	765	  1	
589	399	765	  1	
590	109	765	  1	
591	 24	765	  1	
591	144	765	  1	
591	483	765	  1	
592	112	765	  1	
592	176	765	  1	
592	182	765	  1	
592	195	765	  1	
592	205	765	  1	
592	223	765	  1	
592	240	765	  1	
592	272	765	  1	
592	351	765	  1	
592	421	765	  1	
592	434	765	  1	
592	495	765	  1	
593	118	765	  1	
594	 79	765	  1	
595	 82	765	  1	
596	374	765	  1	
596	439	765	  1	
597	147	765	  1	
597	346	765	  1	
597	408	765	  1	
597	432	765	  1	
598	 72	765	  1	
598	 99	765	  1	
598	368	765	  1	
598	453	765	  1	
599	240	765	  1	
599	400	765	  1	
600	 75	765	  1	
600	176	765	  1	
600	208	765	  1	
600	236	765	  1	
600	248	765	  1	
600	269	765	  1	
600	290	765	  1	
600	447	765	  1	
601	231	765	  1	
602	195	765	  1	
603	255	765	  1	
604	336	765	  1	
606	134	765	  1	
606	143	765	  1	
606	179	765	  1	
606	237	765	  1	
607	211	765	  1	
607	248	765	  1	
607	343	765	  1	
607	440	765	  1	
607	560	765	  1	
608	  1	765	  1	
608	 60	765	  1	
608	285	765	  1	
608	293	765	  1	
608	312	765	  1	
608	328	765	  1	
608	365	765	  1	
610	255	765	  1	
610	335	765	  1	
612	365	765	  1	
613	238	765	  1	
614	 30	765	  1	
614	 63	765	  1	
614	123	765	  1	
614	248	765	  1	
614	271	765	  1	
614	328	765	  1	
615	135	765	  1	
615	176	765	  1	
615	293	765	  1	
616	 71	765	  1	
616	112	765	  1	
616	231	765	  1	
616	325	765	  1	
616	373	765	  1	
619	184	765	  1	
621	 99	765	  1	
621	280	765	  1	
621	287	765	  1	
621	328	765	  1	
622	368	765	  1	
622	448	765	  1	
623	 27	765	  1	
623	 71	765	  1	
623	135	765	  1	
624	 78	765	  1	
624	120	765	  1	
624	243	765	  1	
624	272	765	  1	
624	408	765	  1	
627	218	765	  1	
627	304	765	  1	
629	124	765	  1	
630	 69	765	  1	
631	328	765	  1	
631	431	765	  1	
632	 77	765	  1	
632	204	765	  1	
632	244	765	  1	
632	278	765	  1	
632	304	765	  1	
634	270	765	  1	
636	 54	765	  1	
636	592	765	  1	
637	279	765	  1	
638	 48	765	  1	
639	 80	765	  1	
640	  0	765	  1	
640	 62	765	  1	
640	 95	765	  1	
640	232	765	  1	
640	275	765	  1	
641	488	765	  1	
642	306	765	  1	
643	224	765	  1	
643	239	765	  1	
643	311	765	  1	
645	168	765	  1	
645	288	765	  1	
647	 60	765	  1	
647	 83	765	  1	
647	232	765	  1	
648	 23	765	  1	
648	 56	765	  1	
648	111	765	  1	
648	240	765	  1	
649	 61	765	  1	
650	446	765	  1	
651	 88	765	  1	
651	104	765	  1	
653	240	765	  1	
653	437	765	  1	
654	 79	765	  1	
655	 56	765	  1	
655	 95	765	  1	
655	111	765	  1	
655	384	765	  1	
656	135	765	  1	
656	294	765	  1	
656	402	765	  1	
659	447	765	  1	
661	 86	765	  1	
661	264	765	  1	
663	402	765	  1	
664	 91	765	  1	
664	120	765	  1	
664	127	765	  1	
664	144	765	  1	
664	148	765	  1	
664	192	765	  1	
667	507	765	  1	
668	149	765	  1	
671	 88	765	  1	
671	 95	765	  1	
671	120	765	  1	
671	127	765	  1	
671	524	765	  1	
672	159	765	  1	
672	291	765	  1	
674	435	765	  1	
674	473	765	  1	
675	 88	765	  1	
677	118	765	  1	
679	 15	765	  1	
680	107	765	  1	
680	118	765	  1	
680	412	765	  1	
682	104	765	  1	
685	415	765	  1	
692	143	765	  1	
692	183	765	  1	
694	411	765	  1	
704	 80	765	  1	
705	532	765	  1	
716	200	765	  1	
719	264	765	  1	
720	224	765	  1	
728	238	765	  1	
735	442	765	  1	
767	392	765	  1	
768	391	765	  1	
792	440	765	  1	
