# 
#  Image file: Goad2_T0172.jpg
#  Applied threshold: 575
#  Algorithm used: fill2                 
#  Particle count: 1737
#  Location (x,y), max luminance, and mass:
# 
  0	183	765	  1	
  1	177	765	  1	
  6	271	765	  1	
  8	320	765	  1	
 16	247	765	  1	
 16	359	765	  1	
 24	394	765	  1	
 29	298	765	  1	
 31	464	765	  1	
 32	101	765	  1	
 32	408	765	  1	
 35	166	765	  1	
 35	226	765	  1	
 44	520	765	  1	
 47	100	765	  1	
 49	386	765	  1	
 53	323	765	  1	
 55	 89	765	  1	
 56	536	765	  1	
 58	200	765	  1	
 59	275	765	  1	
 60	172	765	  1	
 62	102	765	  1	
 64	119	765	  1	
 64	216	765	  1	
 65	111	765	  1	
 67	223	765	  1	
 69	109	765	  1	
 70	158	765	  1	
 71	216	765	  1	
 72	119	765	  1	
 72	167	765	  1	
 75	144	765	  1	
 79	119	765	  1	
 80	216	765	  1	
 80	379	765	  1	
 87	150	765	  1	
 87	168	765	  1	
 87	235	765	  1	
 88	379	765	  1	
 90	352	765	  1	
 91	221	765	  1	
 91	230	765	  1	
 93	471	765	  1	
 95	216	765	  1	
 95	376	765	  1	
 95	383	765	  1	
 96	 75	765	  1	
 96	101	765	  1	
 96	310	765	  1	
 96	373	765	  1	
 99	175	765	  1	
100	368	765	  1	
102	111	765	  1	
102	311	765	  1	
103	136	765	  1	
103	240	765	  1	
103	355	765	  1	
104	295	765	  1	
106	352	765	  1	
107	288	765	  1	
109	104	765	  1	
109	109	765	  1	
110	154	765	  1	
110	359	765	  1	
111	295	765	  1	
111	316	765	  1	
112	197	765	  1	
112	207	765	  1	
112	288	765	  1	
112	299	765	  1	
112	382	765	  1	
113	347	765	  1	
114	202	765	  1	
114	376	765	  1	
115	144	765	  1	
116	384	765	  1	
118	207	765	  1	
118	391	765	  1	
119	197	765	  1	
119	291	765	  1	
119	299	765	  1	
119	376	765	  1	
120	288	765	  1	
120	311	765	  1	
120	320	765	  1	
120	347	765	  1	
120	405	765	  1	
120	415	765	  1	
122	227	765	  1	
122	384	765	  1	
122	408	765	  1	
123	246	765	  1	
123	529	765	  1	
125	218	765	  1	
125	399	765	  1	
126	413	765	  1	
127	179	765	  1	
127	216	765	  1	
127	320	765	  1	
127	385	765	  1	
128	 10	765	  1	
128	 70	765	  1	
128	141	765	  1	
128	144	765	  1	
128	151	765	  1	
128	184	765	  1	
129	276	765	  1	
129	344	765	  1	
130	190	765	  1	
131	  0	765	  1	
131	351	765	  1	
132	223	765	  1	
132	439	765	  1	
132	583	765	  1	
134	130	765	  1	
134	184	765	  1	
135	147	765	  1	
136	 80	765	  1	
136	118	765	  1	
136	149	765	  1	
136	168	765	  1	
136	174	765	  1	
136	207	765	  1	
136	384	765	  1	
139	391	765	  1	
140	150	765	  1	
141	171	765	  1	
141	184	765	  1	
141	191	765	  1	
142	115	765	  1	
143	 83	765	  1	
143	103	765	  1	
143	231	765	  1	
143	384	765	  1	
144	208	765	  1	
144	335	765	  1	
144	339	765	  1	
145	215	765	  1	
147	 95	765	  1	
147	190	765	  1	
147	264	765	  1	
147	328	765	  1	
147	398	765	  1	
149	168	765	  1	
149	209	765	  1	
150	183	765	  1	
150	408	765	  1	
151	176	765	  1	
151	212	765	  1	
151	335	765	  1	
151	343	765	  1	
152	115	765	  1	
152	160	765	  1	
152	216	765	  1	
152	224	765	  1	
152	380	765	  1	
153	229	765	  1	
154	407	765	  1	
155	136	765	  1	
156	192	765	  1	
156	272	765	  1	
157	391	765	  1	
158	199	765	  1	
158	225	765	  1	
158	259	765	  1	
158	279	765	  1	
159	191	765	  1	
159	223	765	  1	
159	304	765	  1	
159	308	765	  1	
160	  3	765	  1	
160	 88	765	  1	
160	 95	765	  1	
160	211	765	  1	
160	232	765	  1	
160	246	765	  1	
160	312	765	  1	
160	344	765	  1	
160	351	765	  1	
162	216	765	  1	
162	239	765	  1	
165	383	765	  1	
166	218	765	  1	
166	373	765	  1	
167	 47	765	  1	
167	246	765	  1	
167	263	765	  1	
167	316	765	  1	
168	256	765	  1	
168	282	765	  1	
168	463	765	  1	
171	208	765	  1	
171	263	765	  1	
171	318	765	  1	
174	213	765	  1	
174	221	765	  1	
174	435	765	  1	
175	256	765	  1	
176	 53	765	  1	
176	157	765	  1	
176	165	765	  1	
176	194	765	  1	
176	199	765	  1	
176	244	765	  1	
176	289	765	  1	
179	263	765	  1	
180	185	765	  1	
180	211	765	  1	
181	160	765	  1	
181	199	765	  1	
182	237	765	  1	
183	 46	765	  1	
183	 84	765	  1	
183	256	765	  1	
184	 31	765	  1	
184	143	765	  1	
184	202	765	  1	
184	303	765	  1	
184	360	765	  1	
184	375	765	  1	
185	367	765	  1	
186	138	765	  1	
189	203	765	  1	
189	270	765	  1	
190	 73	765	  1	
190	492	765	  1	
191	288	765	  1	
192	 94	765	  1	
192	100	765	  1	
192	111	765	  1	
192	121	765	  1	
192	150	765	  1	
192	190	765	  1	
192	280	765	  1	
192	312	765	  1	
192	331	765	  1	
192	399	765	  1	
195	160	765	  1	
195	414	765	  1	
195	512	765	  1	
196	216	765	  1	
196	280	765	  1	
196	392	765	  1	
197	104	765	  1	
197	245	765	  1	
197	318	765	  1	
198	 98	765	  1	
198	187	765	  1	
198	223	765	  1	
199	 94	765	  1	
199	252	765	  1	
199	268	765	  1	
199	495	765	  1	
200	 21	765	  1	
200	109	765	  1	
200	118	765	  1	
200	127	765	  1	
200	152	765	  1	
200	175	765	  1	
200	311	765	  1	
200	320	765	  1	
200	438	765	  1	
201	295	765	  1	
202	272	765	  1	
202	362	765	  1	
203	104	765	  1	
203	168	765	  1	
203	304	765	  1	
203	367	765	  1	
204	109	765	  1	
204	288	765	  1	
204	528	765	  1	
205	200	765	  1	
205	207	765	  1	
205	232	765	  1	
206	 75	765	  1	
206	320	765	  1	
206	453	765	  1	
207	127	765	  1	
207	175	765	  1	
207	311	765	  1	
207	432	765	  1	
207	456	765	  1	
208	  2	765	  1	
208	 85	765	  1	
208	104	765	  1	
208	218	765	  1	
208	229	765	  1	
208	370	765	  1	
208	397	765	  1	
208	408	765	  1	
208	504	765	  1	
208	511	765	  1	
211	109	765	  1	
212	375	765	  1	
213	120	765	  1	
213	346	765	  1	
214	223	765	  1	
214	368	765	  1	
215	328	765	  1	
215	335	765	  1	
215	507	765	  1	
215	520	765	  1	
216	 79	765	  1	
216	 91	765	  1	
216	109	765	  1	
216	165	765	  1	
216	184	765	  1	
216	352	765	  1	
216	357	765	  1	
216	384	765	  1	
216	515	765	  1	
217	435	765	  1	
218	208	765	  1	
218	216	765	  1	
219	 72	765	  1	
219	 80	765	  1	
219	191	765	  1	
219	333	765	  1	
219	424	765	  1	
219	439	765	  1	
219	582	765	  1	
220	 94	765	  1	
221	119	765	  1	
221	400	765	  1	
221	407	765	  1	
222	342	765	  1	
222	448	765	  1	
223	 79	765	  1	
223	 87	765	  1	
223	102	765	  1	
223	184	765	  1	
223	488	765	  1	
224	 64	765	  1	
224	103	765	  1	
224	362	765	  1	
225	296	765	  1	
226	 56	765	  1	
226	370	765	  1	
226	568	765	  1	
227	 96	765	  1	
227	301	765	  1	
227	317	765	  1	
227	336	765	  1	
227	375	765	  1	
227	432	765	  1	
228	136	765	  1	
228	390	765	  1	
229	 75	765	  1	
229	 88	765	  1	
229	 99	765	  1	
230	287	765	  1	
230	384	765	  1	
230	555	765	  1	
231	 69	765	  1	
231	272	765	  1	
231	439	765	  1	
232	 82	765	  1	
232	107	765	  1	
232	155	765	  1	
232	176	765	  1	
232	183	765	  1	
232	205	765	  1	
232	215	765	  1	
232	224	765	  1	
232	233	765	  1	
232	279	765	  1	
232	296	765	  1	
232	306	765	  1	
232	356	765	  1	
232	392	765	  1	
232	399	765	  1	
232	440	765	  1	
232	488	765	  1	
234	 76	765	  1	
234	527	765	  1	
235	200	765	  1	
235	303	765	  1	
236	 64	765	  1	
236	179	765	  1	
237	 70	765	  1	
237	122	765	  1	
237	160	765	  1	
237	520	765	  1	
238	 80	765	  1	
238	111	765	  1	
238	136	765	  1	
238	144	765	  1	
238	263	765	  1	
238	421	765	  1	
239	 16	765	  1	
239	296	765	  1	
239	395	765	  1	
239	575	765	  1	
240	 54	765	  1	
240	 96	765	  1	
240	203	765	  1	
240	256	765	  1	
240	282	765	  1	
240	304	765	  1	
240	408	765	  1	
240	451	765	  1	
240	464	765	  1	
240	552	765	  1	
240	580	765	  1	
241	131	765	  1	
242	213	765	  1	
242	310	765	  1	
243	135	765	  1	
243	192	765	  1	
243	208	765	  1	
243	471	765	  1	
244	225	765	  1	
244	488	765	  1	
244	557	765	  1	
245	103	765	  1	
246	 52	765	  1	
246	 96	765	  1	
246	304	765	  1	
247	120	765	  1	
247	126	765	  1	
247	200	765	  1	
247	259	765	  1	
247	317	765	  1	
247	408	765	  1	
247	464	765	  1	
247	499	765	  1	
248	  4	765	  1	
248	 63	765	  1	
248	112	765	  1	
248	136	765	  1	
248	162	765	  1	
248	231	765	  1	
248	333	765	  1	
248	342	765	  1	
248	439	765	  1	
250	 57	765	  1	
251	432	765	  1	
252	219	765	  1	
252	412	765	  1	
252	486	765	  1	
253	 80	765	  1	
253	104	765	  1	
253	109	765	  1	
253	118	765	  1	
253	134	765	  1	
253	147	765	  1	
253	192	765	  1	
253	470	765	  1	
254	299	765	  1	
254	335	765	  1	
255	 63	765	  1	
255	152	765	  1	
255	226	765	  1	
255	304	765	  1	
255	319	765	  1	
255	342	765	  1	
255	439	765	  1	
256	 74	765	  1	
256	 79	765	  1	
256	 87	765	  1	
256	200	765	  1	
256	206	765	  1	
256	221	765	  1	
256	291	765	  1	
256	357	765	  1	
256	464	765	  1	
256	485	765	  1	
256	496	765	  1	
256	504	765	  1	
256	523	765	  1	
257	214	765	  1	
258	  0	765	  1	
258	276	765	  1	
259	 96	765	  1	
259	168	765	  1	
259	393	765	  1	
259	447	765	  1	
260	 48	765	  1	
261	144	765	  1	
261	427	765	  1	
261	510	765	  1	
261	520	765	  1	
262	 55	765	  1	
262	207	765	  1	
262	496	765	  1	
263	 87	765	  1	
263	135	765	  1	
263	288	765	  1	
263	295	765	  1	
263	397	765	  1	
263	407	765	  1	
264	 56	765	  1	
264	119	765	  1	
264	138	765	  1	
264	156	765	  1	
264	168	765	  1	
264	181	765	  1	
264	367	765	  1	
264	505	765	  1	
266	151	765	  1	
266	174	765	  1	
266	408	765	  1	
266	440	765	  1	
267	 46	765	  1	
267	 72	765	  1	
267	 94	765	  1	
267	294	765	  1	
267	312	765	  1	
267	360	765	  1	
267	391	765	  1	
269	215	765	  1	
269	424	765	  1	
269	511	765	  1	
270	168	765	  1	
270	182	765	  1	
270	288	765	  1	
270	309	765	  1	
270	318	765	  1	
270	384	765	  1	
270	445	765	  1	
271	 56	765	  1	
271	118	765	  1	
271	206	765	  1	
271	367	765	  1	
271	415	765	  1	
271	499	765	  1	
271	556	765	  1	
272	 16	765	  1	
272	 71	765	  1	
272	136	765	  1	
272	200	765	  1	
272	328	765	  1	
272	376	765	  1	
272	461	765	  1	
272	469	765	  1	
272	484	765	  1	
272	533	765	  1	
273	207	765	  1	
273	400	765	  1	
274	263	765	  1	
274	456	765	  1	
274	522	765	  1	
275	 80	765	  1	
275	149	765	  1	
275	288	765	  1	
275	343	765	  1	
275	383	765	  1	
275	432	765	  1	
277	174	765	  1	
277	464	765	  1	
277	478	765	  1	
278	 64	765	  1	
278	159	765	  1	
278	415	765	  1	
279	 23	765	  1	
279	136	765	  1	
279	200	765	  1	
279	328	765	  1	
279	376	765	  1	
280	 75	765	  1	
280	 85	765	  1	
280	 91	765	  1	
280	104	765	  1	
280	120	765	  1	
280	191	765	  1	
280	216	765	  1	
280	266	765	  1	
280	272	765	  1	
280	282	765	  1	
280	352	765	  1	
280	368	765	  1	
280	384	765	  1	
280	423	765	  1	
280	560	765	  1	
282	 16	765	  1	
282	264	765	  1	
282	389	765	  1	
283	408	765	  1	
284	287	765	  1	
285	 23	765	  1	
285	168	765	  1	
285	199	765	  1	
286	188	765	  1	
286	254	765	  1	
286	352	765	  1	
286	531	765	  1	
287	154	765	  1	
287	182	765	  1	
288	 56	765	  1	
288	 88	765	  1	
288	 95	765	  1	
288	103	765	  1	
288	162	765	  1	
288	224	765	  1	
288	237	765	  1	
288	285	765	  1	
288	296	765	  1	
288	302	765	  1	
288	312	765	  1	
288	336	765	  1	
288	340	765	  1	
288	344	765	  1	
288	425	765	  1	
288	597	765	  1	
290	 45	765	  1	
290	119	765	  1	
290	350	765	  1	
291	 40	765	  1	
291	 63	765	  1	
291	 96	765	  1	
291	147	765	  1	
291	158	765	  1	
291	167	765	  1	
291	232	765	  1	
291	291	765	  1	
291	326	765	  1	
291	451	765	  1	
291	510	765	  1	
292	251	765	  1	
293	 60	765	  1	
293	128	765	  1	
293	338	765	  1	
293	343	765	  1	
294	 95	765	  1	
294	137	765	  1	
294	592	765	  1	
295	103	765	  1	
295	312	765	  1	
296	 56	765	  1	
296	 78	765	  1	
296	184	765	  1	
296	232	765	  1	
296	288	765	  1	
296	302	765	  1	
296	340	765	  1	
296	352	765	  1	
296	461	765	  1	
296	488	765	  1	
296	528	765	  1	
296	570	765	  1	
297	118	765	  1	
297	200	765	  1	
297	539	765	  1	
299	 15	765	  1	
299	 63	765	  1	
299	239	765	  1	
299	543	765	  1	
301	104	765	  1	
301	190	765	  1	
301	343	765	  1	
301	350	765	  1	
302	 29	765	  1	
303	 56	765	  1	
303	143	765	  1	
303	152	765	  1	
303	232	765	  1	
303	461	765	  1	
304	 80	765	  1	
304	120	765	  1	
304	127	765	  1	
304	144	765	  1	
304	224	765	  1	
304	292	765	  1	
304	312	765	  1	
304	423	765	  1	
304	598	765	  1	
306	317	765	  1	
306	358	765	  1	
306	592	765	  1	
307	 96	765	  1	
307	376	765	  1	
307	383	765	  1	
308	418	765	  1	
309	160	765	  1	
309	255	765	  1	
310	101	765	  1	
310	312	765	  1	
310	352	765	  1	
310	379	765	  1	
311	120	765	  1	
311	127	765	  1	
311	224	765	  1	
311	596	765	  1	
312	 14	765	  1	
312	 39	765	  1	
312	 51	765	  1	
312	 72	765	  1	
312	114	765	  1	
312	119	765	  1	
312	139	765	  1	
312	152	765	  1	
312	158	765	  1	
312	207	765	  1	
312	307	765	  1	
312	368	765	  1	
312	474	765	  1	
312	522	765	  1	
312	576	765	  1	
314	  8	765	  1	
314	147	765	  1	
315	 32	765	  1	
315	 64	765	  1	
315	104	765	  1	
315	200	765	  1	
315	375	765	  1	
316	296	765	  1	
317	155	765	  1	
317	402	765	  1	
317	592	765	  1	
318	 14	765	  1	
318	303	765	  1	
319	 39	765	  1	
319	 48	765	  1	
319	 55	765	  1	
319	207	765	  1	
319	368	765	  1	
319	416	765	  1	
319	544	765	  1	
320	  0	765	  1	
320	 16	765	  1	
320	 20	765	  1	
320	 47	765	  1	
320	 79	765	  1	
320	 97	765	  1	
320	102	765	  1	
320	126	765	  1	
320	133	765	  1	
320	171	765	  1	
320	195	765	  1	
320	279	765	  1	
320	290	765	  1	
320	320	765	  1	
320	339	765	  1	
320	383	765	  1	
322	273	765	  1	
323	 72	765	  1	
323	344	765	  1	
323	376	765	  1	
324	479	765	  1	
325	 86	765	  1	
325	123	765	  1	
325	280	765	  1	
325	287	765	  1	
325	295	765	  1	
326	  7	765	  1	
326	 31	765	  1	
326	 44	765	  1	
326	116	765	  1	
326	152	765	  1	
326	464	765	  1	
326	471	765	  1	
326	482	765	  1	
327	 79	765	  1	
327	168	765	  1	
327	175	765	  1	
327	192	765	  1	
327	199	765	  1	
327	320	765	  1	
327	336	765	  1	
327	383	765	  1	
328	  8	765	  1	
328	108	765	  1	
328	136	765	  1	
328	200	765	  1	
328	205	765	  1	
328	213	765	  1	
328	256	765	  1	
328	268	765	  1	
328	299	765	  1	
328	310	765	  1	
328	335	765	  1	
328	450	765	  1	
328	491	765	  1	
328	528	765	  1	
330	 55	765	  1	
330	208	765	  1	
331	 15	765	  1	
331	104	765	  1	
331	112	765	  1	
331	264	765	  1	
331	328	765	  1	
331	383	765	  1	
333	  0	765	  1	
333	139	765	  1	
333	171	765	  1	
333	216	765	  1	
333	280	765	  1	
333	456	765	  1	
333	461	765	  1	
334	 45	765	  1	
334	375	765	  1	
334	471	765	  1	
334	586	765	  1	
335	335	765	  1	
335	415	765	  1	
336	 10	765	  1	
336	 15	765	  1	
336	 21	765	  1	
336	 69	765	  1	
336	152	765	  1	
336	208	765	  1	
336	240	765	  1	
336	248	765	  1	
336	255	765	  1	
336	296	765	  1	
336	373	765	  1	
336	573	765	  1	
337	147	765	  1	
339	 79	765	  1	
339	159	765	  1	
339	560	765	  1	
340	191	765	  1	
340	211	765	  1	
341	 43	765	  1	
341	 64	765	  1	
341	264	765	  1	
342	 16	765	  1	
342	247	765	  1	
342	375	765	  1	
343	 96	765	  1	
343	152	765	  1	
343	251	765	  1	
344	 39	765	  1	
344	 94	765	  1	
344	110	765	  1	
344	128	765	  1	
344	141	765	  1	
344	221	765	  1	
344	262	765	  1	
344	270	765	  1	
344	288	765	  1	
344	295	765	  1	
344	395	765	  1	
344	416	765	  1	
344	458	765	  1	
344	463	765	  1	
344	490	765	  1	
344	566	765	  1	
344	583	765	  1	
346	 88	765	  1	
346	123	765	  1	
346	136	765	  1	
346	184	765	  1	
347	 32	765	  1	
347	112	765	  1	
347	230	765	  1	
348	392	765	  1	
348	399	765	  1	
348	483	765	  1	
349	 96	765	  1	
349	191	765	  1	
349	216	765	  1	
349	490	765	  1	
350	142	765	  1	
350	376	765	  1	
350	383	765	  1	
350	419	765	  1	
351	 39	765	  1	
351	126	765	  1	
351	291	765	  1	
351	566	765	  1	
351	576	765	  1	
352	  0	765	  1	
352	 21	765	  1	
352	 67	765	  1	
352	155	765	  1	
352	192	765	  1	
352	234	765	  1	
352	256	765	  1	
352	286	765	  1	
352	298	765	  1	
352	303	765	  1	
352	309	765	  1	
352	336	765	  1	
352	350	765	  1	
352	368	765	  1	
352	435	765	  1	
352	471	765	  1	
353	120	765	  1	
354	240	765	  1	
354	396	765	  1	
355	131	765	  1	
355	184	765	  1	
355	464	765	  1	
355	531	765	  1	
356	 16	765	  1	
356	127	765	  1	
356	252	765	  1	
357	102	765	  1	
357	350	765	  1	
357	376	765	  1	
359	115	765	  1	
359	152	765	  1	
359	159	765	  1	
359	276	765	  1	
359	335	765	  1	
359	471	765	  1	
360	 50	765	  1	
360	 56	765	  1	
360	181	765	  1	
360	184	765	  1	
360	256	765	  1	
360	270	765	  1	
360	272	765	  1	
360	287	765	  1	
360	336	765	  1	
360	400	765	  1	
362	 27	765	  1	
362	103	765	  1	
362	278	765	  1	
363	 63	765	  1	
363	 85	765	  1	
363	351	765	  1	
364	256	765	  1	
364	583	765	  1	
365	176	765	  1	
365	406	765	  1	
366	  8	765	  1	
366	188	765	  1	
366	271	765	  1	
367	 56	765	  1	
367	120	765	  1	
367	287	765	  1	
368	 15	765	  1	
368	 48	765	  1	
368	101	765	  1	
368	112	765	  1	
368	373	765	  1	
368	387	765	  1	
369	 68	765	  1	
369	529	765	  1	
371	288	765	  1	
371	424	765	  1	
372	 76	765	  1	
372	330	765	  1	
373	 64	765	  1	
373	176	765	  1	
373	351	765	  1	
374	499	765	  1	
375	 48	765	  1	
375	 68	765	  1	
375	387	765	  1	
375	430	765	  1	
375	472	765	  1	
376	 24	765	  1	
376	 71	765	  1	
376	134	765	  1	
376	196	765	  1	
376	207	765	  1	
376	304	765	  1	
376	401	765	  1	
378	311	765	  1	
379	 32	765	  1	
379	 37	765	  1	
379	 88	765	  1	
379	373	765	  1	
379	464	765	  1	
381	 56	765	  1	
381	390	765	  1	
383	 80	765	  1	
383	128	765	  1	
383	306	765	  1	
383	320	765	  1	
383	327	765	  1	
384	 20	765	  1	
384	 46	765	  1	
384	 68	765	  1	
384	 83	765	  1	
384	143	765	  1	
384	149	765	  1	
384	196	765	  1	
384	395	765	  1	
384	503	765	  1	
384	508	765	  1	
385	247	765	  1	
386	 40	765	  1	
386	 96	765	  1	
386	165	765	  1	
387	136	765	  1	
387	192	765	  1	
387	358	765	  1	
390	407	765	  1	
391	 44	765	  1	
391	143	765	  1	
391	392	765	  1	
391	399	765	  1	
392	  0	765	  1	
392	 16	765	  1	
392	 46	765	  1	
392	104	765	  1	
392	120	765	  1	
392	191	765	  1	
392	216	765	  1	
394	 63	765	  1	
394	152	765	  1	
394	159	765	  1	
394	222	765	  1	
395	 80	765	  1	
396	186	765	  1	
397	 19	765	  1	
397	 24	765	  1	
397	424	765	  1	
397	500	765	  1	
398	 43	765	  1	
398	124	765	  1	
398	216	765	  1	
400	  2	765	  1	
400	 11	765	  1	
400	 35	765	  1	
400	139	765	  1	
400	143	765	  1	
400	154	765	  1	
400	210	765	  1	
400	551	765	  1	
402	418	765	  1	
402	450	765	  1	
403	 64	765	  1	
403	120	765	  1	
403	167	765	  1	
403	383	765	  1	
403	543	765	  1	
405	160	765	  1	
405	211	765	  1	
405	224	765	  1	
406	 97	765	  1	
406	133	765	  1	
406	141	765	  1	
407	  3	765	  1	
407	 15	765	  1	
408	 44	765	  1	
408	181	765	  1	
408	190	765	  1	
408	248	765	  1	
408	341	765	  1	
408	599	765	  1	
410	123	765	  1	
411	 56	765	  1	
411	 91	765	  1	
413	134	765	  1	
414	 96	765	  1	
414	101	765	  1	
414	130	765	  1	
414	191	765	  1	
414	336	765	  1	
415	248	765	  1	
416	 56	765	  1	
416	 64	765	  1	
416	132	765	  1	
416	176	765	  1	
416	250	765	  1	
416	328	765	  1	
416	346	765	  1	
417	 48	765	  1	
418	 70	765	  1	
418	 91	765	  1	
419	 55	765	  1	
419	 96	765	  1	
419	168	765	  1	
419	335	765	  1	
420	299	765	  1	
421	 34	765	  1	
421	 62	765	  1	
421	 80	765	  1	
421	140	765	  1	
421	327	765	  1	
422	 55	765	  1	
422	158	765	  1	
422	208	765	  1	
422	215	765	  1	
423	120	765	  1	
423	179	765	  1	
423	512	765	  1	
424	 72	765	  1	
424	 83	765	  1	
424	 99	765	  1	
424	109	765	  1	
424	189	765	  1	
424	216	765	  1	
424	224	765	  1	
424	229	765	  1	
424	343	765	  1	
424	358	765	  1	
424	368	765	  1	
424	381	765	  1	
424	592	765	  1	
426	134	765	  1	
426	239	765	  1	
427	 16	765	  1	
427	 48	765	  1	
427	142	765	  1	
427	351	765	  1	
427	471	765	  1	
428	 64	765	  1	
429	256	765	  1	
430	 71	765	  1	
430	102	765	  1	
430	135	765	  1	
431	 55	765	  1	
431	 87	765	  1	
431	331	765	  1	
431	344	765	  1	
431	551	765	  1	
432	 43	765	  1	
432	146	765	  1	
432	155	765	  1	
432	175	765	  1	
432	183	765	  1	
432	191	765	  1	
432	238	765	  1	
432	599	765	  1	
433	 80	765	  1	
435	126	765	  1	
436	123	765	  1	
437	 40	765	  1	
437	264	765	  1	
437	271	765	  1	
438	252	765	  1	
439	  5	765	  1	
439	175	765	  1	
439	307	765	  1	
440	 77	765	  1	
440	103	765	  1	
440	136	765	  1	
442	 72	765	  1	
442	187	765	  1	
442	201	765	  1	
444	 88	765	  1	
445	 80	765	  1	
445	112	765	  1	
445	136	765	  1	
445	303	765	  1	
446	237	765	  1	
447	 19	765	  1	
447	270	765	  1	
448	  2	765	  1	
448	  7	765	  1	
448	 67	765	  1	
448	107	765	  1	
448	144	765	  1	
448	152	765	  1	
448	156	765	  1	
448	176	765	  1	
448	203	765	  1	
448	218	765	  1	
448	223	765	  1	
448	231	765	  1	
448	250	765	  1	
448	360	765	  1	
449	 92	765	  1	
450	 37	765	  1	
450	451	765	  1	
451	120	765	  1	
451	183	765	  1	
451	367	765	  1	
452	103	765	  1	
453	136	765	  1	
454	176	765	  1	
454	256	765	  1	
455	 37	765	  1	
455	 46	765	  1	
455	 99	765	  1	
455	200	765	  1	
455	207	765	  1	
455	227	765	  1	
455	360	765	  1	
455	584	765	  1	
456	 61	765	  1	
456	 72	765	  1	
456	 79	765	  1	
456	104	765	  1	
456	111	765	  1	
456	165	765	  1	
456	187	765	  1	
456	215	765	  1	
456	239	765	  1	
456	264	765	  1	
456	268	765	  1	
456	334	765	  1	
456	523	765	  1	
458	 56	765	  1	
458	200	765	  1	
458	255	765	  1	
459	179	765	  1	
459	208	765	  1	
460	167	765	  1	
460	221	765	  1	
460	232	765	  1	
462	 62	765	  1	
462	144	765	  1	
462	216	765	  1	
463	 19	765	  1	
463	 48	765	  1	
463	 75	765	  1	
463	 88	765	  1	
463	248	765	  1	
464	 56	765	  1	
464	 68	765	  1	
464	 96	765	  1	
464	103	765	  1	
464	107	765	  1	
464	552	765	  1	
465	215	765	  1	
466	160	765	  1	
467	 40	765	  1	
467	176	765	  1	
467	192	765	  1	
468	 64	765	  1	
469	123	765	  1	
469	231	765	  1	
469	240	765	  1	
469	264	765	  1	
470	 71	765	  1	
470	 91	765	  1	
470	296	765	  1	
471	166	765	  1	
471	216	765	  1	
472	  0	765	  1	
472	 19	765	  1	
472	 48	765	  1	
472	 72	765	  1	
472	131	765	  1	
472	151	765	  1	
472	157	765	  1	
472	176	765	  1	
472	195	765	  1	
472	204	765	  1	
472	252	765	  1	
472	272	765	  1	
472	307	765	  1	
472	448	765	  1	
475	 13	765	  1	
475	 94	765	  1	
475	104	765	  1	
475	144	765	  1	
475	190	765	  1	
475	230	765	  1	
476	 76	765	  1	
477	 61	765	  1	
477	134	765	  1	
477	304	765	  1	
477	518	765	  1	
478	 88	765	  1	
478	463	765	  1	
479	 16	765	  1	
479	 23	765	  1	
479	 51	765	  1	
479	216	765	  1	
479	448	765	  1	
479	472	765	  1	
480	 24	765	  1	
480	 47	765	  1	
480	 55	765	  1	
480	 82	765	  1	
480	 94	765	  1	
480	113	765	  1	
480	144	765	  1	
480	162	765	  1	
480	167	765	  1	
480	176	765	  1	
480	192	765	  1	
480	198	765	  1	
480	301	765	  1	
480	328	765	  1	
480	335	765	  1	
481	120	765	  1	
481	189	765	  1	
482	 28	765	  1	
482	150	765	  1	
483	 16	765	  1	
483	 32	765	  1	
485	 91	765	  1	
485	136	765	  1	
485	195	765	  1	
485	232	765	  1	
486	 22	765	  1	
486	144	765	  1	
486	298	765	  1	
487	288	765	  1	
487	331	765	  1	
488	 32	765	  1	
488	 36	765	  1	
488	 55	765	  1	
488	142	765	  1	
488	204	765	  1	
488	305	765	  1	
488	363	765	  1	
491	 49	765	  1	
491	 55	765	  1	
491	179	765	  1	
491	272	765	  1	
491	371	765	  1	
493	139	765	  1	
493	200	765	  1	
493	243	765	  1	
493	328	765	  1	
494	 28	765	  1	
494	311	765	  1	
495	192	765	  1	
495	360	765	  1	
495	367	765	  1	
496	  8	765	  1	
496	 66	765	  1	
496	 88	765	  1	
496	136	765	  1	
496	152	765	  1	
496	168	765	  1	
496	172	765	  1	
496	216	765	  1	
496	232	765	  1	
496	248	765	  1	
496	312	765	  1	
496	334	765	  1	
497	272	765	  1	
497	277	765	  1	
498	120	765	  1	
498	214	765	  1	
499	104	765	  1	
499	112	765	  1	
499	387	765	  1	
501	 38	765	  1	
501	 64	765	  1	
501	 71	765	  1	
502	328	765	  1	
502	384	765	  1	
502	391	765	  1	
503	 44	765	  1	
503	119	765	  1	
503	152	765	  1	
503	214	765	  1	
504	 24	765	  1	
504	 27	765	  1	
504	 31	765	  1	
504	 99	765	  1	
504	125	765	  1	
504	128	765	  1	
504	160	765	  1	
504	176	765	  1	
504	227	765	  1	
504	256	765	  1	
504	275	765	  1	
504	520	765	  1	
505	263	765	  1	
507	272	765	  1	
507	302	765	  1	
507	391	765	  1	
509	144	765	  1	
509	206	765	  1	
509	215	765	  1	
510	296	765	  1	
510	311	765	  1	
511	 40	765	  1	
511	120	765	  1	
511	135	765	  1	
511	351	765	  1	
512	  0	765	  1	
512	 48	765	  1	
512	 55	765	  1	
512	 85	765	  1	
512	 96	765	  1	
512	103	765	  1	
512	112	765	  1	
512	136	765	  1	
512	166	765	  1	
512	174	765	  1	
512	197	765	  1	
512	223	765	  1	
512	237	765	  1	
512	276	765	  1	
512	337	765	  1	
514	232	765	  1	
515	 99	765	  1	
515	143	765	  1	
515	272	765	  1	
517	163	765	  1	
517	171	765	  1	
518	112	765	  1	
518	212	765	  1	
518	238	765	  1	
518	399	765	  1	
519	 51	765	  1	
519	 96	765	  1	
519	103	765	  1	
519	136	765	  1	
519	279	765	  1	
519	296	765	  1	
520	 72	765	  1	
520	118	765	  1	
520	126	765	  1	
520	219	765	  1	
520	288	765	  1	
520	355	765	  1	
521	544	765	  1	
522	142	765	  1	
523	168	765	  1	
523	264	765	  1	
525	199	765	  1	
525	248	765	  1	
526	136	765	  1	
526	292	765	  1	
527	112	765	  1	
527	223	765	  1	
528	  2	765	  1	
528	 66	765	  1	
528	 80	765	  1	
528	213	765	  1	
528	379	765	  1	
528	464	765	  1	
531	 87	765	  1	
531	120	765	  1	
532	111	765	  1	
533	114	765	  1	
533	119	765	  1	
533	128	765	  1	
533	208	765	  1	
533	224	765	  1	
535	 80	765	  1	
535	376	765	  1	
535	383	765	  1	
536	  0	765	  1	
536	  8	765	  1	
536	 15	765	  1	
536	 84	765	  1	
536	 94	765	  1	
536	104	765	  1	
536	136	765	  1	
536	143	765	  1	
536	176	765	  1	
536	180	765	  1	
536	184	765	  1	
536	200	765	  1	
536	248	765	  1	
536	255	765	  1	
536	272	765	  1	
538	 88	765	  1	
538	279	765	  1	
538	341	765	  1	
539	120	765	  1	
539	150	765	  1	
539	160	765	  1	
539	294	765	  1	
539	368	765	  1	
540	 64	765	  1	
541	  6	765	  1	
541	110	765	  1	
541	232	765	  1	
542	 24	765	  1	
542	272	765	  1	
542	288	765	  1	
543	 11	765	  1	
543	251	765	  1	
544	  8	765	  1	
544	 87	765	  1	
544	120	765	  1	
544	126	765	  1	
544	197	765	  1	
544	206	765	  1	
544	241	765	  1	
544	361	765	  1	
544	373	765	  1	
544	378	765	  1	
544	386	765	  1	
545	138	765	  1	
546	300	765	  1	
546	368	765	  1	
547	112	765	  1	
547	408	765	  1	
547	415	765	  1	
549	120	765	  1	
549	127	765	  1	
549	152	765	  1	
549	192	765	  1	
549	203	765	  1	
550	339	765	  1	
550	374	765	  1	
551	  8	765	  1	
551	208	765	  1	
551	301	765	  1	
552	104	765	  1	
552	114	765	  1	
552	168	765	  1	
552	174	765	  1	
552	191	765	  1	
552	224	765	  1	
552	237	765	  1	
552	264	765	  1	
552	269	765	  1	
552	274	765	  1	
552	344	765	  1	
552	416	765	  1	
554	120	765	  1	
554	185	765	  1	
554	287	765	  1	
555	128	765	  1	
557	  0	765	  1	
557	112	765	  1	
557	171	765	  1	
557	232	765	  1	
557	240	765	  1	
558	126	765	  1	
558	386	765	  1	
560	 24	765	  1	
560	 87	765	  1	
560	192	765	  1	
560	208	765	  1	
560	278	765	  1	
560	309	765	  1	
560	313	765	  1	
560	345	765	  1	
560	376	765	  1	
560	405	765	  1	
562	264	765	  1	
562	296	765	  1	
562	351	765	  1	
563	109	765	  1	
563	248	765	  1	
563	287	765	  1	
563	424	765	  1	
565	160	765	  1	
565	301	765	  1	
566	346	765	  1	
566	379	765	  1	
567	280	765	  1	
567	310	765	  1	
568	 96	765	  1	
568	118	765	  1	
568	171	765	  1	
568	179	765	  1	
568	216	765	  1	
568	222	765	  1	
568	253	765	  1	
568	316	765	  1	
568	328	765	  1	
568	357	765	  1	
568	415	765	  1	
569	 75	765	  1	
569	200	765	  1	
570	248	765	  1	
570	312	765	  1	
571	144	765	  1	
572	376	765	  1	
573	219	765	  1	
573	316	765	  1	
573	334	765	  1	
574	107	765	  1	
574	176	765	  1	
574	183	765	  1	
574	254	765	  1	
574	303	765	  1	
574	308	765	  1	
574	342	765	  1	
574	383	765	  1	
575	 78	765	  1	
576	131	765	  1	
576	144	765	  1	
576	160	765	  1	
576	167	765	  1	
576	211	765	  1	
576	237	765	  1	
576	261	765	  1	
576	277	765	  1	
576	312	765	  1	
576	326	765	  1	
576	352	765	  1	
576	395	765	  1	
578	272	765	  1	
579	192	765	  1	
582	278	765	  1	
583	128	765	  1	
583	135	765	  1	
583	296	765	  1	
584	 80	765	  1	
584	136	765	  1	
584	176	765	  1	
584	265	765	  1	
584	371	765	  1	
586	 86	765	  1	
588	 15	765	  1	
588	 80	765	  1	
588	100	765	  1	
589	111	765	  1	
589	247	765	  1	
589	274	765	  1	
589	296	765	  1	
589	312	765	  1	
589	368	765	  1	
591	176	765	  1	
591	475	765	  1	
592	  0	765	  1	
592	 16	765	  1	
592	 63	765	  1	
592	211	765	  1	
592	240	765	  1	
592	320	765	  1	
592	353	765	  1	
592	403	765	  1	
594	 96	765	  1	
594	375	765	  1	
595	 23	765	  1	
596	  6	765	  1	
596	 92	765	  1	
597	101	765	  1	
597	327	765	  1	
598	370	765	  1	
599	 16	765	  1	
599	 96	765	  1	
599	104	765	  1	
599	117	765	  1	
599	208	765	  1	
599	215	765	  1	
599	240	765	  1	
599	400	765	  1	
600	205	765	  1	
600	304	765	  1	
600	376	765	  1	
600	382	765	  1	
603	200	765	  1	
603	239	765	  1	
603	256	765	  1	
604	512	765	  1	
605	222	765	  1	
606	  0	765	  1	
606	 91	765	  1	
606	205	765	  1	
606	332	765	  1	
606	476	765	  1	
607	 22	765	  1	
607	246	765	  1	
608	 60	765	  1	
608	104	765	  1	
608	107	765	  1	
608	132	765	  1	
608	208	765	  1	
608	272	765	  1	
608	278	765	  1	
608	316	765	  1	
608	328	765	  1	
608	367	765	  1	
610	229	765	  1	
611	167	765	  1	
611	360	765	  1	
612	 16	765	  1	
612	314	765	  1	
613	111	765	  1	
614	328	765	  1	
615	 71	765	  1	
615	104	765	  1	
615	118	765	  1	
615	229	765	  1	
615	367	765	  1	
616	 74	765	  1	
616	 88	765	  1	
616	 96	765	  1	
616	123	765	  1	
616	131	765	  1	
616	257	765	  1	
616	275	765	  1	
616	308	765	  1	
616	416	765	  1	
617	296	765	  1	
618	328	765	  1	
619	 16	765	  1	
619	199	765	  1	
621	127	765	  1	
621	267	765	  1	
621	311	765	  1	
622	100	765	  1	
622	258	765	  1	
622	279	765	  1	
622	333	765	  1	
623	135	765	  1	
623	213	765	  1	
624	  0	765	  1	
624	  8	765	  1	
624	120	765	  1	
624	124	765	  1	
624	252	765	  1	
624	430	765	  1	
626	 30	765	  1	
627	307	765	  1	
628	296	765	  1	
629	 71	765	  1	
629	221	765	  1	
629	247	765	  1	
630	279	765	  1	
630	303	765	  1	
631	456	765	  1	
632	155	765	  1	
632	376	765	  1	
632	382	765	  1	
632	396	765	  1	
635	183	765	  1	
637	 64	765	  1	
638	 35	765	  1	
638	400	765	  1	
639	280	765	  1	
640	 56	765	  1	
640	 79	765	  1	
640	119	765	  1	
640	265	765	  1	
640	295	765	  1	
640	552	765	  1	
646	224	765	  1	
647	 59	765	  1	
647	116	765	  1	
647	272	765	  1	
647	280	765	  1	
647	399	765	  1	
648	237	765	  1	
648	312	765	  1	
648	316	765	  1	
649	152	765	  1	
649	157	765	  1	
651	469	765	  1	
657	316	765	  1	
660	295	765	  1	
660	526	765	  1	
664	495	765	  1	
667	141	765	  1	
672	367	765	  1	
672	552	765	  1	
678	535	765	  1	
680	384	765	  1	
687	391	765	  1	
690	111	765	  1	
691	570	765	  1	
696	 47	765	  1	
696	256	765	  1	
704	120	765	  1	
710	232	765	  1	
710	383	765	  1	
715	273	765	  1	
723	167	765	  1	
738	229	765	  1	
740	295	765	  1	
754	 24	765	  1	
