# 
#  Image file: Goad2_T0033.jpg
#  Applied threshold: 575
#  Algorithm used: fill2                 
#  Particle count: 1937
#  Location (x,y), max luminance, and mass:
# 
  0	403	765	  1	
  0	444	765	  1	
  4	247	765	  1	
  4	392	765	  1	
 11	101	765	  1	
 16	415	765	  1	
 19	215	765	  1	
 19	486	765	  1	
 21	300	765	  1	
 24	258	765	  1	
 24	540	765	  1	
 31	472	765	  1	
 34	253	765	  1	
 39	248	765	  1	
 39	387	765	  1	
 40	236	765	  1	
 40	275	765	  1	
 40	292	765	  1	
 43	173	765	  1	
 43	508	765	  1	
 47	 35	765	  1	
 48	135	765	  1	
 54	263	765	  1	
 55	 15	765	  1	
 56	245	765	  1	
 63	224	765	  1	
 64	168	765	  1	
 64	378	765	  1	
 65	102	765	  1	
 68	266	765	  1	
 68	399	765	  1	
 69	109	765	  1	
 70	  2	765	  1	
 71	 15	765	  1	
 71	111	765	  1	
 72	303	765	  1	
 75	351	765	  1	
 80	408	765	  1	
 83	144	765	  1	
 87	 63	765	  1	
 87	194	765	  1	
 88	147	765	  1	
 88	253	765	  1	
102	135	765	  1	
102	267	765	  1	
103	262	765	  1	
104	224	765	  1	
105	152	765	  1	
105	267	765	  1	
105	409	765	  1	
106	256	765	  1	
107	328	765	  1	
109	466	765	  1	
109	528	765	  1	
110	 44	765	  1	
111	159	765	  1	
111	182	765	  1	
111	224	765	  1	
111	474	765	  1	
112	119	765	  1	
112	192	765	  1	
112	199	765	  1	
112	248	765	  1	
112	255	765	  1	
112	271	765	  1	
112	275	765	  1	
112	284	765	  1	
112	315	765	  1	
114	378	765	  1	
115	112	765	  1	
115	208	765	  1	
117	320	765	  1	
118	280	765	  1	
118	312	765	  1	
118	402	765	  1	
118	549	765	  1	
119	119	765	  1	
119	195	765	  1	
119	251	765	  1	
119	271	765	  1	
120	 53	765	  1	
120	 69	765	  1	
120	 99	765	  1	
120	175	765	  1	
120	185	765	  1	
120	191	765	  1	
120	215	765	  1	
120	287	765	  1	
120	598	765	  1	
123	168	765	  1	
123	317	765	  1	
125	 13	765	  1	
125	197	765	  1	
126	 54	765	  1	
126	257	765	  1	
127	 76	765	  1	
127	 96	765	  1	
127	103	765	  1	
127	175	765	  1	
127	191	765	  1	
127	271	765	  1	
127	312	765	  1	
127	380	765	  1	
128	144	765	  1	
128	151	765	  1	
128	278	765	  1	
128	328	765	  1	
128	390	765	  1	
130	283	765	  1	
131	391	765	  1	
133	333	765	  1	
134	 99	765	  1	
135	 67	765	  1	
135	147	765	  1	
135	248	765	  1	
136	126	765	  1	
136	142	765	  1	
136	156	765	  1	
136	176	765	  1	
136	183	765	  1	
137	277	765	  1	
139	218	765	  1	
139	224	765	  1	
139	231	765	  1	
140	256	765	  1	
141	247	765	  1	
141	284	765	  1	
141	296	765	  1	
142	152	765	  1	
142	263	765	  1	
143	142	765	  1	
143	176	765	  1	
143	183	765	  1	
143	353	765	  1	
144	  8	765	  1	
144	174	765	  1	
144	251	765	  1	
144	267	765	  1	
144	403	765	  1	
146	152	765	  1	
146	294	765	  1	
147	160	765	  1	
147	167	765	  1	
147	170	765	  1	
148	110	765	  1	
148	222	765	  1	
149	 90	765	  1	
149	143	765	  1	
150	104	765	  1	
150	216	765	  1	
151	128	765	  1	
151	199	765	  1	
151	248	765	  1	
151	255	765	  1	
151	264	765	  1	
151	271	765	  1	
151	294	765	  1	
151	400	765	  1	
151	407	765	  1	
152	103	765	  1	
152	147	765	  1	
152	215	765	  1	
152	219	765	  1	
152	240	765	  1	
152	351	765	  1	
155	328	765	  1	
156	152	765	  1	
156	215	765	  1	
157	160	765	  1	
159	 88	765	  1	
159	147	765	  1	
159	198	765	  1	
159	216	765	  1	
159	223	765	  1	
160	 64	765	  1	
160	128	765	  1	
160	139	765	  1	
160	144	765	  1	
160	226	765	  1	
160	272	765	  1	
160	282	765	  1	
160	333	765	  1	
160	504	765	  1	
162	 70	765	  1	
162	 88	765	  1	
164	152	765	  1	
164	328	765	  1	
164	392	765	  1	
165	112	765	  1	
165	287	765	  1	
165	510	765	  1	
166	 64	765	  1	
166	399	765	  1	
167	 30	765	  1	
167	 80	765	  1	
167	 88	765	  1	
167	136	765	  1	
167	143	765	  1	
167	183	765	  1	
168	 32	765	  1	
168	 76	765	  1	
168	 89	765	  1	
168	123	765	  1	
168	128	765	  1	
168	166	765	  1	
168	184	765	  1	
168	210	765	  1	
168	223	765	  1	
168	267	765	  1	
168	288	765	  1	
168	294	765	  1	
168	443	765	  1	
168	488	765	  1	
168	533	765	  1	
169	154	765	  1	
170	149	765	  1	
171	191	765	  1	
171	216	765	  1	
172	275	765	  1	
173	 79	765	  1	
173	134	765	  1	
173	159	765	  1	
174	 88	765	  1	
175	165	765	  1	
175	210	765	  1	
175	224	765	  1	
175	267	765	  1	
176	 99	765	  1	
176	120	765	  1	
176	144	765	  1	
176	195	765	  1	
176	256	765	  1	
176	384	765	  1	
178	197	765	  1	
178	376	765	  1	
179	157	765	  1	
179	263	765	  1	
179	503	765	  1	
180	188	765	  1	
181	 80	765	  1	
181	126	765	  1	
181	149	765	  1	
181	152	765	  1	
182	 48	765	  1	
183	232	765	  1	
183	256	765	  1	
184	103	765	  1	
184	136	765	  1	
184	142	765	  1	
184	245	765	  1	
184	307	765	  1	
184	384	765	  1	
185	393	765	  1	
186	 16	765	  1	
187	 96	765	  1	
187	192	765	  1	
187	355	765	  1	
188	239	765	  1	
188	272	765	  1	
189	120	765	  1	
189	139	765	  1	
190	 88	765	  1	
190	128	765	  1	
191	103	765	  1	
191	307	765	  1	
192	  2	765	  1	
192	  7	765	  1	
192	 28	765	  1	
192	117	765	  1	
192	135	765	  1	
192	149	765	  1	
192	153	765	  1	
192	176	765	  1	
192	192	765	  1	
192	199	765	  1	
192	219	765	  1	
192	239	765	  1	
192	331	765	  1	
192	372	765	  1	
192	379	765	  1	
194	 63	765	  1	
195	120	765	  1	
195	144	765	  1	
197	 96	765	  1	
197	112	765	  1	
197	128	765	  1	
197	132	765	  1	
197	335	765	  1	
199	195	765	  1	
199	374	765	  1	
199	383	765	  1	
199	399	765	  1	
199	528	765	  1	
199	535	765	  1	
200	 99	765	  1	
200	117	765	  1	
200	121	765	  1	
200	192	765	  1	
200	278	765	  1	
200	344	765	  1	
200	455	765	  1	
201	 25	765	  1	
202	166	765	  1	
202	272	765	  1	
203	 72	765	  1	
203	208	765	  1	
203	304	765	  1	
204	 80	765	  1	
204	144	765	  1	
205	200	765	  1	
206	 87	765	  1	
206	160	765	  1	
206	215	765	  1	
207	 15	765	  1	
207	 24	765	  1	
207	 96	765	  1	
207	103	765	  1	
208	  3	765	  1	
208	 16	765	  1	
208	 70	765	  1	
208	114	765	  1	
208	123	765	  1	
208	141	765	  1	
208	197	765	  1	
208	278	765	  1	
208	323	765	  1	
208	432	765	  1	
210	 15	765	  1	
210	 88	765	  1	
210	136	765	  1	
210	437	765	  1	
210	535	765	  1	
211	 23	765	  1	
211	 31	765	  1	
211	176	765	  1	
211	347	765	  1	
212	363	765	  1	
213	 94	765	  1	
213	192	765	  1	
214	142	765	  1	
214	227	765	  1	
215	  3	765	  1	
215	 16	765	  1	
215	 26	765	  1	
215	 70	765	  1	
215	 88	765	  1	
215	102	765	  1	
215	272	765	  1	
215	400	765	  1	
215	459	765	  1	
216	 47	765	  1	
216	 80	765	  1	
216	 87	765	  1	
216	120	765	  1	
216	152	765	  1	
216	179	765	  1	
216	202	765	  1	
216	216	765	  1	
216	235	765	  1	
216	263	765	  1	
216	279	765	  1	
216	293	765	  1	
216	314	765	  1	
216	325	765	  1	
216	420	765	  1	
216	435	765	  1	
216	530	765	  1	
217	176	765	  1	
218	200	765	  1	
218	207	765	  1	
218	442	765	  1	
218	592	765	  1	
219	 40	765	  1	
219	272	765	  1	
219	542	765	  1	
219	576	765	  1	
220	288	765	  1	
221	158	765	  1	
221	336	765	  1	
222	203	765	  1	
222	232	765	  1	
222	351	765	  1	
223	 47	765	  1	
223	263	765	  1	
223	279	765	  1	
223	420	765	  1	
223	599	765	  1	
224	  3	765	  1	
224	 16	765	  1	
224	 32	765	  1	
224	 39	765	  1	
224	 76	765	  1	
224	152	765	  1	
224	334	765	  1	
224	406	765	  1	
224	539	765	  1	
225	 48	765	  1	
226	  0	765	  1	
226	200	765	  1	
227	  8	765	  1	
227	144	765	  1	
228	303	765	  1	
229	132	765	  1	
231	 35	765	  1	
231	406	765	  1	
231	450	765	  1	
232	 16	765	  1	
232	 48	765	  1	
232	 54	765	  1	
232	 96	765	  1	
232	119	765	  1	
232	123	765	  1	
232	141	765	  1	
232	147	765	  1	
232	160	765	  1	
232	168	765	  1	
232	182	765	  1	
232	198	765	  1	
232	208	765	  1	
232	216	765	  1	
232	222	765	  1	
232	240	765	  1	
232	253	765	  1	
232	319	765	  1	
232	358	765	  1	
233	  7	765	  1	
233	 28	765	  1	
234	383	765	  1	
235	248	765	  1	
237	114	765	  1	
237	136	765	  1	
237	166	765	  1	
237	176	765	  1	
237	219	765	  1	
238	 13	765	  1	
238	199	765	  1	
239	  1	765	  1	
239	 72	765	  1	
239	 79	765	  1	
239	144	765	  1	
239	151	765	  1	
239	187	765	  1	
240	 88	765	  1	
240	111	765	  1	
240	128	765	  1	
240	175	765	  1	
240	347	765	  1	
240	551	765	  1	
241	 63	765	  1	
242	 56	765	  1	
242	 79	765	  1	
242	160	765	  1	
243	215	765	  1	
243	231	765	  1	
243	355	765	  1	
243	400	765	  1	
244	168	765	  1	
245	 48	765	  1	
245	 68	765	  1	
245	119	765	  1	
245	459	765	  1	
246	352	765	  1	
247	175	765	  1	
247	208	765	  1	
247	344	765	  1	
247	365	765	  1	
248	  8	765	  1	
248	 40	765	  1	
248	139	765	  1	
248	200	765	  1	
248	280	765	  1	
248	287	765	  1	
248	320	765	  1	
248	326	765	  1	
248	373	765	  1	
248	384	765	  1	
248	391	765	  1	
250	192	765	  1	
250	205	765	  1	
250	255	765	  1	
250	392	765	  1	
250	567	765	  1	
251	155	765	  1	
251	168	765	  1	
251	496	765	  1	
251	560	765	  1	
252	187	765	  1	
253	 47	765	  1	
253	108	765	  1	
253	127	765	  1	
253	567	765	  1	
254	 71	765	  1	
254	366	765	  1	
255	 60	765	  1	
255	159	765	  1	
255	175	765	  1	
255	227	765	  1	
255	283	765	  1	
255	304	765	  1	
255	360	765	  1	
255	387	765	  1	
255	502	765	  1	
256	 95	765	  1	
256	128	765	  1	
256	162	765	  1	
256	170	765	  1	
256	211	765	  1	
256	336	765	  1	
256	392	765	  1	
256	400	765	  1	
256	403	765	  1	
256	407	765	  1	
256	504	765	  1	
259	 91	765	  1	
259	199	765	  1	
259	201	765	  1	
259	328	765	  1	
259	351	765	  1	
259	368	765	  1	
260	 88	765	  1	
260	173	765	  1	
260	448	765	  1	
261	290	765	  1	
261	295	765	  1	
261	431	765	  1	
261	447	765	  1	
261	471	765	  1	
262	208	765	  1	
262	301	765	  1	
263	346	765	  1	
263	375	765	  1	
263	448	765	  1	
264	  5	765	  1	
264	125	765	  1	
264	134	765	  1	
264	144	765	  1	
264	216	765	  1	
264	227	765	  1	
264	239	765	  1	
264	272	765	  1	
264	341	765	  1	
264	410	765	  1	
264	423	765	  1	
266	232	765	  1	
266	344	765	  1	
267	  0	765	  1	
267	 88	765	  1	
267	152	765	  1	
267	227	765	  1	
267	279	765	  1	
267	407	765	  1	
268	192	765	  1	
268	199	765	  1	
268	207	765	  1	
269	 72	765	  1	
269	112	765	  1	
269	120	765	  1	
269	222	765	  1	
269	336	765	  1	
269	480	765	  1	
270	317	765	  1	
270	402	765	  1	
270	427	765	  1	
270	523	765	  1	
271	128	765	  1	
271	200	765	  1	
271	272	765	  1	
271	470	765	  1	
271	531	765	  1	
272	 66	765	  1	
272	 71	765	  1	
272	135	765	  1	
272	163	765	  1	
272	189	765	  1	
272	216	765	  1	
272	280	765	  1	
272	295	765	  1	
272	311	765	  1	
272	327	765	  1	
272	339	765	  1	
272	384	765	  1	
272	414	765	  1	
272	444	765	  1	
272	496	765	  1	
272	543	765	  1	
274	303	765	  1	
275	155	765	  1	
275	230	765	  1	
275	301	765	  1	
275	304	765	  1	
275	536	765	  1	
276	165	765	  1	
276	239	765	  1	
276	256	765	  1	
277	104	765	  1	
277	200	765	  1	
277	322	765	  1	
277	346	765	  1	
277	414	765	  1	
277	523	765	  1	
278	263	765	  1	
279	  8	765	  1	
279	131	765	  1	
279	236	765	  1	
279	311	765	  1	
279	336	765	  1	
279	343	765	  1	
279	376	765	  1	
279	543	765	  1	
280	 88	765	  1	
280	141	765	  1	
280	144	765	  1	
280	239	765	  1	
280	244	765	  1	
280	278	765	  1	
280	328	765	  1	
280	360	765	  1	
280	440	765	  1	
280	493	765	  1	
280	518	765	  1	
282	 56	765	  1	
282	 70	765	  1	
282	 93	765	  1	
283	304	765	  1	
283	488	765	  1	
284	286	765	  1	
285	149	765	  1	
285	234	765	  1	
285	255	765	  1	
285	424	765	  1	
286	 64	765	  1	
286	224	765	  1	
286	303	765	  1	
286	499	765	  1	
287	  8	765	  1	
287	 88	765	  1	
287	328	765	  1	
287	518	765	  1	
288	 94	765	  1	
288	102	765	  1	
288	120	765	  1	
288	160	765	  1	
288	171	765	  1	
288	184	765	  1	
288	192	765	  1	
288	198	765	  1	
288	294	765	  1	
288	309	765	  1	
288	314	765	  1	
288	319	765	  1	
288	330	765	  1	
288	350	765	  1	
288	363	765	  1	
288	457	765	  1	
288	503	765	  1	
288	562	765	  1	
288	598	765	  1	
289	232	765	  1	
291	207	765	  1	
291	248	765	  1	
291	404	765	  1	
291	475	765	  1	
291	496	765	  1	
291	567	765	  1	
291	573	765	  1	
292	314	765	  1	
292	335	765	  1	
293	 56	765	  1	
293	304	765	  1	
294	  0	765	  1	
294	168	765	  1	
294	292	765	  1	
294	328	765	  1	
294	351	765	  1	
294	460	765	  1	
295	 80	765	  1	
295	112	765	  1	
295	186	765	  1	
295	287	765	  1	
295	503	765	  1	
296	 17	765	  1	
296	 47	765	  1	
296	 88	765	  1	
296	 95	765	  1	
296	136	765	  1	
296	229	765	  1	
296	293	765	  1	
296	311	765	  1	
296	320	765	  1	
296	333	765	  1	
296	344	765	  1	
296	355	765	  1	
297	160	765	  1	
297	167	765	  1	
298	192	765	  1	
298	207	765	  1	
298	221	765	  1	
298	287	765	  1	
298	328	765	  1	
299	 40	765	  1	
299	 78	765	  1	
299	240	765	  1	
299	248	765	  1	
299	350	765	  1	
299	397	765	  1	
301	144	765	  1	
301	173	765	  1	
302	304	765	  1	
302	334	765	  1	
302	367	765	  1	
302	592	765	  1	
303	 47	765	  1	
303	104	765	  1	
303	176	765	  1	
303	216	765	  1	
303	352	765	  1	
303	359	765	  1	
304	133	765	  1	
304	159	765	  1	
304	208	765	  1	
304	254	765	  1	
304	296	765	  1	
304	302	765	  1	
304	536	765	  1	
306	 96	765	  1	
306	152	765	  1	
306	320	765	  1	
306	327	765	  1	
306	432	765	  1	
307	 88	765	  1	
307	126	765	  1	
307	160	765	  1	
308	199	765	  1	
308	416	765	  1	
309	 24	765	  1	
309	224	765	  1	
309	291	765	  1	
309	304	765	  1	
310	 16	765	  1	
310	 20	765	  1	
310	 69	765	  1	
310	102	765	  1	
310	148	765	  1	
310	194	765	  1	
310	423	765	  1	
310	439	765	  1	
311	 95	765	  1	
311	159	765	  1	
311	427	765	  1	
312	 80	765	  1	
312	160	765	  1	
312	167	765	  1	
312	188	765	  1	
312	204	765	  1	
312	240	765	  1	
312	271	765	  1	
312	312	765	  1	
312	319	765	  1	
312	336	765	  1	
312	343	765	  1	
312	460	765	  1	
312	490	765	  1	
313	 71	765	  1	
313	274	765	  1	
314	  6	765	  1	
314	200	765	  1	
314	230	765	  1	
314	347	765	  1	
315	256	765	  1	
315	395	765	  1	
315	493	765	  1	
316	 48	765	  1	
316	163	765	  1	
316	271	765	  1	
317	204	765	  1	
317	450	765	  1	
317	455	765	  1	
318	  0	765	  1	
318	 60	765	  1	
318	224	765	  1	
318	243	765	  1	
318	253	765	  1	
319	192	765	  1	
319	266	765	  1	
319	339	765	  1	
320	 21	765	  1	
320	 66	765	  1	
320	 71	765	  1	
320	 79	765	  1	
320	 88	765	  1	
320	128	765	  1	
320	171	765	  1	
320	179	765	  1	
320	184	765	  1	
320	212	765	  1	
320	232	765	  1	
320	248	765	  1	
320	287	765	  1	
320	399	765	  1	
320	416	765	  1	
320	423	765	  1	
321	103	765	  1	
321	223	765	  1	
323	 40	765	  1	
323	 62	765	  1	
323	191	765	  1	
325	 30	765	  1	
325	366	765	  1	
326	 98	765	  1	
326	208	765	  1	
326	212	765	  1	
326	296	765	  1	
326	399	765	  1	
327	 55	765	  1	
327	176	765	  1	
327	184	765	  1	
327	344	765	  1	
327	419	765	  1	
327	488	765	  1	
328	  0	765	  1	
328	 61	765	  1	
328	 88	765	  1	
328	113	765	  1	
328	119	765	  1	
328	128	765	  1	
328	144	765	  1	
328	174	765	  1	
328	331	765	  1	
328	384	765	  1	
329	 19	765	  1	
330	216	765	  1	
330	223	765	  1	
331	 99	765	  1	
331	115	765	  1	
331	391	765	  1	
332	 24	765	  1	
333	142	765	  1	
333	145	765	  1	
334	134	765	  1	
334	219	765	  1	
334	344	765	  1	
335	165	765	  1	
335	384	765	  1	
336	 21	765	  1	
336	 47	765	  1	
336	 55	765	  1	
336	104	765	  1	
336	139	765	  1	
336	151	765	  1	
336	167	765	  1	
336	191	765	  1	
336	208	765	  1	
336	242	765	  1	
336	326	765	  1	
336	341	765	  1	
336	402	765	  1	
336	440	765	  1	
336	455	765	  1	
336	483	765	  1	
337	  0	765	  1	
337	291	765	  1	
338	407	765	  1	
339	160	765	  1	
339	328	765	  1	
339	448	765	  1	
339	535	765	  1	
340	110	765	  1	
341	 16	765	  1	
341	 53	765	  1	
341	 72	765	  1	
341	 79	765	  1	
341	126	765	  1	
341	152	765	  1	
341	198	765	  1	
341	312	765	  1	
341	336	765	  1	
342	 44	765	  1	
342	135	765	  1	
343	326	765	  1	
343	455	765	  1	
343	483	765	  1	
344	 27	765	  1	
344	 64	765	  1	
344	 86	765	  1	
344	112	765	  1	
344	170	765	  1	
344	176	765	  1	
344	183	765	  1	
344	190	765	  1	
344	200	765	  1	
344	226	765	  1	
344	231	765	  1	
344	264	765	  1	
344	271	765	  1	
344	367	765	  1	
344	370	765	  1	
344	391	765	  1	
344	413	765	  1	
344	423	765	  1	
344	485	765	  1	
345	  0	765	  1	
345	 40	765	  1	
346	 70	765	  1	
346	 80	765	  1	
346	175	765	  1	
346	184	765	  1	
347	 54	765	  1	
347	 59	765	  1	
347	199	765	  1	
347	424	765	  1	
348	405	765	  1	
349	 30	765	  1	
349	 34	765	  1	
349	120	765	  1	
349	288	765	  1	
349	408	765	  1	
350	 64	765	  1	
350	 72	765	  1	
350	154	765	  1	
350	191	765	  1	
350	391	765	  1	
351	 45	765	  1	
351	267	765	  1	
351	419	765	  1	
352	  0	765	  1	
352	 18	765	  1	
352	 23	765	  1	
352	 46	765	  1	
352	 52	765	  1	
352	 84	765	  1	
352	125	765	  1	
352	216	765	  1	
352	279	765	  1	
352	299	765	  1	
352	312	765	  1	
352	320	765	  1	
352	336	765	  1	
352	366	765	  1	
352	377	765	  1	
352	400	765	  1	
352	407	765	  1	
352	421	765	  1	
352	432	765	  1	
353	139	765	  1	
354	230	765	  1	
354	280	765	  1	
354	326	765	  1	
354	342	765	  1	
354	448	765	  1	
355	 48	765	  1	
355	 58	765	  1	
355	166	765	  1	
355	239	765	  1	
356	 40	765	  1	
356	 63	765	  1	
356	 74	765	  1	
356	224	765	  1	
356	376	765	  1	
356	384	765	  1	
356	592	765	  1	
357	248	765	  1	
357	256	765	  1	
357	318	765	  1	
357	360	765	  1	
358	 53	765	  1	
358	175	765	  1	
358	272	765	  1	
358	336	765	  1	
359	 80	765	  1	
359	228	765	  1	
359	271	765	  1	
359	390	765	  1	
359	403	765	  1	
360	  8	765	  1	
360	 31	765	  1	
360	 64	765	  1	
360	 88	765	  1	
360	184	765	  1	
360	303	765	  1	
360	312	765	  1	
360	346	765	  1	
360	351	765	  1	
360	367	765	  1	
361	277	765	  1	
362	 38	765	  1	
362	392	765	  1	
363	 24	765	  1	
363	 96	765	  1	
363	336	765	  1	
363	416	765	  1	
364	272	765	  1	
364	471	765	  1	
365	 80	765	  1	
365	120	765	  1	
365	175	765	  1	
365	187	765	  1	
366	147	765	  1	
366	398	765	  1	
366	405	765	  1	
367	 64	765	  1	
367	304	765	  1	
367	312	765	  1	
367	355	765	  1	
367	363	765	  1	
367	574	765	  1	
368	 16	765	  1	
368	 24	765	  1	
368	 50	765	  1	
368	 56	765	  1	
368	 73	765	  1	
368	149	765	  1	
368	229	765	  1	
368	339	765	  1	
368	348	765	  1	
368	378	765	  1	
368	445	765	  1	
370	 30	765	  1	
370	175	765	  1	
370	202	765	  1	
370	264	765	  1	
370	424	765	  1	
371	133	765	  1	
371	207	765	  1	
371	297	765	  1	
371	453	765	  1	
372	 16	765	  1	
372	 23	765	  1	
373	 40	765	  1	
373	 55	765	  1	
373	 64	765	  1	
373	 88	765	  1	
373	224	765	  1	
373	269	765	  1	
373	351	765	  1	
373	398	765	  1	
373	448	765	  1	
374	 74	765	  1	
374	259	765	  1	
374	347	765	  1	
375	  0	765	  1	
375	273	765	  1	
375	279	765	  1	
376	  2	765	  1	
376	 23	765	  1	
376	 32	765	  1	
376	 97	765	  1	
376	120	765	  1	
376	146	765	  1	
376	160	765	  1	
376	192	765	  1	
376	199	765	  1	
376	319	765	  1	
376	336	765	  1	
376	414	765	  1	
377	231	765	  1	
378	  0	765	  1	
378	245	765	  1	
378	400	765	  1	
379	  9	765	  1	
379	 16	765	  1	
380	  6	765	  1	
380	120	765	  1	
380	294	765	  1	
380	342	765	  1	
381	 56	765	  1	
381	272	765	  1	
381	439	765	  1	
382	 15	765	  1	
382	232	765	  1	
382	239	765	  1	
382	288	765	  1	
383	 23	765	  1	
383	222	765	  1	
384	 48	765	  1	
384	 74	765	  1	
384	103	765	  1	
384	149	765	  1	
384	205	765	  1	
384	208	765	  1	
384	215	765	  1	
384	314	765	  1	
384	330	765	  1	
384	358	765	  1	
385	119	765	  1	
385	207	765	  1	
386	 16	765	  1	
386	238	765	  1	
386	576	765	  1	
387	 24	765	  1	
387	 80	765	  1	
387	144	765	  1	
388	419	765	  1	
389	 11	765	  1	
389	192	765	  1	
389	583	765	  1	
390	 22	765	  1	
390	 29	765	  1	
390	232	765	  1	
391	  2	765	  1	
391	 14	765	  1	
391	 48	765	  1	
391	 72	765	  1	
391	 79	765	  1	
391	211	765	  1	
391	227	765	  1	
391	358	765	  1	
392	  6	765	  1	
392	 85	765	  1	
392	107	765	  1	
392	126	765	  1	
392	157	765	  1	
392	163	765	  1	
392	244	765	  1	
392	339	765	  1	
392	370	765	  1	
394	 72	765	  1	
394	104	765	  1	
394	152	765	  1	
394	320	765	  1	
395	192	765	  1	
395	216	765	  1	
396	 13	765	  1	
396	182	765	  1	
397	  8	765	  1	
397	 40	765	  1	
397	174	765	  1	
397	232	765	  1	
397	311	765	  1	
398	 86	765	  1	
398	110	765	  1	
398	158	765	  1	
398	336	765	  1	
398	343	765	  1	
399	  6	765	  1	
399	 72	765	  1	
399	112	765	  1	
399	304	765	  1	
399	322	765	  1	
400	  2	765	  1	
400	 32	765	  1	
400	 56	765	  1	
400	 70	765	  1	
400	126	765	  1	
400	147	765	  1	
400	166	765	  1	
400	203	765	  1	
400	215	765	  1	
400	327	765	  1	
401	271	765	  1	
402	114	765	  1	
402	257	765	  1	
402	598	765	  1	
403	 40	765	  1	
403	 47	765	  1	
403	 72	765	  1	
403	254	765	  1	
403	280	765	  1	
404	131	765	  1	
405	 64	765	  1	
405	162	765	  1	
405	335	765	  1	
406	  4	765	  1	
406	127	765	  1	
406	248	765	  1	
407	 10	765	  1	
407	117	765	  1	
407	271	765	  1	
408	 19	765	  1	
408	 43	765	  1	
408	 52	765	  1	
408	142	765	  1	
408	152	765	  1	
408	184	765	  1	
408	200	765	  1	
408	205	765	  1	
408	221	765	  1	
408	230	765	  1	
408	312	765	  1	
408	350	765	  1	
408	411	765	  1	
410	427	765	  1	
411	 24	765	  1	
411	 94	765	  1	
411	255	765	  1	
411	319	765	  1	
412	 11	765	  1	
412	 37	765	  1	
412	 55	765	  1	
412	139	765	  1	
413	 50	765	  1	
413	118	765	  1	
413	174	765	  1	
413	192	765	  1	
413	227	765	  1	
414	346	765	  1	
414	415	765	  1	
415	104	765	  1	
415	312	765	  1	
416	  5	765	  1	
416	 28	765	  1	
416	 40	765	  1	
416	 46	765	  1	
416	 72	765	  1	
416	 81	765	  1	
416	152	765	  1	
416	331	765	  1	
416	368	765	  1	
418	203	765	  1	
419	 48	765	  1	
421	  0	765	  1	
421	 23	765	  1	
421	 32	765	  1	
421	 43	765	  1	
421	144	765	  1	
421	392	765	  1	
421	424	765	  1	
421	431	765	  1	
422	 80	765	  1	
423	119	765	  1	
423	328	765	  1	
423	335	765	  1	
424	  5	765	  1	
424	 15	765	  1	
424	 35	765	  1	
424	170	765	  1	
424	273	765	  1	
424	283	765	  1	
424	312	765	  1	
425	120	765	  1	
425	127	765	  1	
425	133	765	  1	
426	175	765	  1	
427	 10	765	  1	
427	 30	765	  1	
427	 48	765	  1	
427	 55	765	  1	
427	168	765	  1	
427	319	765	  1	
427	376	765	  1	
429	112	765	  1	
430	 40	765	  1	
430	507	765	  1	
431	 72	765	  1	
431	189	765	  1	
431	283	765	  1	
431	312	765	  1	
432	 80	765	  1	
432	136	765	  1	
432	148	765	  1	
432	158	765	  1	
432	346	765	  1	
432	440	765	  1	
433	  5	765	  1	
433	128	765	  1	
433	133	765	  1	
434	 55	765	  1	
434	104	765	  1	
434	178	765	  1	
435	352	765	  1	
435	359	765	  1	
437	  0	765	  1	
437	  8	765	  1	
438	 28	765	  1	
438	151	765	  1	
439	447	765	  1	
440	 56	765	  1	
440	 69	765	  1	
440	147	765	  1	
440	248	765	  1	
440	262	765	  1	
440	267	765	  1	
440	277	765	  1	
440	304	765	  1	
442	160	765	  1	
443	 55	765	  1	
443	255	765	  1	
443	496	765	  1	
443	583	765	  1	
444	316	765	  1	
444	363	765	  1	
445	 64	765	  1	
445	144	765	  1	
445	232	765	  1	
445	286	765	  1	
446	175	765	  1	
446	263	765	  1	
447	248	765	  1	
447	304	765	  1	
447	528	765	  1	
448	 16	765	  1	
448	 24	765	  1	
448	 50	765	  1	
448	151	765	  1	
448	231	765	  1	
448	416	765	  1	
449	136	765	  1	
451	208	765	  1	
451	423	765	  1	
452	376	765	  1	
453	 55	765	  1	
453	226	765	  1	
454	160	765	  1	
454	214	765	  1	
454	272	765	  1	
455	 67	765	  1	
455	 78	765	  1	
455	360	765	  1	
455	416	765	  1	
455	456	765	  1	
456	 10	765	  1	
456	 80	765	  1	
456	114	765	  1	
456	122	765	  1	
456	139	765	  1	
456	171	765	  1	
456	183	765	  1	
456	256	765	  1	
456	304	765	  1	
456	338	765	  1	
458	198	765	  1	
458	280	765	  1	
458	312	765	  1	
458	316	765	  1	
459	333	765	  1	
461	 86	765	  1	
461	112	765	  1	
461	119	765	  1	
461	272	765	  1	
462	136	765	  1	
462	141	765	  1	
463	168	765	  1	
463	383	765	  1	
464	 24	765	  1	
464	 88	765	  1	
464	108	765	  1	
464	181	765	  1	
464	211	765	  1	
464	226	765	  1	
464	296	765	  1	
464	302	765	  1	
464	322	765	  1	
466	176	765	  1	
467	 72	765	  1	
467	208	765	  1	
467	215	765	  1	
469	299	765	  1	
470	182	765	  1	
471	171	765	  1	
471	211	765	  1	
471	224	765	  1	
471	231	765	  1	
472	  0	765	  1	
472	 40	765	  1	
472	 78	765	  1	
472	102	765	  1	
472	120	765	  1	
472	160	765	  1	
472	166	765	  1	
472	192	765	  1	
472	204	765	  1	
472	264	765	  1	
472	289	765	  1	
472	328	765	  1	
472	339	765	  1	
474	224	765	  1	
475	200	765	  1	
476	144	765	  1	
477	163	765	  1	
477	176	765	  1	
477	183	765	  1	
477	335	765	  1	
478	151	765	  1	
478	207	765	  1	
478	231	765	  1	
478	239	765	  1	
479	 47	765	  1	
479	 99	765	  1	
480	  5	765	  1	
480	 16	765	  1	
480	 23	765	  1	
480	 56	765	  1	
480	 80	765	  1	
480	 96	765	  1	
480	106	765	  1	
480	251	765	  1	
480	280	765	  1	
480	284	765	  1	
480	288	765	  1	
480	295	765	  1	
480	326	765	  1	
482	 87	765	  1	
482	158	765	  1	
483	192	765	  1	
483	262	765	  1	
483	327	765	  1	
483	407	765	  1	
484	175	765	  1	
484	291	765	  1	
484	344	765	  1	
485	216	765	  1	
486	237	765	  1	
486	256	765	  1	
487	414	765	  1	
488	 38	765	  1	
488	195	765	  1	
488	267	765	  1	
488	296	765	  1	
488	486	765	  1	
488	491	765	  1	
490	 85	765	  1	
490	205	765	  1	
491	200	765	  1	
491	231	765	  1	
491	303	765	  1	
494	 56	765	  1	
494	 69	765	  1	
495	 93	765	  1	
495	192	765	  1	
495	199	765	  1	
495	296	765	  1	
495	384	765	  1	
495	391	765	  1	
496	  7	765	  1	
496	 19	765	  1	
496	 31	765	  1	
496	134	765	  1	
496	152	765	  1	
496	165	765	  1	
496	208	765	  1	
496	229	765	  1	
496	237	765	  1	
496	244	765	  1	
496	266	765	  1	
496	285	765	  1	
496	325	765	  1	
496	333	765	  1	
496	344	765	  1	
496	392	765	  1	
498	278	765	  1	
499	 24	765	  1	
499	198	765	  1	
499	296	765	  1	
499	362	765	  1	
499	399	765	  1	
500	223	765	  1	
500	414	765	  1	
501	105	765	  1	
501	143	765	  1	
501	165	765	  1	
502	192	765	  1	
502	245	765	  1	
502	286	765	  1	
502	408	765	  1	
503	 16	765	  1	
503	 23	765	  1	
503	 31	765	  1	
503	 76	765	  1	
503	152	765	  1	
503	271	765	  1	
503	392	765	  1	
503	463	765	  1	
504	 37	765	  1	
504	 56	765	  1	
504	 88	765	  1	
504	120	765	  1	
504	136	765	  1	
504	146	765	  1	
504	168	765	  1	
504	200	765	  1	
504	256	765	  1	
504	307	765	  1	
505	324	765	  1	
506	110	765	  1	
506	328	765	  1	
506	335	765	  1	
507	232	765	  1	
508	143	765	  1	
509	144	765	  1	
509	151	765	  1	
509	222	765	  1	
509	256	765	  1	
511	 56	765	  1	
511	 88	765	  1	
511	111	765	  1	
511	320	765	  1	
512	  0	765	  1	
512	 13	765	  1	
512	 35	765	  1	
512	 39	765	  1	
512	 43	765	  1	
512	 80	765	  1	
512	 92	765	  1	
512	173	765	  1	
512	198	765	  1	
512	213	765	  1	
512	240	765	  1	
512	247	765	  1	
512	264	765	  1	
512	316	765	  1	
512	336	765	  1	
512	394	765	  1	
512	424	765	  1	
513	  8	765	  1	
514	168	765	  1	
515	104	765	  1	
515	120	765	  1	
516	363	765	  1	
517	 83	765	  1	
517	213	765	  1	
517	342	765	  1	
518	  0	765	  1	
518	 69	765	  1	
519	 13	765	  1	
519	 40	765	  1	
519	110	765	  1	
519	398	765	  1	
520	  8	765	  1	
520	 54	765	  1	
520	 96	765	  1	
520	101	765	  1	
520	122	765	  1	
520	150	765	  1	
520	221	765	  1	
520	224	765	  1	
520	237	765	  1	
520	285	765	  1	
520	327	765	  1	
520	357	765	  1	
520	432	765	  1	
520	463	765	  1	
521	399	765	  1	
522	144	765	  1	
522	168	765	  1	
523	160	765	  1	
523	184	765	  1	
523	191	765	  1	
524	 13	765	  1	
524	 31	765	  1	
524	101	765	  1	
524	134	765	  1	
525	110	765	  1	
525	175	765	  1	
525	230	765	  1	
525	410	765	  1	
526	151	765	  1	
527	 38	765	  1	
527	 54	765	  1	
527	391	765	  1	
528	155	765	  1	
528	179	765	  1	
528	195	765	  1	
528	239	765	  1	
528	259	765	  1	
528	314	765	  1	
528	331	765	  1	
528	342	765	  1	
531	104	765	  1	
532	251	765	  1	
532	479	765	  1	
533	120	765	  1	
533	127	765	  1	
533	208	765	  1	
533	328	765	  1	
533	439	765	  1	
534	232	765	  1	
535	192	765	  1	
535	199	765	  1	
535	342	765	  1	
536	 65	765	  1	
536	168	765	  1	
536	184	765	  1	
536	226	765	  1	
536	258	765	  1	
536	336	765	  1	
536	348	765	  1	
537	373	765	  1	
538	335	765	  1	
539	144	765	  1	
539	339	765	  1	
539	467	765	  1	
541	 80	765	  1	
541	192	765	  1	
541	272	765	  1	
542	  2	765	  1	
542	104	765	  1	
542	111	765	  1	
542	373	765	  1	
543	208	765	  1	
543	224	765	  1	
543	231	765	  1	
543	260	765	  1	
543	336	765	  1	
543	343	765	  1	
544	 96	765	  1	
544	120	765	  1	
544	127	765	  1	
544	175	765	  1	
544	240	765	  1	
544	287	765	  1	
544	295	765	  1	
544	304	765	  1	
544	399	765	  1	
546	 32	765	  1	
546	104	765	  1	
546	168	765	  1	
547	224	765	  1	
548	109	765	  1	
549	 16	765	  1	
549	282	765	  1	
550	152	765	  1	
550	172	765	  1	
551	104	765	  1	
551	304	765	  1	
551	408	765	  1	
552	134	765	  1	
552	146	765	  1	
552	180	765	  1	
552	184	765	  1	
552	200	765	  1	
552	207	765	  1	
552	224	765	  1	
552	228	765	  1	
552	376	765	  1	
553	128	765	  1	
553	144	765	  1	
553	268	765	  1	
555	104	765	  1	
555	264	765	  1	
556	120	765	  1	
557	  3	765	  1	
557	 91	765	  1	
557	240	765	  1	
557	256	765	  1	
559	296	765	  1	
560	103	765	  1	
560	112	765	  1	
560	159	765	  1	
560	193	765	  1	
560	216	765	  1	
560	223	765	  1	
560	253	765	  1	
560	280	765	  1	
560	316	765	  1	
560	368	765	  1	
560	552	765	  1	
561	327	765	  1	
562	117	765	  1	
562	286	765	  1	
562	367	765	  1	
563	 96	765	  1	
563	152	765	  1	
563	272	765	  1	
563	375	765	  1	
564	164	765	  1	
565	248	765	  1	
566	197	765	  1	
566	280	765	  1	
567	103	765	  1	
567	112	765	  1	
567	159	765	  1	
567	173	765	  1	
567	368	765	  1	
568	  0	765	  1	
568	 83	765	  1	
568	 91	765	  1	
568	109	765	  1	
568	208	765	  1	
568	212	765	  1	
568	265	765	  1	
568	272	765	  1	
568	291	765	  1	
568	360	765	  1	
568	366	765	  1	
568	416	765	  1	
568	423	765	  1	
568	543	765	  1	
572	326	765	  1	
573	 15	765	  1	
573	232	765	  1	
573	278	765	  1	
574	 50	765	  1	
575	333	765	  1	
576	 95	765	  1	
576	103	765	  1	
576	106	765	  1	
576	128	765	  1	
576	152	765	  1	
576	165	765	  1	
576	187	765	  1	
576	256	765	  1	
576	261	765	  1	
576	288	765	  1	
576	303	765	  1	
576	384	765	  1	
576	432	765	  1	
579	 88	765	  1	
579	 96	765	  1	
579	272	765	  1	
579	296	765	  1	
580	408	765	  1	
581	160	765	  1	
581	200	765	  1	
581	243	765	  1	
581	294	765	  1	
582	277	765	  1	
583	 95	765	  1	
583	184	765	  1	
583	191	765	  1	
583	232	765	  1	
583	303	765	  1	
584	 39	765	  1	
584	 62	765	  1	
584	 80	765	  1	
584	 96	765	  1	
584	112	765	  1	
584	137	765	  1	
584	183	765	  1	
584	259	765	  1	
584	283	765	  1	
584	336	765	  1	
584	351	765	  1	
587	 56	765	  1	
587	178	765	  1	
587	237	765	  1	
587	296	765	  1	
587	343	765	  1	
587	407	765	  1	
588	311	765	  1	
589	 63	765	  1	
589	168	765	  1	
589	323	765	  1	
590	184	765	  1	
590	512	765	  1	
591	 39	765	  1	
591	336	765	  1	
591	351	765	  1	
591	400	765	  1	
592	  4	765	  1	
592	120	765	  1	
592	127	765	  1	
592	176	765	  1	
592	191	765	  1	
592	208	765	  1	
592	240	765	  1	
594	174	765	  1	
594	245	765	  1	
595	  5	765	  1	
595	288	765	  1	
595	295	765	  1	
596	142	765	  1	
597	 94	765	  1	
597	 99	765	  1	
597	117	765	  1	
597	214	765	  1	
597	256	765	  1	
597	327	765	  1	
598	168	765	  1	
598	176	765	  1	
598	196	765	  1	
598	280	765	  1	
598	549	765	  1	
599	  0	765	  1	
599	240	765	  1	
600	 48	765	  1	
600	120	765	  1	
600	183	765	  1	
600	223	765	  1	
600	242	765	  1	
600	310	765	  1	
600	558	765	  1	
602	 51	765	  1	
602	 85	765	  1	
602	254	765	  1	
602	367	765	  1	
603	119	765	  1	
603	127	765	  1	
603	216	765	  1	
603	239	765	  1	
603	288	765	  1	
603	304	765	  1	
605	240	765	  1	
606	111	765	  1	
606	309	765	  1	
606	380	765	  1	
606	573	765	  1	
607	120	765	  1	
607	176	765	  1	
607	183	765	  1	
607	223	765	  1	
607	235	765	  1	
608	  8	765	  1	
608	127	765	  1	
608	139	765	  1	
608	160	765	  1	
608	197	765	  1	
608	256	765	  1	
608	263	765	  1	
608	272	765	  1	
608	286	765	  1	
608	328	765	  1	
608	346	765	  1	
608	351	765	  1	
608	376	765	  1	
608	419	765	  1	
608	424	765	  1	
609	191	765	  1	
609	266	765	  1	
610	 15	765	  1	
610	278	765	  1	
611	  1	765	  1	
611	167	765	  1	
611	334	765	  1	
612	 69	765	  1	
612	259	765	  1	
612	283	765	  1	
613	 35	765	  1	
613	327	765	  1	
614	117	765	  1	
614	267	765	  1	
614	272	765	  1	
614	291	765	  1	
614	346	765	  1	
615	160	765	  1	
615	232	765	  1	
615	351	765	  1	
616	 90	765	  1	
616	112	765	  1	
616	251	765	  1	
618	104	765	  1	
618	308	765	  1	
619	119	765	  1	
620	563	765	  1	
622	 69	765	  1	
622	298	765	  1	
622	466	765	  1	
623	112	765	  1	
623	264	765	  1	
624	146	765	  1	
624	181	765	  1	
624	204	765	  1	
624	272	765	  1	
624	276	765	  1	
625	263	765	  1	
627	200	765	  1	
628	120	765	  1	
628	286	765	  1	
629	 64	765	  1	
629	248	765	  1	
629	288	765	  1	
629	295	765	  1	
630	 70	765	  1	
630	258	765	  1	
630	280	765	  1	
630	299	765	  1	
630	544	765	  1	
631	204	765	  1	
631	328	765	  1	
631	599	765	  1	
632	104	765	  1	
632	247	765	  1	
632	269	765	  1	
632	273	765	  1	
632	283	765	  1	
632	319	765	  1	
632	400	765	  1	
632	552	765	  1	
633	425	765	  1	
635	143	765	  1	
635	214	765	  1	
635	240	765	  1	
635	248	765	  1	
635	288	765	  1	
635	312	765	  1	
636	110	765	  1	
637	336	765	  1	
637	575	765	  1	
638	577	765	  1	
639	247	765	  1	
639	269	765	  1	
639	319	765	  1	
640	 63	765	  1	
640	111	765	  1	
640	224	765	  1	
640	231	765	  1	
640	286	765	  1	
640	360	765	  1	
643	 56	765	  1	
644	 67	765	  1	
645	 75	765	  1	
645	104	765	  1	
645	116	765	  1	
645	208	765	  1	
645	215	765	  1	
645	423	765	  1	
647	 63	765	  1	
647	167	765	  1	
648	  2	765	  1	
648	136	765	  1	
648	247	765	  1	
648	308	765	  1	
648	366	765	  1	
650	144	765	  1	
651	 62	765	  1	
651	143	765	  1	
651	242	765	  1	
654	 56	765	  1	
655	136	765	  1	
655	208	765	  1	
655	215	765	  1	
656	 79	765	  1	
656	143	765	  1	
656	313	765	  1	
656	384	765	  1	
663	 72	765	  1	
663	139	765	  1	
664	  8	765	  1	
667	142	765	  1	
674	 71	765	  1	
678	201	765	  1	
680	125	765	  1	
683	211	765	  1	
683	472	765	  1	
684	392	765	  1	
687	 63	765	  1	
688	371	765	  1	
689	 80	765	  1	
691	 24	765	  1	
699	176	765	  1	
704	 79	765	  1	
704	208	765	  1	
704	280	765	  1	
708	404	765	  1	
713	103	765	  1	
719	328	765	  1	
735	273	765	  1	
739	544	765	  1	
754	  7	765	  1	
