# 
#  Image file: Goad2_T0067.jpg
#  Applied threshold: 575
#  Algorithm used: fill2                 
#  Particle count: 1816
#  Location (x,y), max luminance, and mass:
# 
  0	439	765	  1	
  2	391	765	  1	
  3	223	765	  1	
  7	400	765	  1	
  8	368	765	  1	
 10	360	765	  1	
 15	363	765	  1	
 16	 56	765	  1	
 18	466	765	  1	
 20	386	765	  1	
 20	504	765	  1	
 22	146	765	  1	
 27	198	765	  1	
 27	280	765	  1	
 34	250	765	  1	
 36	196	765	  1	
 36	272	765	  1	
 37	183	765	  1	
 39	159	765	  1	
 40	275	765	  1	
 40	348	765	  1	
 40	384	765	  1	
 40	599	765	  1	
 44	336	765	  1	
 45	271	765	  1	
 45	280	765	  1	
 47	287	765	  1	
 48	  8	765	  1	
 48	201	765	  1	
 48	291	765	  1	
 48	571	765	  1	
 49	261	765	  1	
 50	167	765	  1	
 51	245	765	  1	
 54	280	765	  1	
 55	167	765	  1	
 55	528	765	  1	
 59	263	765	  1	
 59	480	765	  1	
 60	164	765	  1	
 63	104	765	  1	
 64	183	765	  1	
 64	296	765	  1	
 65	103	765	  1	
 69	246	765	  1	
 71	104	765	  1	
 71	303	765	  1	
 72	180	765	  1	
 79	119	765	  1	
 80	320	765	  1	
 80	336	765	  1	
 80	383	765	  1	
 80	446	765	  1	
 82	341	765	  1	
 83	144	765	  1	
 83	411	765	  1	
 87	336	765	  1	
 88	176	765	  1	
 88	247	765	  1	
 92	179	765	  1	
 93	363	765	  1	
 94	455	765	  1	
 96	112	765	  1	
 96	152	765	  1	
 96	198	765	  1	
101	421	765	  1	
102	199	765	  1	
103	152	765	  1	
104	346	765	  1	
104	455	765	  1	
106	382	765	  1	
107	140	765	  1	
108	346	765	  1	
109	351	765	  1	
111	182	765	  1	
111	439	765	  1	
112	160	765	  1	
112	166	765	  1	
112	551	765	  1	
114	419	765	  1	
114	451	765	  1	
115	168	765	  1	
117	480	765	  1	
119	174	765	  1	
119	182	765	  1	
119	455	765	  1	
119	507	765	  1	
119	552	765	  1	
120	186	765	  1	
120	273	765	  1	
120	367	765	  1	
120	373	765	  1	
122	167	765	  1	
127	432	765	  1	
128	120	765	  1	
128	168	765	  1	
128	375	765	  1	
128	456	765	  1	
130	240	765	  1	
130	271	765	  1	
131	  0	765	  1	
131	126	765	  1	
131	175	765	  1	
134	103	765	  1	
134	247	765	  1	
135	168	765	  1	
135	240	765	  1	
135	443	765	  1	
136	181	765	  1	
136	207	765	  1	
136	214	765	  1	
136	428	765	  1	
140	369	765	  1	
141	112	765	  1	
141	139	765	  1	
141	144	765	  1	
141	151	765	  1	
143	264	765	  1	
143	322	765	  1	
143	444	765	  1	
143	467	765	  1	
144	 88	765	  1	
144	136	765	  1	
144	208	765	  1	
144	347	765	  1	
144	543	765	  1	
147	 95	765	  1	
147	110	765	  1	
149	216	765	  1	
149	296	765	  1	
149	301	765	  1	
149	564	765	  1	
150	184	765	  1	
151	 88	765	  1	
151	112	765	  1	
151	119	765	  1	
151	347	765	  1	
151	355	765	  1	
151	496	765	  1	
151	547	765	  1	
152	 72	765	  1	
152	 76	765	  1	
152	 90	765	  1	
152	120	765	  1	
152	128	765	  1	
152	196	765	  1	
152	202	765	  1	
152	224	765	  1	
152	440	765	  1	
155	135	765	  1	
155	230	765	  1	
155	464	765	  1	
156	192	765	  1	
156	296	765	  1	
156	511	765	  1	
157	 46	765	  1	
157	200	765	  1	
157	207	765	  1	
158	224	765	  1	
159	 95	765	  1	
159	120	765	  1	
159	128	765	  1	
159	184	765	  1	
160	 67	765	  1	
160	125	765	  1	
160	229	765	  1	
160	399	765	  1	
162	224	765	  1	
162	312	765	  1	
163	136	765	  1	
163	256	765	  1	
163	271	765	  1	
165	176	765	  1	
165	266	765	  1	
165	396	765	  1	
166	230	765	  1	
166	262	765	  1	
168	 77	765	  1	
168	 85	765	  1	
168	 95	765	  1	
168	104	765	  1	
168	171	765	  1	
168	203	765	  1	
168	473	765	  1	
170	251	765	  1	
171	151	765	  1	
171	264	765	  1	
172	240	765	  1	
173	160	765	  1	
175	136	765	  1	
175	200	765	  1	
175	207	765	  1	
176	 27	765	  1	
176	 53	765	  1	
176	100	765	  1	
176	120	765	  1	
176	143	765	  1	
176	226	765	  1	
176	231	765	  1	
177	198	765	  1	
178	240	765	  1	
179	 70	765	  1	
179	 77	765	  1	
179	146	765	  1	
180	 48	765	  1	
180	194	765	  1	
181	598	765	  1	
182	151	765	  1	
183	 27	765	  1	
183	120	765	  1	
183	199	765	  1	
184	131	765	  1	
184	247	765	  1	
184	335	765	  1	
184	372	765	  1	
184	437	765	  1	
186	144	765	  1	
186	368	765	  1	
186	463	765	  1	
187	 64	765	  1	
187	 80	765	  1	
187	120	765	  1	
187	432	765	  1	
188	166	765	  1	
189	 91	765	  1	
190	 71	765	  1	
190	104	765	  1	
190	160	765	  1	
190	287	765	  1	
190	450	765	  1	
191	335	765	  1	
192	  6	765	  1	
192	234	765	  1	
192	239	765	  1	
192	242	765	  1	
192	264	765	  1	
192	271	765	  1	
192	331	765	  1	
193	375	765	  1	
194	  0	765	  1	
194	195	765	  1	
195	 88	765	  1	
195	115	765	  1	
195	320	765	  1	
197	 16	765	  1	
199	264	765	  1	
199	271	765	  1	
199	472	765	  1	
200	 52	765	  1	
200	101	765	  1	
200	120	765	  1	
200	133	765	  1	
200	240	765	  1	
200	459	765	  1	
201	125	765	  1	
202	207	765	  1	
202	460	765	  1	
203	247	765	  1	
203	254	765	  1	
205	 48	765	  1	
205	 74	765	  1	
205	 96	765	  1	
205	287	765	  1	
206	456	765	  1	
207	240	765	  1	
208	 61	765	  1	
208	208	765	  1	
208	238	765	  1	
208	248	765	  1	
209	103	765	  1	
209	106	765	  1	
209	111	765	  1	
209	568	765	  1	
210	136	765	  1	
211	280	765	  1	
211	463	765	  1	
212	 86	765	  1	
213	 56	765	  1	
213	120	765	  1	
215	 64	765	  1	
215	 88	765	  1	
215	151	765	  1	
215	287	765	  1	
215	296	765	  1	
215	309	765	  1	
215	456	765	  1	
216	 95	765	  1	
216	155	765	  1	
216	211	765	  1	
216	244	765	  1	
216	256	765	  1	
216	352	765	  1	
218	359	765	  1	
218	370	765	  1	
220	239	765	  1	
221	  0	765	  1	
221	  5	765	  1	
221	  8	765	  1	
221	152	765	  1	
221	162	765	  1	
221	167	765	  1	
221	175	765	  1	
221	261	765	  1	
222	247	765	  1	
224	  7	765	  1	
224	 69	765	  1	
224	 94	765	  1	
224	118	765	  1	
224	136	765	  1	
224	184	765	  1	
224	203	765	  1	
224	270	765	  1	
224	282	765	  1	
224	336	765	  1	
224	376	765	  1	
224	383	765	  1	
224	487	765	  1	
224	536	765	  1	
224	549	765	  1	
225	 90	765	  1	
225	176	765	  1	
227	 64	765	  1	
227	130	765	  1	
227	264	765	  1	
227	295	765	  1	
227	432	765	  1	
227	440	765	  1	
227	543	765	  1	
228	186	765	  1	
229	160	765	  1	
229	191	765	  1	
230	 48	765	  1	
230	142	765	  1	
230	181	765	  1	
230	239	765	  1	
230	428	765	  1	
231	  3	765	  1	
231	118	765	  1	
231	136	765	  1	
231	290	765	  1	
231	536	765	  1	
231	587	765	  1	
232	  6	765	  1	
232	 13	765	  1	
232	 23	765	  1	
232	 83	765	  1	
232	112	765	  1	
232	149	765	  1	
232	192	765	  1	
232	199	765	  1	
232	267	765	  1	
232	320	765	  1	
232	407	765	  1	
232	580	765	  1	
233	215	765	  1	
235	 54	765	  1	
235	223	765	  1	
236	207	765	  1	
237	136	765	  1	
237	144	765	  1	
237	159	765	  1	
237	176	765	  1	
237	180	765	  1	
237	479	765	  1	
238	  7	765	  1	
238	234	765	  1	
239	 19	765	  1	
239	264	765	  1	
239	271	765	  1	
239	327	765	  1	
239	472	765	  1	
239	487	765	  1	
240	 16	765	  1	
240	 23	765	  1	
240	 34	765	  1	
240	 72	765	  1	
240	 88	765	  1	
240	 97	765	  1	
240	109	765	  1	
240	147	765	  1	
240	174	765	  1	
240	283	765	  1	
240	430	765	  1	
242	144	765	  1	
242	349	765	  1	
243	 14	765	  1	
245	  8	765	  1	
245	 87	765	  1	
245	 94	765	  1	
245	264	765	  1	
246	144	765	  1	
246	172	765	  1	
247	 19	765	  1	
248	 39	765	  1	
248	 75	765	  1	
248	 88	765	  1	
248	112	765	  1	
248	132	765	  1	
248	160	765	  1	
248	168	765	  1	
248	182	765	  1	
248	215	765	  1	
248	260	765	  1	
248	306	765	  1	
248	456	765	  1	
248	463	765	  1	
250	256	765	  1	
252	 46	765	  1	
252	149	765	  1	
252	338	765	  1	
252	373	765	  1	
252	413	765	  1	
252	427	765	  1	
253	  0	765	  1	
253	 32	765	  1	
253	 87	765	  1	
253	118	765	  1	
253	184	765	  1	
253	260	765	  1	
253	351	765	  1	
253	496	765	  1	
253	512	765	  1	
253	519	765	  1	
254	 48	765	  1	
254	179	765	  1	
254	212	765	  1	
255	 16	765	  1	
255	203	765	  1	
255	304	765	  1	
255	311	765	  1	
255	328	765	  1	
255	459	765	  1	
255	595	765	  1	
256	152	765	  1	
256	279	765	  1	
256	445	765	  1	
256	503	765	  1	
258	291	765	  1	
258	299	765	  1	
258	382	765	  1	
259	187	765	  1	
259	476	765	  1	
261	 40	765	  1	
263	499	765	  1	
264	 19	765	  1	
264	 36	765	  1	
264	 61	765	  1	
264	 74	765	  1	
264	 90	765	  1	
264	105	765	  1	
264	122	765	  1	
264	128	765	  1	
264	135	765	  1	
264	208	765	  1	
264	229	765	  1	
264	246	765	  1	
264	258	765	  1	
264	263	765	  1	
264	305	765	  1	
264	520	765	  1	
264	527	765	  1	
264	536	765	  1	
266	184	765	  1	
266	272	765	  1	
266	463	765	  1	
267	 64	765	  1	
267	101	765	  1	
267	344	765	  1	
267	523	765	  1	
268	174	765	  1	
269	  6	765	  1	
269	 72	765	  1	
269	 79	765	  1	
269	120	765	  1	
269	179	765	  1	
269	190	765	  1	
269	194	765	  1	
269	199	765	  1	
269	243	765	  1	
269	302	765	  1	
270	218	765	  1	
270	366	765	  1	
271	258	765	  1	
271	272	765	  1	
271	400	765	  1	
271	520	765	  1	
271	527	765	  1	
272	 85	765	  1	
272	117	765	  1	
272	136	765	  1	
272	176	765	  1	
272	248	765	  1	
272	290	765	  1	
272	320	765	  1	
272	379	765	  1	
272	414	765	  1	
272	491	765	  1	
274	295	765	  1	
274	536	765	  1	
275	 48	765	  1	
275	182	765	  1	
275	223	765	  1	
275	383	765	  1	
275	473	765	  1	
277	 16	765	  1	
277	136	765	  1	
277	163	765	  1	
277	207	765	  1	
277	384	765	  1	
277	415	765	  1	
278	  0	765	  1	
278	  7	765	  1	
278	 75	765	  1	
278	167	765	  1	
278	220	765	  1	
278	247	765	  1	
278	282	765	  1	
278	319	765	  1	
278	376	765	  1	
278	552	765	  1	
279	159	765	  1	
279	200	765	  1	
279	488	765	  1	
279	495	765	  1	
280	  8	765	  1	
280	 22	765	  1	
280	 31	765	  1	
280	123	765	  1	
280	150	765	  1	
280	195	765	  1	
280	240	765	  1	
280	306	765	  1	
280	338	765	  1	
280	343	765	  1	
280	458	765	  1	
280	503	765	  1	
280	592	765	  1	
281	 96	765	  1	
282	188	765	  1	
282	250	765	  1	
282	520	765	  1	
283	319	765	  1	
283	406	765	  1	
283	414	765	  1	
285	 19	765	  1	
285	 56	765	  1	
286	338	765	  1	
286	416	765	  1	
287	 11	765	  1	
287	 31	765	  1	
287	343	765	  1	
287	376	765	  1	
287	592	765	  1	
288	  0	765	  1	
288	 45	765	  1	
288	 95	765	  1	
288	103	765	  1	
288	117	765	  1	
288	128	765	  1	
288	134	765	  1	
288	160	765	  1	
288	168	765	  1	
288	349	765	  1	
288	395	765	  1	
288	434	765	  1	
288	552	765	  1	
288	559	765	  1	
288	594	765	  1	
289	 40	765	  1	
289	202	765	  1	
289	207	765	  1	
290	359	765	  1	
291	 96	765	  1	
291	452	765	  1	
293	128	765	  1	
293	195	765	  1	
293	344	765	  1	
293	491	765	  1	
295	 45	765	  1	
295	103	765	  1	
295	168	765	  1	
295	304	765	  1	
295	386	765	  1	
295	555	765	  1	
296	  6	765	  1	
296	 24	765	  1	
296	 31	765	  1	
296	 40	765	  1	
296	 72	765	  1	
296	 78	765	  1	
296	110	765	  1	
296	120	765	  1	
296	141	765	  1	
296	149	765	  1	
296	184	765	  1	
296	249	765	  1	
296	432	765	  1	
296	448	765	  1	
296	504	765	  1	
296	524	765	  1	
296	536	765	  1	
296	582	765	  1	
297	104	765	  1	
298	126	765	  1	
298	576	765	  1	
299	191	765	  1	
300	177	765	  1	
301	 80	765	  1	
301	244	765	  1	
302	349	765	  1	
303	 27	765	  1	
303	 75	765	  1	
303	184	765	  1	
304	103	765	  1	
304	204	765	  1	
304	285	765	  1	
304	312	765	  1	
304	320	765	  1	
304	344	765	  1	
304	362	765	  1	
304	399	765	  1	
304	423	765	  1	
305	134	765	  1	
306	307	765	  1	
307	 96	765	  1	
307	184	765	  1	
307	230	765	  1	
307	392	765	  1	
307	416	765	  1	
308	  4	765	  1	
308	176	765	  1	
309	 15	765	  1	
309	218	765	  1	
309	419	765	  1	
310	256	765	  1	
310	520	765	  1	
311	103	765	  1	
311	224	765	  1	
311	399	765	  1	
312	 67	765	  1	
312	 95	765	  1	
312	 99	765	  1	
312	112	765	  1	
312	160	765	  1	
312	192	765	  1	
312	407	765	  1	
312	472	765	  1	
313	144	765	  1	
313	168	765	  1	
313	372	765	  1	
314	198	765	  1	
314	264	765	  1	
315	103	765	  1	
315	312	765	  1	
315	400	765	  1	
316	155	765	  1	
316	179	765	  1	
316	332	765	  1	
317	164	765	  1	
317	173	765	  1	
317	223	765	  1	
317	232	765	  1	
317	304	765	  1	
318	192	765	  1	
318	213	765	  1	
318	217	765	  1	
318	363	765	  1	
319	 15	765	  1	
319	 99	765	  1	
319	112	765	  1	
319	407	765	  1	
319	416	765	  1	
319	420	765	  1	
320	 21	765	  1	
320	122	765	  1	
320	144	765	  1	
320	200	765	  1	
320	207	765	  1	
320	252	765	  1	
320	301	765	  1	
320	330	765	  1	
320	352	765	  1	
320	358	765	  1	
321	379	765	  1	
322	230	765	  1	
323	  8	765	  1	
323	 48	765	  1	
323	215	765	  1	
323	241	765	  1	
325	296	765	  1	
325	355	765	  1	
326	 40	765	  1	
326	251	765	  1	
327	144	765	  1	
327	203	765	  1	
327	208	765	  1	
327	277	765	  1	
327	366	765	  1	
327	439	765	  1	
327	558	765	  1	
328	  0	765	  1	
328	 77	765	  1	
328	 88	765	  1	
328	109	765	  1	
328	141	765	  1	
328	168	765	  1	
328	176	765	  1	
328	183	765	  1	
328	192	765	  1	
328	272	765	  1	
328	304	765	  1	
328	342	765	  1	
328	348	765	  1	
332	 93	765	  1	
333	 72	765	  1	
333	167	765	  1	
333	224	765	  1	
334	160	765	  1	
334	203	765	  1	
334	244	765	  1	
335	304	765	  1	
336	  8	765	  1	
336	 37	765	  1	
336	 91	765	  1	
336	 99	765	  1	
336	147	765	  1	
336	158	765	  1	
336	178	765	  1	
336	208	765	  1	
336	222	765	  1	
336	280	765	  1	
336	293	765	  1	
336	360	765	  1	
336	419	765	  1	
336	432	765	  1	
336	521	765	  1	
336	527	765	  1	
337	152	765	  1	
337	235	765	  1	
338	136	765	  1	
339	  0	765	  1	
339	 23	765	  1	
339	223	765	  1	
339	402	765	  1	
340	 99	765	  1	
340	128	765	  1	
340	214	765	  1	
341	 80	765	  1	
341	143	765	  1	
341	159	765	  1	
341	190	765	  1	
341	286	765	  1	
341	443	765	  1	
342	267	765	  1	
343	 30	765	  1	
343	114	765	  1	
343	208	765	  1	
343	416	765	  1	
343	423	765	  1	
344	 63	765	  1	
344	 73	765	  1	
344	 93	765	  1	
344	120	765	  1	
344	171	765	  1	
344	203	765	  1	
344	232	765	  1	
344	262	765	  1	
344	288	765	  1	
344	296	765	  1	
344	344	765	  1	
344	376	765	  1	
344	415	765	  1	
346	208	765	  1	
347	124	765	  1	
347	362	765	  1	
347	382	765	  1	
347	408	765	  1	
347	423	765	  1	
348	395	765	  1	
350	 72	765	  1	
350	138	765	  1	
350	288	765	  1	
350	344	765	  1	
350	376	765	  1	
351	 31	765	  1	
351	 56	765	  1	
351	120	765	  1	
351	156	765	  1	
351	203	765	  1	
351	262	765	  1	
351	415	765	  1	
352	  0	765	  1	
352	  9	765	  1	
352	 89	765	  1	
352	144	765	  1	
352	163	765	  1	
352	192	765	  1	
352	214	765	  1	
352	232	765	  1	
352	248	765	  1	
352	255	765	  1	
352	266	765	  1	
352	279	765	  1	
352	334	765	  1	
352	365	765	  1	
352	389	765	  1	
352	430	765	  1	
352	547	765	  1	
353	 30	765	  1	
353	375	765	  1	
355	 56	765	  1	
355	312	765	  1	
355	423	765	  1	
355	536	765	  1	
356	  6	765	  1	
356	 79	765	  1	
356	384	765	  1	
357	166	765	  1	
357	256	765	  1	
358	251	765	  1	
359	  0	765	  1	
359	270	765	  1	
359	428	765	  1	
359	472	765	  1	
359	542	765	  1	
360	 44	765	  1	
360	 67	765	  1	
360	 80	765	  1	
360	110	765	  1	
360	121	765	  1	
360	192	765	  1	
360	208	765	  1	
360	240	765	  1	
360	246	765	  1	
360	269	765	  1	
360	272	765	  1	
360	296	765	  1	
360	328	765	  1	
360	334	765	  1	
360	508	765	  1	
361	  0	765	  1	
362	277	765	  1	
363	 24	765	  1	
363	176	765	  1	
363	271	765	  1	
363	536	765	  1	
365	 36	765	  1	
365	136	765	  1	
365	148	765	  1	
365	168	765	  1	
365	318	765	  1	
365	331	765	  1	
365	441	765	  1	
365	504	765	  1	
366	155	765	  1	
366	358	765	  1	
367	192	765	  1	
367	272	765	  1	
368	  7	765	  1	
368	 50	765	  1	
368	 58	765	  1	
368	 78	765	  1	
368	120	765	  1	
368	210	765	  1	
368	261	765	  1	
368	291	765	  1	
368	296	765	  1	
368	326	765	  1	
368	366	765	  1	
368	376	765	  1	
369	  0	765	  1	
369	 39	765	  1	
370	 88	765	  1	
370	309	765	  1	
371	151	765	  1	
371	280	765	  1	
371	294	765	  1	
371	560	765	  1	
372	 95	765	  1	
373	  7	765	  1	
373	 40	765	  1	
373	147	765	  1	
373	358	765	  1	
374	 31	765	  1	
374	352	765	  1	
375	  0	765	  1	
375	 25	765	  1	
375	304	765	  1	
375	360	765	  1	
376	117	765	  1	
376	135	765	  1	
376	200	765	  1	
376	247	765	  1	
376	282	765	  1	
376	288	765	  1	
376	295	765	  1	
376	479	765	  1	
377	127	765	  1	
378	112	765	  1	
379	  7	765	  1	
379	 31	765	  1	
379	240	765	  1	
379	368	765	  1	
379	520	765	  1	
382	  6	765	  1	
382	176	765	  1	
382	183	765	  1	
382	287	765	  1	
383	 26	765	  1	
383	247	765	  1	
384	  8	765	  1	
384	 40	765	  1	
384	 47	765	  1	
384	104	765	  1	
384	148	765	  1	
384	160	765	  1	
384	167	765	  1	
384	197	765	  1	
384	297	765	  1	
384	302	765	  1	
384	312	765	  1	
384	480	765	  1	
385	 99	765	  1	
386	128	765	  1	
386	144	765	  1	
386	323	765	  1	
386	411	765	  1	
387	192	765	  1	
387	212	765	  1	
387	232	765	  1	
387	332	765	  1	
388	469	765	  1	
389	 24	765	  1	
389	132	765	  1	
389	298	765	  1	
389	303	765	  1	
390	 12	765	  1	
390	320	765	  1	
390	400	765	  1	
391	 55	765	  1	
391	163	765	  1	
391	176	765	  1	
391	238	765	  1	
391	379	765	  1	
391	512	765	  1	
392	 84	765	  1	
392	100	765	  1	
392	120	765	  1	
392	154	765	  1	
392	168	765	  1	
392	207	765	  1	
393	164	765	  1	
393	247	765	  1	
394	 98	765	  1	
395	 16	765	  1	
395	200	765	  1	
395	256	765	  1	
395	296	765	  1	
395	310	765	  1	
395	428	765	  1	
396	 80	765	  1	
396	496	765	  1	
397	144	765	  1	
397	151	765	  1	
397	183	765	  1	
398	103	765	  1	
398	276	765	  1	
398	304	765	  1	
399	207	765	  1	
399	243	765	  1	
399	488	765	  1	
400	  8	765	  1	
400	 18	765	  1	
400	 30	765	  1	
400	 40	765	  1	
400	 58	765	  1	
400	 83	765	  1	
400	109	765	  1	
400	169	765	  1	
400	192	765	  1	
400	199	765	  1	
400	203	765	  1	
400	215	765	  1	
400	336	765	  1	
400	343	765	  1	
402	 89	765	  1	
402	136	765	  1	
402	183	765	  1	
402	225	765	  1	
402	325	765	  1	
403	 16	765	  1	
403	 22	765	  1	
403	150	765	  1	
403	320	765	  1	
403	382	765	  1	
403	400	765	  1	
405	 32	765	  1	
405	 56	765	  1	
405	 63	765	  1	
405	139	765	  1	
405	231	765	  1	
406	208	765	  1	
406	227	765	  1	
406	240	765	  1	
407	180	765	  1	
407	192	765	  1	
407	199	765	  1	
407	276	765	  1	
407	309	765	  1	
407	336	765	  1	
407	343	765	  1	
407	348	765	  1	
408	  0	765	  1	
408	 74	765	  1	
408	 82	765	  1	
408	104	765	  1	
408	191	765	  1	
408	244	765	  1	
408	320	765	  1	
408	439	765	  1	
408	447	765	  1	
409	180	765	  1	
410	163	765	  1	
410	288	765	  1	
410	427	765	  1	
411	152	765	  1	
411	176	765	  1	
413	 30	765	  1	
413	 48	765	  1	
413	 55	765	  1	
413	 70	765	  1	
413	 94	765	  1	
413	108	765	  1	
413	119	765	  1	
413	324	765	  1	
414	343	765	  1	
414	507	765	  1	
415	  0	765	  1	
415	439	765	  1	
415	443	765	  1	
416	 16	765	  1	
416	 40	765	  1	
416	128	765	  1	
416	141	765	  1	
416	150	765	  1	
416	171	765	  1	
416	192	765	  1	
416	383	765	  1	
418	376	765	  1	
419	 56	765	  1	
419	 96	765	  1	
419	134	765	  1	
420	 20	765	  1	
420	 48	765	  1	
420	112	765	  1	
420	202	765	  1	
421	 24	765	  1	
421	 64	765	  1	
421	 82	765	  1	
421	 87	765	  1	
421	427	765	  1	
422	 44	765	  1	
422	128	765	  1	
424	 16	765	  1	
424	 23	765	  1	
424	 38	765	  1	
424	 72	765	  1	
424	 76	765	  1	
424	 84	765	  1	
424	106	765	  1	
424	111	765	  1	
424	157	765	  1	
424	207	765	  1	
424	232	765	  1	
424	275	765	  1	
424	311	765	  1	
424	367	765	  1	
424	450	765	  1	
424	463	765	  1	
424	494	765	  1	
425	 80	765	  1	
426	239	765	  1	
427	 15	765	  1	
427	 56	765	  1	
427	224	765	  1	
427	304	765	  1	
427	456	765	  1	
428	162	765	  1	
429	  0	765	  1	
429	199	765	  1	
430	192	765	  1	
430	464	765	  1	
431	 19	765	  1	
431	184	765	  1	
431	264	765	  1	
431	279	765	  1	
431	311	765	  1	
431	360	765	  1	
431	407	765	  1	
431	448	765	  1	
431	488	765	  1	
432	 48	765	  1	
432	 54	765	  1	
432	 67	765	  1	
432	 96	765	  1	
432	124	765	  1	
432	152	765	  1	
432	157	765	  1	
432	171	765	  1	
432	180	765	  1	
432	208	765	  1	
432	227	765	  1	
432	239	765	  1	
432	378	765	  1	
432	480	765	  1	
434	 51	765	  1	
434	 87	765	  1	
434	264	765	  1	
435	120	765	  1	
435	232	765	  1	
436	163	765	  1	
437	 39	765	  1	
437	 96	765	  1	
437	104	765	  1	
438	 48	765	  1	
438	 55	765	  1	
438	125	765	  1	
438	172	765	  1	
438	271	765	  1	
438	483	765	  1	
439	 16	765	  1	
439	182	765	  1	
439	196	765	  1	
439	215	765	  1	
439	224	765	  1	
439	231	765	  1	
439	239	765	  1	
439	311	765	  1	
440	 40	765	  1	
440	 45	765	  1	
440	 50	765	  1	
440	248	765	  1	
440	368	765	  1	
440	413	765	  1	
442	142	765	  1	
442	254	765	  1	
443	  0	765	  1	
443	109	765	  1	
443	224	765	  1	
445	 96	765	  1	
446	248	765	  1	
446	475	765	  1	
447	131	765	  1	
447	143	765	  1	
447	231	765	  1	
447	375	765	  1	
448	 32	765	  1	
448	 35	765	  1	
448	 40	765	  1	
448	 53	765	  1	
448	174	765	  1	
448	191	765	  1	
448	218	765	  1	
448	232	765	  1	
448	236	765	  1	
448	258	765	  1	
448	406	765	  1	
448	439	765	  1	
450	311	765	  1	
451	184	765	  1	
453	168	765	  1	
453	288	765	  1	
453	295	765	  1	
453	400	765	  1	
455	 53	765	  1	
455	191	765	  1	
455	278	765	  1	
456	  1	765	  1	
456	 16	765	  1	
456	 32	765	  1	
456	 39	765	  1	
456	 48	765	  1	
456	104	765	  1	
456	139	765	  1	
456	162	765	  1	
456	167	765	  1	
456	201	765	  1	
456	240	765	  1	
456	264	765	  1	
456	309	765	  1	
456	415	765	  1	
458	 83	765	  1	
459	111	765	  1	
459	209	765	  1	
460	304	765	  1	
461	 96	765	  1	
461	192	765	  1	
461	279	765	  1	
462	 20	765	  1	
462	119	765	  1	
463	 35	765	  1	
463	104	765	  1	
463	343	765	  1	
463	415	765	  1	
464	 40	765	  1	
464	 62	765	  1	
464	155	765	  1	
464	213	765	  1	
464	227	765	  1	
464	233	765	  1	
464	333	765	  1	
464	350	765	  1	
464	383	765	  1	
464	558	765	  1	
465	504	765	  1	
465	552	765	  1	
466	 56	765	  1	
467	 38	765	  1	
468	232	765	  1	
468	407	765	  1	
469	 72	765	  1	
469	144	765	  1	
470	 32	765	  1	
470	 44	765	  1	
470	239	765	  1	
470	299	765	  1	
471	 62	765	  1	
472	 69	765	  1	
472	 80	765	  1	
472	 91	765	  1	
472	104	765	  1	
472	111	765	  1	
472	120	765	  1	
472	131	765	  1	
472	178	765	  1	
472	344	765	  1	
473	168	765	  1	
474	144	765	  1	
474	200	765	  1	
474	222	765	  1	
475	 88	765	  1	
475	 95	765	  1	
475	240	765	  1	
475	456	765	  1	
476	218	765	  1	
477	 64	765	  1	
477	151	765	  1	
477	182	765	  1	
477	208	765	  1	
479	 91	765	  1	
479	355	765	  1	
480	 22	765	  1	
480	 61	765	  1	
480	 99	765	  1	
480	114	765	  1	
480	119	765	  1	
480	143	765	  1	
480	219	765	  1	
480	253	765	  1	
480	283	765	  1	
480	304	765	  1	
480	336	765	  1	
480	370	765	  1	
480	384	765	  1	
480	392	765	  1	
481	 37	765	  1	
482	 16	765	  1	
482	 32	765	  1	
482	149	765	  1	
483	 96	765	  1	
483	103	765	  1	
483	311	765	  1	
485	  0	765	  1	
485	 72	765	  1	
485	215	765	  1	
485	248	765	  1	
486	 23	765	  1	
486	114	765	  1	
486	152	765	  1	
486	176	765	  1	
486	208	765	  1	
487	 99	765	  1	
487	119	765	  1	
487	240	765	  1	
487	304	765	  1	
487	348	765	  1	
488	 15	765	  1	
488	 69	765	  1	
488	 94	765	  1	
488	126	765	  1	
488	135	765	  1	
488	226	765	  1	
488	275	765	  1	
488	296	765	  1	
488	306	765	  1	
488	331	765	  1	
488	362	765	  1	
488	370	765	  1	
488	488	765	  1	
489	 90	765	  1	
490	  5	765	  1	
491	 64	765	  1	
491	161	765	  1	
491	184	765	  1	
491	302	765	  1	
492	363	765	  1	
493	  0	765	  1	
493	 96	765	  1	
493	133	765	  1	
493	224	765	  1	
493	231	765	  1	
494	 12	765	  1	
495	  7	765	  1	
495	 15	765	  1	
495	117	765	  1	
495	328	765	  1	
495	335	765	  1	
496	 85	765	  1	
496	 90	765	  1	
496	104	765	  1	
496	209	765	  1	
496	215	765	  1	
496	219	765	  1	
496	261	765	  1	
498	 73	765	  1	
498	111	765	  1	
498	196	765	  1	
498	256	765	  1	
499	128	765	  1	
499	232	765	  1	
499	403	765	  1	
501	 79	765	  1	
501	 91	765	  1	
501	104	765	  1	
501	222	765	  1	
501	315	765	  1	
502	191	765	  1	
502	262	765	  1	
503	134	765	  1	
503	171	765	  1	
504	112	765	  1	
504	120	765	  1	
504	130	765	  1	
504	224	765	  1	
504	228	765	  1	
504	237	765	  1	
504	245	765	  1	
504	360	765	  1	
504	389	765	  1	
505	 65	765	  1	
506	 28	765	  1	
506	134	765	  1	
507	344	765	  1	
507	367	765	  1	
508	 37	765	  1	
509	 95	765	  1	
509	258	765	  1	
509	327	765	  1	
510	141	765	  1	
510	158	765	  1	
511	 24	765	  1	
511	360	765	  1	
512	 90	765	  1	
512	125	765	  1	
512	133	765	  1	
512	152	765	  1	
512	166	765	  1	
512	173	765	  1	
512	192	765	  1	
512	200	765	  1	
512	207	765	  1	
512	211	765	  1	
512	230	765	  1	
512	273	765	  1	
512	328	765	  1	
512	336	765	  1	
512	344	765	  1	
513	 74	765	  1	
514	366	765	  1	
515	232	765	  1	
516	344	765	  1	
516	348	765	  1	
517	 91	765	  1	
517	 98	765	  1	
517	120	765	  1	
517	163	765	  1	
517	184	765	  1	
517	227	765	  1	
517	319	765	  1	
518	134	765	  1	
518	237	765	  1	
518	360	765	  1	
519	 16	765	  1	
519	104	765	  1	
519	152	765	  1	
519	203	765	  1	
519	399	765	  1	
520	 63	765	  1	
520	176	765	  1	
520	194	765	  1	
520	199	765	  1	
520	232	765	  1	
520	250	765	  1	
520	266	765	  1	
520	296	765	  1	
520	302	765	  1	
522	203	765	  1	
523	 56	765	  1	
523	144	765	  1	
523	352	765	  1	
524	378	765	  1	
525	 79	765	  1	
525	112	765	  1	
525	199	765	  1	
525	232	765	  1	
525	239	765	  1	
525	264	765	  1	
525	280	765	  1	
525	299	765	  1	
525	310	765	  1	
525	320	765	  1	
525	390	765	  1	
525	400	765	  1	
526	  6	765	  1	
527	 63	765	  1	
527	 88	765	  1	
528	106	765	  1	
528	126	765	  1	
528	147	765	  1	
528	152	765	  1	
528	157	765	  1	
528	246	765	  1	
528	259	765	  1	
528	274	765	  1	
528	293	765	  1	
528	327	765	  1	
528	344	765	  1	
528	351	765	  1	
530	232	765	  1	
531	 96	765	  1	
531	255	765	  1	
532	 90	765	  1	
533	264	765	  1	
533	368	765	  1	
534	153	765	  1	
535	122	765	  1	
535	303	765	  1	
536	138	765	  1	
536	184	765	  1	
536	250	765	  1	
536	263	765	  1	
536	312	765	  1	
536	360	765	  1	
536	366	765	  1	
536	416	765	  1	
538	 15	765	  1	
538	118	765	  1	
538	189	765	  1	
539	 62	765	  1	
539	 88	765	  1	
539	144	765	  1	
539	272	765	  1	
539	280	765	  1	
539	319	765	  1	
540	158	765	  1	
540	232	765	  1	
540	422	765	  1	
541	136	765	  1	
541	224	765	  1	
541	363	765	  1	
542	152	765	  1	
542	247	765	  1	
542	295	765	  1	
543	312	765	  1	
544	  2	765	  1	
544	 13	765	  1	
544	 75	765	  1	
544	185	765	  1	
544	264	765	  1	
544	301	765	  1	
544	326	765	  1	
544	332	765	  1	
544	368	765	  1	
544	375	765	  1	
544	407	765	  1	
545	236	765	  1	
546	152	765	  1	
547	 88	765	  1	
547	135	765	  1	
547	160	765	  1	
547	247	765	  1	
547	400	765	  1	
547	408	765	  1	
547	415	765	  1	
548	334	765	  1	
549	  0	765	  1	
550	321	765	  1	
551	407	765	  1	
552	 72	765	  1	
552	 79	765	  1	
552	 99	765	  1	
552	162	765	  1	
552	176	765	  1	
552	200	765	  1	
552	251	765	  1	
552	264	765	  1	
552	280	765	  1	
552	301	765	  1	
552	328	765	  1	
552	376	765	  1	
552	392	765	  1	
552	524	765	  1	
554	248	765	  1	
554	254	765	  1	
554	272	765	  1	
554	335	765	  1	
555	 46	765	  1	
555	104	765	  1	
555	168	765	  1	
555	183	765	  1	
555	240	765	  1	
555	263	765	  1	
555	399	765	  1	
556	  8	765	  1	
557	 96	765	  1	
557	270	765	  1	
558	 40	765	  1	
558	296	765	  1	
558	308	765	  1	
559	 75	765	  1	
559	176	765	  1	
559	251	765	  1	
559	392	765	  1	
560	112	765	  1	
560	192	765	  1	
560	208	765	  1	
560	219	765	  1	
560	227	765	  1	
560	303	765	  1	
560	340	765	  1	
560	376	765	  1	
560	459	765	  1	
563	134	765	  1	
563	214	765	  1	
563	223	765	  1	
563	239	765	  1	
563	296	765	  1	
564	154	765	  1	
564	163	765	  1	
565	343	765	  1	
566	152	765	  1	
567	219	765	  1	
567	231	765	  1	
567	303	765	  1	
567	328	765	  1	
568	 74	765	  1	
568	126	765	  1	
568	139	765	  1	
568	168	765	  1	
568	269	765	  1	
568	315	765	  1	
569	144	765	  1	
569	157	765	  1	
571	 48	765	  1	
571	192	765	  1	
571	280	765	  1	
572	148	765	  1	
572	152	765	  1	
573	216	765	  1	
573	264	765	  1	
574	318	765	  1	
575	126	765	  1	
575	158	765	  1	
576	 74	765	  1	
576	136	765	  1	
576	168	765	  1	
576	176	765	  1	
576	192	765	  1	
576	211	765	  1	
576	221	765	  1	
576	237	765	  1	
576	248	765	  1	
576	279	765	  1	
576	288	765	  1	
576	299	765	  1	
576	326	765	  1	
578	 16	765	  1	
578	 76	765	  1	
578	232	765	  1	
578	320	765	  1	
579	143	765	  1	
579	272	765	  1	
581	 73	765	  1	
582	218	765	  1	
582	223	765	  1	
582	238	765	  1	
582	327	765	  1	
583	 76	765	  1	
583	136	765	  1	
583	192	765	  1	
583	208	765	  1	
583	215	765	  1	
583	279	765	  1	
583	296	765	  1	
583	303	765	  1	
584	 92	765	  1	
584	131	765	  1	
584	144	765	  1	
584	242	765	  1	
584	247	765	  1	
584	266	765	  1	
584	400	765	  1	
587	150	765	  1	
587	310	765	  1	
588	168	765	  1	
589	328	765	  1	
589	334	765	  1	
590	 83	765	  1	
591	109	765	  1	
591	128	765	  1	
591	135	765	  1	
591	192	765	  1	
592	  3	765	  1	
592	  8	765	  1	
592	 69	765	  1	
592	111	765	  1	
592	136	765	  1	
592	220	765	  1	
592	247	765	  1	
592	280	765	  1	
592	288	765	  1	
592	299	765	  1	
592	352	765	  1	
592	356	765	  1	
593	208	765	  1	
594	 92	765	  1	
594	 96	765	  1	
594	326	765	  1	
594	376	765	  1	
595	 15	765	  1	
595	 79	765	  1	
595	143	765	  1	
595	240	765	  1	
595	291	765	  1	
597	  7	765	  1	
597	230	765	  1	
597	264	765	  1	
597	440	765	  1	
598	297	765	  1	
598	307	765	  1	
598	357	765	  1	
598	368	765	  1	
599	 72	765	  1	
599	136	765	  1	
599	219	765	  1	
599	247	765	  1	
599	320	765	  1	
599	352	765	  1	
600	168	765	  1	
600	176	765	  1	
600	183	765	  1	
600	186	765	  1	
600	205	765	  1	
600	237	765	  1	
600	260	765	  1	
600	363	765	  1	
600	400	765	  1	
603	175	765	  1	
603	184	765	  1	
603	303	765	  1	
604	288	765	  1	
604	365	765	  1	
605	263	765	  1	
605	360	765	  1	
605	519	765	  1	
606	191	765	  1	
606	298	765	  1	
607	168	765	  1	
607	179	765	  1	
607	205	765	  1	
607	344	765	  1	
608	  0	765	  1	
608	  4	765	  1	
608	  8	765	  1	
608	 17	765	  1	
608	121	765	  1	
608	143	765	  1	
608	208	765	  1	
608	215	765	  1	
608	249	765	  1	
608	272	765	  1	
608	302	765	  1	
608	336	765	  1	
608	368	765	  1	
609	 23	765	  1	
610	127	765	  1	
611	 47	765	  1	
611	136	765	  1	
611	279	765	  1	
612	 18	765	  1	
613	135	765	  1	
614	  8	765	  1	
614	250	765	  1	
615	143	765	  1	
615	272	765	  1	
615	336	765	  1	
615	424	765	  1	
616	130	765	  1	
616	181	765	  1	
616	240	765	  1	
616	279	765	  1	
616	306	765	  1	
616	343	765	  1	
616	346	765	  1	
618	364	765	  1	
619	 16	765	  1	
619	104	765	  1	
619	191	765	  1	
620	295	765	  1	
621	245	765	  1	
622	149	765	  1	
622	259	765	  1	
623	184	765	  1	
623	280	765	  1	
623	291	765	  1	
623	339	765	  1	
624	  5	765	  1	
624	 80	765	  1	
624	138	765	  1	
624	143	765	  1	
624	248	765	  1	
624	252	765	  1	
626	  0	765	  1	
626	 95	765	  1	
628	 63	765	  1	
630	  6	765	  1	
630	138	765	  1	
630	319	765	  1	
631	 85	765	  1	
631	143	765	  1	
631	550	765	  1	
632	 83	765	  1	
632	127	765	  1	
632	144	765	  1	
632	306	765	  1	
633	203	765	  1	
635	120	765	  1	
635	160	765	  1	
636	 95	765	  1	
636	267	765	  1	
637	189	765	  1	
637	275	765	  1	
637	296	765	  1	
637	311	765	  1	
639	127	765	  1	
640	103	765	  1	
640	232	765	  1	
640	463	765	  1	
642	459	765	  1	
643	463	765	  1	
644	583	765	  1	
645	554	765	  1	
646	 91	765	  1	
648	276	765	  1	
648	328	765	  1	
651	141	765	  1	
651	335	765	  1	
654	354	765	  1	
655	159	765	  1	
655	231	765	  1	
656	  0	765	  1	
656	  7	765	  1	
656	 56	765	  1	
656	 79	765	  1	
656	 91	765	  1	
656	107	765	  1	
656	197	765	  1	
656	228	765	  1	
656	407	765	  1	
656	424	765	  1	
660	134	765	  1	
660	191	765	  1	
661	 88	765	  1	
661	224	765	  1	
662	128	765	  1	
663	 56	765	  1	
663	104	765	  1	
663	111	765	  1	
663	400	765	  1	
663	403	765	  1	
664	120	765	  1	
664	148	765	  1	
664	584	765	  1	
666	284	765	  1	
667	142	765	  1	
670	144	765	  1	
671	123	765	  1	
671	386	765	  1	
672	349	765	  1	
672	568	765	  1	
675	 71	765	  1	
686	112	765	  1	
687	 10	765	  1	
688	 95	765	  1	
688	203	765	  1	
694	179	765	  1	
696	 79	765	  1	
696	279	765	  1	
702	585	765	  1	
703	247	765	  1	
704	349	765	  1	
718	237	765	  1	
722	154	765	  1	
725	575	765	  1	
789	496	765	  1	
796	223	765	  1	
