# 
#  Image file: Goad2_T0114.jpg
#  Applied threshold: 575
#  Algorithm used: fill2                 
#  Particle count: 1757
#  Location (x,y), max luminance, and mass:
# 
  0	298	765	  1	
  3	151	765	  1	
  3	200	765	  1	
  4	207	765	  1	
  7	111	765	  1	
  7	168	765	  1	
  7	552	765	  1	
 11	172	765	  1	
 16	208	765	  1	
 16	471	765	  1	
 19	431	765	  1	
 20	342	765	  1	
 23	349	765	  1	
 23	387	765	  1	
 24	192	765	  1	
 28	213	765	  1	
 29	  2	765	  1	
 31	 96	765	  1	
 31	384	765	  1	
 31	457	765	  1	
 34	136	765	  1	
 35	135	765	  1	
 36	168	765	  1	
 36	583	765	  1	
 39	192	765	  1	
 42	496	765	  1	
 47	 80	765	  1	
 50	131	765	  1	
 51	228	765	  1	
 52	143	765	  1	
 56	108	765	  1	
 56	439	765	  1	
 62	102	765	  1	
 67	 96	765	  1	
 67	119	765	  1	
 70	588	765	  1	
 71	111	765	  1	
 75	231	765	  1	
 80	384	765	  1	
 80	397	765	  1	
 85	343	765	  1	
 88	232	765	  1	
 88	426	765	  1	
 90	146	765	  1	
 95	151	765	  1	
 96	365	765	  1	
 96	416	765	  1	
 96	472	765	  1	
 99	315	765	  1	
100	303	765	  1	
102	122	765	  1	
102	242	765	  1	
103	136	765	  1	
103	163	765	  1	
103	527	765	  1	
104	319	765	  1	
104	339	765	  1	
107	312	765	  1	
111	319	765	  1	
112	120	765	  1	
112	320	765	  1	
112	327	765	  1	
112	351	765	  1	
112	468	765	  1	
116	328	765	  1	
117	436	765	  1	
119	144	765	  1	
119	235	765	  1	
119	323	765	  1	
119	341	765	  1	
120	106	765	  1	
120	184	765	  1	
120	261	765	  1	
120	301	765	  1	
120	493	765	  1	
120	523	765	  1	
122	151	765	  1	
123	130	765	  1	
124	111	765	  1	
126	104	765	  1	
126	255	765	  1	
126	257	765	  1	
126	280	765	  1	
127	135	765	  1	
127	150	765	  1	
127	184	765	  1	
128	 20	765	  1	
128	 88	765	  1	
128	198	765	  1	
128	338	765	  1	
128	394	765	  1	
128	399	765	  1	
130	  0	765	  1	
130	287	765	  1	
130	470	765	  1	
132	312	765	  1	
134	 91	765	  1	
134	195	765	  1	
135	 20	765	  1	
136	237	765	  1	
136	488	765	  1	
138	229	765	  1	
139	  7	765	  1	
141	239	765	  1	
142	101	765	  1	
142	107	765	  1	
143	  7	765	  1	
143	112	765	  1	
143	127	765	  1	
144	 72	765	  1	
144	136	765	  1	
144	148	765	  1	
144	277	765	  1	
144	296	765	  1	
144	389	765	  1	
144	464	765	  1	
147	160	765	  1	
147	207	765	  1	
147	399	765	  1	
147	471	765	  1	
148	142	765	  1	
148	287	765	  1	
148	384	765	  1	
150	 98	765	  1	
150	103	765	  1	
151	148	765	  1	
151	208	765	  1	
151	392	765	  1	
151	464	765	  1	
152	 59	765	  1	
152	120	765	  1	
152	187	765	  1	
152	301	765	  1	
152	416	765	  1	
155	112	765	  1	
157	127	765	  1	
157	184	765	  1	
158	514	765	  1	
159	 56	765	  1	
159	 63	765	  1	
159	311	765	  1	
160	211	765	  1	
160	246	765	  1	
160	287	765	  1	
160	319	765	  1	
160	420	765	  1	
160	469	765	  1	
160	479	765	  1	
163	 88	765	  1	
163	 95	765	  1	
163	280	765	  1	
164	  0	765	  1	
165	152	765	  1	
166	  7	765	  1	
166	215	765	  1	
166	317	765	  1	
167	246	765	  1	
167	287	765	  1	
167	417	765	  1	
167	479	765	  1	
168	116	765	  1	
168	124	765	  1	
168	263	765	  1	
168	278	765	  1	
168	288	765	  1	
168	310	765	  1	
170	295	765	  1	
171	287	765	  1	
175	120	765	  1	
175	280	765	  1	
175	288	765	  1	
176	122	765	  1	
176	147	765	  1	
176	163	765	  1	
176	184	765	  1	
176	224	765	  1	
176	286	765	  1	
179	  8	765	  1	
179	144	765	  1	
179	151	765	  1	
179	264	765	  1	
179	272	765	  1	
179	471	765	  1	
180	187	765	  1	
181	226	765	  1	
182	128	765	  1	
182	184	765	  1	
183	147	765	  1	
183	160	765	  1	
183	167	765	  1	
183	323	765	  1	
184	104	765	  1	
184	264	765	  1	
184	300	765	  1	
184	432	765	  1	
184	439	765	  1	
184	446	765	  1	
185	216	765	  1	
185	221	765	  1	
186	337	765	  1	
187	 16	765	  1	
187	128	765	  1	
189	110	765	  1	
190	  0	765	  1	
191	 99	765	  1	
191	104	765	  1	
191	140	765	  1	
191	192	765	  1	
191	264	765	  1	
191	303	765	  1	
191	384	765	  1	
192	 11	765	  1	
192	 87	765	  1	
192	120	765	  1	
192	142	765	  1	
192	179	765	  1	
192	239	765	  1	
192	269	765	  1	
192	380	765	  1	
192	399	765	  1	
192	419	765	  1	
195	 80	765	  1	
195	371	765	  1	
195	392	765	  1	
197	127	765	  1	
197	251	765	  1	
197	383	765	  1	
198	402	765	  1	
199	 87	765	  1	
199	120	765	  1	
199	140	765	  1	
199	399	765	  1	
199	423	765	  1	
200	  0	765	  1	
200	 67	765	  1	
200	106	765	  1	
200	144	765	  1	
200	227	765	  1	
200	255	765	  1	
200	285	765	  1	
200	387	765	  1	
200	456	765	  1	
203	151	765	  1	
203	224	765	  1	
203	231	765	  1	
203	416	765	  1	
203	463	765	  1	
205	  6	765	  1	
205	 72	765	  1	
205	135	765	  1	
205	408	765	  1	
205	470	765	  1	
205	567	765	  1	
206	 96	765	  1	
207	144	765	  1	
207	227	765	  1	
207	456	765	  1	
207	496	765	  1	
208	 80	765	  1	
208	 90	765	  1	
208	162	765	  1	
208	208	765	  1	
208	241	765	  1	
208	405	765	  1	
208	431	765	  1	
211	 87	765	  1	
211	424	765	  1	
213	120	765	  1	
213	158	765	  1	
215	 80	765	  1	
215	431	765	  1	
216	 66	765	  1	
216	104	765	  1	
216	111	765	  1	
216	154	765	  1	
216	184	765	  1	
216	215	765	  1	
216	376	765	  1	
217	535	765	  1	
218	333	765	  1	
219	 71	765	  1	
219	 88	765	  1	
219	208	765	  1	
219	424	765	  1	
219	434	765	  1	
220	190	765	  1	
220	578	765	  1	
221	168	765	  1	
221	406	765	  1	
222	239	765	  1	
223	215	765	  1	
224	 55	765	  1	
224	 64	765	  1	
224	 75	765	  1	
224	 96	765	  1	
224	208	765	  1	
224	314	765	  1	
224	363	765	  1	
225	122	765	  1	
225	559	765	  1	
227	 48	765	  1	
227	167	765	  1	
227	319	765	  1	
227	432	765	  1	
227	458	765	  1	
228	127	765	  1	
229	 35	765	  1	
229	 78	765	  1	
229	102	765	  1	
229	171	765	  1	
230	  0	765	  1	
230	  7	765	  1	
231	 55	765	  1	
231	144	765	  1	
231	160	765	  1	
231	208	765	  1	
231	360	765	  1	
231	367	765	  1	
231	543	765	  1	
232	 30	765	  1	
232	 51	765	  1	
232	 61	765	  1	
232	 70	765	  1	
232	 80	765	  1	
232	104	765	  1	
232	123	765	  1	
232	130	765	  1	
232	140	765	  1	
232	200	765	  1	
232	206	765	  1	
232	222	765	  1	
232	243	765	  1	
232	286	765	  1	
232	348	765	  1	
232	416	765	  1	
232	432	765	  1	
232	599	765	  1	
233	152	765	  1	
234	439	765	  1	
235	208	765	  1	
235	368	765	  1	
235	375	765	  1	
236	136	765	  1	
236	382	765	  1	
237	 88	765	  1	
238	432	765	  1	
239	 30	765	  1	
239	222	765	  1	
239	503	765	  1	
239	576	765	  1	
240	  2	765	  1	
240	 47	765	  1	
240	108	765	  1	
240	147	765	  1	
240	164	765	  1	
240	218	765	  1	
240	312	765	  1	
240	398	765	  1	
240	410	765	  1	
240	552	765	  1	
241	408	765	  1	
242	122	765	  1	
242	160	765	  1	
242	402	765	  1	
243	104	765	  1	
245	171	765	  1	
245	360	765	  1	
245	365	765	  1	
245	422	765	  1	
245	488	765	  1	
246	 10	765	  1	
247	120	765	  1	
247	143	765	  1	
247	188	765	  1	
248	 40	765	  1	
248	 69	765	  1	
248	108	765	  1	
248	122	765	  1	
248	248	765	  1	
248	343	765	  1	
248	352	765	  1	
248	359	765	  1	
248	404	765	  1	
248	432	765	  1	
248	456	765	  1	
248	462	765	  1	
250	 64	765	  1	
250	120	765	  1	
250	127	765	  1	
251	150	765	  1	
251	162	765	  1	
251	255	765	  1	
251	440	765	  1	
251	496	765	  1	
253	111	765	  1	
253	307	765	  1	
253	410	765	  1	
253	438	765	  1	
254	 70	765	  1	
254	123	765	  1	
255	170	765	  1	
255	248	765	  1	
256	 23	765	  1	
256	 46	765	  1	
256	 99	765	  1	
256	114	765	  1	
256	163	765	  1	
256	200	765	  1	
256	208	765	  1	
256	213	765	  1	
256	264	765	  1	
256	268	765	  1	
256	285	765	  1	
256	399	765	  1	
256	453	765	  1	
256	464	765	  1	
256	467	765	  1	
256	475	765	  1	
256	480	765	  1	
256	496	765	  1	
256	583	765	  1	
256	599	765	  1	
257	327	765	  1	
257	520	765	  1	
258	 15	765	  1	
258	560	765	  1	
259	 62	765	  1	
259	148	765	  1	
259	171	765	  1	
259	183	765	  1	
259	223	765	  1	
259	392	765	  1	
259	415	765	  1	
259	503	765	  1	
261	136	765	  1	
261	305	765	  1	
262	208	765	  1	
262	464	765	  1	
263	 56	765	  1	
263	200	765	  1	
263	343	765	  1	
263	399	765	  1	
263	496	765	  1	
264	 54	765	  1	
264	 59	765	  1	
264	109	765	  1	
264	118	765	  1	
264	131	765	  1	
264	149	765	  1	
264	188	765	  1	
264	213	765	  1	
264	260	765	  1	
264	485	765	  1	
264	528	765	  1	
265	287	765	  1	
265	400	765	  1	
266	 31	765	  1	
266	 99	765	  1	
266	296	765	  1	
266	391	765	  1	
267	 80	765	  1	
267	264	765	  1	
267	407	765	  1	
267	531	765	  1	
268	172	765	  1	
269	 62	765	  1	
269	104	765	  1	
269	147	765	  1	
269	480	765	  1	
269	546	765	  1	
269	551	765	  1	
270	 55	765	  1	
270	468	765	  1	
270	528	765	  1	
271	116	765	  1	
271	128	765	  1	
271	135	765	  1	
271	191	765	  1	
271	302	765	  1	
271	535	765	  1	
272	 66	765	  1	
272	136	765	  1	
272	155	765	  1	
272	160	765	  1	
272	247	765	  1	
272	352	765	  1	
272	382	765	  1	
272	403	765	  1	
272	415	765	  1	
272	504	765	  1	
272	511	765	  1	
272	536	765	  1	
273	107	765	  1	
273	120	765	  1	
273	400	765	  1	
274	 55	765	  1	
275	112	765	  1	
275	240	765	  1	
276	124	765	  1	
276	184	765	  1	
277	 88	765	  1	
277	103	765	  1	
277	144	765	  1	
277	175	765	  1	
277	199	765	  1	
277	207	765	  1	
278	170	765	  1	
278	504	765	  1	
279	247	765	  1	
279	352	765	  1	
279	478	765	  1	
280	 13	765	  1	
280	 46	765	  1	
280	 82	765	  1	
280	132	765	  1	
280	160	765	  1	
280	216	765	  1	
280	237	765	  1	
280	256	765	  1	
280	264	765	  1	
280	272	765	  1	
280	276	765	  1	
280	301	765	  1	
280	318	765	  1	
280	357	765	  1	
280	372	765	  1	
280	440	765	  1	
280	482	765	  1	
280	492	765	  1	
280	536	765	  1	
281	 56	765	  1	
282	127	765	  1	
282	504	765	  1	
283	191	765	  1	
283	230	765	  1	
283	262	765	  1	
283	543	765	  1	
283	546	765	  1	
283	557	765	  1	
284	 64	765	  1	
284	408	765	  1	
284	446	765	  1	
285	 80	765	  1	
285	 87	765	  1	
285	256	765	  1	
285	370	765	  1	
286	128	765	  1	
286	173	765	  1	
286	501	765	  1	
287	 46	765	  1	
287	160	765	  1	
287	184	765	  1	
287	224	765	  1	
287	228	765	  1	
287	312	765	  1	
287	536	765	  1	
288	 48	765	  1	
288	 58	765	  1	
288	 64	765	  1	
288	101	765	  1	
288	147	765	  1	
288	192	765	  1	
288	213	765	  1	
288	219	765	  1	
288	248	765	  1	
288	303	765	  1	
288	347	765	  1	
288	383	765	  1	
288	453	765	  1	
288	469	765	  1	
288	526	765	  1	
289	519	765	  1	
290	 96	765	  1	
290	208	765	  1	
291	  8	765	  1	
291	 15	765	  1	
291	 72	765	  1	
291	296	765	  1	
291	376	765	  1	
291	391	765	  1	
292	136	765	  1	
293	568	765	  1	
294	102	765	  1	
294	168	765	  1	
294	214	765	  1	
294	524	765	  1	
295	192	765	  1	
295	303	765	  1	
295	383	765	  1	
296	  8	765	  1	
296	 80	765	  1	
296	108	765	  1	
296	117	765	  1	
296	179	765	  1	
296	184	765	  1	
296	208	765	  1	
296	237	765	  1	
296	288	765	  1	
296	384	765	  1	
296	423	765	  1	
297	 92	765	  1	
298	190	765	  1	
298	252	765	  1	
298	429	765	  1	
299	 16	765	  1	
299	 23	765	  1	
299	176	765	  1	
299	391	765	  1	
299	416	765	  1	
299	424	765	  1	
300	376	765	  1	
301	200	765	  1	
301	336	765	  1	
301	355	765	  1	
301	495	765	  1	
302	 13	765	  1	
302	 88	765	  1	
303	 83	765	  1	
303	144	765	  1	
303	384	765	  1	
303	423	765	  1	
304	 80	765	  1	
304	 95	765	  1	
304	153	765	  1	
304	195	765	  1	
304	316	765	  1	
304	324	765	  1	
304	413	765	  1	
304	430	765	  1	
304	526	765	  1	
306	 86	765	  1	
306	 96	765	  1	
306	184	765	  1	
307	131	765	  1	
307	240	765	  1	
309	 18	765	  1	
309	 23	765	  1	
309	175	765	  1	
309	216	765	  1	
309	223	765	  1	
309	284	765	  1	
309	327	765	  1	
309	354	765	  1	
309	359	765	  1	
309	408	765	  1	
310	 80	765	  1	
310	256	765	  1	
310	304	765	  1	
310	427	765	  1	
310	524	765	  1	
311	 91	765	  1	
311	102	765	  1	
311	122	765	  1	
311	144	765	  1	
311	153	765	  1	
312	 51	765	  1	
312	 67	765	  1	
312	163	765	  1	
312	328	765	  1	
312	335	765	  1	
312	360	765	  1	
312	392	765	  1	
312	459	765	  1	
315	  3	765	  1	
315	176	765	  1	
315	328	765	  1	
315	415	765	  1	
316	104	765	  1	
316	108	765	  1	
317	 88	765	  1	
317	272	765	  1	
317	367	765	  1	
318	162	765	  1	
318	239	765	  1	
318	496	765	  1	
319	334	765	  1	
319	408	765	  1	
319	424	765	  1	
319	431	765	  1	
319	456	765	  1	
319	463	765	  1	
320	 16	765	  1	
320	 24	765	  1	
320	 35	765	  1	
320	 61	765	  1	
320	 98	765	  1	
320	184	765	  1	
320	191	765	  1	
320	256	765	  1	
320	268	765	  1	
320	285	765	  1	
320	296	765	  1	
320	314	765	  1	
320	319	765	  1	
320	328	765	  1	
320	354	765	  1	
320	359	765	  1	
320	377	765	  1	
320	416	765	  1	
320	423	765	  1	
320	426	765	  1	
320	495	765	  1	
320	512	765	  1	
321	264	765	  1	
322	120	765	  1	
322	127	765	  1	
323	312	765	  1	
323	317	765	  1	
323	488	765	  1	
324	269	765	  1	
324	378	765	  1	
325	 56	765	  1	
325	 96	765	  1	
325	103	765	  1	
325	135	765	  1	
325	263	765	  1	
325	300	765	  1	
325	431	765	  1	
326	352	765	  1	
326	357	765	  1	
327	 32	765	  1	
327	 39	765	  1	
327	187	765	  1	
327	314	765	  1	
327	319	765	  1	
327	331	765	  1	
327	419	765	  1	
327	480	765	  1	
327	495	765	  1	
327	519	765	  1	
328	 61	765	  1	
328	 71	765	  1	
328	 80	765	  1	
328	112	765	  1	
328	144	765	  1	
328	150	765	  1	
328	159	765	  1	
328	191	765	  1	
328	200	765	  1	
328	206	765	  1	
328	245	765	  1	
328	344	765	  1	
328	398	765	  1	
328	443	765	  1	
328	560	765	  1	
330	 32	765	  1	
330	183	765	  1	
330	349	765	  1	
331	224	765	  1	
331	377	765	  1	
332	220	765	  1	
333	 22	765	  1	
333	118	765	  1	
333	147	765	  1	
334	 39	765	  1	
334	213	765	  1	
334	344	765	  1	
334	440	765	  1	
335	155	765	  1	
335	160	765	  1	
336	  7	765	  1	
336	 40	765	  1	
336	 47	765	  1	
336	 71	765	  1	
336	170	765	  1	
336	231	765	  1	
336	270	765	  1	
336	317	765	  1	
336	359	765	  1	
336	383	765	  1	
336	439	765	  1	
336	459	765	  1	
336	538	765	  1	
338	 66	765	  1	
338	178	765	  1	
339	191	765	  1	
339	354	765	  1	
339	376	765	  1	
340	264	765	  1	
342	442	765	  1	
342	541	765	  1	
343	 43	765	  1	
343	 64	765	  1	
343	168	765	  1	
343	227	765	  1	
343	317	765	  1	
343	383	765	  1	
343	456	765	  1	
343	463	765	  1	
344	  0	765	  1	
344	 53	765	  1	
344	 75	765	  1	
344	111	765	  1	
344	120	765	  1	
344	136	765	  1	
344	147	765	  1	
344	192	765	  1	
344	203	765	  1	
344	219	765	  1	
344	243	765	  1	
344	287	765	  1	
344	352	765	  1	
344	367	765	  1	
344	384	765	  1	
344	416	765	  1	
344	424	765	  1	
344	487	765	  1	
345	235	765	  1	
346	 48	765	  1	
346	126	765	  1	
346	160	765	  1	
346	183	765	  1	
346	198	765	  1	
347	 59	765	  1	
347	136	765	  1	
347	168	765	  1	
347	328	765	  1	
347	360	765	  1	
347	368	765	  1	
347	375	765	  1	
347	397	765	  1	
348	 15	765	  1	
348	 22	765	  1	
349	430	765	  1	
349	487	765	  1	
350	 16	765	  1	
350	 54	765	  1	
350	108	765	  1	
350	120	765	  1	
350	136	765	  1	
350	240	765	  1	
350	283	765	  1	
350	376	765	  1	
351	  7	765	  1	
351	  9	765	  1	
351	200	765	  1	
351	207	765	  1	
351	356	765	  1	
351	367	765	  1	
351	444	765	  1	
352	 56	765	  1	
352	125	765	  1	
352	144	765	  1	
352	155	765	  1	
352	169	765	  1	
352	216	765	  1	
352	224	765	  1	
352	231	765	  1	
352	247	765	  1	
352	270	765	  1	
352	331	765	  1	
352	347	765	  1	
352	360	765	  1	
352	368	765	  1	
352	396	765	  1	
352	432	765	  1	
352	480	765	  1	
352	520	765	  1	
353	320	765	  1	
354	 96	765	  1	
354	264	765	  1	
354	324	765	  1	
354	437	765	  1	
355	175	765	  1	
355	223	765	  1	
355	240	765	  1	
355	533	765	  1	
356	352	765	  1	
357	  8	765	  1	
357	 15	765	  1	
357	208	765	  1	
358	  3	765	  1	
358	359	765	  1	
358	398	765	  1	
359	216	765	  1	
359	227	765	  1	
359	247	765	  1	
359	312	765	  1	
359	319	765	  1	
359	324	765	  1	
360	 40	765	  1	
360	 75	765	  1	
360	104	765	  1	
360	109	765	  1	
360	128	765	  1	
360	159	765	  1	
360	184	765	  1	
360	222	765	  1	
360	235	765	  1	
360	341	765	  1	
360	428	765	  1	
360	456	765	  1	
363	 47	765	  1	
364	424	765	  1	
365	 24	765	  1	
365	 29	765	  1	
365	190	765	  1	
365	360	765	  1	
366	129	765	  1	
366	159	765	  1	
366	168	765	  1	
366	256	765	  1	
366	371	765	  1	
367	 40	765	  1	
367	 72	765	  1	
367	 79	765	  1	
367	235	765	  1	
367	291	765	  1	
368	 10	765	  1	
368	 38	765	  1	
368	 51	765	  1	
368	101	765	  1	
368	232	765	  1	
368	273	765	  1	
368	328	765	  1	
368	342	765	  1	
368	376	765	  1	
368	431	765	  1	
369	 15	765	  1	
369	168	765	  1	
371	152	765	  1	
371	424	765	  1	
371	528	765	  1	
372	278	765	  1	
373	  5	765	  1	
373	 71	765	  1	
373	 92	765	  1	
373	378	765	  1	
374	  0	765	  1	
374	 11	765	  1	
374	 75	765	  1	
374	157	765	  1	
375	272	765	  1	
375	431	765	  1	
376	 24	765	  1	
376	 48	765	  1	
376	 82	765	  1	
376	120	765	  1	
376	128	765	  1	
376	260	765	  1	
376	266	765	  1	
376	303	765	  1	
376	376	765	  1	
376	381	765	  1	
376	391	765	  1	
376	432	765	  1	
376	439	765	  1	
377	 80	765	  1	
378	214	765	  1	
378	251	765	  1	
379	 70	765	  1	
379	133	765	  1	
379	229	765	  1	
379	239	765	  1	
379	384	765	  1	
379	564	765	  1	
380	379	765	  1	
381	  0	765	  1	
381	  8	765	  1	
381	 15	765	  1	
381	 56	765	  1	
381	 96	765	  1	
381	152	765	  1	
382	 84	765	  1	
382	171	765	  1	
382	264	765	  1	
383	269	765	  1	
383	391	765	  1	
384	  6	765	  1	
384	111	765	  1	
384	120	765	  1	
384	160	765	  1	
384	167	765	  1	
384	176	765	  1	
384	178	765	  1	
384	183	765	  1	
384	195	765	  1	
384	205	765	  1	
384	328	765	  1	
384	386	765	  1	
384	434	765	  1	
384	439	765	  1	
386	  0	765	  1	
386	363	765	  1	
387	136	765	  1	
387	398	765	  1	
389	  2	765	  1	
389	 16	765	  1	
389	108	765	  1	
389	179	765	  1	
390	267	765	  1	
390	463	765	  1	
391	120	765	  1	
392	 11	765	  1	
392	 67	765	  1	
392	 88	765	  1	
392	 97	765	  1	
392	112	765	  1	
392	136	765	  1	
392	143	765	  1	
392	152	765	  1	
392	319	765	  1	
392	384	765	  1	
392	535	765	  1	
394	 17	765	  1	
394	183	765	  1	
395	101	765	  1	
395	238	765	  1	
395	256	765	  1	
396	 96	765	  1	
396	386	765	  1	
397	  0	765	  1	
397	 23	765	  1	
397	 32	765	  1	
397	 47	765	  1	
397	118	765	  1	
398	152	765	  1	
399	176	765	  1	
400	 80	765	  1	
400	165	765	  1	
400	199	765	  1	
400	239	765	  1	
400	302	765	  1	
400	344	765	  1	
401	  8	765	  1	
401	192	765	  1	
402	110	765	  1	
402	159	765	  1	
402	247	765	  1	
402	391	765	  1	
403	335	765	  1	
405	142	765	  1	
406	155	765	  1	
406	360	765	  1	
407	 46	765	  1	
407	128	765	  1	
407	387	765	  1	
408	  8	765	  1	
408	 34	765	  1	
408	 48	765	  1	
408	144	765	  1	
408	160	765	  1	
408	224	765	  1	
408	255	765	  1	
408	258	765	  1	
408	304	765	  1	
408	320	765	  1	
408	424	765	  1	
408	541	765	  1	
408	562	765	  1	
409	248	765	  1	
409	360	765	  1	
410	 79	765	  1	
410	149	765	  1	
410	309	765	  1	
410	327	765	  1	
411	176	765	  1	
411	182	765	  1	
411	256	765	  1	
412	 56	765	  1	
412	 66	765	  1	
413	 37	765	  1	
413	120	765	  1	
413	154	765	  1	
413	228	765	  1	
413	374	765	  1	
414	261	765	  1	
414	352	765	  1	
415	  8	765	  1	
415	 78	765	  1	
415	255	765	  1	
415	322	765	  1	
415	565	765	  1	
416	  0	765	  1	
416	192	765	  1	
416	232	765	  1	
416	243	765	  1	
416	328	765	  1	
416	334	765	  1	
418	139	765	  1	
418	479	765	  1	
419	 40	765	  1	
420	 55	765	  1	
421	128	765	  1	
421	135	765	  1	
421	176	765	  1	
421	235	765	  1	
422	  0	765	  1	
422	240	765	  1	
422	247	765	  1	
422	283	765	  1	
423	144	765	  1	
424	 23	765	  1	
424	 43	765	  1	
424	101	765	  1	
424	109	765	  1	
424	122	765	  1	
424	152	765	  1	
424	328	765	  1	
425	 16	765	  1	
425	256	765	  1	
426	 32	765	  1	
426	192	765	  1	
427	 63	765	  1	
427	 96	765	  1	
428	133	765	  1	
428	343	765	  1	
429	  4	765	  1	
429	 48	765	  1	
429	 85	765	  1	
429	216	765	  1	
429	223	765	  1	
431	 20	765	  1	
431	152	765	  1	
431	168	765	  1	
431	200	765	  1	
431	245	765	  1	
431	331	765	  1	
431	351	765	  1	
432	  0	765	  1	
432	  6	765	  1	
432	 15	765	  1	
432	 47	765	  1	
432	 64	765	  1	
432	 92	765	  1	
432	114	765	  1	
432	184	765	  1	
432	191	765	  1	
432	226	765	  1	
432	232	765	  1	
432	352	765	  1	
432	368	765	  1	
434	128	765	  1	
434	166	765	  1	
434	516	765	  1	
435	 88	765	  1	
435	104	765	  1	
435	136	765	  1	
435	167	765	  1	
435	208	765	  1	
435	320	765	  1	
435	355	765	  1	
435	375	765	  1	
437	 47	765	  1	
437	 72	765	  1	
437	288	765	  1	
438	 35	765	  1	
438	120	765	  1	
438	197	765	  1	
438	359	765	  1	
439	 11	765	  1	
439	184	765	  1	
439	191	765	  1	
439	280	765	  1	
439	368	765	  1	
440	  2	765	  1	
440	 15	765	  1	
440	 51	765	  1	
440	 56	765	  1	
440	 60	765	  1	
440	 83	765	  1	
440	 88	765	  1	
440	200	765	  1	
440	214	765	  1	
440	226	765	  1	
440	253	765	  1	
440	261	765	  1	
441	242	765	  1	
442	  7	765	  1	
443	 23	765	  1	
443	207	765	  1	
445	 72	765	  1	
445	116	765	  1	
445	336	765	  1	
446	 61	765	  1	
447	  0	765	  1	
447	  3	765	  1	
447	136	765	  1	
447	200	765	  1	
447	214	765	  1	
447	261	765	  1	
447	288	765	  1	
448	  8	765	  1	
448	123	765	  1	
448	152	765	  1	
448	176	765	  1	
448	189	765	  1	
448	216	765	  1	
448	222	765	  1	
448	264	765	  1	
448	365	765	  1	
449	280	765	  1	
450	143	765	  1	
450	182	765	  1	
452	294	765	  1	
453	158	765	  1	
453	219	765	  1	
453	237	765	  1	
454	168	765	  1	
454	271	765	  1	
455	 48	765	  1	
455	 55	765	  1	
455	140	765	  1	
455	285	765	  1	
456	 32	765	  1	
456	115	765	  1	
456	148	765	  1	
456	180	765	  1	
456	184	765	  1	
456	304	765	  1	
456	319	765	  1	
457	152	765	  1	
458	 61	765	  1	
458	 72	765	  1	
458	360	765	  1	
459	 16	765	  1	
459	104	765	  1	
459	111	765	  1	
459	312	765	  1	
461	112	765	  1	
461	128	765	  1	
461	143	765	  1	
461	157	765	  1	
461	190	765	  1	
462	 99	765	  1	
462	107	765	  1	
462	152	765	  1	
462	227	765	  1	
463	 48	765	  1	
463	319	765	  1	
464	 75	765	  1	
464	 84	765	  1	
464	103	765	  1	
464	136	765	  1	
464	272	765	  1	
464	288	765	  1	
464	301	765	  1	
464	431	765	  1	
465	 88	765	  1	
465	 96	765	  1	
465	279	765	  1	
466	222	765	  1	
466	312	765	  1	
466	331	765	  1	
467	 23	765	  1	
467	 73	765	  1	
469	150	765	  1	
469	296	765	  1	
470	 80	765	  1	
471	 16	765	  1	
471	 32	765	  1	
471	 39	765	  1	
471	 89	765	  1	
471	103	765	  1	
471	111	765	  1	
471	221	765	  1	
471	280	765	  1	
471	431	765	  1	
472	 64	765	  1	
472	168	765	  1	
472	248	765	  1	
472	255	765	  1	
472	307	765	  1	
472	432	765	  1	
473	344	765	  1	
474	 78	765	  1	
474	198	765	  1	
475	 49	765	  1	
475	104	765	  1	
476	215	765	  1	
479	 40	765	  1	
479	208	765	  1	
479	304	765	  1	
479	311	765	  1	
480	  0	765	  1	
480	 61	765	  1	
480	 80	765	  1	
480	 96	765	  1	
480	141	765	  1	
480	256	765	  1	
480	270	765	  1	
480	288	765	  1	
480	295	765	  1	
482	 48	765	  1	
482	136	765	  1	
483	 16	765	  1	
483	 23	765	  1	
483	168	765	  1	
483	344	765	  1	
484	557	765	  1	
485	 51	765	  1	
485	120	765	  1	
485	267	765	  1	
485	296	765	  1	
486	142	765	  1	
486	184	765	  1	
486	328	765	  1	
487	 96	765	  1	
488	 45	765	  1	
488	 56	765	  1	
488	 66	765	  1	
488	 71	765	  1	
488	128	765	  1	
488	145	765	  1	
488	159	765	  1	
488	167	765	  1	
488	176	765	  1	
488	230	765	  1	
488	239	765	  1	
488	255	765	  1	
488	275	765	  1	
488	288	765	  1	
488	307	765	  1	
489	 61	765	  1	
489	183	765	  1	
489	282	765	  1	
489	387	765	  1	
491	 80	765	  1	
493	144	765	  1	
493	152	765	  1	
494	 40	765	  1	
494	134	765	  1	
495	 16	765	  1	
495	 87	765	  1	
495	157	765	  1	
495	230	765	  1	
495	360	765	  1	
496	 74	765	  1	
496	 96	765	  1	
496	104	765	  1	
496	168	765	  1	
496	174	765	  1	
496	184	765	  1	
496	211	765	  1	
496	222	765	  1	
496	343	765	  1	
496	440	765	  1	
497	136	765	  1	
497	144	765	  1	
499	246	765	  1	
500	140	765	  1	
500	151	765	  1	
500	206	765	  1	
501	 72	765	  1	
501	 79	765	  1	
501	171	765	  1	
501	312	765	  1	
502	160	765	  1	
502	200	765	  1	
503	 31	765	  1	
503	222	765	  1	
503	231	765	  1	
503	338	765	  1	
504	 41	765	  1	
504	 48	765	  1	
504	 85	765	  1	
504	176	765	  1	
504	203	765	  1	
504	208	765	  1	
504	229	765	  1	
504	263	765	  1	
504	296	765	  1	
504	326	765	  1	
504	330	765	  1	
504	335	765	  1	
504	352	765	  1	
504	376	765	  1	
506	  3	765	  1	
506	312	765	  1	
506	320	765	  1	
507	148	765	  1	
507	288	765	  1	
509	224	765	  1	
510	 52	765	  1	
510	144	765	  1	
510	318	765	  1	
510	326	765	  1	
512	 57	765	  1	
512	 62	765	  1	
512	 91	765	  1	
512	128	765	  1	
512	166	765	  1	
512	189	765	  1	
512	199	765	  1	
512	212	765	  1	
512	222	765	  1	
512	256	765	  1	
512	263	765	  1	
512	349	765	  1	
512	360	765	  1	
512	415	765	  1	
513	208	765	  1	
514	 43	765	  1	
514	160	765	  1	
515	 64	765	  1	
515	242	765	  1	
515	408	765	  1	
515	559	765	  1	
516	255	765	  1	
517	107	765	  1	
517	176	765	  1	
518	212	765	  1	
518	399	765	  1	
519	 40	765	  1	
519	166	765	  1	
519	222	765	  1	
519	259	765	  1	
519	344	765	  1	
519	375	765	  1	
519	415	765	  1	
520	 74	765	  1	
520	120	765	  1	
520	136	765	  1	
520	142	765	  1	
520	210	765	  1	
520	219	765	  1	
520	328	765	  1	
520	359	765	  1	
520	367	765	  1	
522	215	765	  1	
523	 79	765	  1	
523	168	765	  1	
523	264	765	  1	
523	335	765	  1	
524	 55	765	  1	
524	116	765	  1	
524	320	765	  1	
525	200	765	  1	
526	 18	765	  1	
526	 64	765	  1	
526	 71	765	  1	
526	216	765	  1	
526	223	765	  1	
527	210	765	  1	
527	240	765	  1	
527	328	765	  1	
527	367	765	  1	
527	391	765	  1	
528	 40	765	  1	
528	138	765	  1	
528	157	765	  1	
528	184	765	  1	
528	280	765	  1	
528	288	765	  1	
528	575	765	  1	
530	 76	765	  1	
530	152	765	  1	
533	 84	765	  1	
533	222	765	  1	
533	293	765	  1	
533	376	765	  1	
533	383	765	  1	
534	  4	765	  1	
534	117	765	  1	
534	133	765	  1	
534	158	765	  1	
535	264	765	  1	
536	104	765	  1	
536	128	765	  1	
536	184	765	  1	
536	188	765	  1	
536	285	765	  1	
536	344	765	  1	
536	392	765	  1	
536	399	765	  1	
537	400	765	  1	
538	 79	765	  1	
539	144	765	  1	
539	370	765	  1	
540	190	765	  1	
541	  0	765	  1	
541	134	765	  1	
541	152	765	  1	
541	280	765	  1	
541	288	765	  1	
541	350	765	  1	
543	208	765	  1	
543	264	765	  1	
543	271	765	  1	
544	 15	765	  1	
544	 96	765	  1	
544	181	765	  1	
544	189	765	  1	
544	195	765	  1	
544	224	765	  1	
544	253	765	  1	
544	298	765	  1	
544	343	765	  1	
544	347	765	  1	
544	379	765	  1	
545	275	765	  1	
546	101	765	  1	
546	176	765	  1	
546	184	765	  1	
547	271	765	  1	
547	296	765	  1	
547	303	765	  1	
547	336	765	  1	
547	408	765	  1	
548	136	765	  1	
549	  0	765	  1	
549	  7	765	  1	
549	 94	765	  1	
549	288	765	  1	
550	182	765	  1	
550	190	765	  1	
551	 15	765	  1	
551	140	765	  1	
551	224	765	  1	
551	264	765	  1	
551	343	765	  1	
551	379	765	  1	
552	 24	765	  1	
552	104	765	  1	
552	165	765	  1	
552	173	765	  1	
552	205	765	  1	
552	296	765	  1	
552	331	765	  1	
552	352	765	  1	
552	392	765	  1	
552	403	765	  1	
552	456	765	  1	
554	152	765	  1	
555	  0	765	  1	
555	232	765	  1	
555	280	765	  1	
555	359	765	  1	
557	160	765	  1	
557	200	765	  1	
558	352	765	  1	
559	296	765	  1	
559	400	765	  1	
559	407	765	  1	
560	 88	765	  1	
560	 96	765	  1	
560	129	765	  1	
560	166	765	  1	
560	192	765	  1	
560	203	765	  1	
560	211	765	  1	
560	224	765	  1	
560	232	765	  1	
560	238	765	  1	
560	256	765	  1	
560	320	765	  1	
560	326	765	  1	
560	399	765	  1	
561	272	765	  1	
562	120	765	  1	
562	127	765	  1	
565	 95	765	  1	
565	235	765	  1	
565	310	765	  1	
566	164	765	  1	
567	264	765	  1	
567	496	765	  1	
567	531	765	  1	
568	  6	765	  1	
568	151	765	  1	
568	168	765	  1	
568	189	765	  1	
568	232	765	  1	
568	250	765	  1	
568	307	765	  1	
568	318	765	  1	
568	330	765	  1	
568	351	765	  1	
568	360	765	  1	
568	366	765	  1	
574	316	765	  1	
575	  0	765	  1	
575	120	765	  1	
575	255	765	  1	
576	208	765	  1	
576	246	765	  1	
576	262	765	  1	
576	291	765	  1	
576	336	765	  1	
576	359	765	  1	
576	383	765	  1	
576	464	765	  1	
578	136	765	  1	
578	143	765	  1	
578	232	765	  1	
578	256	765	  1	
579	183	765	  1	
579	318	765	  1	
579	352	765	  1	
580	168	765	  1	
580	172	765	  1	
580	276	765	  1	
580	544	765	  1	
581	243	765	  1	
581	351	765	  1	
582	179	765	  1	
582	238	765	  1	
583	263	765	  1	
583	336	765	  1	
583	359	765	  1	
584	106	765	  1	
584	117	765	  1	
584	141	765	  1	
584	192	765	  1	
584	199	765	  1	
584	250	765	  1	
584	382	765	  1	
586	111	765	  1	
586	296	765	  1	
589	335	765	  1	
589	560	765	  1	
590	264	765	  1	
591	109	765	  1	
591	151	765	  1	
591	192	765	  1	
591	199	765	  1	
591	208	765	  1	
591	240	765	  1	
591	368	765	  1	
591	381	765	  1	
592	 88	765	  1	
592	136	765	  1	
592	184	765	  1	
592	193	765	  1	
592	207	765	  1	
592	221	765	  1	
592	352	765	  1	
592	359	765	  1	
592	423	765	  1	
594	203	765	  1	
594	304	765	  1	
597	119	765	  1	
598	 88	765	  1	
599	199	765	  1	
599	355	765	  1	
600	112	765	  1	
600	216	765	  1	
600	232	765	  1	
600	256	765	  1	
600	263	765	  1	
600	289	765	  1	
600	320	765	  1	
600	327	765	  1	
600	335	765	  1	
600	399	765	  1	
600	402	765	  1	
603	119	765	  1	
603	214	765	  1	
604	 75	765	  1	
605	156	765	  1	
605	270	765	  1	
605	335	765	  1	
606	198	765	  1	
606	394	765	  1	
607	112	765	  1	
607	323	765	  1	
607	329	765	  1	
607	402	765	  1	
608	109	765	  1	
608	207	765	  1	
608	302	765	  1	
608	309	765	  1	
608	371	765	  1	
610	262	765	  1	
610	277	765	  1	
611	200	765	  1	
612	104	765	  1	
614	303	765	  1	
615	207	765	  1	
615	470	765	  1	
616	 79	765	  1	
616	234	765	  1	
616	239	765	  1	
616	308	765	  1	
616	524	765	  1	
618	354	765	  1	
619	  6	765	  1	
619	123	765	  1	
621	 15	765	  1	
621	208	765	  1	
621	213	765	  1	
621	312	765	  1	
623	152	765	  1	
623	167	765	  1	
623	439	765	  1	
624	  7	765	  1	
624	 56	765	  1	
626	517	765	  1	
627	  0	765	  1	
627	 99	765	  1	
629	262	765	  1	
631	  7	765	  1	
631	271	765	  1	
631	279	765	  1	
631	295	765	  1	
631	311	765	  1	
632	  8	765	  1	
632	247	765	  1	
634	 94	765	  1	
635	 15	765	  1	
635	240	765	  1	
635	434	765	  1	
636	512	765	  1	
639	  8	765	  1	
640	 19	765	  1	
640	271	765	  1	
640	280	765	  1	
640	287	765	  1	
646	512	765	  1	
647	271	765	  1	
647	511	765	  1	
648	322	765	  1	
652	371	765	  1	
655	 79	765	  1	
655	352	765	  1	
656	 87	765	  1	
656	128	765	  1	
658	144	765	  1	
658	320	765	  1	
659	 80	765	  1	
659	135	765	  1	
659	344	765	  1	
661	598	765	  1	
663	 87	765	  1	
663	128	765	  1	
663	160	765	  1	
664	147	765	  1	
666	151	765	  1	
666	160	765	  1	
668	255	765	  1	
670	264	765	  1	
670	271	765	  1	
671	151	765	  1	
671	168	765	  1	
672	  3	765	  1	
672	103	765	  1	
672	159	765	  1	
672	382	765	  1	
675	 96	765	  1	
675	202	765	  1	
677	136	765	  1	
679	103	765	  1	
680	  7	765	  1	
680	344	765	  1	
682	136	765	  1	
682	579	765	  1	
687	  8	765	  1	
688	136	765	  1	
688	280	765	  1	
695	431	765	  1	
697	255	765	  1	
700	305	765	  1	
703	248	765	  1	
711	272	765	  1	
712	271	765	  1	
728	180	765	  1	
749	136	765	  1	
