# 
#  Image file: Goad2_T0096.jpg
#  Applied threshold: 575
#  Algorithm used: fill2                 
#  Particle count: 1822
#  Location (x,y), max luminance, and mass:
# 
  0	215	765	  1	
  0	231	765	  1	
  5	263	765	  1	
  7	287	765	  1	
  8	269	765	  1	
  8	360	765	  1	
 14	255	765	  1	
 15	447	765	  1	
 19	 20	765	  1	
 19	355	765	  1	
 22	468	765	  1	
 25	538	765	  1	
 26	136	765	  1	
 27	221	765	  1	
 31	 79	765	  1	
 31	428	765	  1	
 32	296	765	  1	
 34	143	765	  1	
 39	181	765	  1	
 39	495	765	  1	
 40	243	765	  1	
 40	256	765	  1	
 40	275	765	  1	
 42	594	765	  1	
 45	232	765	  1	
 50	141	765	  1	
 53	395	765	  1	
 56	110	765	  1	
 60	511	765	  1	
 63	101	765	  1	
 63	104	765	  1	
 64	103	765	  1	
 64	368	765	  1	
 65	111	765	  1	
 67	 96	765	  1	
 67	224	765	  1	
 68	234	765	  1	
 71	103	765	  1	
 71	128	765	  1	
 71	331	765	  1	
 72	277	765	  1	
 72	295	765	  1	
 72	367	765	  1	
 75	288	765	  1	
 75	399	765	  1	
 78	342	765	  1	
 78	374	765	  1	
 79	295	765	  1	
 80	360	765	  1	
 82	340	765	  1	
 83	580	765	  1	
 84	290	765	  1	
 84	579	765	  1	
 86	149	765	  1	
 87	111	765	  1	
 88	102	765	  1	
 88	112	765	  1	
 88	119	765	  1	
 88	176	765	  1	
 89	162	765	  1	
 91	111	765	  1	
 93	366	765	  1	
 95	392	765	  1	
 95	397	765	  1	
 95	576	765	  1	
 96	130	765	  1	
 96	407	765	  1	
 96	416	765	  1	
 96	424	765	  1	
102	367	765	  1	
103	 96	765	  1	
103	404	765	  1	
104	155	765	  1	
104	213	765	  1	
104	320	765	  1	
104	544	765	  1	
104	551	765	  1	
106	432	765	  1	
107	 79	765	  1	
107	143	765	  1	
110	103	765	  1	
110	347	765	  1	
110	416	765	  1	
111	212	765	  1	
111	327	765	  1	
112	320	765	  1	
112	376	765	  1	
112	397	765	  1	
112	407	765	  1	
114	375	765	  1	
114	438	765	  1	
115	383	765	  1	
116	354	765	  1	
118	279	765	  1	
119	323	765	  1	
119	376	765	  1	
120	247	765	  1	
120	299	765	  1	
120	367	765	  1	
122	150	765	  1	
122	339	765	  1	
123	407	765	  1	
124	271	765	  1	
127	216	765	  1	
127	223	765	  1	
127	260	765	  1	
128	190	765	  1	
128	330	765	  1	
131	237	765	  1	
133	359	765	  1	
133	485	765	  1	
134	344	765	  1	
134	351	765	  1	
134	520	765	  1	
135	 55	765	  1	
135	190	765	  1	
135	203	765	  1	
135	492	765	  1	
135	503	765	  1	
136	 71	765	  1	
136	109	765	  1	
136	140	765	  1	
136	248	765	  1	
136	280	765	  1	
136	567	765	  1	
138	165	765	  1	
140	487	765	  1	
141	102	765	  1	
142	411	765	  1	
143	140	765	  1	
143	248	765	  1	
144	 40	765	  1	
144	108	765	  1	
144	112	765	  1	
144	146	765	  1	
144	198	765	  1	
144	208	765	  1	
144	259	765	  1	
144	366	765	  1	
144	370	765	  1	
146	144	765	  1	
146	264	765	  1	
146	290	765	  1	
147	 15	765	  1	
147	 47	765	  1	
147	119	765	  1	
147	346	765	  1	
148	130	765	  1	
148	151	765	  1	
149	359	765	  1	
150	184	765	  1	
150	196	765	  1	
151	 40	765	  1	
151	112	765	  1	
151	148	765	  1	
151	208	765	  1	
151	256	765	  1	
151	263	765	  1	
151	314	765	  1	
151	504	765	  1	
152	109	765	  1	
152	128	765	  1	
152	138	765	  1	
152	187	765	  1	
152	199	765	  1	
152	203	765	  1	
152	264	765	  1	
152	271	765	  1	
152	396	765	  1	
154	288	765	  1	
155	112	765	  1	
155	192	765	  1	
155	392	765	  1	
155	511	765	  1	
155	528	765	  1	
156	134	765	  1	
157	 95	765	  1	
157	106	765	  1	
158	  3	765	  1	
158	443	765	  1	
159	144	765	  1	
159	151	765	  1	
159	184	765	  1	
159	191	765	  1	
159	199	765	  1	
159	207	765	  1	
159	267	765	  1	
159	399	765	  1	
159	504	765	  1	
160	 80	765	  1	
160	175	765	  1	
160	272	765	  1	
163	279	765	  1	
163	427	765	  1	
163	488	765	  1	
164	220	765	  1	
164	472	765	  1	
165	168	765	  1	
165	181	765	  1	
166	 87	765	  1	
166	479	765	  1	
167	  8	765	  1	
167	264	765	  1	
167	320	765	  1	
167	471	765	  1	
167	528	765	  1	
168	 44	765	  1	
168	171	765	  1	
168	258	765	  1	
168	335	765	  1	
168	392	765	  1	
171	287	765	  1	
171	474	765	  1	
172	 55	765	  1	
172	599	765	  1	
173	138	765	  1	
175	168	765	  1	
175	175	765	  1	
175	224	765	  1	
175	267	765	  1	
175	331	765	  1	
175	394	765	  1	
176	  8	765	  1	
176	 80	765	  1	
176	 87	765	  1	
176	157	765	  1	
178	184	765	  1	
180	188	765	  1	
182	267	765	  1	
183	184	765	  1	
183	287	765	  1	
183	468	765	  1	
184	 23	765	  1	
184	183	765	  1	
184	247	765	  1	
184	288	765	  1	
184	359	765	  1	
184	384	765	  1	
185	349	765	  1	
186	464	765	  1	
187	 16	765	  1	
187	176	765	  1	
187	240	765	  1	
188	110	765	  1	
189	270	765	  1	
190	 51	765	  1	
191	 23	765	  1	
191	183	765	  1	
191	247	765	  1	
191	384	765	  1	
192	 32	765	  1	
192	 83	765	  1	
192	120	765	  1	
192	133	765	  1	
192	363	765	  1	
192	444	765	  1	
192	551	765	  1	
193	259	765	  1	
195	296	765	  1	
195	440	765	  1	
198	128	765	  1	
198	196	765	  1	
198	208	765	  1	
198	472	765	  1	
199	 56	765	  1	
199	 63	765	  1	
199	360	765	  1	
199	365	765	  1	
200	 16	765	  1	
200	 42	765	  1	
200	 50	765	  1	
200	131	765	  1	
200	158	765	  1	
200	219	765	  1	
200	299	765	  1	
200	378	765	  1	
200	383	765	  1	
200	424	765	  1	
200	456	765	  1	
200	463	765	  1	
202	  8	765	  1	
202	152	765	  1	
203	 22	765	  1	
203	416	765	  1	
205	  0	765	  1	
205	 53	765	  1	
205	142	765	  1	
205	158	765	  1	
205	522	765	  1	
206	379	765	  1	
207	152	765	  1	
207	383	765	  1	
207	431	765	  1	
207	459	765	  1	
208	 24	765	  1	
208	 96	765	  1	
208	112	765	  1	
208	144	765	  1	
211	 31	765	  1	
211	328	765	  1	
211	455	765	  1	
212	280	765	  1	
213	159	765	  1	
213	164	765	  1	
214	352	765	  1	
214	501	765	  1	
215	 24	765	  1	
215	 55	765	  1	
215	 96	765	  1	
215	147	765	  1	
216	 16	765	  1	
216	 20	765	  1	
216	117	765	  1	
216	125	765	  1	
216	128	765	  1	
216	152	765	  1	
216	259	765	  1	
216	443	765	  1	
218	 72	765	  1	
218	305	765	  1	
219	 48	765	  1	
219	406	765	  1	
222	152	765	  1	
222	264	765	  1	
223	 55	765	  1	
223	440	765	  1	
223	447	765	  1	
224	 32	765	  1	
224	 64	765	  1	
224	 87	765	  1	
224	 93	765	  1	
224	101	765	  1	
224	104	765	  1	
224	138	765	  1	
224	144	765	  1	
224	155	765	  1	
224	162	765	  1	
224	167	765	  1	
224	208	765	  1	
224	215	765	  1	
224	320	765	  1	
224	330	765	  1	
224	348	765	  1	
224	471	765	  1	
224	480	765	  1	
225	568	765	  1	
226	110	765	  1	
226	127	765	  1	
226	432	765	  1	
227	190	765	  1	
227	356	765	  1	
228	 80	765	  1	
229	 88	765	  1	
229	 96	765	  1	
230	480	765	  1	
231	 66	765	  1	
231	 71	765	  1	
231	211	765	  1	
231	466	765	  1	
232	 98	765	  1	
232	112	765	  1	
232	161	765	  1	
232	208	765	  1	
232	214	765	  1	
232	404	765	  1	
232	419	765	  1	
232	440	765	  1	
232	487	765	  1	
232	511	765	  1	
235	 72	765	  1	
235	127	765	  1	
235	136	765	  1	
235	416	765	  1	
235	423	765	  1	
235	480	765	  1	
235	496	765	  1	
236	116	765	  1	
236	168	765	  1	
237	  0	765	  1	
237	  7	765	  1	
237	 88	765	  1	
237	442	765	  1	
238	431	765	  1	
239	 30	765	  1	
239	351	765	  1	
239	419	765	  1	
239	487	765	  1	
240	 64	765	  1	
240	 96	765	  1	
240	182	765	  1	
240	203	765	  1	
240	226	765	  1	
240	240	765	  1	
240	313	765	  1	
240	366	765	  1	
240	392	765	  1	
240	451	765	  1	
240	472	765	  1	
240	496	765	  1	
240	592	765	  1	
242	125	765	  1	
242	151	765	  1	
242	168	765	  1	
243	216	765	  1	
243	400	765	  1	
243	479	765	  1	
243	503	765	  1	
245	112	765	  1	
245	384	765	  1	
245	440	765	  1	
245	496	765	  1	
246	144	765	  1	
247	 64	765	  1	
247	120	765	  1	
247	182	765	  1	
247	200	765	  1	
247	240	765	  1	
247	392	765	  1	
247	472	765	  1	
247	536	765	  1	
247	595	765	  1	
248	 88	765	  1	
248	131	765	  1	
248	157	765	  1	
248	187	765	  1	
248	264	765	  1	
248	268	765	  1	
248	308	765	  1	
248	379	765	  1	
248	430	765	  1	
248	471	765	  1	
249	223	765	  1	
250	152	765	  1	
250	331	765	  1	
251	464	765	  1	
251	584	765	  1	
252	 95	765	  1	
253	 31	765	  1	
253	 69	765	  1	
253	 88	765	  1	
253	159	765	  1	
253	200	765	  1	
253	207	765	  1	
253	232	765	  1	
253	239	765	  1	
254	127	765	  1	
254	269	765	  1	
255	264	765	  1	
255	339	765	  1	
255	471	765	  1	
255	535	765	  1	
255	591	765	  1	
255	598	765	  1	
256	104	765	  1	
256	111	765	  1	
256	182	765	  1	
256	191	765	  1	
256	403	765	  1	
256	432	765	  1	
256	456	765	  1	
256	463	765	  1	
256	504	765	  1	
257	 80	765	  1	
258	415	765	  1	
258	511	765	  1	
259	 10	765	  1	
259	120	765	  1	
259	192	765	  1	
259	362	765	  1	
260	208	765	  1	
260	216	765	  1	
260	408	765	  1	
262	504	765	  1	
263	187	765	  1	
263	264	765	  1	
263	271	765	  1	
263	419	765	  1	
263	459	765	  1	
264	  0	765	  1	
264	 88	765	  1	
264	144	765	  1	
264	183	765	  1	
264	198	765	  1	
264	241	765	  1	
264	380	765	  1	
264	388	765	  1	
264	435	765	  1	
264	528	765	  1	
265	480	765	  1	
266	110	765	  1	
266	176	765	  1	
266	446	765	  1	
266	483	765	  1	
267	 72	765	  1	
267	232	765	  1	
267	344	765	  1	
267	408	765	  1	
267	535	765	  1	
268	400	765	  1	
269	 46	765	  1	
269	 64	765	  1	
269	 94	765	  1	
269	191	765	  1	
269	432	765	  1	
270	104	765	  1	
270	243	765	  1	
271	144	765	  1	
271	183	765	  1	
271	234	765	  1	
271	383	765	  1	
271	403	765	  1	
271	446	765	  1	
271	528	765	  1	
272	 72	765	  1	
272	 78	765	  1	
272	 90	765	  1	
272	128	765	  1	
272	142	765	  1	
272	163	765	  1	
272	186	765	  1	
272	196	765	  1	
272	206	765	  1	
272	229	765	  1	
272	248	765	  1	
272	252	765	  1	
272	272	765	  1	
272	402	765	  1	
272	464	765	  1	
272	471	765	  1	
273	216	765	  1	
274	112	765	  1	
274	180	765	  1	
275	 80	765	  1	
275	256	765	  1	
275	520	765	  1	
276	199	765	  1	
277	 75	765	  1	
277	138	765	  1	
277	152	765	  1	
277	224	765	  1	
277	235	765	  1	
277	528	765	  1	
278	118	765	  1	
278	262	765	  1	
278	467	765	  1	
279	 64	765	  1	
279	207	765	  1	
279	278	765	  1	
279	414	765	  1	
279	440	765	  1	
280	 10	765	  1	
280	 56	765	  1	
280	 98	765	  1	
280	104	765	  1	
280	120	765	  1	
280	163	765	  1	
280	288	765	  1	
280	300	765	  1	
280	320	765	  1	
280	392	765	  1	
280	396	765	  1	
280	496	765	  1	
280	503	765	  1	
280	595	765	  1	
281	141	765	  1	
281	492	765	  1	
282	296	765	  1	
283	124	765	  1	
283	136	765	  1	
283	310	765	  1	
283	408	765	  1	
283	536	765	  1	
285	216	765	  1	
286	 56	765	  1	
286	 76	765	  1	
286	 88	765	  1	
287	120	765	  1	
287	160	765	  1	
287	167	765	  1	
287	199	765	  1	
287	296	765	  1	
287	499	765	  1	
287	579	765	  1	
288	 67	765	  1	
288	 87	765	  1	
288	157	765	  1	
288	171	765	  1	
288	176	765	  1	
288	180	765	  1	
288	206	765	  1	
288	286	765	  1	
288	339	765	  1	
288	504	765	  1	
288	592	765	  1	
288	599	765	  1	
289	370	765	  1	
291	202	765	  1	
291	240	765	  1	
291	291	765	  1	
291	327	765	  1	
291	509	765	  1	
293	  0	765	  1	
293	 74	765	  1	
293	128	765	  1	
294	344	765	  1	
294	573	765	  1	
295	 64	765	  1	
295	 87	765	  1	
295	320	765	  1	
295	336	765	  1	
295	488	765	  1	
296	  7	765	  1	
296	104	765	  1	
296	108	765	  1	
296	112	765	  1	
296	146	765	  1	
296	186	765	  1	
296	191	765	  1	
296	199	765	  1	
296	252	765	  1	
296	296	765	  1	
296	311	765	  1	
296	326	765	  1	
296	421	765	  1	
296	539	765	  1	
298	224	765	  1	
298	230	765	  1	
299	 64	765	  1	
299	424	765	  1	
299	512	765	  1	
299	571	765	  1	
300	  3	765	  1	
300	362	765	  1	
300	416	765	  1	
300	588	765	  1	
301	104	765	  1	
301	287	765	  1	
301	323	765	  1	
302	 83	765	  1	
303	151	765	  1	
303	199	765	  1	
303	224	765	  1	
303	230	765	  1	
304	 72	765	  1	
304	 76	765	  1	
304	200	765	  1	
304	211	765	  1	
304	216	765	  1	
304	327	765	  1	
304	354	765	  1	
304	371	765	  1	
304	496	765	  1	
306	230	765	  1	
306	288	765	  1	
307	  0	765	  1	
307	311	765	  1	
307	406	765	  1	
308	  5	765	  1	
308	302	765	  1	
308	335	765	  1	
309	183	765	  1	
309	306	765	  1	
309	382	765	  1	
310	204	765	  1	
310	224	765	  1	
310	322	765	  1	
311	 19	765	  1	
311	216	765	  1	
311	296	765	  1	
311	327	765	  1	
311	368	765	  1	
311	496	765	  1	
312	 96	765	  1	
312	123	765	  1	
312	139	765	  1	
312	208	765	  1	
312	232	765	  1	
312	280	765	  1	
312	295	765	  1	
312	328	765	  1	
312	371	765	  1	
312	472	765	  1	
312	547	765	  1	
312	592	765	  1	
313	231	765	  1	
314	131	765	  1	
315	 64	765	  1	
315	152	765	  1	
315	183	765	  1	
315	200	765	  1	
315	240	765	  1	
315	528	765	  1	
316	109	765	  1	
317	  4	765	  1	
317	104	765	  1	
317	214	765	  1	
317	264	765	  1	
317	272	765	  1	
317	360	765	  1	
317	365	765	  1	
317	376	765	  1	
317	383	765	  1	
318	328	765	  1	
319	 16	765	  1	
319	 23	765	  1	
319	 80	765	  1	
319	224	765	  1	
319	368	765	  1	
320	 75	765	  1	
320	 88	765	  1	
320	112	765	  1	
320	181	765	  1	
320	184	765	  1	
320	248	765	  1	
320	271	765	  1	
320	312	765	  1	
320	349	765	  1	
320	392	765	  1	
320	438	765	  1	
320	512	765	  1	
320	568	765	  1	
321	188	765	  1	
321	582	765	  1	
323	158	765	  1	
323	256	765	  1	
323	263	765	  1	
323	319	765	  1	
325	 78	765	  1	
325	128	765	  1	
325	144	765	  1	
325	480	765	  1	
326	173	765	  1	
326	184	765	  1	
326	285	765	  1	
326	436	765	  1	
326	448	765	  1	
327	112	765	  1	
327	271	765	  1	
327	312	765	  1	
327	323	765	  1	
327	519	765	  1	
328	 55	765	  1	
328	 64	765	  1	
328	 93	765	  1	
328	122	765	  1	
328	168	765	  1	
328	177	765	  1	
328	191	765	  1	
328	200	765	  1	
328	210	765	  1	
328	216	765	  1	
328	234	765	  1	
328	239	765	  1	
328	254	765	  1	
328	280	765	  1	
328	288	765	  1	
328	439	765	  1	
328	512	765	  1	
328	543	765	  1	
328	576	765	  1	
330	152	765	  1	
330	509	765	  1	
330	518	765	  1	
331	 48	765	  1	
331	222	765	  1	
331	296	765	  1	
332	472	765	  1	
332	512	765	  1	
333	251	765	  1	
333	318	765	  1	
333	408	765	  1	
333	415	765	  1	
333	424	765	  1	
334	112	765	  1	
334	212	765	  1	
334	216	765	  1	
334	479	765	  1	
335	 55	765	  1	
335	 67	765	  1	
335	519	765	  1	
336	 12	765	  1	
336	 96	765	  1	
336	107	765	  1	
336	179	765	  1	
336	208	765	  1	
336	231	765	  1	
336	272	765	  1	
336	286	765	  1	
336	295	765	  1	
336	304	765	  1	
336	358	765	  1	
336	456	765	  1	
337	235	765	  1	
338	192	765	  1	
338	290	765	  1	
339	279	765	  1	
339	392	765	  1	
339	418	765	  1	
340	102	765	  1	
340	199	765	  1	
340	224	765	  1	
340	312	765	  1	
341	 80	765	  1	
341	211	765	  1	
341	283	765	  1	
341	307	765	  1	
341	328	765	  1	
341	335	765	  1	
342	373	765	  1	
343	272	765	  1	
343	295	765	  1	
343	412	765	  1	
343	458	765	  1	
343	480	765	  1	
343	487	765	  1	
343	544	765	  1	
344	  7	765	  1	
344	134	765	  1	
344	151	765	  1	
344	159	765	  1	
344	205	765	  1	
344	232	765	  1	
344	253	765	  1	
344	344	765	  1	
344	351	765	  1	
344	416	765	  1	
344	426	765	  1	
345	 79	765	  1	
346	 32	765	  1	
346	153	765	  1	
346	294	765	  1	
346	463	765	  1	
346	504	765	  1	
347	 15	765	  1	
347	128	765	  1	
347	240	765	  1	
347	247	765	  1	
347	384	765	  1	
348	 72	765	  1	
349	 95	765	  1	
349	159	765	  1	
349	200	765	  1	
350	288	765	  1	
350	376	765	  1	
350	405	765	  1	
351	 11	765	  1	
351	144	765	  1	
351	216	765	  1	
351	395	765	  1	
352	101	765	  1	
352	160	765	  1	
352	194	765	  1	
352	199	765	  1	
352	208	765	  1	
352	232	765	  1	
352	248	765	  1	
352	255	765	  1	
352	280	765	  1	
352	286	765	  1	
352	295	765	  1	
352	367	765	  1	
352	383	765	  1	
352	440	765	  1	
353	112	765	  1	
353	127	765	  1	
354	239	765	  1	
355	  0	765	  1	
355	 16	765	  1	
355	 23	765	  1	
355	136	765	  1	
355	191	765	  1	
355	400	765	  1	
355	543	765	  1	
356	151	765	  1	
356	315	765	  1	
357	211	765	  1	
358	144	765	  1	
358	216	765	  1	
359	184	765	  1	
359	251	765	  1	
359	276	765	  1	
359	367	765	  1	
360	  0	765	  1	
360	 39	765	  1	
360	 56	765	  1	
360	 95	765	  1	
360	103	765	  1	
360	106	765	  1	
360	111	765	  1	
360	170	765	  1	
360	207	765	  1	
360	220	765	  1	
360	256	765	  1	
360	269	765	  1	
360	292	765	  1	
360	299	765	  1	
360	392	765	  1	
360	398	765	  1	
360	527	765	  1	
360	551	765	  1	
361	139	765	  1	
363	 24	765	  1	
363	 31	765	  1	
363	157	765	  1	
364	103	765	  1	
365	 80	765	  1	
365	 87	765	  1	
365	187	765	  1	
365	213	765	  1	
365	395	765	  1	
366	 59	765	  1	
366	192	765	  1	
367	138	765	  1	
367	216	765	  1	
367	264	765	  1	
367	268	765	  1	
367	288	765	  1	
367	299	765	  1	
367	543	765	  1	
368	 29	765	  1	
368	301	765	  1	
368	362	765	  1	
368	434	765	  1	
368	467	765	  1	
368	520	765	  1	
370	107	765	  1	
370	235	765	  1	
370	296	765	  1	
371	288	765	  1	
372	392	765	  1	
373	 20	765	  1	
373	 40	765	  1	
373	 88	765	  1	
373	 99	765	  1	
373	184	765	  1	
373	191	765	  1	
374	 72	765	  1	
374	104	765	  1	
374	447	765	  1	
375	 56	765	  1	
375	130	765	  1	
375	224	765	  1	
375	387	765	  1	
375	464	765	  1	
375	471	765	  1	
376	  0	765	  1	
376	 10	765	  1	
376	 51	765	  1	
376	109	765	  1	
376	117	765	  1	
376	183	765	  1	
376	197	765	  1	
376	204	765	  1	
376	216	765	  1	
376	426	765	  1	
377	104	765	  1	
378	120	765	  1	
379	133	765	  1	
379	168	765	  1	
379	261	765	  1	
380	342	765	  1	
381	  2	765	  1	
381	 30	765	  1	
381	109	765	  1	
381	424	765	  1	
381	431	765	  1	
381	448	765	  1	
381	455	765	  1	
382	 92	765	  1	
382	104	765	  1	
382	177	765	  1	
382	336	765	  1	
383	 48	765	  1	
383	126	765	  1	
383	216	765	  1	
383	247	765	  1	
383	582	765	  1	
384	 20	765	  1	
384	 47	765	  1	
384	141	765	  1	
384	248	765	  1	
385	 42	765	  1	
386	 94	765	  1	
386	117	765	  1	
386	251	765	  1	
387	124	765	  1	
387	327	765	  1	
388	255	765	  1	
388	344	765	  1	
389	 44	765	  1	
389	136	765	  1	
389	184	765	  1	
389	563	765	  1	
390	 14	765	  1	
390	357	765	  1	
390	383	765	  1	
391	 54	765	  1	
391	112	765	  1	
391	191	765	  1	
391	320	765	  1	
392	 56	765	  1	
392	 96	765	  1	
392	155	765	  1	
392	165	765	  1	
392	210	765	  1	
392	232	765	  1	
392	288	765	  1	
392	294	765	  1	
392	300	765	  1	
392	384	765	  1	
395	 16	765	  1	
395	248	765	  1	
395	344	765	  1	
395	432	765	  1	
396	328	765	  1	
397	174	765	  1	
397	206	765	  1	
399	136	765	  1	
399	232	765	  1	
399	335	765	  1	
399	399	765	  1	
400	  0	765	  1	
400	 40	765	  1	
400	 72	765	  1	
400	144	765	  1	
400	154	765	  1	
400	168	765	  1	
400	184	765	  1	
400	218	765	  1	
400	248	765	  1	
400	256	765	  1	
400	358	765	  1	
400	416	765	  1	
403	 64	765	  1	
403	150	765	  1	
404	 72	765	  1	
404	200	765	  1	
404	388	765	  1	
405	152	765	  1	
405	311	765	  1	
406	144	765	  1	
406	207	765	  1	
407	 77	765	  1	
407	240	765	  1	
407	248	765	  1	
407	547	765	  1	
408	 23	765	  1	
408	 39	765	  1	
408	 61	765	  1	
408	100	765	  1	
408	107	765	  1	
408	320	765	  1	
409	428	765	  1	
410	 90	765	  1	
411	 16	765	  1	
411	 24	765	  1	
411	240	765	  1	
411	279	765	  1	
411	458	765	  1	
413	  2	765	  1	
413	 56	765	  1	
414	248	765	  1	
415	 23	765	  1	
415	 87	765	  1	
415	152	765	  1	
415	166	765	  1	
415	206	765	  1	
415	416	765	  1	
415	512	765	  1	
416	 27	765	  1	
416	 48	765	  1	
416	 52	765	  1	
416	 88	765	  1	
416	 98	765	  1	
416	139	765	  1	
416	144	765	  1	
416	165	765	  1	
416	168	765	  1	
416	175	765	  1	
416	240	765	  1	
416	255	765	  1	
416	272	765	  1	
416	296	765	  1	
416	347	765	  1	
418	 64	765	  1	
418	 87	765	  1	
419	 40	765	  1	
419	 54	765	  1	
419	165	765	  1	
419	213	765	  1	
419	416	765	  1	
421	216	765	  1	
421	221	765	  1	
421	246	765	  1	
421	403	765	  1	
422	 25	765	  1	
422	127	765	  1	
422	132	765	  1	
422	154	765	  1	
422	351	765	  1	
423	 76	765	  1	
423	112	765	  1	
423	159	765	  1	
423	171	765	  1	
423	250	765	  1	
424	 15	765	  1	
424	 72	765	  1	
424	136	765	  1	
424	232	765	  1	
424	239	765	  1	
424	339	765	  1	
424	463	765	  1	
424	504	765	  1	
426	 87	765	  1	
426	188	765	  1	
427	120	765	  1	
429	 30	765	  1	
429	 55	765	  1	
430	223	765	  1	
430	368	765	  1	
431	  7	765	  1	
431	144	765	  1	
431	463	765	  1	
432	 88	765	  1	
432	142	765	  1	
432	181	765	  1	
432	229	765	  1	
432	247	765	  1	
432	331	765	  1	
432	352	765	  1	
432	389	765	  1	
432	408	765	  1	
433	151	765	  1	
434	168	765	  1	
434	240	765	  1	
435	  0	765	  1	
435	128	765	  1	
436	139	765	  1	
436	359	765	  1	
437	200	765	  1	
437	224	765	  1	
437	248	765	  1	
438	 72	765	  1	
438	133	765	  1	
438	384	765	  1	
439	148	765	  1	
439	175	765	  1	
439	255	765	  1	
439	367	765	  1	
439	372	765	  1	
439	415	765	  1	
440	 63	765	  1	
440	101	765	  1	
440	120	765	  1	
440	136	765	  1	
440	179	765	  1	
440	216	765	  1	
440	352	765	  1	
440	359	765	  1	
441	 19	765	  1	
442	157	765	  1	
442	295	765	  1	
443	 56	765	  1	
445	 88	765	  1	
445	118	765	  1	
445	240	765	  1	
446	248	765	  1	
446	267	765	  1	
447	 63	765	  1	
447	151	765	  1	
447	167	765	  1	
447	179	765	  1	
447	216	765	  1	
447	336	765	  1	
447	355	765	  1	
448	 64	765	  1	
448	 76	765	  1	
448	122	765	  1	
448	128	765	  1	
448	188	765	  1	
448	192	765	  1	
448	222	765	  1	
448	229	765	  1	
448	350	765	  1	
448	381	765	  1	
450	112	765	  1	
450	191	765	  1	
450	199	765	  1	
450	344	765	  1	
451	 96	765	  1	
451	135	765	  1	
451	144	765	  1	
451	176	765	  1	
453	123	765	  1	
453	219	765	  1	
453	350	765	  1	
453	360	765	  1	
454	118	765	  1	
455	 64	765	  1	
455	128	765	  1	
455	188	765	  1	
455	344	765	  1	
456	 16	765	  1	
456	 26	765	  1	
456	 79	765	  1	
456	 85	765	  1	
456	176	765	  1	
456	208	765	  1	
456	288	765	  1	
456	296	765	  1	
456	311	765	  1	
456	374	765	  1	
458	 72	765	  1	
458	243	765	  1	
458	368	765	  1	
461	104	765	  1	
461	290	765	  1	
461	304	765	  1	
461	374	765	  1	
462	381	765	  1	
462	519	765	  1	
463	 15	765	  1	
463	 79	765	  1	
463	368	765	  1	
464	 88	765	  1	
464	152	765	  1	
464	165	765	  1	
464	207	765	  1	
464	246	765	  1	
464	352	765	  1	
466	174	765	  1	
466	344	765	  1	
467	 72	765	  1	
468	160	765	  1	
470	168	765	  1	
470	216	765	  1	
470	223	765	  1	
471	 29	765	  1	
471	 88	765	  1	
471	307	765	  1	
472	 60	765	  1	
472	120	765	  1	
472	141	765	  1	
472	156	765	  1	
472	176	765	  1	
472	258	765	  1	
472	264	765	  1	
472	320	765	  1	
472	560	765	  1	
475	 79	765	  1	
475	104	765	  1	
475	111	765	  1	
475	248	765	  1	
475	271	765	  1	
475	327	765	  1	
476	125	765	  1	
476	240	765	  1	
477	136	765	  1	
477	163	765	  1	
478	 47	765	  1	
478	 56	765	  1	
478	 72	765	  1	
478	464	765	  1	
479	 50	765	  1	
479	144	765	  1	
479	176	765	  1	
479	264	765	  1	
479	320	765	  1	
480	 77	765	  1	
480	 94	765	  1	
480	103	765	  1	
480	112	765	  1	
480	131	765	  1	
480	203	765	  1	
480	214	765	  1	
480	224	765	  1	
480	271	765	  1	
480	384	765	  1	
482	182	765	  1	
483	 16	765	  1	
483	231	765	  1	
483	320	765	  1	
484	128	765	  1	
484	172	765	  1	
485	 72	765	  1	
485	120	765	  1	
485	136	765	  1	
486	 23	765	  1	
486	 52	765	  1	
486	176	765	  1	
486	200	765	  1	
486	344	765	  1	
487	 19	765	  1	
487	208	765	  1	
487	267	765	  1	
488	 11	765	  1	
488	 20	765	  1	
488	 27	765	  1	
488	 66	765	  1	
488	 71	765	  1	
488	109	765	  1	
488	133	765	  1	
488	232	765	  1	
488	239	765	  1	
488	244	765	  1	
488	263	765	  1	
488	287	765	  1	
488	352	765	  1	
488	576	765	  1	
490	104	765	  1	
490	206	765	  1	
491	 98	765	  1	
491	256	765	  1	
491	264	765	  1	
491	271	765	  1	
491	359	765	  1	
493	 51	765	  1	
493	182	765	  1	
494	 23	765	  1	
494	 79	765	  1	
494	 95	765	  1	
494	110	765	  1	
494	200	765	  1	
494	211	765	  1	
494	245	765	  1	
494	328	765	  1	
494	335	765	  1	
495	 31	765	  1	
495	235	765	  1	
495	263	765	  1	
495	352	765	  1	
496	 11	765	  1	
496	 74	765	  1	
496	105	765	  1	
496	160	765	  1	
496	173	765	  1	
496	184	765	  1	
496	215	765	  1	
496	227	765	  1	
496	288	765	  1	
496	344	765	  1	
496	357	765	  1	
497	  8	765	  1	
497	 15	765	  1	
497	 35	765	  1	
497	111	765	  1	
498	133	765	  1	
498	190	765	  1	
498	267	765	  1	
499	  0	765	  1	
499	 80	765	  1	
499	136	765	  1	
499	147	765	  1	
499	208	765	  1	
499	304	765	  1	
499	311	765	  1	
499	350	765	  1	
500	105	765	  1	
501	 70	765	  1	
501	 79	765	  1	
501	128	765	  1	
501	240	765	  1	
502	 11	765	  1	
502	 45	765	  1	
502	163	765	  1	
502	171	765	  1	
502	184	765	  1	
502	264	765	  1	
502	271	765	  1	
503	 23	765	  1	
503	 48	765	  1	
503	 55	765	  1	
503	215	765	  1	
504	 11	765	  1	
504	 64	765	  1	
504	 88	765	  1	
504	134	765	  1	
504	139	765	  1	
504	176	765	  1	
504	312	765	  1	
504	319	765	  1	
504	324	765	  1	
504	343	765	  1	
504	360	765	  1	
504	469	765	  1	
507	 31	765	  1	
508	 18	765	  1	
508	384	765	  1	
509	131	765	  1	
510	338	765	  1	
511	 24	765	  1	
511	157	765	  1	
511	315	765	  1	
511	327	765	  1	
511	360	765	  1	
512	  3	765	  1	
512	 86	765	  1	
512	147	765	  1	
512	212	765	  1	
512	224	765	  1	
512	340	765	  1	
512	396	765	  1	
515	 34	765	  1	
515	 52	765	  1	
515	 70	765	  1	
515	102	765	  1	
515	208	765	  1	
515	267	765	  1	
515	312	765	  1	
516	150	765	  1	
516	415	765	  1	
517	  0	765	  1	
517	162	765	  1	
517	191	765	  1	
517	212	765	  1	
518	 87	765	  1	
518	 96	765	  1	
518	351	765	  1	
518	399	765	  1	
518	408	765	  1	
519	343	765	  1	
520	151	765	  1	
520	169	765	  1	
520	192	765	  1	
520	415	765	  1	
522	204	765	  1	
523	 96	765	  1	
523	147	765	  1	
523	152	765	  1	
523	160	765	  1	
523	214	765	  1	
523	279	765	  1	
525	232	765	  1	
525	248	765	  1	
525	296	765	  1	
525	312	765	  1	
526	 62	765	  1	
526	144	765	  1	
527	 35	765	  1	
527	518	765	  1	
528	122	765	  1	
528	126	765	  1	
528	132	765	  1	
528	136	765	  1	
528	188	765	  1	
528	229	765	  1	
528	235	765	  1	
528	264	765	  1	
528	277	765	  1	
528	288	765	  1	
529	152	765	  1	
529	591	765	  1	
530	119	765	  1	
530	206	765	  1	
531	 91	765	  1	
531	246	765	  1	
531	271	765	  1	
532	384	765	  1	
533	224	765	  1	
533	294	765	  1	
533	303	765	  1	
534	196	765	  1	
534	200	765	  1	
534	235	765	  1	
535	115	765	  1	
535	240	765	  1	
535	264	765	  1	
535	439	765	  1	
536	 58	765	  1	
536	 64	765	  1	
536	 71	765	  1	
536	122	765	  1	
536	146	765	  1	
536	168	765	  1	
536	175	765	  1	
536	184	765	  1	
536	187	765	  1	
536	211	765	  1	
536	216	765	  1	
536	229	765	  1	
536	251	765	  1	
536	267	765	  1	
536	285	765	  1	
536	435	765	  1	
539	 10	765	  1	
539	 63	765	  1	
539	 80	765	  1	
539	272	765	  1	
539	391	765	  1	
540	368	765	  1	
541	 88	765	  1	
541	 95	765	  1	
541	112	765	  1	
541	127	765	  1	
541	280	765	  1	
542	375	765	  1	
543	 67	765	  1	
543	118	765	  1	
543	144	765	  1	
543	151	765	  1	
543	264	765	  1	
543	271	765	  1	
543	384	765	  1	
544	 72	765	  1	
544	128	765	  1	
544	134	765	  1	
544	163	765	  1	
544	176	765	  1	
544	219	765	  1	
544	240	765	  1	
544	312	765	  1	
544	325	765	  1	
544	352	765	  1	
544	402	765	  1	
545	 96	765	  1	
545	144	765	  1	
546	 77	765	  1	
546	359	765	  1	
547	  8	765	  1	
547	160	765	  1	
547	167	765	  1	
547	368	765	  1	
547	391	765	  1	
549	151	765	  1	
549	159	765	  1	
549	302	765	  1	
550	 16	765	  1	
550	208	765	  1	
550	320	765	  1	
551	 72	765	  1	
551	163	765	  1	
551	280	765	  1	
551	375	765	  1	
551	382	765	  1	
552	 64	765	  1	
552	118	765	  1	
552	247	765	  1	
552	272	765	  1	
552	323	765	  1	
552	327	765	  1	
552	352	765	  1	
552	378	765	  1	
554	104	765	  1	
554	112	765	  1	
554	144	765	  1	
554	200	765	  1	
555	176	765	  1	
555	232	765	  1	
555	358	765	  1	
556	352	765	  1	
558	 48	765	  1	
558	110	765	  1	
558	118	765	  1	
558	136	765	  1	
558	185	765	  1	
559	 64	765	  1	
559	159	765	  1	
559	247	765	  1	
560	 35	765	  1	
560	203	765	  1	
560	211	765	  1	
560	224	765	  1	
560	236	765	  1	
560	272	765	  1	
560	296	765	  1	
560	306	765	  1	
560	376	765	  1	
560	439	765	  1	
561	120	765	  1	
563	383	765	  1	
566	302	765	  1	
567	376	765	  1	
568	 15	765	  1	
568	 91	765	  1	
568	140	765	  1	
568	199	765	  1	
568	205	765	  1	
568	239	765	  1	
568	248	765	  1	
568	264	765	  1	
568	330	765	  1	
568	341	765	  1	
568	363	765	  1	
568	400	765	  1	
570	158	765	  1	
571	200	765	  1	
571	240	765	  1	
571	296	765	  1	
571	327	765	  1	
571	407	765	  1	
573	143	765	  1	
573	152	765	  1	
573	254	765	  1	
574	  8	765	  1	
574	192	765	  1	
574	199	765	  1	
574	235	765	  1	
574	335	765	  1	
575	302	765	  1	
575	400	765	  1	
576	 79	765	  1	
576	109	765	  1	
576	248	765	  1	
576	285	765	  1	
576	392	765	  1	
576	512	765	  1	
577	227	765	  1	
578	 64	765	  1	
578	264	765	  1	
579	463	765	  1	
580	184	765	  1	
581	 71	765	  1	
582	104	765	  1	
582	181	765	  1	
582	240	765	  1	
583	279	765	  1	
583	368	765	  1	
584	  0	765	  1	
584	 64	765	  1	
584	 80	765	  1	
584	 87	765	  1	
584	108	765	  1	
584	141	765	  1	
584	164	765	  1	
584	173	765	  1	
584	205	765	  1	
584	218	765	  1	
584	227	765	  1	
584	259	765	  1	
584	270	765	  1	
584	280	765	  1	
584	291	765	  1	
584	301	765	  1	
584	324	765	  1	
584	339	765	  1	
584	348	765	  1	
584	371	765	  1	
585	295	765	  1	
586	335	765	  1	
587	200	765	  1	
587	296	765	  1	
588	311	765	  1	
588	315	765	  1	
588	344	765	  1	
588	411	765	  1	
589	101	765	  1	
589	136	765	  1	
589	160	765	  1	
589	168	765	  1	
589	216	765	  1	
589	223	765	  1	
589	238	765	  1	
589	286	765	  1	
589	325	765	  1	
589	349	765	  1	
590	 64	765	  1	
591	 83	765	  1	
591	109	765	  1	
591	478	765	  1	
592	 16	765	  1	
592	 48	765	  1	
592	157	765	  1	
592	162	765	  1	
592	167	765	  1	
592	205	765	  1	
592	240	765	  1	
592	244	765	  1	
592	253	765	  1	
592	304	765	  1	
592	311	765	  1	
592	320	765	  1	
592	339	765	  1	
594	 56	765	  1	
594	248	765	  1	
595	152	765	  1	
595	224	765	  1	
595	326	765	  1	
595	379	765	  1	
595	575	765	  1	
596	 78	765	  1	
596	350	765	  1	
598	 72	765	  1	
598	162	765	  1	
598	229	765	  1	
598	254	765	  1	
599	 48	765	  1	
599	 63	765	  1	
599	167	765	  1	
599	206	765	  1	
599	307	765	  1	
599	336	765	  1	
599	343	765	  1	
600	114	765	  1	
600	266	765	  1	
601	 88	765	  1	
602	413	765	  1	
603	128	765	  1	
603	135	765	  1	
603	213	765	  1	
604	528	765	  1	
605	264	765	  1	
605	271	765	  1	
606	 79	765	  1	
607	 88	765	  1	
607	 94	765	  1	
607	208	765	  1	
607	363	765	  1	
608	  7	765	  1	
608	100	765	  1	
608	120	765	  1	
608	144	765	  1	
608	268	765	  1	
608	272	765	  1	
608	276	765	  1	
608	282	765	  1	
608	287	765	  1	
608	351	765	  1	
610	228	765	  1	
610	280	765	  1	
610	285	765	  1	
610	328	765	  1	
611	 15	765	  1	
611	127	765	  1	
613	103	765	  1	
613	287	765	  1	
613	479	765	  1	
614	539	765	  1	
615	120	765	  1	
616	 71	765	  1	
616	 90	765	  1	
616	359	765	  1	
618	256	765	  1	
619	102	765	  1	
619	287	765	  1	
622	283	765	  1	
622	567	765	  1	
623	 71	765	  1	
623	128	765	  1	
623	256	765	  1	
624	127	765	  1	
624	171	765	  1	
624	204	765	  1	
624	240	765	  1	
624	248	765	  1	
624	280	765	  1	
624	292	765	  1	
624	344	765	  1	
624	451	765	  1	
624	480	765	  1	
627	120	765	  1	
627	262	765	  1	
629	352	765	  1	
630	288	765	  1	
631	127	765	  1	
631	271	765	  1	
631	487	765	  1	
631	547	765	  1	
632	376	765	  1	
632	391	765	  1	
634	248	765	  1	
634	357	765	  1	
635	352	765	  1	
636	 54	765	  1	
637	 96	765	  1	
638	 64	765	  1	
638	103	765	  1	
640	 77	765	  1	
640	112	765	  1	
640	119	765	  1	
640	232	765	  1	
640	240	765	  1	
640	274	765	  1	
640	280	765	  1	
640	287	765	  1	
642	384	765	  1	
643	 72	765	  1	
643	239	765	  1	
645	126	765	  1	
647	 89	765	  1	
647	115	765	  1	
647	232	765	  1	
647	247	765	  1	
647	527	765	  1	
648	366	765	  1	
648	372	765	  1	
654	183	765	  1	
654	372	765	  1	
655	 95	765	  1	
655	439	765	  1	
656	160	765	  1	
656	328	765	  1	
656	360	765	  1	
663	 74	765	  1	
663	456	765	  1	
664	112	765	  1	
664	119	765	  1	
664	192	765	  1	
664	232	765	  1	
668	176	765	  1	
669	261	765	  1	
671	112	765	  1	
671	119	765	  1	
671	168	765	  1	
671	234	765	  1	
672	408	765	  1	
675	351	765	  1	
676	370	765	  1	
677	136	765	  1	
680	135	765	  1	
680	171	765	  1	
687	  0	765	  1	
687	128	765	  1	
687	168	765	  1	
687	175	765	  1	
688	136	765	  1	
688	279	765	  1	
690	391	765	  1	
690	455	765	  1	
695	279	765	  1	
704	299	765	  1	
705	231	765	  1	
708	207	765	  1	
