# 
#  Image file: Goad2_T0163.jpg
#  Applied threshold: 575
#  Algorithm used: fill2                 
#  Particle count: 1690
#  Location (x,y), max luminance, and mass:
# 
  3	287	765	  1	
  5	187	765	  1	
  9	365	765	  1	
 11	375	765	  1	
 22	399	765	  1	
 23	312	765	  1	
 23	397	765	  1	
 29	280	765	  1	
 29	411	765	  1	
 32	111	765	  1	
 32	239	765	  1	
 32	256	765	  1	
 32	279	765	  1	
 32	356	765	  1	
 35	263	765	  1	
 35	272	765	  1	
 37	231	765	  1	
 39	256	765	  1	
 39	279	765	  1	
 40	251	765	  1	
 40	271	765	  1	
 41	532	765	  1	
 43	175	765	  1	
 46	403	765	  1	
 47	271	765	  1	
 48	108	765	  1	
 51	248	765	  1	
 55	550	765	  1	
 58	183	765	  1	
 58	257	765	  1	
 63	101	765	  1	
 63	256	765	  1	
 64	104	765	  1	
 64	160	765	  1	
 64	274	765	  1	
 65	111	765	  1	
 71	111	765	  1	
 71	272	765	  1	
 72	416	765	  1	
 78	183	765	  1	
 79	373	765	  1	
 79	416	765	  1	
 80	120	765	  1	
 84	144	765	  1	
 86	151	765	  1	
 88	167	765	  1	
 88	232	765	  1	
 88	238	765	  1	
 88	255	765	  1	
 88	599	765	  1	
 91	 95	765	  1	
 91	248	765	  1	
 92	363	765	  1	
 95	255	765	  1	
 96	141	765	  1	
 96	387	765	  1	
 96	399	765	  1	
 96	410	765	  1	
 99	112	765	  1	
 99	175	765	  1	
 99	392	765	  1	
102	119	765	  1	
102	136	765	  1	
103	367	765	  1	
103	384	765	  1	
103	391	765	  1	
103	399	765	  1	
104	392	765	  1	
109	131	765	  1	
109	152	765	  1	
110	279	765	  1	
111	168	765	  1	
112	135	765	  1	
112	357	765	  1	
112	367	765	  1	
114	407	765	  1	
115	128	765	  1	
115	144	765	  1	
115	360	765	  1	
116	397	765	  1	
119	135	765	  1	
119	367	765	  1	
120	149	765	  1	
120	217	765	  1	
120	221	765	  1	
120	234	765	  1	
120	408	765	  1	
123	403	765	  1	
123	416	765	  1	
124	128	765	  1	
124	144	765	  1	
124	351	765	  1	
126	159	765	  1	
126	224	765	  1	
127	422	765	  1	
128	150	765	  1	
128	200	765	  1	
128	206	765	  1	
128	262	765	  1	
130	188	765	  1	
130	288	765	  1	
131	 79	765	  1	
131	135	765	  1	
131	474	765	  1	
132	 68	765	  1	
133	203	765	  1	
133	351	765	  1	
133	442	765	  1	
133	595	765	  1	
135	128	765	  1	
135	216	765	  1	
135	520	765	  1	
135	551	765	  1	
136	119	765	  1	
136	158	765	  1	
136	168	765	  1	
136	197	765	  1	
136	282	765	  1	
136	341	765	  1	
138	356	765	  1	
139	175	765	  1	
139	192	765	  1	
139	200	765	  1	
141	  7	765	  1	
143	 86	765	  1	
143	158	765	  1	
143	168	765	  1	
143	298	765	  1	
143	352	765	  1	
144	112	765	  1	
144	175	765	  1	
144	191	765	  1	
144	259	765	  1	
146	196	765	  1	
146	208	765	  1	
146	320	765	  1	
146	551	765	  1	
147	119	765	  1	
147	168	765	  1	
147	368	765	  1	
148	303	765	  1	
148	384	765	  1	
150	189	765	  1	
150	336	765	  1	
150	343	765	  1	
151	112	765	  1	
151	175	765	  1	
151	255	765	  1	
151	263	765	  1	
151	320	765	  1	
152	160	765	  1	
152	167	765	  1	
152	197	765	  1	
152	303	765	  1	
153	228	765	  1	
153	296	765	  1	
154	136	765	  1	
154	237	765	  1	
157	202	765	  1	
157	207	765	  1	
157	344	765	  1	
157	349	765	  1	
158	163	765	  1	
158	300	765	  1	
159	184	765	  1	
159	199	765	  1	
159	226	765	  1	
159	232	765	  1	
160	131	765	  1	
160	142	765	  1	
160	179	765	  1	
160	251	765	  1	
160	272	765	  1	
160	351	765	  1	
163	 39	765	  1	
165	136	765	  1	
165	183	765	  1	
165	266	765	  1	
165	376	765	  1	
165	383	765	  1	
166	164	765	  1	
167	128	765	  1	
167	272	765	  1	
167	344	765	  1	
168	123	765	  1	
168	166	765	  1	
168	296	765	  1	
168	307	765	  1	
173	160	765	  1	
173	254	765	  1	
173	304	765	  1	
173	384	765	  1	
174	392	765	  1	
175	120	765	  1	
175	127	765	  1	
176	 99	765	  1	
176	156	765	  1	
176	208	765	  1	
176	232	765	  1	
176	291	765	  1	
176	307	765	  1	
176	389	765	  1	
176	407	765	  1	
177	152	765	  1	
178	199	765	  1	
179	136	765	  1	
179	167	765	  1	
179	293	765	  1	
179	400	765	  1	
180	184	765	  1	
181	208	765	  1	
181	311	765	  1	
181	317	765	  1	
182	333	765	  1	
183	160	765	  1	
183	288	765	  1	
183	407	765	  1	
184	130	765	  1	
184	144	765	  1	
184	152	765	  1	
184	200	765	  1	
184	247	765	  1	
184	264	765	  1	
184	304	765	  1	
184	376	765	  1	
187	 75	765	  1	
187	135	765	  1	
187	207	765	  1	
187	240	765	  1	
189	368	765	  1	
190	152	765	  1	
190	391	765	  1	
191	200	765	  1	
191	247	765	  1	
192	114	765	  1	
192	128	765	  1	
192	184	765	  1	
192	191	765	  1	
192	214	765	  1	
192	239	765	  1	
192	287	765	  1	
192	297	765	  1	
192	307	765	  1	
192	371	765	  1	
192	421	765	  1	
192	551	765	  1	
194	234	765	  1	
195	135	765	  1	
195	280	765	  1	
195	416	765	  1	
196	252	765	  1	
196	515	765	  1	
197	115	765	  1	
198	 36	765	  1	
199	111	765	  1	
199	128	765	  1	
199	184	765	  1	
199	191	765	  1	
199	208	765	  1	
199	287	765	  1	
200	 64	765	  1	
200	125	765	  1	
200	136	765	  1	
200	142	765	  1	
200	175	765	  1	
200	192	765	  1	
200	319	765	  1	
200	322	765	  1	
200	449	765	  1	
200	463	765	  1	
200	528	765	  1	
203	168	765	  1	
204	 11	765	  1	
204	253	765	  1	
204	368	765	  1	
205	240	765	  1	
205	360	765	  1	
206	 75	765	  1	
206	375	765	  1	
206	448	765	  1	
207	 64	765	  1	
207	160	765	  1	
207	175	765	  1	
208	 80	765	  1	
208	 96	765	  1	
208	107	765	  1	
208	143	765	  1	
208	192	765	  1	
208	210	765	  1	
208	215	765	  1	
208	232	765	  1	
208	239	765	  1	
208	296	765	  1	
208	332	765	  1	
208	336	765	  1	
208	458	765	  1	
208	520	765	  1	
208	551	765	  1	
209	103	765	  1	
211	 86	765	  1	
211	136	765	  1	
211	199	765	  1	
214	111	765	  1	
214	432	765	  1	
215	143	765	  1	
215	192	765	  1	
215	235	765	  1	
215	328	765	  1	
215	343	765	  1	
216	 98	765	  1	
216	116	765	  1	
216	120	765	  1	
216	124	765	  1	
216	200	765	  1	
216	216	765	  1	
216	226	765	  1	
216	231	765	  1	
216	299	765	  1	
216	383	765	  1	
216	443	765	  1	
216	520	765	  1	
216	527	765	  1	
217	104	765	  1	
218	578	765	  1	
219	376	765	  1	
219	416	765	  1	
220	111	765	  1	
220	599	765	  1	
221	 15	765	  1	
222	207	765	  1	
222	263	765	  1	
223	200	765	  1	
223	228	765	  1	
223	343	765	  1	
223	383	765	  1	
223	520	765	  1	
223	527	765	  1	
224	 18	765	  1	
224	 47	765	  1	
224	 67	765	  1	
224	 86	765	  1	
224	120	765	  1	
224	135	765	  1	
224	368	765	  1	
224	417	765	  1	
224	437	765	  1	
224	458	765	  1	
224	494	765	  1	
224	544	765	  1	
225	549	765	  1	
226	423	765	  1	
227	 84	765	  1	
227	360	765	  1	
227	374	765	  1	
228	 47	765	  1	
228	432	765	  1	
229	230	765	  1	
230	 80	765	  1	
230	208	765	  1	
230	334	765	  1	
230	366	765	  1	
230	418	765	  1	
231	 87	765	  1	
231	203	765	  1	
231	232	765	  1	
231	544	765	  1	
232	108	765	  1	
232	143	765	  1	
232	216	765	  1	
232	220	765	  1	
232	258	765	  1	
232	307	765	  1	
232	347	765	  1	
232	359	765	  1	
232	416	765	  1	
232	430	765	  1	
232	451	765	  1	
233	 96	765	  1	
233	154	765	  1	
234	 66	765	  1	
235	132	765	  1	
235	239	765	  1	
235	376	765	  1	
235	464	765	  1	
236	  8	765	  1	
236	159	765	  1	
237	274	765	  1	
237	448	765	  1	
238	 15	765	  1	
238	311	765	  1	
238	359	765	  1	
239	143	765	  1	
239	258	765	  1	
239	430	765	  1	
240	 43	765	  1	
240	 98	765	  1	
240	176	765	  1	
240	192	765	  1	
240	251	765	  1	
240	312	765	  1	
240	476	765	  1	
240	488	765	  1	
240	536	765	  1	
240	543	765	  1	
240	552	765	  1	
241	231	765	  1	
242	321	765	  1	
243	395	765	  1	
244	 93	765	  1	
244	488	765	  1	
245	 55	765	  1	
245	 96	765	  1	
245	103	765	  1	
245	143	765	  1	
245	176	765	  1	
245	224	765	  1	
245	304	765	  1	
245	479	765	  1	
246	408	765	  1	
246	412	765	  1	
247	 47	765	  1	
247	248	765	  1	
247	255	765	  1	
247	494	765	  1	
248	 12	765	  1	
248	 60	765	  1	
248	 78	765	  1	
248	 99	765	  1	
248	157	765	  1	
248	168	765	  1	
248	183	765	  1	
248	232	765	  1	
248	239	765	  1	
248	322	765	  1	
248	430	765	  1	
249	272	765	  1	
249	279	765	  1	
250	  0	765	  1	
251	112	765	  1	
251	289	765	  1	
252	287	765	  1	
253	 80	765	  1	
253	 87	765	  1	
253	126	765	  1	
254	  5	765	  1	
254	 61	765	  1	
254	149	765	  1	
254	304	765	  1	
254	485	765	  1	
255	192	765	  1	
255	396	765	  1	
256	106	765	  1	
256	173	765	  1	
256	209	765	  1	
256	471	765	  1	
256	536	765	  1	
257	256	765	  1	
258	  0	765	  1	
259	 62	765	  1	
259	454	765	  1	
259	464	765	  1	
259	506	765	  1	
260	118	765	  1	
261	111	765	  1	
261	124	765	  1	
261	136	765	  1	
261	271	765	  1	
261	528	765	  1	
261	543	765	  1	
262	208	765	  1	
263	  0	765	  1	
263	238	765	  1	
263	471	765	  1	
264	144	765	  1	
264	152	765	  1	
264	166	765	  1	
264	223	765	  1	
264	248	765	  1	
264	328	765	  1	
264	410	765	  1	
264	415	765	  1	
265	271	765	  1	
266	136	765	  1	
266	390	765	  1	
269	207	765	  1	
269	290	765	  1	
269	295	765	  1	
269	384	765	  1	
269	464	765	  1	
269	471	765	  1	
270	155	765	  1	
270	248	765	  1	
270	365	765	  1	
270	508	765	  1	
271	167	765	  1	
272	 72	765	  1	
272	 79	765	  1	
272	 82	765	  1	
272	 87	765	  1	
272	107	765	  1	
272	120	765	  1	
272	177	765	  1	
272	235	765	  1	
272	347	765	  1	
272	352	765	  1	
272	415	765	  1	
272	455	765	  1	
272	459	765	  1	
272	487	765	  1	
272	528	765	  1	
272	532	765	  1	
272	536	765	  1	
272	543	765	  1	
272	570	765	  1	
273	247	765	  1	
274	400	765	  1	
275	206	765	  1	
275	359	765	  1	
275	480	765	  1	
276	515	765	  1	
277	128	765	  1	
277	466	765	  1	
278	 16	765	  1	
278	415	765	  1	
278	568	765	  1	
279	 75	765	  1	
279	344	765	  1	
279	351	765	  1	
279	487	765	  1	
280	 72	765	  1	
280	 94	765	  1	
280	144	765	  1	
280	168	765	  1	
280	183	765	  1	
280	189	765	  1	
280	197	765	  1	
280	248	765	  1	
280	315	765	  1	
280	477	765	  1	
281	112	765	  1	
282	227	765	  1	
282	415	765	  1	
283	 39	765	  1	
283	176	765	  1	
283	253	765	  1	
285	103	765	  1	
285	175	765	  1	
285	368	765	  1	
286	154	765	  1	
286	242	765	  1	
286	387	765	  1	
287	128	765	  1	
287	183	765	  1	
287	312	765	  1	
287	319	765	  1	
288	 61	765	  1	
288	 84	765	  1	
288	163	765	  1	
288	240	765	  1	
288	247	765	  1	
288	320	765	  1	
288	344	765	  1	
288	351	765	  1	
288	357	765	  1	
288	459	765	  1	
288	547	765	  1	
288	555	765	  1	
289	515	765	  1	
289	519	765	  1	
290	325	765	  1	
291	  8	765	  1	
291	 80	765	  1	
291	104	765	  1	
291	149	765	  1	
291	159	765	  1	
291	287	765	  1	
291	290	765	  1	
292	144	765	  1	
294	 56	765	  1	
294	 72	765	  1	
294	 85	765	  1	
294	156	765	  1	
294	519	765	  1	
295	167	765	  1	
295	320	765	  1	
295	347	765	  1	
295	544	765	  1	
295	551	765	  1	
295	559	765	  1	
296	 48	765	  1	
296	 80	765	  1	
296	 95	765	  1	
296	120	765	  1	
296	231	765	  1	
296	287	765	  1	
296	318	765	  1	
296	376	765	  1	
296	384	765	  1	
296	423	765	  1	
296	426	765	  1	
296	498	765	  1	
296	570	765	  1	
297	 56	765	  1	
297	112	765	  1	
298	221	765	  1	
299	 24	765	  1	
299	127	765	  1	
299	238	765	  1	
299	328	765	  1	
299	416	765	  1	
300	299	765	  1	
301	252	765	  1	
301	376	765	  1	
301	403	765	  1	
301	544	765	  1	
303	144	765	  1	
303	227	765	  1	
303	312	765	  1	
303	423	765	  1	
304	 56	765	  1	
304	105	765	  1	
304	110	765	  1	
304	130	765	  1	
304	285	765	  1	
304	333	765	  1	
304	338	765	  1	
304	343	765	  1	
304	387	765	  1	
304	416	765	  1	
304	560	765	  1	
306	 91	765	  1	
306	160	765	  1	
306	350	765	  1	
307	 16	765	  1	
307	 63	765	  1	
307	208	765	  1	
307	238	765	  1	
307	368	765	  1	
308	120	765	  1	
309	 78	765	  1	
309	106	765	  1	
309	111	765	  1	
310	 88	765	  1	
310	 95	765	  1	
310	127	765	  1	
310	256	765	  1	
310	311	765	  1	
310	328	765	  1	
310	342	765	  1	
311	 56	765	  1	
311	167	765	  1	
311	419	765	  1	
312	 80	765	  1	
312	112	765	  1	
312	123	765	  1	
312	152	765	  1	
312	158	765	  1	
312	182	765	  1	
312	217	765	  1	
312	243	765	  1	
312	277	765	  1	
312	332	765	  1	
312	472	765	  1	
314	 32	765	  1	
314	202	765	  1	
314	232	765	  1	
314	530	765	  1	
316	 37	765	  1	
316	176	765	  1	
317	128	765	  1	
317	155	765	  1	
317	163	765	  1	
317	272	765	  1	
318	171	765	  1	
318	238	765	  1	
319	 96	765	  1	
320	  3	765	  1	
320	 19	765	  1	
320	 72	765	  1	
320	 79	765	  1	
320	104	765	  1	
320	135	765	  1	
320	147	765	  1	
320	173	765	  1	
320	232	765	  1	
320	247	765	  1	
320	267	765	  1	
320	350	765	  1	
320	376	765	  1	
320	383	765	  1	
320	456	765	  1	
320	587	765	  1	
321	344	765	  1	
322	 63	765	  1	
323	  8	765	  1	
323	158	765	  1	
324	 53	765	  1	
324	379	765	  1	
325	168	765	  1	
325	254	765	  1	
325	303	765	  1	
326	  0	765	  1	
326	488	765	  1	
327	 96	765	  1	
327	103	765	  1	
328	 64	765	  1	
328	 82	765	  1	
328	 87	765	  1	
328	 93	765	  1	
328	104	765	  1	
328	128	765	  1	
328	141	765	  1	
328	205	765	  1	
328	333	765	  1	
328	371	765	  1	
328	390	765	  1	
328	400	765	  1	
328	504	765	  1	
329	133	765	  1	
330	380	765	  1	
331	 16	765	  1	
331	184	765	  1	
332	328	765	  1	
333	110	765	  1	
333	147	765	  1	
333	166	765	  1	
333	200	765	  1	
333	291	765	  1	
333	471	765	  1	
334	368	765	  1	
335	391	765	  1	
335	400	765	  1	
336	 21	765	  1	
336	 98	765	  1	
336	216	765	  1	
336	312	765	  1	
336	336	765	  1	
336	434	765	  1	
338	210	765	  1	
339	246	765	  1	
341	 99	765	  1	
341	190	765	  1	
341	195	765	  1	
341	318	765	  1	
341	368	765	  1	
342	471	765	  1	
343	539	765	  1	
344	  0	765	  1	
344	 88	765	  1	
344	 95	765	  1	
344	104	765	  1	
344	120	765	  1	
344	123	765	  1	
344	128	765	  1	
344	133	765	  1	
344	136	765	  1	
344	144	765	  1	
344	280	765	  1	
344	287	765	  1	
344	367	765	  1	
344	371	765	  1	
344	416	765	  1	
344	423	765	  1	
345	302	765	  1	
346	  5	765	  1	
346	344	765	  1	
347	232	765	  1	
347	360	765	  1	
348	130	765	  1	
348	376	765	  1	
349	 28	765	  1	
349	 99	765	  1	
349	198	765	  1	
349	424	765	  1	
350	147	765	  1	
351	  0	765	  1	
351	283	765	  1	
351	367	765	  1	
351	419	765	  1	
352	 37	765	  1	
352	136	765	  1	
352	171	765	  1	
352	206	765	  1	
352	216	765	  1	
352	232	765	  1	
352	240	765	  1	
352	389	765	  1	
352	453	765	  1	
354	 16	765	  1	
354	 33	765	  1	
354	142	765	  1	
354	264	765	  1	
354	304	765	  1	
354	384	765	  1	
357	184	765	  1	
357	222	765	  1	
358	 38	765	  1	
358	136	765	  1	
358	340	765	  1	
358	390	765	  1	
359	168	765	  1	
359	175	765	  1	
359	462	765	  1	
359	591	765	  1	
360	101	765	  1	
360	232	765	  1	
360	432	765	  1	
360	459	765	  1	
363	  8	765	  1	
363	 40	765	  1	
363	408	765	  1	
363	415	765	  1	
364	 23	765	  1	
364	199	765	  1	
364	528	765	  1	
365	 96	765	  1	
365	536	765	  1	
366	 17	765	  1	
366	240	765	  1	
367	472	765	  1	
368	 40	765	  1	
368	 55	765	  1	
368	 75	765	  1	
368	108	765	  1	
368	135	765	  1	
368	144	765	  1	
368	213	765	  1	
368	239	765	  1	
368	286	765	  1	
368	304	765	  1	
368	326	765	  1	
368	392	765	  1	
368	440	765	  1	
370	 87	765	  1	
370	280	765	  1	
370	543	765	  1	
371	176	765	  1	
371	208	765	  1	
371	230	765	  1	
371	399	765	  1	
371	411	765	  1	
372	338	765	  1	
373	 22	765	  1	
373	 64	765	  1	
373	263	765	  1	
373	286	765	  1	
375	239	765	  1	
375	280	765	  1	
375	349	765	  1	
375	392	765	  1	
375	440	765	  1	
375	542	765	  1	
376	  9	765	  1	
376	 56	765	  1	
376	 96	765	  1	
376	115	765	  1	
376	151	765	  1	
376	171	765	  1	
376	176	765	  1	
376	183	765	  1	
376	396	765	  1	
376	402	765	  1	
377	 18	765	  1	
377	376	765	  1	
379	 75	765	  1	
379	255	765	  1	
379	392	765	  1	
381	  0	765	  1	
381	 23	765	  1	
381	 30	765	  1	
381	 95	765	  1	
382	 56	765	  1	
382	 80	765	  1	
382	 87	765	  1	
382	328	765	  1	
383	 40	765	  1	
383	119	765	  1	
383	176	765	  1	
383	183	765	  1	
383	240	765	  1	
384	 15	765	  1	
384	 26	765	  1	
384	 48	765	  1	
384	 62	765	  1	
384	191	765	  1	
384	576	765	  1	
385	207	765	  1	
385	247	765	  1	
386	165	765	  1	
387	 96	765	  1	
387	352	765	  1	
388	128	765	  1	
388	144	765	  1	
388	299	765	  1	
388	509	765	  1	
389	 78	765	  1	
389	 88	765	  1	
390	  8	765	  1	
391	263	765	  1	
391	357	765	  1	
391	576	765	  1	
392	  2	765	  1	
392	 12	765	  1	
392	 33	765	  1	
392	 63	765	  1	
392	 96	765	  1	
392	134	765	  1	
392	216	765	  1	
392	223	765	  1	
392	397	765	  1	
392	431	765	  1	
393	 88	765	  1	
394	  8	765	  1	
395	 19	765	  1	
395	 72	765	  1	
395	165	765	  1	
395	256	765	  1	
395	392	765	  1	
395	407	765	  1	
396	181	765	  1	
397	 24	765	  1	
397	102	765	  1	
398	175	765	  1	
398	424	765	  1	
399	 12	765	  1	
399	219	765	  1	
399	400	765	  1	
399	431	765	  1	
400	136	765	  1	
400	216	765	  1	
400	243	765	  1	
400	391	765	  1	
400	398	765	  1	
400	448	765	  1	
402	144	765	  1	
402	392	765	  1	
403	 64	765	  1	
403	138	765	  1	
403	223	765	  1	
403	384	765	  1	
404	120	765	  1	
404	280	765	  1	
405	111	765	  1	
405	152	765	  1	
406	127	765	  1	
406	163	765	  1	
406	464	765	  1	
407	 39	765	  1	
407	216	765	  1	
407	391	765	  1	
407	495	765	  1	
408	 48	765	  1	
408	 64	765	  1	
408	 72	765	  1	
408	 90	765	  1	
408	221	765	  1	
408	290	765	  1	
408	339	765	  1	
410	424	765	  1	
411	151	765	  1	
411	176	765	  1	
413	120	765	  1	
413	512	765	  1	
413	519	765	  1	
414	 55	765	  1	
415	 42	765	  1	
415	104	765	  1	
415	111	765	  1	
415	240	765	  1	
415	352	765	  1	
416	 88	765	  1	
416	 99	765	  1	
416	112	765	  1	
416	118	765	  1	
416	147	765	  1	
416	158	765	  1	
416	207	765	  1	
416	235	765	  1	
416	503	765	  1	
417	152	765	  1	
418	 48	765	  1	
419	 64	765	  1	
419	104	765	  1	
419	200	765	  1	
421	115	765	  1	
421	303	765	  1	
421	575	765	  1	
422	 48	765	  1	
422	 55	765	  1	
422	148	765	  1	
422	288	765	  1	
423	 96	765	  1	
423	103	765	  1	
423	207	765	  1	
423	235	765	  1	
424	 69	765	  1	
424	 74	765	  1	
424	 84	765	  1	
424	133	765	  1	
424	165	765	  1	
424	188	765	  1	
424	253	765	  1	
424	267	765	  1	
424	372	765	  1	
424	518	765	  1	
426	  0	765	  1	
426	 23	765	  1	
426	 64	765	  1	
426	202	765	  1	
426	214	765	  1	
426	240	765	  1	
427	223	765	  1	
429	246	765	  1	
429	256	765	  1	
429	288	765	  1	
430	  8	765	  1	
430	 70	765	  1	
431	463	765	  1	
432	115	765	  1	
432	136	765	  1	
432	154	765	  1	
432	168	765	  1	
432	280	765	  1	
432	287	765	  1	
433	  0	765	  1	
433	151	765	  1	
434	128	765	  1	
435	232	765	  1	
435	424	765	  1	
436	431	765	  1	
437	 64	765	  1	
437	 71	765	  1	
437	367	765	  1	
439	 14	765	  1	
439	144	765	  1	
439	182	765	  1	
439	283	765	  1	
440	  5	765	  1	
440	 56	765	  1	
440	 72	765	  1	
440	111	765	  1	
440	195	765	  1	
440	272	765	  1	
440	279	765	  1	
440	301	765	  1	
440	336	765	  1	
440	343	765	  1	
442	163	765	  1	
442	407	765	  1	
443	108	765	  1	
443	128	765	  1	
443	149	765	  1	
443	168	765	  1	
443	208	765	  1	
443	439	765	  1	
445	  0	765	  1	
445	 72	765	  1	
445	118	765	  1	
445	184	765	  1	
445	200	765	  1	
445	232	765	  1	
445	237	765	  1	
445	296	765	  1	
445	400	765	  1	
446	 16	765	  1	
446	217	765	  1	
447	100	765	  1	
447	111	765	  1	
447	275	765	  1	
447	339	765	  1	
448	123	765	  1	
448	168	765	  1	
448	240	765	  1	
448	252	765	  1	
448	375	765	  1	
450	317	765	  1	
451	184	765	  1	
451	256	765	  1	
453	  0	765	  1	
453	 37	765	  1	
453	304	765	  1	
453	311	765	  1	
455	111	765	  1	
455	218	765	  1	
455	584	765	  1	
456	 16	765	  1	
456	126	765	  1	
456	147	765	  1	
456	184	765	  1	
456	194	765	  1	
456	200	765	  1	
456	210	765	  1	
456	247	765	  1	
456	318	765	  1	
456	328	765	  1	
457	139	765	  1	
458	312	765	  1	
458	335	765	  1	
459	 88	765	  1	
459	242	765	  1	
460	167	765	  1	
461	272	765	  1	
461	279	765	  1	
462	 98	765	  1	
462	104	765	  1	
462	328	765	  1	
463	 16	765	  1	
463	126	765	  1	
463	208	765	  1	
464	 13	765	  1	
464	 32	765	  1	
464	 64	765	  1	
464	 74	765	  1	
464	 80	765	  1	
464	168	765	  1	
464	188	765	  1	
464	195	765	  1	
464	247	765	  1	
464	264	765	  1	
464	271	765	  1	
464	280	765	  1	
464	408	765	  1	
466	236	765	  1	
466	244	765	  1	
466	248	765	  1	
467	 39	765	  1	
467	150	765	  1	
469	 72	765	  1	
469	199	765	  1	
469	216	765	  1	
470	144	765	  1	
470	191	765	  1	
471	 32	765	  1	
471	267	765	  1	
471	504	765	  1	
471	511	765	  1	
472	 29	765	  1	
472	 42	765	  1	
472	 48	765	  1	
472	 58	765	  1	
472	 69	765	  1	
472	 89	765	  1	
472	123	765	  1	
472	133	765	  1	
472	139	765	  1	
472	168	765	  1	
472	175	765	  1	
472	200	765	  1	
472	224	765	  1	
472	256	765	  1	
472	298	765	  1	
472	344	765	  1	
474	  0	765	  1	
474	 24	765	  1	
474	 64	765	  1	
475	 95	765	  1	
475	104	765	  1	
475	272	765	  1	
476	 56	765	  1	
476	 62	765	  1	
477	  8	765	  1	
477	 71	765	  1	
477	200	765	  1	
477	240	765	  1	
478	 30	765	  1	
478	 90	765	  1	
478	525	765	  1	
479	256	765	  1	
479	298	765	  1	
480	  0	765	  1	
480	 16	765	  1	
480	 22	765	  1	
480	144	765	  1	
480	163	765	  1	
480	181	765	  1	
480	192	765	  1	
480	199	765	  1	
480	205	765	  1	
480	430	765	  1	
482	 59	765	  1	
482	139	765	  1	
482	200	765	  1	
483	 40	765	  1	
483	 80	765	  1	
483	 96	765	  1	
483	158	765	  1	
484	 71	765	  1	
484	195	765	  1	
485	 19	765	  1	
485	120	765	  1	
486	 32	765	  1	
486	206	765	  1	
486	222	765	  1	
487	 72	765	  1	
487	191	765	  1	
488	 69	765	  1	
488	112	765	  1	
488	128	765	  1	
488	132	765	  1	
488	258	765	  1	
488	266	765	  1	
488	331	765	  1	
488	351	765	  1	
488	392	765	  1	
488	511	765	  1	
489	 35	765	  1	
489	219	765	  1	
490	173	765	  1	
491	 40	765	  1	
491	 94	765	  1	
491	168	765	  1	
493	256	765	  1	
493	263	765	  1	
493	271	765	  1	
494	239	765	  1	
494	291	765	  1	
494	328	765	  1	
494	335	765	  1	
495	 69	765	  1	
495	112	765	  1	
495	134	765	  1	
495	396	765	  1	
496	 19	765	  1	
496	 80	765	  1	
496	 84	765	  1	
496	184	765	  1	
496	191	765	  1	
496	198	765	  1	
496	231	765	  1	
496	248	765	  1	
496	304	765	  1	
496	344	765	  1	
496	384	765	  1	
497	 32	765	  1	
497	 37	765	  1	
497	125	765	  1	
497	175	765	  1	
498	138	765	  1	
498	312	765	  1	
499	104	765	  1	
499	168	765	  1	
499	205	765	  1	
499	272	765	  1	
500	390	765	  1	
501	  0	765	  1	
501	112	765	  1	
501	151	765	  1	
501	251	765	  1	
501	259	765	  1	
501	296	765	  1	
502	100	765	  1	
503	 48	765	  1	
503	224	765	  1	
503	304	765	  1	
503	318	765	  1	
503	408	765	  1	
504	 11	765	  1	
504	152	765	  1	
504	163	765	  1	
504	256	765	  1	
504	262	765	  1	
504	272	765	  1	
504	325	765	  1	
504	342	765	  1	
506	  8	765	  1	
506	 14	765	  1	
507	 64	765	  1	
507	175	765	  1	
508	148	765	  1	
509	 98	765	  1	
509	198	765	  1	
509	259	765	  1	
510	170	765	  1	
510	190	765	  1	
510	279	765	  1	
511	 87	765	  1	
511	319	765	  1	
512	  0	765	  1	
512	 48	765	  1	
512	 55	765	  1	
512	103	765	  1	
512	123	765	  1	
512	176	765	  1	
512	211	765	  1	
512	222	765	  1	
512	229	765	  1	
512	248	765	  1	
512	254	765	  1	
512	262	765	  1	
512	266	765	  1	
512	471	765	  1	
513	191	765	  1	
515	 64	765	  1	
515	 71	765	  1	
515	128	765	  1	
515	317	765	  1	
516	208	765	  1	
516	384	765	  1	
517	120	765	  1	
517	211	765	  1	
517	224	765	  1	
517	248	765	  1	
517	255	765	  1	
517	259	765	  1	
517	328	765	  1	
518	 16	765	  1	
518	 23	765	  1	
518	 96	765	  1	
518	184	765	  1	
518	360	765	  1	
518	367	765	  1	
519	 51	765	  1	
519	349	765	  1	
519	399	765	  1	
520	  8	765	  1	
520	 40	765	  1	
520	127	765	  1	
520	133	765	  1	
520	205	765	  1	
520	219	765	  1	
520	280	765	  1	
520	304	765	  1	
520	327	765	  1	
520	434	765	  1	
522	142	765	  1	
522	254	765	  1	
523	 47	765	  1	
523	120	765	  1	
523	160	765	  1	
523	167	765	  1	
523	287	765	  1	
524	307	765	  1	
525	  0	765	  1	
525	 32	765	  1	
525	 39	765	  1	
525	 94	765	  1	
525	322	765	  1	
526	176	765	  1	
526	222	765	  1	
526	248	765	  1	
527	127	765	  1	
527	280	765	  1	
528	 72	765	  1	
528	 75	765	  1	
528	168	765	  1	
528	200	765	  1	
528	216	765	  1	
528	240	765	  1	
528	244	765	  1	
528	256	765	  1	
529	143	765	  1	
529	152	765	  1	
530	173	765	  1	
530	206	765	  1	
531	  8	765	  1	
532	168	765	  1	
533	 70	765	  1	
533	112	765	  1	
533	280	765	  1	
533	287	765	  1	
534	 96	765	  1	
534	136	765	  1	
534	200	765	  1	
535	173	765	  1	
535	192	765	  1	
535	256	765	  1	
535	366	765	  1	
535	439	765	  1	
536	 48	765	  1	
536	176	765	  1	
536	188	765	  1	
536	226	765	  1	
536	232	765	  1	
536	246	765	  1	
536	328	765	  1	
536	335	765	  1	
536	400	765	  1	
538	367	765	  1	
539	 55	765	  1	
539	 86	765	  1	
539	216	765	  1	
539	447	765	  1	
541	  0	765	  1	
541	110	765	  1	
541	192	765	  1	
541	232	765	  1	
541	355	765	  1	
542	184	765	  1	
543	 31	765	  1	
543	 48	765	  1	
543	288	765	  1	
543	331	765	  1	
544	120	765	  1	
544	124	765	  1	
544	168	765	  1	
544	185	765	  1	
544	190	765	  1	
544	241	765	  1	
544	253	765	  1	
544	276	765	  1	
544	333	765	  1	
544	374	765	  1	
544	381	765	  1	
544	405	765	  1	
549	150	765	  1	
549	167	765	  1	
549	174	765	  1	
549	384	765	  1	
550	247	765	  1	
551	290	765	  1	
551	374	765	  1	
552	 47	765	  1	
552	 56	765	  1	
552	 62	765	  1	
552	112	765	  1	
552	163	765	  1	
552	168	765	  1	
552	197	765	  1	
552	210	765	  1	
552	216	765	  1	
552	228	765	  1	
552	272	765	  1	
552	304	765	  1	
552	312	765	  1	
552	328	765	  1	
552	392	765	  1	
554	241	765	  1	
554	275	765	  1	
554	415	765	  1	
555	 40	765	  1	
555	107	765	  1	
556	331	765	  1	
557	118	765	  1	
557	170	765	  1	
557	175	765	  1	
557	208	765	  1	
557	247	765	  1	
557	308	765	  1	
557	352	765	  1	
557	359	765	  1	
558	398	765	  1	
559	 47	765	  1	
559	288	765	  1	
559	336	765	  1	
560	  8	765	  1	
560	104	765	  1	
560	160	765	  1	
560	167	765	  1	
560	177	765	  1	
560	189	765	  1	
560	230	765	  1	
560	253	765	  1	
560	264	765	  1	
560	346	765	  1	
560	368	765	  1	
560	375	765	  1	
560	379	765	  1	
561	 89	765	  1	
562	224	765	  1	
562	248	765	  1	
563	 16	765	  1	
563	111	765	  1	
563	296	765	  1	
563	371	765	  1	
563	407	765	  1	
565	 70	765	  1	
565	136	765	  1	
565	216	765	  1	
565	344	765	  1	
565	351	765	  1	
566	254	765	  1	
566	302	765	  1	
566	316	765	  1	
566	376	765	  1	
567	104	765	  1	
567	163	765	  1	
567	368	765	  1	
568	 48	765	  1	
568	 55	765	  1	
568	112	765	  1	
568	200	765	  1	
568	328	765	  1	
569	208	765	  1	
570	 15	765	  1	
571	192	765	  1	
571	224	765	  1	
571	326	765	  1	
573	  8	765	  1	
573	104	765	  1	
574	316	765	  1	
575	 51	765	  1	
575	112	765	  1	
575	200	765	  1	
575	232	765	  1	
576	  0	765	  1	
576	  7	765	  1	
576	 48	765	  1	
576	113	765	  1	
576	173	765	  1	
576	182	765	  1	
576	186	765	  1	
576	191	765	  1	
576	208	765	  1	
576	215	765	  1	
576	246	765	  1	
576	255	765	  1	
576	339	765	  1	
576	344	765	  1	
576	395	765	  1	
577	288	765	  1	
579	144	765	  1	
579	351	765	  1	
581	 63	765	  1	
581	179	765	  1	
581	392	765	  1	
582	500	765	  1	
583	  3	765	  1	
583	251	765	  1	
583	294	765	  1	
583	336	765	  1	
583	343	765	  1	
584	 23	765	  1	
584	 36	765	  1	
584	172	765	  1	
584	176	765	  1	
584	205	765	  1	
584	216	765	  1	
584	261	765	  1	
584	280	765	  1	
584	423	765	  1	
585	285	765	  1	
586	111	765	  1	
587	 16	765	  1	
588	311	765	  1	
589	168	765	  1	
591	 23	765	  1	
591	109	765	  1	
591	216	765	  1	
591	408	765	  1	
591	423	765	  1	
592	 71	765	  1	
592	 80	765	  1	
592	119	765	  1	
592	251	765	  1	
592	256	765	  1	
592	312	765	  1	
592	320	765	  1	
592	345	765	  1	
594	 91	765	  1	
594	289	765	  1	
594	295	765	  1	
594	327	765	  1	
594	351	765	  1	
595	246	765	  1	
596	264	765	  1	
597	455	765	  1	
598	 83	765	  1	
598	190	765	  1	
598	271	765	  1	
598	320	765	  1	
598	346	765	  1	
599	 88	765	  1	
599	114	765	  1	
599	248	765	  1	
599	255	765	  1	
599	263	765	  1	
600	167	765	  1	
600	216	765	  1	
600	308	765	  1	
600	336	765	  1	
602	224	765	  1	
602	288	765	  1	
603	 66	765	  1	
603	254	765	  1	
603	432	765	  1	
604	230	765	  1	
605	 80	765	  1	
605	 87	765	  1	
605	152	765	  1	
605	157	765	  1	
605	363	765	  1	
606	309	765	  1	
606	341	765	  1	
607	 60	765	  1	
607	216	765	  1	
608	 88	765	  1	
608	109	765	  1	
608	168	765	  1	
608	207	765	  1	
608	240	765	  1	
608	268	765	  1	
608	272	765	  1	
608	345	765	  1	
609	191	765	  1	
610	279	765	  1	
611	200	765	  1	
613	 93	765	  1	
613	264	765	  1	
614	104	765	  1	
614	272	765	  1	
614	346	765	  1	
615	167	765	  1	
615	207	765	  1	
616	 62	765	  1	
616	 71	765	  1	
616	192	765	  1	
616	240	765	  1	
616	286	765	  1	
616	304	765	  1	
618	434	765	  1	
622	 69	765	  1	
622	247	765	  1	
622	333	765	  1	
623	128	765	  1	
623	286	765	  1	
624	 71	765	  1	
624	152	765	  1	
624	159	765	  1	
624	167	765	  1	
624	204	765	  1	
624	272	765	  1	
624	276	765	  1	
624	291	765	  1	
624	319	765	  1	
624	353	765	  1	
627	264	765	  1	
627	312	765	  1	
629	231	765	  1	
629	262	765	  1	
630	295	765	  1	
631	 40	765	  1	
631	 71	765	  1	
631	204	765	  1	
631	319	765	  1	
631	352	765	  1	
631	424	765	  1	
632	 96	765	  1	
632	192	765	  1	
632	199	765	  1	
632	206	765	  1	
632	213	765	  1	
634	295	765	  1	
635	103	765	  1	
635	285	765	  1	
637	410	765	  1	
637	440	765	  1	
639	 96	765	  1	
639	195	765	  1	
639	415	765	  1	
639	447	765	  1	
640	 64	765	  1	
640	 72	765	  1	
640	 79	765	  1	
640	144	765	  1	
640	187	765	  1	
640	272	765	  1	
640	276	765	  1	
643	 71	765	  1	
643	248	765	  1	
647	 64	765	  1	
647	 75	765	  1	
647	174	765	  1	
647	184	765	  1	
647	191	765	  1	
648	 40	765	  1	
651	 79	765	  1	
653	311	765	  1	
654	103	765	  1	
656	207	765	  1	
659	500	765	  1	
660	321	765	  1	
660	535	765	  1	
664	  8	765	  1	
664	 15	765	  1	
664	279	765	  1	
666	 47	765	  1	
672	119	765	  1	
674	568	765	  1	
678	203	765	  1	
680	541	765	  1	
686	585	765	  1	
688	219	765	  1	
696	232	765	  1	
711	279	765	  1	
711	287	765	  1	
711	396	765	  1	
712	280	765	  1	
719	176	765	  1	
732	236	765	  1	
752	 25	765	  1	
