# 
#  Image file: Goad2_T0063.jpg
#  Applied threshold: 575
#  Algorithm used: fill2                 
#  Particle count: 1934
#  Location (x,y), max luminance, and mass:
# 
  8	464	765	  1	
 14	207	765	  1	
 15	  7	765	  1	
 15	 62	765	  1	
 15	340	765	  1	
 18	468	765	  1	
 21	295	765	  1	
 22	466	765	  1	
 23	148	765	  1	
 23	290	765	  1	
 23	509	765	  1	
 24	215	765	  1	
 24	512	765	  1	
 31	479	765	  1	
 32	156	765	  1	
 33	295	765	  1	
 34	289	765	  1	
 37	260	765	  1	
 40	351	765	  1	
 43	232	765	  1	
 46	280	765	  1	
 47	 10	765	  1	
 47	581	765	  1	
 48	296	765	  1	
 48	312	765	  1	
 48	319	765	  1	
 48	327	765	  1	
 49	580	765	  1	
 50	167	765	  1	
 50	295	765	  1	
 51	159	765	  1	
 52	280	765	  1	
 52	520	765	  1	
 55	215	765	  1	
 55	245	765	  1	
 55	323	765	  1	
 56	106	765	  1	
 56	258	765	  1	
 58	534	765	  1	
 59	456	765	  1	
 63	104	765	  1	
 64	287	765	  1	
 69	109	765	  1	
 71	103	765	  1	
 71	250	765	  1	
 71	263	765	  1	
 72	 79	765	  1	
 72	408	765	  1	
 79	 91	765	  1	
 79	315	765	  1	
 80	 75	765	  1	
 80	216	765	  1	
 86	554	765	  1	
 87	147	765	  1	
 87	368	765	  1	
 92	183	765	  1	
 93	 63	765	  1	
 93	232	765	  1	
 96	 94	765	  1	
 96	502	765	  1	
 98	295	765	  1	
 99	 44	765	  1	
 99	368	765	  1	
100	 43	765	  1	
101	144	765	  1	
101	216	765	  1	
103	122	765	  1	
104	141	765	  1	
104	152	765	  1	
104	218	765	  1	
104	224	765	  1	
106	384	765	  1	
110	122	765	  1	
111	347	765	  1	
112	 91	765	  1	
112	183	765	  1	
112	216	765	  1	
112	376	765	  1	
112	440	765	  1	
113	157	765	  1	
113	451	765	  1	
117	512	765	  1	
118	152	765	  1	
118	157	765	  1	
118	376	765	  1	
119	 36	765	  1	
119	 83	765	  1	
119	219	765	  1	
119	560	765	  1	
120	104	765	  1	
120	116	765	  1	
120	375	765	  1	
121	111	765	  1	
124	319	765	  1	
125	372	765	  1	
125	455	765	  1	
127	 55	765	  1	
127	104	765	  1	
127	224	765	  1	
127	379	765	  1	
128	116	765	  1	
128	175	765	  1	
128	211	765	  1	
128	328	765	  1	
128	467	765	  1	
128	488	765	  1	
131	423	765	  1	
132	251	765	  1	
132	464	765	  1	
133	198	765	  1	
135	168	765	  1	
135	264	765	  1	
135	456	765	  1	
135	463	765	  1	
136	 64	765	  1	
136	 69	765	  1	
136	160	765	  1	
136	174	765	  1	
136	186	765	  1	
136	205	765	  1	
138	128	765	  1	
138	168	765	  1	
138	196	765	  1	
139	  7	765	  1	
139	224	765	  1	
139	371	765	  1	
140	328	765	  1	
141	111	765	  1	
141	271	765	  1	
142	 66	765	  1	
142	 71	765	  1	
142	139	765	  1	
142	147	765	  1	
142	237	765	  1	
142	307	765	  1	
143	160	765	  1	
143	172	765	  1	
143	248	765	  1	
143	267	765	  1	
144	104	765	  1	
144	152	765	  1	
144	159	765	  1	
144	194	765	  1	
144	224	765	  1	
144	352	765	  1	
146	110	765	  1	
147	304	765	  1	
147	359	765	  1	
147	448	765	  1	
149	573	765	  1	
150	184	765	  1	
150	272	765	  1	
150	335	765	  1	
151	155	765	  1	
151	352	765	  1	
152	 31	765	  1	
152	 63	765	  1	
152	120	765	  1	
152	123	765	  1	
152	176	765	  1	
152	183	765	  1	
152	216	765	  1	
152	221	765	  1	
152	372	765	  1	
152	544	765	  1	
155	515	765	  1	
156	216	765	  1	
156	222	765	  1	
156	279	765	  1	
157	 88	765	  1	
157	 95	765	  1	
157	200	765	  1	
159	 63	765	  1	
159	127	765	  1	
159	284	765	  1	
160	 52	765	  1	
160	 66	765	  1	
160	 72	765	  1	
160	 79	765	  1	
160	184	765	  1	
160	190	765	  1	
160	224	765	  1	
160	228	765	  1	
160	232	765	  1	
160	240	765	  1	
160	247	765	  1	
160	288	765	  1	
160	293	765	  1	
160	326	765	  1	
160	404	765	  1	
162	 88	765	  1	
162	480	765	  1	
163	283	765	  1	
163	447	765	  1	
164	190	765	  1	
164	278	765	  1	
165	 68	765	  1	
165	248	765	  1	
166	272	765	  1	
167	 52	765	  1	
167	 75	765	  1	
167	 88	765	  1	
167	290	765	  1	
167	528	765	  1	
168	104	765	  1	
168	163	765	  1	
168	210	765	  1	
168	215	765	  1	
168	256	765	  1	
168	280	765	  1	
168	288	765	  1	
168	336	765	  1	
168	560	765	  1	
170	 88	765	  1	
170	151	765	  1	
170	232	765	  1	
171	186	765	  1	
171	287	765	  1	
171	294	765	  1	
172	 79	765	  1	
172	480	765	  1	
173	112	765	  1	
174	 94	765	  1	
174	504	765	  1	
174	511	765	  1	
175	160	765	  1	
175	167	765	  1	
175	179	765	  1	
175	280	765	  1	
175	472	765	  1	
176	 87	765	  1	
176	 98	765	  1	
176	136	765	  1	
176	156	765	  1	
176	183	765	  1	
176	208	765	  1	
176	219	765	  1	
176	234	765	  1	
176	277	765	  1	
176	335	765	  1	
176	464	765	  1	
178	 56	765	  1	
178	 75	765	  1	
178	239	765	  1	
179	  8	765	  1	
179	167	765	  1	
179	391	765	  1	
180	  4	765	  1	
180	272	765	  1	
181	 82	765	  1	
181	103	765	  1	
181	174	765	  1	
183	 62	765	  1	
183	 79	765	  1	
183	136	765	  1	
183	160	765	  1	
183	223	765	  1	
183	288	765	  1	
183	408	765	  1	
184	  7	765	  1	
184	 91	765	  1	
184	128	765	  1	
184	149	765	  1	
184	257	765	  1	
184	301	765	  1	
184	343	765	  1	
184	431	765	  1	
185	136	765	  1	
185	178	765	  1	
186	144	765	  1	
186	255	765	  1	
187	183	765	  1	
187	296	765	  1	
188	463	765	  1	
189	  2	765	  1	
189	159	765	  1	
190	200	765	  1	
190	272	765	  1	
190	327	765	  1	
192	  7	765	  1	
192	 78	765	  1	
192	259	765	  1	
192	306	765	  1	
192	344	765	  1	
192	507	765	  1	
194	375	765	  1	
195	136	765	  1	
195	279	765	  1	
196	 72	765	  1	
196	233	765	  1	
199	 64	765	  1	
199	263	765	  1	
199	272	765	  1	
200	 63	765	  1	
200	 67	765	  1	
200	 86	765	  1	
200	104	765	  1	
200	112	765	  1	
200	118	765	  1	
200	133	765	  1	
200	140	765	  1	
200	152	765	  1	
200	175	765	  1	
200	227	765	  1	
200	255	765	  1	
200	267	765	  1	
202	 58	765	  1	
202	128	765	  1	
203	  0	765	  1	
203	  7	765	  1	
203	277	765	  1	
204	144	765	  1	
205	136	765	  1	
206	 63	765	  1	
206	 71	765	  1	
206	156	765	  1	
207	192	765	  1	
207	199	765	  1	
207	224	765	  1	
207	231	765	  1	
207	264	765	  1	
207	271	765	  1	
208	 13	765	  1	
208	 72	765	  1	
208	 76	765	  1	
208	139	765	  1	
208	280	765	  1	
208	287	765	  1	
208	319	765	  1	
210	 56	765	  1	
210	328	765	  1	
210	480	765	  1	
210	512	765	  1	
211	 46	765	  1	
211	104	765	  1	
211	261	765	  1	
211	574	765	  1	
212	136	765	  1	
213	149	765	  1	
213	487	765	  1	
214	 62	765	  1	
214	148	765	  1	
214	221	765	  1	
214	431	765	  1	
215	304	765	  1	
215	475	765	  1	
215	558	765	  1	
216	 40	765	  1	
216	 45	765	  1	
216	 98	765	  1	
216	102	765	  1	
216	111	765	  1	
216	119	765	  1	
216	139	765	  1	
216	154	765	  1	
216	225	765	  1	
216	235	765	  1	
216	243	765	  1	
216	278	765	  1	
216	472	765	  1	
218	183	765	  1	
218	251	765	  1	
219	160	765	  1	
219	189	765	  1	
220	336	765	  1	
221	152	765	  1	
221	239	765	  1	
221	315	765	  1	
221	551	765	  1	
222	258	765	  1	
222	472	765	  1	
223	144	765	  1	
223	247	765	  1	
223	344	765	  1	
224	 62	765	  1	
224	148	765	  1	
224	160	765	  1	
224	183	765	  1	
224	214	765	  1	
224	224	765	  1	
224	231	765	  1	
224	263	765	  1	
224	295	765	  1	
224	345	765	  1	
224	366	765	  1	
224	376	765	  1	
224	383	765	  1	
225	287	765	  1	
226	  0	765	  1	
226	  7	765	  1	
226	191	765	  1	
227	136	765	  1	
227	176	765	  1	
228	445	765	  1	
229	147	765	  1	
229	166	765	  1	
229	480	765	  1	
230	141	765	  1	
230	242	765	  1	
230	271	765	  1	
230	406	765	  1	
231	140	765	  1	
231	151	765	  1	
231	183	765	  1	
231	227	765	  1	
231	286	765	  1	
231	455	765	  1	
232	  8	765	  1	
232	 15	765	  1	
232	 24	765	  1	
232	 31	765	  1	
232	 51	765	  1	
232	 68	765	  1	
232	154	765	  1	
232	203	765	  1	
232	223	765	  1	
232	287	765	  1	
232	305	765	  1	
232	384	765	  1	
232	416	765	  1	
232	469	765	  1	
232	563	765	  1	
233	 59	765	  1	
233	359	765	  1	
233	376	765	  1	
234	400	765	  1	
235	216	765	  1	
235	239	765	  1	
235	295	765	  1	
237	311	765	  1	
238	 64	765	  1	
239	 11	765	  1	
239	 27	765	  1	
239	 51	765	  1	
239	280	765	  1	
239	416	765	  1	
239	455	765	  1	
239	503	765	  1	
239	579	765	  1	
240	  8	765	  1	
240	 13	765	  1	
240	 29	765	  1	
240	 39	765	  1	
240	128	765	  1	
240	139	765	  1	
240	160	765	  1	
240	244	765	  1	
240	260	765	  1	
240	269	765	  1	
240	292	765	  1	
240	456	765	  1	
240	552	765	  1	
241	112	765	  1	
241	227	765	  1	
241	351	765	  1	
242	 24	765	  1	
243	  3	765	  1	
243	 34	765	  1	
243	 40	765	  1	
243	145	765	  1	
243	175	765	  1	
243	488	765	  1	
245	135	765	  1	
245	162	765	  1	
245	264	765	  1	
245	447	765	  1	
246	 10	765	  1	
246	 30	765	  1	
246	159	765	  1	
246	239	765	  1	
247	328	765	  1	
247	368	765	  1	
247	432	765	  1	
248	 19	765	  1	
248	 58	765	  1	
248	 91	765	  1	
248	 96	765	  1	
248	103	765	  1	
248	112	765	  1	
248	344	765	  1	
248	456	765	  1	
248	472	765	  1	
248	480	765	  1	
248	487	765	  1	
250	357	765	  1	
250	462	765	  1	
251	 15	765	  1	
251	 83	765	  1	
251	176	765	  1	
251	185	765	  1	
251	479	765	  1	
252	 40	765	  1	
252	 91	765	  1	
252	420	765	  1	
253	 48	765	  1	
253	214	765	  1	
253	299	765	  1	
253	456	765	  1	
253	496	765	  1	
253	530	765	  1	
253	535	765	  1	
254	  8	765	  1	
254	309	765	  1	
254	336	765	  1	
254	343	765	  1	
255	 59	765	  1	
255	304	765	  1	
255	364	765	  1	
255	472	765	  1	
255	483	765	  1	
256	 24	765	  1	
256	 69	765	  1	
256	 75	765	  1	
256	 85	765	  1	
256	177	765	  1	
256	239	765	  1	
256	298	765	  1	
256	326	765	  1	
256	440	765	  1	
257	189	765	  1	
258	388	765	  1	
259	 48	765	  1	
259	 64	765	  1	
259	112	765	  1	
259	161	765	  1	
259	599	765	  1	
260	443	765	  1	
261	 80	765	  1	
261	104	765	  1	
261	168	765	  1	
261	230	765	  1	
262	 27	765	  1	
262	 38	765	  1	
262	199	765	  1	
262	215	765	  1	
262	455	765	  1	
263	 72	765	  1	
263	119	765	  1	
263	195	765	  1	
264	  0	765	  1	
264	 40	765	  1	
264	 47	765	  1	
264	 55	765	  1	
264	 76	765	  1	
264	152	765	  1	
264	200	765	  1	
264	208	765	  1	
264	228	765	  1	
264	245	765	  1	
264	270	765	  1	
264	275	765	  1	
264	285	765	  1	
264	328	765	  1	
264	472	765	  1	
264	522	765	  1	
265	127	765	  1	
265	134	765	  1	
266	 39	765	  1	
266	156	765	  1	
266	240	765	  1	
267	255	765	  1	
267	296	765	  1	
267	431	765	  1	
267	446	765	  1	
268	220	765	  1	
268	523	765	  1	
269	  5	765	  1	
269	104	765	  1	
269	111	765	  1	
269	280	765	  1	
270	 56	765	  1	
270	120	765	  1	
270	176	765	  1	
270	246	765	  1	
270	256	765	  1	
270	262	765	  1	
270	271	765	  1	
270	403	765	  1	
270	479	765	  1	
271	 43	765	  1	
271	207	765	  1	
271	415	765	  1	
272	 32	765	  1	
272	 39	765	  1	
272	 69	765	  1	
272	 83	765	  1	
272	 96	765	  1	
272	126	765	  1	
272	144	765	  1	
272	232	765	  1	
272	360	765	  1	
272	367	765	  1	
272	392	765	  1	
272	399	765	  1	
272	414	765	  1	
272	443	765	  1	
272	448	765	  1	
272	504	765	  1	
272	552	765	  1	
273	164	765	  1	
273	264	765	  1	
273	269	765	  1	
274	400	765	  1	
274	455	765	  1	
275	227	765	  1	
275	296	765	  1	
276	110	765	  1	
277	 80	765	  1	
277	216	765	  1	
277	286	765	  1	
277	520	765	  1	
278	104	765	  1	
278	152	765	  1	
278	173	765	  1	
278	323	765	  1	
278	552	765	  1	
279	 47	765	  1	
279	 63	765	  1	
279	344	765	  1	
279	395	765	  1	
279	440	765	  1	
279	447	765	  1	
280	  8	765	  1	
280	 99	765	  1	
280	120	765	  1	
280	139	765	  1	
280	144	765	  1	
280	184	765	  1	
280	208	765	  1	
280	248	765	  1	
280	295	765	  1	
280	383	765	  1	
280	480	765	  1	
280	598	765	  1	
281	127	765	  1	
282	136	765	  1	
282	368	765	  1	
283	263	765	  1	
283	357	765	  1	
283	389	765	  1	
284	408	765	  1	
285	 56	765	  1	
285	104	765	  1	
285	111	765	  1	
285	222	765	  1	
285	288	765	  1	
287	344	765	  1	
288	 24	765	  1	
288	 31	765	  1	
288	 40	765	  1	
288	 44	765	  1	
288	 50	765	  1	
288	 80	765	  1	
288	115	765	  1	
288	128	765	  1	
288	171	765	  1	
288	181	765	  1	
288	192	765	  1	
288	216	765	  1	
288	224	765	  1	
288	231	765	  1	
288	240	765	  1	
288	320	765	  1	
288	331	765	  1	
288	568	765	  1	
288	592	765	  1	
289	511	765	  1	
291	 72	765	  1	
291	138	765	  1	
291	144	765	  1	
291	160	765	  1	
291	245	765	  1	
291	285	765	  1	
291	575	765	  1	
293	408	765	  1	
293	415	765	  1	
294	168	765	  1	
295	 27	765	  1	
295	228	765	  1	
295	568	765	  1	
295	592	765	  1	
296	  6	765	  1	
296	 32	765	  1	
296	 58	765	  1	
296	 63	765	  1	
296	104	765	  1	
296	111	765	  1	
296	117	765	  1	
296	144	765	  1	
296	160	765	  1	
296	167	765	  1	
296	288	765	  1	
296	310	765	  1	
296	315	765	  1	
296	333	765	  1	
296	363	765	  1	
296	466	765	  1	
296	526	765	  1	
296	583	765	  1	
297	 15	765	  1	
298	  8	765	  1	
298	251	765	  1	
298	355	765	  1	
298	390	765	  1	
298	539	765	  1	
299	200	765	  1	
300	  3	765	  1	
300	163	765	  1	
300	178	765	  1	
301	 80	765	  1	
301	520	765	  1	
302	168	765	  1	
302	312	765	  1	
303	 35	765	  1	
303	107	765	  1	
303	144	765	  1	
304	 64	765	  1	
304	 96	765	  1	
304	104	765	  1	
304	121	765	  1	
304	126	765	  1	
304	136	765	  1	
304	183	765	  1	
304	197	765	  1	
304	295	765	  1	
304	304	765	  1	
304	327	765	  1	
304	359	765	  1	
306	  7	765	  1	
306	174	765	  1	
307	332	765	  1	
307	373	765	  1	
308	320	765	  1	
308	327	765	  1	
309	192	765	  1	
309	399	765	  1	
310	111	765	  1	
310	597	765	  1	
311	 15	765	  1	
311	181	765	  1	
311	304	765	  1	
312	 19	765	  1	
312	 72	765	  1	
312	 82	765	  1	
312	 99	765	  1	
312	135	765	  1	
312	148	765	  1	
312	158	765	  1	
312	168	765	  1	
312	213	765	  1	
312	317	765	  1	
312	344	765	  1	
313	370	765	  1	
314	221	765	  1	
314	279	765	  1	
314	312	765	  1	
315	 64	765	  1	
315	128	765	  1	
315	144	765	  1	
315	181	765	  1	
316	173	765	  1	
317	 23	765	  1	
317	 80	765	  1	
317	 87	765	  1	
317	155	765	  1	
317	332	765	  1	
317	350	765	  1	
317	360	765	  1	
318	318	765	  1	
318	408	765	  1	
319	 96	765	  1	
319	103	765	  1	
319	168	765	  1	
319	176	765	  1	
319	213	765	  1	
319	288	765	  1	
320	 14	765	  1	
320	117	765	  1	
320	141	765	  1	
320	160	765	  1	
320	181	765	  1	
320	200	765	  1	
320	232	765	  1	
320	248	765	  1	
320	284	765	  1	
320	301	765	  1	
320	352	765	  1	
320	356	765	  1	
320	424	765	  1	
321	167	765	  1	
321	255	765	  1	
322	112	765	  1	
322	136	765	  1	
322	264	765	  1	
322	566	765	  1	
323	  8	765	  1	
323	 56	765	  1	
323	192	765	  1	
323	285	765	  1	
324	431	765	  1	
325	152	765	  1	
325	296	765	  1	
326	118	765	  1	
326	142	765	  1	
326	270	765	  1	
326	487	765	  1	
327	 72	765	  1	
327	200	765	  1	
327	251	765	  1	
327	372	765	  1	
328	  0	765	  1	
328	 64	765	  1	
328	 91	765	  1	
328	131	765	  1	
328	170	765	  1	
328	218	765	  1	
328	227	765	  1	
328	232	765	  1	
328	288	765	  1	
328	349	765	  1	
328	360	765	  1	
328	584	765	  1	
329	152	765	  1	
330	246	765	  1	
333	 70	765	  1	
333	166	765	  1	
333	366	765	  1	
333	384	765	  1	
334	 27	765	  1	
334	240	765	  1	
335	  8	765	  1	
335	152	765	  1	
335	248	765	  1	
336	  0	765	  1	
336	 14	765	  1	
336	 48	765	  1	
336	 55	765	  1	
336	 79	765	  1	
336	133	765	  1	
336	162	765	  1	
336	189	765	  1	
336	208	765	  1	
336	216	765	  1	
336	359	765	  1	
336	400	765	  1	
336	424	765	  1	
336	431	765	  1	
337	304	765	  1	
338	158	765	  1	
339	128	765	  1	
339	219	765	  1	
339	256	765	  1	
339	352	765	  1	
340	127	765	  1	
340	403	765	  1	
341	 11	765	  1	
341	246	765	  1	
341	392	765	  1	
342	  0	765	  1	
342	208	765	  1	
343	121	765	  1	
343	231	765	  1	
343	280	765	  1	
343	359	765	  1	
344	 60	765	  1	
344	104	765	  1	
344	136	765	  1	
344	155	765	  1	
344	251	765	  1	
344	272	765	  1	
344	317	765	  1	
344	368	765	  1	
344	379	765	  1	
344	384	765	  1	
344	424	765	  1	
344	440	765	  1	
344	535	765	  1	
345	 48	765	  1	
346	 11	765	  1	
346	147	765	  1	
346	389	765	  1	
347	168	765	  1	
347	240	765	  1	
347	528	765	  1	
349	254	765	  1	
350	 53	765	  1	
350	108	765	  1	
350	136	765	  1	
350	165	765	  1	
350	244	765	  1	
350	356	765	  1	
350	384	765	  1	
351	 72	765	  1	
351	 78	765	  1	
351	156	765	  1	
351	248	765	  1	
351	440	765	  1	
351	535	765	  1	
352	 10	765	  1	
352	 16	765	  1	
352	 39	765	  1	
352	 64	765	  1	
352	159	765	  1	
352	216	765	  1	
352	336	765	  1	
354	262	765	  1	
355	 32	765	  1	
355	 48	765	  1	
355	 63	765	  1	
355	128	765	  1	
355	143	765	  1	
355	531	765	  1	
357	 72	765	  1	
357	156	765	  1	
357	184	765	  1	
357	222	765	  1	
357	400	765	  1	
357	495	765	  1	
358	431	765	  1	
358	487	765	  1	
359	 39	765	  1	
359	256	765	  1	
359	275	765	  1	
359	416	765	  1	
359	483	765	  1	
360	 31	765	  1	
360	 62	765	  1	
360	 80	765	  1	
360	112	765	  1	
360	130	765	  1	
360	136	765	  1	
360	143	765	  1	
360	151	765	  1	
360	159	765	  1	
360	168	765	  1	
360	208	765	  1	
360	248	765	  1	
360	328	765	  1	
360	335	765	  1	
360	368	765	  1	
360	375	765	  1	
360	394	765	  1	
360	518	765	  1	
360	527	765	  1	
362	 86	765	  1	
362	279	765	  1	
365	 11	765	  1	
365	 59	765	  1	
365	128	765	  1	
365	135	765	  1	
365	190	765	  1	
365	208	765	  1	
366	 80	765	  1	
366	393	765	  1	
366	423	765	  1	
367	222	765	  1	
367	331	765	  1	
367	399	765	  1	
367	407	765	  1	
367	523	765	  1	
368	 16	765	  1	
368	 24	765	  1	
368	 38	765	  1	
368	 79	765	  1	
368	100	765	  1	
368	136	765	  1	
368	159	765	  1	
368	183	765	  1	
368	202	765	  1	
368	235	765	  1	
368	263	765	  1	
368	290	765	  1	
368	295	765	  1	
368	336	765	  1	
368	340	765	  1	
368	363	765	  1	
368	384	765	  1	
368	424	765	  1	
370	 31	765	  1	
371	140	765	  1	
371	154	765	  1	
371	215	765	  1	
372	 13	765	  1	
372	 96	765	  1	
373	 37	765	  1	
373	102	765	  1	
373	200	765	  1	
373	207	765	  1	
373	482	765	  1	
373	487	765	  1	
374	 19	765	  1	
374	 74	765	  1	
374	176	765	  1	
374	292	765	  1	
374	540	765	  1	
375	  2	765	  1	
375	400	765	  1	
375	428	765	  1	
376	 11	765	  1	
376	 16	765	  1	
376	 80	765	  1	
376	144	765	  1	
376	151	765	  1	
376	155	765	  1	
376	182	765	  1	
376	193	765	  1	
376	239	765	  1	
376	301	765	  1	
376	312	765	  1	
376	319	765	  1	
376	327	765	  1	
377	  3	765	  1	
377	112	765	  1	
378	 54	765	  1	
378	122	765	  1	
378	342	765	  1	
379	 72	765	  1	
379	171	765	  1	
379	320	765	  1	
380	 31	765	  1	
380	391	765	  1	
381	296	765	  1	
382	 48	765	  1	
382	 96	765	  1	
382	101	765	  1	
382	149	765	  1	
382	336	765	  1	
383	168	765	  1	
383	315	765	  1	
384	 61	765	  1	
384	 78	765	  1	
384	 84	765	  1	
384	104	765	  1	
384	111	765	  1	
384	128	765	  1	
384	132	765	  1	
384	160	765	  1	
384	167	765	  1	
384	188	765	  1	
384	196	765	  1	
384	223	765	  1	
384	333	765	  1	
384	472	765	  1	
384	502	765	  1	
384	527	765	  1	
384	552	765	  1	
385	192	765	  1	
385	207	765	  1	
385	569	765	  1	
386	 72	765	  1	
386	120	765	  1	
386	261	765	  1	
386	372	765	  1	
387	  0	765	  1	
387	 32	765	  1	
387	136	765	  1	
387	327	765	  1	
389	 24	765	  1	
389	 56	765	  1	
389	110	765	  1	
389	159	765	  1	
389	248	765	  1	
389	267	765	  1	
389	328	765	  1	
389	416	765	  1	
390	 40	765	  1	
390	171	765	  1	
391	 78	765	  1	
391	151	765	  1	
391	163	765	  1	
391	527	765	  1	
392	 64	765	  1	
392	 86	765	  1	
392	 99	765	  1	
392	137	765	  1	
392	212	765	  1	
392	238	765	  1	
392	296	765	  1	
392	299	765	  1	
392	311	765	  1	
392	336	765	  1	
392	351	765	  1	
392	386	765	  1	
393	434	765	  1	
394	320	765	  1	
394	326	765	  1	
395	 43	765	  1	
395	183	765	  1	
395	208	765	  1	
395	247	765	  1	
396	 88	765	  1	
396	176	765	  1	
396	348	765	  1	
396	496	765	  1	
398	136	765	  1	
398	296	765	  1	
399	 64	765	  1	
399	112	765	  1	
399	320	765	  1	
399	326	765	  1	
399	360	765	  1	
399	580	765	  1	
400	 35	765	  1	
400	 75	765	  1	
400	165	765	  1	
400	205	765	  1	
400	264	765	  1	
400	355	765	  1	
402	 81	765	  1	
402	 90	765	  1	
402	199	765	  1	
403	 40	765	  1	
403	152	765	  1	
403	253	765	  1	
404	103	765	  1	
404	247	765	  1	
405	343	765	  1	
406	 47	765	  1	
406	206	765	  1	
406	255	765	  1	
407	102	765	  1	
407	136	765	  1	
407	175	765	  1	
407	311	765	  1	
407	352	765	  1	
407	359	765	  1	
408	 21	765	  1	
408	 34	765	  1	
408	 64	765	  1	
408	 72	765	  1	
408	108	765	  1	
408	152	765	  1	
408	156	765	  1	
408	191	765	  1	
408	291	765	  1	
408	320	765	  1	
408	327	765	  1	
408	351	765	  1	
408	503	765	  1	
409	102	765	  1	
410	 16	765	  1	
410	184	765	  1	
411	160	765	  1	
411	344	765	  1	
411	496	765	  1	
412	103	765	  1	
413	 37	765	  1	
413	104	765	  1	
413	128	765	  1	
413	174	765	  1	
413	202	765	  1	
414	 21	765	  1	
414	178	765	  1	
414	288	765	  1	
415	100	765	  1	
415	323	765	  1	
415	351	765	  1	
415	503	765	  1	
416	  5	765	  1	
416	 16	765	  1	
416	212	765	  1	
416	223	765	  1	
416	229	765	  1	
416	233	765	  1	
416	248	765	  1	
417	185	765	  1	
418	 53	765	  1	
418	 80	765	  1	
418	 90	765	  1	
418	 98	765	  1	
418	134	765	  1	
419	168	765	  1	
419	224	765	  1	
419	325	765	  1	
419	344	765	  1	
420	 16	765	  1	
420	248	765	  1	
421	120	765	  1	
421	158	765	  1	
421	206	765	  1	
422	  4	765	  1	
422	280	765	  1	
423	 48	765	  1	
423	 80	765	  1	
423	 90	765	  1	
423	219	765	  1	
423	292	765	  1	
424	 53	765	  1	
424	 72	765	  1	
424	139	765	  1	
424	231	765	  1	
424	234	765	  1	
424	295	765	  1	
427	 64	765	  1	
427	 86	765	  1	
427	167	765	  1	
428	160	765	  1	
429	 27	765	  1	
429	120	765	  1	
429	152	765	  1	
429	199	765	  1	
429	223	765	  1	
430	 45	765	  1	
430	 48	765	  1	
430	 80	765	  1	
431	234	765	  1	
431	288	765	  1	
432	 10	765	  1	
432	 31	765	  1	
432	 64	765	  1	
432	128	765	  1	
432	135	765	  1	
432	174	765	  1	
432	176	765	  1	
432	207	765	  1	
432	220	765	  1	
432	331	765	  1	
432	336	765	  1	
432	447	765	  1	
434	 39	765	  1	
434	 85	765	  1	
434	164	765	  1	
435	168	765	  1	
436	 26	765	  1	
437	115	765	  1	
438	 94	765	  1	
439	120	765	  1	
439	223	765	  1	
439	356	765	  1	
440	 40	765	  1	
440	 96	765	  1	
440	131	765	  1	
440	194	765	  1	
440	199	765	  1	
440	232	765	  1	
440	267	765	  1	
442	 13	765	  1	
442	110	765	  1	
442	246	765	  1	
442	295	765	  1	
443	143	765	  1	
444	151	765	  1	
444	205	765	  1	
445	 16	765	  1	
446	104	765	  1	
446	144	765	  1	
446	240	765	  1	
447	161	765	  1	
448	  3	765	  1	
448	 32	765	  1	
448	 36	765	  1	
448	 56	765	  1	
448	 90	765	  1	
448	 94	765	  1	
448	191	765	  1	
448	208	765	  1	
448	216	765	  1	
448	222	765	  1	
448	229	765	  1	
448	246	765	  1	
448	288	765	  1	
448	295	765	  1	
448	471	765	  1	
448	551	765	  1	
451	  4	765	  1	
451	 63	765	  1	
451	 96	765	  1	
451	135	765	  1	
451	184	765	  1	
453	198	765	  1	
453	214	765	  1	
453	219	765	  1	
453	224	765	  1	
453	243	765	  1	
454	 55	765	  1	
455	 44	765	  1	
455	191	765	  1	
455	271	765	  1	
455	274	765	  1	
456	  9	765	  1	
456	 24	765	  1	
456	 30	765	  1	
456	 79	765	  1	
456	102	765	  1	
456	116	765	  1	
456	141	765	  1	
456	237	765	  1	
456	304	765	  1	
456	310	765	  1	
456	356	765	  1	
456	442	765	  1	
458	 88	765	  1	
459	  0	765	  1	
459	 16	765	  1	
459	 64	765	  1	
460	 94	765	  1	
461	 27	765	  1	
461	 99	765	  1	
461	232	765	  1	
461	340	765	  1	
461	352	765	  1	
462	 88	765	  1	
462	447	765	  1	
463	118	765	  1	
464	 15	765	  1	
464	 32	765	  1	
464	 39	765	  1	
464	107	765	  1	
464	120	765	  1	
464	152	765	  1	
464	240	765	  1	
464	296	765	  1	
464	312	765	  1	
464	319	765	  1	
464	323	765	  1	
464	559	765	  1	
465	 56	765	  1	
465	 61	765	  1	
465	552	765	  1	
467	 80	765	  1	
467	272	765	  1	
469	 72	765	  1	
469	 91	765	  1	
469	216	765	  1	
470	423	765	  1	
471	104	765	  1	
471	111	765	  1	
471	240	765	  1	
471	315	765	  1	
471	431	765	  1	
472	 55	765	  1	
472	 80	765	  1	
472	 96	765	  1	
472	103	765	  1	
472	132	765	  1	
472	160	765	  1	
472	168	765	  1	
472	177	765	  1	
472	197	765	  1	
472	208	765	  1	
472	280	765	  1	
472	284	765	  1	
472	328	765	  1	
472	344	765	  1	
472	353	765	  1	
472	520	765	  1	
474	144	765	  1	
475	 48	765	  1	
475	105	765	  1	
475	192	765	  1	
475	214	765	  1	
475	272	765	  1	
477	151	765	  1	
477	280	765	  1	
477	285	765	  1	
478	128	765	  1	
478	178	765	  1	
479	 55	765	  1	
479	 99	765	  1	
479	354	765	  1	
479	592	765	  1	
480	  8	765	  1	
480	 22	765	  1	
480	 27	765	  1	
480	 32	765	  1	
480	 88	765	  1	
480	108	765	  1	
480	152	765	  1	
480	168	765	  1	
480	218	765	  1	
480	242	765	  1	
480	247	765	  1	
480	254	765	  1	
480	304	765	  1	
481	 18	765	  1	
481	118	765	  1	
482	344	765	  1	
483	 38	765	  1	
483	311	765	  1	
483	351	765	  1	
483	360	765	  1	
484	144	765	  1	
485	139	765	  1	
485	200	765	  1	
486	 23	765	  1	
486	151	765	  1	
486	488	765	  1	
487	304	765	  1	
488	  5	765	  1	
488	 72	765	  1	
488	120	765	  1	
488	133	765	  1	
488	192	765	  1	
488	215	765	  1	
488	232	765	  1	
488	306	765	  1	
488	319	765	  1	
488	328	765	  1	
488	332	765	  1	
488	368	765	  1	
490	128	765	  1	
491	 10	765	  1	
491	 47	765	  1	
491	127	765	  1	
493	  0	765	  1	
493	179	765	  1	
494	333	765	  1	
495	120	765	  1	
495	134	765	  1	
495	328	765	  1	
496	 18	765	  1	
496	 73	765	  1	
496	110	765	  1	
496	175	765	  1	
496	223	765	  1	
496	263	765	  1	
496	342	765	  1	
498	160	765	  1	
498	198	765	  1	
498	230	765	  1	
499	 80	765	  1	
499	256	765	  1	
499	400	765	  1	
500	128	765	  1	
501	 79	765	  1	
501	148	765	  1	
501	259	765	  1	
501	272	765	  1	
502	186	765	  1	
502	318	765	  1	
503	 55	765	  1	
503	342	765	  1	
504	 15	765	  1	
504	 79	765	  1	
504	 84	765	  1	
504	 89	765	  1	
504	112	765	  1	
504	116	765	  1	
504	120	765	  1	
504	132	765	  1	
504	143	765	  1	
504	182	765	  1	
504	229	765	  1	
504	240	765	  1	
504	246	765	  1	
504	251	765	  1	
504	386	765	  1	
505	 31	765	  1	
505	 72	765	  1	
507	344	765	  1	
508	 83	765	  1	
508	139	765	  1	
509	 38	765	  1	
509	148	765	  1	
509	243	765	  1	
509	335	765	  1	
510	 88	765	  1	
510	 95	765	  1	
511	104	765	  1	
511	272	765	  1	
512	  0	765	  1	
512	  4	765	  1	
512	119	765	  1	
512	176	765	  1	
512	188	765	  1	
512	213	765	  1	
512	220	765	  1	
512	336	765	  1	
512	408	765	  1	
512	415	765	  1	
513	376	765	  1	
514	 79	765	  1	
514	341	765	  1	
515	248	765	  1	
516	 85	765	  1	
517	182	765	  1	
517	327	765	  1	
518	213	765	  1	
518	222	765	  1	
518	308	765	  1	
519	200	765	  1	
519	399	765	  1	
519	415	765	  1	
520	 19	765	  1	
520	 63	765	  1	
520	150	765	  1	
520	224	765	  1	
520	237	765	  1	
520	265	765	  1	
520	272	765	  1	
520	304	765	  1	
521	131	765	  1	
521	183	765	  1	
521	288	765	  1	
521	355	765	  1	
523	 56	765	  1	
523	160	765	  1	
523	216	765	  1	
523	279	765	  1	
523	359	765	  1	
524	264	765	  1	
525	  0	765	  1	
525	142	765	  1	
525	200	765	  1	
525	232	765	  1	
525	310	765	  1	
526	  6	765	  1	
526	 91	765	  1	
526	176	765	  1	
526	271	765	  1	
527	 63	765	  1	
527	439	765	  1	
528	 67	765	  1	
528	 72	765	  1	
528	101	765	  1	
528	108	765	  1	
528	152	765	  1	
528	155	765	  1	
528	186	765	  1	
528	191	765	  1	
528	239	765	  1	
528	256	765	  1	
528	277	765	  1	
528	325	765	  1	
528	416	765	  1	
528	423	765	  1	
528	568	765	  1	
530	261	765	  1	
530	320	765	  1	
531	143	765	  1	
531	504	765	  1	
533	 96	765	  1	
533	160	765	  1	
533	255	765	  1	
533	288	765	  1	
534	136	765	  1	
534	326	765	  1	
534	424	765	  1	
534	439	765	  1	
535	 64	765	  1	
535	 71	765	  1	
535	235	765	  1	
535	419	765	  1	
536	 16	765	  1	
536	147	765	  1	
536	168	765	  1	
536	181	765	  1	
536	192	765	  1	
536	199	765	  1	
536	216	765	  1	
536	224	765	  1	
536	264	765	  1	
536	343	765	  1	
536	357	765	  1	
536	384	765	  1	
536	391	765	  1	
537	191	765	  1	
538	128	765	  1	
538	159	765	  1	
538	230	765	  1	
539	 96	765	  1	
539	120	765	  1	
539	336	765	  1	
540	 11	765	  1	
541	 64	765	  1	
541	244	765	  1	
541	270	765	  1	
541	318	765	  1	
541	352	765	  1	
542	135	765	  1	
542	152	765	  1	
542	224	765	  1	
543	144	765	  1	
543	189	765	  1	
543	195	765	  1	
543	343	765	  1	
543	387	765	  1	
544	  8	765	  1	
544	 23	765	  1	
544	 40	765	  1	
544	 88	765	  1	
544	 93	765	  1	
544	112	765	  1	
544	169	765	  1	
544	178	765	  1	
544	280	765	  1	
544	288	765	  1	
544	432	765	  1	
547	 17	765	  1	
547	 71	765	  1	
547	252	765	  1	
547	312	765	  1	
547	335	765	  1	
547	408	765	  1	
547	415	765	  1	
547	439	765	  1	
549	 92	765	  1	
549	207	765	  1	
549	534	765	  1	
551	 64	765	  1	
551	183	765	  1	
551	331	765	  1	
551	352	765	  1	
551	432	765	  1	
552	113	765	  1	
552	119	765	  1	
552	155	765	  1	
552	165	765	  1	
552	180	765	  1	
552	184	765	  1	
552	190	765	  1	
552	231	765	  1	
552	258	765	  1	
552	277	765	  1	
552	341	765	  1	
552	360	765	  1	
552	378	765	  1	
552	392	765	  1	
552	399	765	  1	
554	272	765	  1	
554	416	765	  1	
555	  8	765	  1	
555	248	765	  1	
555	336	765	  1	
556	167	765	  1	
556	173	765	  1	
556	200	765	  1	
556	240	765	  1	
556	455	765	  1	
557	187	765	  1	
558	192	765	  1	
558	207	765	  1	
558	278	765	  1	
559	 15	765	  1	
559	160	765	  1	
559	263	765	  1	
559	395	765	  1	
559	460	765	  1	
560	147	765	  1	
560	166	765	  1	
560	172	765	  1	
560	296	765	  1	
560	320	765	  1	
560	404	765	  1	
562	336	765	  1	
562	388	765	  1	
563	488	765	  1	
564	144	765	  1	
565	 96	765	  1	
566	173	765	  1	
566	328	765	  1	
567	151	765	  1	
567	404	765	  1	
568	 52	765	  1	
568	140	765	  1	
568	157	765	  1	
568	203	765	  1	
568	216	765	  1	
568	248	765	  1	
568	258	765	  1	
568	272	765	  1	
568	283	765	  1	
568	317	765	  1	
568	352	765	  1	
568	359	765	  1	
568	416	765	  1	
568	487	765	  1	
571	112	765	  1	
571	147	765	  1	
571	221	765	  1	
571	295	765	  1	
573	184	765	  1	
573	256	765	  1	
573	278	765	  1	
573	312	765	  1	
574	336	765	  1	
575	139	765	  1	
575	303	765	  1	
575	355	765	  1	
575	403	765	  1	
576	 59	765	  1	
576	 68	765	  1	
576	 77	765	  1	
576	165	765	  1	
576	176	765	  1	
576	237	765	  1	
579	  3	765	  1	
579	 84	765	  1	
579	224	765	  1	
579	272	765	  1	
579	304	765	  1	
579	311	765	  1	
581	182	765	  1	
581	232	765	  1	
581	296	765	  1	
582	 64	765	  1	
582	159	765	  1	
583	279	765	  1	
584	 23	765	  1	
584	 35	765	  1	
584	 93	765	  1	
584	 96	765	  1	
584	107	765	  1	
584	143	765	  1	
584	187	765	  1	
584	197	765	  1	
584	206	765	  1	
584	218	765	  1	
584	248	765	  1	
584	302	765	  1	
584	325	765	  1	
584	329	765	  1	
587	 47	765	  1	
587	 56	765	  1	
587	136	765	  1	
588	184	765	  1	
588	298	765	  1	
589	192	765	  1	
589	203	765	  1	
589	296	765	  1	
590	164	765	  1	
590	248	765	  1	
591	 16	765	  1	
591	 40	765	  1	
591	109	765	  1	
591	143	765	  1	
591	216	765	  1	
591	223	765	  1	
591	448	765	  1	
591	467	765	  1	
592	  8	765	  1	
592	 15	765	  1	
592	 48	765	  1	
592	 55	765	  1	
592	 59	765	  1	
592	288	765	  1	
592	312	765	  1	
592	319	765	  1	
592	345	765	  1	
592	352	765	  1	
592	392	765	  1	
592	421	765	  1	
592	514	765	  1	
593	112	765	  1	
594	 96	765	  1	
594	311	765	  1	
595	299	765	  1	
595	359	765	  1	
596	 78	765	  1	
596	159	765	  1	
597	 63	765	  1	
597	 82	765	  1	
597	 87	765	  1	
597	176	765	  1	
598	 72	765	  1	
598	288	765	  1	
598	307	765	  1	
599	 51	765	  1	
599	 96	765	  1	
599	183	765	  1	
599	315	765	  1	
599	351	765	  1	
600	 95	765	  1	
600	232	765	  1	
600	239	765	  1	
600	267	765	  1	
600	322	765	  1	
600	328	765	  1	
600	368	765	  1	
601	303	765	  1	
603	335	765	  1	
604	  2	765	  1	
604	119	765	  1	
604	176	765	  1	
606	 93	765	  1	
606	191	765	  1	
607	208	765	  1	
607	235	765	  1	
607	246	765	  1	
607	332	765	  1	
607	563	765	  1	
608	206	765	  1	
608	240	765	  1	
608	369	765	  1	
609	303	765	  1	
610	200	765	  1	
611	 22	765	  1	
611	 43	765	  1	
611	103	765	  1	
611	184	765	  1	
611	231	765	  1	
612	287	765	  1	
613	199	765	  1	
614	504	765	  1	
615	191	765	  1	
615	204	765	  1	
615	301	765	  1	
615	367	765	  1	
616	  5	765	  1	
616	 10	765	  1	
616	 30	765	  1	
616	 52	765	  1	
616	142	765	  1	
616	235	765	  1	
616	320	765	  1	
616	327	765	  1	
616	355	765	  1	
618	278	765	  1	
618	317	765	  1	
619	 56	765	  1	
619	104	765	  1	
619	312	765	  1	
619	424	765	  1	
620	287	765	  1	
621	263	765	  1	
622	 28	765	  1	
622	245	765	  1	
622	253	765	  1	
622	293	765	  1	
623	 32	765	  1	
623	142	765	  1	
623	288	765	  1	
623	360	765	  1	
623	368	765	  1	
624	 92	765	  1	
624	119	765	  1	
624	128	765	  1	
624	144	765	  1	
624	151	765	  1	
624	335	765	  1	
626	100	765	  1	
627	  0	765	  1	
627	256	765	  1	
629	330	765	  1	
629	552	765	  1	
630	112	765	  1	
630	262	765	  1	
630	300	765	  1	
631	  7	765	  1	
631	 88	765	  1	
631	103	765	  1	
631	135	765	  1	
631	147	765	  1	
631	163	765	  1	
631	274	765	  1	
631	336	765	  1	
631	351	765	  1	
632	  3	765	  1	
632	155	765	  1	
632	212	765	  1	
632	541	765	  1	
635	 59	765	  1	
635	160	765	  1	
635	253	765	  1	
637	 96	765	  1	
637	103	765	  1	
637	392	765	  1	
639	  0	765	  1	
639	  7	765	  1	
639	152	765	  1	
639	159	765	  1	
639	212	765	  1	
639	232	765	  1	
640	  8	765	  1	
640	 61	765	  1	
640	104	765	  1	
640	144	765	  1	
640	160	765	  1	
640	219	765	  1	
640	286	765	  1	
640	487	765	  1	
642	333	765	  1	
643	 80	765	  1	
643	328	765	  1	
644	 56	765	  1	
646	283	765	  1	
647	 51	765	  1	
647	216	765	  1	
647	223	765	  1	
647	487	765	  1	
647	558	765	  1	
648	  8	765	  1	
648	 36	765	  1	
648	 62	765	  1	
648	366	765	  1	
648	559	765	  1	
650	360	765	  1	
651	 48	765	  1	
651	224	765	  1	
653	 79	765	  1	
653	112	765	  1	
653	239	765	  1	
656	166	765	  1	
656	199	765	  1	
656	405	765	  1	
658	127	765	  1	
659	160	765	  1	
661	528	765	  1	
662	195	765	  1	
663	 64	765	  1	
664	 72	765	  1	
664	104	765	  1	
664	110	765	  1	
664	152	765	  1	
664	200	765	  1	
664	206	765	  1	
664	224	765	  1	
664	415	765	  1	
667	231	765	  1	
668	288	765	  1	
669	159	765	  1	
669	390	765	  1	
670	408	765	  1	
671	224	765	  1	
671	399	765	  1	
672	176	765	  1	
672	240	765	  1	
674	 71	765	  1	
674	124	765	  1	
676	295	765	  1	
679	299	765	  1	
680	176	765	  1	
680	208	765	  1	
680	263	765	  1	
683	212	765	  1	
690	114	765	  1	
691	183	765	  1	
694	231	765	  1	
704	216	765	  1	
714	241	765	  1	
722	 29	765	  1	
726	386	765	  1	
752	239	765	  1	
798	222	765	  1	
