# 
#  Image file: Goad2_T0197.jpg
#  Applied threshold: 575
#  Algorithm used: fill2                 
#  Particle count: 1988
#  Location (x,y), max luminance, and mass:
# 
  8	 72	765	  1	
 14	340	765	  1	
 15	232	765	  1	
 15	240	765	  1	
 16	248	765	  1	
 21	488	765	  1	
 24	163	765	  1	
 31	370	765	  1	
 32	399	765	  1	
 36	 72	765	  1	
 37	200	765	  1	
 37	389	765	  1	
 39	146	765	  1	
 40	276	765	  1	
 43	320	765	  1	
 43	327	765	  1	
 47	256	765	  1	
 47	271	765	  1	
 50	492	765	  1	
 51	 87	765	  1	
 54	343	765	  1	
 55	316	765	  1	
 56	136	765	  1	
 56	323	765	  1	
 62	 81	765	  1	
 62	103	765	  1	
 66	111	765	  1	
 69	109	765	  1	
 70	376	765	  1	
 71	103	765	  1	
 71	112	765	  1	
 71	232	765	  1	
 71	498	765	  1	
 72	304	765	  1	
 72	514	765	  1	
 74	256	765	  1	
 74	322	765	  1	
 79	125	765	  1	
 79	150	765	  1	
 79	304	765	  1	
 79	567	765	  1	
 80	154	765	  1	
 80	293	765	  1	
 85	131	765	  1	
 85	160	765	  1	
 87	235	765	  1	
 87	352	765	  1	
 88	256	765	  1	
 88	307	765	  1	
 88	315	765	  1	
 88	338	765	  1	
 90	117	765	  1	
 91	112	765	  1	
 91	263	765	  1	
 95	256	765	  1	
 95	315	765	  1	
 96	319	765	  1	
 96	325	765	  1	
 98	 76	765	  1	
 99	312	765	  1	
101	320	765	  1	
102	243	765	  1	
102	379	765	  1	
103	159	765	  1	
103	201	765	  1	
103	264	765	  1	
103	384	765	  1	
104	 88	765	  1	
104	160	765	  1	
107	312	765	  1	
108	 16	765	  1	
109	140	765	  1	
109	234	765	  1	
111	319	765	  1	
111	407	765	  1	
112	  0	765	  1	
112	  5	765	  1	
112	266	765	  1	
112	307	765	  1	
112	381	765	  1	
112	408	765	  1	
112	415	765	  1	
116	120	765	  1	
116	130	765	  1	
117	398	765	  1	
118	426	765	  1	
119	304	765	  1	
119	311	765	  1	
119	411	765	  1	
119	463	765	  1	
120	102	765	  1	
120	191	765	  1	
120	245	765	  1	
120	256	765	  1	
120	300	765	  1	
121	111	765	  1	
123	122	765	  1	
123	184	765	  1	
123	304	765	  1	
123	382	765	  1	
123	528	765	  1	
124	 40	765	  1	
124	296	765	  1	
125	  7	765	  1	
125	352	765	  1	
125	357	765	  1	
126	255	765	  1	
126	303	765	  1	
126	309	765	  1	
126	512	765	  1	
127	102	765	  1	
127	191	765	  1	
127	207	765	  1	
127	363	765	  1	
128	 20	765	  1	
128	 86	765	  1	
128	 96	765	  1	
128	150	765	  1	
128	167	765	  1	
128	269	765	  1	
128	295	765	  1	
128	328	765	  1	
128	400	765	  1	
128	407	765	  1	
128	504	765	  1	
131	  0	765	  1	
131	549	765	  1	
132	264	765	  1	
132	391	765	  1	
133	290	765	  1	
135	 11	765	  1	
135	150	765	  1	
135	403	765	  1	
135	504	765	  1	
136	 88	765	  1	
136	127	765	  1	
136	157	765	  1	
136	168	765	  1	
136	175	765	  1	
136	200	765	  1	
136	296	765	  1	
136	363	765	  1	
136	392	765	  1	
136	426	765	  1	
138	103	765	  1	
138	167	765	  1	
138	359	765	  1	
139	120	765	  1	
139	144	765	  1	
139	582	765	  1	
140	  7	765	  1	
141	367	765	  1	
142	299	765	  1	
143	  2	765	  1	
143	 88	765	  1	
143	 96	765	  1	
143	127	765	  1	
143	171	765	  1	
143	248	765	  1	
143	437	765	  1	
144	108	765	  1	
144	135	765	  1	
144	144	765	  1	
144	150	765	  1	
144	175	765	  1	
144	184	765	  1	
144	191	765	  1	
144	199	765	  1	
144	208	765	  1	
144	312	765	  1	
144	324	765	  1	
144	347	765	  1	
144	352	765	  1	
144	361	765	  1	
144	378	765	  1	
144	384	765	  1	
144	459	765	  1	
146	256	765	  1	
146	268	765	  1	
147	128	765	  1	
148	162	765	  1	
148	187	765	  1	
149	147	765	  1	
149	248	765	  1	
150	171	765	  1	
150	352	765	  1	
151	175	765	  1	
151	195	765	  1	
151	344	765	  1	
152	113	765	  1	
152	172	765	  1	
152	176	765	  1	
152	200	765	  1	
152	307	765	  1	
152	312	765	  1	
153	271	765	  1	
154	264	765	  1	
155	361	765	  1	
155	503	765	  1	
157	150	765	  1	
157	161	765	  1	
157	175	765	  1	
157	317	765	  1	
159	167	765	  1	
159	256	765	  1	
159	268	765	  1	
159	307	765	  1	
159	599	765	  1	
160	 64	765	  1	
160	 99	765	  1	
160	136	765	  1	
160	143	765	  1	
160	168	765	  1	
160	172	765	  1	
160	232	765	  1	
160	285	765	  1	
160	293	765	  1	
160	434	765	  1	
160	597	765	  1	
162	201	765	  1	
162	256	765	  1	
163	 71	765	  1	
163	351	765	  1	
164	280	765	  1	
165	263	765	  1	
166	271	765	  1	
167	 16	765	  1	
167	 64	765	  1	
167	112	765	  1	
167	434	765	  1	
168	 54	765	  1	
168	 75	765	  1	
168	158	765	  1	
168	231	765	  1	
168	233	765	  1	
168	267	765	  1	
168	312	765	  1	
168	319	765	  1	
168	487	765	  1	
169	152	765	  1	
170	255	765	  1	
170	296	765	  1	
170	303	765	  1	
171	 88	765	  1	
171	112	765	  1	
171	144	765	  1	
171	439	765	  1	
171	480	765	  1	
173	 80	765	  1	
173	136	765	  1	
174	 72	765	  1	
174	240	765	  1	
175	 54	765	  1	
175	157	765	  1	
175	268	765	  1	
175	315	765	  1	
175	487	765	  1	
176	128	765	  1	
176	165	765	  1	
176	196	765	  1	
176	211	765	  1	
176	278	765	  1	
176	291	765	  1	
176	343	765	  1	
176	351	765	  1	
176	400	765	  1	
177	231	765	  1	
178	112	765	  1	
178	272	765	  1	
179	301	765	  1	
180	503	765	  1	
181	 72	765	  1	
181	 79	765	  1	
181	128	765	  1	
181	159	765	  1	
181	175	765	  1	
181	199	765	  1	
181	267	765	  1	
181	312	765	  1	
181	328	765	  1	
182	152	765	  1	
182	188	765	  1	
182	248	765	  1	
182	255	765	  1	
182	336	765	  1	
183	119	765	  1	
183	211	765	  1	
183	229	765	  1	
183	346	765	  1	
183	366	765	  1	
184	 96	765	  1	
184	126	765	  1	
184	136	765	  1	
184	247	765	  1	
184	256	765	  1	
184	280	765	  1	
184	398	765	  1	
184	456	765	  1	
186	 95	765	  1	
187	112	765	  1	
187	463	765	  1	
189	122	765	  1	
189	160	765	  1	
189	294	765	  1	
190	 88	765	  1	
190	100	765	  1	
190	482	765	  1	
191	352	765	  1	
191	371	765	  1	
191	398	765	  1	
191	456	765	  1	
192	 16	765	  1	
192	 52	765	  1	
192	 80	765	  1	
192	 84	765	  1	
192	112	765	  1	
192	147	765	  1	
192	152	765	  1	
192	173	765	  1	
192	184	765	  1	
192	199	765	  1	
192	203	765	  1	
192	227	765	  1	
192	242	765	  1	
192	256	765	  1	
192	276	765	  1	
192	299	765	  1	
192	304	765	  1	
192	400	765	  1	
192	407	765	  1	
192	459	765	  1	
193	263	765	  1	
194	168	765	  1	
194	191	765	  1	
195	104	765	  1	
195	134	765	  1	
196	331	765	  1	
196	551	765	  1	
197	113	765	  1	
198	120	765	  1	
198	150	765	  1	
198	174	765	  1	
199	 16	765	  1	
199	 55	765	  1	
199	184	765	  1	
199	199	765	  1	
199	271	765	  1	
199	299	765	  1	
199	456	765	  1	
199	463	765	  1	
200	 27	765	  1	
200	 64	765	  1	
200	 71	765	  1	
200	101	765	  1	
200	108	765	  1	
200	320	765	  1	
200	403	765	  1	
200	432	765	  1	
202	133	765	  1	
202	166	765	  1	
202	224	765	  1	
202	461	765	  1	
203	416	765	  1	
204	360	765	  1	
205	 96	765	  1	
205	160	765	  1	
206	 64	765	  1	
206	 88	765	  1	
206	174	765	  1	
206	367	765	  1	
206	456	765	  1	
207	 75	765	  1	
208	 37	765	  1	
208	 99	765	  1	
208	120	765	  1	
208	200	765	  1	
208	238	765	  1	
208	344	765	  1	
208	350	765	  1	
208	357	765	  1	
208	391	765	  1	
208	403	765	  1	
209	192	765	  1	
209	442	765	  1	
211	168	765	  1	
211	360	765	  1	
211	463	765	  1	
212	246	765	  1	
212	512	765	  1	
213	176	765	  1	
213	183	765	  1	
213	256	765	  1	
213	264	765	  1	
213	347	765	  1	
213	352	765	  1	
214	100	765	  1	
214	166	765	  1	
214	235	765	  1	
214	240	765	  1	
214	399	765	  1	
215	 82	765	  1	
215	192	765	  1	
215	199	765	  1	
215	216	765	  1	
215	456	765	  1	
216	 61	765	  1	
216	148	765	  1	
216	152	765	  1	
216	184	765	  1	
216	224	765	  1	
216	245	765	  1	
216	285	765	  1	
216	320	765	  1	
216	324	765	  1	
216	410	765	  1	
216	455	765	  1	
217	238	765	  1	
218	168	765	  1	
219	  0	765	  1	
219	186	765	  1	
219	448	765	  1	
220	 41	765	  1	
221	112	765	  1	
221	230	765	  1	
221	408	765	  1	
221	415	765	  1	
222	126	765	  1	
222	174	765	  1	
222	195	765	  1	
222	596	765	  1	
223	245	765	  1	
223	427	765	  1	
223	455	765	  1	
224	  8	765	  1	
224	 55	765	  1	
224	 59	765	  1	
224	 96	765	  1	
224	178	765	  1	
224	224	765	  1	
224	232	765	  1	
224	290	765	  1	
224	368	765	  1	
224	382	765	  1	
224	392	765	  1	
224	416	765	  1	
224	439	765	  1	
224	474	765	  1	
224	479	765	  1	
226	 14	765	  1	
226	264	765	  1	
226	440	765	  1	
227	 48	765	  1	
229	  0	765	  1	
230	 56	765	  1	
230	 63	765	  1	
230	112	765	  1	
230	183	765	  1	
230	474	765	  1	
231	 37	765	  1	
231	332	765	  1	
231	416	765	  1	
231	479	765	  1	
232	 16	765	  1	
232	 35	765	  1	
232	124	765	  1	
232	154	765	  1	
232	256	765	  1	
232	272	765	  1	
232	360	765	  1	
232	364	765	  1	
232	387	765	  1	
232	427	765	  1	
232	439	765	  1	
232	461	765	  1	
232	512	765	  1	
234	 95	765	  1	
234	116	765	  1	
234	548	765	  1	
235	583	765	  1	
236	 16	765	  1	
236	432	765	  1	
237	104	765	  1	
237	159	765	  1	
238	 21	765	  1	
238	 98	765	  1	
238	176	765	  1	
238	224	765	  1	
239	115	765	  1	
239	391	765	  1	
240	 45	765	  1	
240	 88	765	  1	
240	129	765	  1	
240	160	765	  1	
240	184	765	  1	
240	194	765	  1	
240	245	765	  1	
240	264	765	  1	
240	351	765	  1	
240	398	765	  1	
240	408	765	  1	
240	443	765	  1	
240	448	765	  1	
240	463	765	  1	
240	507	765	  1	
240	512	765	  1	
240	519	765	  1	
240	591	765	  1	
241	147	765	  1	
242	 21	765	  1	
243	 32	765	  1	
243	111	765	  1	
243	344	765	  1	
244	104	765	  1	
244	208	765	  1	
244	290	765	  1	
245	 94	765	  1	
245	376	765	  1	
245	395	765	  1	
245	451	765	  1	
246	437	765	  1	
247	 16	765	  1	
247	 45	765	  1	
247	104	765	  1	
247	109	765	  1	
247	144	765	  1	
247	215	765	  1	
247	351	765	  1	
247	504	765	  1	
247	511	765	  1	
247	515	765	  1	
247	591	765	  1	
248	  0	765	  1	
248	  4	765	  1	
248	  8	765	  1	
248	 20	765	  1	
248	 48	765	  1	
248	 70	765	  1	
248	127	765	  1	
248	138	765	  1	
248	152	765	  1	
248	186	765	  1	
248	231	765	  1	
248	248	765	  1	
248	262	765	  1	
248	280	765	  1	
248	304	765	  1	
248	343	765	  1	
248	349	765	  1	
248	414	765	  1	
250	 55	765	  1	
250	311	765	  1	
250	344	765	  1	
250	408	765	  1	
251	 16	765	  1	
251	 88	765	  1	
251	192	765	  1	
251	504	765	  1	
252	176	765	  1	
253	  8	765	  1	
253	136	765	  1	
253	143	765	  1	
253	317	765	  1	
253	440	765	  1	
253	512	765	  1	
254	183	765	  1	
254	205	765	  1	
254	211	765	  1	
254	484	765	  1	
255	 48	765	  1	
255	 80	765	  1	
255	304	765	  1	
255	349	765	  1	
256	 35	765	  1	
256	 66	765	  1	
256	 91	765	  1	
256	 99	765	  1	
256	109	765	  1	
256	134	765	  1	
256	171	765	  1	
256	176	765	  1	
256	191	765	  1	
256	197	765	  1	
256	216	765	  1	
256	263	765	  1	
256	320	765	  1	
256	338	765	  1	
256	399	765	  1	
256	401	765	  1	
256	422	765	  1	
256	432	765	  1	
256	471	765	  1	
256	477	765	  1	
257	160	765	  1	
257	255	765	  1	
258	416	765	  1	
259	410	765	  1	
260	520	765	  1	
261	 64	765	  1	
261	 71	765	  1	
261	104	765	  1	
261	126	765	  1	
261	192	765	  1	
261	208	765	  1	
261	376	765	  1	
262	132	765	  1	
262	320	765	  1	
262	386	765	  1	
262	482	765	  1	
262	487	765	  1	
263	 35	765	  1	
263	 80	765	  1	
263	 87	765	  1	
263	165	765	  1	
263	175	765	  1	
263	184	765	  1	
263	275	765	  1	
263	422	765	  1	
263	456	765	  1	
263	464	765	  1	
264	 54	765	  1	
264	 59	765	  1	
264	 72	765	  1	
264	 76	765	  1	
264	119	765	  1	
264	144	765	  1	
264	155	765	  1	
264	189	765	  1	
264	295	765	  1	
264	397	765	  1	
264	416	765	  1	
264	488	765	  1	
264	552	765	  1	
264	559	765	  1	
265	227	765	  1	
265	448	765	  1	
266	493	765	  1	
267	288	765	  1	
267	308	765	  1	
267	391	765	  1	
269	 62	765	  1	
269	 96	765	  1	
269	152	765	  1	
269	376	765	  1	
270	 52	765	  1	
270	382	765	  1	
270	442	765	  1	
270	488	765	  1	
271	295	765	  1	
271	387	765	  1	
271	531	765	  1	
271	555	765	  1	
272	 70	765	  1	
272	 85	765	  1	
272	119	765	  1	
272	168	765	  1	
272	172	765	  1	
272	306	765	  1	
272	311	765	  1	
272	360	765	  1	
272	367	765	  1	
272	384	765	  1	
272	403	765	  1	
272	424	765	  1	
272	455	765	  1	
272	464	765	  1	
272	471	765	  1	
274	400	765	  1	
274	430	765	  1	
275	127	765	  1	
275	152	765	  1	
275	264	765	  1	
276	520	765	  1	
277	 18	765	  1	
277	 40	765	  1	
277	 47	765	  1	
277	304	765	  1	
277	308	765	  1	
277	347	765	  1	
278	424	765	  1	
278	527	765	  1	
279	363	765	  1	
279	464	765	  1	
280	104	765	  1	
280	128	765	  1	
280	152	765	  1	
280	190	765	  1	
280	197	765	  1	
280	248	765	  1	
280	261	765	  1	
280	286	765	  1	
280	298	765	  1	
280	319	765	  1	
280	360	765	  1	
280	366	765	  1	
280	412	765	  1	
280	453	765	  1	
280	493	765	  1	
280	510	765	  1	
280	568	765	  1	
281	312	765	  1	
282	504	765	  1	
283	 88	765	  1	
283	186	765	  1	
283	255	765	  1	
283	326	765	  1	
283	432	765	  1	
283	560	765	  1	
285	  0	765	  1	
285	 56	765	  1	
285	196	765	  1	
285	285	765	  1	
285	296	765	  1	
285	303	765	  1	
285	400	765	  1	
285	415	765	  1	
285	424	765	  1	
285	448	765	  1	
286	160	765	  1	
286	511	765	  1	
286	566	765	  1	
286	571	765	  1	
287	104	765	  1	
287	248	765	  1	
287	319	765	  1	
288	 24	765	  1	
288	175	765	  1	
288	198	765	  1	
288	208	765	  1	
288	236	765	  1	
288	312	765	  1	
288	333	765	  1	
288	376	765	  1	
288	419	765	  1	
288	434	765	  1	
288	453	765	  1	
288	488	765	  1	
289	154	765	  1	
290	 78	765	  1	
290	143	765	  1	
290	327	765	  1	
291	168	765	  1	
292	304	765	  1	
292	368	765	  1	
293	  3	765	  1	
293	130	765	  1	
293	214	765	  1	
293	232	765	  1	
293	313	765	  1	
293	475	765	  1	
293	495	765	  1	
294	 72	765	  1	
294	135	765	  1	
294	162	765	  1	
294	564	765	  1	
295	 24	765	  1	
295	 80	765	  1	
295	373	765	  1	
296	 64	765	  1	
296	 77	765	  1	
296	 96	765	  1	
296	112	765	  1	
296	120	765	  1	
296	128	765	  1	
296	149	765	  1	
296	252	765	  1	
296	301	765	  1	
296	344	765	  1	
296	362	765	  1	
296	392	765	  1	
296	437	765	  1	
297	192	765	  1	
298	144	765	  1	
298	365	765	  1	
299	 30	765	  1	
299	336	765	  1	
299	456	765	  1	
300	168	765	  1	
300	360	765	  1	
300	432	765	  1	
301	 70	765	  1	
301	200	765	  1	
301	350	765	  1	
302	100	765	  1	
302	150	765	  1	
302	302	765	  1	
303	366	765	  1	
304	 18	765	  1	
304	 23	765	  1	
304	 48	765	  1	
304	152	765	  1	
304	167	765	  1	
304	176	765	  1	
304	312	765	  1	
304	326	765	  1	
304	336	765	  1	
304	344	765	  1	
304	384	765	  1	
304	405	765	  1	
304	459	765	  1	
304	488	765	  1	
306	219	765	  1	
307	206	765	  1	
308	266	765	  1	
309	 20	765	  1	
309	192	765	  1	
309	232	765	  1	
309	291	765	  1	
309	304	765	  1	
310	256	765	  1	
310	395	765	  1	
311	 72	765	  1	
311	143	765	  1	
311	344	765	  1	
311	351	765	  1	
311	456	765	  1	
311	463	765	  1	
312	 24	765	  1	
312	 46	765	  1	
312	 80	765	  1	
312	238	765	  1	
312	254	765	  1	
312	286	765	  1	
312	319	765	  1	
312	328	765	  1	
312	335	765	  1	
312	373	765	  1	
312	384	765	  1	
312	418	765	  1	
312	451	765	  1	
312	464	765	  1	
312	474	765	  1	
312	514	765	  1	
312	576	765	  1	
314	 63	765	  1	
314	280	765	  1	
314	503	765	  1	
315	343	765	  1	
315	392	765	  1	
316	315	765	  1	
317	192	765	  1	
317	235	765	  1	
317	416	765	  1	
317	423	765	  1	
317	493	765	  1	
318	216	765	  1	
318	304	765	  1	
318	452	765	  1	
318	479	765	  1	
319	 38	765	  1	
319	 80	765	  1	
319	288	765	  1	
319	376	765	  1	
319	558	765	  1	
320	 10	765	  1	
320	 15	765	  1	
320	 22	765	  1	
320	 47	765	  1	
320	 54	765	  1	
320	 76	765	  1	
320	 88	765	  1	
320	 96	765	  1	
320	171	765	  1	
320	254	765	  1	
320	320	765	  1	
320	344	765	  1	
320	365	765	  1	
320	373	765	  1	
320	379	765	  1	
320	403	765	  1	
320	410	765	  1	
320	415	765	  1	
320	424	765	  1	
322	176	765	  1	
322	326	765	  1	
323	 64	765	  1	
323	128	765	  1	
324	250	765	  1	
324	263	765	  1	
325	 38	765	  1	
325	 51	765	  1	
325	126	765	  1	
325	152	765	  1	
325	206	765	  1	
325	232	765	  1	
325	336	765	  1	
325	383	765	  1	
326	 20	765	  1	
326	 77	765	  1	
326	320	765	  1	
327	 32	765	  1	
327	192	765	  1	
327	224	765	  1	
328	  0	765	  1	
328	 56	765	  1	
328	 80	765	  1	
328	112	765	  1	
328	119	765	  1	
328	128	765	  1	
328	248	765	  1	
328	354	765	  1	
328	397	765	  1	
328	419	765	  1	
328	451	765	  1	
328	472	765	  1	
328	479	765	  1	
329	 51	765	  1	
330	 70	765	  1	
330	328	765	  1	
331	184	765	  1	
331	255	765	  1	
331	407	765	  1	
333	224	765	  1	
334	 64	765	  1	
334	344	765	  1	
334	356	765	  1	
335	128	765	  1	
335	448	765	  1	
335	455	765	  1	
335	475	765	  1	
336	 48	765	  1	
336	 88	765	  1	
336	109	765	  1	
336	139	765	  1	
336	144	765	  1	
336	175	765	  1	
336	184	765	  1	
336	208	765	  1	
336	240	765	  1	
336	248	765	  1	
336	272	765	  1	
336	296	765	  1	
336	303	765	  1	
336	312	765	  1	
336	320	765	  1	
336	408	765	  1	
337	 62	765	  1	
338	335	765	  1	
338	364	765	  1	
339	168	765	  1	
339	232	765	  1	
339	279	765	  1	
340	254	765	  1	
341	246	765	  1	
342	 91	765	  1	
342	151	765	  1	
342	414	765	  1	
342	583	765	  1	
343	136	765	  1	
343	143	765	  1	
343	175	765	  1	
343	272	765	  1	
343	510	765	  1	
344	 12	765	  1	
344	 80	765	  1	
344	 96	765	  1	
344	104	765	  1	
344	112	765	  1	
344	132	765	  1	
344	160	765	  1	
344	171	765	  1	
344	176	765	  1	
344	237	765	  1	
344	303	765	  1	
344	344	765	  1	
344	424	765	  1	
344	468	765	  1	
344	535	765	  1	
344	560	765	  1	
344	567	765	  1	
346	 59	765	  1	
346	471	765	  1	
347	247	765	  1	
347	296	765	  1	
347	443	765	  1	
351	 47	765	  1	
351	192	765	  1	
351	303	765	  1	
351	344	765	  1	
351	468	765	  1	
351	563	765	  1	
352	  8	765	  1	
352	 64	765	  1	
352	 77	765	  1	
352	 88	765	  1	
352	 98	765	  1	
352	103	765	  1	
352	133	765	  1	
352	139	765	  1	
352	146	765	  1	
352	165	765	  1	
352	202	765	  1	
352	207	765	  1	
352	213	765	  1	
352	332	765	  1	
352	376	765	  1	
352	383	765	  1	
352	399	765	  1	
352	421	765	  1	
352	432	765	  1	
352	528	765	  1	
354	 72	765	  1	
355	 63	765	  1	
356	 96	765	  1	
356	279	765	  1	
356	326	765	  1	
357	 90	765	  1	
357	128	765	  1	
357	406	765	  1	
358	 56	765	  1	
358	 78	765	  1	
358	320	765	  1	
358	395	765	  1	
359	101	765	  1	
359	144	765	  1	
359	151	765	  1	
359	248	765	  1	
359	271	765	  1	
359	332	765	  1	
359	379	765	  1	
360	 62	765	  1	
360	256	765	  1	
360	293	765	  1	
360	328	765	  1	
360	342	765	  1	
360	440	765	  1	
360	487	765	  1	
361	183	765	  1	
362	206	765	  1	
362	288	765	  1	
362	336	765	  1	
363	 95	765	  1	
363	280	765	  1	
363	480	765	  1	
365	144	765	  1	
365	243	765	  1	
365	267	765	  1	
365	448	765	  1	
366	 88	765	  1	
366	200	765	  1	
366	256	765	  1	
366	286	765	  1	
366	294	765	  1	
366	385	765	  1	
367	211	765	  1	
367	271	765	  1	
367	487	765	  1	
367	576	765	  1	
368	 16	765	  1	
368	112	765	  1	
368	173	765	  1	
368	234	765	  1	
368	253	765	  1	
368	264	765	  1	
368	288	765	  1	
368	299	765	  1	
368	308	765	  1	
368	312	765	  1	
368	323	765	  1	
368	341	765	  1	
368	360	765	  1	
368	370	765	  1	
368	459	765	  1	
371	294	765	  1	
371	440	765	  1	
371	504	765	  1	
372	199	765	  1	
372	303	765	  1	
372	518	765	  1	
373	 88	765	  1	
373	 95	765	  1	
373	103	765	  1	
373	118	765	  1	
373	126	765	  1	
374	 48	765	  1	
374	190	765	  1	
374	333	765	  1	
375	144	765	  1	
375	264	765	  1	
375	360	765	  1	
375	447	765	  1	
376	 22	765	  1	
376	 30	765	  1	
376	 72	765	  1	
376	 93	765	  1	
376	107	765	  1	
376	120	765	  1	
376	204	765	  1	
376	224	765	  1	
376	231	765	  1	
376	271	765	  1	
376	393	765	  1	
376	403	765	  1	
376	428	765	  1	
376	440	765	  1	
376	460	765	  1	
377	 26	765	  1	
377	 48	765	  1	
378	297	765	  1	
379	123	765	  1	
379	264	765	  1	
379	447	765	  1	
381	200	765	  1	
381	424	765	  1	
381	463	765	  1	
382	 31	765	  1	
382	 62	765	  1	
382	176	765	  1	
382	390	765	  1	
382	437	765	  1	
383	 55	765	  1	
383	 93	765	  1	
383	195	765	  1	
383	227	765	  1	
383	271	765	  1	
384	132	765	  1	
384	267	765	  1	
384	285	765	  1	
384	320	765	  1	
384	327	765	  1	
384	330	765	  1	
384	408	765	  1	
384	415	765	  1	
385	488	765	  1	
386	 37	765	  1	
386	 85	765	  1	
386	280	765	  1	
386	455	765	  1	
387	 32	765	  1	
387	 94	765	  1	
387	120	765	  1	
387	192	765	  1	
388	331	765	  1	
389	368	765	  1	
390	117	765	  1	
390	286	765	  1	
391	 24	765	  1	
391	 80	765	  1	
391	596	765	  1	
392	 32	765	  1	
392	 46	765	  1	
392	 61	765	  1	
392	 72	765	  1	
392	 96	765	  1	
392	152	765	  1	
392	168	765	  1	
392	280	765	  1	
392	352	765	  1	
392	386	765	  1	
392	429	765	  1	
392	440	765	  1	
392	447	765	  1	
395	 16	765	  1	
395	151	765	  1	
395	192	765	  1	
395	220	765	  1	
395	286	765	  1	
395	310	765	  1	
395	443	765	  1	
397	 56	765	  1	
397	174	765	  1	
398	132	765	  1	
399	 46	765	  1	
399	440	765	  1	
399	447	765	  1	
400	 80	765	  1	
400	 96	765	  1	
400	151	765	  1	
400	166	765	  1	
400	295	765	  1	
400	335	765	  1	
401	178	765	  1	
401	183	765	  1	
402	144	765	  1	
402	381	765	  1	
403	288	765	  1	
403	371	765	  1	
403	376	765	  1	
403	419	765	  1	
403	440	765	  1	
404	128	765	  1	
405	 52	765	  1	
405	 86	765	  1	
405	116	765	  1	
405	359	765	  1	
405	472	765	  1	
405	495	765	  1	
406	152	765	  1	
406	159	765	  1	
406	480	765	  1	
407	168	765	  1	
407	295	765	  1	
408	 14	765	  1	
408	 24	765	  1	
408	 32	765	  1	
408	 46	765	  1	
408	 56	765	  1	
408	 60	765	  1	
408	 64	765	  1	
408	 74	765	  1	
408	 96	765	  1	
408	103	765	  1	
408	319	765	  1	
408	453	765	  1	
409	130	765	  1	
410	431	765	  1	
411	  9	765	  1	
411	117	765	  1	
411	144	765	  1	
412	424	765	  1	
413	158	765	  1	
414	112	765	  1	
414	312	765	  1	
414	507	765	  1	
415	 38	765	  1	
415	 46	765	  1	
415	 72	765	  1	
415	 79	765	  1	
415	 99	765	  1	
415	408	765	  1	
416	 39	765	  1	
416	 51	765	  1	
416	 80	765	  1	
416	103	765	  1	
416	155	765	  1	
416	272	765	  1	
416	352	765	  1	
416	384	765	  1	
416	452	765	  1	
416	499	765	  1	
417	168	765	  1	
418	 43	765	  1	
418	 48	765	  1	
419	 55	765	  1	
419	335	765	  1	
420	 36	765	  1	
421	  8	765	  1	
421	 22	765	  1	
421	 72	765	  1	
421	480	765	  1	
422	285	765	  1	
423	103	765	  1	
423	255	765	  1	
423	357	765	  1	
423	384	765	  1	
423	455	765	  1	
424	 51	765	  1	
424	 59	765	  1	
424	232	765	  1	
424	261	765	  1	
424	294	765	  1	
424	304	765	  1	
424	311	765	  1	
424	320	765	  1	
424	528	765	  1	
425	128	765	  1	
425	133	765	  1	
426	119	765	  1	
426	239	765	  1	
427	 79	765	  1	
427	104	765	  1	
427	359	765	  1	
428	 64	765	  1	
428	200	765	  1	
429	112	765	  1	
429	256	765	  1	
430	  7	765	  1	
430	 29	765	  1	
430	 71	765	  1	
431	 75	765	  1	
431	290	765	  1	
431	307	765	  1	
431	331	765	  1	
431	551	765	  1	
432	  4	765	  1	
432	 16	765	  1	
432	 34	765	  1	
432	178	765	  1	
432	191	765	  1	
432	200	765	  1	
432	231	765	  1	
432	264	765	  1	
432	304	765	  1	
432	400	765	  1	
432	406	765	  1	
432	447	765	  1	
434	 48	765	  1	
435	347	765	  1	
436	186	765	  1	
436	278	765	  1	
436	288	765	  1	
437	 39	765	  1	
437	 51	765	  1	
437	 72	765	  1	
437	203	765	  1	
438	245	765	  1	
438	272	765	  1	
438	311	765	  1	
438	432	765	  1	
439	 16	765	  1	
439	224	765	  1	
439	231	765	  1	
439	335	765	  1	
440	 11	765	  1	
440	 32	765	  1	
440	 43	765	  1	
440	 66	765	  1	
440	135	765	  1	
440	162	765	  1	
440	167	765	  1	
440	190	765	  1	
440	303	765	  1	
440	488	765	  1	
440	495	765	  1	
442	 56	765	  1	
442	 80	765	  1	
442	110	765	  1	
443	222	765	  1	
444	 96	765	  1	
445	 67	765	  1	
446	104	765	  1	
446	160	765	  1	
446	165	765	  1	
446	191	765	  1	
446	200	765	  1	
447	 56	765	  1	
447	120	765	  1	
447	288	765	  1	
447	296	765	  1	
447	491	765	  1	
448	  3	765	  1	
448	 21	765	  1	
448	 72	765	  1	
448	 79	765	  1	
448	103	765	  1	
448	107	765	  1	
448	132	765	  1	
448	170	765	  1	
448	208	765	  1	
448	248	765	  1	
448	259	765	  1	
448	272	765	  1	
448	323	765	  1	
448	360	765	  1	
449	198	765	  1	
449	367	765	  1	
450	112	765	  1	
450	160	765	  1	
450	167	765	  1	
450	280	765	  1	
451	178	765	  1	
451	295	765	  1	
452	  7	765	  1	
452	 99	765	  1	
453	 40	765	  1	
453	136	765	  1	
453	207	765	  1	
453	214	765	  1	
455	272	765	  1	
455	288	765	  1	
455	320	765	  1	
455	327	765	  1	
455	347	765	  1	
455	360	765	  1	
455	468	765	  1	
456	  0	765	  1	
456	 14	765	  1	
456	 29	765	  1	
456	 43	765	  1	
456	 79	765	  1	
456	 85	765	  1	
456	259	765	  1	
456	336	765	  1	
456	340	765	  1	
456	412	765	  1	
457	 10	765	  1	
457	 75	765	  1	
458	164	765	  1	
458	200	765	  1	
459	 87	765	  1	
459	192	765	  1	
460	  4	765	  1	
460	213	765	  1	
461	144	765	  1	
461	232	765	  1	
461	272	765	  1	
461	279	765	  1	
462	 84	765	  1	
462	175	765	  1	
462	206	765	  1	
462	328	765	  1	
463	167	765	  1	
464	 65	765	  1	
464	 95	765	  1	
464	138	765	  1	
464	176	765	  1	
464	189	765	  1	
464	238	765	  1	
464	245	765	  1	
464	255	765	  1	
464	264	765	  1	
464	269	765	  1	
464	280	765	  1	
464	288	765	  1	
464	342	765	  1	
464	440	765	  1	
464	487	765	  1	
464	496	765	  1	
464	507	765	  1	
464	552	765	  1	
465	 42	765	  1	
466	 79	765	  1	
466	216	765	  1	
467	152	765	  1	
467	331	765	  1	
469	  8	765	  1	
469	143	765	  1	
469	235	765	  1	
469	312	765	  1	
470	222	765	  1	
470	280	765	  1	
471	 42	765	  1	
471	447	765	  1	
471	559	765	  1	
472	  0	765	  1	
472	 57	765	  1	
472	144	765	  1	
472	189	765	  1	
472	194	765	  1	
472	422	765	  1	
474	176	765	  1	
474	248	765	  1	
476	182	765	  1	
477	 40	765	  1	
477	 64	765	  1	
477	222	765	  1	
477	286	765	  1	
477	349	765	  1	
478	102	765	  1	
478	176	765	  1	
478	190	765	  1	
478	333	765	  1	
479	 48	765	  1	
479	255	765	  1	
479	355	765	  1	
480	104	765	  1	
480	112	765	  1	
480	165	765	  1	
480	208	765	  1	
480	214	765	  1	
480	229	765	  1	
480	245	765	  1	
480	272	765	  1	
480	462	765	  1	
481	  0	765	  1	
481	 40	765	  1	
481	 47	765	  1	
483	183	765	  1	
484	438	765	  1	
485	136	765	  1	
485	204	765	  1	
485	208	765	  1	
485	215	765	  1	
485	347	765	  1	
485	363	765	  1	
486	 54	765	  1	
486	176	765	  1	
486	184	765	  1	
487	512	765	  1	
488	  3	765	  1	
488	 64	765	  1	
488	 70	765	  1	
488	144	765	  1	
488	158	765	  1	
488	192	765	  1	
488	221	765	  1	
488	232	765	  1	
488	267	765	  1	
488	307	765	  1	
488	320	765	  1	
488	331	765	  1	
489	206	765	  1	
491	 62	765	  1	
491	240	765	  1	
491	296	765	  1	
491	455	765	  1	
492	198	765	  1	
492	344	765	  1	
493	 55	765	  1	
493	 67	765	  1	
493	155	765	  1	
493	216	765	  1	
493	238	765	  1	
493	311	765	  1	
495	328	765	  1	
495	335	765	  1	
495	504	765	  1	
496	  6	765	  1	
496	 38	765	  1	
496	 81	765	  1	
496	108	765	  1	
496	133	765	  1	
496	208	765	  1	
496	213	765	  1	
496	275	765	  1	
496	285	765	  1	
496	302	765	  1	
496	315	765	  1	
496	336	765	  1	
496	343	765	  1	
496	356	765	  1	
496	448	765	  1	
497	192	765	  1	
500	272	765	  1	
501	  2	765	  1	
501	 64	765	  1	
501	 71	765	  1	
501	142	765	  1	
501	176	765	  1	
501	319	765	  1	
502	 39	765	  1	
502	212	765	  1	
502	280	765	  1	
502	328	765	  1	
502	339	765	  1	
504	 31	765	  1	
504	 46	765	  1	
504	133	765	  1	
504	190	765	  1	
504	195	765	  1	
504	240	765	  1	
504	246	765	  1	
504	354	765	  1	
504	359	765	  1	
504	431	765	  1	
504	581	765	  1	
506	371	765	  1	
507	224	765	  1	
507	264	765	  1	
508	 24	765	  1	
508	 98	765	  1	
510	176	765	  1	
510	387	765	  1	
510	425	765	  1	
511	 46	765	  1	
512	  0	765	  1	
512	 55	765	  1	
512	 78	765	  1	
512	 82	765	  1	
512	104	765	  1	
512	212	765	  1	
512	223	765	  1	
512	232	765	  1	
512	240	765	  1	
512	259	765	  1	
512	264	765	  1	
512	351	765	  1	
512	399	765	  1	
514	 40	765	  1	
514	 69	765	  1	
514	208	765	  1	
515	152	765	  1	
515	271	765	  1	
515	407	765	  1	
517	 31	765	  1	
517	 64	765	  1	
517	 80	765	  1	
517	 87	765	  1	
517	176	765	  1	
517	332	765	  1	
518	  0	765	  1	
518	 46	765	  1	
518	212	765	  1	
518	223	765	  1	
518	399	765	  1	
519	 51	765	  1	
519	264	765	  1	
520	 43	765	  1	
520	 53	765	  1	
520	 58	765	  1	
520	 64	765	  1	
520	124	765	  1	
520	170	765	  1	
520	200	765	  1	
520	218	765	  1	
520	287	765	  1	
520	307	765	  1	
522	 63	765	  1	
522	142	765	  1	
522	206	765	  1	
523	152	765	  1	
523	335	765	  1	
524	437	765	  1	
525	168	765	  1	
525	216	765	  1	
525	223	765	  1	
525	248	765	  1	
525	400	765	  1	
526	 59	765	  1	
526	 71	765	  1	
526	283	765	  1	
527	 40	765	  1	
527	 47	765	  1	
527	 96	765	  1	
528	 75	765	  1	
528	 80	765	  1	
528	152	765	  1	
528	240	765	  1	
528	264	765	  1	
528	271	765	  1	
528	363	765	  1	
530	128	765	  1	
530	246	765	  1	
531	  8	765	  1	
531	104	765	  1	
532	296	765	  1	
533	184	765	  1	
533	496	765	  1	
534	240	765	  1	
535	 48	765	  1	
535	102	765	  1	
535	198	765	  1	
535	248	765	  1	
535	267	765	  1	
535	303	765	  1	
535	360	765	  1	
535	367	765	  1	
536	 31	765	  1	
536	 56	765	  1	
536	 99	765	  1	
536	120	765	  1	
536	168	765	  1	
536	173	765	  1	
536	188	765	  1	
536	246	765	  1	
536	317	765	  1	
538	295	765	  1	
541	243	765	  1	
541	271	765	  1	
542	191	765	  1	
543	232	765	  1	
544	  8	765	  1	
544	 77	765	  1	
544	 87	765	  1	
544	 89	765	  1	
544	 96	765	  1	
544	160	765	  1	
544	166	765	  1	
544	170	765	  1	
544	212	765	  1	
544	288	765	  1	
544	376	765	  1	
544	424	765	  1	
546	 64	765	  1	
546	104	765	  1	
546	240	765	  1	
547	222	765	  1	
547	280	765	  1	
547	295	765	  1	
549	152	765	  1	
549	168	765	  1	
549	175	765	  1	
549	213	765	  1	
549	328	765	  1	
550	246	765	  1	
551	  8	765	  1	
551	111	765	  1	
551	288	765	  1	
552	 56	765	  1	
552	 64	765	  1	
552	 96	765	  1	
552	184	765	  1	
552	191	765	  1	
552	212	765	  1	
552	224	765	  1	
552	291	765	  1	
552	296	765	  1	
552	322	765	  1	
552	390	765	  1	
552	414	765	  1	
552	434	765	  1	
552	512	765	  1	
554	 86	765	  1	
554	128	765	  1	
555	143	765	  1	
555	200	765	  1	
556	157	765	  1	
556	224	765	  1	
556	270	765	  1	
557	 80	765	  1	
557	256	765	  1	
557	320	765	  1	
557	327	765	  1	
557	436	765	  1	
558	264	765	  1	
559	 86	765	  1	
559	 96	765	  1	
559	136	765	  1	
559	296	765	  1	
559	390	765	  1	
560	  2	765	  1	
560	  7	765	  1	
560	217	765	  1	
560	232	765	  1	
560	239	765	  1	
560	246	765	  1	
560	313	765	  1	
562	272	765	  1	
562	296	765	  1	
563	120	765	  1	
564	110	765	  1	
565	160	765	  1	
565	176	765	  1	
565	256	765	  1	
565	263	765	  1	
565	291	765	  1	
565	328	765	  1	
565	407	765	  1	
566	104	765	  1	
566	115	765	  1	
566	244	765	  1	
566	302	765	  1	
567	 38	765	  1	
567	235	765	  1	
567	400	765	  1	
568	  6	765	  1	
568	 88	765	  1	
568	158	765	  1	
568	304	765	  1	
568	316	765	  1	
568	365	765	  1	
568	383	765	  1	
568	447	765	  1	
569	203	765	  1	
569	280	765	  1	
570	152	765	  1	
570	208	765	  1	
571	 16	765	  1	
571	104	765	  1	
571	192	765	  1	
573	118	765	  1	
573	383	765	  1	
574	158	765	  1	
574	214	765	  1	
575	376	765	  1	
575	414	765	  1	
575	440	765	  1	
576	  6	765	  1	
576	 98	765	  1	
576	102	765	  1	
576	128	765	  1	
576	165	765	  1	
576	184	765	  1	
576	192	765	  1	
576	196	765	  1	
576	208	765	  1	
576	232	765	  1	
576	239	765	  1	
576	248	765	  1	
576	252	765	  1	
576	256	765	  1	
576	262	765	  1	
576	280	765	  1	
576	287	765	  1	
578	214	765	  1	
579	271	765	  1	
579	304	765	  1	
579	344	765	  1	
579	459	765	  1	
581	 83	765	  1	
581	 91	765	  1	
581	103	765	  1	
581	174	765	  1	
582	208	765	  1	
582	248	765	  1	
582	360	765	  1	
583	 98	765	  1	
583	235	765	  1	
583	259	765	  1	
583	278	765	  1	
583	312	765	  1	
584	 72	765	  1	
584	112	765	  1	
584	151	765	  1	
584	214	765	  1	
584	217	765	  1	
584	296	765	  1	
584	328	765	  1	
584	442	765	  1	
584	532	765	  1	
586	200	765	  1	
587	261	765	  1	
587	280	765	  1	
588	 34	765	  1	
588	100	765	  1	
588	184	765	  1	
588	223	765	  1	
589	 80	765	  1	
589	211	765	  1	
589	240	765	  1	
589	296	765	  1	
590	 72	765	  1	
590	206	765	  1	
590	331	765	  1	
591	 39	765	  1	
591	254	765	  1	
591	304	765	  1	
592	120	765	  1	
592	160	765	  1	
592	167	765	  1	
592	264	765	  1	
592	269	765	  1	
592	272	765	  1	
592	286	765	  1	
592	295	765	  1	
592	392	765	  1	
592	399	765	  1	
592	415	765	  1	
592	480	765	  1	
593	282	765	  1	
595	 56	765	  1	
595	 96	765	  1	
596	104	765	  1	
596	269	765	  1	
597	230	765	  1	
597	240	765	  1	
599	 47	765	  1	
599	163	765	  1	
599	392	765	  1	
599	399	765	  1	
600	 71	765	  1	
600	 80	765	  1	
600	 87	765	  1	
600	206	765	  1	
600	237	765	  1	
600	336	765	  1	
600	343	765	  1	
602	232	765	  1	
602	365	765	  1	
603	 66	765	  1	
603	192	765	  1	
603	204	765	  1	
603	288	765	  1	
605	  0	765	  1	
606	207	765	  1	
606	238	765	  1	
607	 60	765	  1	
607	 83	765	  1	
607	199	765	  1	
607	224	765	  1	
607	438	765	  1	
607	527	765	  1	
608	 24	765	  1	
608	112	765	  1	
608	151	765	  1	
608	219	765	  1	
608	256	765	  1	
608	272	765	  1	
608	290	765	  1	
608	351	765	  1	
608	384	765	  1	
608	464	765	  1	
608	568	765	  1	
610	 13	765	  1	
611	134	765	  1	
611	144	765	  1	
611	200	765	  1	
611	230	765	  1	
611	391	765	  1	
612	112	765	  1	
613	295	765	  1	
613	336	765	  1	
613	351	765	  1	
614	560	765	  1	
615	207	765	  1	
615	344	765	  1	
615	384	765	  1	
616	  8	765	  1	
616	 61	765	  1	
616	 64	765	  1	
616	 71	765	  1	
616	107	765	  1	
616	119	765	  1	
616	157	765	  1	
616	285	765	  1	
616	296	765	  1	
616	322	765	  1	
616	410	765	  1	
618	162	765	  1	
619	167	765	  1	
619	304	765	  1	
620	152	765	  1	
621	104	765	  1	
621	182	765	  1	
621	279	765	  1	
621	285	765	  1	
621	446	765	  1	
622	119	765	  1	
622	303	765	  1	
623	  0	765	  1	
623	 71	765	  1	
624	 14	765	  1	
624	 79	765	  1	
624	184	765	  1	
627	111	765	  1	
627	122	765	  1	
630	215	765	  1	
631	 40	765	  1	
631	104	765	  1	
631	175	765	  1	
631	269	765	  1	
631	359	765	  1	
632	  0	765	  1	
632	 90	765	  1	
632	139	765	  1	
632	247	765	  1	
632	288	765	  1	
632	294	765	  1	
632	362	765	  1	
633	205	765	  1	
635	  7	765	  1	
637	 88	765	  1	
637	 92	765	  1	
638	136	765	  1	
638	143	765	  1	
638	592	765	  1	
639	  0	765	  1	
639	104	765	  1	
639	288	765	  1	
640	 87	765	  1	
640	223	765	  1	
640	231	765	  1	
640	296	765	  1	
643	 80	765	  1	
643	224	765	  1	
643	260	765	  1	
645	 48	765	  1	
645	 55	765	  1	
646	192	765	  1	
646	485	765	  1	
647	 87	765	  1	
647	207	765	  1	
647	223	765	  1	
647	231	765	  1	
647	359	765	  1	
648	 79	765	  1	
648	131	765	  1	
648	164	765	  1	
651	279	765	  1	
653	 55	765	  1	
654	  1	765	  1	
654	 67	765	  1	
655	  6	765	  1	
655	416	765	  1	
656	 85	765	  1	
656	 92	765	  1	
656	291	765	  1	
658	271	765	  1	
660	447	765	  1	
661	 88	765	  1	
661	263	765	  1	
663	279	765	  1	
664	104	765	  1	
664	110	765	  1	
664	117	765	  1	
664	240	765	  1	
669	384	765	  1	
670	142	765	  1	
670	151	765	  1	
670	199	765	  1	
671	503	765	  1	
672	311	765	  1	
673	523	765	  1	
674	175	765	  1	
674	433	765	  1	
680	151	765	  1	
685	111	765	  1	
692	139	765	  1	
694	335	765	  1	
695	471	765	  1	
696	280	765	  1	
703	471	765	  1	
707	530	765	  1	
711	378	765	  1	
712	320	765	  1	
715	198	765	  1	
721	260	765	  1	
736	 79	765	  1	
736	440	765	  1	
