# 
#  Image file: Goad2_T0199.jpg
#  Applied threshold: 575
#  Algorithm used: fill2                 
#  Particle count: 1915
#  Location (x,y), max luminance, and mass:
# 
  0	179	765	  1	
  0	184	765	  1	
 13	338	765	  1	
 16	192	765	  1	
 23	160	765	  1	
 24	263	765	  1	
 31	 46	765	  1	
 31	366	765	  1	
 31	491	765	  1	
 32	259	765	  1	
 36	391	765	  1	
 40	 69	765	  1	
 40	144	765	  1	
 40	272	765	  1	
 46	279	765	  1	
 48	291	765	  1	
 49	 87	765	  1	
 52	490	765	  1	
 54	295	765	  1	
 56	108	765	  1	
 56	232	765	  1	
 56	239	765	  1	
 56	334	765	  1	
 58	111	765	  1	
 60	104	765	  1	
 62	 81	765	  1	
 63	101	765	  1	
 64	 80	765	  1	
 64	295	765	  1	
 66	111	765	  1	
 69	109	765	  1	
 71	103	765	  1	
 71	110	765	  1	
 71	295	765	  1	
 72	240	765	  1	
 72	304	765	  1	
 72	514	765	  1	
 75	319	765	  1	
 79	 60	765	  1	
 83	144	765	  1	
 85	160	765	  1	
 85	213	765	  1	
 85	232	765	  1	
 87	135	765	  1	
 87	143	765	  1	
 87	148	765	  1	
 87	169	765	  1	
 87	336	765	  1	
 90	247	765	  1	
 95	336	765	  1	
 96	374	765	  1	
 99	 75	765	  1	
 99	103	765	  1	
102	264	765	  1	
102	379	765	  1	
104	244	765	  1	
104	270	765	  1	
104	304	765	  1	
105	 85	765	  1	
107	156	765	  1	
107	311	765	  1	
108	114	765	  1	
108	238	765	  1	
111	233	765	  1	
111	270	765	  1	
111	304	765	  1	
111	347	765	  1	
111	376	765	  1	
111	383	765	  1	
112	128	765	  1	
112	248	765	  1	
112	255	765	  1	
112	298	765	  1	
112	320	765	  1	
112	399	765	  1	
115	392	765	  1	
117	  7	765	  1	
117	324	765	  1	
119	251	765	  1	
119	319	765	  1	
119	399	765	  1	
119	488	765	  1	
119	495	765	  1	
120	 96	765	  1	
120	120	765	  1	
120	245	765	  1	
120	260	765	  1	
120	307	765	  1	
120	331	765	  1	
120	391	765	  1	
120	520	765	  1	
121	  7	765	  1	
122	378	765	  1	
123	103	765	  1	
123	127	765	  1	
124	 41	765	  1	
125	248	765	  1	
126	 18	765	  1	
126	 55	765	  1	
126	 87	765	  1	
126	207	765	  1	
126	221	765	  1	
126	255	765	  1	
126	523	765	  1	
127	 96	765	  1	
127	120	765	  1	
127	304	765	  1	
127	311	765	  1	
127	328	765	  1	
127	335	765	  1	
128	126	765	  1	
128	160	765	  1	
128	167	765	  1	
129	 88	765	  1	
129	175	765	  1	
129	431	765	  1	
131	163	765	  1	
131	546	765	  1	
132	  2	765	  1	
133	123	765	  1	
133	186	765	  1	
133	223	765	  1	
133	263	765	  1	
134	 82	765	  1	
135	160	765	  1	
135	167	765	  1	
135	440	765	  1	
136	 96	765	  1	
136	135	765	  1	
136	191	765	  1	
136	396	765	  1	
136	424	765	  1	
139	184	765	  1	
139	291	765	  1	
140	224	765	  1	
140	580	765	  1	
141	459	765	  1	
142	 83	765	  1	
142	231	765	  1	
142	504	765	  1	
143	  1	765	  1	
143	 40	765	  1	
143	 47	765	  1	
143	135	765	  1	
143	191	765	  1	
143	499	765	  1	
144	 48	765	  1	
144	 52	765	  1	
144	104	765	  1	
144	108	765	  1	
144	323	765	  1	
146	128	765	  1	
146	152	765	  1	
146	251	765	  1	
148	160	765	  1	
150	 53	765	  1	
150	134	765	  1	
151	 48	765	  1	
151	320	765	  1	
152	168	765	  1	
152	175	765	  1	
152	184	765	  1	
152	195	765	  1	
152	238	765	  1	
152	288	765	  1	
152	292	765	  1	
152	384	765	  1	
154	167	765	  1	
155	104	765	  1	
155	336	765	  1	
156	192	765	  1	
156	309	765	  1	
156	360	765	  1	
158	293	765	  1	
158	342	765	  1	
159	159	765	  1	
159	164	765	  1	
159	171	765	  1	
159	288	765	  1	
159	366	765	  1	
159	427	765	  1	
160	 43	765	  1	
160	 72	765	  1	
160	 79	765	  1	
160	112	765	  1	
160	136	765	  1	
160	143	765	  1	
160	149	765	  1	
160	227	765	  1	
160	263	765	  1	
160	285	765	  1	
160	414	765	  1	
160	478	765	  1	
161	 88	765	  1	
161	 95	765	  1	
162	160	765	  1	
162	200	765	  1	
163	239	765	  1	
165	120	765	  1	
165	280	765	  1	
166	166	765	  1	
166	263	765	  1	
167	 16	765	  1	
167	 40	765	  1	
167	 47	765	  1	
167	 75	765	  1	
167	196	765	  1	
167	232	765	  1	
167	375	765	  1	
167	478	765	  1	
168	 74	765	  1	
168	 79	765	  1	
168	128	765	  1	
168	134	765	  1	
168	266	765	  1	
168	309	765	  1	
169	533	765	  1	
171	318	765	  1	
173	136	765	  1	
173	232	765	  1	
173	288	765	  1	
173	295	765	  1	
173	304	765	  1	
174	 72	765	  1	
174	 77	765	  1	
175	266	765	  1	
176	 87	765	  1	
176	 99	765	  1	
176	188	765	  1	
176	192	765	  1	
176	296	765	  1	
176	312	765	  1	
176	319	765	  1	
176	338	765	  1	
176	514	765	  1	
178	157	765	  1	
178	184	765	  1	
178	197	765	  1	
179	256	765	  1	
179	261	765	  1	
180	187	765	  1	
180	302	765	  1	
181	120	765	  1	
181	135	765	  1	
181	315	765	  1	
181	336	765	  1	
182	103	765	  1	
183	341	765	  1	
183	431	765	  1	
184	 23	765	  1	
184	106	765	  1	
184	117	765	  1	
184	136	765	  1	
184	144	765	  1	
184	191	765	  1	
184	194	765	  1	
184	235	765	  1	
184	320	765	  1	
184	360	765	  1	
184	367	765	  1	
187	184	765	  1	
187	232	765	  1	
187	239	765	  1	
189	104	765	  1	
189	111	765	  1	
189	199	765	  1	
189	248	765	  1	
190	 16	765	  1	
191	191	765	  1	
191	235	765	  1	
191	335	765	  1	
192	 51	765	  1	
192	 98	765	  1	
192	153	765	  1	
192	173	765	  1	
192	177	765	  1	
192	225	765	  1	
192	242	765	  1	
192	285	765	  1	
192	303	765	  1	
192	312	765	  1	
192	319	765	  1	
192	325	765	  1	
192	400	765	  1	
192	453	765	  1	
192	531	765	  1	
194	 72	765	  1	
194	 78	765	  1	
194	103	765	  1	
194	124	765	  1	
194	144	765	  1	
194	259	765	  1	
195	134	765	  1	
195	208	765	  1	
195	296	765	  1	
196	 91	765	  1	
197	159	765	  1	
197	168	765	  1	
197	187	765	  1	
197	192	765	  1	
197	280	765	  1	
197	334	765	  1	
197	470	765	  1	
197	549	765	  1	
198	413	765	  1	
198	448	765	  1	
199	 98	765	  1	
199	122	765	  1	
199	303	765	  1	
199	325	765	  1	
199	383	765	  1	
199	423	765	  1	
200	146	765	  1	
200	151	765	  1	
200	272	765	  1	
200	342	765	  1	
200	348	765	  1	
200	400	765	  1	
201	 99	765	  1	
202	128	765	  1	
203	193	765	  1	
203	222	765	  1	
204	480	765	  1	
206	134	765	  1	
206	157	765	  1	
206	171	765	  1	
207	 75	765	  1	
207	 97	765	  1	
207	335	765	  1	
208	 23	765	  1	
208	 40	765	  1	
208	 95	765	  1	
208	192	765	  1	
208	392	765	  1	
208	408	765	  1	
210	163	765	  1	
210	280	765	  1	
210	329	765	  1	
210	442	765	  1	
211	 16	765	  1	
211	176	765	  1	
211	183	765	  1	
211	197	765	  1	
211	399	765	  1	
213	315	765	  1	
213	344	765	  1	
213	391	765	  1	
214	  8	765	  1	
215	 23	765	  1	
215	 47	765	  1	
215	 80	765	  1	
215	192	765	  1	
215	335	765	  1	
216	  7	765	  1	
216	101	765	  1	
216	108	765	  1	
216	136	765	  1	
216	152	765	  1	
216	352	765	  1	
216	397	765	  1	
217	176	765	  1	
217	183	765	  1	
218	235	765	  1	
219	  0	765	  1	
219	 38	765	  1	
219	359	765	  1	
219	416	765	  1	
219	538	765	  1	
220	593	765	  1	
221	160	765	  1	
221	272	765	  1	
222	 93	765	  1	
222	191	765	  1	
222	519	765	  1	
223	  7	765	  1	
223	288	765	  1	
223	352	765	  1	
223	528	765	  1	
224	113	765	  1	
224	144	765	  1	
224	195	765	  1	
224	208	765	  1	
224	219	765	  1	
224	227	765	  1	
224	267	765	  1	
224	345	765	  1	
224	355	765	  1	
224	384	765	  1	
224	392	765	  1	
226	184	765	  1	
226	432	765	  1	
227	  0	765	  1	
227	256	765	  1	
228	191	765	  1	
229	 47	765	  1	
229	363	765	  1	
230	112	765	  1	
230	264	765	  1	
230	271	765	  1	
230	277	765	  1	
230	291	765	  1	
230	344	765	  1	
231	136	765	  1	
231	208	765	  1	
232	  6	765	  1	
232	 40	765	  1	
232	122	765	  1	
232	128	765	  1	
232	197	765	  1	
232	231	765	  1	
232	256	765	  1	
232	304	765	  1	
232	333	765	  1	
232	338	765	  1	
232	383	765	  1	
232	394	765	  1	
232	416	765	  1	
232	437	765	  1	
232	487	765	  1	
233	 97	765	  1	
234	116	765	  1	
235	208	765	  1	
235	224	765	  1	
235	480	765	  1	
236	112	765	  1	
236	176	765	  1	
236	536	765	  1	
237	 24	765	  1	
237	103	765	  1	
237	136	765	  1	
237	174	765	  1	
237	192	765	  1	
237	262	765	  1	
237	430	765	  1	
237	520	765	  1	
238	183	765	  1	
239	215	765	  1	
239	352	765	  1	
239	487	765	  1	
240	 82	765	  1	
240	146	765	  1	
240	168	765	  1	
240	176	765	  1	
240	240	765	  1	
240	351	765	  1	
240	385	765	  1	
240	400	765	  1	
240	552	765	  1	
241	111	765	  1	
242	439	765	  1	
243	128	765	  1	
243	192	765	  1	
243	344	765	  1	
243	364	765	  1	
244	200	765	  1	
244	204	765	  1	
244	288	765	  1	
245	 70	765	  1	
245	 96	765	  1	
245	120	765	  1	
245	144	765	  1	
245	151	765	  1	
245	406	765	  1	
245	416	765	  1	
246	168	765	  1	
246	355	765	  1	
247	298	765	  1	
247	351	765	  1	
248	  0	765	  1	
248	  4	765	  1	
248	  8	765	  1	
248	136	765	  1	
248	152	765	  1	
248	160	765	  1	
248	192	765	  1	
248	258	765	  1	
248	295	765	  1	
248	384	765	  1	
248	391	765	  1	
248	451	765	  1	
248	514	765	  1	
248	598	765	  1	
249	 67	765	  1	
251	320	765	  1	
252	188	765	  1	
252	496	765	  1	
253	 72	765	  1	
253	120	765	  1	
253	200	765	  1	
253	248	765	  1	
253	432	765	  1	
254	443	765	  1	
254	483	765	  1	
255	512	765	  1	
255	520	765	  1	
255	527	765	  1	
255	598	765	  1	
256	  6	765	  1	
256	 15	765	  1	
256	 39	765	  1	
256	 67	765	  1	
256	 92	765	  1	
256	 99	765	  1	
256	107	765	  1	
256	179	765	  1	
256	207	765	  1	
256	256	765	  1	
256	261	765	  1	
256	336	765	  1	
256	344	765	  1	
256	351	765	  1	
256	360	765	  1	
256	396	765	  1	
256	409	765	  1	
256	504	765	  1	
256	511	765	  1	
257	115	765	  1	
258	424	765	  1	
259	128	765	  1	
261	208	765	  1	
261	386	765	  1	
261	502	765	  1	
262	163	765	  1	
262	202	765	  1	
262	380	765	  1	
262	410	765	  1	
263	  6	765	  1	
263	 36	765	  1	
263	347	765	  1	
263	507	765	  1	
264	 37	765	  1	
264	 72	765	  1	
264	 76	765	  1	
264	112	765	  1	
264	117	765	  1	
264	188	765	  1	
264	222	765	  1	
264	303	765	  1	
264	305	765	  1	
264	328	765	  1	
264	412	765	  1	
264	547	765	  1	
266	157	765	  1	
266	160	765	  1	
266	406	765	  1	
267	320	765	  1	
267	360	765	  1	
267	444	765	  1	
269	192	765	  1	
269	331	765	  1	
269	376	765	  1	
269	392	765	  1	
269	520	765	  1	
270	366	765	  1	
270	544	765	  1	
270	551	765	  1	
271	309	765	  1	
272	 11	765	  1	
272	114	765	  1	
272	130	765	  1	
272	248	765	  1	
272	261	765	  1	
272	271	765	  1	
272	327	765	  1	
272	403	765	  1	
272	415	765	  1	
272	448	765	  1	
272	464	765	  1	
272	488	765	  1	
272	495	765	  1	
272	504	765	  1	
272	546	765	  1	
273	471	765	  1	
274	 77	765	  1	
274	127	765	  1	
274	206	765	  1	
274	256	765	  1	
275	104	765	  1	
275	160	765	  1	
275	336	765	  1	
275	376	765	  1	
275	491	765	  1	
275	511	765	  1	
276	407	765	  1	
277	  8	765	  1	
277	 46	765	  1	
277	280	765	  1	
277	398	765	  1	
277	415	765	  1	
277	440	765	  1	
277	445	765	  1	
277	551	765	  1	
279	 23	765	  1	
279	300	765	  1	
279	333	765	  1	
279	488	765	  1	
279	495	765	  1	
279	504	765	  1	
280	 45	765	  1	
280	 83	765	  1	
280	 88	765	  1	
280	123	765	  1	
280	140	765	  1	
280	152	765	  1	
280	160	765	  1	
280	184	765	  1	
280	323	765	  1	
280	365	765	  1	
280	373	765	  1	
282	464	765	  1	
283	172	765	  1	
283	296	765	  1	
283	303	765	  1	
283	405	765	  1	
283	432	765	  1	
283	520	765	  1	
285	  0	765	  1	
285	  7	765	  1	
286	374	765	  1	
287	223	765	  1	
287	320	765	  1	
287	400	765	  1	
287	528	765	  1	
288	 24	765	  1	
288	 53	765	  1	
288	 64	765	  1	
288	134	765	  1	
288	142	765	  1	
288	179	765	  1	
288	208	765	  1	
288	240	765	  1	
288	247	765	  1	
288	304	765	  1	
288	323	765	  1	
288	331	765	  1	
288	368	765	  1	
288	371	765	  1	
288	427	765	  1	
288	488	765	  1	
288	547	765	  1	
289	172	765	  1	
289	202	765	  1	
289	251	765	  1	
289	358	765	  1	
289	375	765	  1	
290	150	765	  1	
290	153	765	  1	
290	166	765	  1	
290	226	765	  1	
291	  8	765	  1	
291	 96	765	  1	
291	344	765	  1	
291	368	765	  1	
291	416	765	  1	
291	447	765	  1	
291	573	765	  1	
292	491	765	  1	
293	 48	765	  1	
293	160	765	  1	
293	176	765	  1	
293	223	765	  1	
293	312	765	  1	
294	 27	765	  1	
294	 88	765	  1	
294	135	765	  1	
294	144	765	  1	
295	243	765	  1	
295	327	765	  1	
295	432	765	  1	
295	496	765	  1	
296	 45	765	  1	
296	 53	765	  1	
296	 72	765	  1	
296	 80	765	  1	
296	 87	765	  1	
296	147	765	  1	
296	203	765	  1	
296	296	765	  1	
296	304	765	  1	
296	344	765	  1	
296	376	765	  1	
296	458	765	  1	
296	463	765	  1	
296	467	765	  1	
297	 95	765	  1	
297	103	765	  1	
298	192	765	  1	
298	251	765	  1	
298	455	765	  1	
299	143	765	  1	
299	152	765	  1	
299	392	765	  1	
299	579	765	  1	
301	 40	765	  1	
301	 48	765	  1	
301	350	765	  1	
301	571	765	  1	
302	 72	765	  1	
302	304	765	  1	
303	 99	765	  1	
303	130	765	  1	
303	138	765	  1	
303	323	765	  1	
304	 64	765	  1	
304	136	765	  1	
304	162	765	  1	
304	184	765	  1	
304	213	765	  1	
304	240	765	  1	
304	300	765	  1	
304	325	765	  1	
304	344	765	  1	
304	360	765	  1	
304	388	765	  1	
304	400	765	  1	
304	416	765	  1	
304	480	765	  1	
304	520	765	  1	
305	181	765	  1	
306	 96	765	  1	
306	190	765	  1	
306	208	765	  1	
306	219	765	  1	
306	527	765	  1	
307	143	765	  1	
308	262	765	  1	
309	 18	765	  1	
309	 23	765	  1	
309	122	765	  1	
309	160	765	  1	
309	167	765	  1	
309	246	765	  1	
309	304	765	  1	
309	406	765	  1	
310	184	765	  1	
310	200	765	  1	
310	206	765	  1	
310	214	765	  1	
310	320	765	  1	
311	261	765	  1	
311	376	765	  1	
311	456	765	  1	
311	463	765	  1	
311	480	765	  1	
312	  5	765	  1	
312	 24	765	  1	
312	 39	765	  1	
312	 42	765	  1	
312	 80	765	  1	
312	147	765	  1	
312	187	765	  1	
312	204	765	  1	
312	208	765	  1	
312	224	765	  1	
312	248	765	  1	
312	252	765	  1	
312	256	765	  1	
312	296	765	  1	
312	302	765	  1	
312	352	765	  1	
312	371	765	  1	
312	403	765	  1	
312	429	765	  1	
312	444	765	  1	
312	464	765	  1	
314	 48	765	  1	
314	152	765	  1	
315	 64	765	  1	
315	268	765	  1	
315	275	765	  1	
315	470	765	  1	
315	480	765	  1	
315	568	765	  1	
316	394	765	  1	
317	  0	765	  1	
317	 72	765	  1	
317	128	765	  1	
317	216	765	  1	
317	230	765	  1	
317	264	765	  1	
317	299	765	  1	
317	424	765	  1	
317	491	765	  1	
318	 26	765	  1	
318	287	765	  1	
318	362	765	  1	
318	447	765	  1	
319	 36	765	  1	
319	269	765	  1	
319	320	765	  1	
320	 20	765	  1	
320	 58	765	  1	
320	 90	765	  1	
320	121	765	  1	
320	192	765	  1	
320	206	765	  1	
320	252	765	  1	
320	290	765	  1	
320	304	765	  1	
320	344	765	  1	
320	376	765	  1	
320	389	765	  1	
320	405	765	  1	
320	436	765	  1	
320	512	765	  1	
322	 44	765	  1	
322	 72	765	  1	
322	224	765	  1	
323	 54	765	  1	
325	 56	765	  1	
325	 63	765	  1	
325	203	765	  1	
325	263	765	  1	
325	334	765	  1	
325	382	765	  1	
325	488	765	  1	
326	 78	765	  1	
326	469	765	  1	
327	179	765	  1	
327	231	765	  1	
327	291	765	  1	
327	320	765	  1	
328	  0	765	  1	
328	 69	765	  1	
328	107	765	  1	
328	112	765	  1	
328	118	765	  1	
328	171	765	  1	
328	184	765	  1	
328	189	765	  1	
328	216	765	  1	
328	240	765	  1	
328	248	765	  1	
328	309	765	  1	
328	358	765	  1	
328	388	765	  1	
328	400	765	  1	
328	418	765	  1	
328	447	765	  1	
328	456	765	  1	
328	463	765	  1	
328	484	765	  1	
331	224	765	  1	
331	320	765	  1	
331	407	765	  1	
331	424	765	  1	
331	440	765	  1	
331	464	765	  1	
333	291	765	  1	
333	328	765	  1	
333	344	765	  1	
334	252	765	  1	
335	115	765	  1	
335	264	765	  1	
335	400	765	  1	
335	447	765	  1	
335	459	765	  1	
335	471	765	  1	
336	 19	765	  1	
336	 48	765	  1	
336	 54	765	  1	
336	 88	765	  1	
336	125	765	  1	
336	133	765	  1	
336	138	765	  1	
336	146	765	  1	
336	155	765	  1	
336	208	765	  1	
336	234	765	  1	
336	240	765	  1	
336	255	765	  1	
336	272	765	  1	
336	325	765	  1	
336	343	765	  1	
336	350	765	  1	
336	368	765	  1	
336	371	765	  1	
336	382	765	  1	
336	396	765	  1	
336	408	765	  1	
336	472	765	  1	
338	336	765	  1	
339	190	765	  1	
339	224	765	  1	
339	245	765	  1	
341	  0	765	  1	
341	 51	765	  1	
341	 64	765	  1	
341	 96	765	  1	
341	111	765	  1	
341	279	765	  1	
341	320	765	  1	
341	413	765	  1	
343	255	765	  1	
343	343	765	  1	
343	346	765	  1	
343	382	765	  1	
344	 24	765	  1	
344	 30	765	  1	
344	 56	765	  1	
344	 62	765	  1	
344	114	765	  1	
344	119	765	  1	
344	157	765	  1	
344	169	765	  1	
344	197	765	  1	
344	309	765	  1	
344	317	765	  1	
344	332	765	  1	
344	392	765	  1	
344	424	765	  1	
344	456	765	  1	
345	136	765	  1	
345	144	765	  1	
345	175	765	  1	
345	506	765	  1	
346	583	765	  1	
347	 72	765	  1	
347	 88	765	  1	
347	111	765	  1	
347	304	765	  1	
347	416	765	  1	
347	484	765	  1	
348	360	765	  1	
348	392	765	  1	
349	 59	765	  1	
349	232	765	  1	
349	239	765	  1	
349	256	765	  1	
349	344	765	  1	
349	376	765	  1	
349	430	765	  1	
349	440	765	  1	
350	144	765	  1	
350	170	765	  1	
350	367	765	  1	
351	456	765	  1	
352	 80	765	  1	
352	103	765	  1	
352	109	765	  1	
352	121	765	  1	
352	126	765	  1	
352	184	765	  1	
352	191	765	  1	
352	208	765	  1	
352	299	765	  1	
352	336	765	  1	
352	353	765	  1	
352	424	765	  1	
356	356	765	  1	
357	122	765	  1	
357	168	765	  1	
357	175	765	  1	
357	304	765	  1	
359	144	765	  1	
359	299	765	  1	
360	  3	765	  1	
360	 19	765	  1	
360	 50	765	  1	
360	 64	765	  1	
360	152	765	  1	
360	158	765	  1	
360	200	765	  1	
360	218	765	  1	
360	224	765	  1	
360	312	765	  1	
360	328	765	  1	
360	375	765	  1	
360	391	765	  1	
360	416	765	  1	
360	427	765	  1	
360	454	765	  1	
360	527	765	  1	
361	599	765	  1	
362	 46	765	  1	
362	229	765	  1	
362	317	765	  1	
362	341	765	  1	
362	448	765	  1	
363	139	765	  1	
363	144	765	  1	
363	277	765	  1	
363	368	765	  1	
363	504	765	  1	
365	128	765	  1	
365	135	765	  1	
365	155	765	  1	
365	215	765	  1	
365	223	765	  1	
365	311	765	  1	
365	328	765	  1	
365	472	765	  1	
366	200	765	  1	
366	383	765	  1	
366	455	765	  1	
367	 40	765	  1	
367	 64	765	  1	
367	352	765	  1	
367	375	765	  1	
367	424	765	  1	
367	431	765	  1	
368	 16	765	  1	
368	109	765	  1	
368	123	765	  1	
368	160	765	  1	
368	168	765	  1	
368	174	765	  1	
368	230	765	  1	
368	250	765	  1	
368	288	765	  1	
368	304	765	  1	
368	321	765	  1	
368	451	765	  1	
368	576	765	  1	
369	  0	765	  1	
369	308	765	  1	
370	515	765	  1	
371	280	765	  1	
371	291	765	  1	
371	296	765	  1	
371	334	765	  1	
371	344	765	  1	
373	 22	765	  1	
373	251	765	  1	
373	312	765	  1	
373	338	765	  1	
374	 48	765	  1	
374	304	765	  1	
374	391	765	  1	
374	445	765	  1	
375	224	765	  1	
375	455	765	  1	
375	525	765	  1	
375	583	765	  1	
376	  8	765	  1	
376	 26	765	  1	
376	 77	765	  1	
376	101	765	  1	
376	114	765	  1	
376	142	765	  1	
376	264	765	  1	
376	289	765	  1	
376	302	765	  1	
376	344	765	  1	
376	351	765	  1	
378	 63	765	  1	
378	186	765	  1	
378	296	765	  1	
379	240	765	  1	
380	 90	765	  1	
381	 24	765	  1	
381	 31	765	  1	
381	270	765	  1	
381	303	765	  1	
381	472	765	  1	
382	 60	765	  1	
382	139	765	  1	
382	227	765	  1	
382	232	765	  1	
382	239	765	  1	
383	289	765	  1	
383	439	765	  1	
383	456	765	  1	
383	463	765	  1	
383	507	765	  1	
384	 64	765	  1	
384	128	765	  1	
384	133	765	  1	
384	153	765	  1	
384	160	765	  1	
384	167	765	  1	
384	176	765	  1	
384	256	765	  1	
384	280	765	  1	
384	284	765	  1	
384	303	765	  1	
384	311	765	  1	
384	315	765	  1	
384	328	765	  1	
384	333	765	  1	
384	375	765	  1	
384	387	765	  1	
384	395	765	  1	
384	526	765	  1	
386	207	765	  1	
387	 32	765	  1	
387	 80	765	  1	
387	136	765	  1	
387	239	765	  1	
387	363	765	  1	
387	368	765	  1	
387	408	765	  1	
389	271	765	  1	
389	288	765	  1	
390	 56	765	  1	
390	130	765	  1	
390	135	765	  1	
390	320	765	  1	
390	330	765	  1	
390	335	765	  1	
391	163	765	  1	
391	176	765	  1	
391	375	765	  1	
391	384	765	  1	
391	391	765	  1	
391	399	765	  1	
391	584	765	  1	
392	 32	765	  1	
392	 90	765	  1	
392	 98	765	  1	
392	120	765	  1	
392	142	765	  1	
392	168	765	  1	
392	360	765	  1	
394	 18	765	  1	
394	258	765	  1	
395	 23	765	  1	
395	183	765	  1	
395	218	765	  1	
395	263	765	  1	
395	367	765	  1	
397	174	765	  1	
397	286	765	  1	
399	120	765	  1	
399	360	765	  1	
399	408	765	  1	
400	 59	765	  1	
400	 88	765	  1	
400	 92	765	  1	
400	128	765	  1	
400	131	765	  1	
400	144	765	  1	
400	161	765	  1	
400	320	765	  1	
400	344	765	  1	
400	354	765	  1	
402	 42	765	  1	
402	366	765	  1	
403	152	765	  1	
403	418	765	  1	
405	 24	765	  1	
405	352	765	  1	
405	359	765	  1	
406	102	765	  1	
406	146	765	  1	
407	 47	765	  1	
407	112	765	  1	
407	128	765	  1	
407	168	765	  1	
408	 13	765	  1	
408	 61	765	  1	
408	115	765	  1	
408	163	765	  1	
408	190	765	  1	
408	264	765	  1	
408	271	765	  1	
408	456	765	  1	
408	463	765	  1	
408	477	765	  1	
410	  0	765	  1	
410	 96	765	  1	
410	184	765	  1	
410	367	765	  1	
411	279	765	  1	
412	  7	765	  1	
413	 56	765	  1	
414	 12	765	  1	
414	 31	765	  1	
414	 39	765	  1	
414	120	765	  1	
414	191	765	  1	
414	248	765	  1	
415	100	765	  1	
415	112	765	  1	
415	267	765	  1	
415	272	765	  1	
415	362	765	  1	
415	459	765	  1	
416	111	765	  1	
416	151	765	  1	
416	172	765	  1	
416	202	765	  1	
416	295	765	  1	
416	352	765	  1	
416	383	765	  1	
418	 64	765	  1	
418	104	765	  1	
418	487	765	  1	
419	  4	765	  1	
419	112	765	  1	
419	168	765	  1	
419	182	765	  1	
419	224	765	  1	
420	 72	765	  1	
421	 40	765	  1	
421	392	765	  1	
421	424	765	  1	
421	431	765	  1	
422	285	765	  1	
422	427	765	  1	
423	 32	765	  1	
423	111	765	  1	
423	202	765	  1	
424	 13	765	  1	
424	 56	765	  1	
424	 77	765	  1	
424	107	765	  1	
424	116	765	  1	
424	164	765	  1	
424	178	765	  1	
424	267	765	  1	
425	158	765	  1	
426	392	765	  1	
427	120	765	  1	
429	  8	765	  1	
429	 31	765	  1	
429	110	765	  1	
429	168	765	  1	
429	399	765	  1	
429	424	765	  1	
430	295	765	  1	
431	 68	765	  1	
431	152	765	  1	
431	267	765	  1	
431	376	765	  1	
432	 11	765	  1	
432	 62	765	  1	
432	115	765	  1	
432	134	765	  1	
432	139	765	  1	
432	183	765	  1	
432	202	765	  1	
432	207	765	  1	
432	220	765	  1	
432	320	765	  1	
432	327	765	  1	
432	367	765	  1	
432	395	765	  1	
432	431	765	  1	
433	148	765	  1	
433	167	765	  1	
433	239	765	  1	
434	 24	765	  1	
434	 86	765	  1	
434	128	765	  1	
435	345	765	  1	
435	360	765	  1	
436	176	765	  1	
437	 72	765	  1	
437	255	765	  1	
438	 30	765	  1	
438	135	765	  1	
438	144	765	  1	
439	156	765	  1	
439	163	765	  1	
439	207	765	  1	
439	367	765	  1	
439	427	765	  1	
439	464	765	  1	
439	471	765	  1	
440	 24	765	  1	
440	 53	765	  1	
440	 67	765	  1	
440	112	765	  1	
440	122	765	  1	
440	126	765	  1	
440	136	765	  1	
440	282	765	  1	
440	294	765	  1	
440	420	765	  1	
441	231	765	  1	
442	 21	765	  1	
443	  8	765	  1	
443	160	765	  1	
445	 40	765	  1	
445	208	765	  1	
445	375	765	  1	
447	132	765	  1	
447	143	765	  1	
447	230	765	  1	
447	248	765	  1	
448	  6	765	  1	
448	 12	765	  1	
448	 37	765	  1	
448	 64	765	  1	
448	 72	765	  1	
448	 78	765	  1	
448	 86	765	  1	
448	144	765	  1	
448	160	765	  1	
448	177	765	  1	
448	186	765	  1	
448	194	765	  1	
448	272	765	  1	
448	312	765	  1	
448	379	765	  1	
448	456	765	  1	
448	503	765	  1	
450	192	765	  1	
450	199	765	  1	
450	365	765	  1	
451	  8	765	  1	
451	360	765	  1	
452	164	765	  1	
453	280	765	  1	
454	 13	765	  1	
454	 23	765	  1	
454	179	765	  1	
454	195	765	  1	
455	  6	765	  1	
455	 74	765	  1	
455	312	765	  1	
455	375	765	  1	
455	383	765	  1	
455	456	765	  1	
456	  3	765	  1	
456	  8	765	  1	
456	 48	765	  1	
456	156	765	  1	
456	240	765	  1	
456	248	765	  1	
456	254	765	  1	
456	272	765	  1	
456	279	765	  1	
458	131	765	  1	
458	162	765	  1	
458	330	765	  1	
458	341	765	  1	
458	410	765	  1	
459	 40	765	  1	
459	183	765	  1	
459	288	765	  1	
459	335	765	  1	
460	 64	765	  1	
460	144	765	  1	
460	167	765	  1	
461	 14	765	  1	
461	251	765	  1	
463	151	765	  1	
463	164	765	  1	
463	176	765	  1	
464	 24	765	  1	
464	136	765	  1	
464	240	765	  1	
464	303	765	  1	
464	352	765	  1	
465	343	765	  1	
466	  2	765	  1	
467	296	765	  1	
467	359	765	  1	
467	399	765	  1	
468	160	765	  1	
469	299	765	  1	
470	 40	765	  1	
470	124	765	  1	
471	248	765	  1	
471	352	765	  1	
472	 32	765	  1	
472	128	765	  1	
472	155	765	  1	
472	169	765	  1	
472	222	765	  1	
472	234	765	  1	
472	288	765	  1	
472	307	765	  1	
472	344	765	  1	
472	376	765	  1	
472	422	765	  1	
475	272	765	  1	
476	415	765	  1	
477	182	765	  1	
477	216	765	  1	
477	223	765	  1	
477	232	765	  1	
477	239	765	  1	
478	176	765	  1	
479	128	765	  1	
479	304	765	  1	
479	311	765	  1	
479	431	765	  1	
480	 21	765	  1	
480	 32	765	  1	
480	165	765	  1	
480	200	765	  1	
480	205	765	  1	
480	256	765	  1	
480	272	765	  1	
480	276	765	  1	
480	283	765	  1	
480	325	765	  1	
480	383	765	  1	
482	  8	765	  1	
482	160	765	  1	
482	262	765	  1	
483	 24	765	  1	
483	 40	765	  1	
483	248	765	  1	
484	206	765	  1	
484	349	765	  1	
485	 36	765	  1	
485	184	765	  1	
485	219	765	  1	
485	320	765	  1	
485	434	765	  1	
485	513	765	  1	
486	166	765	  1	
486	256	765	  1	
486	331	765	  1	
487	208	765	  1	
487	295	765	  1	
487	543	765	  1	
488	  4	765	  1	
488	 24	765	  1	
488	 31	765	  1	
488	129	765	  1	
488	135	765	  1	
488	144	765	  1	
488	191	765	  1	
488	195	765	  1	
488	303	765	  1	
488	352	765	  1	
488	472	765	  1	
489	372	765	  1	
490	504	765	  1	
491	200	765	  1	
491	359	765	  1	
493	  0	765	  1	
493	  5	765	  1	
494	  8	765	  1	
494	311	765	  1	
495	352	765	  1	
495	543	765	  1	
496	 15	765	  1	
496	 68	765	  1	
496	107	765	  1	
496	134	765	  1	
496	163	765	  1	
496	168	765	  1	
496	183	765	  1	
496	208	765	  1	
496	253	765	  1	
496	264	765	  1	
496	303	765	  1	
496	314	765	  1	
496	327	765	  1	
497	 35	765	  1	
498	117	765	  1	
498	128	765	  1	
499	 64	765	  1	
499	232	765	  1	
501	 80	765	  1	
501	144	765	  1	
501	312	765	  1	
501	319	765	  1	
502	176	765	  1	
503	112	765	  1	
503	168	765	  1	
503	216	765	  1	
504	 24	765	  1	
504	102	765	  1	
504	152	765	  1	
504	159	765	  1	
504	192	765	  1	
504	210	765	  1	
504	258	765	  1	
504	303	765	  1	
504	343	765	  1	
505	 64	765	  1	
505	 71	765	  1	
506	 53	765	  1	
506	197	765	  1	
506	239	765	  1	
506	344	765	  1	
507	 16	765	  1	
507	 48	765	  1	
507	296	765	  1	
508	 96	765	  1	
508	192	765	  1	
509	 56	765	  1	
509	160	765	  1	
509	256	765	  1	
510	 19	765	  1	
510	103	765	  1	
510	176	765	  1	
511	 88	765	  1	
511	152	765	  1	
511	197	765	  1	
511	303	765	  1	
511	343	765	  1	
512	212	765	  1	
512	229	765	  1	
512	248	765	  1	
512	252	765	  1	
512	277	765	  1	
512	320	765	  1	
513	238	765	  1	
515	302	765	  1	
515	327	765	  1	
516	 67	765	  1	
516	 80	765	  1	
517	 31	765	  1	
517	184	765	  1	
517	213	765	  1	
517	224	765	  1	
517	530	765	  1	
518	  5	765	  1	
518	 16	765	  1	
519	 54	765	  1	
519	104	765	  1	
519	320	765	  1	
519	399	765	  1	
520	 63	765	  1	
520	 95	765	  1	
520	103	765	  1	
520	200	765	  1	
520	237	765	  1	
520	242	765	  1	
520	253	765	  1	
520	306	765	  1	
520	328	765	  1	
520	344	765	  1	
520	359	765	  1	
520	434	765	  1	
522	230	765	  1	
522	343	765	  1	
523	 88	765	  1	
523	192	765	  1	
523	302	765	  1	
524	354	765	  1	
525	240	765	  1	
525	247	765	  1	
525	311	765	  1	
526	224	765	  1	
527	 63	765	  1	
527	 95	765	  1	
527	103	765	  1	
527	351	765	  1	
528	 46	765	  1	
528	176	765	  1	
528	213	765	  1	
528	239	765	  1	
528	295	765	  1	
528	320	765	  1	
528	363	765	  1	
529	  0	765	  1	
529	247	765	  1	
531	288	765	  1	
533	  5	765	  1	
533	110	765	  1	
533	160	765	  1	
533	208	765	  1	
533	384	765	  1	
534	 19	765	  1	
535	 72	765	  1	
535	 79	765	  1	
535	 99	765	  1	
535	176	765	  1	
535	272	765	  1	
535	295	765	  1	
535	303	765	  1	
535	336	765	  1	
535	360	765	  1	
535	367	765	  1	
536	  0	765	  1	
536	120	765	  1	
536	168	765	  1	
536	184	765	  1	
536	248	765	  1	
536	267	765	  1	
536	306	765	  1	
536	436	765	  1	
537	 56	765	  1	
537	104	765	  1	
537	253	765	  1	
538	190	765	  1	
538	192	765	  1	
538	295	765	  1	
539	 46	765	  1	
541	  3	765	  1	
541	 88	765	  1	
541	126	765	  1	
541	411	765	  1	
542	152	765	  1	
543	248	765	  1	
543	264	765	  1	
543	271	765	  1	
544	 32	765	  1	
544	 66	765	  1	
544	177	765	  1	
544	187	765	  1	
544	205	765	  1	
544	221	765	  1	
544	440	765	  1	
547	 39	765	  1	
547	 96	765	  1	
547	119	765	  1	
549	184	765	  1	
549	280	765	  1	
550	200	765	  1	
550	215	765	  1	
551	108	765	  1	
552	 43	765	  1	
552	 80	765	  1	
552	125	765	  1	
552	131	765	  1	
552	149	765	  1	
552	230	765	  1	
552	248	765	  1	
552	296	765	  1	
552	307	765	  1	
553	211	765	  1	
553	235	765	  1	
554	 26	765	  1	
554	174	765	  1	
555	  8	765	  1	
555	 56	765	  1	
555	255	765	  1	
555	358	765	  1	
556	160	765	  1	
556	206	765	  1	
557	227	765	  1	
557	259	765	  1	
557	328	765	  1	
558	168	765	  1	
558	200	765	  1	
558	285	765	  1	
558	352	765	  1	
559	 40	765	  1	
559	 47	765	  1	
559	104	765	  1	
559	208	765	  1	
559	296	765	  1	
560	  0	765	  1	
560	  8	765	  1	
560	 56	765	  1	
560	118	765	  1	
560	152	765	  1	
560	176	765	  1	
560	269	765	  1	
560	293	765	  1	
560	313	765	  1	
560	376	765	  1	
560	399	765	  1	
563	 15	765	  1	
563	 69	765	  1	
563	181	765	  1	
563	359	765	  1	
563	392	765	  1	
563	447	765	  1	
563	488	765	  1	
565	186	765	  1	
565	191	765	  1	
565	206	765	  1	
565	215	765	  1	
567	  8	765	  1	
567	 16	765	  1	
567	240	765	  1	
567	376	765	  1	
567	399	765	  1	
568	 80	765	  1	
568	168	765	  1	
568	264	765	  1	
568	301	765	  1	
568	320	765	  1	
568	326	765	  1	
568	424	765	  1	
568	432	765	  1	
569	203	765	  1	
570	195	765	  1	
570	376	765	  1	
570	383	765	  1	
571	  8	765	  1	
571	288	765	  1	
573	296	765	  1	
573	431	765	  1	
575	176	765	  1	
576	 40	765	  1	
576	 80	765	  1	
576	120	765	  1	
576	132	765	  1	
576	152	765	  1	
576	165	765	  1	
576	202	765	  1	
576	212	765	  1	
576	227	765	  1	
576	240	765	  1	
576	320	765	  1	
576	327	765	  1	
576	392	765	  1	
576	397	765	  1	
576	419	765	  1	
576	459	765	  1	
576	512	765	  1	
577	304	765	  1	
577	311	765	  1	
578	 92	765	  1	
578	255	765	  1	
578	288	765	  1	
579	175	765	  1	
579	208	765	  1	
579	271	765	  1	
579	535	765	  1	
581	 83	765	  1	
581	158	765	  1	
581	200	765	  1	
582	240	765	  1	
582	294	765	  1	
582	394	765	  1	
582	399	765	  1	
583	120	765	  1	
583	419	765	  1	
583	512	765	  1	
584	 64	765	  1	
584	 96	765	  1	
584	136	765	  1	
584	192	765	  1	
584	217	765	  1	
584	259	765	  1	
584	408	765	  1	
585	111	765	  1	
586	198	765	  1	
587	264	765	  1	
587	280	765	  1	
588	100	765	  1	
588	223	765	  1	
588	250	765	  1	
588	311	765	  1	
589	255	765	  1	
589	288	765	  1	
590	 63	765	  1	
590	192	765	  1	
591	109	765	  1	
591	360	765	  1	
591	392	765	  1	
591	408	765	  1	
592	191	765	  1	
592	206	765	  1	
592	232	765	  1	
592	319	765	  1	
592	327	765	  1	
592	342	765	  1	
593	108	765	  1	
593	312	765	  1	
594	432	765	  1	
595	264	765	  1	
595	296	765	  1	
596	 96	765	  1	
596	119	765	  1	
596	374	765	  1	
597	 72	765	  1	
597	 77	765	  1	
597	240	765	  1	
597	288	765	  1	
597	295	765	  1	
598	103	765	  1	
598	368	765	  1	
599	319	765	  1	
599	344	765	  1	
599	427	765	  1	
599	443	765	  1	
600	 80	765	  1	
600	 89	765	  1	
600	216	765	  1	
600	248	765	  1	
600	255	765	  1	
600	296	765	  1	
600	312	765	  1	
600	360	765	  1	
600	364	765	  1	
600	375	765	  1	
600	392	765	  1	
601	264	765	  1	
602	 95	765	  1	
602	188	765	  1	
602	432	765	  1	
604	251	765	  1	
605	315	765	  1	
606	 69	765	  1	
606	 83	765	  1	
606	240	765	  1	
606	247	765	  1	
606	331	765	  1	
606	365	765	  1	
606	371	765	  1	
607	 88	765	  1	
607	 95	765	  1	
607	184	765	  1	
607	216	765	  1	
607	360	765	  1	
608	  8	765	  1	
608	 28	765	  1	
608	 60	765	  1	
608	124	765	  1	
608	219	765	  1	
608	271	765	  1	
608	276	765	  1	
608	297	765	  1	
608	309	765	  1	
608	323	765	  1	
608	419	765	  1	
609	303	765	  1	
611	 15	765	  1	
611	144	765	  1	
611	155	765	  1	
611	264	765	  1	
612	 19	765	  1	
613	274	765	  1	
613	279	765	  1	
613	312	765	  1	
613	327	765	  1	
615	  8	765	  1	
615	216	765	  1	
615	223	765	  1	
615	271	765	  1	
615	335	765	  1	
615	416	765	  1	
615	423	765	  1	
616	 63	765	  1	
616	101	765	  1	
616	229	765	  1	
616	248	765	  1	
616	286	765	  1	
616	310	765	  1	
616	344	765	  1	
616	424	765	  1	
616	535	765	  1	
618	 21	765	  1	
618	 64	765	  1	
619	 16	765	  1	
619	224	765	  1	
619	432	765	  1	
621	250	765	  1	
622	445	765	  1	
623	113	765	  1	
623	119	765	  1	
623	528	765	  1	
624	 47	765	  1	
624	101	765	  1	
624	146	765	  1	
624	154	765	  1	
624	184	765	  1	
624	205	765	  1	
624	301	765	  1	
627	 42	765	  1	
627	 70	765	  1	
627	191	765	  1	
627	304	765	  1	
628	 63	765	  1	
628	409	765	  1	
629	 96	765	  1	
629	296	765	  1	
629	320	765	  1	
630	543	765	  1	
631	184	765	  1	
631	211	765	  1	
631	280	765	  1	
632	176	765	  1	
632	266	765	  1	
632	288	765	  1	
635	 11	765	  1	
635	 63	765	  1	
635	201	765	  1	
636	304	765	  1	
637	 96	765	  1	
637	320	765	  1	
639	239	765	  1	
639	271	765	  1	
640	  0	765	  1	
640	 48	765	  1	
640	 61	765	  1	
640	243	765	  1	
640	336	765	  1	
643	 56	765	  1	
643	102	765	  1	
643	590	765	  1	
644	239	765	  1	
647	 48	765	  1	
647	247	765	  1	
648	  8	765	  1	
648	222	765	  1	
651	161	765	  1	
652	215	765	  1	
654	415	765	  1	
655	192	765	  1	
655	199	765	  1	
655	291	765	  1	
662	262	765	  1	
664	 18	765	  1	
664	120	765	  1	
664	127	765	  1	
664	224	765	  1	
664	319	765	  1	
667	199	765	  1	
671	312	765	  1	
672	 64	765	  1	
672	524	765	  1	
675	 71	765	  1	
676	171	765	  1	
676	468	765	  1	
678	384	765	  1	
679	 64	765	  1	
680	 79	765	  1	
680	336	765	  1	
680	413	765	  1	
688	391	765	  1	
690	105	765	  1	
696	211	765	  1	
704	195	765	  1	
708	526	765	  1	
710	375	765	  1	
715	199	765	  1	
724	258	765	  1	
749	207	765	  1	
766	386	765	  1	
791	  8	765	  1	
