# 
#  Image file: Goad2_T0053.jpg
#  Applied threshold: 575
#  Algorithm used: fill2                 
#  Particle count: 1878
#  Location (x,y), max luminance, and mass:
# 
  0	184	765	  1	
  0	424	765	  1	
  4	191	765	  1	
  6	231	765	  1	
  7	235	765	  1	
  7	424	765	  1	
 10	295	765	  1	
 10	424	765	  1	
 11	159	765	  1	
 11	464	765	  1	
 12	 73	765	  1	
 15	 71	765	  1	
 16	320	765	  1	
 18	474	765	  1	
 21	473	765	  1	
 24	360	765	  1	
 25	192	765	  1	
 27	151	765	  1	
 29	517	765	  1	
 30	192	765	  1	
 36	320	765	  1	
 38	273	765	  1	
 39	300	765	  1	
 40	312	765	  1	
 42	215	765	  1	
 43	319	765	  1	
 47	167	765	  1	
 47	257	765	  1	
 47	312	765	  1	
 50	593	765	  1	
 52	392	765	  1	
 52	496	765	  1	
 54	546	765	  1	
 55	120	765	  1	
 55	168	765	  1	
 56	106	765	  1	
 56	250	765	  1	
 64	104	765	  1	
 65	102	765	  1	
 67	295	765	  1	
 71	106	765	  1	
 71	110	765	  1	
 72	134	765	  1	
 72	295	765	  1	
 72	304	765	  1	
 72	311	765	  1	
 74	144	765	  1	
 77	263	765	  1	
 79	102	765	  1	
 79	132	765	  1	
 79	307	765	  1	
 80	424	765	  1	
 80	544	765	  1	
 84	144	765	  1	
 84	184	765	  1	
 86	412	765	  1	
 86	437	765	  1	
 87	424	765	  1	
 90	247	765	  1	
 96	352	765	  1	
 96	396	765	  1	
102	130	765	  1	
102	263	765	  1	
103	426	765	  1	
104	102	765	  1	
104	345	765	  1	
107	143	765	  1	
107	457	765	  1	
108	392	765	  1	
110	226	765	  1	
111	102	765	  1	
112	176	765	  1	
112	192	765	  1	
112	211	765	  1	
114	364	765	  1	
117	120	765	  1	
117	215	765	  1	
118	176	765	  1	
119	530	765	  1	
120	  7	765	  1	
120	112	765	  1	
120	149	765	  1	
120	208	765	  1	
120	219	765	  1	
120	360	765	  1	
120	474	765	  1	
122	367	765	  1	
122	408	765	  1	
123	379	765	  1	
123	390	765	  1	
125	144	765	  1	
126	 88	765	  1	
127	216	765	  1	
127	223	765	  1	
127	335	765	  1	
127	383	765	  1	
127	413	765	  1	
127	456	765	  1	
128	136	765	  1	
128	142	765	  1	
128	398	765	  1	
128	464	765	  1	
128	471	765	  1	
129	368	765	  1	
130	253	765	  1	
130	344	765	  1	
131	 63	765	  1	
131	152	765	  1	
131	188	765	  1	
133	139	765	  1	
133	275	765	  1	
134	  0	765	  1	
134	158	765	  1	
135	248	765	  1	
135	320	765	  1	
135	327	765	  1	
135	383	765	  1	
136	 88	765	  1	
136	118	765	  1	
136	168	765	  1	
136	287	765	  1	
136	368	765	  1	
136	511	765	  1	
138	281	765	  1	
138	374	765	  1	
139	344	765	  1	
141	276	765	  1	
142	109	765	  1	
142	171	765	  1	
142	255	765	  1	
142	331	765	  1	
142	380	765	  1	
143	200	765	  1	
143	272	765	  1	
143	277	765	  1	
143	280	765	  1	
143	504	765	  1	
143	535	765	  1	
143	552	765	  1	
144	144	765	  1	
144	151	765	  1	
144	240	765	  1	
144	248	765	  1	
144	296	765	  1	
144	512	765	  1	
144	559	765	  1	
145	111	765	  1	
147	128	765	  1	
147	590	765	  1	
149	223	765	  1	
151	 80	765	  1	
151	147	765	  1	
151	336	765	  1	
151	559	765	  1	
152	104	765	  1	
152	128	765	  1	
152	135	765	  1	
152	144	765	  1	
152	184	765	  1	
152	240	765	  1	
152	264	765	  1	
152	286	765	  1	
152	320	765	  1	
152	402	765	  1	
152	552	765	  1	
152	556	765	  1	
154	159	765	  1	
154	216	765	  1	
155	 64	765	  1	
155	112	765	  1	
155	191	765	  1	
157	154	765	  1	
157	160	765	  1	
157	222	765	  1	
158	  0	765	  1	
158	144	765	  1	
158	284	765	  1	
159	131	765	  1	
159	216	765	  1	
159	327	765	  1	
159	364	765	  1	
160	 80	765	  1	
160	 88	765	  1	
160	 95	765	  1	
160	106	765	  1	
160	133	765	  1	
160	232	765	  1	
160	245	765	  1	
160	287	765	  1	
160	407	765	  1	
160	413	765	  1	
160	440	765	  1	
160	462	765	  1	
162	128	765	  1	
162	175	765	  1	
163	280	765	  1	
164	292	765	  1	
165	 24	765	  1	
165	 29	765	  1	
165	527	765	  1	
166	  8	765	  1	
166	134	765	  1	
167	176	765	  1	
167	187	765	  1	
167	287	765	  1	
167	407	765	  1	
168	 72	765	  1	
168	115	765	  1	
168	122	765	  1	
168	183	765	  1	
168	216	765	  1	
168	248	765	  1	
168	258	765	  1	
168	266	765	  1	
168	278	765	  1	
168	288	765	  1	
168	347	765	  1	
168	486	765	  1	
171	328	765	  1	
173	276	765	  1	
174	 80	765	  1	
174	344	765	  1	
175	256	765	  1	
175	261	765	  1	
175	267	765	  1	
176	 48	765	  1	
176	 78	765	  1	
176	 99	765	  1	
176	167	765	  1	
176	187	765	  1	
176	240	765	  1	
176	245	765	  1	
176	346	765	  1	
176	357	765	  1	
178	112	765	  1	
178	200	765	  1	
178	479	765	  1	
181	 22	765	  1	
181	 78	765	  1	
181	189	765	  1	
181	264	765	  1	
181	346	765	  1	
182	 87	765	  1	
182	155	765	  1	
182	336	765	  1	
182	341	765	  1	
183	150	765	  1	
183	162	765	  1	
183	232	765	  1	
183	351	765	  1	
184	 48	765	  1	
184	127	765	  1	
184	176	765	  1	
184	183	765	  1	
184	281	765	  1	
184	303	765	  1	
184	360	765	  1	
184	366	765	  1	
186	298	765	  1	
187	 55	765	  1	
187	271	765	  1	
188	287	765	  1	
190	288	765	  1	
190	295	765	  1	
190	303	765	  1	
191	 48	765	  1	
191	179	765	  1	
191	280	765	  1	
191	374	765	  1	
192	101	765	  1	
192	112	765	  1	
192	147	765	  1	
192	264	765	  1	
192	351	765	  1	
192	398	765	  1	
193	 83	765	  1	
193	336	765	  1	
194	 76	765	  1	
194	206	765	  1	
194	232	765	  1	
195	  0	765	  1	
195	 24	765	  1	
195	125	765	  1	
195	144	765	  1	
195	149	765	  1	
195	240	765	  1	
196	170	765	  1	
197	112	765	  1	
198	271	765	  1	
199	 64	765	  1	
199	351	765	  1	
199	398	765	  1	
200	 53	765	  1	
200	 80	765	  1	
200	 87	765	  1	
200	156	765	  1	
200	166	765	  1	
200	319	765	  1	
200	356	765	  1	
201	136	765	  1	
202	  7	765	  1	
203	152	765	  1	
203	160	765	  1	
203	262	765	  1	
204	304	765	  1	
204	480	765	  1	
205	144	765	  1	
205	312	765	  1	
205	328	765	  1	
206	147	765	  1	
206	391	765	  1	
207	200	765	  1	
208	 72	765	  1	
208	117	765	  1	
208	171	765	  1	
208	211	765	  1	
208	232	765	  1	
208	239	765	  1	
208	302	765	  1	
208	396	765	  1	
208	403	765	  1	
210	112	765	  1	
210	359	765	  1	
210	550	765	  1	
211	104	765	  1	
211	120	765	  1	
211	147	765	  1	
211	272	765	  1	
212	343	765	  1	
212	589	765	  1	
213	152	765	  1	
213	259	765	  1	
213	391	765	  1	
213	544	765	  1	
214	118	765	  1	
214	348	765	  1	
215	 72	765	  1	
215	286	765	  1	
215	302	765	  1	
215	315	765	  1	
215	399	765	  1	
215	475	765	  1	
216	  3	765	  1	
216	 39	765	  1	
216	100	765	  1	
216	111	765	  1	
216	186	765	  1	
216	194	765	  1	
218	 72	765	  1	
218	204	765	  1	
218	288	765	  1	
219	 32	765	  1	
220	406	765	  1	
221	 96	765	  1	
221	248	765	  1	
222	195	765	  1	
223	  5	765	  1	
223	 39	765	  1	
223	257	765	  1	
223	523	765	  1	
224	 32	765	  1	
224	 40	765	  1	
224	 61	765	  1	
224	 84	765	  1	
224	 92	765	  1	
224	122	765	  1	
224	127	765	  1	
224	203	765	  1	
224	224	765	  1	
224	231	765	  1	
224	269	765	  1	
224	283	765	  1	
224	295	765	  1	
224	327	765	  1	
224	360	765	  1	
224	367	765	  1	
224	384	765	  1	
224	416	765	  1	
224	464	765	  1	
224	471	765	  1	
227	  2	765	  1	
227	  7	765	  1	
227	 47	765	  1	
227	 88	765	  1	
227	296	765	  1	
227	303	765	  1	
227	320	765	  1	
227	389	765	  1	
229	 79	765	  1	
229	272	765	  1	
229	420	765	  1	
230	 93	765	  1	
230	264	765	  1	
231	 40	765	  1	
231	148	765	  1	
231	154	765	  1	
231	200	765	  1	
231	207	765	  1	
231	227	765	  1	
231	240	765	  1	
231	290	765	  1	
231	327	765	  1	
231	363	765	  1	
231	467	765	  1	
232	 69	765	  1	
232	 82	765	  1	
232	108	765	  1	
232	130	765	  1	
232	182	765	  1	
232	192	765	  1	
232	216	765	  1	
232	395	765	  1	
234	144	765	  1	
235	 87	765	  1	
235	150	765	  1	
235	176	765	  1	
235	223	765	  1	
235	392	765	  1	
235	399	765	  1	
235	455	765	  1	
237	 55	765	  1	
237	 76	765	  1	
237	112	765	  1	
237	142	765	  1	
237	148	765	  1	
237	164	765	  1	
237	197	765	  1	
237	312	765	  1	
237	319	765	  1	
237	338	765	  1	
239	178	765	  1	
239	240	765	  1	
239	247	765	  1	
239	395	765	  1	
239	583	765	  1	
240	 12	765	  1	
240	 47	765	  1	
240	 51	765	  1	
240	111	765	  1	
240	172	765	  1	
240	244	765	  1	
240	256	765	  1	
240	267	765	  1	
240	272	765	  1	
240	357	765	  1	
240	509	765	  1	
242	168	765	  1	
242	210	765	  1	
243	 64	765	  1	
243	144	765	  1	
243	232	765	  1	
244	156	765	  1	
244	247	765	  1	
244	295	765	  1	
245	 96	765	  1	
245	120	765	  1	
245	136	765	  1	
245	359	765	  1	
246	468	765	  1	
247	262	765	  1	
247	271	765	  1	
247	304	765	  1	
247	344	765	  1	
248	 32	765	  1	
248	 38	765	  1	
248	 72	765	  1	
248	112	765	  1	
248	119	765	  1	
248	168	765	  1	
248	205	765	  1	
248	280	765	  1	
248	323	765	  1	
248	365	765	  1	
250	255	765	  1	
250	435	765	  1	
251	 88	765	  1	
251	174	765	  1	
251	223	765	  1	
251	352	765	  1	
251	431	765	  1	
251	462	765	  1	
252	150	765	  1	
252	286	765	  1	
253	136	765	  1	
253	141	765	  1	
253	312	765	  1	
253	375	765	  1	
254	 85	765	  1	
254	 92	765	  1	
254	170	765	  1	
255	115	765	  1	
255	145	765	  1	
255	195	765	  1	
255	327	765	  1	
255	352	765	  1	
255	456	765	  1	
255	592	765	  1	
256	 24	765	  1	
256	 66	765	  1	
256	101	765	  1	
256	127	765	  1	
256	131	765	  1	
256	138	765	  1	
256	171	765	  1	
256	299	765	  1	
256	342	765	  1	
256	445	765	  1	
256	469	765	  1	
256	475	765	  1	
257	 47	765	  1	
258	122	765	  1	
259	 40	765	  1	
259	 56	765	  1	
259	207	765	  1	
259	491	765	  1	
259	599	765	  1	
260	 38	765	  1	
260	251	765	  1	
260	278	765	  1	
260	325	765	  1	
261	320	765	  1	
261	409	765	  1	
262	 32	765	  1	
262	188	765	  1	
262	343	765	  1	
262	488	765	  1	
262	495	765	  1	
263	198	765	  1	
263	272	765	  1	
263	296	765	  1	
263	303	765	  1	
263	422	765	  1	
263	479	765	  1	
264	  8	765	  1	
264	 37	765	  1	
264	 54	765	  1	
264	 75	765	  1	
264	 88	765	  1	
264	 93	765	  1	
264	148	765	  1	
264	156	765	  1	
264	165	765	  1	
264	168	765	  1	
264	228	765	  1	
264	261	765	  1	
264	528	765	  1	
264	535	765	  1	
266	 15	765	  1	
266	 48	765	  1	
266	152	765	  1	
266	216	765	  1	
266	273	765	  1	
267	128	765	  1	
267	144	765	  1	
267	294	765	  1	
269	  7	765	  1	
269	 24	765	  1	
269	120	765	  1	
269	248	765	  1	
269	338	765	  1	
269	400	765	  1	
270	102	765	  1	
270	149	765	  1	
270	156	765	  1	
270	168	765	  1	
270	320	765	  1	
270	330	765	  1	
270	335	765	  1	
270	415	765	  1	
270	480	765	  1	
270	487	765	  1	
270	499	765	  1	
271	 54	765	  1	
271	 72	765	  1	
271	165	765	  1	
271	223	765	  1	
271	402	765	  1	
271	464	765	  1	
271	531	765	  1	
272	 19	765	  1	
272	 64	765	  1	
272	 91	765	  1	
272	117	765	  1	
272	133	765	  1	
272	191	765	  1	
272	245	765	  1	
272	256	765	  1	
272	264	765	  1	
272	304	765	  1	
272	325	765	  1	
272	384	765	  1	
272	400	765	  1	
272	432	765	  1	
272	439	765	  1	
272	598	765	  1	
274	230	765	  1	
274	320	765	  1	
275	240	765	  1	
275	311	765	  1	
275	402	765	  1	
276	256	765	  1	
277	 48	765	  1	
277	278	765	  1	
277	347	765	  1	
278	 64	765	  1	
278	231	765	  1	
279	 16	765	  1	
279	 23	765	  1	
279	103	765	  1	
279	216	765	  1	
279	336	765	  1	
279	413	765	  1	
279	435	765	  1	
280	 69	765	  1	
280	 77	765	  1	
280	147	765	  1	
280	159	765	  1	
280	202	765	  1	
280	207	765	  1	
280	366	765	  1	
280	535	765	  1	
280	560	765	  1	
280	592	765	  1	
281	192	765	  1	
282	 93	765	  1	
282	107	765	  1	
283	 16	765	  1	
283	288	765	  1	
283	302	765	  1	
284	282	765	  1	
285	172	765	  1	
285	216	765	  1	
285	224	765	  1	
286	431	765	  1	
287	 23	765	  1	
287	 56	765	  1	
287	 88	765	  1	
287	147	765	  1	
287	192	765	  1	
288	 16	765	  1	
288	 95	765	  1	
288	135	765	  1	
288	176	765	  1	
288	187	765	  1	
288	251	765	  1	
288	312	765	  1	
288	328	765	  1	
288	335	765	  1	
288	356	765	  1	
288	544	765	  1	
288	557	765	  1	
288	592	765	  1	
290	210	765	  1	
291	128	765	  1	
291	343	765	  1	
291	396	765	  1	
291	407	765	  1	
291	462	765	  1	
292	148	765	  1	
293	359	765	  1	
293	488	765	  1	
294	 37	765	  1	
294	 78	765	  1	
294	456	765	  1	
294	551	765	  1	
294	596	765	  1	
295	135	765	  1	
295	255	765	  1	
295	287	765	  1	
295	312	765	  1	
296	  0	765	  1	
296	127	765	  1	
296	144	765	  1	
296	184	765	  1	
296	200	765	  1	
296	207	765	  1	
296	232	765	  1	
296	302	765	  1	
296	330	765	  1	
296	360	765	  1	
296	423	765	  1	
296	472	765	  1	
298	 67	765	  1	
298	251	765	  1	
299	102	765	  1	
299	168	765	  1	
299	198	765	  1	
299	323	765	  1	
299	376	765	  1	
299	416	765	  1	
299	456	765	  1	
300	 92	765	  1	
300	175	765	  1	
300	213	765	  1	
300	304	765	  1	
300	544	765	  1	
301	312	765	  1	
301	359	765	  1	
302	  4	765	  1	
303	 96	765	  1	
303	144	765	  1	
303	203	765	  1	
303	302	765	  1	
303	333	765	  1	
303	423	765	  1	
303	472	765	  1	
304	 46	765	  1	
304	 80	765	  1	
304	 85	765	  1	
304	133	765	  1	
304	194	765	  1	
304	221	765	  1	
304	349	765	  1	
304	362	765	  1	
304	367	765	  1	
304	384	765	  1	
306	 70	765	  1	
306	184	765	  1	
307	232	765	  1	
307	295	765	  1	
309	 13	765	  1	
309	128	765	  1	
309	160	765	  1	
309	254	765	  1	
309	399	765	  1	
310	 64	765	  1	
311	 46	765	  1	
311	 96	765	  1	
311	239	765	  1	
312	 39	765	  1	
312	 43	765	  1	
312	 92	765	  1	
312	122	765	  1	
312	158	765	  1	
312	176	765	  1	
312	243	765	  1	
312	309	765	  1	
312	336	765	  1	
312	343	765	  1	
312	376	765	  1	
312	438	765	  1	
312	464	765	  1	
314	274	765	  1	
315	 32	765	  1	
315	111	765	  1	
315	144	765	  1	
315	264	765	  1	
316	316	765	  1	
317	123	765	  1	
317	304	765	  1	
317	432	765	  1	
317	464	765	  1	
318	 61	765	  1	
318	156	765	  1	
318	256	765	  1	
319	  0	765	  1	
319	 13	765	  1	
319	 16	765	  1	
319	 39	765	  1	
319	 47	765	  1	
320	 69	765	  1	
320	173	765	  1	
320	248	765	  1	
320	285	765	  1	
320	352	765	  1	
320	356	765	  1	
320	424	765	  1	
321	 95	765	  1	
322	198	765	  1	
323	 11	765	  1	
323	 64	765	  1	
323	430	765	  1	
323	476	765	  1	
324	314	765	  1	
324	376	765	  1	
325	251	765	  1	
325	574	765	  1	
326	192	765	  1	
328	 59	765	  1	
328	 99	765	  1	
328	123	765	  1	
328	240	765	  1	
328	296	765	  1	
328	300	765	  1	
328	376	765	  1	
328	397	765	  1	
328	439	765	  1	
328	592	765	  1	
329	112	765	  1	
330	213	765	  1	
331	168	765	  1	
331	312	765	  1	
331	407	765	  1	
331	433	765	  1	
332	224	765	  1	
332	434	765	  1	
333	 33	765	  1	
333	 71	765	  1	
333	 88	765	  1	
333	160	765	  1	
333	208	765	  1	
333	382	765	  1	
334	112	765	  1	
334	176	765	  1	
334	243	765	  1	
334	354	765	  1	
335	214	765	  1	
335	592	765	  1	
336	133	765	  1	
336	156	765	  1	
336	259	765	  1	
336	291	765	  1	
336	317	765	  1	
336	342	765	  1	
336	419	765	  1	
337	161	765	  1	
338	128	765	  1	
339	117	765	  1	
339	166	765	  1	
339	235	765	  1	
339	312	765	  1	
339	399	765	  1	
339	405	765	  1	
341	192	765	  1	
341	216	765	  1	
341	264	765	  1	
341	328	765	  1	
341	416	765	  1	
342	134	765	  1	
343	 18	765	  1	
343	342	765	  1	
343	392	765	  1	
344	  8	765	  1	
344	 43	765	  1	
344	 48	765	  1	
344	 60	765	  1	
344	 69	765	  1	
344	 95	765	  1	
344	160	765	  1	
344	200	765	  1	
344	219	765	  1	
344	253	765	  1	
344	344	765	  1	
344	371	765	  1	
344	400	765	  1	
344	451	765	  1	
344	490	765	  1	
345	182	765	  1	
345	238	765	  1	
345	248	765	  1	
346	 88	765	  1	
347	343	765	  1	
347	351	765	  1	
348	 56	765	  1	
348	 92	765	  1	
348	384	765	  1	
348	391	765	  1	
349	 14	765	  1	
349	152	765	  1	
349	253	765	  1	
349	448	765	  1	
350	 88	765	  1	
350	256	765	  1	
350	375	765	  1	
351	200	765	  1	
351	312	765	  1	
351	344	765	  1	
351	512	765	  1	
351	519	765	  1	
352	  0	765	  1	
352	 10	765	  1	
352	 23	765	  1	
352	 42	765	  1	
352	 56	765	  1	
352	 67	765	  1	
352	131	765	  1	
352	138	765	  1	
352	143	765	  1	
352	164	765	  1	
352	174	765	  1	
352	192	765	  1	
352	214	765	  1	
352	231	765	  1	
352	309	765	  1	
352	381	765	  1	
352	400	765	  1	
352	407	765	  1	
352	548	765	  1	
354	152	765	  1	
355	 16	765	  1	
355	 56	765	  1	
355	184	765	  1	
355	439	765	  1	
356	 26	765	  1	
356	 96	765	  1	
356	278	765	  1	
357	 66	765	  1	
357	 71	765	  1	
357	200	765	  1	
357	211	765	  1	
357	304	765	  1	
357	312	765	  1	
358	120	765	  1	
358	127	765	  1	
358	251	765	  1	
358	383	765	  1	
358	509	765	  1	
358	550	765	  1	
359	 10	765	  1	
359	 23	765	  1	
359	168	765	  1	
359	256	765	  1	
359	270	765	  1	
359	400	765	  1	
359	407	765	  1	
359	544	765	  1	
360	269	765	  1	
360	272	765	  1	
360	279	765	  1	
360	328	765	  1	
360	335	765	  1	
360	408	765	  1	
360	455	765	  1	
360	598	765	  1	
361	176	765	  1	
362	119	765	  1	
362	157	765	  1	
362	280	765	  1	
362	288	765	  1	
362	369	765	  1	
363	 56	765	  1	
363	144	765	  1	
363	192	765	  1	
363	223	765	  1	
363	416	765	  1	
364	128	765	  1	
365	  7	765	  1	
365	 27	765	  1	
365	 64	765	  1	
365	216	765	  1	
365	320	765	  1	
365	456	765	  1	
366	164	765	  1	
366	224	765	  1	
366	285	765	  1	
366	317	765	  1	
367	203	765	  1	
367	232	765	  1	
367	256	765	  1	
367	269	765	  1	
367	312	765	  1	
367	431	765	  1	
367	448	765	  1	
367	490	765	  1	
367	499	765	  1	
367	575	765	  1	
368	118	765	  1	
368	125	765	  1	
368	136	765	  1	
368	207	765	  1	
368	223	765	  1	
368	241	765	  1	
368	304	765	  1	
368	349	765	  1	
368	390	765	  1	
368	405	765	  1	
368	511	765	  1	
370	376	765	  1	
371	 24	765	  1	
371	 40	765	  1	
371	 47	765	  1	
371	 72	765	  1	
371	176	765	  1	
371	200	765	  1	
371	216	765	  1	
371	400	765	  1	
373	115	765	  1	
373	288	765	  1	
373	448	765	  1	
374	126	765	  1	
374	235	765	  1	
375	144	765	  1	
375	207	765	  1	
375	223	765	  1	
375	256	765	  1	
375	264	765	  1	
375	304	765	  1	
376	  0	765	  1	
376	 14	765	  1	
376	 79	765	  1	
376	 99	765	  1	
376	128	765	  1	
376	182	765	  1	
376	227	765	  1	
376	248	765	  1	
376	293	765	  1	
376	301	765	  1	
376	320	765	  1	
376	375	765	  1	
376	383	765	  1	
376	543	765	  1	
376	550	765	  1	
377	 26	765	  1	
378	  4	765	  1	
378	386	765	  1	
379	132	765	  1	
379	239	765	  1	
379	359	765	  1	
379	536	765	  1	
379	585	765	  1	
380	161	765	  1	
381	 31	765	  1	
381	 43	765	  1	
381	 56	765	  1	
381	176	765	  1	
381	254	765	  1	
382	232	765	  1	
382	302	765	  1	
383	224	765	  1	
383	543	765	  1	
384	  0	765	  1	
384	 10	765	  1	
384	 14	765	  1	
384	 22	765	  1	
384	 40	765	  1	
384	 47	765	  1	
384	 80	765	  1	
384	191	765	  1	
384	297	765	  1	
384	315	765	  1	
384	324	765	  1	
384	496	765	  1	
387	288	765	  1	
387	335	765	  1	
387	480	765	  1	
388	 10	765	  1	
389	 31	765	  1	
389	 67	765	  1	
390	 23	765	  1	
390	422	765	  1	
390	443	765	  1	
391	  7	765	  1	
391	206	765	  1	
391	328	765	  1	
391	384	765	  1	
391	515	765	  1	
392	  8	765	  1	
392	 32	765	  1	
392	 56	765	  1	
392	 88	765	  1	
392	 92	765	  1	
392	119	765	  1	
392	152	765	  1	
392	199	765	  1	
392	215	765	  1	
392	309	765	  1	
392	331	765	  1	
392	350	765	  1	
392	401	765	  1	
394	192	765	  1	
394	254	765	  1	
395	208	765	  1	
395	270	765	  1	
396	347	765	  1	
397	  0	765	  1	
397	328	765	  1	
398	  8	765	  1	
398	173	765	  1	
399	103	765	  1	
399	193	765	  1	
399	215	765	  1	
399	291	765	  1	
399	464	765	  1	
400	 38	765	  1	
400	 59	765	  1	
400	 72	765	  1	
400	 79	765	  1	
400	117	765	  1	
400	136	765	  1	
400	165	765	  1	
400	177	765	  1	
400	203	765	  1	
400	216	765	  1	
400	251	765	  1	
400	259	765	  1	
400	280	765	  1	
400	312	765	  1	
400	408	765	  1	
402	335	765	  1	
403	  8	765	  1	
403	223	765	  1	
405	 40	765	  1	
405	 47	765	  1	
405	 88	765	  1	
405	152	765	  1	
406	 14	765	  1	
407	114	765	  1	
407	136	765	  1	
407	200	765	  1	
407	207	765	  1	
407	216	765	  1	
407	416	765	  1	
408	 21	765	  1	
408	 31	765	  1	
408	120	765	  1	
408	168	765	  1	
408	181	765	  1	
408	191	765	  1	
408	194	765	  1	
408	208	765	  1	
408	312	765	  1	
408	349	765	  1	
408	455	765	  1	
409	138	765	  1	
410	427	765	  1	
411	279	765	  1	
411	319	765	  1	
413	174	765	  1	
414	  0	765	  1	
414	  5	765	  1	
414	110	765	  1	
414	128	765	  1	
414	143	765	  1	
414	344	765	  1	
415	 21	765	  1	
415	 27	765	  1	
415	103	765	  1	
415	191	765	  1	
415	312	765	  1	
415	328	765	  1	
416	 52	765	  1	
416	 70	765	  1	
416	 80	765	  1	
416	120	765	  1	
416	165	765	  1	
416	290	765	  1	
416	304	765	  1	
416	347	765	  1	
416	400	765	  1	
418	 32	765	  1	
418	 48	765	  1	
418	184	765	  1	
418	311	765	  1	
419	 46	765	  1	
421	 78	765	  1	
421	112	765	  1	
421	264	765	  1	
422	 48	765	  1	
422	 55	765	  1	
422	240	765	  1	
422	304	765	  1	
423	120	765	  1	
423	290	765	  1	
424	 24	765	  1	
424	 88	765	  1	
424	132	765	  1	
424	146	765	  1	
424	151	765	  1	
424	216	765	  1	
424	263	765	  1	
424	275	765	  1	
424	367	765	  1	
424	512	765	  1	
425	519	765	  1	
426	 48	765	  1	
426	 64	765	  1	
426	 94	765	  1	
426	167	765	  1	
427	239	765	  1	
427	320	765	  1	
429	 14	765	  1	
430	 88	765	  1	
431	 72	765	  1	
431	184	765	  1	
432	141	765	  1	
432	154	765	  1	
432	160	765	  1	
432	249	765	  1	
432	311	765	  1	
432	376	765	  1	
434	169	765	  1	
435	 56	765	  1	
435	 96	765	  1	
435	128	765	  1	
436	 24	765	  1	
437	 72	765	  1	
438	 36	765	  1	
438	251	765	  1	
439	379	765	  1	
440	 20	765	  1	
440	 50	765	  1	
440	104	765	  1	
440	261	765	  1	
440	296	765	  1	
440	327	765	  1	
441	 66	765	  1	
441	 71	765	  1	
442	 46	765	  1	
442	256	765	  1	
442	303	765	  1	
442	461	765	  1	
443	 40	765	  1	
443	222	765	  1	
443	320	765	  1	
444	110	765	  1	
445	104	765	  1	
445	136	765	  1	
445	310	765	  1	
446	262	765	  1	
447	  0	765	  1	
447	 27	765	  1	
447	327	765	  1	
447	456	765	  1	
448	  8	765	  1	
448	 58	765	  1	
448	 69	765	  1	
448	 80	765	  1	
448	 84	765	  1	
448	 88	765	  1	
448	 94	765	  1	
448	177	765	  1	
448	203	765	  1	
448	227	765	  1	
448	248	765	  1	
448	270	765	  1	
448	312	765	  1	
450	256	765	  1	
451	 96	765	  1	
451	192	765	  1	
451	319	765	  1	
453	  2	765	  1	
453	  7	765	  1	
453	 13	765	  1	
453	 91	765	  1	
453	126	765	  1	
454	 43	765	  1	
455	 55	765	  1	
455	104	765	  1	
455	200	765	  1	
455	207	765	  1	
455	271	765	  1	
455	312	765	  1	
455	350	765	  1	
456	  8	765	  1	
456	 24	765	  1	
456	 30	765	  1	
456	 48	765	  1	
456	 82	765	  1	
456	 87	765	  1	
456	107	765	  1	
456	144	765	  1	
456	148	765	  1	
456	251	765	  1	
456	288	765	  1	
456	295	765	  1	
456	311	765	  1	
456	359	765	  1	
458	 16	765	  1	
459	 96	765	  1	
459	176	765	  1	
460	131	765	  1	
461	 51	765	  1	
462	  8	765	  1	
462	291	765	  1	
462	381	765	  1	
463	 27	765	  1	
464	 26	765	  1	
464	 31	765	  1	
464	 88	765	  1	
464	109	765	  1	
464	117	765	  1	
464	136	765	  1	
464	151	765	  1	
464	191	765	  1	
464	198	765	  1	
464	229	765	  1	
464	267	765	  1	
466	 21	765	  1	
467	 46	765	  1	
467	309	765	  1	
468	  8	765	  1	
469	 16	765	  1	
469	 32	765	  1	
469	 72	765	  1	
469	152	765	  1	
470	384	765	  1	
471	136	765	  1	
472	 48	765	  1	
472	110	765	  1	
472	240	765	  1	
472	246	765	  1	
472	339	765	  1	
472	351	765	  1	
472	429	765	  1	
472	472	765	  1	
473	 15	765	  1	
474	344	765	  1	
475	144	765	  1	
475	272	765	  1	
475	407	765	  1	
477	 62	765	  1	
477	107	765	  1	
477	230	765	  1	
477	239	765	  1	
477	243	765	  1	
477	336	765	  1	
478	  8	765	  1	
478	150	765	  1	
478	160	765	  1	
478	192	765	  1	
478	216	765	  1	
480	 23	765	  1	
480	 43	765	  1	
480	117	765	  1	
480	147	765	  1	
480	165	765	  1	
480	253	765	  1	
480	264	765	  1	
480	280	765	  1	
480	299	765	  1	
480	304	765	  1	
480	375	765	  1	
482	344	765	  1	
483	 96	765	  1	
483	103	765	  1	
484	158	765	  1	
485	137	765	  1	
485	208	765	  1	
485	248	765	  1	
485	336	765	  1	
485	343	765	  1	
486	152	765	  1	
487	 39	765	  1	
487	 47	765	  1	
487	144	765	  1	
487	164	765	  1	
487	304	765	  1	
487	375	765	  1	
488	  3	765	  1	
488	 79	765	  1	
488	165	765	  1	
488	171	765	  1	
488	181	765	  1	
488	195	765	  1	
488	256	765	  1	
488	272	765	  1	
488	276	765	  1	
488	326	765	  1	
488	352	765	  1	
488	419	765	  1	
488	447	765	  1	
489	123	765	  1	
490	 31	765	  1	
490	376	765	  1	
491	359	765	  1	
492	  0	765	  1	
492	  7	765	  1	
492	382	765	  1	
493	319	765	  1	
493	423	765	  1	
494	135	765	  1	
494	200	765	  1	
495	147	765	  1	
495	181	765	  1	
495	192	765	  1	
495	352	765	  1	
496	106	765	  1	
496	209	765	  1	
496	224	765	  1	
496	235	765	  1	
496	262	765	  1	
496	303	765	  1	
496	392	765	  1	
497	  2	765	  1	
497	139	765	  1	
497	160	765	  1	
498	128	765	  1	
498	195	765	  1	
499	248	765	  1	
499	264	765	  1	
499	296	765	  1	
500	106	765	  1	
500	312	765	  1	
501	206	765	  1	
501	259	765	  1	
501	272	765	  1	
501	315	765	  1	
501	334	765	  1	
501	360	765	  1	
501	367	765	  1	
501	400	765	  1	
502	 43	765	  1	
502	165	765	  1	
502	392	765	  1	
503	 23	765	  1	
503	128	765	  1	
503	224	765	  1	
503	240	765	  1	
503	303	765	  1	
504	 94	765	  1	
504	100	765	  1	
504	112	765	  1	
504	131	765	  1	
504	189	765	  1	
504	199	765	  1	
504	216	765	  1	
504	296	765	  1	
505	301	765	  1	
506	184	765	  1	
507	120	765	  1	
507	168	765	  1	
507	408	765	  1	
508	188	765	  1	
508	199	765	  1	
509	221	765	  1	
509	296	765	  1	
510	160	765	  1	
510	195	765	  1	
511	 53	765	  1	
511	152	765	  1	
511	227	765	  1	
512	101	765	  1	
512	110	765	  1	
512	119	765	  1	
512	157	765	  1	
512	167	765	  1	
512	184	765	  1	
512	220	765	  1	
512	237	765	  1	
512	246	765	  1	
512	258	765	  1	
512	264	765	  1	
512	272	765	  1	
512	293	765	  1	
512	360	765	  1	
512	392	765	  1	
512	398	765	  1	
512	416	765	  1	
514	232	765	  1	
515	136	765	  1	
515	152	765	  1	
517	106	765	  1	
517	243	765	  1	
518	 91	765	  1	
518	213	765	  1	
518	223	765	  1	
518	238	765	  1	
518	328	765	  1	
518	335	765	  1	
519	184	765	  1	
519	256	765	  1	
519	263	765	  1	
519	399	765	  1	
520	  0	765	  1	
520	  7	765	  1	
520	 72	765	  1	
520	 96	765	  1	
520	120	765	  1	
520	139	765	  1	
520	144	765	  1	
520	160	765	  1	
520	182	765	  1	
520	347	765	  1	
520	356	765	  1	
520	424	765	  1	
520	433	765	  1	
522	423	765	  1	
523	152	765	  1	
523	167	765	  1	
523	205	765	  1	
523	256	765	  1	
525	 99	765	  1	
525	296	765	  1	
525	352	765	  1	
526	  2	765	  1	
526	135	765	  1	
526	200	765	  1	
526	262	765	  1	
526	363	765	  1	
526	368	765	  1	
526	424	765	  1	
527	344	765	  1	
528	 47	765	  1	
528	112	765	  1	
528	119	765	  1	
528	127	765	  1	
528	189	765	  1	
528	196	765	  1	
528	216	765	  1	
528	248	765	  1	
528	251	765	  1	
528	294	765	  1	
528	312	765	  1	
528	357	765	  1	
528	390	765	  1	
528	599	765	  1	
530	120	765	  1	
530	288	765	  1	
530	436	765	  1	
530	574	765	  1	
531	167	765	  1	
531	384	765	  1	
532	 19	765	  1	
532	115	765	  1	
533	110	765	  1	
533	318	765	  1	
533	352	765	  1	
534	128	765	  1	
535	122	765	  1	
535	252	765	  1	
535	263	765	  1	
535	294	765	  1	
535	437	765	  1	
536	 64	765	  1	
536	 71	765	  1	
536	152	765	  1	
536	180	765	  1	
536	227	765	  1	
536	296	765	  1	
536	312	765	  1	
536	373	765	  1	
536	487	765	  1	
537	176	765	  1	
538	190	765	  1	
538	328	765	  1	
538	368	765	  1	
539	112	765	  1	
539	159	765	  1	
539	432	765	  1	
540	224	765	  1	
541	 80	765	  1	
541	120	765	  1	
541	127	765	  1	
541	134	765	  1	
541	191	765	  1	
542	374	765	  1	
543	152	765	  1	
543	312	765	  1	
543	480	765	  1	
544	  8	765	  1	
544	144	765	  1	
544	179	765	  1	
544	203	765	  1	
544	240	765	  1	
544	253	765	  1	
544	280	765	  1	
544	314	765	  1	
544	336	765	  1	
544	343	765	  1	
544	360	765	  1	
544	366	765	  1	
544	379	765	  1	
544	400	765	  1	
544	406	765	  1	
545	136	765	  1	
546	422	765	  1	
547	 16	765	  1	
547	 78	765	  1	
547	186	765	  1	
547	195	765	  1	
547	421	765	  1	
548	191	765	  1	
549	159	765	  1	
549	176	765	  1	
549	183	765	  1	
550	335	765	  1	
551	 10	765	  1	
551	 87	765	  1	
551	104	765	  1	
551	203	765	  1	
551	339	765	  1	
552	 56	765	  1	
552	 63	765	  1	
552	 72	765	  1	
552	 79	765	  1	
552	 93	765	  1	
552	112	765	  1	
552	133	765	  1	
552	147	765	  1	
552	171	765	  1	
552	224	765	  1	
552	231	765	  1	
552	272	765	  1	
552	301	765	  1	
552	392	765	  1	
553	 19	765	  1	
554	104	765	  1	
554	128	765	  1	
554	162	765	  1	
554	179	765	  1	
554	187	765	  1	
555	  8	765	  1	
555	 96	765	  1	
555	235	765	  1	
555	376	765	  1	
558	119	765	  1	
558	134	765	  1	
558	296	765	  1	
559	227	765	  1	
560	156	765	  1	
560	197	765	  1	
560	205	765	  1	
560	210	765	  1	
560	229	765	  1	
560	299	765	  1	
560	316	765	  1	
560	320	765	  1	
560	339	765	  1	
560	376	765	  1	
560	388	765	  1	
560	412	765	  1	
560	424	765	  1	
561	160	765	  1	
562	152	765	  1	
562	224	765	  1	
562	383	765	  1	
564	394	765	  1	
565	187	765	  1	
565	192	765	  1	
565	215	765	  1	
566	230	765	  1	
566	299	765	  1	
567	279	765	  1	
567	336	765	  1	
567	343	765	  1	
567	378	765	  1	
567	424	765	  1	
568	160	765	  1	
568	173	765	  1	
568	250	765	  1	
568	261	765	  1	
568	268	765	  1	
568	326	765	  1	
568	344	765	  1	
568	447	765	  1	
571	  8	765	  1	
571	112	765	  1	
571	192	765	  1	
571	208	765	  1	
573	143	765	  1	
573	256	765	  1	
573	304	765	  1	
574	133	765	  1	
574	239	765	  1	
574	344	765	  1	
575	232	765	  1	
575	247	765	  1	
576	  7	765	  1	
576	 72	765	  1	
576	 79	765	  1	
576	104	765	  1	
576	120	765	  1	
576	167	765	  1	
576	217	765	  1	
576	224	765	  1	
576	231	765	  1	
576	272	765	  1	
576	283	765	  1	
576	289	765	  1	
576	340	765	  1	
578	 95	765	  1	
578	296	765	  1	
579	208	765	  1	
580	336	765	  1	
581	 87	765	  1	
582	400	765	  1	
582	408	765	  1	
583	104	765	  1	
583	165	765	  1	
583	227	765	  1	
583	279	765	  1	
583	287	765	  1	
583	468	765	  1	
584	 64	765	  1	
584	 80	765	  1	
584	 96	765	  1	
584	108	765	  1	
584	141	765	  1	
584	152	765	  1	
584	192	765	  1	
584	208	765	  1	
584	256	765	  1	
584	269	765	  1	
584	288	765	  1	
584	294	765	  1	
584	328	765	  1	
584	363	765	  1	
584	515	765	  1	
586	 55	765	  1	
587	136	765	  1	
587	485	765	  1	
588	109	765	  1	
588	320	765	  1	
589	216	765	  1	
591	 64	765	  1	
591	192	765	  1	
591	256	765	  1	
591	360	765	  1	
591	367	765	  1	
592	 80	765	  1	
592	 87	765	  1	
592	108	765	  1	
592	186	765	  1	
592	228	765	  1	
592	240	765	  1	
592	246	765	  1	
593	206	765	  1	
595	 63	765	  1	
595	 96	765	  1	
595	239	765	  1	
595	293	765	  1	
595	327	765	  1	
596	191	765	  1	
596	305	765	  1	
597	  8	765	  1	
597	 15	765	  1	
597	 99	765	  1	
597	243	765	  1	
597	535	765	  1	
598	 93	765	  1	
598	184	765	  1	
599	192	765	  1	
599	216	765	  1	
599	231	765	  1	
599	319	765	  1	
600	 66	765	  1	
600	168	765	  1	
600	296	765	  1	
600	365	765	  1	
600	368	765	  1	
603	 64	765	  1	
603	 87	765	  1	
603	 95	765	  1	
603	238	765	  1	
605	360	765	  1	
606	 43	765	  1	
607	 80	765	  1	
607	 90	765	  1	
607	159	765	  1	
607	168	765	  1	
607	298	765	  1	
609	127	765	  1	
610	 11	765	  1	
610	236	765	  1	
611	296	765	  1	
612	 69	765	  1	
612	376	765	  1	
613	335	765	  1	
613	487	765	  1	
614	119	765	  1	
614	208	765	  1	
614	307	765	  1	
615	 64	765	  1	
615	237	765	  1	
616	 18	765	  1	
616	 71	765	  1	
616	 91	765	  1	
616	128	765	  1	
616	131	765	  1	
616	162	765	  1	
616	173	765	  1	
616	179	765	  1	
616	200	765	  1	
616	207	765	  1	
616	231	765	  1	
616	235	765	  1	
616	354	765	  1	
618	280	765	  1	
619	224	765	  1	
619	264	765	  1	
621	 83	765	  1	
621	111	765	  1	
623	 70	765	  1	
623	106	765	  1	
623	231	765	  1	
623	239	765	  1	
624	 32	765	  1	
624	203	765	  1	
624	208	765	  1	
624	296	765	  1	
624	333	765	  1	
626	 96	765	  1	
627	 39	765	  1	
627	212	765	  1	
627	310	765	  1	
628	160	765	  1	
629	277	765	  1	
629	330	765	  1	
629	547	765	  1	
630	325	765	  1	
630	379	765	  1	
631	 32	765	  1	
631	 40	765	  1	
631	110	765	  1	
631	127	765	  1	
631	296	765	  1	
632	 79	765	  1	
632	159	765	  1	
632	195	765	  1	
632	208	765	  1	
632	213	765	  1	
632	232	765	  1	
635	 47	765	  1	
635	154	765	  1	
635	239	765	  1	
635	246	765	  1	
635	374	765	  1	
638	405	765	  1	
639	232	765	  1	
639	456	765	  1	
640	151	765	  1	
640	230	765	  1	
640	328	765	  1	
640	463	765	  1	
640	562	765	  1	
641	103	765	  1	
641	520	765	  1	
643	 55	765	  1	
643	107	765	  1	
647	 48	765	  1	
647	 90	765	  1	
647	 95	765	  1	
648	 74	765	  1	
648	167	765	  1	
648	171	765	  1	
648	318	765	  1	
648	331	765	  1	
648	341	765	  1	
650	161	765	  1	
651	 77	765	  1	
653	104	765	  1	
653	111	765	  1	
654	136	765	  1	
654	176	765	  1	
654	183	765	  1	
655	  0	765	  1	
655	167	765	  1	
655	341	765	  1	
655	359	765	  1	
656	144	765	  1	
656	255	765	  1	
656	290	765	  1	
656	535	765	  1	
658	 78	765	  1	
658	320	765	  1	
659	124	765	  1	
659	160	765	  1	
659	248	765	  1	
663	202	765	  1	
663	255	765	  1	
664	104	765	  1	
664	128	765	  1	
664	298	765	  1	
667	 94	765	  1	
667	255	765	  1	
669	136	765	  1	
672	150	765	  1	
672	403	765	  1	
675	 71	765	  1	
678	148	765	  1	
678	311	765	  1	
680	127	765	  1	
680	139	765	  1	
680	179	765	  1	
680	251	765	  1	
683	424	765	  1	
684	184	765	  1	
685	124	765	  1	
687	136	765	  1	
687	143	765	  1	
688	467	765	  1	
690	364	765	  1	
695	183	765	  1	
696	  8	765	  1	
712	 40	765	  1	
713	252	765	  1	
715	172	765	  1	
744	250	765	  1	
