# 
#  Image file: Goad2_T0003.jpg
#  Applied threshold: 575
#  Algorithm used: fill2                 
#  Particle count: 2090
#  Location (x,y), max luminance, and mass:
# 
  0	407	765	  1	
  0	431	765	  1	
  2	199	765	  1	
  4	461	765	  1	
  7	424	765	  1	
  8	166	765	  1	
  8	408	765	  1	
 11	127	765	  1	
 14	436	765	  1	
 16	182	765	  1	
 19	499	765	  1	
 21	567	765	  1	
 23	172	765	  1	
 24	170	765	  1	
 24	285	765	  1	
 27	207	765	  1	
 27	242	765	  1	
 31	285	765	  1	
 36	376	765	  1	
 39	256	765	  1	
 42	320	765	  1	
 47	599	765	  1	
 48	115	765	  1	
 56	 94	765	  1	
 56	106	765	  1	
 58	301	765	  1	
 59	285	765	  1	
 63	111	765	  1	
 64	256	765	  1	
 64	263	765	  1	
 71	 62	765	  1	
 71	106	765	  1	
 71	111	765	  1	
 71	127	765	  1	
 72	381	765	  1	
 74	136	765	  1	
 76	272	765	  1	
 80	128	765	  1	
 85	150	765	  1	
 86	222	765	  1	
 87	152	765	  1	
 87	159	765	  1	
 88	 31	765	  1	
 88	120	765	  1	
 88	282	765	  1	
 91	360	765	  1	
 94	282	765	  1	
 95	367	765	  1	
 96	128	765	  1	
 96	134	765	  1	
 96	168	765	  1	
 96	299	765	  1	
 96	326	765	  1	
 96	336	765	  1	
 96	343	765	  1	
 96	486	765	  1	
 99	143	765	  1	
100	360	765	  1	
101	320	765	  1	
102	480	765	  1	
103	336	765	  1	
103	343	765	  1	
104	136	765	  1	
104	351	765	  1	
104	360	765	  1	
104	402	765	  1	
107	104	765	  1	
107	168	765	  1	
107	255	765	  1	
109	140	765	  1	
110	407	765	  1	
111	186	765	  1	
111	199	765	  1	
111	347	765	  1	
111	474	765	  1	
111	479	765	  1	
112	117	765	  1	
112	135	765	  1	
112	163	765	  1	
112	274	765	  1	
112	279	765	  1	
112	287	765	  1	
112	320	765	  1	
112	327	765	  1	
112	351	765	  1	
112	599	765	  1	
113	438	765	  1	
115	237	765	  1	
115	408	765	  1	
115	580	765	  1	
117	120	765	  1	
118	234	765	  1	
118	279	765	  1	
119	 34	765	  1	
119	160	765	  1	
119	167	765	  1	
119	323	765	  1	
119	351	765	  1	
119	384	765	  1	
120	128	765	  1	
120	163	765	  1	
120	168	765	  1	
120	176	765	  1	
120	256	765	  1	
120	287	765	  1	
120	424	765	  1	
124	  5	765	  1	
124	110	765	  1	
124	440	765	  1	
126	104	765	  1	
126	256	765	  1	
127	168	765	  1	
127	176	765	  1	
127	216	765	  1	
128	 92	765	  1	
128	224	765	  1	
128	229	765	  1	
128	301	765	  1	
128	328	765	  1	
128	347	765	  1	
128	396	765	  1	
128	408	765	  1	
130	288	765	  1	
131	335	765	  1	
132	152	765	  1	
132	227	765	  1	
132	303	765	  1	
133	437	765	  1	
134	192	765	  1	
134	198	765	  1	
134	218	765	  1	
135	231	765	  1	
135	328	765	  1	
135	344	765	  1	
135	351	765	  1	
136	 88	765	  1	
136	126	765	  1	
136	208	765	  1	
136	303	765	  1	
136	312	765	  1	
136	335	765	  1	
136	362	765	  1	
136	385	765	  1	
138	128	765	  1	
139	103	765	  1	
139	231	765	  1	
139	319	765	  1	
140	  7	765	  1	
141	184	765	  1	
141	223	765	  1	
141	275	765	  1	
143	 88	765	  1	
143	297	765	  1	
143	312	765	  1	
143	331	765	  1	
144	  0	765	  1	
144	 63	765	  1	
144	128	765	  1	
144	152	765	  1	
144	176	765	  1	
144	232	765	  1	
144	240	765	  1	
144	251	765	  1	
144	259	765	  1	
144	328	765	  1	
146	109	765	  1	
147	 95	765	  1	
147	331	765	  1	
148	364	765	  1	
149	256	765	  1	
149	400	765	  1	
150	247	765	  1	
150	335	765	  1	
150	424	765	  1	
151	  0	765	  1	
151	 88	765	  1	
151	176	765	  1	
151	232	765	  1	
152	 20	765	  1	
152	 31	765	  1	
152	136	765	  1	
152	155	765	  1	
152	160	765	  1	
152	186	765	  1	
152	191	765	  1	
152	199	765	  1	
152	218	765	  1	
152	384	765	  1	
152	407	765	  1	
152	524	765	  1	
154	289	765	  1	
155	 24	765	  1	
155	 77	765	  1	
155	192	765	  1	
155	344	765	  1	
155	391	765	  1	
155	415	765	  1	
155	599	765	  1	
156	167	765	  1	
157	120	765	  1	
157	240	765	  1	
157	264	765	  1	
157	271	765	  1	
157	295	765	  1	
158	152	765	  1	
158	186	765	  1	
158	294	765	  1	
159	 16	765	  1	
159	191	765	  1	
159	199	765	  1	
159	216	765	  1	
159	223	765	  1	
159	309	765	  1	
159	403	765	  1	
159	408	765	  1	
160	 43	765	  1	
160	109	765	  1	
160	179	765	  1	
160	202	765	  1	
160	248	765	  1	
160	252	765	  1	
160	259	765	  1	
160	266	765	  1	
160	294	765	  1	
160	312	765	  1	
160	319	765	  1	
160	335	765	  1	
160	434	765	  1	
162	159	765	  1	
162	416	765	  1	
162	423	765	  1	
163	143	765	  1	
163	328	765	  1	
163	424	765	  1	
165	184	765	  1	
165	408	765	  1	
166	152	765	  1	
166	250	765	  1	
166	255	765	  1	
166	266	765	  1	
167	 19	765	  1	
167	136	765	  1	
167	176	765	  1	
167	271	765	  1	
167	294	765	  1	
167	315	765	  1	
167	335	765	  1	
167	463	765	  1	
168	  8	765	  1	
168	 15	765	  1	
168	 23	765	  1	
168	 80	765	  1	
168	 86	765	  1	
168	114	765	  1	
168	120	765	  1	
168	127	765	  1	
168	144	765	  1	
168	163	765	  1	
168	168	765	  1	
168	224	765	  1	
168	231	765	  1	
168	252	765	  1	
168	268	765	  1	
168	278	765	  1	
168	288	765	  1	
168	307	765	  1	
168	383	765	  1	
168	392	765	  1	
168	399	765	  1	
170	106	765	  1	
171	445	765	  1	
172	 80	765	  1	
174	276	765	  1	
175	 11	765	  1	
175	 19	765	  1	
175	123	765	  1	
175	160	765	  1	
175	167	765	  1	
175	244	765	  1	
175	270	765	  1	
175	304	765	  1	
175	311	765	  1	
175	383	765	  1	
175	395	765	  1	
176	 99	765	  1	
176	116	765	  1	
176	121	765	  1	
176	127	765	  1	
176	136	765	  1	
176	155	765	  1	
176	192	765	  1	
176	264	765	  1	
176	405	765	  1	
176	414	765	  1	
177	368	765	  1	
177	373	765	  1	
178	142	765	  1	
178	184	765	  1	
178	198	765	  1	
179	 11	765	  1	
179	 64	765	  1	
179	167	765	  1	
179	408	765	  1	
180	175	765	  1	
181	 96	765	  1	
181	194	765	  1	
182	127	765	  1	
182	136	765	  1	
183	119	765	  1	
183	189	765	  1	
184	 23	765	  1	
184	 78	765	  1	
184	107	765	  1	
184	144	765	  1	
184	221	765	  1	
186	 72	765	  1	
186	248	765	  1	
189	 79	765	  1	
189	104	765	  1	
189	150	765	  1	
189	200	765	  1	
190	122	765	  1	
190	319	765	  1	
190	339	765	  1	
191	248	765	  1	
191	407	765	  1	
192	168	765	  1	
192	176	765	  1	
192	288	765	  1	
192	300	765	  1	
192	331	765	  1	
192	383	765	  1	
193	 94	765	  1	
195	  0	765	  1	
195	128	765	  1	
195	280	765	  1	
195	295	765	  1	
195	373	765	  1	
196	 68	765	  1	
197	112	765	  1	
197	312	765	  1	
199	288	765	  1	
199	328	765	  1	
199	335	765	  1	
200	 16	765	  1	
200	 22	765	  1	
200	 93	765	  1	
200	104	765	  1	
200	152	765	  1	
200	216	765	  1	
200	240	765	  1	
200	353	765	  1	
200	422	765	  1	
202	295	765	  1	
203	128	765	  1	
203	232	765	  1	
203	248	765	  1	
203	255	765	  1	
204	166	765	  1	
204	352	765	  1	
204	480	765	  1	
205	  7	765	  1	
205	 88	765	  1	
206	155	765	  1	
206	373	765	  1	
207	160	765	  1	
207	358	765	  1	
207	436	765	  1	
208	 54	765	  1	
208	102	765	  1	
208	110	765	  1	
208	119	765	  1	
208	149	765	  1	
208	198	765	  1	
208	271	765	  1	
208	335	765	  1	
209	365	765	  1	
210	144	765	  1	
210	173	765	  1	
211	188	765	  1	
211	255	765	  1	
211	328	765	  1	
211	343	765	  1	
212	 95	765	  1	
213	 74	765	  1	
213	 79	765	  1	
213	107	765	  1	
213	160	765	  1	
213	200	765	  1	
213	280	765	  1	
213	336	765	  1	
214	 97	765	  1	
214	149	765	  1	
215	 54	765	  1	
215	119	765	  1	
215	192	765	  1	
215	248	765	  1	
216	 47	765	  1	
216	 64	765	  1	
216	 68	765	  1	
216	103	765	  1	
216	153	765	  1	
216	215	765	  1	
216	224	765	  1	
216	246	765	  1	
216	251	765	  1	
216	271	765	  1	
216	305	765	  1	
216	311	765	  1	
216	313	765	  1	
216	370	765	  1	
216	400	765	  1	
216	503	765	  1	
218	  2	765	  1	
218	144	765	  1	
219	  7	765	  1	
219	168	765	  1	
219	302	765	  1	
220	 83	765	  1	
220	 89	765	  1	
220	305	765	  1	
220	363	765	  1	
221	227	765	  1	
221	312	765	  1	
221	319	765	  1	
222	174	765	  1	
222	210	765	  1	
222	371	765	  1	
222	457	765	  1	
223	 55	765	  1	
223	144	765	  1	
223	246	765	  1	
223	311	765	  1	
223	375	765	  1	
223	448	765	  1	
223	464	765	  1	
223	478	765	  1	
224	 48	765	  1	
224	 92	765	  1	
224	128	765	  1	
224	139	765	  1	
224	192	765	  1	
224	269	765	  1	
224	320	765	  1	
224	327	765	  1	
224	376	765	  1	
224	389	765	  1	
225	381	765	  1	
226	 60	765	  1	
226	304	765	  1	
226	406	765	  1	
226	472	765	  1	
227	 80	765	  1	
227	175	765	  1	
228	213	765	  1	
228	390	765	  1	
229	 99	765	  1	
229	167	765	  1	
229	426	765	  1	
229	431	765	  1	
229	464	765	  1	
230	 89	765	  1	
230	264	765	  1	
231	151	765	  1	
231	308	765	  1	
231	323	765	  1	
232	  0	765	  1	
232	  4	765	  1	
232	  8	765	  1	
232	 32	765	  1	
232	 71	765	  1	
232	 93	765	  1	
232	104	765	  1	
232	144	765	  1	
232	183	765	  1	
232	208	765	  1	
232	215	765	  1	
232	221	765	  1	
232	240	765	  1	
232	274	765	  1	
232	295	765	  1	
232	304	765	  1	
232	383	765	  1	
232	440	765	  1	
233	152	765	  1	
234	 12	765	  1	
235	 56	765	  1	
235	405	765	  1	
237	  8	765	  1	
237	110	765	  1	
237	167	765	  1	
237	368	765	  1	
237	376	765	  1	
237	474	765	  1	
238	 27	765	  1	
238	 71	765	  1	
238	295	765	  1	
239	 67	765	  1	
239	145	765	  1	
239	149	765	  1	
239	175	765	  1	
239	179	765	  1	
239	266	765	  1	
239	277	765	  1	
239	311	765	  1	
239	383	765	  1	
239	391	765	  1	
239	400	765	  1	
239	506	765	  1	
240	 39	765	  1	
240	 56	765	  1	
240	 87	765	  1	
240	 98	765	  1	
240	120	765	  1	
240	124	765	  1	
240	244	765	  1	
240	312	765	  1	
240	347	765	  1	
240	364	765	  1	
240	371	765	  1	
240	441	765	  1	
240	456	765	  1	
241	229	765	  1	
241	240	765	  1	
242	 62	765	  1	
242	217	765	  1	
242	344	765	  1	
242	381	765	  1	
243	375	765	  1	
244	348	765	  1	
245	 61	765	  1	
245	224	765	  1	
245	251	765	  1	
245	365	765	  1	
245	370	765	  1	
245	400	765	  1	
245	407	765	  1	
246	200	765	  1	
246	243	765	  1	
246	259	765	  1	
246	263	765	  1	
247	184	765	  1	
247	344	765	  1	
247	441	765	  1	
247	463	765	  1	
248	  3	765	  1	
248	 40	765	  1	
248	 46	765	  1	
248	 80	765	  1	
248	100	765	  1	
248	112	765	  1	
248	136	765	  1	
248	142	765	  1	
248	208	765	  1	
248	232	765	  1	
248	260	765	  1	
248	287	765	  1	
248	304	765	  1	
248	351	765	  1	
248	368	765	  1	
248	416	765	  1	
248	423	765	  1	
248	540	765	  1	
248	592	765	  1	
250	 86	765	  1	
251	 43	765	  1	
251	176	765	  1	
251	190	765	  1	
251	248	765	  1	
251	255	765	  1	
251	599	765	  1	
253	  8	765	  1	
253	136	765	  1	
253	143	765	  1	
253	251	765	  1	
253	264	765	  1	
254	 13	765	  1	
254	 80	765	  1	
254	104	765	  1	
254	309	765	  1	
254	317	765	  1	
254	536	765	  1	
255	 31	765	  1	
255	255	765	  1	
255	347	765	  1	
255	368	765	  1	
255	419	765	  1	
255	592	765	  1	
256	  0	765	  1	
256	 88	765	  1	
256	152	765	  1	
256	175	765	  1	
256	216	765	  1	
256	226	765	  1	
256	496	765	  1	
256	591	765	  1	
258	493	765	  1	
259	  7	765	  1	
259	126	765	  1	
259	416	765	  1	
259	488	765	  1	
260	 24	765	  1	
260	240	765	  1	
260	462	765	  1	
261	 63	765	  1	
261	117	765	  1	
261	279	765	  1	
262	438	765	  1	
263	152	765	  1	
263	208	765	  1	
263	428	765	  1	
263	496	765	  1	
264	 48	765	  1	
264	 55	765	  1	
264	 75	765	  1	
264	140	765	  1	
264	175	765	  1	
264	256	765	  1	
264	263	765	  1	
264	312	765	  1	
264	341	765	  1	
264	381	765	  1	
264	392	765	  1	
264	396	765	  1	
264	400	765	  1	
264	504	765	  1	
264	523	765	  1	
265	128	765	  1	
265	183	765	  1	
267	 30	765	  1	
267	247	765	  1	
267	407	765	  1	
267	509	765	  1	
268	422	765	  1	
269	144	765	  1	
269	159	765	  1	
269	336	765	  1	
270	 98	765	  1	
270	240	765	  1	
270	464	765	  1	
270	471	765	  1	
270	479	765	  1	
271	 51	765	  1	
271	176	765	  1	
271	183	765	  1	
271	319	765	  1	
271	424	765	  1	
271	431	765	  1	
271	456	765	  1	
272	 23	765	  1	
272	 45	765	  1	
272	 72	765	  1	
272	 79	765	  1	
272	124	765	  1	
272	168	765	  1	
272	199	765	  1	
272	232	765	  1	
272	296	765	  1	
272	330	765	  1	
272	352	765	  1	
272	398	765	  1	
272	402	765	  1	
272	414	765	  1	
272	443	765	  1	
273	135	765	  1	
273	270	765	  1	
274	120	765	  1	
274	157	765	  1	
274	180	765	  1	
274	294	765	  1	
275	124	765	  1	
275	192	765	  1	
275	207	765	  1	
277	478	765	  1	
277	520	765	  1	
277	527	765	  1	
278	 75	765	  1	
278	311	765	  1	
278	344	765	  1	
278	402	765	  1	
278	415	765	  1	
278	446	765	  1	
279	131	765	  1	
279	152	765	  1	
279	199	765	  1	
279	232	765	  1	
279	398	765	  1	
280	  1	765	  1	
280	 39	765	  1	
280	133	765	  1	
280	163	765	  1	
280	191	765	  1	
280	200	765	  1	
280	244	765	  1	
280	259	765	  1	
280	272	765	  1	
280	319	765	  1	
280	414	765	  1	
280	424	765	  1	
280	462	765	  1	
280	496	765	  1	
280	562	765	  1	
280	567	765	  1	
281	256	765	  1	
282	240	765	  1	
282	342	765	  1	
282	367	765	  1	
282	456	765	  1	
283	403	765	  1	
283	408	765	  1	
283	544	765	  1	
284	245	765	  1	
285	352	765	  1	
285	359	765	  1	
285	429	765	  1	
285	536	765	  1	
286	 34	765	  1	
286	 47	765	  1	
286	220	765	  1	
286	336	765	  1	
286	392	765	  1	
286	562	765	  1	
287	 72	765	  1	
287	199	765	  1	
287	207	765	  1	
287	240	765	  1	
287	256	765	  1	
287	288	765	  1	
287	303	765	  1	
287	311	765	  1	
287	567	765	  1	
287	599	765	  1	
288	  8	765	  1	
288	 45	765	  1	
288	 80	765	  1	
288	 94	765	  1	
288	 99	765	  1	
288	105	765	  1	
288	114	765	  1	
288	120	765	  1	
288	148	765	  1	
288	157	765	  1	
288	175	765	  1	
288	187	765	  1	
288	232	765	  1	
288	248	765	  1	
288	304	765	  1	
288	319	765	  1	
288	322	765	  1	
288	327	765	  1	
288	351	765	  1	
288	360	765	  1	
288	370	765	  1	
288	400	765	  1	
288	472	765	  1	
288	512	765	  1	
288	519	765	  1	
288	533	765	  1	
288	544	765	  1	
289	  2	765	  1	
289	253	765	  1	
290	202	765	  1	
290	417	765	  1	
291	128	765	  1	
291	168	765	  1	
291	479	765	  1	
291	551	765	  1	
292	406	765	  1	
293	 39	765	  1	
293	166	765	  1	
293	191	765	  1	
293	248	765	  1	
294	 46	765	  1	
294	 95	765	  1	
294	315	765	  1	
294	496	765	  1	
295	175	765	  1	
295	472	765	  1	
295	480	765	  1	
295	544	765	  1	
296	  0	765	  1	
296	 48	765	  1	
296	 59	765	  1	
296	 67	765	  1	
296	 72	765	  1	
296	 80	765	  1	
296	 87	765	  1	
296	197	765	  1	
296	309	765	  1	
296	382	765	  1	
296	567	765	  1	
297	544	765	  1	
298	 55	765	  1	
298	152	765	  1	
298	224	765	  1	
298	556	765	  1	
299	208	765	  1	
299	220	765	  1	
299	296	765	  1	
300	366	765	  1	
300	400	765	  1	
301	  3	765	  1	
301	 56	765	  1	
301	246	765	  1	
301	350	765	  1	
301	379	765	  1	
302	158	765	  1	
302	175	765	  1	
302	360	765	  1	
303	 48	765	  1	
303	214	765	  1	
303	327	765	  1	
303	375	765	  1	
303	414	765	  1	
304	  0	765	  1	
304	 27	765	  1	
304	 34	765	  1	
304	181	765	  1	
304	285	765	  1	
304	336	765	  1	
304	343	765	  1	
304	480	765	  1	
304	487	765	  1	
304	502	765	  1	
304	536	765	  1	
305	 14	765	  1	
307	 32	765	  1	
307	 39	765	  1	
307	 68	765	  1	
307	200	765	  1	
307	232	765	  1	
307	368	765	  1	
307	483	765	  1	
308	 86	765	  1	
308	309	765	  1	
309	 51	765	  1	
309	 79	765	  1	
309	224	765	  1	
309	291	765	  1	
309	359	765	  1	
309	463	765	  1	
311	 24	765	  1	
311	480	765	  1	
311	487	765	  1	
311	568	765	  1	
312	  7	765	  1	
312	 20	765	  1	
312	 88	765	  1	
312	114	765	  1	
312	123	765	  1	
312	165	765	  1	
312	251	765	  1	
312	264	765	  1	
312	285	765	  1	
312	332	765	  1	
312	360	765	  1	
312	367	765	  1	
312	374	765	  1	
312	384	765	  1	
313	  0	765	  1	
314	 94	765	  1	
314	358	765	  1	
315	128	765	  1	
315	144	765	  1	
315	176	765	  1	
315	275	765	  1	
315	328	765	  1	
315	391	765	  1	
316	126	765	  1	
316	363	765	  1	
317	 14	765	  1	
317	 23	765	  1	
317	 32	765	  1	
317	 79	765	  1	
317	192	765	  1	
317	208	765	  1	
317	215	765	  1	
317	342	765	  1	
317	455	765	  1	
318	 88	765	  1	
318	352	765	  1	
319	 55	765	  1	
319	264	765	  1	
319	368	765	  1	
319	384	765	  1	
320	  0	765	  1	
320	 24	765	  1	
320	 76	765	  1	
320	 93	765	  1	
320	104	765	  1	
320	141	765	  1	
320	156	765	  1	
320	237	765	  1	
320	256	765	  1	
320	292	765	  1	
320	302	765	  1	
320	400	765	  1	
320	552	765	  1	
320	583	765	  1	
321	194	765	  1	
322	 29	765	  1	
322	136	765	  1	
322	208	765	  1	
322	336	765	  1	
323	 45	765	  1	
323	120	765	  1	
323	174	765	  1	
323	384	765	  1	
323	520	765	  1	
324	199	765	  1	
324	344	765	  1	
324	501	765	  1	
325	112	765	  1	
325	144	765	  1	
325	214	765	  1	
325	299	765	  1	
325	304	765	  1	
326	  0	765	  1	
326	 24	765	  1	
326	342	765	  1	
326	351	765	  1	
326	491	765	  1	
327	126	765	  1	
327	200	765	  1	
327	209	765	  1	
327	451	765	  1	
328	 39	765	  1	
328	 82	765	  1	
328	120	765	  1	
328	128	765	  1	
328	152	765	  1	
328	159	765	  1	
328	168	765	  1	
328	187	765	  1	
328	256	765	  1	
328	263	765	  1	
328	277	765	  1	
328	315	765	  1	
328	320	765	  1	
328	354	765	  1	
328	420	765	  1	
328	461	765	  1	
330	 15	765	  1	
330	216	765	  1	
330	223	765	  1	
331	 32	765	  1	
331	 96	765	  1	
331	365	765	  1	
333	  8	765	  1	
333	 64	765	  1	
333	104	765	  1	
333	122	765	  1	
333	416	765	  1	
334	334	765	  1	
335	 39	765	  1	
335	184	765	  1	
335	191	765	  1	
335	259	765	  1	
336	  7	765	  1	
336	 16	765	  1	
336	 59	765	  1	
336	 90	765	  1	
336	144	765	  1	
336	192	765	  1	
336	199	765	  1	
336	232	765	  1	
336	247	765	  1	
336	288	765	  1	
336	296	765	  1	
336	314	765	  1	
336	424	765	  1	
336	432	765	  1	
336	439	765	  1	
336	487	765	  1	
336	535	765	  1	
337	397	765	  1	
338	128	765	  1	
338	206	765	  1	
338	267	765	  1	
338	310	765	  1	
338	327	765	  1	
339	239	765	  1	
339	400	765	  1	
339	528	765	  1	
340	195	765	  1	
340	296	765	  1	
341	 54	765	  1	
341	152	765	  1	
341	384	765	  1	
341	389	765	  1	
342	134	765	  1	
342	168	765	  1	
342	200	765	  1	
342	304	765	  1	
342	319	765	  1	
342	392	765	  1	
342	427	765	  1	
342	476	765	  1	
342	483	765	  1	
343	 40	765	  1	
343	232	765	  1	
343	535	765	  1	
344	 11	765	  1	
344	 24	765	  1	
344	 39	765	  1	
344	 68	765	  1	
344	183	765	  1	
344	206	765	  1	
344	224	765	  1	
344	272	765	  1	
344	287	765	  1	
344	376	765	  1	
344	440	765	  1	
344	528	765	  1	
346	 30	765	  1	
346	347	765	  1	
346	392	765	  1	
347	 48	765	  1	
347	320	765	  1	
348	280	765	  1	
349	 59	765	  1	
349	160	765	  1	
349	203	765	  1	
349	230	765	  1	
349	400	765	  1	
350	 24	765	  1	
350	263	765	  1	
350	368	765	  1	
351	 39	765	  1	
351	166	765	  1	
351	179	765	  1	
351	479	765	  1	
352	 18	765	  1	
352	 83	765	  1	
352	 99	765	  1	
352	112	765	  1	
352	117	765	  1	
352	133	765	  1	
352	138	765	  1	
352	143	765	  1	
352	171	765	  1	
352	194	765	  1	
352	198	765	  1	
352	240	765	  1	
352	246	765	  1	
352	255	765	  1	
352	279	765	  1	
352	288	765	  1	
352	299	765	  1	
352	310	765	  1	
352	314	765	  1	
352	336	765	  1	
352	432	765	  1	
352	440	765	  1	
353	400	765	  1	
354	263	765	  1	
354	282	765	  1	
354	304	765	  1	
355	 24	765	  1	
355	283	765	  1	
355	295	765	  1	
355	439	765	  1	
355	498	765	  1	
357	 72	765	  1	
357	104	765	  1	
357	168	765	  1	
357	258	765	  1	
357	350	765	  1	
357	373	765	  1	
357	376	765	  1	
357	395	765	  1	
357	455	765	  1	
358	511	765	  1	
359	 48	765	  1	
359	251	765	  1	
359	288	765	  1	
359	304	765	  1	
359	432	765	  1	
359	447	765	  1	
359	479	765	  1	
360	 29	765	  1	
360	175	765	  1	
360	213	765	  1	
360	308	765	  1	
360	318	765	  1	
360	328	765	  1	
360	334	765	  1	
361	277	765	  1	
362	 24	765	  1	
362	192	765	  1	
362	232	765	  1	
363	136	765	  1	
363	296	765	  1	
363	400	765	  1	
363	448	765	  1	
364	175	765	  1	
364	411	765	  1	
365	 96	765	  1	
365	199	765	  1	
365	208	765	  1	
366	 30	765	  1	
366	240	765	  1	
366	256	765	  1	
367	120	765	  1	
367	168	765	  1	
367	284	765	  1	
367	287	765	  1	
367	455	765	  1	
367	544	765	  1	
368	 13	765	  1	
368	 18	765	  1	
368	 23	765	  1	
368	 27	765	  1	
368	 59	765	  1	
368	 87	765	  1	
368	112	765	  1	
368	129	765	  1	
368	290	765	  1	
368	298	765	  1	
368	319	765	  1	
368	336	765	  1	
368	341	765	  1	
368	368	765	  1	
368	375	765	  1	
368	389	765	  1	
368	431	765	  1	
369	 31	765	  1	
369	288	765	  1	
370	249	765	  1	
371	 19	765	  1	
371	135	765	  1	
371	283	765	  1	
371	311	765	  1	
372	336	765	  1	
373	103	765	  1	
373	255	765	  1	
374	130	765	  1	
374	224	765	  1	
375	 56	765	  1	
375	171	765	  1	
375	248	765	  1	
375	304	765	  1	
375	368	765	  1	
375	375	765	  1	
376	  0	765	  1	
376	  7	765	  1	
376	 16	765	  1	
376	 23	765	  1	
376	 53	765	  1	
376	 80	765	  1	
376	109	765	  1	
376	120	765	  1	
376	144	765	  1	
376	149	765	  1	
376	160	765	  1	
376	164	765	  1	
376	204	765	  1	
376	221	765	  1	
376	322	765	  1	
376	327	765	  1	
376	400	765	  1	
378	 64	765	  1	
378	126	765	  1	
378	311	765	  1	
379	 87	765	  1	
381	 31	765	  1	
381	200	765	  1	
381	312	765	  1	
382	 80	765	  1	
382	120	765	  1	
382	128	765	  1	
383	168	765	  1	
383	216	765	  1	
383	306	765	  1	
384	 72	765	  1	
384	192	765	  1	
384	196	765	  1	
384	205	765	  1	
384	228	765	  1	
384	247	765	  1	
384	284	765	  1	
384	313	765	  1	
385	133	765	  1	
387	 94	765	  1	
387	104	765	  1	
387	344	765	  1	
388	144	765	  1	
388	334	765	  1	
389	168	765	  1	
389	192	765	  1	
390	149	765	  1	
390	240	765	  1	
391	280	765	  1	
392	 47	765	  1	
392	 53	765	  1	
392	 58	765	  1	
392	 97	765	  1	
392	157	765	  1	
392	184	765	  1	
392	487	765	  1	
392	495	765	  1	
392	556	765	  1	
394	190	765	  1	
395	 40	765	  1	
395	126	765	  1	
395	200	765	  1	
395	284	765	  1	
396	 30	765	  1	
396	285	765	  1	
397	 16	765	  1	
397	 29	765	  1	
397	 88	765	  1	
397	152	765	  1	
398	 99	765	  1	
398	184	765	  1	
399	 47	765	  1	
399	168	765	  1	
400	  6	765	  1	
400	 29	765	  1	
400	 81	765	  1	
400	107	765	  1	
400	135	765	  1	
400	139	765	  1	
400	149	765	  1	
400	191	765	  1	
400	297	765	  1	
400	407	765	  1	
402	 88	765	  1	
402	224	765	  1	
403	  0	765	  1	
403	 64	765	  1	
403	309	765	  1	
403	400	765	  1	
404	 24	765	  1	
404	150	765	  1	
404	272	765	  1	
405	198	765	  1	
405	287	765	  1	
406	296	765	  1	
407	 22	765	  1	
407	135	765	  1	
407	277	765	  1	
407	283	765	  1	
407	306	765	  1	
407	407	765	  1	
408	  8	765	  1	
408	 37	765	  1	
408	 48	765	  1	
408	 64	765	  1	
408	 77	765	  1	
408	152	765	  1	
408	155	765	  1	
408	161	765	  1	
408	167	765	  1	
408	170	765	  1	
408	187	765	  1	
408	256	765	  1	
408	350	765	  1	
408	423	765	  1	
408	440	765	  1	
410	 32	765	  1	
411	384	765	  1	
412	150	765	  1	
412	423	765	  1	
412	487	765	  1	
413	 70	765	  1	
413	128	765	  1	
414	120	765	  1	
414	144	765	  1	
414	152	765	  1	
415	235	765	  1	
415	480	765	  1	
416	  3	765	  1	
416	 51	765	  1	
416	 75	765	  1	
416	 82	765	  1	
416	 87	765	  1	
416	109	765	  1	
416	119	765	  1	
416	139	765	  1	
416	182	765	  1	
416	213	765	  1	
416	221	765	  1	
416	364	765	  1	
416	384	765	  1	
417	103	765	  1	
418	 48	765	  1	
418	134	765	  1	
418	317	765	  1	
419	 34	765	  1	
419	 64	765	  1	
419	271	765	  1	
419	312	765	  1	
419	360	765	  1	
421	179	765	  1	
422	110	765	  1	
422	128	765	  1	
423	 53	765	  1	
423	384	765	  1	
424	 16	765	  1	
424	 64	765	  1	
424	232	765	  1	
424	239	765	  1	
424	382	765	  1	
424	398	765	  1	
424	432	765	  1	
424	496	765	  1	
426	190	765	  1	
426	351	765	  1	
427	  6	765	  1	
427	376	765	  1	
429	344	765	  1	
430	152	765	  1	
430	296	765	  1	
430	331	765	  1	
431	 32	765	  1	
431	176	765	  1	
431	235	765	  1	
431	432	765	  1	
432	 67	765	  1	
432	104	765	  1	
432	128	765	  1	
432	135	765	  1	
432	207	765	  1	
432	221	765	  1	
432	253	765	  1	
432	256	765	  1	
432	365	765	  1	
432	368	765	  1	
432	372	765	  1	
432	389	765	  1	
434	 13	765	  1	
434	144	765	  1	
434	184	765	  1	
434	240	765	  1	
434	272	765	  1	
434	360	765	  1	
435	 56	765	  1	
435	192	765	  1	
435	351	765	  1	
436	216	765	  1	
436	220	765	  1	
437	148	765	  1	
437	264	765	  1	
438	 71	765	  1	
438	365	765	  1	
438	373	765	  1	
438	384	765	  1	
439	275	765	  1	
439	368	765	  1	
439	471	765	  1	
440	 22	765	  1	
440	 57	765	  1	
440	 64	765	  1	
440	106	765	  1	
440	216	765	  1	
440	287	765	  1	
441	272	765	  1	
443	199	765	  1	
443	223	765	  1	
443	423	765	  1	
444	363	765	  1	
444	399	765	  1	
445	131	765	  1	
445	170	765	  1	
446	 58	765	  1	
447	  8	765	  1	
447	 15	765	  1	
447	 22	765	  1	
447	 67	765	  1	
447	216	765	  1	
447	273	765	  1	
448	  0	765	  1	
448	  7	765	  1	
448	 74	765	  1	
448	 85	765	  1	
448	101	765	  1	
448	112	765	  1	
448	150	765	  1	
448	240	765	  1	
448	311	765	  1	
448	323	765	  1	
448	399	765	  1	
450	384	765	  1	
452	  3	765	  1	
452	136	765	  1	
452	542	765	  1	
453	 96	765	  1	
453	124	765	  1	
453	147	765	  1	
453	184	765	  1	
453	191	765	  1	
455	112	765	  1	
455	141	765	  1	
455	319	765	  1	
455	323	765	  1	
455	485	765	  1	
456	 11	765	  1	
456	 16	765	  1	
456	 71	765	  1	
456	 88	765	  1	
456	137	765	  1	
456	203	765	  1	
456	269	765	  1	
456	280	765	  1	
456	287	765	  1	
456	336	765	  1	
456	415	765	  1	
456	472	765	  1	
458	 94	765	  1	
458	154	765	  1	
458	216	765	  1	
459	159	765	  1	
460	162	765	  1	
461	 46	765	  1	
461	 80	765	  1	
461	112	765	  1	
461	119	765	  1	
462	264	765	  1	
463	472	765	  1	
464	  2	765	  1	
464	  8	765	  1	
464	 15	765	  1	
464	 24	765	  1	
464	 32	765	  1	
464	106	765	  1	
464	120	765	  1	
464	178	765	  1	
464	211	765	  1	
464	248	765	  1	
464	306	765	  1	
464	311	765	  1	
464	349	765	  1	
464	467	765	  1	
466	 38	765	  1	
467	 54	765	  1	
467	 96	765	  1	
468	110	765	  1	
469	 72	765	  1	
470	 48	765	  1	
470	493	765	  1	
471	104	765	  1	
471	128	765	  1	
471	318	765	  1	
471	349	765	  1	
471	464	765	  1	
471	504	765	  1	
472	  3	765	  1	
472	 17	765	  1	
472	 22	765	  1	
472	 35	765	  1	
472	 82	765	  1	
472	141	765	  1	
472	261	765	  1	
472	279	765	  1	
472	287	765	  1	
472	328	765	  1	
472	380	765	  1	
472	511	765	  1	
474	 44	765	  1	
475	 48	765	  1	
477	 55	765	  1	
477	274	765	  1	
477	310	765	  1	
477	376	765	  1	
478	112	765	  1	
478	335	765	  1	
479	 83	765	  1	
479	134	765	  1	
480	 11	765	  1	
480	 45	765	  1	
480	 67	765	  1	
480	 88	765	  1	
480	 94	765	  1	
480	208	765	  1	
480	216	765	  1	
480	234	765	  1	
480	245	765	  1	
480	288	765	  1	
480	296	765	  1	
480	338	765	  1	
482	136	765	  1	
482	336	765	  1	
483	119	765	  1	
483	223	765	  1	
483	295	765	  1	
483	407	765	  1	
484	343	765	  1	
485	 32	765	  1	
485	302	765	  1	
486	 54	765	  1	
486	 66	765	  1	
486	208	765	  1	
487	128	765	  1	
487	216	765	  1	
487	288	765	  1	
487	340	765	  1	
488	  3	765	  1	
488	  8	765	  1	
488	 72	765	  1	
488	 84	765	  1	
488	195	765	  1	
488	240	765	  1	
488	252	765	  1	
488	280	765	  1	
488	286	765	  1	
488	296	765	  1	
488	306	765	  1	
488	567	765	  1	
489	264	765	  1	
490	 79	765	  1	
490	283	765	  1	
491	101	765	  1	
493	 72	765	  1	
493	144	765	  1	
493	246	765	  1	
493	304	765	  1	
493	311	765	  1	
493	344	765	  1	
494	111	765	  1	
494	280	765	  1	
494	287	765	  1	
495	 96	765	  1	
495	192	765	  1	
495	199	765	  1	
495	296	765	  1	
496	  8	765	  1	
496	 15	765	  1	
496	 59	765	  1	
496	 80	765	  1	
496	151	765	  1	
496	160	765	  1	
496	175	765	  1	
496	221	765	  1	
496	248	765	  1	
496	254	765	  1	
496	262	765	  1	
496	274	765	  1	
496	291	765	  1	
496	302	765	  1	
496	312	765	  1	
496	320	765	  1	
496	440	765	  1	
497	298	765	  1	
498	 85	765	  1	
498	280	765	  1	
499	125	765	  1	
499	216	765	  1	
500	325	765	  1	
501	  9	765	  1	
501	 88	765	  1	
501	251	765	  1	
501	259	765	  1	
501	272	765	  1	
502	105	765	  1	
502	286	765	  1	
502	303	765	  1	
502	394	765	  1	
502	535	765	  1	
503	132	765	  1	
503	147	765	  1	
503	224	765	  1	
504	 40	765	  1	
504	 47	765	  1	
504	 64	765	  1	
504	162	765	  1	
504	176	765	  1	
504	189	765	  1	
504	216	765	  1	
504	280	765	  1	
504	327	765	  1	
504	337	765	  1	
504	342	765	  1	
504	358	765	  1	
506	184	765	  1	
506	352	765	  1	
507	223	765	  1	
507	264	765	  1	
507	296	765	  1	
507	344	765	  1	
508	284	765	  1	
509	 80	765	  1	
509	177	765	  1	
509	338	765	  1	
509	343	765	  1	
510	183	765	  1	
510	189	765	  1	
511	167	765	  1	
511	216	765	  1	
511	356	765	  1	
511	485	765	  1	
512	 57	765	  1	
512	 72	765	  1	
512	 99	765	  1	
512	112	765	  1	
512	119	765	  1	
512	127	765	  1	
512	136	765	  1	
512	142	765	  1	
512	211	765	  1	
512	274	765	  1	
512	279	765	  1	
512	347	765	  1	
512	535	765	  1	
514	239	765	  1	
514	328	765	  1	
514	335	765	  1	
514	559	765	  1	
515	160	765	  1	
515	231	765	  1	
516	 23	765	  1	
516	115	765	  1	
516	286	765	  1	
516	350	765	  1	
517	 88	765	  1	
517	344	765	  1	
517	360	765	  1	
518	144	765	  1	
519	 16	765	  1	
520	 77	765	  1	
520	200	765	  1	
520	253	765	  1	
520	260	765	  1	
520	336	765	  1	
520	557	765	  1	
521	 48	765	  1	
521	328	765	  1	
521	398	765	  1	
523	205	765	  1	
523	264	765	  1	
524	149	765	  1	
525	 32	765	  1	
525	 54	765	  1	
525	112	765	  1	
525	171	765	  1	
525	392	765	  1	
526	397	765	  1	
527	 16	765	  1	
527	144	765	  1	
528	 58	765	  1	
528	 80	765	  1	
528	123	765	  1	
528	138	765	  1	
528	155	765	  1	
528	195	765	  1	
528	208	765	  1	
528	216	765	  1	
528	227	765	  1	
528	316	765	  1	
528	340	765	  1	
528	366	765	  1	
528	424	765	  1	
529	124	765	  1	
530	 86	765	  1	
530	110	765	  1	
530	582	765	  1	
531	215	765	  1	
531	293	765	  1	
531	376	765	  1	
532	 63	765	  1	
533	 56	765	  1	
533	 70	765	  1	
533	120	765	  1	
533	230	765	  1	
533	254	765	  1	
533	400	765	  1	
534	 80	765	  1	
534	127	765	  1	
534	134	765	  1	
534	318	765	  1	
534	333	765	  1	
534	383	765	  1	
535	143	765	  1	
535	192	765	  1	
535	199	765	  1	
535	208	765	  1	
536	 24	765	  1	
536	 78	765	  1	
536	129	765	  1	
536	176	765	  1	
536	216	765	  1	
536	237	765	  1	
537	184	765	  1	
538	 31	765	  1	
538	222	765	  1	
539	 59	765	  1	
539	 88	765	  1	
539	123	765	  1	
539	136	765	  1	
539	183	765	  1	
540	  9	765	  1	
541	110	765	  1	
541	232	765	  1	
541	387	765	  1	
542	 72	765	  1	
542	216	765	  1	
542	515	765	  1	
543	 26	765	  1	
543	399	765	  1	
544	 80	765	  1	
544	 86	765	  1	
544	112	765	  1	
544	125	765	  1	
544	139	765	  1	
544	144	765	  1	
544	151	765	  1	
544	171	765	  1	
544	203	765	  1	
544	207	765	  1	
544	209	765	  1	
544	215	765	  1	
544	236	765	  1	
544	256	765	  1	
544	262	765	  1	
544	352	765	  1	
544	371	765	  1	
544	426	765	  1	
546	119	765	  1	
547	 78	765	  1	
547	 96	765	  1	
547	240	765	  1	
547	302	765	  1	
548	120	765	  1	
548	143	765	  1	
548	472	765	  1	
549	132	765	  1	
549	152	765	  1	
549	259	765	  1	
549	431	765	  1	
550	  7	765	  1	
550	119	765	  1	
550	208	765	  1	
551	168	765	  1	
551	175	765	  1	
551	357	765	  1	
552	 66	765	  1	
552	 72	765	  1	
552	 93	765	  1	
552	109	765	  1	
552	114	765	  1	
552	224	765	  1	
552	341	765	  1	
553	128	765	  1	
554	 11	765	  1	
554	213	765	  1	
554	228	765	  1	
554	336	765	  1	
555	184	765	  1	
555	424	765	  1	
556	236	765	  1	
557	112	765	  1	
557	119	765	  1	
558	133	765	  1	
558	342	765	  1	
558	547	765	  1	
559	 66	765	  1	
559	 72	765	  1	
559	171	765	  1	
559	193	765	  1	
559	200	765	  1	
559	214	765	  1	
559	384	765	  1	
559	407	765	  1	
559	431	765	  1	
559	448	765	  1	
560	120	765	  1	
560	124	765	  1	
560	144	765	  1	
560	155	765	  1	
560	176	765	  1	
560	199	765	  1	
560	304	765	  1	
560	328	765	  1	
560	363	765	  1	
560	402	765	  1	
562	208	765	  1	
563	168	765	  1	
563	279	765	  1	
563	344	765	  1	
563	406	765	  1	
564	213	765	  1	
564	432	765	  1	
565	 28	765	  1	
565	182	765	  1	
567	144	765	  1	
567	208	765	  1	
567	286	765	  1	
567	304	765	  1	
567	360	765	  1	
567	367	765	  1	
567	402	765	  1	
567	437	765	  1	
568	 71	765	  1	
568	 86	765	  1	
568	170	765	  1	
568	215	765	  1	
568	296	765	  1	
568	316	765	  1	
568	320	765	  1	
568	394	765	  1	
568	430	765	  1	
569	192	765	  1	
569	199	765	  1	
571	  0	765	  1	
571	112	765	  1	
571	303	765	  1	
572	136	765	  1	
574	142	765	  1	
574	500	765	  1	
575	182	765	  1	
575	296	765	  1	
575	430	765	  1	
576	107	765	  1	
576	125	765	  1	
576	223	765	  1	
576	240	765	  1	
576	269	765	  1	
576	351	765	  1	
576	427	765	  1	
577	304	765	  1	
577	311	765	  1	
578	120	765	  1	
578	215	765	  1	
578	247	765	  1	
578	256	765	  1	
578	320	765	  1	
579	168	765	  1	
579	175	765	  1	
579	224	765	  1	
580	208	765	  1	
580	343	765	  1	
581	  0	765	  1	
582	104	765	  1	
582	126	765	  1	
582	240	765	  1	
582	326	765	  1	
583	424	765	  1	
583	431	765	  1	
584	 80	765	  1	
584	 92	765	  1	
584	192	765	  1	
584	257	765	  1	
584	263	765	  1	
584	300	765	  1	
584	368	765	  1	
585	240	765	  1	
586	109	765	  1	
587	 10	765	  1	
587	280	765	  1	
587	312	765	  1	
588	110	765	  1	
589	103	765	  1	
589	210	765	  1	
589	338	765	  1	
590	245	765	  1	
590	375	765	  1	
591	320	765	  1	
592	115	765	  1	
592	220	765	  1	
592	224	765	  1	
592	233	765	  1	
592	272	765	  1	
592	285	765	  1	
592	319	765	  1	
592	376	765	  1	
592	389	765	  1	
592	392	765	  1	
592	432	765	  1	
592	444	765	  1	
592	456	765	  1	
592	491	765	  1	
593	208	765	  1	
593	215	765	  1	
594	175	765	  1	
595	105	765	  1	
595	266	765	  1	
596	 95	765	  1	
596	232	765	  1	
596	271	765	  1	
597	110	765	  1	
597	261	765	  1	
597	284	765	  1	
597	375	765	  1	
598	 88	765	  1	
598	239	765	  1	
598	314	765	  1	
598	463	765	  1	
599	  0	765	  1	
599	 50	765	  1	
599	360	765	  1	
599	389	765	  1	
600	 63	765	  1	
600	 71	765	  1	
600	103	765	  1	
600	120	765	  1	
600	168	765	  1	
600	175	765	  1	
600	208	765	  1	
600	214	765	  1	
600	267	765	  1	
600	296	765	  1	
600	307	765	  1	
600	320	765	  1	
601	400	765	  1	
602	 52	765	  1	
602	 64	765	  1	
602	135	765	  1	
603	  0	765	  1	
603	 96	765	  1	
604	280	765	  1	
604	287	765	  1	
605	143	765	  1	
605	256	765	  1	
605	343	765	  1	
605	406	765	  1	
606	101	765	  1	
606	242	765	  1	
606	371	765	  1	
607	 71	765	  1	
607	171	765	  1	
607	208	765	  1	
608	  3	765	  1	
608	207	765	  1	
608	218	765	  1	
608	227	765	  1	
608	232	765	  1	
608	301	765	  1	
608	344	765	  1	
608	351	765	  1	
608	368	765	  1	
608	422	765	  1	
610	 21	765	  1	
611	200	765	  1	
611	296	765	  1	
611	375	765	  1	
612	 69	765	  1	
612	320	765	  1	
613	114	765	  1	
613	259	765	  1	
613	280	765	  1	
613	360	765	  1	
613	367	765	  1	
613	487	765	  1	
613	588	765	  1	
614	133	765	  1	
615	207	765	  1	
615	306	765	  1	
615	347	765	  1	
616	107	765	  1	
616	232	765	  1	
616	344	765	  1	
616	351	765	  1	
621	248	765	  1	
621	268	765	  1	
621	294	765	  1	
621	332	765	  1	
622	264	765	  1	
622	320	765	  1	
622	327	765	  1	
623	 69	765	  1	
623	119	765	  1	
624	152	765	  1	
624	175	765	  1	
624	205	765	  1	
624	214	765	  1	
624	240	765	  1	
624	359	765	  1	
624	560	765	  1	
624	596	765	  1	
626	167	765	  1	
627	 22	765	  1	
629	107	765	  1	
630	112	765	  1	
630	331	765	  1	
631	200	765	  1	
631	356	765	  1	
632	  0	765	  1	
632	 16	765	  1	
632	138	765	  1	
632	152	765	  1	
632	162	765	  1	
632	184	765	  1	
632	206	765	  1	
632	247	765	  1	
632	262	765	  1	
632	272	765	  1	
632	288	765	  1	
632	292	765	  1	
632	304	765	  1	
633	200	765	  1	
633	212	765	  1	
635	 88	765	  1	
635	240	765	  1	
639	  0	765	  1	
639	127	765	  1	
639	160	765	  1	
639	247	765	  1	
639	272	765	  1	
640	  9	765	  1	
640	 87	765	  1	
640	136	765	  1	
640	143	765	  1	
640	186	765	  1	
640	224	765	  1	
640	243	765	  1	
640	280	765	  1	
642	205	765	  1	
642	230	765	  1	
643	 24	765	  1	
643	200	765	  1	
643	222	765	  1	
643	252	765	  1	
645	336	765	  1	
647	139	765	  1	
647	167	765	  1	
647	330	765	  1	
647	368	765	  1	
648	  8	765	  1	
648	 15	765	  1	
648	154	765	  1	
648	287	765	  1	
648	296	765	  1	
648	347	765	  1	
650	320	765	  1	
650	441	765	  1	
651	144	765	  1	
651	291	765	  1	
655	  8	765	  1	
655	 15	765	  1	
655	 79	765	  1	
655	223	765	  1	
655	413	765	  1	
656	107	765	  1	
656	128	765	  1	
656	147	765	  1	
656	275	765	  1	
659	 63	765	  1	
659	144	765	  1	
660	 76	765	  1	
662	150	765	  1	
663	104	765	  1	
663	111	765	  1	
663	139	765	  1	
664	112	765	  1	
664	120	765	  1	
664	127	765	  1	
664	147	765	  1	
664	192	765	  1	
667	  8	765	  1	
667	119	765	  1	
667	296	765	  1	
667	303	765	  1	
670	 63	765	  1	
671	 71	765	  1	
671	112	765	  1	
671	123	765	  1	
671	144	765	  1	
671	151	765	  1	
671	195	765	  1	
672	 64	765	  1	
672	511	765	  1	
675	484	765	  1	
675	504	765	  1	
678	367	765	  1	
679	511	765	  1	
680	198	765	  1	
680	267	765	  1	
683	264	765	  1	
685	222	765	  1	
688	173	765	  1	
688	247	765	  1	
688	351	765	  1	
689	 88	765	  1	
690	242	765	  1	
692	 95	765	  1	
692	299	765	  1	
694	131	765	  1	
696	168	765	  1	
696	175	765	  1	
701	243	765	  1	
702	144	765	  1	
703	101	765	  1	
703	428	765	  1	
704	196	765	  1	
727	 40	765	  1	
727	304	765	  1	
727	566	765	  1	
735	535	765	  1	
747	 28	765	  1	
751	536	765	  1	
