# 
#  Image file: Goad2_T0171.jpg
#  Applied threshold: 575
#  Algorithm used: fill2                 
#  Particle count: 1793
#  Location (x,y), max luminance, and mass:
# 
  0	179	765	  1	
  6	271	765	  1	
  8	319	765	  1	
 11	144	765	  1	
 14	360	765	  1	
 16	416	765	  1	
 18	232	765	  1	
 25	395	765	  1	
 31	103	765	  1	
 31	407	765	  1	
 31	465	765	  1	
 32	512	765	  1	
 34	167	765	  1	
 40	111	765	  1	
 43	240	765	  1	
 43	520	765	  1	
 47	101	765	  1	
 48	216	765	  1	
 50	168	765	  1	
 50	386	765	  1	
 54	 89	765	  1	
 55	216	765	  1	
 56	277	765	  1	
 56	537	765	  1	
 59	173	765	  1	
 61	103	765	  1	
 62	 80	765	  1	
 64	101	765	  1	
 64	153	765	  1	
 65	111	765	  1	
 69	109	765	  1	
 69	160	765	  1	
 71	111	765	  1	
 71	376	765	  1	
 71	383	765	  1	
 72	 79	765	  1	
 72	175	765	  1	
 74	538	765	  1	
 78	151	765	  1	
 80	192	765	  1	
 80	229	765	  1	
 83	144	765	  1	
 87	144	765	  1	
 87	192	765	  1	
 87	440	765	  1	
 88	366	765	  1	
 91	119	765	  1	
 91	391	765	  1	
 95	384	765	  1	
 96	104	765	  1	
 96	152	765	  1	
 96	231	765	  1	
 96	543	765	  1	
100	173	765	  1	
100	368	765	  1	
102	375	765	  1	
104	328	765	  1	
106	389	765	  1	
107	133	765	  1	
107	255	765	  1	
107	354	765	  1	
107	384	765	  1	
107	504	765	  1	
109	156	765	  1	
110	356	765	  1	
111	203	765	  1	
111	439	765	  1	
112	398	765	  1	
115	110	765	  1	
115	144	765	  1	
116	392	765	  1	
119	191	765	  1	
119	384	765	  1	
120	135	765	  1	
120	200	765	  1	
120	208	765	  1	
120	315	765	  1	
120	360	765	  1	
122	  0	765	  1	
122	366	765	  1	
122	531	765	  1	
123	184	765	  1	
123	407	765	  1	
125	360	765	  1	
125	391	765	  1	
126	144	765	  1	
126	207	765	  1	
126	218	765	  1	
126	248	765	  1	
126	413	765	  1	
127	191	765	  1	
127	312	765	  1	
127	319	765	  1	
127	366	765	  1	
127	421	765	  1	
128	 70	765	  1	
128	328	765	  1	
128	344	765	  1	
129	110	765	  1	
129	133	765	  1	
130	187	765	  1	
130	275	765	  1	
131	351	765	  1	
131	584	765	  1	
132	140	765	  1	
133	333	765	  1	
133	441	765	  1	
134	223	765	  1	
135	110	765	  1	
135	219	765	  1	
135	248	765	  1	
135	301	765	  1	
135	312	765	  1	
135	344	765	  1	
136	  2	765	  1	
136	 86	765	  1	
136	117	765	  1	
136	159	765	  1	
136	170	765	  1	
136	175	765	  1	
136	327	765	  1	
136	346	765	  1	
136	424	765	  1	
138	447	765	  1	
139	144	765	  1	
139	320	765	  1	
141	111	765	  1	
141	154	765	  1	
142	128	765	  1	
142	135	765	  1	
143	 86	765	  1	
143	150	765	  1	
143	232	765	  1	
143	239	765	  1	
143	327	765	  1	
143	424	765	  1	
144	  7	765	  1	
144	 71	765	  1	
144	127	765	  1	
144	141	765	  1	
146	130	765	  1	
147	120	765	  1	
147	287	765	  1	
148	170	765	  1	
149	384	765	  1	
150	183	765	  1	
151	127	765	  1	
152	 96	765	  1	
152	103	765	  1	
152	112	765	  1	
152	160	765	  1	
152	218	765	  1	
152	228	765	  1	
152	367	765	  1	
152	371	765	  1	
154	136	765	  1	
155	189	765	  1	
157	118	765	  1	
157	223	765	  1	
157	258	765	  1	
158	189	765	  1	
159	 99	765	  1	
159	144	765	  1	
159	151	765	  1	
159	176	765	  1	
159	216	765	  1	
159	231	765	  1	
159	360	765	  1	
160	  3	765	  1	
160	  8	765	  1	
160	 15	765	  1	
160	287	765	  1	
160	359	765	  1	
160	423	765	  1	
160	528	765	  1	
162	174	765	  1	
162	229	765	  1	
163	280	765	  1	
163	352	765	  1	
164	216	765	  1	
165	 16	765	  1	
165	224	765	  1	
166	168	765	  1	
166	219	765	  1	
167	256	765	  1	
167	287	765	  1	
167	291	765	  1	
167	359	765	  1	
168	 26	765	  1	
168	232	765	  1	
168	279	765	  1	
168	320	765	  1	
170	106	765	  1	
170	150	765	  1	
171	111	765	  1	
172	 48	765	  1	
172	224	765	  1	
172	520	765	  1	
173	136	765	  1	
175	 23	765	  1	
175	144	765	  1	
175	159	765	  1	
175	320	765	  1	
176	  0	765	  1	
176	155	765	  1	
176	184	765	  1	
176	199	765	  1	
176	219	765	  1	
176	280	765	  1	
176	286	765	  1	
179	143	765	  1	
179	274	765	  1	
179	400	765	  1	
180	188	765	  1	
180	304	765	  1	
181	  4	765	  1	
181	111	765	  1	
181	184	765	  1	
181	222	765	  1	
182	158	765	  1	
182	240	765	  1	
182	282	765	  1	
182	311	765	  1	
182	422	765	  1	
183	136	765	  1	
184	104	765	  1	
184	117	765	  1	
184	142	765	  1	
184	149	765	  1	
184	216	765	  1	
184	256	765	  1	
184	263	765	  1	
184	304	765	  1	
184	496	765	  1	
185	144	765	  1	
186	136	765	  1	
186	223	765	  1	
186	367	765	  1	
187	150	765	  1	
187	352	765	  1	
189	110	765	  1	
189	144	765	  1	
189	272	765	  1	
190	288	765	  1	
190	343	765	  1	
190	397	765	  1	
190	488	765	  1	
191	 73	765	  1	
191	150	765	  1	
191	218	765	  1	
191	307	765	  1	
191	335	765	  1	
192	100	765	  1	
192	105	765	  1	
192	120	765	  1	
192	173	765	  1	
192	206	765	  1	
192	230	765	  1	
192	488	765	  1	
193	372	765	  1	
194	168	765	  1	
194	224	765	  1	
194	485	765	  1	
195	176	765	  1	
195	416	765	  1	
195	480	765	  1	
195	513	765	  1	
197	 72	765	  1	
198	 23	765	  1	
198	174	765	  1	
198	422	765	  1	
199	120	765	  1	
199	246	765	  1	
200	 64	765	  1	
200	 96	765	  1	
200	150	765	  1	
200	157	765	  1	
200	267	765	  1	
200	296	765	  1	
200	352	765	  1	
200	432	765	  1	
202	240	765	  1	
203	200	765	  1	
203	208	765	  1	
203	215	765	  1	
203	253	765	  1	
203	303	765	  1	
203	416	765	  1	
205	156	765	  1	
206	 96	765	  1	
206	339	765	  1	
206	454	765	  1	
207	206	765	  1	
207	264	765	  1	
207	271	765	  1	
208	 79	765	  1	
208	 86	765	  1	
208	213	765	  1	
208	232	765	  1	
208	239	765	  1	
208	251	765	  1	
208	383	765	  1	
208	519	765	  1	
210	 56	765	  1	
210	 96	765	  1	
210	463	765	  1	
211	512	765	  1	
213	176	765	  1	
213	248	765	  1	
213	315	765	  1	
213	408	765	  1	
215	235	765	  1	
215	368	765	  1	
215	463	765	  1	
215	519	765	  1	
216	114	765	  1	
216	122	765	  1	
216	163	765	  1	
216	184	765	  1	
216	198	765	  1	
216	205	765	  1	
216	218	765	  1	
216	223	765	  1	
216	247	765	  1	
216	336	765	  1	
216	342	765	  1	
216	371	765	  1	
216	392	765	  1	
216	443	765	  1	
218	192	765	  1	
219	 97	765	  1	
219	103	765	  1	
219	360	765	  1	
219	367	765	  1	
219	399	765	  1	
220	466	765	  1	
221	112	765	  1	
221	119	765	  1	
221	200	765	  1	
221	231	765	  1	
221	306	765	  1	
221	438	765	  1	
221	447	765	  1	
221	528	765	  1	
223	160	765	  1	
223	184	765	  1	
223	368	765	  1	
223	375	765	  1	
223	392	765	  1	
224	 70	765	  1	
224	 76	765	  1	
224	122	765	  1	
224	127	765	  1	
224	207	765	  1	
224	416	765	  1	
224	448	765	  1	
225	 66	765	  1	
227	200	765	  1	
227	320	765	  1	
227	423	765	  1	
228	432	765	  1	
229	 47	765	  1	
229	 72	765	  1	
229	 88	765	  1	
229	190	765	  1	
229	218	765	  1	
229	223	765	  1	
230	439	765	  1	
231	 43	765	  1	
231	207	765	  1	
231	416	765	  1	
232	 23	765	  1	
232	 52	765	  1	
232	 78	765	  1	
232	135	765	  1	
232	184	765	  1	
232	208	765	  1	
232	216	765	  1	
232	334	765	  1	
232	384	765	  1	
232	408	765	  1	
232	426	765	  1	
232	448	765	  1	
232	507	765	  1	
233	 74	765	  1	
233	224	765	  1	
233	439	765	  1	
235	 91	765	  1	
236	124	765	  1	
237	 71	765	  1	
237	160	765	  1	
237	187	765	  1	
237	192	765	  1	
237	368	765	  1	
237	412	765	  1	
237	424	765	  1	
237	431	765	  1	
238	 45	765	  1	
238	179	765	  1	
238	454	765	  1	
239	 65	765	  1	
239	115	765	  1	
239	139	765	  1	
239	219	765	  1	
239	238	765	  1	
239	303	765	  1	
239	494	765	  1	
240	 54	765	  1	
240	141	765	  1	
240	149	765	  1	
240	168	765	  1	
240	174	765	  1	
240	244	765	  1	
240	391	765	  1	
240	576	765	  1	
241	183	765	  1	
242	216	765	  1	
242	311	765	  1	
242	481	765	  1	
243	104	765	  1	
243	120	765	  1	
243	131	765	  1	
243	432	765	  1	
244	 96	765	  1	
244	149	765	  1	
244	228	765	  1	
244	359	765	  1	
244	488	765	  1	
244	519	765	  1	
245	112	765	  1	
245	136	765	  1	
245	171	765	  1	
245	198	765	  1	
246	 52	765	  1	
246	144	765	  1	
246	304	765	  1	
247	120	765	  1	
247	294	765	  1	
247	351	765	  1	
247	391	765	  1	
247	408	765	  1	
247	480	765	  1	
247	583	765	  1	
248	  3	765	  1	
248	181	765	  1	
248	274	765	  1	
248	344	765	  1	
248	363	765	  1	
248	435	765	  1	
251	 55	765	  1	
251	144	765	  1	
251	200	765	  1	
251	351	765	  1	
251	495	765	  1	
252	 80	765	  1	
252	400	765	  1	
254	 87	765	  1	
254	101	765	  1	
254	152	765	  1	
254	280	765	  1	
254	287	765	  1	
254	407	765	  1	
254	432	765	  1	
254	437	765	  1	
254	512	765	  1	
255	344	765	  1	
255	360	765	  1	
255	367	765	  1	
255	491	765	  1	
256	  2	765	  1	
256	 80	765	  1	
256	107	765	  1	
256	119	765	  1	
256	133	765	  1	
256	184	765	  1	
256	190	765	  1	
256	214	765	  1	
256	222	765	  1	
256	384	765	  1	
256	411	765	  1	
256	454	765	  1	
256	469	765	  1	
256	493	765	  1	
256	504	765	  1	
256	576	765	  1	
258	114	765	  1	
258	128	765	  1	
258	392	765	  1	
258	424	765	  1	
258	464	765	  1	
259	200	765	  1	
259	286	765	  1	
259	416	765	  1	
259	423	765	  1	
260	 96	765	  1	
260	488	765	  1	
261	 99	765	  1	
261	187	765	  1	
261	430	765	  1	
261	510	765	  1	
262	 58	765	  1	
262	207	765	  1	
262	309	765	  1	
263	  0	765	  1	
263	 48	765	  1	
263	111	765	  1	
263	222	765	  1	
263	280	765	  1	
263	328	765	  1	
263	335	765	  1	
263	408	765	  1	
263	415	765	  1	
263	424	765	  1	
263	464	765	  1	
263	563	765	  1	
264	 93	765	  1	
264	160	765	  1	
264	167	765	  1	
264	214	765	  1	
264	225	765	  1	
264	315	765	  1	
264	406	765	  1	
264	461	765	  1	
264	483	765	  1	
264	503	765	  1	
265	112	765	  1	
266	104	765	  1	
266	111	765	  1	
266	400	765	  1	
268	  0	765	  1	
269	159	765	  1	
269	195	765	  1	
269	287	765	  1	
269	448	765	  1	
270	119	765	  1	
270	163	765	  1	
271	271	765	  1	
271	308	765	  1	
271	312	765	  1	
271	319	765	  1	
272	 56	765	  1	
272	 61	765	  1	
272	 71	765	  1	
272	120	765	  1	
272	136	765	  1	
272	152	765	  1	
272	177	765	  1	
272	200	765	  1	
272	415	765	  1	
272	429	765	  1	
272	464	765	  1	
272	470	765	  1	
272	500	765	  1	
272	510	765	  1	
272	536	765	  1	
272	542	765	  1	
273	101	765	  1	
273	400	765	  1	
273	522	765	  1	
273	527	765	  1	
274	 88	765	  1	
274	144	765	  1	
275	197	765	  1	
275	207	765	  1	
277	282	765	  1	
277	287	765	  1	
277	344	765	  1	
277	467	765	  1	
277	539	765	  1	
278	 58	765	  1	
278	 63	765	  1	
278	 94	765	  1	
279	414	765	  1	
279	483	765	  1	
279	510	765	  1	
280	 76	765	  1	
280	104	765	  1	
280	112	765	  1	
280	116	765	  1	
280	122	765	  1	
280	128	765	  1	
280	140	765	  1	
280	288	765	  1	
280	294	765	  1	
280	333	765	  1	
280	351	765	  1	
280	424	765	  1	
280	458	765	  1	
280	478	765	  1	
280	495	765	  1	
280	507	765	  1	
280	520	765	  1	
282	124	765	  1	
283	176	765	  1	
283	440	765	  1	
284	344	765	  1	
285	216	765	  1	
285	291	765	  1	
285	328	765	  1	
285	430	765	  1	
287	 61	765	  1	
287	 96	765	  1	
287	103	765	  1	
287	155	765	  1	
287	184	765	  1	
287	373	765	  1	
287	456	765	  1	
287	463	765	  1	
287	504	765	  1	
287	511	765	  1	
288	 88	765	  1	
288	171	765	  1	
288	197	765	  1	
288	202	765	  1	
288	207	765	  1	
288	226	765	  1	
288	237	765	  1	
288	247	765	  1	
288	253	765	  1	
288	304	765	  1	
288	313	765	  1	
288	318	765	  1	
288	469	765	  1	
288	568	765	  1	
290	148	765	  1	
290	158	765	  1	
290	464	765	  1	
291	 28	765	  1	
291	104	765	  1	
291	344	765	  1	
291	414	765	  1	
292	248	765	  1	
292	504	765	  1	
293	 84	765	  1	
293	 99	765	  1	
293	232	765	  1	
293	291	765	  1	
293	314	765	  1	
293	319	765	  1	
293	328	765	  1	
293	387	765	  1	
293	404	765	  1	
294	109	765	  1	
294	168	765	  1	
294	227	765	  1	
294	470	765	  1	
294	511	765	  1	
295	243	765	  1	
295	568	765	  1	
296	  0	765	  1	
296	 72	765	  1	
296	 79	765	  1	
296	128	765	  1	
296	139	765	  1	
296	157	765	  1	
296	250	765	  1	
296	303	765	  1	
296	320	765	  1	
296	336	765	  1	
296	373	765	  1	
296	391	765	  1	
296	455	765	  1	
296	472	765	  1	
296	480	765	  1	
296	546	765	  1	
297	 15	765	  1	
297	176	765	  1	
297	350	765	  1	
297	363	765	  1	
298	326	765	  1	
298	386	765	  1	
299	  7	765	  1	
299	367	765	  1	
299	456	765	  1	
299	477	765	  1	
299	568	765	  1	
299	576	765	  1	
300	 32	765	  1	
300	342	765	  1	
300	551	765	  1	
301	  4	765	  1	
301	 40	765	  1	
301	 83	765	  1	
301	104	765	  1	
301	152	765	  1	
301	200	765	  1	
301	428	765	  1	
301	485	765	  1	
302	320	765	  1	
302	391	765	  1	
302	462	765	  1	
302	544	765	  1	
302	592	765	  1	
303	295	765	  1	
304	 66	765	  1	
304	155	765	  1	
304	212	765	  1	
304	219	765	  1	
304	224	765	  1	
304	303	765	  1	
304	314	765	  1	
304	343	765	  1	
304	386	765	  1	
304	439	765	  1	
304	460	765	  1	
304	503	765	  1	
304	520	765	  1	
304	536	765	  1	
307	152	765	  1	
307	208	765	  1	
307	229	765	  1	
307	338	765	  1	
307	352	765	  1	
307	368	765	  1	
307	432	765	  1	
308	311	765	  1	
309	283	765	  1	
309	312	765	  1	
309	319	765	  1	
309	384	765	  1	
309	391	765	  1	
309	463	765	  1	
309	475	765	  1	
310	111	765	  1	
310	213	765	  1	
310	256	765	  1	
310	343	765	  1	
311	 96	765	  1	
311	136	765	  1	
311	439	765	  1	
311	496	765	  1	
312	  6	765	  1	
312	 48	765	  1	
312	 80	765	  1	
312	120	765	  1	
312	134	765	  1	
312	162	765	  1	
312	197	765	  1	
312	204	765	  1	
312	239	765	  1	
312	459	765	  1	
312	464	765	  1	
312	471	765	  1	
312	524	765	  1	
312	544	765	  1	
313	130	765	  1	
314	125	765	  1	
315	 56	765	  1	
315	232	765	  1	
315	400	765	  1	
317	  0	765	  1	
317	216	765	  1	
317	262	765	  1	
317	536	765	  1	
318	120	765	  1	
318	296	765	  1	
318	303	765	  1	
318	406	765	  1	
318	439	765	  1	
318	544	765	  1	
319	 80	765	  1	
319	 96	765	  1	
319	239	765	  1	
319	336	765	  1	
319	456	765	  1	
319	463	765	  1	
319	467	765	  1	
320	 14	765	  1	
320	 20	765	  1	
320	 48	765	  1	
320	 52	765	  1	
320	 88	765	  1	
320	104	765	  1	
320	123	765	  1	
320	133	765	  1	
320	181	765	  1	
320	200	765	  1	
320	229	765	  1	
320	248	765	  1	
320	280	765	  1	
320	294	765	  1	
320	391	765	  1	
320	416	765	  1	
320	432	765	  1	
320	445	765	  1	
320	481	765	  1	
321	263	765	  1	
323	 64	765	  1	
323	158	765	  1	
323	320	765	  1	
323	440	765	  1	
324	176	765	  1	
324	287	765	  1	
325	 94	765	  1	
325	181	765	  1	
325	203	765	  1	
325	232	765	  1	
325	336	765	  1	
326	119	765	  1	
326	226	765	  1	
326	407	765	  1	
326	575	765	  1	
327	 55	765	  1	
327	208	765	  1	
328	 37	765	  1	
328	 78	765	  1	
328	195	765	  1	
328	216	765	  1	
328	264	765	  1	
328	288	765	  1	
328	309	765	  1	
328	333	765	  1	
328	388	765	  1	
329	 74	765	  1	
331	 51	765	  1	
331	120	765	  1	
331	496	765	  1	
332	374	765	  1	
333	294	765	  1	
333	328	765	  1	
333	391	765	  1	
334	 64	765	  1	
334	477	765	  1	
335	 37	765	  1	
335	216	765	  1	
335	264	765	  1	
335	571	765	  1	
336	 46	765	  1	
336	 55	765	  1	
336	107	765	  1	
336	120	765	  1	
336	133	765	  1	
336	144	765	  1	
336	195	765	  1	
336	224	765	  1	
336	359	765	  1	
336	382	765	  1	
338	125	765	  1	
338	230	765	  1	
338	360	765	  1	
339	  0	765	  1	
339	352	765	  1	
340	192	765	  1	
341	266	765	  1	
341	388	765	  1	
341	535	765	  1	
342	224	765	  1	
343	 43	765	  1	
343	120	765	  1	
343	359	765	  1	
343	480	765	  1	
344	 45	765	  1	
344	 77	765	  1	
344	104	765	  1	
344	133	765	  1	
344	136	765	  1	
344	262	765	  1	
344	288	765	  1	
344	322	765	  1	
344	426	765	  1	
344	448	765	  1	
344	472	765	  1	
345	 67	765	  1	
345	126	765	  1	
345	272	765	  1	
345	280	765	  1	
346	110	765	  1	
346	130	765	  1	
346	294	765	  1	
347	 12	765	  1	
347	552	765	  1	
348	286	765	  1	
349	 34	765	  1	
349	 59	765	  1	
349	 72	765	  1	
349	120	765	  1	
349	150	765	  1	
349	208	765	  1	
349	215	765	  1	
349	230	765	  1	
349	376	765	  1	
349	483	765	  1	
350	104	765	  1	
350	288	765	  1	
350	320	765	  1	
351	 80	765	  1	
351	192	765	  1	
351	262	765	  1	
352	  0	765	  1	
352	 66	765	  1	
352	200	765	  1	
352	207	765	  1	
352	268	765	  1	
352	309	765	  1	
352	335	765	  1	
352	344	765	  1	
352	392	765	  1	
352	408	765	  1	
352	427	765	  1	
352	439	765	  1	
353	 30	765	  1	
353	112	765	  1	
353	236	765	  1	
353	264	765	  1	
354	279	765	  1	
354	536	765	  1	
355	384	765	  1	
357	252	765	  1	
357	304	765	  1	
357	398	765	  1	
357	431	765	  1	
358	130	765	  1	
358	167	765	  1	
358	184	765	  1	
359	118	765	  1	
359	127	765	  1	
359	203	765	  1	
359	335	765	  1	
359	355	765	  1	
359	376	765	  1	
360	 16	765	  1	
360	 42	765	  1	
360	 55	765	  1	
360	 61	765	  1	
360	 70	765	  1	
360	 88	765	  1	
360	136	765	  1	
360	151	765	  1	
360	208	765	  1	
360	219	765	  1	
360	235	765	  1	
360	272	765	  1	
360	312	765	  1	
360	328	765	  1	
360	384	765	  1	
360	543	765	  1	
362	 22	765	  1	
362	 94	765	  1	
362	154	765	  1	
362	213	765	  1	
362	335	765	  1	
363	 48	765	  1	
363	279	765	  1	
364	208	765	  1	
364	216	765	  1	
364	223	765	  1	
365	128	765	  1	
365	199	765	  1	
365	581	765	  1	
366	 16	765	  1	
366	 88	765	  1	
366	256	765	  1	
366	448	765	  1	
367	 47	765	  1	
367	 55	765	  1	
367	159	765	  1	
367	213	765	  1	
367	272	765	  1	
367	384	765	  1	
368	  0	765	  1	
368	  7	765	  1	
368	 13	765	  1	
368	 48	765	  1	
368	 56	765	  1	
368	155	765	  1	
368	168	765	  1	
368	204	765	  1	
368	248	765	  1	
368	264	765	  1	
368	271	765	  1	
368	315	765	  1	
368	365	765	  1	
368	394	765	  1	
368	405	765	  1	
368	598	765	  1	
369	104	765	  1	
369	531	765	  1	
370	 67	765	  1	
371	 24	765	  1	
371	 55	765	  1	
371	589	765	  1	
372	  7	765	  1	
372	 75	765	  1	
372	200	765	  1	
372	335	765	  1	
373	 88	765	  1	
374	172	765	  1	
374	207	765	  1	
375	  0	765	  1	
375	 48	765	  1	
375	155	765	  1	
375	267	765	  1	
375	312	765	  1	
375	319	765	  1	
376	 11	765	  1	
376	 40	765	  1	
376	 83	765	  1	
376	304	765	  1	
379	  0	765	  1	
379	 47	765	  1	
379	263	765	  1	
379	310	765	  1	
380	227	765	  1	
380	432	765	  1	
381	160	765	  1	
381	371	765	  1	
381	528	765	  1	
383	 40	765	  1	
383	 69	765	  1	
383	 80	765	  1	
384	 22	765	  1	
384	 48	765	  1	
384	 61	765	  1	
384	 96	765	  1	
384	104	765	  1	
384	148	765	  1	
384	152	765	  1	
384	168	765	  1	
384	192	765	  1	
384	235	765	  1	
384	357	765	  1	
384	567	765	  1	
385	248	765	  1	
386	 29	765	  1	
386	 53	765	  1	
386	207	765	  1	
387	 72	765	  1	
387	 89	765	  1	
388	111	765	  1	
389	158	765	  1	
389	240	765	  1	
390	 43	765	  1	
390	 48	765	  1	
390	144	765	  1	
390	287	765	  1	
391	196	765	  1	
391	235	765	  1	
392	 57	765	  1	
392	139	765	  1	
392	356	765	  1	
392	360	765	  1	
392	367	765	  1	
392	423	765	  1	
394	109	765	  1	
394	327	765	  1	
395	 16	765	  1	
395	152	765	  1	
395	184	765	  1	
395	416	765	  1	
396	  0	765	  1	
396	500	765	  1	
397	 32	765	  1	
397	359	765	  1	
398	 12	765	  1	
398	126	765	  1	
398	143	765	  1	
399	  4	765	  1	
399	232	765	  1	
399	239	765	  1	
399	363	765	  1	
399	423	765	  1	
400	 24	765	  1	
400	 31	765	  1	
400	157	765	  1	
400	193	765	  1	
400	243	765	  1	
400	551	765	  1	
402	  0	765	  1	
402	141	765	  1	
402	452	765	  1	
403	122	765	  1	
403	543	765	  1	
404	240	765	  1	
405	 15	765	  1	
405	 98	765	  1	
405	135	765	  1	
405	224	765	  1	
406	117	765	  1	
407	  0	765	  1	
407	142	765	  1	
407	153	765	  1	
407	495	765	  1	
407	551	765	  1	
408	  6	765	  1	
408	 19	765	  1	
408	 45	765	  1	
408	 60	765	  1	
408	 72	765	  1	
408	109	765	  1	
408	124	765	  1	
408	128	765	  1	
408	205	765	  1	
408	339	765	  1	
408	359	765	  1	
408	390	765	  1	
408	424	765	  1	
409	431	765	  1	
410	384	765	  1	
411	 56	765	  1	
411	200	765	  1	
411	352	765	  1	
411	399	765	  1	
413	  3	765	  1	
413	486	765	  1	
414	184	765	  1	
414	191	765	  1	
415	 16	765	  1	
415	359	765	  1	
416	  8	765	  1	
416	 88	765	  1	
416	100	765	  1	
416	162	765	  1	
416	368	765	  1	
416	559	765	  1	
418	250	765	  1	
418	298	765	  1	
419	  0	765	  1	
419	255	765	  1	
419	311	765	  1	
419	328	765	  1	
419	335	765	  1	
420	 35	765	  1	
421	128	765	  1	
421	167	765	  1	
422	 48	765	  1	
422	 54	765	  1	
422	371	765	  1	
423	383	765	  1	
423	552	765	  1	
424	189	765	  1	
424	202	765	  1	
424	208	765	  1	
424	224	765	  1	
424	231	765	  1	
424	253	765	  1	
424	281	765	  1	
424	327	765	  1	
427	 56	765	  1	
427	 96	765	  1	
427	128	765	  1	
427	216	765	  1	
427	223	765	  1	
427	227	765	  1	
427	250	765	  1	
428	 18	765	  1	
428	 39	765	  1	
428	136	765	  1	
429	 48	765	  1	
429	147	765	  1	
429	176	765	  1	
429	207	765	  1	
429	247	765	  1	
431	 88	765	  1	
431	141	765	  1	
431	224	765	  1	
431	231	765	  1	
431	331	765	  1	
431	428	765	  1	
432	 54	765	  1	
432	 73	765	  1	
432	104	765	  1	
432	120	765	  1	
432	192	765	  1	
432	240	765	  1	
432	400	765	  1	
433	211	765	  1	
435	232	765	  1	
436	128	765	  1	
437	 51	765	  1	
437	120	765	  1	
437	184	765	  1	
437	407	765	  1	
438	 72	765	  1	
438	 79	765	  1	
438	152	765	  1	
438	175	765	  1	
439	192	765	  1	
439	224	765	  1	
440	  0	765	  1	
440	  7	765	  1	
440	 58	765	  1	
440	 63	765	  1	
440	 67	765	  1	
440	 97	765	  1	
440	148	765	  1	
440	167	765	  1	
440	216	765	  1	
440	296	765	  1	
440	368	765	  1	
440	480	765	  1	
442	128	765	  1	
442	133	765	  1	
442	160	765	  1	
443	 88	765	  1	
443	202	765	  1	
445	118	765	  1	
445	176	765	  1	
446	480	765	  1	
447	142	765	  1	
447	215	765	  1	
447	296	765	  1	
447	304	765	  1	
448	 56	765	  1	
448	 60	765	  1	
448	 80	765	  1	
448	 92	765	  1	
448	109	765	  1	
448	120	765	  1	
448	157	765	  1	
448	192	765	  1	
448	208	765	  1	
448	240	765	  1	
448	246	765	  1	
448	270	765	  1	
448	408	765	  1	
448	432	765	  1	
448	436	765	  1	
450	164	765	  1	
451	 21	765	  1	
451	184	765	  1	
452	454	765	  1	
453	 56	765	  1	
453	 61	765	  1	
453	136	765	  1	
453	152	765	  1	
453	168	765	  1	
453	243	765	  1	
454	211	765	  1	
454	271	765	  1	
455	412	765	  1	
456	 18	765	  1	
456	 48	765	  1	
456	 64	765	  1	
456	176	765	  1	
456	248	765	  1	
456	263	765	  1	
456	272	765	  1	
456	296	765	  1	
456	354	765	  1	
458	181	765	  1	
458	278	765	  1	
459	144	765	  1	
459	192	765	  1	
459	255	765	  1	
460	223	765	  1	
461	 54	765	  1	
461	176	765	  1	
462	189	765	  1	
462	272	765	  1	
462	288	765	  1	
463	 24	765	  1	
463	248	765	  1	
463	263	765	  1	
464	 71	765	  1	
464	 88	765	  1	
464	 96	765	  1	
464	103	765	  1	
464	184	765	  1	
464	199	765	  1	
464	214	765	  1	
464	229	765	  1	
464	266	765	  1	
464	507	765	  1	
466	535	765	  1	
466	552	765	  1	
467	216	765	  1	
469	 71	765	  1	
469	176	765	  1	
469	267	765	  1	
470	 91	765	  1	
470	211	765	  1	
471	 65	765	  1	
471	218	765	  1	
472	 58	765	  1	
472	 93	765	  1	
472	133	765	  1	
472	147	765	  1	
472	163	765	  1	
472	240	765	  1	
472	255	765	  1	
472	288	765	  1	
472	312	765	  1	
472	319	765	  1	
472	344	765	  1	
474	112	765	  1	
475	 48	765	  1	
475	248	765	  1	
475	272	765	  1	
476	 62	765	  1	
476	183	765	  1	
476	520	765	  1	
477	  3	765	  1	
477	126	765	  1	
477	131	765	  1	
477	280	765	  1	
478	118	765	  1	
479	 56	765	  1	
479	208	765	  1	
479	215	765	  1	
479	222	765	  1	
479	315	765	  1	
480	 22	765	  1	
480	 48	765	  1	
480	150	765	  1	
480	165	765	  1	
480	229	765	  1	
480	247	765	  1	
482	 16	765	  1	
482	 88	765	  1	
483	184	765	  1	
483	288	765	  1	
484	 24	765	  1	
485	 83	765	  1	
485	172	765	  1	
485	300	765	  1	
485	383	765	  1	
486	 94	765	  1	
486	205	765	  1	
486	292	765	  1	
487	150	765	  1	
487	336	765	  1	
488	  2	765	  1	
488	  8	765	  1	
488	 15	765	  1	
488	104	765	  1	
488	120	765	  1	
488	232	765	  1	
488	256	765	  1	
488	260	765	  1	
488	280	765	  1	
488	287	765	  1	
488	295	765	  1	
488	311	765	  1	
488	315	765	  1	
488	380	765	  1	
490	142	765	  1	
490	158	765	  1	
491	 50	765	  1	
491	264	765	  1	
491	304	765	  1	
493	  0	765	  1	
493	134	765	  1	
493	238	765	  1	
493	383	765	  1	
494	 24	765	  1	
494	152	765	  1	
494	320	765	  1	
495	 55	765	  1	
495	283	765	  1	
495	311	765	  1	
495	315	765	  1	
495	336	765	  1	
496	 72	765	  1	
496	 79	765	  1	
496	106	765	  1	
496	115	765	  1	
496	144	765	  1	
496	188	765	  1	
496	200	765	  1	
496	205	765	  1	
496	214	765	  1	
496	218	765	  1	
496	248	765	  1	
496	289	765	  1	
496	447	765	  1	
498	227	765	  1	
498	296	765	  1	
499	 47	765	  1	
499	117	765	  1	
499	272	765	  1	
500	150	765	  1	
501	 45	765	  1	
501	160	765	  1	
501	216	765	  1	
501	223	765	  1	
501	311	765	  1	
501	328	765	  1	
503	112	765	  1	
503	204	765	  1	
504	  8	765	  1	
504	 64	765	  1	
504	 84	765	  1	
504	100	765	  1	
504	128	765	  1	
504	135	765	  1	
504	237	765	  1	
504	243	765	  1	
504	248	765	  1	
504	261	765	  1	
504	280	765	  1	
504	296	765	  1	
504	312	765	  1	
504	316	765	  1	
506	215	765	  1	
506	300	765	  1	
507	200	765	  1	
509	158	765	  1	
509	294	765	  1	
511	134	765	  1	
511	280	765	  1	
512	 54	765	  1	
512	104	765	  1	
512	152	765	  1	
512	171	765	  1	
512	212	765	  1	
512	240	765	  1	
512	536	765	  1	
515	 32	765	  1	
515	 39	765	  1	
515	208	765	  1	
515	264	765	  1	
516	304	765	  1	
517	184	765	  1	
517	243	765	  1	
517	348	765	  1	
518	 52	765	  1	
518	204	765	  1	
518	212	765	  1	
520	 40	765	  1	
520	 77	765	  1	
520	 85	765	  1	
520	160	765	  1	
520	208	765	  1	
520	256	765	  1	
520	280	765	  1	
520	284	765	  1	
521	183	765	  1	
522	 52	765	  1	
523	 47	765	  1	
523	165	765	  1	
523	299	765	  1	
525	125	765	  1	
525	128	765	  1	
526	176	765	  1	
526	285	765	  1	
527	 40	765	  1	
527	280	765	  1	
528	 82	765	  1	
528	 90	765	  1	
528	 95	765	  1	
528	136	765	  1	
528	155	765	  1	
528	171	765	  1	
528	187	765	  1	
528	192	765	  1	
528	202	765	  1	
528	216	765	  1	
528	230	765	  1	
528	248	765	  1	
528	520	765	  1	
530	110	765	  1	
530	226	765	  1	
531	144	765	  1	
531	291	765	  1	
531	368	765	  1	
533	113	765	  1	
533	200	765	  1	
533	207	765	  1	
533	376	765	  1	
533	383	765	  1	
534	104	765	  1	
534	230	765	  1	
536	  8	765	  1	
536	 15	765	  1	
536	 80	765	  1	
536	139	765	  1	
536	159	765	  1	
536	189	765	  1	
536	208	765	  1	
536	238	765	  1	
536	336	765	  1	
536	392	765	  1	
537	110	765	  1	
538	343	765	  1	
539	 95	765	  1	
541	216	765	  1	
541	382	765	  1	
542	  3	765	  1	
542	234	765	  1	
542	395	765	  1	
543	 11	765	  1	
543	 24	765	  1	
543	 67	765	  1	
543	184	765	  1	
544	 31	765	  1	
544	112	765	  1	
544	120	765	  1	
544	141	765	  1	
544	168	765	  1	
544	195	765	  1	
544	200	765	  1	
544	232	765	  1	
544	247	765	  1	
544	288	765	  1	
544	317	765	  1	
544	333	765	  1	
544	354	765	  1	
544	362	765	  1	
546	191	765	  1	
546	240	765	  1	
546	312	765	  1	
547	158	765	  1	
547	303	765	  1	
549	 88	765	  1	
549	186	765	  1	
549	214	765	  1	
550	288	765	  1	
550	318	765	  1	
550	536	765	  1	
551	 24	765	  1	
551	232	765	  1	
551	247	765	  1	
552	 47	765	  1	
552	 55	765	  1	
552	111	765	  1	
552	162	765	  1	
552	176	765	  1	
552	216	765	  1	
552	224	765	  1	
552	231	765	  1	
552	238	765	  1	
552	271	765	  1	
552	314	765	  1	
552	359	765	  1	
552	379	765	  1	
555	 40	765	  1	
555	104	765	  1	
555	112	765	  1	
555	183	765	  1	
555	200	765	  1	
555	232	765	  1	
555	267	765	  1	
556	227	765	  1	
556	278	765	  1	
557	 23	765	  1	
557	128	765	  1	
557	160	765	  1	
557	167	765	  1	
557	239	765	  1	
558	387	765	  1	
559	 47	765	  1	
559	 51	765	  1	
559	176	765	  1	
560	  8	765	  1	
560	 63	765	  1	
560	 96	765	  1	
560	103	765	  1	
560	106	765	  1	
560	127	765	  1	
560	152	765	  1	
560	168	765	  1	
560	189	765	  1	
560	203	765	  1	
560	256	765	  1	
560	263	765	  1	
560	298	765	  1	
560	333	765	  1	
561	176	765	  1	
561	181	765	  1	
561	296	765	  1	
561	367	765	  1	
563	120	765	  1	
564	232	765	  1	
565	158	765	  1	
565	216	765	  1	
565	236	765	  1	
566	328	765	  1	
567	 96	765	  1	
567	103	765	  1	
567	127	765	  1	
567	304	765	  1	
567	318	765	  1	
568	  6	765	  1	
568	 64	765	  1	
568	 76	765	  1	
568	 88	765	  1	
568	244	765	  1	
568	264	765	  1	
568	271	765	  1	
568	283	765	  1	
568	312	765	  1	
568	316	765	  1	
568	320	765	  1	
568	333	765	  1	
569	275	765	  1	
570	 71	765	  1	
570	152	765	  1	
570	325	765	  1	
571	 95	765	  1	
571	104	765	  1	
571	200	765	  1	
573	184	765	  1	
573	191	765	  1	
573	224	765	  1	
574	158	765	  1	
574	164	765	  1	
574	334	765	  1	
574	376	765	  1	
575	 78	765	  1	
575	 88	765	  1	
575	219	765	  1	
575	232	765	  1	
575	264	765	  1	
575	320	765	  1	
576	107	765	  1	
576	152	765	  1	
576	175	765	  1	
576	183	765	  1	
576	240	765	  1	
576	291	765	  1	
578	246	765	  1	
579	208	765	  1	
579	350	765	  1	
581	295	765	  1	
582	278	765	  1	
582	320	765	  1	
582	327	765	  1	
583	 98	765	  1	
583	179	765	  1	
583	216	765	  1	
583	240	765	  1	
584	 64	765	  1	
584	 82	765	  1	
584	120	765	  1	
584	127	765	  1	
584	211	765	  1	
584	259	765	  1	
584	275	765	  1	
584	328	765	  1	
584	371	765	  1	
585	 80	765	  1	
586	295	765	  1	
587	310	765	  1	
588	100	765	  1	
590	 13	765	  1	
590	 67	765	  1	
590	109	765	  1	
590	243	765	  1	
590	400	765	  1	
591	123	765	  1	
591	272	765	  1	
591	279	765	  1	
591	368	765	  1	
591	375	765	  1	
592	  0	765	  1	
592	 16	765	  1	
592	 23	765	  1	
592	 43	765	  1	
592	152	765	  1	
592	158	765	  1	
592	205	765	  1	
592	216	765	  1	
592	224	765	  1	
592	231	765	  1	
595	  7	765	  1	
595	 91	765	  1	
595	 96	765	  1	
595	296	765	  1	
596	 80	765	  1	
597	267	765	  1	
597	307	765	  1	
598	 87	765	  1	
598	400	765	  1	
599	  0	765	  1	
599	 96	765	  1	
599	112	765	  1	
599	115	765	  1	
599	215	765	  1	
600	102	765	  1	
600	120	765	  1	
600	144	765	  1	
600	152	765	  1	
600	168	765	  1	
600	239	765	  1	
600	245	765	  1	
600	264	765	  1	
600	291	765	  1	
603	151	765	  1	
603	225	765	  1	
603	366	765	  1	
604	536	765	  1	
605	 99	765	  1	
605	370	765	  1	
606	288	765	  1	
606	295	765	  1	
607	120	765	  1	
607	144	765	  1	
607	239	765	  1	
607	317	765	  1	
608	 21	765	  1	
608	 60	765	  1	
608	108	765	  1	
608	143	765	  1	
608	154	765	  1	
608	240	765	  1	
608	268	765	  1	
608	344	765	  1	
608	351	765	  1	
610	119	765	  1	
610	231	765	  1	
611	136	765	  1	
611	255	765	  1	
611	280	765	  1	
611	312	765	  1	
611	431	765	  1	
613	 87	765	  1	
613	243	765	  1	
613	295	765	  1	
614	347	765	  1	
614	359	765	  1	
615	 38	765	  1	
615	 63	765	  1	
615	118	765	  1	
615	143	765	  1	
615	229	765	  1	
616	 72	765	  1	
616	 79	765	  1	
616	117	765	  1	
616	134	765	  1	
616	171	765	  1	
616	208	765	  1	
616	235	765	  1	
616	248	765	  1	
619	 75	765	  1	
621	104	765	  1	
621	112	765	  1	
621	254	765	  1	
622	 69	765	  1	
622	129	765	  1	
622	212	765	  1	
623	 72	765	  1	
623	 79	765	  1	
623	171	765	  1	
623	428	765	  1	
624	  3	765	  1	
624	 56	765	  1	
624	 87	765	  1	
624	136	765	  1	
624	151	765	  1	
624	204	765	  1	
624	216	765	  1	
624	351	765	  1	
626	197	765	  1	
626	346	765	  1	
627	192	765	  1	
627	255	765	  1	
629	 71	765	  1	
629	222	765	  1	
630	351	765	  1	
631	 59	765	  1	
631	 85	765	  1	
631	136	765	  1	
631	204	765	  1	
632	207	765	  1	
632	287	765	  1	
632	397	765	  1	
637	280	765	  1	
637	496	765	  1	
638	104	765	  1	
638	111	765	  1	
640	256	765	  1	
640	327	765	  1	
646	227	765	  1	
648	  8	765	  1	
648	 95	765	  1	
648	151	765	  1	
650	469	765	  1	
651	 19	765	  1	
655	151	765	  1	
656	317	765	  1	
656	327	765	  1	
659	526	765	  1	
661	296	765	  1	
663	151	765	  1	
663	498	765	  1	
667	392	765	  1	
671	 32	765	  1	
672	103	765	  1	
678	535	765	  1	
679	528	765	  1	
680	186	765	  1	
690	112	765	  1	
691	572	765	  1	
695	184	765	  1	
709	234	765	  1	
710	383	765	  1	
715	208	765	  1	
724	168	765	  1	
728	162	765	  1	
736	231	765	  1	
742	295	765	  1	
754	 23	765	  1	
767	597	765	  1	
