# 
#  Image file: Goad2_T0040.jpg
#  Applied threshold: 575
#  Algorithm used: fill2                 
#  Particle count: 1904
#  Location (x,y), max luminance, and mass:
# 
  0	398	765	  1	
  8	263	765	  1	
  8	359	765	  1	
 11	 95	765	  1	
 15	256	765	  1	
 15	264	765	  1	
 16	200	765	  1	
 16	303	765	  1	
 17	204	765	  1	
 20	207	765	  1	
 20	483	765	  1	
 23	264	765	  1	
 23	384	765	  1	
 24	258	765	  1	
 24	288	765	  1	
 25	537	765	  1	
 27	263	765	  1	
 27	367	765	  1	
 31	104	765	  1	
 31	258	765	  1	
 31	311	765	  1	
 31	491	765	  1	
 34	355	765	  1	
 37	286	765	  1	
 40	384	765	  1	
 43	169	765	  1	
 47	512	765	  1	
 48	327	765	  1	
 51	272	765	  1	
 54	258	765	  1	
 55	320	765	  1	
 56	448	765	  1	
 63	104	765	  1	
 63	120	765	  1	
 64	231	765	  1	
 65	102	765	  1	
 68	109	765	  1	
 69	264	765	  1	
 71	110	765	  1	
 71	224	765	  1	
 72	 80	765	  1	
 72	367	765	  1	
 77	375	765	  1	
 78	149	765	  1	
 79	367	765	  1	
 85	150	765	  1	
 85	447	765	  1	
 88	267	765	  1	
 90	199	765	  1	
 91	163	765	  1	
 93	135	765	  1	
 93	198	765	  1	
 94	197	765	  1	
 94	250	765	  1	
 96	200	765	  1	
 96	374	765	  1	
 96	415	765	  1	
 99	207	765	  1	
103	200	765	  1	
104	212	765	  1	
104	415	765	  1	
104	448	765	  1	
106	404	765	  1	
107	144	765	  1	
107	191	765	  1	
107	255	765	  1	
107	464	765	  1	
110	448	765	  1	
111	143	765	  1	
112	168	765	  1	
112	245	765	  1	
112	306	765	  1	
114	159	765	  1	
115	204	765	  1	
116	589	765	  1	
117	176	765	  1	
117	183	765	  1	
118	186	765	  1	
119	136	765	  1	
119	143	765	  1	
119	540	765	  1	
120	  0	765	  1	
120	 53	765	  1	
120	272	765	  1	
120	279	765	  1	
120	384	765	  1	
122	215	765	  1	
123	152	765	  1	
124	392	765	  1	
127	 10	765	  1	
127	275	765	  1	
128	159	765	  1	
128	168	765	  1	
128	172	765	  1	
128	187	765	  1	
128	250	765	  1	
128	314	765	  1	
128	376	765	  1	
130	258	765	  1	
131	152	765	  1	
131	296	765	  1	
131	327	765	  1	
134	188	765	  1	
134	279	765	  1	
134	309	765	  1	
135	159	765	  1	
136	176	765	  1	
136	238	765	  1	
136	287	765	  1	
136	327	765	  1	
136	368	765	  1	
136	384	765	  1	
139	320	765	  1	
139	354	765	  1	
141	 45	765	  1	
142	 92	765	  1	
142	236	765	  1	
142	287	765	  1	
143	158	765	  1	
143	176	765	  1	
143	272	765	  1	
143	327	765	  1	
144	133	765	  1	
144	141	765	  1	
144	146	765	  1	
144	151	765	  1	
144	320	765	  1	
144	333	765	  1	
144	540	765	  1	
147	264	765	  1	
149	 85	765	  1	
149	104	765	  1	
149	128	765	  1	
149	160	765	  1	
150	 94	765	  1	
150	341	765	  1	
152	 24	765	  1	
152	 31	765	  1	
152	187	765	  1	
152	219	765	  1	
152	224	765	  1	
152	292	765	  1	
152	304	765	  1	
153	136	765	  1	
153	338	765	  1	
154	  0	765	  1	
155	231	765	  1	
155	311	765	  1	
157	120	765	  1	
158	170	765	  1	
158	191	765	  1	
159	  0	765	  1	
159	137	765	  1	
159	224	765	  1	
159	292	765	  1	
159	304	765	  1	
159	334	765	  1	
159	341	765	  1	
160	 47	765	  1	
160	 54	765	  1	
160	 64	765	  1	
160	 72	765	  1	
160	 79	765	  1	
160	108	765	  1	
160	144	765	  1	
160	172	765	  1	
160	188	765	  1	
160	194	765	  1	
160	229	765	  1	
160	296	765	  1	
161	200	765	  1	
162	224	765	  1	
163	  7	765	  1	
163	 40	765	  1	
165	167	765	  1	
165	199	765	  1	
165	298	765	  1	
166	 16	765	  1	
166	160	765	  1	
166	184	765	  1	
166	216	765	  1	
166	230	765	  1	
166	397	765	  1	
166	559	765	  1	
167	 47	765	  1	
167	168	765	  1	
167	503	765	  1	
168	 85	765	  1	
168	125	765	  1	
168	157	765	  1	
168	264	765	  1	
168	282	765	  1	
168	288	765	  1	
168	512	765	  1	
168	519	765	  1	
169	104	765	  1	
170	152	765	  1	
171	174	765	  1	
171	472	765	  1	
172	158	765	  1	
173	112	765	  1	
174	 48	765	  1	
174	 54	765	  1	
174	168	765	  1	
174	280	765	  1	
175	208	765	  1	
176	 61	765	  1	
176	 98	765	  1	
176	126	765	  1	
176	139	765	  1	
176	199	765	  1	
176	383	765	  1	
176	387	765	  1	
176	407	765	  1	
177	157	765	  1	
178	272	765	  1	
179	 93	765	  1	
179	152	765	  1	
180	112	765	  1	
181	122	765	  1	
181	127	765	  1	
181	142	765	  1	
181	279	765	  1	
181	315	765	  1	
182	 84	765	  1	
182	152	765	  1	
182	194	765	  1	
183	227	765	  1	
184	231	765	  1	
184	291	765	  1	
184	307	765	  1	
186	 55	765	  1	
186	224	765	  1	
187	 19	765	  1	
187	 64	765	  1	
187	385	765	  1	
189	 90	765	  1	
191	 63	765	  1	
191	288	765	  1	
191	295	765	  1	
191	507	765	  1	
192	 11	765	  1	
192	147	765	  1	
192	158	765	  1	
192	238	765	  1	
192	359	765	  1	
192	455	765	  1	
194	191	765	  1	
194	214	765	  1	
195	256	765	  1	
195	280	765	  1	
195	312	765	  1	
196	232	765	  1	
197	 88	765	  1	
197	200	765	  1	
198	163	765	  1	
199	 32	765	  1	
199	 39	765	  1	
199	157	765	  1	
199	234	765	  1	
199	480	765	  1	
199	528	765	  1	
199	535	765	  1	
200	  6	765	  1	
200	 27	765	  1	
200	 56	765	  1	
200	 63	765	  1	
200	175	765	  1	
200	192	765	  1	
200	502	765	  1	
200	512	765	  1	
200	519	765	  1	
202	250	765	  1	
202	488	765	  1	
203	 72	765	  1	
203	 79	765	  1	
203	128	765	  1	
203	143	765	  1	
203	157	765	  1	
203	168	765	  1	
203	255	765	  1	
205	148	765	  1	
205	160	765	  1	
205	552	765	  1	
206	 74	765	  1	
206	498	765	  1	
207	  6	765	  1	
207	 31	765	  1	
207	152	765	  1	
207	200	765	  1	
208	 61	765	  1	
208	176	765	  1	
208	213	765	  1	
208	384	765	  1	
208	532	765	  1	
210	312	765	  1	
210	351	765	  1	
210	404	765	  1	
211	 88	765	  1	
211	181	765	  1	
211	207	765	  1	
213	 24	765	  1	
213	128	765	  1	
213	160	765	  1	
213	351	765	  1	
213	530	765	  1	
214	 67	765	  1	
214	344	765	  1	
215	  6	765	  1	
215	200	765	  1	
215	318	765	  1	
215	357	765	  1	
216	 24	765	  1	
216	 31	765	  1	
216	 70	765	  1	
216	142	765	  1	
216	155	765	  1	
216	179	765	  1	
216	208	765	  1	
216	215	765	  1	
216	304	765	  1	
216	399	765	  1	
216	542	765	  1	
218	160	765	  1	
218	352	765	  1	
218	536	765	  1	
219	  0	765	  1	
219	150	765	  1	
219	275	765	  1	
220	307	765	  1	
221	168	765	  1	
221	416	765	  1	
221	542	765	  1	
222	500	765	  1	
222	596	765	  1	
223	 27	765	  1	
223	211	765	  1	
223	247	765	  1	
223	328	765	  1	
223	347	765	  1	
223	352	765	  1	
223	536	765	  1	
224	  8	765	  1	
224	 93	765	  1	
224	157	765	  1	
224	184	765	  1	
224	204	765	  1	
224	227	765	  1	
224	284	765	  1	
224	323	765	  1	
224	356	765	  1	
224	439	765	  1	
224	463	765	  1	
224	575	765	  1	
225	 74	765	  1	
225	 87	765	  1	
226	382	765	  1	
227	148	765	  1	
227	295	765	  1	
227	432	765	  1	
227	440	765	  1	
228	290	765	  1	
228	392	765	  1	
229	 79	765	  1	
229	 88	765	  1	
229	461	765	  1	
230	247	765	  1	
230	399	765	  1	
231	 73	765	  1	
231	 80	765	  1	
231	157	765	  1	
231	283	765	  1	
231	295	765	  1	
231	439	765	  1	
232	 56	765	  1	
232	 62	765	  1	
232	 70	765	  1	
232	104	765	  1	
232	128	765	  1	
232	134	765	  1	
232	160	765	  1	
232	175	765	  1	
232	182	765	  1	
232	192	765	  1	
232	207	765	  1	
232	212	765	  1	
232	218	765	  1	
232	272	765	  1	
232	279	765	  1	
232	296	765	  1	
232	320	765	  1	
232	352	765	  1	
232	392	765	  1	
234	 79	765	  1	
235	  4	765	  1	
235	 64	765	  1	
235	111	765	  1	
235	201	765	  1	
235	225	765	  1	
236	152	765	  1	
236	202	765	  1	
236	216	765	  1	
237	 88	765	  1	
237	326	765	  1	
238	377	765	  1	
239	275	765	  1	
239	352	765	  1	
239	395	765	  1	
240	 40	765	  1	
240	 48	765	  1	
240	120	765	  1	
240	127	765	  1	
240	135	765	  1	
240	149	765	  1	
240	178	765	  1	
240	199	765	  1	
240	203	765	  1	
240	247	765	  1	
240	256	765	  1	
240	285	765	  1	
240	296	765	  1	
240	417	765	  1	
240	488	765	  1	
240	495	765	  1	
241	 72	765	  1	
241	 77	765	  1	
241	168	765	  1	
242	195	765	  1	
242	270	765	  1	
243	104	765	  1	
243	213	765	  1	
243	263	765	  1	
243	275	765	  1	
244	352	765	  1	
245	 53	765	  1	
245	 94	765	  1	
247	135	765	  1	
247	199	765	  1	
247	256	765	  1	
247	264	765	  1	
247	491	765	  1	
247	524	765	  1	
247	555	765	  1	
248	 72	765	  1	
248	 88	765	  1	
248	143	765	  1	
248	170	765	  1	
248	195	765	  1	
248	246	765	  1	
248	260	765	  1	
248	329	765	  1	
248	341	765	  1	
248	363	765	  1	
248	384	765	  1	
248	391	765	  1	
248	423	765	  1	
248	448	765	  1	
248	591	765	  1	
248	599	765	  1	
249	126	765	  1	
249	207	765	  1	
249	216	765	  1	
250	 48	765	  1	
250	166	765	  1	
250	238	765	  1	
250	477	765	  1	
251	 40	765	  1	
251	 54	765	  1	
251	178	765	  1	
251	187	765	  1	
251	480	765	  1	
251	487	765	  1	
252	 74	765	  1	
252	360	765	  1	
253	 87	765	  1	
253	 96	765	  1	
253	192	765	  1	
253	247	765	  1	
253	274	765	  1	
253	309	765	  1	
253	354	765	  1	
254	 45	765	  1	
254	159	765	  1	
254	328	765	  1	
254	599	765	  1	
255	 48	765	  1	
255	200	765	  1	
255	304	765	  1	
255	387	765	  1	
255	591	765	  1	
256	  8	765	  1	
256	 67	765	  1	
256	 82	765	  1	
256	 94	765	  1	
256	109	765	  1	
256	120	765	  1	
256	175	765	  1	
256	206	765	  1	
256	251	765	  1	
256	283	765	  1	
256	337	765	  1	
256	344	765	  1	
256	412	765	  1	
257	201	765	  1	
258	 48	765	  1	
258	 55	765	  1	
258	199	765	  1	
258	401	765	  1	
258	535	765	  1	
259	162	765	  1	
259	320	765	  1	
259	343	765	  1	
260	 78	765	  1	
261	 64	765	  1	
261	144	765	  1	
261	208	765	  1	
261	215	765	  1	
261	410	765	  1	
262	 72	765	  1	
262	204	765	  1	
262	528	765	  1	
263	  8	765	  1	
263	199	765	  1	
263	248	765	  1	
263	255	765	  1	
263	416	765	  1	
263	462	765	  1	
264	 24	765	  1	
264	 31	765	  1	
264	 43	765	  1	
264	 60	765	  1	
264	 96	765	  1	
264	136	765	  1	
264	184	765	  1	
264	187	765	  1	
264	224	765	  1	
264	328	765	  1	
264	454	765	  1	
264	520	765	  1	
264	527	765	  1	
265	162	765	  1	
266	343	765	  1	
267	264	765	  1	
267	271	765	  1	
267	392	765	  1	
267	408	765	  1	
267	515	765	  1	
268	448	765	  1	
269	192	765	  1	
269	368	765	  1	
269	450	765	  1	
270	120	765	  1	
270	160	765	  1	
270	188	765	  1	
270	213	765	  1	
270	351	765	  1	
271	 27	765	  1	
271	 40	765	  1	
271	 47	765	  1	
271	 96	765	  1	
271	149	765	  1	
271	175	765	  1	
271	184	765	  1	
271	331	765	  1	
271	398	765	  1	
271	523	765	  1	
272	 44	765	  1	
272	 64	765	  1	
272	 77	765	  1	
272	144	765	  1	
272	154	765	  1	
272	163	765	  1	
272	181	765	  1	
272	231	765	  1	
272	296	765	  1	
272	313	765	  1	
272	358	765	  1	
272	415	765	  1	
272	431	765	  1	
272	464	765	  1	
272	470	765	  1	
272	504	765	  1	
272	543	765	  1	
273	208	765	  1	
273	217	765	  1	
273	400	765	  1	
274	383	765	  1	
274	536	765	  1	
277	 47	765	  1	
277	150	765	  1	
277	176	765	  1	
277	206	765	  1	
277	229	765	  1	
277	467	765	  1	
278	312	765	  1	
279	 64	765	  1	
279	165	765	  1	
279	224	765	  1	
279	358	765	  1	
279	504	765	  1	
280	 56	765	  1	
280	 62	765	  1	
280	 74	765	  1	
280	120	765	  1	
280	126	765	  1	
280	183	765	  1	
280	192	765	  1	
280	247	765	  1	
280	276	765	  1	
280	288	765	  1	
280	298	765	  1	
280	311	765	  1	
280	330	765	  1	
280	344	765	  1	
280	373	765	  1	
280	494	765	  1	
280	503	765	  1	
281	335	765	  1	
282	164	765	  1	
282	219	765	  1	
282	287	765	  1	
282	350	765	  1	
283	176	765	  1	
283	240	765	  1	
284	288	765	  1	
284	536	765	  1	
285	 59	765	  1	
285	123	765	  1	
285	224	765	  1	
285	295	765	  1	
285	368	765	  1	
286	320	765	  1	
286	344	765	  1	
286	447	765	  1	
286	512	765	  1	
286	519	765	  1	
287	 64	765	  1	
287	 79	765	  1	
287	159	765	  1	
287	183	765	  1	
287	192	765	  1	
287	247	765	  1	
287	491	765	  1	
287	499	765	  1	
288	 48	765	  1	
288	 88	765	  1	
288	120	765	  1	
288	127	765	  1	
288	152	765	  1	
288	202	765	  1	
288	309	765	  1	
288	336	765	  1	
288	347	765	  1	
288	373	765	  1	
288	389	765	  1	
288	395	765	  1	
288	455	765	  1	
288	568	765	  1	
289	198	765	  1	
289	208	765	  1	
290	304	765	  1	
290	416	765	  1	
290	564	765	  1	
290	575	765	  1	
291	109	765	  1	
291	148	765	  1	
291	232	765	  1	
291	440	765	  1	
292	368	765	  1	
293	158	765	  1	
294	203	765	  1	
294	310	765	  1	
294	485	765	  1	
294	567	765	  1	
295	 88	765	  1	
295	120	765	  1	
295	127	765	  1	
295	558	765	  1	
296	 92	765	  1	
296	136	765	  1	
296	146	765	  1	
296	179	765	  1	
296	184	765	  1	
296	187	765	  1	
296	232	765	  1	
296	288	765	  1	
296	301	765	  1	
296	384	765	  1	
296	400	765	  1	
296	583	765	  1	
298	294	765	  1	
298	576	765	  1	
299	152	765	  1	
300	142	765	  1	
300	192	765	  1	
301	111	765	  1	
301	151	765	  1	
301	200	765	  1	
301	287	765	  1	
302	 23	765	  1	
302	157	765	  1	
302	180	765	  1	
302	248	765	  1	
302	302	765	  1	
302	403	765	  1	
303	 31	765	  1	
303	172	765	  1	
304	 65	765	  1	
304	 72	765	  1	
304	 95	765	  1	
304	114	765	  1	
304	120	765	  1	
304	127	765	  1	
304	215	765	  1	
304	293	765	  1	
304	344	765	  1	
304	351	765	  1	
304	391	765	  1	
306	 24	765	  1	
306	159	765	  1	
307	 71	765	  1	
307	216	765	  1	
307	312	765	  1	
307	372	765	  1	
307	384	765	  1	
309	119	765	  1	
309	128	765	  1	
309	224	765	  1	
310	555	765	  1	
311	 16	765	  1	
311	 25	765	  1	
311	144	765	  1	
311	391	765	  1	
311	400	765	  1	
311	407	765	  1	
311	519	765	  1	
311	534	765	  1	
312	  5	765	  1	
312	147	765	  1	
312	152	765	  1	
312	158	765	  1	
312	167	765	  1	
312	187	765	  1	
312	218	765	  1	
312	257	765	  1	
312	295	765	  1	
312	318	765	  1	
312	424	765	  1	
312	475	765	  1	
312	496	765	  1	
313	266	765	  1	
314	271	765	  1	
314	373	765	  1	
315	431	765	  1	
317	 44	765	  1	
317	155	765	  1	
318	 21	765	  1	
318	162	765	  1	
319	424	765	  1	
319	486	765	  1	
320	 67	765	  1	
320	 72	765	  1	
320	 99	765	  1	
320	104	765	  1	
320	118	765	  1	
320	133	765	  1	
320	172	765	  1	
320	189	765	  1	
320	248	765	  1	
320	271	765	  1	
320	301	765	  1	
320	330	765	  1	
320	335	765	  1	
320	362	765	  1	
320	413	765	  1	
320	453	765	  1	
320	584	765	  1	
321	 88	765	  1	
322	288	765	  1	
323	  8	765	  1	
323	343	765	  1	
325	195	765	  1	
325	296	765	  1	
325	367	765	  1	
325	408	765	  1	
325	448	765	  1	
326	 55	765	  1	
326	 93	765	  1	
326	163	765	  1	
326	214	765	  1	
326	266	765	  1	
327	115	765	  1	
327	520	765	  1	
328	  0	765	  1	
328	104	765	  1	
328	183	765	  1	
328	216	765	  1	
328	231	765	  1	
328	245	765	  1	
328	253	765	  1	
328	283	765	  1	
328	309	765	  1	
328	322	765	  1	
328	352	765	  1	
328	387	765	  1	
328	392	765	  1	
328	503	765	  1	
330	  6	765	  1	
330	 16	765	  1	
330	453	765	  1	
331	125	765	  1	
331	176	765	  1	
331	408	765	  1	
331	568	765	  1	
332	155	765	  1	
333	 88	765	  1	
333	184	765	  1	
334	  0	765	  1	
334	226	765	  1	
335	128	765	  1	
335	343	765	  1	
335	384	765	  1	
335	391	765	  1	
335	448	765	  1	
336	 46	765	  1	
336	 56	765	  1	
336	 72	765	  1	
336	 86	765	  1	
336	 96	765	  1	
336	136	765	  1	
336	143	765	  1	
336	195	765	  1	
336	208	765	  1	
336	234	765	  1	
336	257	765	  1	
336	376	765	  1	
336	447	765	  1	
339	100	765	  1	
339	120	765	  1	
339	278	765	  1	
339	416	765	  1	
339	440	765	  1	
340	154	765	  1	
340	162	765	  1	
341	  0	765	  1	
341	 15	765	  1	
341	152	765	  1	
341	211	765	  1	
341	216	765	  1	
341	382	765	  1	
342	 37	765	  1	
343	 96	765	  1	
343	239	765	  1	
343	447	765	  1	
344	 18	765	  1	
344	 24	765	  1	
344	 47	765	  1	
344	 53	765	  1	
344	130	765	  1	
344	134	765	  1	
344	168	765	  1	
344	187	765	  1	
344	245	765	  1	
344	288	765	  1	
344	292	765	  1	
344	334	765	  1	
344	362	765	  1	
344	407	765	  1	
344	416	765	  1	
344	423	765	  1	
345	298	765	  1	
345	303	765	  1	
345	320	765	  1	
346	120	765	  1	
346	240	765	  1	
347	162	765	  1	
347	224	765	  1	
348	406	765	  1	
348	596	765	  1	
349	 16	765	  1	
349	 23	765	  1	
350	176	765	  1	
350	245	765	  1	
350	254	765	  1	
350	295	765	  1	
350	599	765	  1	
351	184	765	  1	
351	191	765	  1	
351	334	765	  1	
351	400	765	  1	
351	419	765	  1	
351	488	765	  1	
352	 64	765	  1	
352	 79	765	  1	
352	120	765	  1	
352	147	765	  1	
352	179	765	  1	
352	267	765	  1	
352	363	765	  1	
352	383	765	  1	
352	427	765	  1	
352	479	765	  1	
353	216	765	  1	
354	152	765	  1	
355	200	765	  1	
355	224	765	  1	
355	240	765	  1	
356	162	765	  1	
356	278	765	  1	
356	360	765	  1	
356	388	765	  1	
357	 74	765	  1	
357	400	765	  1	
358	231	765	  1	
358	256	765	  1	
358	380	765	  1	
358	442	765	  1	
359	 70	765	  1	
359	179	765	  1	
359	479	765	  1	
360	  0	765	  1	
360	 16	765	  1	
360	 31	765	  1	
360	 45	765	  1	
360	213	765	  1	
360	270	765	  1	
360	280	765	  1	
360	293	765	  1	
360	328	765	  1	
360	334	765	  1	
360	350	765	  1	
361	346	765	  1	
362	319	765	  1	
362	416	765	  1	
363	 24	765	  1	
363	136	765	  1	
363	367	765	  1	
363	472	765	  1	
365	 40	765	  1	
365	331	765	  1	
365	455	765	  1	
366	256	765	  1	
366	372	765	  1	
367	 16	765	  1	
367	156	765	  1	
367	224	765	  1	
367	351	765	  1	
367	360	765	  1	
367	438	765	  1	
368	 10	765	  1	
368	 35	765	  1	
368	 54	765	  1	
368	 58	765	  1	
368	128	765	  1	
368	142	765	  1	
368	176	765	  1	
368	189	765	  1	
368	202	765	  1	
368	265	765	  1	
368	308	765	  1	
368	388	765	  1	
368	398	765	  1	
368	424	765	  1	
368	431	765	  1	
368	459	765	  1	
369	135	765	  1	
369	301	765	  1	
371	 48	765	  1	
371	223	765	  1	
371	231	765	  1	
371	271	765	  1	
371	312	765	  1	
371	319	765	  1	
371	387	765	  1	
371	393	765	  1	
372	120	765	  1	
372	296	765	  1	
373	 22	765	  1	
373	 56	765	  1	
373	 74	765	  1	
373	186	765	  1	
373	351	765	  1	
374	 43	765	  1	
374	 64	765	  1	
374	127	765	  1	
374	130	765	  1	
374	140	765	  1	
374	176	765	  1	
374	271	765	  1	
374	309	765	  1	
374	341	765	  1	
374	384	765	  1	
375	 15	765	  1	
375	144	765	  1	
375	302	765	  1	
375	397	765	  1	
375	427	765	  1	
376	  5	765	  1	
376	 18	765	  1	
376	171	765	  1	
376	223	765	  1	
376	242	765	  1	
376	280	765	  1	
376	328	765	  1	
376	344	765	  1	
376	403	765	  1	
377	  0	765	  1	
378	 61	765	  1	
378	279	765	  1	
379	 56	765	  1	
379	112	765	  1	
379	128	765	  1	
379	176	765	  1	
380	  0	765	  1	
380	  8	765	  1	
380	 39	765	  1	
380	285	765	  1	
381	 72	765	  1	
381	 86	765	  1	
381	231	765	  1	
381	344	765	  1	
381	349	765	  1	
382	244	765	  1	
383	  3	765	  1	
383	144	765	  1	
383	264	765	  1	
383	519	765	  1	
384	 48	765	  1	
384	 64	765	  1	
384	112	765	  1	
384	119	765	  1	
384	153	765	  1	
384	219	765	  1	
384	254	765	  1	
384	292	765	  1	
384	314	765	  1	
384	438	765	  1	
385	 80	765	  1	
385	206	765	  1	
386	  2	765	  1	
386	159	765	  1	
386	193	765	  1	
386	344	765	  1	
386	384	765	  1	
387	 30	765	  1	
387	320	765	  1	
388	 15	765	  1	
388	408	765	  1	
388	416	765	  1	
389	  7	765	  1	
389	 48	765	  1	
389	376	765	  1	
389	467	765	  1	
390	  1	765	  1	
390	154	765	  1	
390	207	765	  1	
390	351	765	  1	
390	422	765	  1	
391	149	765	  1	
391	176	765	  1	
391	216	765	  1	
391	223	765	  1	
391	548	765	  1	
392	 32	765	  1	
392	 56	765	  1	
392	 97	765	  1	
392	135	765	  1	
392	160	765	  1	
392	164	765	  1	
392	170	765	  1	
392	197	765	  1	
392	208	765	  1	
392	215	765	  1	
392	245	765	  1	
392	318	765	  1	
392	335	765	  1	
394	 83	765	  1	
394	330	765	  1	
395	  8	765	  1	
395	104	765	  1	
395	128	765	  1	
395	144	765	  1	
395	175	765	  1	
395	207	765	  1	
395	325	765	  1	
396	 18	765	  1	
397	192	765	  1	
397	309	765	  1	
398	240	765	  1	
398	304	765	  1	
398	335	765	  1	
399	  0	765	  1	
399	135	765	  1	
399	211	765	  1	
399	597	765	  1	
400	 14	765	  1	
400	 40	765	  1	
400	109	765	  1	
400	120	765	  1	
400	127	765	  1	
400	179	765	  1	
400	200	765	  1	
400	267	765	  1	
400	336	765	  1	
400	343	765	  1	
400	367	765	  1	
400	424	765	  1	
402	  8	765	  1	
402	248	765	  1	
403	 16	765	  1	
403	113	765	  1	
405	136	765	  1	
405	192	765	  1	
406	205	765	  1	
406	229	765	  1	
406	543	765	  1	
407	 14	765	  1	
407	118	765	  1	
407	123	765	  1	
407	248	765	  1	
407	259	765	  1	
407	339	765	  1	
407	360	765	  1	
408	  3	765	  1	
408	 33	765	  1	
408	 64	765	  1	
408	 96	765	  1	
408	125	765	  1	
408	200	765	  1	
408	247	765	  1	
408	264	765	  1	
408	272	765	  1	
408	279	765	  1	
408	299	765	  1	
408	335	765	  1	
409	 87	765	  1	
410	427	765	  1	
411	240	765	  1	
411	282	765	  1	
411	328	765	  1	
412	 37	765	  1	
412	416	765	  1	
413	119	765	  1	
413	184	765	  1	
415	  3	765	  1	
415	 80	765	  1	
415	110	765	  1	
415	247	765	  1	
415	275	765	  1	
415	335	765	  1	
415	423	765	  1	
416	 43	765	  1	
416	 50	765	  1	
416	106	765	  1	
416	138	765	  1	
416	143	765	  1	
416	152	765	  1	
416	160	765	  1	
418	 96	765	  1	
418	200	765	  1	
418	382	765	  1	
419	 16	765	  1	
419	 32	765	  1	
419	 87	765	  1	
419	111	765	  1	
420	114	765	  1	
421	206	765	  1	
421	394	765	  1	
421	399	765	  1	
421	411	765	  1	
421	428	765	  1	
422	 48	765	  1	
422	 80	765	  1	
422	303	765	  1	
423	 22	765	  1	
423	 38	765	  1	
423	422	765	  1	
423	519	765	  1	
424	 30	765	  1	
424	 63	765	  1	
424	 99	765	  1	
424	128	765	  1	
424	231	765	  1	
424	247	765	  1	
424	383	765	  1	
425	 51	765	  1	
426	133	765	  1	
426	187	765	  1	
426	225	765	  1	
427	120	765	  1	
428	261	765	  1	
428	283	765	  1	
429	168	765	  1	
429	296	765	  1	
429	303	765	  1	
431	 30	765	  1	
431	128	765	  1	
431	231	765	  1	
431	423	765	  1	
432	 27	765	  1	
432	 96	765	  1	
432	114	765	  1	
432	149	765	  1	
432	154	765	  1	
432	167	765	  1	
432	181	765	  1	
432	252	765	  1	
432	339	765	  1	
432	400	765	  1	
433	367	765	  1	
434	144	765	  1	
435	168	765	  1	
435	272	765	  1	
435	304	765	  1	
435	407	765	  1	
436	175	765	  1	
436	360	765	  1	
438	150	765	  1	
438	471	765	  1	
439	 16	765	  1	
439	160	765	  1	
439	176	765	  1	
439	336	765	  1	
439	343	765	  1	
439	400	765	  1	
440	 44	765	  1	
440	 52	765	  1	
440	 59	765	  1	
440	 75	765	  1	
440	101	765	  1	
440	123	765	  1	
440	128	765	  1	
440	134	765	  1	
440	280	765	  1	
440	312	765	  1	
440	443	765	  1	
442	487	765	  1	
443	 38	765	  1	
443	272	765	  1	
443	440	765	  1	
444	102	765	  1	
444	120	765	  1	
445	 24	765	  1	
445	 55	765	  1	
445	131	765	  1	
445	286	765	  1	
447	144	765	  1	
447	183	765	  1	
447	487	765	  1	
447	588	765	  1	
448	 29	765	  1	
448	 51	765	  1	
448	 57	765	  1	
448	 67	765	  1	
448	 99	765	  1	
448	112	765	  1	
448	208	765	  1	
448	264	765	  1	
448	311	765	  1	
448	352	765	  1	
448	359	765	  1	
452	184	765	  1	
452	272	765	  1	
452	279	765	  1	
453	 70	765	  1	
454	 56	765	  1	
454	191	765	  1	
454	215	765	  1	
455	135	765	  1	
455	144	765	  1	
455	355	765	  1	
455	368	765	  1	
456	116	765	  1	
456	123	765	  1	
456	216	765	  1	
456	250	765	  1	
456	264	765	  1	
457	112	765	  1	
457	240	765	  1	
458	 56	765	  1	
458	275	765	  1	
460	128	765	  1	
461	192	765	  1	
461	248	765	  1	
461	255	765	  1	
462	117	765	  1	
462	359	765	  1	
463	 48	765	  1	
463	112	765	  1	
463	279	765	  1	
464	  0	765	  1	
464	  8	765	  1	
464	 15	765	  1	
464	 45	765	  1	
464	 56	765	  1	
464	 80	765	  1	
464	128	765	  1	
464	179	765	  1	
464	230	765	  1	
464	320	765	  1	
464	432	765	  1	
466	198	765	  1	
466	224	765	  1	
467	497	765	  1	
469	136	765	  1	
469	163	765	  1	
469	230	765	  1	
469	288	765	  1	
470	192	765	  1	
471	 80	765	  1	
471	224	765	  1	
472	  7	765	  1	
472	 31	765	  1	
472	144	765	  1	
472	165	765	  1	
472	170	765	  1	
472	222	765	  1	
472	255	765	  1	
472	320	765	  1	
472	336	765	  1	
472	344	765	  1	
472	359	765	  1	
472	391	765	  1	
474	 56	765	  1	
474	288	765	  1	
474	358	765	  1	
475	 24	765	  1	
475	104	765	  1	
475	126	765	  1	
475	248	765	  1	
475	327	765	  1	
475	384	765	  1	
476	 80	765	  1	
477	175	765	  1	
477	183	765	  1	
477	232	765	  1	
478	 62	765	  1	
478	336	765	  1	
479	  3	765	  1	
479	 23	765	  1	
479	 31	765	  1	
479	255	765	  1	
479	320	765	  1	
479	391	765	  1	
480	 76	765	  1	
480	 80	765	  1	
480	136	765	  1	
480	205	765	  1	
480	272	765	  1	
480	276	765	  1	
480	400	765	  1	
480	407	765	  1	
481	  0	765	  1	
481	  7	765	  1	
482	 47	765	  1	
483	142	765	  1	
483	226	765	  1	
483	248	765	  1	
484	205	765	  1	
485	 74	765	  1	
485	232	765	  1	
485	272	765	  1	
485	277	765	  1	
485	448	765	  1	
486	136	765	  1	
486	175	765	  1	
486	215	765	  1	
487	403	765	  1	
488	128	765	  1	
488	152	765	  1	
488	218	765	  1	
488	256	765	  1	
488	266	765	  1	
488	327	765	  1	
491	 28	765	  1	
491	208	765	  1	
492	 59	765	  1	
493	384	765	  1	
494	  5	765	  1	
494	 79	765	  1	
494	135	765	  1	
495	  0	765	  1	
495	 90	765	  1	
495	 95	765	  1	
496	 88	765	  1	
496	133	765	  1	
496	136	765	  1	
496	157	765	  1	
496	202	765	  1	
496	207	765	  1	
496	237	765	  1	
496	240	765	  1	
496	246	765	  1	
496	263	765	  1	
496	304	765	  1	
498	  2	765	  1	
498	 85	765	  1	
498	111	765	  1	
498	149	765	  1	
498	232	765	  1	
498	310	765	  1	
499	144	765	  1	
499	288	765	  1	
499	413	765	  1	
499	448	765	  1	
500	 92	765	  1	
501	206	765	  1	
501	243	765	  1	
501	272	765	  1	
501	328	765	  1	
501	352	765	  1	
502	135	765	  1	
502	152	765	  1	
502	302	765	  1	
503	 55	765	  1	
503	200	765	  1	
503	216	765	  1	
504	 48	765	  1	
504	128	765	  1	
504	168	765	  1	
504	250	765	  1	
504	285	765	  1	
504	395	765	  1	
505	101	765	  1	
505	136	765	  1	
507	184	765	  1	
507	216	765	  1	
507	255	765	  1	
507	264	765	  1	
507	335	765	  1	
509	160	765	  1	
509	275	765	  1	
509	280	765	  1	
509	294	765	  1	
509	364	765	  1	
510	171	765	  1	
510	328	765	  1	
511	312	765	  1	
511	320	765	  1	
511	392	765	  1	
511	399	765	  1	
512	 72	765	  1	
512	 79	765	  1	
512	 88	765	  1	
512	 92	765	  1	
512	111	765	  1	
512	128	765	  1	
512	162	765	  1	
512	211	765	  1	
512	221	765	  1	
512	239	765	  1	
512	424	765	  1	
513	376	765	  1	
514	232	765	  1	
514	399	765	  1	
514	431	765	  1	
515	208	765	  1	
516	527	765	  1	
517	  7	765	  1	
518	328	765	  1	
519	 72	765	  1	
519	 79	765	  1	
519	239	765	  1	
519	272	765	  1	
519	279	765	  1	
519	351	765	  1	
520	 96	765	  1	
520	102	765	  1	
520	125	765	  1	
520	152	765	  1	
520	173	765	  1	
520	194	765	  1	
520	199	765	  1	
520	232	765	  1	
520	248	765	  1	
520	402	765	  1	
520	458	765	  1	
521	220	765	  1	
522	287	765	  1	
523	 47	765	  1	
523	215	765	  1	
523	272	765	  1	
524	 27	765	  1	
524	228	765	  1	
524	294	765	  1	
525	  0	765	  1	
525	112	765	  1	
525	144	765	  1	
525	149	765	  1	
525	175	765	  1	
525	303	765	  1	
525	399	765	  1	
526	288	765	  1	
527	 38	765	  1	
527	135	765	  1	
527	168	765	  1	
527	216	765	  1	
527	248	765	  1	
527	279	765	  1	
527	376	765	  1	
527	380	765	  1	
527	391	765	  1	
527	400	765	  1	
528	 47	765	  1	
528	 74	765	  1	
528	 91	765	  1	
528	159	765	  1	
528	341	765	  1	
528	584	765	  1	
531	103	765	  1	
531	128	765	  1	
531	208	765	  1	
531	294	765	  1	
531	480	765	  1	
533	 67	765	  1	
533	224	765	  1	
533	336	765	  1	
534	 85	765	  1	
534	 97	765	  1	
535	 72	765	  1	
535	463	765	  1	
535	576	765	  1	
536	112	765	  1	
536	118	765	  1	
536	149	765	  1	
536	154	765	  1	
536	168	765	  1	
536	208	765	  1	
536	232	765	  1	
536	256	765	  1	
536	266	765	  1	
536	283	765	  1	
536	312	765	  1	
536	360	765	  1	
537	135	765	  1	
539	200	765	  1	
539	367	765	  1	
540	176	765	  1	
541	115	765	  1	
541	144	765	  1	
541	185	765	  1	
541	319	765	  1	
542	  8	765	  1	
542	175	765	  1	
542	259	765	  1	
543	159	765	  1	
543	208	765	  1	
543	280	765	  1	
543	287	765	  1	
543	363	765	  1	
544	  7	765	  1	
544	 31	765	  1	
544	 80	765	  1	
544	 96	765	  1	
544	111	765	  1	
544	365	765	  1	
544	443	765	  1	
544	448	765	  1	
546	102	765	  1	
546	105	765	  1	
546	127	765	  1	
547	296	765	  1	
548	 80	765	  1	
548	 87	765	  1	
548	191	765	  1	
548	264	765	  1	
549	384	765	  1	
550	 98	765	  1	
550	366	765	  1	
551	184	765	  1	
551	440	765	  1	
551	447	765	  1	
552	  8	765	  1	
552	 83	765	  1	
552	 91	765	  1	
552	124	765	  1	
552	128	765	  1	
552	219	765	  1	
552	248	765	  1	
552	274	765	  1	
553	 27	765	  1	
553	288	765	  1	
554	160	765	  1	
554	198	765	  1	
554	455	765	  1	
555	104	765	  1	
555	172	765	  1	
555	176	765	  1	
555	367	765	  1	
557	 80	765	  1	
557	112	765	  1	
557	119	765	  1	
557	280	765	  1	
558	216	765	  1	
559	 95	765	  1	
559	267	765	  1	
559	359	765	  1	
559	384	765	  1	
560	  0	765	  1	
560	131	765	  1	
560	136	765	  1	
560	146	765	  1	
560	200	765	  1	
560	208	765	  1	
560	226	765	  1	
560	232	765	  1	
560	238	765	  1	
560	256	765	  1	
560	264	765	  1	
560	272	765	  1	
560	293	765	  1	
561	  6	765	  1	
563	 27	765	  1	
563	125	765	  1	
563	248	765	  1	
563	288	765	  1	
565	224	765	  1	
565	231	765	  1	
565	263	765	  1	
566	 88	765	  1	
566	120	765	  1	
567	 96	765	  1	
567	146	765	  1	
567	443	765	  1	
568	 63	765	  1	
568	 72	765	  1	
568	135	765	  1	
568	182	765	  1	
568	208	765	  1	
568	215	765	  1	
568	248	765	  1	
568	384	765	  1	
568	543	765	  1	
570	399	765	  1	
571	104	765	  1	
571	317	765	  1	
573	158	765	  1	
573	408	765	  1	
574	255	765	  1	
575	 63	765	  1	
575	182	765	  1	
575	386	765	  1	
576	 42	765	  1	
576	136	765	  1	
576	151	765	  1	
576	216	765	  1	
576	229	765	  1	
576	237	765	  1	
576	289	765	  1	
576	304	765	  1	
576	336	765	  1	
576	351	765	  1	
576	363	765	  1	
578	144	765	  1	
578	247	765	  1	
578	519	765	  1	
579	120	765	  1	
579	272	765	  1	
581	 88	765	  1	
581	 93	765	  1	
581	 98	765	  1	
581	103	765	  1	
581	112	765	  1	
582	238	765	  1	
583	136	765	  1	
583	151	765	  1	
583	242	765	  1	
583	351	765	  1	
583	360	765	  1	
583	367	765	  1	
584	  3	765	  1	
584	 26	765	  1	
584	 80	765	  1	
584	123	765	  1	
584	183	765	  1	
584	218	765	  1	
584	226	765	  1	
584	245	765	  1	
584	301	765	  1	
584	328	765	  1	
584	379	765	  1	
584	539	765	  1	
586	240	765	  1	
587	119	765	  1	
587	176	765	  1	
588	 92	765	  1	
589	216	765	  1	
589	223	765	  1	
590	109	765	  1	
590	246	765	  1	
590	535	765	  1	
591	 80	765	  1	
591	183	765	  1	
591	301	765	  1	
591	352	765	  1	
591	376	765	  1	
591	383	765	  1	
591	552	765	  1	
592	  2	765	  1	
592	  7	765	  1	
592	 69	765	  1	
592	112	765	  1	
592	168	765	  1	
592	208	765	  1	
592	227	765	  1	
592	238	765	  1	
592	264	765	  1	
592	347	765	  1	
592	519	765	  1	
592	536	765	  1	
593	119	765	  1	
593	224	765	  1	
594	213	765	  1	
594	247	765	  1	
594	359	765	  1	
595	 79	765	  1	
595	175	765	  1	
595	280	765	  1	
595	315	765	  1	
596	104	765	  1	
597	 64	765	  1	
597	232	765	  1	
598	  0	765	  1	
598	  5	765	  1	
598	111	765	  1	
599	 72	765	  1	
599	168	765	  1	
599	224	765	  1	
599	237	765	  1	
599	264	765	  1	
599	358	765	  1	
599	400	765	  1	
599	515	765	  1	
599	544	765	  1	
600	 75	765	  1	
600	128	765	  1	
600	216	765	  1	
600	240	765	  1	
600	292	765	  1	
600	344	765	  1	
600	368	765	  1	
603	104	765	  1	
603	133	765	  1	
603	247	765	  1	
603	255	765	  1	
603	351	765	  1	
605	 80	765	  1	
605	 91	765	  1	
605	256	765	  1	
606	229	765	  1	
607	216	765	  1	
607	240	765	  1	
607	319	765	  1	
607	344	765	  1	
607	352	765	  1	
608	 87	765	  1	
608	188	765	  1	
608	232	765	  1	
608	351	765	  1	
608	364	765	  1	
608	568	765	  1	
609	144	765	  1	
610	 21	765	  1	
611	 16	765	  1	
611	304	765	  1	
613	115	765	  1	
613	272	765	  1	
614	347	765	  1	
615	232	765	  1	
615	286	765	  1	
615	367	765	  1	
616	 88	765	  1	
616	160	765	  1	
616	200	765	  1	
616	207	765	  1	
616	212	765	  1	
616	330	765	  1	
616	351	765	  1	
619	167	765	  1	
619	328	765	  1	
619	399	765	  1	
620	 88	765	  1	
621	 95	765	  1	
621	103	765	  1	
621	123	765	  1	
621	152	765	  1	
622	 82	765	  1	
622	212	765	  1	
623	160	765	  1	
624	184	765	  1	
624	231	765	  1	
624	248	765	  1	
624	261	765	  1	
624	272	765	  1	
624	278	765	  1	
624	368	765	  1	
624	386	765	  1	
624	413	765	  1	
624	416	765	  1	
624	464	765	  1	
624	559	765	  1	
626	189	765	  1	
626	256	765	  1	
627	176	765	  1	
627	224	765	  1	
627	266	765	  1	
627	271	765	  1	
628	 95	765	  1	
628	254	765	  1	
629	168	765	  1	
629	175	765	  1	
629	263	765	  1	
630	 71	765	  1	
630	115	765	  1	
630	184	765	  1	
631	231	765	  1	
631	368	765	  1	
631	419	765	  1	
632	 64	765	  1	
632	 99	765	  1	
632	215	765	  1	
632	232	765	  1	
632	320	765	  1	
632	335	765	  1	
632	366	765	  1	
633	208	765	  1	
634	360	765	  1	
635	189	765	  1	
635	215	765	  1	
635	328	765	  1	
635	571	765	  1	
639	 96	765	  1	
639	103	765	  1	
639	232	765	  1	
639	335	765	  1	
640	 36	765	  1	
640	106	765	  1	
640	160	765	  1	
640	204	765	  1	
640	271	765	  1	
640	296	765	  1	
642	376	765	  1	
643	136	765	  1	
643	168	765	  1	
646	 67	765	  1	
646	 74	765	  1	
647	142	765	  1	
648	232	765	  1	
648	384	765	  1	
651	104	765	  1	
651	111	765	  1	
651	156	765	  1	
652	207	765	  1	
654	 68	765	  1	
655	495	765	  1	
656	 87	765	  1	
656	111	765	  1	
656	174	765	  1	
656	195	765	  1	
656	256	765	  1	
656	262	765	  1	
656	335	765	  1	
657	144	765	  1	
659	 79	765	  1	
661	192	765	  1	
661	305	765	  1	
662	343	765	  1	
663	 72	765	  1	
663	 87	765	  1	
663	111	765	  1	
663	136	765	  1	
663	174	765	  1	
664	 51	765	  1	
664	 55	765	  1	
664	115	765	  1	
671	112	765	  1	
671	119	765	  1	
671	144	765	  1	
671	320	765	  1	
671	407	765	  1	
672	103	765	  1	
672	467	765	  1	
675	 96	765	  1	
675	155	765	  1	
679	103	765	  1	
680	 95	765	  1	
680	143	765	  1	
680	247	765	  1	
680	456	765	  1	
683	128	765	  1	
683	471	765	  1	
685	194	765	  1	
687	240	765	  1	
688	133	765	  1	
690	360	765	  1	
695	464	765	  1	
699	232	765	  1	
704	247	765	  1	
705	192	765	  1	
709	268	765	  1	
709	392	765	  1	
711	 92	765	  1	
712	385	765	  1	
736	472	765	  1	
