# 
#  Image file: Goad2_T0138.jpg
#  Applied threshold: 575
#  Algorithm used: fill2                 
#  Particle count: 1650
#  Location (x,y), max luminance, and mass:
# 
  0	203	765	  1	
 11	143	765	  1	
 13	112	765	  1	
 15	181	765	  1	
 18	495	765	  1	
 19	151	765	  1	
 21	328	765	  1	
 22	411	765	  1	
 24	187	765	  1	
 24	441	765	  1	
 36	144	765	  1	
 38	557	765	  1	
 40	270	765	  1	
 41	122	765	  1	
 43	277	765	  1	
 47	175	765	  1	
 53	112	765	  1	
 54	335	765	  1	
 55	 32	765	  1	
 55	111	765	  1	
 56	  7	765	  1	
 56	255	765	  1	
 59	  0	765	  1	
 60	293	765	  1	
 61	207	765	  1	
 62	  7	765	  1	
 62	103	765	  1	
 63	104	765	  1	
 65	102	765	  1	
 70	338	765	  1	
 72	335	765	  1	
 74	194	765	  1	
 74	263	765	  1	
 74	564	765	  1	
 79	368	765	  1	
 79	392	765	  1	
 80	363	765	  1	
 80	432	765	  1	
 82	144	765	  1	
 87	144	765	  1	
 87	256	765	  1	
 87	263	765	  1	
 87	360	765	  1	
 87	367	765	  1	
 88	353	765	  1	
 91	191	765	  1	
 91	445	765	  1	
 94	288	765	  1	
 94	295	765	  1	
 95	 95	765	  1	
 96	383	765	  1	
 98	128	765	  1	
103	320	765	  1	
103	381	765	  1	
104	301	765	  1	
107	448	765	  1	
110	296	765	  1	
112	106	765	  1	
112	272	765	  1	
112	359	765	  1	
115	352	765	  1	
118	279	765	  1	
119	207	765	  1	
119	297	765	  1	
119	359	765	  1	
120	438	765	  1	
122	138	765	  1	
123	140	765	  1	
123	312	765	  1	
125	280	765	  1	
127	102	765	  1	
127	438	765	  1	
128	 10	765	  1	
128	111	765	  1	
128	344	765	  1	
128	451	765	  1	
129	463	765	  1	
130	296	765	  1	
131	351	765	  1	
132	255	765	  1	
133	223	765	  1	
133	241	765	  1	
133	399	765	  1	
133	457	765	  1	
134	306	765	  1	
135	344	765	  1	
136	  2	765	  1	
136	186	765	  1	
136	272	765	  1	
136	368	765	  1	
136	415	765	  1	
138	277	765	  1	
138	375	765	  1	
139	323	765	  1	
139	408	765	  1	
140	  7	765	  1	
141	272	765	  1	
142	  4	765	  1	
143	  5	765	  1	
143	360	765	  1	
143	370	765	  1	
143	415	765	  1	
144	 69	765	  1	
144	 91	765	  1	
144	141	765	  1	
144	367	765	  1	
144	462	765	  1	
144	488	765	  1	
145	208	765	  1	
145	224	765	  1	
146	136	765	  1	
146	202	765	  1	
148	141	765	  1	
150	362	765	  1	
151	136	765	  1	
151	216	765	  1	
151	488	765	  1	
152	 80	765	  1	
152	120	765	  1	
152	127	765	  1	
152	296	765	  1	
152	331	765	  1	
152	359	765	  1	
152	368	765	  1	
154	106	765	  1	
154	251	765	  1	
154	264	765	  1	
155	352	765	  1	
156	230	765	  1	
156	402	765	  1	
157	150	765	  1	
157	344	765	  1	
158	210	765	  1	
158	224	765	  1	
158	371	765	  1	
159	 85	765	  1	
159	123	765	  1	
159	259	765	  1	
159	296	765	  1	
159	328	765	  1	
159	335	765	  1	
159	359	765	  1	
160	200	765	  1	
160	206	765	  1	
160	310	765	  1	
160	496	765	  1	
163	205	765	  1	
163	216	765	  1	
163	403	765	  1	
165	 88	765	  1	
165	312	765	  1	
165	319	765	  1	
166	264	765	  1	
166	307	765	  1	
166	376	765	  1	
166	383	765	  1	
167	496	765	  1	
168	 74	765	  1	
168	 79	765	  1	
168	232	765	  1	
168	254	765	  1	
168	267	765	  1	
168	290	765	  1	
168	335	765	  1	
168	350	765	  1	
168	520	765	  1	
171	140	765	  1	
171	239	765	  1	
171	262	765	  1	
171	328	765	  1	
171	360	765	  1	
171	371	765	  1	
171	527	765	  1	
173	130	765	  1	
173	184	765	  1	
174	 72	765	  1	
174	 77	765	  1	
175	232	765	  1	
175	254	765	  1	
175	268	765	  1	
175	335	765	  1	
175	520	765	  1	
176	 50	765	  1	
176	187	765	  1	
176	224	765	  1	
176	320	765	  1	
176	327	765	  1	
176	408	765	  1	
176	415	765	  1	
178	544	765	  1	
179	199	765	  1	
180	184	765	  1	
182	 77	765	  1	
182	189	765	  1	
183	411	765	  1	
184	  5	765	  1	
184	120	765	  1	
184	155	765	  1	
184	161	765	  1	
184	173	765	  1	
184	184	765	  1	
184	285	765	  1	
184	323	765	  1	
184	352	765	  1	
184	368	765	  1	
185	264	765	  1	
186	 80	765	  1	
187	271	765	  1	
189	 87	765	  1	
190	 93	765	  1	
190	160	765	  1	
190	304	765	  1	
190	331	765	  1	
190	355	765	  1	
190	371	765	  1	
191	 88	765	  1	
191	120	765	  1	
191	152	765	  1	
191	392	765	  1	
192	206	765	  1	
192	278	765	  1	
192	338	765	  1	
192	343	765	  1	
192	389	765	  1	
192	419	765	  1	
194	143	765	  1	
195	383	765	  1	
195	392	765	  1	
195	536	765	  1	
197	272	765	  1	
198	  8	765	  1	
198	189	765	  1	
198	284	765	  1	
198	312	765	  1	
198	338	765	  1	
199	 24	765	  1	
199	343	765	  1	
199	399	765	  1	
199	423	765	  1	
199	504	765	  1	
200	 91	765	  1	
200	104	765	  1	
200	108	765	  1	
200	168	765	  1	
200	175	765	  1	
200	331	765	  1	
200	336	765	  1	
200	428	765	  1	
202	120	765	  1	
202	306	765	  1	
203	279	765	  1	
203	311	765	  1	
203	323	765	  1	
203	343	765	  1	
203	368	765	  1	
204	 28	765	  1	
205	127	765	  1	
205	431	765	  1	
207	171	765	  1	
207	336	765	  1	
208	 43	765	  1	
208	 88	765	  1	
208	287	765	  1	
208	392	765	  1	
208	398	765	  1	
208	416	765	  1	
210	359	765	  1	
210	509	765	  1	
211	138	765	  1	
211	143	765	  1	
211	182	765	  1	
211	280	765	  1	
211	390	765	  1	
211	406	765	  1	
211	423	765	  1	
211	472	765	  1	
213	162	765	  1	
214	376	765	  1	
214	383	765	  1	
215	 32	765	  1	
215	 39	765	  1	
215	 47	765	  1	
215	287	765	  1	
215	416	765	  1	
216	 48	765	  1	
216	120	765	  1	
216	282	765	  1	
216	419	765	  1	
216	541	765	  1	
218	370	765	  1	
219	375	765	  1	
219	432	765	  1	
221	416	765	  1	
221	500	765	  1	
222	333	765	  1	
223	120	765	  1	
223	234	765	  1	
223	239	765	  1	
223	440	765	  1	
223	456	765	  1	
224	 16	765	  1	
224	 27	765	  1	
224	 41	765	  1	
224	 63	765	  1	
224	 76	765	  1	
224	112	765	  1	
224	123	765	  1	
224	128	765	  1	
224	136	765	  1	
224	142	765	  1	
224	187	765	  1	
224	267	765	  1	
226	442	765	  1	
226	511	765	  1	
227	423	765	  1	
227	447	765	  1	
228	115	765	  1	
229	 80	765	  1	
229	400	765	  1	
231	 40	765	  1	
231	 70	765	  1	
231	184	765	  1	
231	191	765	  1	
231	264	765	  1	
231	271	765	  1	
231	328	765	  1	
231	416	765	  1	
232	 97	765	  1	
232	136	765	  1	
232	139	765	  1	
232	208	765	  1	
232	212	765	  1	
232	224	765	  1	
232	240	765	  1	
232	479	765	  1	
232	555	765	  1	
232	579	765	  1	
234	359	765	  1	
235	336	765	  1	
236	145	765	  1	
236	176	765	  1	
236	256	765	  1	
237	 72	765	  1	
237	311	765	  1	
237	552	765	  1	
238	115	765	  1	
239	 64	765	  1	
239	187	765	  1	
239	576	765	  1	
239	583	765	  1	
240	  0	765	  1	
240	 45	765	  1	
240	 99	765	  1	
240	128	765	  1	
240	224	765	  1	
240	408	765	  1	
240	415	765	  1	
242	 40	765	  1	
242	151	765	  1	
244	 56	765	  1	
244	128	765	  1	
245	200	765	  1	
246	287	765	  1	
246	343	765	  1	
246	372	765	  1	
246	480	765	  1	
247	112	765	  1	
247	411	765	  1	
247	583	765	  1	
248	 24	765	  1	
248	 38	765	  1	
248	103	765	  1	
248	155	765	  1	
248	168	765	  1	
248	208	765	  1	
248	276	765	  1	
248	351	765	  1	
248	421	765	  1	
249	415	765	  1	
251	117	765	  1	
251	192	765	  1	
251	374	765	  1	
252	103	765	  1	
253	127	765	  1	
253	405	765	  1	
253	440	765	  1	
253	456	765	  1	
254	408	765	  1	
255	 48	765	  1	
255	 79	765	  1	
255	 96	765	  1	
255	152	765	  1	
255	159	765	  1	
255	168	765	  1	
255	295	765	  1	
255	368	765	  1	
256	 16	765	  1	
256	 43	765	  1	
256	213	765	  1	
256	222	765	  1	
256	251	765	  1	
256	264	765	  1	
256	352	765	  1	
256	359	765	  1	
256	376	765	  1	
256	448	765	  1	
256	464	765	  1	
258	 31	765	  1	
258	281	765	  1	
258	311	765	  1	
258	416	765	  1	
259	114	765	  1	
260	 58	765	  1	
261	 39	765	  1	
261	152	765	  1	
262	  8	765	  1	
262	215	765	  1	
262	422	765	  1	
263	 26	765	  1	
263	 43	765	  1	
263	269	765	  1	
263	355	765	  1	
263	448	765	  1	
264	 35	765	  1	
264	104	765	  1	
264	128	765	  1	
264	169	765	  1	
264	184	765	  1	
264	232	765	  1	
264	267	765	  1	
264	328	765	  1	
264	360	765	  1	
264	381	765	  1	
264	389	765	  1	
264	432	765	  1	
264	475	765	  1	
265	408	765	  1	
265	448	765	  1	
266	110	765	  1	
266	173	765	  1	
266	224	765	  1	
266	439	765	  1	
267	 88	765	  1	
267	161	765	  1	
267	239	765	  1	
269	 24	765	  1	
269	 29	765	  1	
269	 83	765	  1	
269	135	765	  1	
269	160	765	  1	
269	415	765	  1	
269	432	765	  1	
270	104	765	  1	
270	161	765	  1	
270	170	765	  1	
270	194	765	  1	
270	367	765	  1	
271	 32	765	  1	
271	 39	765	  1	
271	 47	765	  1	
271	 59	765	  1	
271	232	765	  1	
271	264	765	  1	
271	271	765	  1	
271	331	765	  1	
271	438	765	  1	
271	472	765	  1	
271	479	765	  1	
272	 14	765	  1	
272	 19	765	  1	
272	 72	765	  1	
272	183	765	  1	
272	224	765	  1	
272	248	765	  1	
272	446	765	  1	
272	521	765	  1	
272	543	765	  1	
273	 79	765	  1	
273	 82	765	  1	
273	 87	765	  1	
273	127	765	  1	
273	424	765	  1	
274	253	765	  1	
274	378	765	  1	
274	437	765	  1	
275	155	765	  1	
275	216	765	  1	
275	270	765	  1	
275	383	765	  1	
276	180	765	  1	
277	  6	765	  1	
277	 16	765	  1	
277	 32	765	  1	
277	264	765	  1	
277	432	765	  1	
278	189	765	  1	
279	 75	765	  1	
279	248	765	  1	
279	278	765	  1	
279	402	765	  1	
279	446	765	  1	
279	520	765	  1	
279	538	765	  1	
280	 48	765	  1	
280	 54	765	  1	
280	 85	765	  1	
280	120	765	  1	
280	127	765	  1	
280	141	765	  1	
280	144	765	  1	
280	163	765	  1	
280	192	765	  1	
280	196	765	  1	
280	206	765	  1	
280	216	765	  1	
280	256	765	  1	
280	283	765	  1	
280	294	765	  1	
280	326	765	  1	
280	334	765	  1	
280	344	765	  1	
280	414	765	  1	
280	421	765	  1	
280	478	765	  1	
282	 90	765	  1	
283	255	765	  1	
283	440	765	  1	
284	408	765	  1	
285	175	765	  1	
285	291	765	  1	
285	502	765	  1	
286	216	765	  1	
286	284	765	  1	
286	344	765	  1	
287	 56	765	  1	
287	 95	765	  1	
287	200	765	  1	
288	 48	765	  1	
288	 64	765	  1	
288	115	765	  1	
288	120	765	  1	
288	152	765	  1	
288	232	765	  1	
288	239	765	  1	
288	303	765	  1	
288	456	765	  1	
288	512	765	  1	
288	568	765	  1	
290	 80	765	  1	
290	336	765	  1	
291	126	765	  1	
291	144	765	  1	
291	182	765	  1	
291	431	765	  1	
291	575	765	  1	
293	 96	765	  1	
293	158	765	  1	
293	195	765	  1	
293	291	765	  1	
293	382	765	  1	
294	 86	765	  1	
294	120	765	  1	
294	316	765	  1	
294	456	765	  1	
295	204	765	  1	
295	235	765	  1	
295	304	765	  1	
295	568	765	  1	
296	  0	765	  1	
296	  8	765	  1	
296	 12	765	  1	
296	 24	765	  1	
296	 45	765	  1	
296	 67	765	  1	
296	 78	765	  1	
296	134	765	  1	
296	152	765	  1	
296	165	765	  1	
296	251	765	  1	
296	362	765	  1	
296	372	765	  1	
296	395	765	  1	
296	597	765	  1	
297	186	765	  1	
298	160	765	  1	
298	296	765	  1	
298	457	765	  1	
300	127	765	  1	
300	592	765	  1	
301	  6	765	  1	
301	 80	765	  1	
301	 87	765	  1	
301	198	765	  1	
301	343	765	  1	
301	367	765	  1	
302	 24	765	  1	
302	 56	765	  1	
302	166	765	  1	
302	463	765	  1	
302	581	765	  1	
303	392	765	  1	
303	399	765	  1	
304	 30	765	  1	
304	144	765	  1	
304	173	765	  1	
304	200	765	  1	
304	204	765	  1	
304	232	765	  1	
304	287	765	  1	
304	371	765	  1	
304	386	765	  1	
304	543	765	  1	
306	238	765	  1	
307	160	765	  1	
307	245	765	  1	
308	205	765	  1	
308	208	765	  1	
308	283	765	  1	
309	 78	765	  1	
309	120	765	  1	
309	152	765	  1	
309	159	765	  1	
309	168	765	  1	
309	184	765	  1	
309	232	765	  1	
309	256	765	  1	
309	294	765	  1	
309	335	765	  1	
309	344	765	  1	
310	215	765	  1	
310	306	765	  1	
310	381	765	  1	
311	238	765	  1	
311	248	765	  1	
311	330	765	  1	
311	368	765	  1	
311	375	765	  1	
312	 24	765	  1	
312	 80	765	  1	
312	 99	765	  1	
312	138	765	  1	
312	143	765	  1	
312	193	765	  1	
312	408	765	  1	
312	476	765	  1	
312	544	765	  1	
313	 93	765	  1	
314	 64	765	  1	
315	 40	765	  1	
315	134	765	  1	
315	200	765	  1	
315	235	765	  1	
315	360	765	  1	
315	367	765	  1	
315	415	765	  1	
315	591	765	  1	
316	 29	765	  1	
317	  0	765	  1	
317	 24	765	  1	
317	 79	765	  1	
317	109	765	  1	
317	176	765	  1	
317	332	765	  1	
318	 35	765	  1	
318	164	765	  1	
319	157	765	  1	
319	408	765	  1	
320	  7	765	  1	
320	 43	765	  1	
320	 88	765	  1	
320	101	765	  1	
320	112	765	  1	
320	125	765	  1	
320	320	765	  1	
320	335	765	  1	
320	341	765	  1	
320	389	765	  1	
320	440	765	  1	
320	454	765	  1	
321	200	765	  1	
321	255	765	  1	
322	 32	765	  1	
322	155	765	  1	
323	327	765	  1	
323	547	765	  1	
325	112	765	  1	
325	205	765	  1	
325	288	765	  1	
327	 90	765	  1	
327	168	765	  1	
327	248	765	  1	
327	320	765	  1	
327	440	765	  1	
327	451	765	  1	
328	  8	765	  1	
328	 23	765	  1	
328	 26	765	  1	
328	 31	765	  1	
328	 56	765	  1	
328	 75	765	  1	
328	 88	765	  1	
328	 95	765	  1	
328	104	765	  1	
328	144	765	  1	
328	191	765	  1	
328	254	765	  1	
328	373	765	  1	
328	402	765	  1	
328	506	765	  1	
328	532	765	  1	
330	 16	765	  1	
330	184	765	  1	
331	280	765	  1	
331	296	765	  1	
331	512	765	  1	
333	 63	765	  1	
333	128	765	  1	
333	135	765	  1	
333	155	765	  1	
333	248	765	  1	
333	263	765	  1	
334	400	765	  1	
334	413	765	  1	
335	 23	765	  1	
335	 72	765	  1	
335	 79	765	  1	
335	104	765	  1	
335	144	765	  1	
335	160	765	  1	
335	191	765	  1	
335	528	765	  1	
336	 40	765	  1	
336	 80	765	  1	
336	112	765	  1	
336	143	765	  1	
336	176	765	  1	
336	219	765	  1	
336	270	765	  1	
336	286	765	  1	
336	354	765	  1	
336	383	765	  1	
336	560	765	  1	
337	280	765	  1	
338	 99	765	  1	
338	118	765	  1	
339	 32	765	  1	
339	 47	765	  1	
339	144	765	  1	
339	264	765	  1	
339	347	765	  1	
340	285	765	  1	
341	198	765	  1	
341	423	765	  1	
342	112	765	  1	
343	 40	765	  1	
343	176	765	  1	
343	216	765	  1	
343	223	765	  1	
343	280	765	  1	
344	  0	765	  1	
344	 24	765	  1	
344	105	765	  1	
344	117	765	  1	
344	128	765	  1	
344	208	765	  1	
344	217	765	  1	
344	272	765	  1	
344	309	765	  1	
344	380	765	  1	
344	412	765	  1	
344	460	765	  1	
346	135	765	  1	
346	304	765	  1	
347	 30	765	  1	
347	408	765	  1	
347	455	765	  1	
349	 20	765	  1	
349	400	765	  1	
349	407	765	  1	
349	471	765	  1	
350	104	765	  1	
350	168	765	  1	
350	463	765	  1	
351	208	765	  1	
351	309	765	  1	
351	376	765	  1	
351	412	765	  1	
352	 24	765	  1	
352	 80	765	  1	
352	 86	765	  1	
352	163	765	  1	
352	178	765	  1	
352	195	765	  1	
352	205	765	  1	
352	219	765	  1	
352	268	765	  1	
352	293	765	  1	
352	312	765	  1	
352	427	765	  1	
354	 16	765	  1	
354	189	765	  1	
354	279	765	  1	
355	136	765	  1	
357	 72	765	  1	
357	 83	765	  1	
357	200	765	  1	
357	287	765	  1	
357	320	765	  1	
357	424	765	  1	
358	223	765	  1	
359	 31	765	  1	
359	 43	765	  1	
359	160	765	  1	
359	167	765	  1	
359	192	765	  1	
359	430	765	  1	
360	  8	765	  1	
360	 60	765	  1	
360	 94	765	  1	
360	142	765	  1	
360	220	765	  1	
360	234	765	  1	
360	271	765	  1	
360	296	765	  1	
360	312	765	  1	
360	328	765	  1	
360	375	765	  1	
360	384	765	  1	
360	391	765	  1	
360	456	765	  1	
362	136	765	  1	
363	230	765	  1	
363	279	765	  1	
363	303	765	  1	
363	319	765	  1	
363	335	765	  1	
364	 24	765	  1	
365	 63	765	  1	
365	 86	765	  1	
365	142	765	  1	
366	 31	765	  1	
366	102	765	  1	
366	405	765	  1	
367	 91	765	  1	
367	136	765	  1	
367	220	765	  1	
367	296	765	  1	
367	312	765	  1	
367	328	765	  1	
367	375	765	  1	
367	387	765	  1	
368	  0	765	  1	
368	 12	765	  1	
368	 98	765	  1	
368	110	765	  1	
368	128	765	  1	
368	139	765	  1	
368	147	765	  1	
368	208	765	  1	
368	231	765	  1	
368	282	765	  1	
368	287	765	  1	
368	472	765	  1	
369	 16	765	  1	
370	 39	765	  1	
370	104	765	  1	
371	 56	765	  1	
373	285	765	  1	
374	 75	765	  1	
375	 84	765	  1	
375	103	765	  1	
375	117	765	  1	
375	248	765	  1	
375	357	765	  1	
375	472	765	  1	
375	538	765	  1	
376	 22	765	  1	
376	 48	765	  1	
376	 72	765	  1	
376	 93	765	  1	
376	123	765	  1	
376	132	765	  1	
376	151	765	  1	
376	295	765	  1	
376	368	765	  1	
376	406	765	  1	
376	586	765	  1	
377	379	765	  1	
377	545	765	  1	
378	 38	765	  1	
378	 88	765	  1	
379	 56	765	  1	
379	112	765	  1	
379	128	765	  1	
379	144	765	  1	
379	188	765	  1	
379	276	765	  1	
379	375	765	  1	
380	333	765	  1	
381	119	765	  1	
381	292	765	  1	
382	 32	765	  1	
382	 94	765	  1	
382	136	765	  1	
383	132	765	  1	
383	151	765	  1	
383	354	765	  1	
383	368	765	  1	
384	 40	765	  1	
384	 59	765	  1	
384	 80	765	  1	
384	128	765	  1	
384	168	765	  1	
384	232	765	  1	
384	239	765	  1	
384	454	765	  1	
386	 86	765	  1	
387	101	765	  1	
387	110	765	  1	
387	127	765	  1	
387	216	765	  1	
387	451	765	  1	
389	 53	765	  1	
389	138	765	  1	
390	139	765	  1	
390	320	765	  1	
390	448	765	  1	
391	 15	765	  1	
391	128	765	  1	
391	235	765	  1	
391	368	765	  1	
392	 18	765	  1	
392	 23	765	  1	
392	 61	765	  1	
392	104	765	  1	
392	163	765	  1	
392	245	765	  1	
392	280	765	  1	
392	302	765	  1	
392	391	765	  1	
395	168	765	  1	
395	256	765	  1	
396	 32	765	  1	
396	227	765	  1	
396	240	765	  1	
396	503	765	  1	
397	 56	765	  1	
397	110	765	  1	
397	287	765	  1	
397	310	765	  1	
399	 38	765	  1	
399	173	765	  1	
399	300	765	  1	
399	511	765	  1	
400	 40	765	  1	
400	 51	765	  1	
400	 88	765	  1	
400	 96	765	  1	
400	104	765	  1	
400	114	765	  1	
400	131	765	  1	
400	205	765	  1	
400	248	765	  1	
400	255	765	  1	
400	260	765	  1	
400	265	765	  1	
400	280	765	  1	
402	102	765	  1	
402	110	765	  1	
402	215	765	  1	
403	 32	765	  1	
403	 64	765	  1	
403	288	765	  1	
404	142	765	  1	
405	119	765	  1	
406	 37	765	  1	
406	104	765	  1	
406	296	765	  1	
406	352	765	  1	
407	 55	765	  1	
407	205	765	  1	
407	291	765	  1	
408	 40	765	  1	
408	176	765	  1	
408	218	765	  1	
408	248	765	  1	
408	269	765	  1	
408	431	765	  1	
410	424	765	  1	
411	 48	765	  1	
411	 80	765	  1	
411	167	765	  1	
411	183	765	  1	
412	332	765	  1	
413	 16	765	  1	
413	128	765	  1	
414	118	765	  1	
414	161	765	  1	
415	176	765	  1	
415	399	765	  1	
415	507	765	  1	
416	  1	765	  1	
416	138	765	  1	
416	144	765	  1	
416	151	765	  1	
416	250	765	  1	
416	280	765	  1	
416	296	765	  1	
416	452	765	  1	
416	472	765	  1	
416	479	765	  1	
417	 50	765	  1	
418	344	765	  1	
419	168	765	  1	
419	303	765	  1	
421	 24	765	  1	
422	110	765	  1	
423	147	765	  1	
423	160	765	  1	
423	255	765	  1	
423	296	765	  1	
423	411	765	  1	
423	427	765	  1	
424	 21	765	  1	
424	 32	765	  1	
424	 82	765	  1	
424	120	765	  1	
424	128	765	  1	
424	157	765	  1	
424	216	765	  1	
424	276	765	  1	
425	124	765	  1	
425	151	765	  1	
429	 40	765	  1	
429	223	765	  1	
430	 71	765	  1	
430	158	765	  1	
430	245	765	  1	
430	331	765	  1	
431	 44	765	  1	
431	 80	765	  1	
431	 87	765	  1	
431	128	765	  1	
431	335	765	  1	
431	398	765	  1	
432	 28	765	  1	
432	 39	765	  1	
432	 61	765	  1	
432	 94	765	  1	
432	107	765	  1	
432	118	765	  1	
432	184	765	  1	
432	226	765	  1	
432	231	765	  1	
432	280	765	  1	
432	287	765	  1	
432	312	765	  1	
432	344	765	  1	
434	120	765	  1	
435	 24	765	  1	
435	208	765	  1	
435	255	765	  1	
438	 39	765	  1	
438	309	765	  1	
439	 94	765	  1	
439	122	765	  1	
439	135	765	  1	
439	223	765	  1	
439	283	765	  1	
439	368	765	  1	
440	  2	765	  1	
440	  7	765	  1	
440	 51	765	  1	
440	156	765	  1	
440	168	765	  1	
440	175	765	  1	
440	184	765	  1	
440	261	765	  1	
440	277	765	  1	
440	293	765	  1	
441	163	765	  1	
443	112	765	  1	
445	103	765	  1	
445	142	765	  1	
445	152	765	  1	
445	272	765	  1	
446	  2	765	  1	
446	  7	765	  1	
446	156	765	  1	
446	213	765	  1	
446	260	765	  1	
447	 48	765	  1	
447	171	765	  1	
448	 58	765	  1	
448	104	765	  1	
448	160	765	  1	
448	288	765	  1	
448	351	765	  1	
448	568	765	  1	
450	 45	765	  1	
451	 40	765	  1	
451	 91	765	  1	
451	112	765	  1	
451	192	765	  1	
451	344	765	  1	
453	  7	765	  1	
453	136	765	  1	
453	208	765	  1	
453	256	765	  1	
453	280	765	  1	
454	117	765	  1	
454	268	765	  1	
455	 56	765	  1	
455	 63	765	  1	
455	351	765	  1	
456	 48	765	  1	
456	 53	765	  1	
456	184	765	  1	
456	202	765	  1	
456	459	765	  1	
458	312	765	  1	
459	 31	765	  1	
459	240	765	  1	
459	264	765	  1	
461	120	765	  1	
463	216	765	  1	
464	 67	765	  1	
464	131	765	  1	
464	152	765	  1	
464	208	765	  1	
464	248	765	  1	
464	258	765	  1	
464	290	765	  1	
464	351	765	  1	
466	215	765	  1	
469	 14	765	  1	
469	 47	765	  1	
469	 72	765	  1	
469	152	765	  1	
471	210	765	  1	
471	256	765	  1	
471	263	765	  1	
472	  1	765	  1	
472	 23	765	  1	
472	 42	765	  1	
472	 50	765	  1	
472	 83	765	  1	
472	 88	765	  1	
472	102	765	  1	
472	120	765	  1	
472	192	765	  1	
472	240	765	  1	
472	248	765	  1	
472	266	765	  1	
472	271	765	  1	
472	354	765	  1	
473	288	765	  1	
474	 79	765	  1	
476	257	765	  1	
476	541	765	  1	
478	 66	765	  1	
478	 99	765	  1	
479	 50	765	  1	
480	 53	765	  1	
480	 82	765	  1	
480	230	765	  1	
480	251	765	  1	
481	361	765	  1	
482	 48	765	  1	
482	224	765	  1	
483	 69	765	  1	
485	 80	765	  1	
485	 87	765	  1	
485	136	765	  1	
486	 54	765	  1	
487	248	765	  1	
487	255	765	  1	
488	  3	765	  1	
488	 13	765	  1	
488	 31	765	  1	
488	 79	765	  1	
488	 92	765	  1	
488	160	765	  1	
488	176	765	  1	
488	183	765	  1	
488	195	765	  1	
488	213	765	  1	
488	274	765	  1	
488	280	765	  1	
488	296	765	  1	
488	305	765	  1	
488	380	765	  1	
490	208	765	  1	
491	 24	765	  1	
491	253	765	  1	
491	264	765	  1	
492	144	765	  1	
492	159	765	  1	
493	  8	765	  1	
493	 48	765	  1	
493	 64	765	  1	
493	 79	765	  1	
493	288	765	  1	
493	383	765	  1	
494	147	765	  1	
494	214	765	  1	
494	277	765	  1	
494	357	765	  1	
495	  0	765	  1	
495	 31	765	  1	
495	179	765	  1	
495	192	765	  1	
495	199	765	  1	
495	378	765	  1	
496	 81	765	  1	
496	 87	765	  1	
496	133	765	  1	
496	144	765	  1	
496	158	765	  1	
496	221	765	  1	
496	262	765	  1	
496	301	765	  1	
498	  7	765	  1	
498	104	765	  1	
498	128	765	  1	
499	 72	765	  1	
499	184	765	  1	
499	192	765	  1	
499	240	765	  1	
499	311	765	  1	
499	352	765	  1	
500	132	765	  1	
501	 56	765	  1	
501	232	765	  1	
501	280	765	  1	
502	104	765	  1	
502	302	765	  1	
503	 16	765	  1	
503	147	765	  1	
503	167	765	  1	
504	 43	765	  1	
504	 88	765	  1	
504	128	765	  1	
504	179	765	  1	
504	224	765	  1	
504	230	765	  1	
504	245	765	  1	
504	253	765	  1	
504	288	765	  1	
504	328	765	  1	
505	352	765	  1	
506	123	765	  1	
506	334	765	  1	
507	104	765	  1	
507	184	765	  1	
507	208	765	  1	
509	227	765	  1	
509	303	765	  1	
509	328	765	  1	
510	 18	765	  1	
510	 40	765	  1	
510	 47	765	  1	
510	157	765	  1	
511	334	765	  1	
512	 14	765	  1	
512	 54	765	  1	
512	 92	765	  1	
512	102	765	  1	
512	110	765	  1	
512	125	765	  1	
512	147	765	  1	
512	182	765	  1	
512	190	765	  1	
512	199	765	  1	
512	222	765	  1	
512	264	765	  1	
512	280	765	  1	
512	284	765	  1	
513	298	765	  1	
513	303	765	  1	
514	208	765	  1	
514	270	765	  1	
515	  8	765	  1	
515	 64	765	  1	
515	 96	765	  1	
515	135	765	  1	
515	152	765	  1	
515	312	765	  1	
516	359	765	  1	
517	 40	765	  1	
517	 51	765	  1	
517	107	765	  1	
517	160	765	  1	
517	171	765	  1	
518	120	765	  1	
518	187	765	  1	
518	264	765	  1	
518	287	765	  1	
518	317	765	  1	
518	322	765	  1	
519	181	765	  1	
519	240	765	  1	
519	399	765	  1	
519	440	765	  1	
520	 15	765	  1	
520	 61	765	  1	
520	 77	765	  1	
520	102	765	  1	
520	110	765	  1	
520	164	765	  1	
520	184	765	  1	
520	277	765	  1	
520	304	765	  1	
520	326	765	  1	
522	272	765	  1	
523	 23	765	  1	
523	 47	765	  1	
525	 90	765	  1	
525	308	765	  1	
525	314	765	  1	
525	319	765	  1	
526	108	765	  1	
526	278	765	  1	
526	323	765	  1	
526	352	765	  1	
526	359	765	  1	
527	 40	765	  1	
528	100	765	  1	
528	126	765	  1	
528	135	765	  1	
528	146	765	  1	
528	232	765	  1	
528	245	765	  1	
528	268	765	  1	
528	284	765	  1	
528	320	765	  1	
528	368	765	  1	
529	196	765	  1	
530	168	765	  1	
530	175	765	  1	
530	359	765	  1	
531	207	765	  1	
531	254	765	  1	
531	375	765	  1	
532	192	765	  1	
532	278	765	  1	
533	120	765	  1	
533	130	765	  1	
533	144	765	  1	
533	151	765	  1	
533	240	765	  1	
533	264	765	  1	
533	287	765	  1	
533	384	765	  1	
533	494	765	  1	
534	248	765	  1	
535	 97	765	  1	
535	312	765	  1	
535	368	765	  1	
536	 40	765	  1	
536	 50	765	  1	
536	 55	765	  1	
536	110	765	  1	
536	184	765	  1	
537	 56	765	  1	
537	 63	765	  1	
538	104	765	  1	
538	189	765	  1	
538	400	765	  1	
539	157	765	  1	
541	215	765	  1	
541	296	765	  1	
542	127	765	  1	
543	110	765	  1	
543	152	765	  1	
543	232	765	  1	
544	  8	765	  1	
544	 80	765	  1	
544	 96	765	  1	
544	112	765	  1	
544	168	765	  1	
544	184	765	  1	
544	208	765	  1	
544	216	765	  1	
544	236	765	  1	
544	275	765	  1	
544	288	765	  1	
544	311	765	  1	
544	314	765	  1	
544	387	765	  1	
544	399	765	  1	
546	104	765	  1	
547	 47	765	  1	
547	223	765	  1	
547	256	765	  1	
547	431	765	  1	
548	120	765	  1	
549	 87	765	  1	
549	319	765	  1	
550	 15	765	  1	
550	200	765	  1	
551	168	765	  1	
551	216	765	  1	
551	387	765	  1	
551	439	765	  1	
552	 96	765	  1	
552	103	765	  1	
552	127	765	  1	
552	162	765	  1	
552	192	765	  1	
552	264	765	  1	
552	271	765	  1	
552	352	765	  1	
553	303	765	  1	
554	198	765	  1	
555	158	765	  1	
555	359	765	  1	
557	134	765	  1	
557	167	765	  1	
557	224	765	  1	
557	229	765	  1	
558	192	765	  1	
558	339	765	  1	
559	 32	765	  1	
559	267	765	  1	
559	295	765	  1	
559	302	765	  1	
559	315	765	  1	
559	352	765	  1	
560	  8	765	  1	
560	112	765	  1	
560	152	765	  1	
560	168	765	  1	
560	208	765	  1	
560	368	765	  1	
561	203	765	  1	
563	 85	765	  1	
563	280	765	  1	
563	383	765	  1	
565	 70	765	  1	
565	114	765	  1	
565	256	765	  1	
565	263	765	  1	
566	  8	765	  1	
567	376	765	  1	
568	 10	765	  1	
568	195	765	  1	
568	200	765	  1	
568	221	765	  1	
568	253	765	  1	
568	288	765	  1	
568	320	765	  1	
568	439	765	  1	
569	215	765	  1	
570	  7	765	  1	
570	 93	765	  1	
570	140	765	  1	
570	235	765	  1	
570	339	765	  1	
571	 80	765	  1	
571	130	765	  1	
571	151	765	  1	
571	240	765	  1	
571	326	765	  1	
571	432	765	  1	
572	296	765	  1	
573	280	765	  1	
573	452	765	  1	
574	288	765	  1	
575	439	765	  1	
575	487	765	  1	
576	139	765	  1	
576	185	765	  1	
576	216	765	  1	
576	240	765	  1	
576	400	765	  1	
576	408	765	  1	
579	168	765	  1	
579	200	765	  1	
579	224	765	  1	
579	243	765	  1	
579	415	765	  1	
580	146	765	  1	
581	219	765	  1	
581	295	765	  1	
582	240	765	  1	
582	404	765	  1	
583	408	765	  1	
584	  0	765	  1	
584	 80	765	  1	
584	 87	765	  1	
584	 92	765	  1	
584	 96	765	  1	
584	107	765	  1	
584	128	765	  1	
584	158	765	  1	
584	193	765	  1	
584	207	765	  1	
584	263	765	  1	
584	267	765	  1	
584	296	765	  1	
586	341	765	  1	
587	336	765	  1	
587	440	765	  1	
589	100	765	  1	
590	109	765	  1	
590	192	765	  1	
590	299	765	  1	
591	135	765	  1	
591	376	765	  1	
591	383	765	  1	
592	  3	765	  1	
592	111	765	  1	
592	136	765	  1	
592	168	765	  1	
592	187	765	  1	
592	206	765	  1	
592	211	765	  1	
592	216	765	  1	
592	223	765	  1	
592	252	765	  1	
592	327	765	  1	
592	410	765	  1	
593	272	765	  1	
594	464	765	  1	
595	267	765	  1	
595	304	765	  1	
595	311	765	  1	
595	479	765	  1	
596	 78	765	  1	
596	106	765	  1	
597	 91	765	  1	
597	102	765	  1	
597	384	765	  1	
598	 39	765	  1	
598	 72	765	  1	
599	  0	765	  1	
599	  7	765	  1	
599	 96	765	  1	
599	136	765	  1	
599	184	765	  1	
599	191	765	  1	
599	208	765	  1	
599	512	765	  1	
600	102	765	  1	
600	176	765	  1	
600	192	765	  1	
600	269	765	  1	
600	288	765	  1	
600	295	765	  1	
600	368	765	  1	
605	 78	765	  1	
605	104	765	  1	
605	256	765	  1	
605	315	765	  1	
607	 31	765	  1	
607	180	765	  1	
607	192	765	  1	
607	368	765	  1	
608	 80	765	  1	
608	200	765	  1	
608	207	765	  1	
608	269	765	  1	
608	308	765	  1	
608	336	765	  1	
608	344	765	  1	
609	286	765	  1	
610	215	765	  1	
610	264	765	  1	
611	  0	765	  1	
612	 31	765	  1	
612	390	765	  1	
614	209	765	  1	
614	384	765	  1	
615	103	765	  1	
615	203	765	  1	
615	336	765	  1	
615	344	765	  1	
615	395	765	  1	
615	424	765	  1	
616	 62	765	  1	
616	144	765	  1	
616	268	765	  1	
616	286	765	  1	
616	322	765	  1	
619	350	765	  1	
620	261	765	  1	
620	269	765	  1	
621	214	765	  1	
621	284	765	  1	
624	168	765	  1	
624	195	765	  1	
624	200	765	  1	
624	270	765	  1	
624	347	765	  1	
626	175	765	  1	
628	264	765	  1	
629	168	765	  1	
629	192	765	  1	
629	299	765	  1	
630	251	765	  1	
630	308	765	  1	
632	264	765	  1	
632	374	765	  1	
632	511	765	  1	
635	141	765	  1	
635	535	765	  1	
637	 74	765	  1	
637	391	765	  1	
638	263	765	  1	
639	 79	765	  1	
639	135	765	  1	
639	423	765	  1	
639	488	765	  1	
640	 63	765	  1	
640	120	765	  1	
640	136	765	  1	
640	149	765	  1	
640	157	765	  1	
644	 68	765	  1	
645	141	765	  1	
647	 76	765	  1	
648	 58	765	  1	
648	278	765	  1	
650	351	765	  1	
651	103	765	  1	
651	280	765	  1	
652	 79	765	  1	
653	508	765	  1	
655	 56	765	  1	
655	 68	765	  1	
655	190	765	  1	
655	563	765	  1	
656	111	765	  1	
659	 79	765	  1	
662	141	765	  1	
663	 75	765	  1	
664	115	765	  1	
664	144	765	  1	
664	192	765	  1	
667	327	765	  1	
675	229	765	  1	
680	455	765	  1	
683	559	765	  1	
687	114	765	  1	
696	293	765	  1	
700	418	765	  1	
712	199	765	  1	
718	255	765	  1	
727	327	765	  1	
