# 
#  Image file: Goad2_T0050.jpg
#  Applied threshold: 575
#  Algorithm used: fill2                 
#  Particle count: 1987
#  Location (x,y), max luminance, and mass:
# 
  5	232	765	  1	
  8	191	765	  1	
 10	320	765	  1	
 12	 79	765	  1	
 12	159	765	  1	
 12	184	765	  1	
 13	231	765	  1	
 13	438	765	  1	
 14	188	765	  1	
 14	424	765	  1	
 19	474	765	  1	
 19	477	765	  1	
 23	207	765	  1	
 28	159	765	  1	
 28	161	765	  1	
 28	523	765	  1	
 31	191	765	  1	
 32	188	765	  1	
 32	243	765	  1	
 34	276	765	  1	
 38	224	765	  1	
 40	216	765	  1	
 40	315	765	  1	
 40	416	765	  1	
 43	234	765	  1	
 46	239	765	  1	
 48	167	765	  1	
 54	251	765	  1	
 54	499	765	  1	
 59	415	765	  1	
 63	101	765	  1	
 64	336	765	  1	
 64	504	765	  1	
 65	102	765	  1	
 71	101	765	  1	
 71	104	765	  1	
 72	224	765	  1	
 72	231	765	  1	
 77	359	765	  1	
 79	258	765	  1	
 80	139	765	  1	
 80	191	765	  1	
 80	199	765	  1	
 80	243	765	  1	
 80	448	765	  1	
 83	343	765	  1	
 88	123	765	  1	
 88	127	765	  1	
 88	228	765	  1	
 88	240	765	  1	
 88	440	765	  1	
 90	191	765	  1	
 92	415	765	  1	
 94	 63	765	  1	
 95	384	765	  1	
100	260	765	  1	
103	 95	765	  1	
103	103	765	  1	
103	219	765	  1	
103	423	765	  1	
104	200	765	  1	
104	224	765	  1	
104	247	765	  1	
104	347	765	  1	
106	514	765	  1	
107	114	765	  1	
107	312	765	  1	
107	396	765	  1	
108	458	765	  1	
110	213	765	  1	
111	224	765	  1	
111	247	765	  1	
112	152	765	  1	
114	197	765	  1	
115	159	765	  1	
118	168	765	  1	
119	152	765	  1	
119	384	765	  1	
119	399	765	  1	
119	531	765	  1	
120	 96	765	  1	
120	155	765	  1	
120	160	765	  1	
122	246	765	  1	
123	136	765	  1	
123	407	765	  1	
123	456	765	  1	
124	102	765	  1	
125	232	765	  1	
127	 55	765	  1	
127	155	765	  1	
127	160	765	  1	
127	240	765	  1	
128	128	765	  1	
128	135	765	  1	
128	237	765	  1	
128	287	765	  1	
128	463	765	  1	
130	296	765	  1	
130	392	765	  1	
131	252	765	  1	
132	408	765	  1	
133	  2	765	  1	
133	458	765	  1	
134	415	765	  1	
135	237	765	  1	
135	520	765	  1	
136	123	765	  1	
136	209	765	  1	
136	223	765	  1	
136	275	765	  1	
136	383	765	  1	
138	128	765	  1	
138	214	765	  1	
138	346	765	  1	
139	375	765	  1	
139	527	765	  1	
141	183	765	  1	
142	235	765	  1	
143	248	765	  1	
143	357	765	  1	
143	520	765	  1	
144	119	765	  1	
144	140	765	  1	
144	160	765	  1	
144	224	765	  1	
144	231	765	  1	
144	312	765	  1	
144	319	765	  1	
144	416	765	  1	
144	538	765	  1	
145	136	765	  1	
145	287	765	  1	
145	594	765	  1	
147	267	765	  1	
148	227	765	  1	
149	114	765	  1	
149	141	765	  1	
150	187	765	  1	
151	104	765	  1	
151	136	765	  1	
151	315	765	  1	
151	373	765	  1	
152	 90	765	  1	
152	134	765	  1	
152	200	765	  1	
152	219	765	  1	
152	256	765	  1	
152	471	765	  1	
154	334	765	  1	
155	 72	765	  1	
155	128	765	  1	
155	159	765	  1	
155	173	765	  1	
156	 95	765	  1	
156	215	765	  1	
157	179	765	  1	
158	 88	765	  1	
158	103	765	  1	
158	207	765	  1	
159	  0	765	  1	
159	 64	765	  1	
159	152	765	  1	
159	216	765	  1	
159	223	765	  1	
159	309	765	  1	
159	333	765	  1	
159	471	765	  1	
160	 86	765	  1	
160	134	765	  1	
160	304	765	  1	
160	320	765	  1	
160	360	765	  1	
162	216	765	  1	
162	333	765	  1	
163	143	765	  1	
163	310	765	  1	
163	367	765	  1	
165	112	765	  1	
165	192	765	  1	
165	256	765	  1	
166	128	765	  1	
167	  8	765	  1	
167	184	765	  1	
167	222	765	  1	
167	360	765	  1	
168	 22	765	  1	
168	104	765	  1	
168	111	765	  1	
168	119	765	  1	
168	136	765	  1	
168	152	765	  1	
168	199	765	  1	
168	204	765	  1	
168	251	765	  1	
168	278	765	  1	
168	312	765	  1	
168	319	765	  1	
168	376	765	  1	
169	178	765	  1	
169	490	765	  1	
170	142	765	  1	
171	 15	765	  1	
171	263	765	  1	
171	296	765	  1	
171	416	765	  1	
172	152	765	  1	
174	 20	765	  1	
174	136	765	  1	
174	206	765	  1	
174	268	765	  1	
174	301	765	  1	
175	119	765	  1	
175	178	765	  1	
175	195	765	  1	
175	248	765	  1	
175	255	765	  1	
175	315	765	  1	
175	383	765	  1	
176	115	765	  1	
176	154	765	  1	
176	277	765	  1	
177	 79	765	  1	
178	 87	765	  1	
178	200	765	  1	
178	223	765	  1	
178	272	765	  1	
179	376	765	  1	
179	471	765	  1	
179	592	765	  1	
181	110	765	  1	
182	156	765	  1	
182	188	765	  1	
182	196	765	  1	
182	247	765	  1	
182	260	765	  1	
182	278	765	  1	
182	598	765	  1	
183	 40	765	  1	
183	 79	765	  1	
183	119	765	  1	
183	207	765	  1	
184	 48	765	  1	
184	105	765	  1	
184	128	765	  1	
184	132	765	  1	
184	160	765	  1	
184	165	765	  1	
184	184	765	  1	
184	191	765	  1	
184	264	765	  1	
184	291	765	  1	
184	309	765	  1	
184	359	765	  1	
187	 55	765	  1	
187	 85	765	  1	
187	176	765	  1	
189	152	765	  1	
190	  0	765	  1	
190	 74	765	  1	
190	133	765	  1	
190	377	765	  1	
191	 48	765	  1	
191	 79	765	  1	
191	128	765	  1	
191	288	765	  1	
191	295	765	  1	
191	359	765	  1	
192	 40	765	  1	
192	 47	765	  1	
192	 99	765	  1	
192	120	765	  1	
192	144	765	  1	
192	150	765	  1	
192	238	765	  1	
192	268	765	  1	
192	277	765	  1	
192	299	765	  1	
192	337	765	  1	
192	363	765	  1	
194	175	765	  1	
195	 54	765	  1	
195	207	765	  1	
195	295	765	  1	
197	243	765	  1	
198	232	765	  1	
199	  4	765	  1	
199	 43	765	  1	
199	268	765	  1	
199	288	765	  1	
199	296	765	  1	
199	303	765	  1	
200	 13	765	  1	
200	 80	765	  1	
200	 87	765	  1	
200	 99	765	  1	
200	112	765	  1	
200	136	765	  1	
200	152	765	  1	
200	166	765	  1	
200	291	765	  1	
200	358	765	  1	
202	 72	765	  1	
205	144	765	  1	
205	151	765	  1	
205	160	765	  1	
205	482	765	  1	
205	495	765	  1	
207	118	765	  1	
207	147	765	  1	
207	472	765	  1	
207	488	765	  1	
208	  8	765	  1	
208	 50	765	  1	
208	110	765	  1	
208	120	765	  1	
208	124	765	  1	
208	144	765	  1	
208	150	765	  1	
208	176	765	  1	
208	200	765	  1	
208	207	765	  1	
208	287	765	  1	
208	336	765	  1	
208	403	765	  1	
208	448	765	  1	
208	456	765	  1	
209	106	765	  1	
210	 87	765	  1	
211	160	765	  1	
211	183	765	  1	
211	254	765	  1	
211	280	765	  1	
211	345	765	  1	
211	554	765	  1	
212	 55	765	  1	
212	589	765	  1	
213	 80	765	  1	
213	147	765	  1	
214	 40	765	  1	
214	 47	765	  1	
214	248	765	  1	
214	315	765	  1	
214	351	765	  1	
214	440	765	  1	
215	176	765	  1	
215	192	765	  1	
215	203	765	  1	
215	224	765	  1	
215	287	765	  1	
215	311	765	  1	
215	456	765	  1	
216	 72	765	  1	
216	 96	765	  1	
216	154	765	  1	
216	183	765	  1	
216	291	765	  1	
216	531	765	  1	
218	288	765	  1	
219	  4	765	  1	
219	 86	765	  1	
219	144	765	  1	
219	401	765	  1	
219	407	765	  1	
220	368	765	  1	
220	402	765	  1	
221	126	765	  1	
221	254	765	  1	
221	280	765	  1	
221	293	765	  1	
222	149	765	  1	
223	159	765	  1	
223	544	765	  1	
224	 48	765	  1	
224	 93	765	  1	
224	104	765	  1	
224	117	765	  1	
224	123	765	  1	
224	128	765	  1	
224	144	765	  1	
224	175	765	  1	
224	184	765	  1	
224	190	765	  1	
224	295	765	  1	
224	309	765	  1	
224	352	765	  1	
224	416	765	  1	
224	423	765	  1	
224	450	765	  1	
227	168	765	  1	
227	359	765	  1	
229	 88	765	  1	
230	144	765	  1	
231	 75	765	  1	
231	151	765	  1	
231	159	765	  1	
231	285	765	  1	
231	288	765	  1	
231	352	765	  1	
231	419	765	  1	
231	439	765	  1	
231	472	765	  1	
232	  8	765	  1	
232	 79	765	  1	
232	 96	765	  1	
232	168	765	  1	
232	176	765	  1	
232	182	765	  1	
232	223	765	  1	
232	235	765	  1	
232	271	765	  1	
232	296	765	  1	
232	317	765	  1	
232	368	765	  1	
232	416	765	  1	
232	431	765	  1	
232	451	765	  1	
232	480	765	  1	
232	552	765	  1	
233	111	765	  1	
233	207	765	  1	
234	174	765	  1	
234	217	765	  1	
235	375	765	  1	
236	144	765	  1	
237	 64	765	  1	
237	166	765	  1	
237	312	765	  1	
237	408	765	  1	
238	 12	765	  1	
238	152	765	  1	
239	128	765	  1	
239	200	765	  1	
239	232	765	  1	
239	239	765	  1	
239	431	765	  1	
240	 15	765	  1	
240	 24	765	  1	
240	 31	765	  1	
240	 39	765	  1	
240	 43	765	  1	
240	 54	765	  1	
240	136	765	  1	
240	183	765	  1	
240	191	765	  1	
240	208	765	  1	
240	245	765	  1	
240	350	765	  1	
240	364	765	  1	
240	386	765	  1	
240	535	765	  1	
241	 32	765	  1	
242	102	765	  1	
242	109	765	  1	
242	159	765	  1	
243	 64	765	  1	
243	144	765	  1	
244	213	765	  1	
244	247	765	  1	
244	468	765	  1	
245	 94	765	  1	
245	369	765	  1	
246	304	765	  1	
247	 27	765	  1	
247	152	765	  1	
247	480	765	  1	
248	 50	765	  1	
248	 59	765	  1	
248	 72	765	  1	
248	113	765	  1	
248	144	765	  1	
248	150	765	  1	
248	160	765	  1	
248	164	765	  1	
248	168	765	  1	
248	472	765	  1	
248	536	765	  1	
250	 88	765	  1	
250	153	765	  1	
250	202	765	  1	
250	352	765	  1	
250	359	765	  1	
250	380	765	  1	
250	437	765	  1	
251	 63	765	  1	
251	110	765	  1	
251	272	765	  1	
251	301	765	  1	
251	479	765	  1	
252	 32	765	  1	
252	192	765	  1	
253	 99	765	  1	
253	142	765	  1	
253	264	765	  1	
253	269	765	  1	
253	286	765	  1	
254	 94	765	  1	
255	 49	765	  1	
255	 54	765	  1	
255	168	765	  1	
255	250	765	  1	
255	380	765	  1	
255	472	765	  1	
256	 66	765	  1	
256	104	765	  1	
256	124	765	  1	
256	216	765	  1	
256	259	765	  1	
256	320	765	  1	
256	327	765	  1	
256	396	765	  1	
256	462	765	  1	
256	559	765	  1	
256	584	765	  1	
257	 15	765	  1	
257	136	765	  1	
258	174	765	  1	
258	196	765	  1	
258	291	765	  1	
259	184	765	  1	
259	256	765	  1	
259	323	765	  1	
259	350	765	  1	
260	223	765	  1	
261	 63	765	  1	
261	167	765	  1	
261	360	765	  1	
261	462	765	  1	
262	144	765	  1	
262	207	765	  1	
262	280	765	  1	
262	287	765	  1	
263	  8	765	  1	
263	183	765	  1	
263	192	765	  1	
263	203	765	  1	
263	320	765	  1	
263	327	765	  1	
263	397	765	  1	
263	409	765	  1	
263	464	765	  1	
263	559	765	  1	
264	  7	765	  1	
264	 53	765	  1	
264	 88	765	  1	
264	 94	765	  1	
264	111	765	  1	
264	118	765	  1	
264	136	765	  1	
264	174	765	  1	
264	216	765	  1	
264	226	765	  1	
264	231	765	  1	
264	288	765	  1	
264	292	765	  1	
264	304	765	  1	
264	336	765	  1	
264	400	765	  1	
264	494	765	  1	
265	488	765	  1	
266	168	765	  1	
267	  1	765	  1	
267	 66	765	  1	
267	 76	765	  1	
268	494	765	  1	
269	 91	765	  1	
269	 96	765	  1	
269	160	765	  1	
269	174	765	  1	
269	192	765	  1	
269	217	765	  1	
269	342	765	  1	
270	118	765	  1	
271	168	765	  1	
271	304	765	  1	
271	402	765	  1	
271	464	765	  1	
271	471	765	  1	
271	488	765	  1	
271	552	765	  1	
272	  8	765	  1	
272	 16	765	  1	
272	180	765	  1	
272	216	765	  1	
272	271	765	  1	
272	320	765	  1	
272	326	765	  1	
272	331	765	  1	
272	352	765	  1	
272	375	765	  1	
272	384	765	  1	
272	391	765	  1	
272	400	765	  1	
272	440	765	  1	
272	444	765	  1	
272	496	765	  1	
272	535	765	  1	
274	294	765	  1	
274	383	765	  1	
275	 15	765	  1	
275	 48	765	  1	
275	 80	765	  1	
275	264	765	  1	
275	359	765	  1	
275	368	765	  1	
276	228	765	  1	
277	126	765	  1	
277	139	765	  1	
277	206	765	  1	
277	323	765	  1	
278	 23	765	  1	
278	103	765	  1	
278	312	765	  1	
278	445	765	  1	
278	456	765	  1	
278	463	765	  1	
279	  8	765	  1	
279	 55	765	  1	
279	192	765	  1	
279	271	765	  1	
279	352	765	  1	
279	375	765	  1	
279	387	765	  1	
279	414	765	  1	
279	440	765	  1	
280	  0	765	  1	
280	 72	765	  1	
280	104	765	  1	
280	108	765	  1	
280	112	765	  1	
280	131	765	  1	
280	163	765	  1	
280	208	765	  1	
280	234	765	  1	
280	240	765	  1	
280	253	765	  1	
280	309	765	  1	
280	344	765	  1	
280	415	765	  1	
283	156	765	  1	
283	426	765	  1	
284	149	765	  1	
285	  4	765	  1	
285	216	765	  1	
285	351	765	  1	
287	115	765	  1	
287	192	765	  1	
287	415	765	  1	
287	566	765	  1	
288	 88	765	  1	
288	 95	765	  1	
288	172	765	  1	
288	184	765	  1	
288	232	765	  1	
288	238	765	  1	
288	291	765	  1	
288	313	765	  1	
288	318	765	  1	
288	540	765	  1	
288	568	765	  1	
288	578	765	  1	
289	198	765	  1	
289	333	765	  1	
291	 72	765	  1	
291	136	765	  1	
291	214	765	  1	
291	401	765	  1	
292	168	765	  1	
292	184	765	  1	
292	392	765	  1	
292	574	765	  1	
292	583	765	  1	
293	148	765	  1	
293	175	765	  1	
293	314	765	  1	
293	319	765	  1	
294	475	765	  1	
294	576	765	  1	
294	591	765	  1	
295	 88	765	  1	
295	 95	765	  1	
295	197	765	  1	
295	384	765	  1	
296	  8	765	  1	
296	 63	765	  1	
296	 78	765	  1	
296	104	765	  1	
296	138	765	  1	
296	160	765	  1	
296	175	765	  1	
296	184	765	  1	
296	232	765	  1	
296	239	765	  1	
296	251	765	  1	
296	373	765	  1	
296	387	765	  1	
296	415	765	  1	
296	552	765	  1	
298	 16	765	  1	
298	115	765	  1	
299	 56	765	  1	
299	 71	765	  1	
299	111	765	  1	
299	207	765	  1	
299	296	765	  1	
299	350	765	  1	
300	168	765	  1	
300	180	765	  1	
300	379	765	  1	
301	 75	765	  1	
301	 88	765	  1	
301	103	765	  1	
301	287	765	  1	
301	312	765	  1	
301	368	765	  1	
302	186	765	  1	
302	384	765	  1	
303	 63	765	  1	
303	136	765	  1	
303	143	765	  1	
303	332	765	  1	
303	406	765	  1	
303	415	765	  1	
304	  7	765	  1	
304	 19	765	  1	
304	120	765	  1	
304	130	765	  1	
304	135	765	  1	
304	207	765	  1	
304	211	765	  1	
304	301	765	  1	
304	366	765	  1	
304	376	765	  1	
306	 72	765	  1	
306	 90	765	  1	
306	184	765	  1	
306	232	765	  1	
306	245	765	  1	
308	255	765	  1	
309	 95	765	  1	
309	294	765	  1	
309	328	765	  1	
310	 78	765	  1	
310	205	765	  1	
310	351	765	  1	
310	364	765	  1	
311	239	765	  1	
311	260	765	  1	
311	312	765	  1	
311	376	765	  1	
312	  7	765	  1	
312	 58	765	  1	
312	 66	765	  1	
312	 72	765	  1	
312	117	765	  1	
312	151	765	  1	
312	159	765	  1	
312	166	765	  1	
312	176	765	  1	
312	224	765	  1	
312	309	765	  1	
312	322	765	  1	
312	333	765	  1	
312	379	765	  1	
312	408	765	  1	
312	416	765	  1	
312	423	765	  1	
312	427	765	  1	
312	459	765	  1	
312	474	765	  1	
314	377	765	  1	
315	263	765	  1	
315	272	765	  1	
317	 23	765	  1	
317	 60	765	  1	
317	110	765	  1	
317	146	765	  1	
317	163	765	  1	
317	192	765	  1	
317	320	765	  1	
317	327	765	  1	
317	367	765	  1	
317	383	765	  1	
317	451	765	  1	
318	  0	765	  1	
318	432	765	  1	
318	472	765	  1	
319	 56	765	  1	
319	152	765	  1	
319	159	765	  1	
319	237	765	  1	
319	408	765	  1	
319	456	765	  1	
319	463	765	  1	
319	495	765	  1	
320	 38	765	  1	
320	 88	765	  1	
320	101	765	  1	
320	123	765	  1	
320	168	765	  1	
320	229	765	  1	
320	250	765	  1	
320	267	765	  1	
320	293	765	  1	
320	301	765	  1	
320	391	765	  1	
320	418	765	  1	
320	499	765	  1	
321	 98	765	  1	
322	216	765	  1	
323	213	765	  1	
323	383	765	  1	
323	479	765	  1	
324	103	765	  1	
325	288	765	  1	
325	296	765	  1	
325	344	765	  1	
325	375	765	  1	
325	386	765	  1	
326	336	765	  1	
327	 39	765	  1	
327	 96	765	  1	
327	168	765	  1	
327	487	765	  1	
327	576	765	  1	
328	  8	765	  1	
328	 37	765	  1	
328	 75	765	  1	
328	103	765	  1	
328	107	765	  1	
328	150	765	  1	
328	203	765	  1	
328	219	765	  1	
328	304	765	  1	
328	400	765	  1	
328	419	765	  1	
328	448	765	  1	
329	112	765	  1	
330	215	765	  1	
330	254	765	  1	
330	310	765	  1	
330	453	765	  1	
331	 62	765	  1	
331	124	765	  1	
331	280	765	  1	
331	407	765	  1	
332	 24	765	  1	
332	225	765	  1	
333	176	765	  1	
333	264	765	  1	
333	294	765	  1	
334	 11	765	  1	
334	248	765	  1	
334	304	765	  1	
335	 72	765	  1	
335	 79	765	  1	
335	112	765	  1	
335	231	765	  1	
335	400	765	  1	
336	  0	765	  1	
336	 22	765	  1	
336	 46	765	  1	
336	 55	765	  1	
336	 69	765	  1	
336	 88	765	  1	
336	165	765	  1	
336	179	765	  1	
336	208	765	  1	
336	215	765	  1	
336	221	765	  1	
336	239	765	  1	
336	256	765	  1	
336	309	765	  1	
336	355	765	  1	
336	365	765	  1	
336	383	765	  1	
336	398	765	  1	
336	442	765	  1	
336	458	765	  1	
336	504	765	  1	
338	  6	765	  1	
338	184	765	  1	
338	246	765	  1	
338	288	765	  1	
338	422	765	  1	
339	165	765	  1	
339	232	765	  1	
339	376	765	  1	
341	 64	765	  1	
341	102	765	  1	
341	174	765	  1	
341	264	765	  1	
342	  0	765	  1	
342	190	765	  1	
342	240	765	  1	
342	294	765	  1	
343	 19	765	  1	
343	167	765	  1	
343	221	765	  1	
343	359	765	  1	
343	383	765	  1	
344	  8	765	  1	
344	 40	765	  1	
344	 51	765	  1	
344	 71	765	  1	
344	 74	765	  1	
344	 93	765	  1	
344	171	765	  1	
344	182	765	  1	
344	195	765	  1	
344	200	765	  1	
344	206	765	  1	
344	252	765	  1	
344	272	765	  1	
344	312	765	  1	
344	320	765	  1	
344	344	765	  1	
344	351	765	  1	
344	370	765	  1	
344	379	765	  1	
344	384	765	  1	
344	400	765	  1	
344	423	765	  1	
344	560	765	  1	
346	 61	765	  1	
347	 66	765	  1	
349	 14	765	  1	
349	200	765	  1	
349	207	765	  1	
349	296	765	  1	
349	407	765	  1	
349	591	765	  1	
350	255	765	  1	
350	312	765	  1	
351	347	765	  1	
351	376	765	  1	
352	 87	765	  1	
352	 91	765	  1	
352	128	765	  1	
352	138	765	  1	
352	143	765	  1	
352	168	765	  1	
352	175	765	  1	
352	208	765	  1	
352	215	765	  1	
352	228	765	  1	
352	256	765	  1	
352	267	765	  1	
352	368	765	  1	
352	375	765	  1	
352	536	765	  1	
353	 25	765	  1	
354	279	765	  1	
355	  8	765	  1	
355	184	765	  1	
355	224	765	  1	
356	175	765	  1	
357	 31	765	  1	
357	256	765	  1	
358	275	765	  1	
359	168	765	  1	
359	538	765	  1	
360	 64	765	  1	
360	144	765	  1	
360	165	765	  1	
360	182	765	  1	
360	216	765	  1	
360	223	765	  1	
360	248	765	  1	
360	276	765	  1	
360	285	765	  1	
360	302	765	  1	
360	312	765	  1	
360	319	765	  1	
360	346	765	  1	
360	352	765	  1	
360	359	765	  1	
360	375	765	  1	
360	519	765	  1	
360	598	765	  1	
361	158	765	  1	
362	  0	765	  1	
362	 24	765	  1	
362	191	765	  1	
362	296	765	  1	
362	368	765	  1	
362	415	765	  1	
363	176	765	  1	
363	367	765	  1	
365	256	765	  1	
365	331	765	  1	
366	167	765	  1	
366	402	765	  1	
367	219	765	  1	
367	276	765	  1	
367	355	765	  1	
367	360	765	  1	
367	519	765	  1	
367	531	765	  1	
368	  8	765	  1	
368	 30	765	  1	
368	107	765	  1	
368	120	765	  1	
368	126	765	  1	
368	136	765	  1	
368	142	765	  1	
368	253	765	  1	
368	279	765	  1	
368	298	765	  1	
368	379	765	  1	
368	392	765	  1	
368	463	765	  1	
368	536	765	  1	
369	303	765	  1	
370	 24	765	  1	
370	270	765	  1	
370	541	765	  1	
371	112	765	  1	
372	152	765	  1	
372	272	765	  1	
372	460	765	  1	
373	 72	765	  1	
373	123	765	  1	
373	304	765	  1	
373	439	765	  1	
374	 48	765	  1	
374	 55	765	  1	
374	192	765	  1	
374	248	765	  1	
374	380	765	  1	
375	360	765	  1	
375	536	765	  1	
375	552	765	  1	
376	  2	765	  1	
376	 15	765	  1	
376	 43	765	  1	
376	116	765	  1	
376	144	765	  1	
376	174	765	  1	
376	176	765	  1	
376	186	765	  1	
376	191	765	  1	
376	343	765	  1	
376	368	765	  1	
376	385	765	  1	
376	403	765	  1	
377	 10	765	  1	
378	 15	765	  1	
378	 78	765	  1	
378	264	765	  1	
378	296	765	  1	
378	376	765	  1	
379	160	765	  1	
379	183	765	  1	
379	350	765	  1	
379	587	765	  1	
380	338	765	  1	
381	 56	765	  1	
381	129	765	  1	
381	307	765	  1	
382	  3	765	  1	
382	243	765	  1	
382	275	765	  1	
382	302	765	  1	
383	176	765	  1	
383	388	765	  1	
384	 64	765	  1	
384	 96	765	  1	
384	168	765	  1	
384	189	765	  1	
384	205	765	  1	
384	297	765	  1	
384	320	765	  1	
384	328	765	  1	
384	371	765	  1	
384	454	765	  1	
385	 86	765	  1	
386	 70	765	  1	
386	141	765	  1	
386	334	765	  1	
387	175	765	  1	
387	239	765	  1	
388	 13	765	  1	
389	264	765	  1	
389	426	765	  1	
390	 64	765	  1	
390	168	765	  1	
390	328	765	  1	
391	  9	765	  1	
391	 40	765	  1	
391	120	765	  1	
391	144	765	  1	
391	195	765	  1	
391	368	765	  1	
391	375	765	  1	
391	392	765	  1	
392	 11	765	  1	
392	 76	765	  1	
392	115	765	  1	
392	165	765	  1	
392	232	765	  1	
392	247	765	  1	
392	256	765	  1	
392	263	765	  1	
392	337	765	  1	
392	381	765	  1	
392	386	765	  1	
392	576	765	  1	
394	 40	765	  1	
394	136	765	  1	
394	143	765	  1	
394	405	765	  1	
395	 69	765	  1	
395	227	765	  1	
395	239	765	  1	
397	310	765	  1	
397	328	765	  1	
398	  0	765	  1	
398	 64	765	  1	
398	103	765	  1	
398	298	765	  1	
399	 11	765	  1	
399	232	765	  1	
399	243	765	  1	
399	405	765	  1	
400	  8	765	  1	
400	 67	765	  1	
400	 90	765	  1	
400	133	765	  1	
400	149	765	  1	
400	334	765	  1	
400	488	765	  1	
400	562	765	  1	
400	575	765	  1	
402	 40	765	  1	
402	 47	765	  1	
402	120	765	  1	
402	128	765	  1	
404	117	765	  1	
405	191	765	  1	
405	200	765	  1	
405	205	765	  1	
406	 91	765	  1	
406	134	765	  1	
406	296	765	  1	
406	332	765	  1	
407	575	765	  1	
408	 44	765	  1	
408	 64	765	  1	
408	 71	765	  1	
408	224	765	  1	
408	230	765	  1	
408	275	765	  1	
408	291	765	  1	
408	344	765	  1	
408	352	765	  1	
408	356	765	  1	
408	412	765	  1	
408	528	765	  1	
410	162	765	  1	
410	184	765	  1	
410	302	765	  1	
411	111	765	  1	
413	 37	765	  1	
413	 47	765	  1	
413	119	765	  1	
413	158	765	  1	
413	232	765	  1	
414	103	765	  1	
414	110	765	  1	
414	347	765	  1	
415	 67	765	  1	
415	128	765	  1	
415	302	765	  1	
416	  9	765	  1	
416	 17	765	  1	
416	 24	765	  1	
416	 38	765	  1	
416	 71	765	  1	
416	 77	765	  1	
416	107	765	  1	
416	138	765	  1	
416	143	765	  1	
416	272	765	  1	
416	279	765	  1	
416	323	765	  1	
416	351	765	  1	
417	 53	765	  1	
418	 48	765	  1	
418	134	765	  1	
418	152	765	  1	
419	 31	765	  1	
419	111	765	  1	
419	240	765	  1	
421	 43	765	  1	
422	 10	765	  1	
422	 48	765	  1	
422	105	765	  1	
422	128	765	  1	
422	298	765	  1	
423	 24	765	  1	
423	 55	765	  1	
423	159	765	  1	
423	184	765	  1	
423	196	765	  1	
423	289	765	  1	
423	320	765	  1	
423	327	765	  1	
423	371	765	  1	
424	  0	765	  1	
424	 16	765	  1	
424	 35	765	  1	
424	 76	765	  1	
424	 82	765	  1	
424	182	765	  1	
424	304	765	  1	
424	311	765	  1	
424	488	765	  1	
425	134	765	  1	
426	 64	765	  1	
426	298	765	  1	
427	 55	765	  1	
427	170	765	  1	
427	216	765	  1	
427	495	765	  1	
427	523	765	  1	
429	 19	765	  1	
429	 80	765	  1	
429	191	765	  1	
430	 77	765	  1	
431	 48	765	  1	
431	199	765	  1	
431	223	765	  1	
431	307	765	  1	
431	373	765	  1	
431	488	765	  1	
431	550	765	  1	
432	 27	765	  1	
432	 40	765	  1	
432	112	765	  1	
432	119	765	  1	
432	151	765	  1	
432	180	765	  1	
432	247	765	  1	
432	253	765	  1	
432	294	765	  1	
432	344	765	  1	
435	 16	765	  1	
435	144	765	  1	
435	158	765	  1	
435	161	765	  1	
435	172	765	  1	
435	240	765	  1	
436	375	765	  1	
437	  0	765	  1	
437	 30	765	  1	
437	 39	765	  1	
437	288	765	  1	
438	 94	765	  1	
438	183	765	  1	
439	151	765	  1	
439	247	765	  1	
439	446	765	  1	
440	123	765	  1	
440	227	765	  1	
440	272	765	  1	
440	344	765	  1	
440	350	765	  1	
440	367	765	  1	
441	128	765	  1	
442	 23	765	  1	
443	  8	765	  1	
443	159	765	  1	
443	496	765	  1	
444	 31	765	  1	
445	 40	765	  1	
445	118	765	  1	
446	 94	765	  1	
447	  0	765	  1	
447	 29	765	  1	
447	224	765	  1	
447	231	765	  1	
447	367	765	  1	
448	 32	765	  1	
448	 56	765	  1	
448	100	765	  1	
448	151	765	  1	
448	182	765	  1	
448	187	765	  1	
448	264	765	  1	
448	278	765	  1	
448	352	765	  1	
449	219	765	  1	
449	268	765	  1	
450	  8	765	  1	
451	 96	765	  1	
451	256	765	  1	
452	 21	765	  1	
453	 60	765	  1	
453	120	765	  1	
454	 36	765	  1	
454	298	765	  1	
455	  8	765	  1	
455	 45	765	  1	
455	 49	765	  1	
455	187	765	  1	
455	270	765	  1	
455	352	765	  1	
455	419	765	  1	
456	 16	765	  1	
456	 20	765	  1	
456	 72	765	  1	
456	 90	765	  1	
456	103	765	  1	
456	115	765	  1	
456	135	765	  1	
456	176	765	  1	
456	219	765	  1	
456	232	765	  1	
456	277	765	  1	
456	442	765	  1	
457	264	765	  1	
458	152	765	  1	
458	182	765	  1	
458	238	765	  1	
459	 79	765	  1	
460	 17	765	  1	
461	  0	765	  1	
461	 43	765	  1	
461	 48	765	  1	
461	 99	765	  1	
461	312	765	  1	
462	 72	765	  1	
462	118	765	  1	
462	176	765	  1	
462	189	765	  1	
462	232	765	  1	
463	  8	765	  1	
463	216	765	  1	
463	223	765	  1	
463	264	765	  1	
464	 16	765	  1	
464	 37	765	  1	
464	 55	765	  1	
464	 66	765	  1	
464	 71	765	  1	
464	106	765	  1	
464	248	765	  1	
464	255	765	  1	
464	280	765	  1	
464	508	765	  1	
465	  2	765	  1	
465	271	765	  1	
465	509	765	  1	
466	287	765	  1	
467	160	765	  1	
467	359	765	  1	
468	255	765	  1	
469	 88	765	  1	
469	104	765	  1	
469	111	765	  1	
469	154	765	  1	
469	159	765	  1	
469	232	765	  1	
469	479	765	  1	
470	264	765	  1	
470	280	765	  1	
471	216	765	  1	
471	248	765	  1	
472	 96	765	  1	
472	118	765	  1	
472	147	765	  1	
472	170	765	  1	
472	175	765	  1	
472	184	765	  1	
472	188	765	  1	
472	210	765	  1	
472	258	765	  1	
472	288	765	  1	
472	319	765	  1	
472	331	765	  1	
473	 64	765	  1	
473	344	765	  1	
474	195	765	  1	
477	 51	765	  1	
477	107	765	  1	
477	208	765	  1	
477	215	765	  1	
477	256	765	  1	
477	314	765	  1	
479	 99	765	  1	
479	328	765	  1	
479	335	765	  1	
479	423	765	  1	
480	  8	765	  1	
480	 24	765	  1	
480	 35	765	  1	
480	104	765	  1	
480	176	765	  1	
480	204	765	  1	
480	232	765	  1	
480	304	765	  1	
480	311	765	  1	
480	384	765	  1	
482	136	765	  1	
483	168	765	  1	
483	390	765	  1	
484	200	765	  1	
485	154	765	  1	
485	159	765	  1	
486	144	765	  1	
486	151	765	  1	
486	165	765	  1	
486	207	765	  1	
486	304	765	  1	
486	415	765	  1	
487	 11	765	  1	
487	176	765	  1	
487	232	765	  1	
487	368	765	  1	
488	 28	765	  1	
488	 64	765	  1	
488	 80	765	  1	
488	 95	765	  1	
488	123	765	  1	
488	130	765	  1	
488	135	765	  1	
488	245	765	  1	
488	259	765	  1	
488	314	765	  1	
488	319	765	  1	
488	352	765	  1	
488	400	765	  1	
489	278	765	  1	
491	267	765	  1	
491	351	765	  1	
491	359	765	  1	
492	 18	765	  1	
492	262	765	  1	
493	 31	765	  1	
493	133	765	  1	
493	375	765	  1	
495	328	765	  1	
495	352	765	  1	
496	  5	765	  1	
496	104	765	  1	
496	125	765	  1	
496	141	765	  1	
496	144	765	  1	
496	191	765	  1	
496	203	765	  1	
496	221	765	  1	
496	228	765	  1	
496	237	765	  1	
496	289	765	  1	
496	295	765	  1	
496	304	765	  1	
496	312	765	  1	
496	408	765	  1	
497	110	765	  1	
498	 48	765	  1	
498	136	765	  1	
498	197	765	  1	
499	149	765	  1	
499	184	765	  1	
499	311	765	  1	
499	415	765	  1	
500	104	765	  1	
500	339	765	  1	
501	  0	765	  1	
501	232	765	  1	
503	141	765	  1	
503	144	765	  1	
503	191	765	  1	
503	304	765	  1	
503	408	765	  1	
504	  8	765	  1	
504	 91	765	  1	
504	107	765	  1	
504	168	765	  1	
504	205	765	  1	
504	219	765	  1	
504	237	765	  1	
504	275	765	  1	
504	301	765	  1	
504	397	765	  1	
506	194	765	  1	
506	352	765	  1	
507	175	765	  1	
509	  6	765	  1	
509	296	765	  1	
510	169	765	  1	
510	392	765	  1	
511	198	765	  1	
512	  0	765	  1	
512	117	765	  1	
512	128	765	  1	
512	144	765	  1	
512	206	765	  1	
512	212	765	  1	
512	240	765	  1	
512	248	765	  1	
512	280	765	  1	
512	287	765	  1	
512	304	765	  1	
512	320	765	  1	
512	350	765	  1	
512	363	765	  1	
512	399	765	  1	
512	416	765	  1	
512	423	765	  1	
513	187	765	  1	
515	327	765	  1	
516	 70	765	  1	
517	112	765	  1	
517	348	765	  1	
518	 64	765	  1	
519	 51	765	  1	
519	 72	765	  1	
519	 79	765	  1	
519	 87	765	  1	
519	144	765	  1	
519	320	765	  1	
519	399	765	  1	
520	  5	765	  1	
520	 59	765	  1	
520	121	765	  1	
520	146	765	  1	
520	159	765	  1	
520	184	765	  1	
520	192	765	  1	
520	219	765	  1	
520	227	765	  1	
520	266	765	  1	
520	283	765	  1	
520	307	765	  1	
520	326	765	  1	
520	354	765	  1	
520	359	765	  1	
521	126	765	  1	
521	133	765	  1	
522	 47	765	  1	
522	168	765	  1	
523	 79	765	  1	
523	212	765	  1	
523	287	765	  1	
524	165	765	  1	
525	120	765	  1	
525	187	765	  1	
525	264	765	  1	
525	271	765	  1	
525	312	765	  1	
525	436	765	  1	
526	  0	765	  1	
526	173	765	  1	
526	224	765	  1	
526	231	765	  1	
527	 56	765	  1	
527	 63	765	  1	
527	151	765	  1	
527	160	765	  1	
527	216	765	  1	
527	283	765	  1	
527	543	765	  1	
527	579	765	  1	
528	  4	765	  1	
528	 23	765	  1	
528	 90	765	  1	
528	127	765	  1	
528	134	765	  1	
528	142	765	  1	
528	198	765	  1	
528	202	765	  1	
528	248	765	  1	
528	256	765	  1	
528	293	765	  1	
528	373	765	  1	
528	378	765	  1	
530	136	765	  1	
530	368	765	  1	
531	112	765	  1	
531	304	765	  1	
531	440	765	  1	
532	128	765	  1	
532	400	765	  1	
532	434	765	  1	
533	 88	765	  1	
533	 95	765	  1	
533	120	765	  1	
533	134	765	  1	
533	194	765	  1	
533	199	765	  1	
533	207	765	  1	
533	352	765	  1	
534	260	765	  1	
534	374	765	  1	
534	392	765	  1	
535	164	765	  1	
536	136	765	  1	
536	181	765	  1	
536	190	765	  1	
536	213	765	  1	
536	270	765	  1	
536	277	765	  1	
536	349	765	  1	
536	355	765	  1	
536	423	765	  1	
537	143	765	  1	
538	176	765	  1	
538	187	765	  1	
538	343	765	  1	
539	120	765	  1	
539	127	765	  1	
539	368	765	  1	
539	416	765	  1	
540	191	765	  1	
541	137	765	  1	
541	304	765	  1	
542	405	765	  1	
543	140	765	  1	
543	176	765	  1	
543	375	765	  1	
543	423	765	  1	
544	 15	765	  1	
544	 71	765	  1	
544	 96	765	  1	
544	199	765	  1	
544	221	765	  1	
544	287	765	  1	
544	299	765	  1	
544	328	765	  1	
544	335	765	  1	
545	258	765	  1	
546	136	765	  1	
546	280	765	  1	
547	120	765	  1	
547	182	765	  1	
547	192	765	  1	
547	315	765	  1	
548	 48	765	  1	
550	190	765	  1	
550	269	765	  1	
551	 64	765	  1	
551	104	765	  1	
551	199	765	  1	
551	287	765	  1	
552	 19	765	  1	
552	 72	765	  1	
552	 91	765	  1	
552	147	765	  1	
552	163	765	  1	
552	215	765	  1	
552	224	765	  1	
552	274	765	  1	
552	288	765	  1	
552	341	765	  1	
552	350	765	  1	
552	379	765	  1	
553	 56	765	  1	
553	103	765	  1	
553	352	765	  1	
554	209	765	  1	
554	231	765	  1	
555	143	765	  1	
555	203	765	  1	
555	344	765	  1	
555	424	765	  1	
556	 88	765	  1	
556	358	765	  1	
557	156	765	  1	
557	271	765	  1	
558	 76	765	  1	
558	126	765	  1	
559	136	765	  1	
559	163	765	  1	
559	379	765	  1	
560	192	765	  1	
560	198	765	  1	
560	312	765	  1	
562	 77	765	  1	
562	120	765	  1	
562	317	765	  1	
564	 99	765	  1	
564	312	765	  1	
565	125	765	  1	
565	231	765	  1	
566	 96	765	  1	
566	103	765	  1	
567	144	765	  1	
568	 83	765	  1	
568	112	765	  1	
568	158	765	  1	
568	170	765	  1	
568	192	765	  1	
568	199	765	  1	
568	206	765	  1	
568	216	765	  1	
568	251	765	  1	
568	311	765	  1	
568	319	765	  1	
568	328	765	  1	
568	403	765	  1	
568	418	765	  1	
568	423	765	  1	
568	440	765	  1	
570	 72	765	  1	
570	327	765	  1	
571	232	765	  1	
571	312	765	  1	
571	376	765	  1	
573	 79	765	  1	
573	119	765	  1	
573	168	765	  1	
573	175	765	  1	
574	208	765	  1	
574	440	765	  1	
575	238	765	  1	
575	248	765	  1	
575	255	765	  1	
575	319	765	  1	
575	502	765	  1	
576	 47	765	  1	
576	 88	765	  1	
576	 92	765	  1	
576	164	765	  1	
576	240	765	  1	
576	256	765	  1	
576	279	765	  1	
576	283	765	  1	
576	336	765	  1	
576	343	765	  1	
576	427	765	  1	
577	 24	765	  1	
577	 83	765	  1	
577	288	765	  1	
578	112	765	  1	
579	247	765	  1	
579	272	765	  1	
579	320	765	  1	
580	 88	765	  1	
581	216	765	  1	
581	244	765	  1	
581	298	765	  1	
581	303	765	  1	
582	 80	765	  1	
582	163	765	  1	
582	326	765	  1	
583	262	765	  1	
583	279	765	  1	
583	287	765	  1	
584	 40	765	  1	
584	 46	765	  1	
584	 64	765	  1	
584	 71	765	  1	
584	 96	765	  1	
584	106	765	  1	
584	171	765	  1	
584	192	765	  1	
584	336	765	  1	
584	352	765	  1	
584	435	765	  1	
586	111	765	  1	
587	310	765	  1	
589	 80	765	  1	
589	 92	765	  1	
590	109	765	  1	
590	208	765	  1	
590	235	765	  1	
590	244	765	  1	
590	359	765	  1	
591	192	765	  1	
592	 60	765	  1	
592	 72	765	  1	
592	112	765	  1	
592	123	765	  1	
592	168	765	  1	
592	183	765	  1	
592	205	765	  1	
592	216	765	  1	
592	220	765	  1	
592	226	765	  1	
592	248	765	  1	
592	252	765	  1	
593	  8	765	  1	
594	290	765	  1	
594	311	765	  1	
594	359	765	  1	
595	 56	765	  1	
595	295	765	  1	
596	 78	765	  1	
596	 95	765	  1	
597	 32	765	  1	
597	 39	765	  1	
597	200	765	  1	
597	208	765	  1	
597	215	765	  1	
597	328	765	  1	
597	536	765	  1	
599	112	765	  1	
599	183	765	  1	
599	307	765	  1	
600	 72	765	  1	
600	 79	765	  1	
600	192	765	  1	
600	254	765	  1	
600	296	765	  1	
600	359	765	  1	
600	368	765	  1	
600	560	765	  1	
602	104	765	  1	
603	256	765	  1	
603	304	765	  1	
603	367	765	  1	
604	231	765	  1	
606	112	765	  1	
606	212	765	  1	
606	252	765	  1	
606	349	765	  1	
607	 75	765	  1	
607	120	765	  1	
607	224	765	  1	
607	296	765	  1	
607	311	765	  1	
607	344	765	  1	
608	184	765	  1	
608	216	765	  1	
608	226	765	  1	
608	273	765	  1	
608	280	765	  1	
608	286	765	  1	
608	298	765	  1	
608	316	765	  1	
608	323	765	  1	
609	 19	765	  1	
610	296	765	  1	
611	  8	765	  1	
611	307	765	  1	
612	231	765	  1	
613	203	765	  1	
613	273	765	  1	
613	287	765	  1	
613	327	765	  1	
613	377	765	  1	
614	224	765	  1	
615	 79	765	  1	
615	311	765	  1	
615	319	765	  1	
616	 88	765	  1	
616	231	765	  1	
616	290	765	  1	
616	328	765	  1	
617	279	765	  1	
619	 16	765	  1	
619	224	765	  1	
619	330	765	  1	
620	176	765	  1	
622	 83	765	  1	
622	293	765	  1	
622	335	765	  1	
623	104	765	  1	
623	110	765	  1	
623	231	765	  1	
623	251	765	  1	
623	362	765	  1	
624	 69	765	  1	
624	 97	765	  1	
624	304	765	  1	
624	311	765	  1	
624	347	765	  1	
626	  0	765	  1	
627	295	765	  1	
628	335	765	  1	
628	549	765	  1	
630	160	765	  1	
630	278	765	  1	
631	 75	765	  1	
631	109	765	  1	
631	288	765	  1	
631	307	765	  1	
631	344	765	  1	
631	351	765	  1	
631	518	765	  1	
632	  8	765	  1	
632	152	765	  1	
632	205	765	  1	
632	232	765	  1	
632	250	765	  1	
634	292	765	  1	
634	344	765	  1	
634	349	765	  1	
635	213	765	  1	
635	239	765	  1	
636	535	765	  1	
637	103	765	  1	
637	280	765	  1	
637	304	765	  1	
637	404	765	  1	
638	152	765	  1	
638	269	765	  1	
639	232	765	  1	
639	288	765	  1	
639	564	765	  1	
640	 66	765	  1	
640	 78	765	  1	
640	123	765	  1	
640	148	765	  1	
640	280	765	  1	
640	287	765	  1	
640	336	765	  1	
640	386	765	  1	
640	391	765	  1	
640	462	765	  1	
642	144	765	  1	
642	162	765	  1	
642	456	765	  1	
643	128	765	  1	
643	167	765	  1	
643	376	765	  1	
646	 76	765	  1	
646	151	765	  1	
646	340	765	  1	
646	344	765	  1	
646	431	765	  1	
647	 91	765	  1	
647	135	765	  1	
647	283	765	  1	
647	400	765	  1	
648	 62	765	  1	
648	 77	765	  1	
648	184	765	  1	
648	191	765	  1	
648	224	765	  1	
648	231	765	  1	
648	269	765	  1	
648	358	765	  1	
650	471	765	  1	
651	144	765	  1	
652	264	765	  1	
654	343	765	  1	
655	 59	765	  1	
655	147	765	  1	
655	184	765	  1	
655	191	765	  1	
655	227	765	  1	
656	 80	765	  1	
656	 87	765	  1	
656	174	765	  1	
656	186	765	  1	
656	235	765	  1	
656	256	765	  1	
656	275	765	  1	
658	 79	765	  1	
663	 74	765	  1	
663	 83	765	  1	
663	174	765	  1	
663	235	765	  1	
663	256	765	  1	
663	299	765	  1	
663	368	765	  1	
664	152	765	  1	
664	190	765	  1	
665	263	765	  1	
665	408	765	  1	
670	158	765	  1	
672	184	765	  1	
677	147	765	  1	
679	 63	765	  1	
679	240	765	  1	
680	 96	765	  1	
680	103	765	  1	
680	328	765	  1	
683	184	765	  1	
684	126	765	  1	
688	160	765	  1	
691	192	765	  1	
695	128	765	  1	
696	143	765	  1	
696	211	765	  1	
704	192	765	  1	
704	395	765	  1	
706	286	765	  1	
711	 37	765	  1	
712	178	765	  1	
714	256	765	  1	
717	595	765	  1	
722	376	765	  1	
799	240	765	  1	
