# 
#  Image file: Goad2_T0066.jpg
#  Applied threshold: 575
#  Algorithm used: fill2                 
#  Particle count: 1870
#  Location (x,y), max luminance, and mass:
# 
  7	140	765	  1	
 11	304	765	  1	
 11	366	765	  1	
 15	287	765	  1	
 16	199	765	  1	
 16	264	765	  1	
 17	 58	765	  1	
 19	175	765	  1	
 19	467	765	  1	
 20	280	765	  1	
 20	388	765	  1	
 21	463	765	  1	
 22	146	765	  1	
 22	465	765	  1	
 22	504	765	  1	
 23	264	765	  1	
 24	191	765	  1	
 27	198	765	  1	
 28	278	765	  1	
 30	272	765	  1	
 32	199	765	  1	
 32	279	765	  1	
 33	216	765	  1	
 34	154	765	  1	
 34	252	765	  1	
 35	272	765	  1	
 39	279	765	  1	
 40	275	765	  1	
 43	184	765	  1	
 45	339	765	  1	
 46	272	765	  1	
 47	574	765	  1	
 48	 10	765	  1	
 48	152	765	  1	
 48	290	765	  1	
 48	392	765	  1	
 48	399	765	  1	
 48	572	765	  1	
 49	256	765	  1	
 51	160	765	  1	
 52	245	765	  1	
 55	200	765	  1	
 55	283	765	  1	
 55	395	765	  1	
 55	459	765	  1	
 56	 96	765	  1	
 58	375	765	  1	
 60	263	765	  1	
 63	104	765	  1	
 64	101	765	  1	
 64	211	765	  1	
 64	264	765	  1	
 68	247	765	  1	
 71	103	765	  1	
 71	111	765	  1	
 72	120	765	  1	
 72	303	765	  1	
 72	352	765	  1	
 72	429	765	  1	
 79	120	765	  1	
 79	315	765	  1	
 79	359	765	  1	
 79	399	765	  1	
 80	  8	765	  1	
 80	224	765	  1	
 83	144	765	  1	
 83	370	765	  1	
 86	387	765	  1	
 87	149	765	  1	
 87	168	765	  1	
 88	200	765	  1	
 88	207	765	  1	
 88	232	765	  1	
 90	183	765	  1	
 94	112	765	  1	
 95	375	765	  1	
 96	142	765	  1	
 96	152	765	  1	
 96	398	765	  1	
 98	377	765	  1	
101	376	765	  1	
103	128	765	  1	
103	139	765	  1	
104	230	765	  1	
104	384	765	  1	
105	216	765	  1	
107	143	765	  1	
111	180	765	  1	
112	160	765	  1	
112	176	765	  1	
113	452	765	  1	
114	432	765	  1	
115	167	765	  1	
118	120	765	  1	
119	458	765	  1	
119	507	765	  1	
120	 96	765	  1	
120	103	765	  1	
120	167	765	  1	
120	187	765	  1	
120	208	765	  1	
120	373	765	  1	
120	430	765	  1	
122	408	765	  1	
122	424	765	  1	
123	160	765	  1	
123	215	765	  1	
126	415	765	  1	
127	 99	765	  1	
127	126	765	  1	
127	167	765	  1	
127	428	765	  1	
128	240	765	  1	
128	459	765	  1	
130	271	765	  1	
131	167	765	  1	
133	103	765	  1	
133	223	765	  1	
133	456	765	  1	
135	247	765	  1	
136	148	765	  1	
136	168	765	  1	
136	182	765	  1	
136	211	765	  1	
136	335	765	  1	
138	103	765	  1	
138	255	765	  1	
139	  7	765	  1	
139	368	765	  1	
141	128	765	  1	
141	144	765	  1	
141	170	765	  1	
142	139	765	  1	
142	234	765	  1	
142	323	765	  1	
143	208	765	  1	
143	215	765	  1	
143	255	765	  1	
144	104	765	  1	
144	107	765	  1	
144	175	765	  1	
144	216	765	  1	
144	277	765	  1	
144	439	765	  1	
144	459	765	  1	
144	535	765	  1	
147	168	765	  1	
147	182	765	  1	
147	221	765	  1	
148	272	765	  1	
148	360	765	  1	
148	567	765	  1	
150	472	765	  1	
151	 75	765	  1	
151	 83	765	  1	
151	175	765	  1	
151	299	765	  1	
152	109	765	  1	
152	148	765	  1	
152	185	765	  1	
152	440	765	  1	
154	230	765	  1	
155	136	765	  1	
155	208	765	  1	
155	511	765	  1	
156	192	765	  1	
157	104	765	  1	
158	 48	765	  1	
158	199	765	  1	
158	214	765	  1	
159	519	765	  1	
160	 72	765	  1	
160	 79	765	  1	
160	118	765	  1	
160	155	765	  1	
160	167	765	  1	
160	183	765	  1	
160	211	765	  1	
160	240	765	  1	
160	247	765	  1	
160	258	765	  1	
160	288	765	  1	
160	304	765	  1	
160	311	765	  1	
160	479	765	  1	
160	486	765	  1	
160	528	765	  1	
161	114	765	  1	
162	279	765	  1	
163	295	765	  1	
163	327	765	  1	
164	136	765	  1	
165	178	765	  1	
165	399	765	  1	
166	119	765	  1	
166	267	765	  1	
167	167	765	  1	
167	288	765	  1	
167	307	765	  1	
168	  7	765	  1	
168	 64	765	  1	
168	104	765	  1	
168	151	765	  1	
168	224	765	  1	
168	230	765	  1	
168	295	765	  1	
168	557	765	  1	
169	253	765	  1	
170	115	765	  1	
170	171	765	  1	
171	152	765	  1	
173	128	765	  1	
173	151	765	  1	
173	222	765	  1	
173	240	765	  1	
175	248	765	  1	
175	263	765	  1	
175	267	765	  1	
175	488	765	  1	
176	 88	765	  1	
176	 94	765	  1	
176	110	765	  1	
176	119	765	  1	
176	143	765	  1	
176	165	765	  1	
176	215	765	  1	
176	232	765	  1	
176	279	765	  1	
178	196	765	  1	
178	346	765	  1	
179	 72	765	  1	
179	112	765	  1	
179	272	765	  1	
181	 78	765	  1	
181	 91	765	  1	
181	107	765	  1	
182	160	765	  1	
182	238	765	  1	
182	256	765	  1	
183	119	765	  1	
183	184	765	  1	
183	194	765	  1	
183	224	765	  1	
183	228	765	  1	
183	279	765	  1	
183	351	765	  1	
184	 21	765	  1	
184	 48	765	  1	
184	131	765	  1	
184	304	765	  1	
184	336	765	  1	
184	343	765	  1	
185	376	765	  1	
186	145	765	  1	
187	 54	765	  1	
187	 66	765	  1	
187	 80	765	  1	
187	151	765	  1	
188	370	765	  1	
189	112	765	  1	
189	127	765	  1	
190	266	765	  1	
190	307	765	  1	
190	332	765	  1	
191	339	765	  1	
191	471	765	  1	
192	  7	765	  1	
192	101	765	  1	
192	122	765	  1	
192	238	765	  1	
192	323	765	  1	
192	447	765	  1	
193	260	765	  1	
193	375	765	  1	
195	195	765	  1	
195	440	765	  1	
197	 96	765	  1	
198	  0	765	  1	
198	439	765	  1	
199	447	765	  1	
200	  8	765	  1	
200	 61	765	  1	
200	 80	765	  1	
200	115	765	  1	
200	136	765	  1	
200	163	765	  1	
200	227	765	  1	
200	441	765	  1	
202	 79	765	  1	
203	254	765	  1	
203	304	765	  1	
205	224	765	  1	
206	174	765	  1	
206	444	765	  1	
207	  8	765	  1	
207	 61	765	  1	
207	 72	765	  1	
207	160	765	  1	
207	487	765	  1	
208	  0	765	  1	
208	  7	765	  1	
208	101	765	  1	
208	115	765	  1	
208	251	765	  1	
208	447	765	  1	
210	 56	765	  1	
210	137	765	  1	
210	431	765	  1	
210	570	765	  1	
212	 88	765	  1	
214	 62	765	  1	
214	309	765	  1	
215	 72	765	  1	
215	230	765	  1	
215	421	765	  1	
216	 32	765	  1	
216	 39	765	  1	
216	 46	765	  1	
216	154	765	  1	
216	184	765	  1	
216	200	765	  1	
216	207	765	  1	
216	216	765	  1	
216	242	765	  1	
216	248	765	  1	
216	296	765	  1	
216	371	765	  1	
218	 63	765	  1	
218	427	765	  1	
219	104	765	  1	
219	181	765	  1	
219	279	765	  1	
219	376	765	  1	
221	 40	765	  1	
221	190	765	  1	
221	256	765	  1	
221	261	765	  1	
222	336	765	  1	
223	 32	765	  1	
223	203	765	  1	
223	328	765	  1	
223	368	765	  1	
223	375	765	  1	
224	  8	765	  1	
224	 54	765	  1	
224	 62	765	  1	
224	 93	765	  1	
224	137	765	  1	
224	141	765	  1	
224	149	765	  1	
224	165	765	  1	
224	176	765	  1	
224	210	765	  1	
224	215	765	  1	
224	239	765	  1	
224	344	765	  1	
224	352	765	  1	
224	384	765	  1	
224	543	765	  1	
226	 13	765	  1	
226	 88	765	  1	
226	184	765	  1	
226	192	765	  1	
226	544	765	  1	
226	551	765	  1	
227	232	765	  1	
227	248	765	  1	
227	255	765	  1	
227	358	765	  1	
227	536	765	  1	
228	295	765	  1	
229	  0	765	  1	
229	  7	765	  1	
229	160	765	  1	
229	182	765	  1	
229	247	765	  1	
229	443	765	  1	
230	210	765	  1	
231	142	765	  1	
231	186	765	  1	
231	190	765	  1	
231	215	765	  1	
231	239	765	  1	
231	543	765	  1	
232	 72	765	  1	
232	 80	765	  1	
232	207	765	  1	
232	264	765	  1	
232	270	765	  1	
232	312	765	  1	
232	427	765	  1	
233	142	765	  1	
233	183	765	  1	
233	576	765	  1	
234	 94	765	  1	
234	199	765	  1	
235	192	765	  1	
235	453	765	  1	
236	 39	765	  1	
236	220	765	  1	
237	176	765	  1	
237	208	765	  1	
238	 16	765	  1	
238	 48	765	  1	
238	 88	765	  1	
238	141	765	  1	
240	 32	765	  1	
240	128	765	  1	
240	152	765	  1	
240	164	765	  1	
240	207	765	  1	
240	224	765	  1	
240	250	765	  1	
240	255	765	  1	
240	328	765	  1	
240	349	765	  1	
240	464	765	  1	
240	491	765	  1	
240	577	765	  1	
241	  0	765	  1	
241	219	765	  1	
242	 72	765	  1	
242	552	765	  1	
243	319	765	  1	
244	215	765	  1	
244	444	765	  1	
245	 47	765	  1	
245	 88	765	  1	
245	320	765	  1	
246	  8	765	  1	
246	 79	765	  1	
246	248	765	  1	
246	253	765	  1	
246	467	765	  1	
247	 34	765	  1	
247	312	765	  1	
247	488	765	  1	
247	495	765	  1	
248	 58	765	  1	
248	113	765	  1	
248	171	765	  1	
248	223	765	  1	
248	239	765	  1	
248	304	765	  1	
248	309	765	  1	
248	328	765	  1	
248	448	765	  1	
249	184	765	  1	
250	 39	765	  1	
250	134	765	  1	
250	376	765	  1	
251	 72	765	  1	
252	 10	765	  1	
252	430	765	  1	
253	 87	765	  1	
253	352	765	  1	
253	458	765	  1	
253	470	765	  1	
254	 45	765	  1	
254	206	765	  1	
254	213	765	  1	
254	229	765	  1	
254	415	765	  1	
255	 58	765	  1	
255	168	765	  1	
255	175	765	  1	
255	304	765	  1	
255	309	765	  1	
255	351	765	  1	
256	  4	765	  1	
256	 16	765	  1	
256	 44	765	  1	
256	152	765	  1	
256	157	765	  1	
256	173	765	  1	
256	215	765	  1	
256	224	765	  1	
256	248	765	  1	
256	266	765	  1	
256	282	765	  1	
256	287	765	  1	
256	315	765	  1	
256	438	765	  1	
256	502	765	  1	
257	383	765	  1	
259	187	765	  1	
259	278	765	  1	
260	176	765	  1	
261	 47	765	  1	
261	 72	765	  1	
261	 99	765	  1	
261	230	765	  1	
261	239	765	  1	
261	264	765	  1	
261	271	765	  1	
263	175	765	  1	
263	251	765	  1	
263	502	765	  1	
264	  0	765	  1	
264	  4	765	  1	
264	 34	765	  1	
264	 62	765	  1	
264	106	765	  1	
264	423	765	  1	
266	175	765	  1	
266	191	765	  1	
267	 47	765	  1	
267	112	765	  1	
268	259	765	  1	
268	269	765	  1	
269	  0	765	  1	
269	  5	765	  1	
269	217	765	  1	
270	 39	765	  1	
270	 60	765	  1	
271	119	765	  1	
271	186	765	  1	
271	415	765	  1	
272	  7	765	  1	
272	 18	765	  1	
272	 27	765	  1	
272	 40	765	  1	
272	 51	765	  1	
272	 67	765	  1	
272	 72	765	  1	
272	 88	765	  1	
272	120	765	  1	
272	145	765	  1	
272	181	765	  1	
272	216	765	  1	
272	228	765	  1	
272	284	765	  1	
272	291	765	  1	
272	304	765	  1	
272	319	765	  1	
272	366	765	  1	
272	402	765	  1	
272	432	765	  1	
272	439	765	  1	
272	536	765	  1	
272	543	765	  1	
274	400	765	  1	
274	591	765	  1	
275	182	765	  1	
275	280	765	  1	
276	164	765	  1	
277	 16	765	  1	
277	 23	765	  1	
277	104	765	  1	
277	224	765	  1	
277	262	765	  1	
277	376	765	  1	
278	 75	765	  1	
278	284	765	  1	
279	  0	765	  1	
279	  7	765	  1	
279	152	765	  1	
279	291	765	  1	
279	312	765	  1	
279	319	765	  1	
279	366	765	  1	
279	435	765	  1	
279	539	765	  1	
280	 39	765	  1	
280	 70	765	  1	
280	 99	765	  1	
280	120	765	  1	
280	130	765	  1	
280	149	765	  1	
280	188	765	  1	
280	245	765	  1	
280	264	765	  1	
280	272	765	  1	
280	296	765	  1	
280	301	765	  1	
280	328	765	  1	
280	335	765	  1	
280	416	765	  1	
280	477	765	  1	
280	494	765	  1	
280	528	765	  1	
280	554	765	  1	
280	563	765	  1	
280	591	765	  1	
281	144	765	  1	
283	  8	765	  1	
283	 32	765	  1	
283	304	765	  1	
283	408	765	  1	
285	 18	765	  1	
285	152	765	  1	
286	301	765	  1	
286	400	765	  1	
287	 39	765	  1	
287	 70	765	  1	
287	135	765	  1	
287	331	765	  1	
287	411	765	  1	
287	528	765	  1	
288	 48	765	  1	
288	 87	765	  1	
288	 95	765	  1	
288	139	765	  1	
288	162	765	  1	
288	200	765	  1	
288	312	765	  1	
288	378	765	  1	
288	438	765	  1	
288	568	765	  1	
290	206	765	  1	
290	325	765	  1	
291	  8	765	  1	
291	 80	765	  1	
292	574	765	  1	
293	 38	765	  1	
293	130	765	  1	
294	200	765	  1	
295	 28	765	  1	
295	 87	765	  1	
295	167	765	  1	
295	248	765	  1	
295	312	765	  1	
295	376	765	  1	
296	  0	765	  1	
296	 23	765	  1	
296	 67	765	  1	
296	125	765	  1	
296	144	765	  1	
296	155	765	  1	
296	184	765	  1	
296	214	765	  1	
296	251	765	  1	
296	328	765	  1	
296	343	765	  1	
296	349	765	  1	
296	388	765	  1	
296	415	765	  1	
296	423	765	  1	
296	463	765	  1	
296	488	765	  1	
296	504	765	  1	
296	537	765	  1	
298	  4	765	  1	
298	160	765	  1	
298	190	765	  1	
298	287	765	  1	
298	427	765	  1	
299	336	765	  1	
299	408	765	  1	
299	416	765	  1	
299	456	765	  1	
299	495	765	  1	
299	582	765	  1	
300	168	765	  1	
300	178	765	  1	
301	 48	765	  1	
301	131	765	  1	
301	246	765	  1	
302	166	765	  1	
302	184	765	  1	
303	144	765	  1	
303	343	765	  1	
303	415	765	  1	
303	423	765	  1	
303	463	765	  1	
303	488	765	  1	
303	592	765	  1	
304	 15	765	  1	
304	 27	765	  1	
304	 72	765	  1	
304	 78	765	  1	
304	138	765	  1	
304	197	765	  1	
304	296	765	  1	
304	365	765	  1	
304	411	765	  1	
306	150	765	  1	
306	192	765	  1	
306	591	765	  1	
307	208	765	  1	
307	312	765	  1	
308	  4	765	  1	
308	255	765	  1	
308	375	765	  1	
310	 15	765	  1	
310	 28	765	  1	
310	 76	765	  1	
310	144	765	  1	
310	198	765	  1	
310	217	765	  1	
311	136	765	  1	
311	152	765	  1	
311	408	765	  1	
311	415	765	  1	
312	 80	765	  1	
312	123	765	  1	
312	133	765	  1	
312	200	765	  1	
312	243	765	  1	
312	248	765	  1	
312	320	765	  1	
312	383	765	  1	
312	419	765	  1	
313	170	765	  1	
314	187	765	  1	
315	  0	765	  1	
315	272	765	  1	
315	376	765	  1	
317	128	765	  1	
317	152	765	  1	
317	252	765	  1	
317	262	765	  1	
318	 87	765	  1	
318	179	765	  1	
319	  0	765	  1	
319	217	765	  1	
319	296	765	  1	
319	324	765	  1	
319	383	765	  1	
319	416	765	  1	
319	423	765	  1	
319	479	765	  1	
320	  7	765	  1	
320	 26	765	  1	
320	 78	765	  1	
320	 88	765	  1	
320	109	765	  1	
320	149	765	  1	
320	160	765	  1	
320	192	765	  1	
320	269	765	  1	
320	291	765	  1	
320	344	765	  1	
320	360	765	  1	
320	392	765	  1	
321	134	765	  1	
322	 72	765	  1	
322	264	765	  1	
322	312	765	  1	
322	567	765	  1	
323	 52	765	  1	
323	 56	765	  1	
323	195	765	  1	
323	207	765	  1	
323	286	765	  1	
324	104	765	  1	
324	366	765	  1	
325	 94	765	  1	
325	298	765	  1	
325	560	765	  1	
326	 79	765	  1	
326	204	765	  1	
326	270	765	  1	
326	371	765	  1	
327	  3	765	  1	
327	208	765	  1	
327	392	765	  1	
327	566	765	  1	
328	 54	765	  1	
328	 71	765	  1	
328	 80	765	  1	
328	117	765	  1	
328	133	765	  1	
328	139	765	  1	
328	153	765	  1	
328	184	765	  1	
328	207	765	  1	
328	216	765	  1	
328	240	765	  1	
328	252	765	  1	
328	262	765	  1	
328	309	765	  1	
328	362	765	  1	
328	367	765	  1	
328	495	765	  1	
330	128	765	  1	
330	246	765	  1	
330	296	765	  1	
331	168	765	  1	
331	390	765	  1	
332	 93	765	  1	
333	167	765	  1	
333	195	765	  1	
333	259	765	  1	
333	288	765	  1	
333	352	765	  1	
333	376	765	  1	
334	134	765	  1	
334	240	765	  1	
335	270	765	  1	
336	  0	765	  1	
336	  5	765	  1	
336	 79	765	  1	
336	 91	765	  1	
336	143	765	  1	
336	146	765	  1	
336	152	765	  1	
336	156	765	  1	
336	172	765	  1	
336	188	765	  1	
336	222	765	  1	
336	234	765	  1	
336	456	765	  1	
336	502	765	  1	
336	538	765	  1	
336	542	765	  1	
337	 22	765	  1	
339	 56	765	  1	
339	189	765	  1	
339	511	765	  1	
339	576	765	  1	
340	214	765	  1	
340	403	765	  1	
341	 64	765	  1	
341	 84	765	  1	
341	 94	765	  1	
341	222	765	  1	
341	246	765	  1	
341	264	765	  1	
342	112	765	  1	
342	184	765	  1	
342	221	765	  1	
344	 31	765	  1	
344	 49	765	  1	
344	 63	765	  1	
344	200	765	  1	
344	275	765	  1	
344	288	765	  1	
344	365	765	  1	
344	379	765	  1	
344	384	765	  1	
344	480	765	  1	
344	487	765	  1	
344	511	765	  1	
345	247	765	  1	
346	215	765	  1	
346	531	765	  1	
347	136	765	  1	
347	176	765	  1	
347	224	765	  1	
348	146	765	  1	
348	376	765	  1	
348	392	765	  1	
349	 74	765	  1	
349	 88	765	  1	
349	128	765	  1	
349	135	765	  1	
349	564	765	  1	
350	208	765	  1	
350	247	765	  1	
350	278	765	  1	
351	189	765	  1	
351	240	765	  1	
351	511	765	  1	
352	  1	765	  1	
352	 22	765	  1	
352	 59	765	  1	
352	 96	765	  1	
352	214	765	  1	
352	267	765	  1	
352	302	765	  1	
352	360	765	  1	
352	520	765	  1	
353	261	765	  1	
354	184	765	  1	
355	 10	765	  1	
355	 24	765	  1	
355	112	765	  1	
355	367	765	  1	
357	172	765	  1	
357	256	765	  1	
357	288	765	  1	
358	 56	765	  1	
359	214	765	  1	
359	270	765	  1	
359	360	765	  1	
359	395	765	  1	
360	 11	765	  1	
360	 29	765	  1	
360	 46	765	  1	
360	 50	765	  1	
360	112	765	  1	
360	133	765	  1	
360	153	765	  1	
360	168	765	  1	
360	224	765	  1	
360	228	765	  1	
360	234	765	  1	
360	272	765	  1	
360	294	765	  1	
360	303	765	  1	
360	333	765	  1	
360	354	765	  1	
360	552	765	  1	
361	159	765	  1	
362	 24	765	  1	
362	 96	765	  1	
362	277	765	  1	
362	471	765	  1	
363	118	765	  1	
363	136	765	  1	
363	343	765	  1	
364	 42	765	  1	
364	299	765	  1	
365	 55	765	  1	
365	 72	765	  1	
365	128	765	  1	
365	171	765	  1	
365	256	765	  1	
365	291	765	  1	
366	 14	765	  1	
366	 30	765	  1	
366	102	765	  1	
366	359	765	  1	
367	155	765	  1	
367	210	765	  1	
367	272	765	  1	
367	405	765	  1	
368	 16	765	  1	
368	 21	765	  1	
368	 24	765	  1	
368	 56	765	  1	
368	 88	765	  1	
368	119	765	  1	
368	125	765	  1	
368	136	765	  1	
368	176	765	  1	
368	192	765	  1	
368	199	765	  1	
368	223	765	  1	
368	250	765	  1	
368	263	765	  1	
368	320	765	  1	
368	324	765	  1	
368	344	765	  1	
368	376	765	  1	
368	432	765	  1	
368	599	765	  1	
370	  0	765	  1	
370	469	765	  1	
371	 20	765	  1	
371	 92	765	  1	
371	216	765	  1	
371	232	765	  1	
372	350	765	  1	
372	464	765	  1	
373	 31	765	  1	
373	174	765	  1	
373	283	765	  1	
373	328	765	  1	
374	 74	765	  1	
374	 88	765	  1	
374	512	765	  1	
375	147	765	  1	
375	223	765	  1	
375	599	765	  1	
376	  0	765	  1	
376	 41	765	  1	
376	120	765	  1	
376	126	765	  1	
376	176	765	  1	
376	182	765	  1	
376	190	765	  1	
376	202	765	  1	
376	246	765	  1	
376	270	765	  1	
376	302	765	  1	
376	368	765	  1	
376	480	765	  1	
376	486	765	  1	
377	298	765	  1	
378	240	765	  1	
379	248	765	  1	
379	510	765	  1	
380	207	765	  1	
380	371	765	  1	
381	 88	765	  1	
382	200	765	  1	
382	247	765	  1	
382	288	765	  1	
382	295	765	  1	
382	504	765	  1	
383	  5	765	  1	
383	 96	765	  1	
383	280	765	  1	
384	  8	765	  1	
384	 16	765	  1	
384	 31	765	  1	
384	 81	765	  1	
384	148	765	  1	
384	156	765	  1	
384	173	765	  1	
384	192	765	  1	
384	205	765	  1	
384	241	765	  1	
384	272	765	  1	
384	290	765	  1	
384	312	765	  1	
384	320	765	  1	
384	328	765	  1	
384	335	765	  1	
384	351	765	  1	
384	407	765	  1	
384	496	765	  1	
384	503	765	  1	
386	207	765	  1	
386	216	765	  1	
386	247	765	  1	
387	 88	765	  1	
387	256	765	  1	
387	488	765	  1	
388	192	765	  1	
388	264	765	  1	
389	 59	765	  1	
390	242	765	  1	
390	271	765	  1	
390	331	765	  1	
392	 45	765	  1	
392	 65	765	  1	
392	 79	765	  1	
392	 91	765	  1	
392	149	765	  1	
392	155	765	  1	
392	165	765	  1	
392	200	765	  1	
392	250	765	  1	
392	306	765	  1	
392	312	765	  1	
392	432	765	  1	
393	 96	765	  1	
394	220	765	  1	
394	243	765	  1	
394	412	765	  1	
394	428	765	  1	
395	 16	765	  1	
395	 72	765	  1	
395	183	765	  1	
395	279	765	  1	
395	319	765	  1	
395	327	765	  1	
396	144	765	  1	
396	251	765	  1	
397	128	765	  1	
397	160	765	  1	
397	304	765	  1	
397	311	765	  1	
398	171	765	  1	
398	191	765	  1	
398	287	765	  1	
398	408	765	  1	
399	 79	765	  1	
399	102	765	  1	
399	218	765	  1	
399	280	765	  1	
399	320	765	  1	
399	352	765	  1	
400	 18	765	  1	
400	 48	765	  1	
400	 83	765	  1	
400	109	765	  1	
400	166	765	  1	
400	198	765	  1	
400	255	765	  1	
400	264	765	  1	
400	327	765	  1	
400	335	765	  1	
400	552	765	  1	
402	 89	765	  1	
402	120	765	  1	
402	384	765	  1	
403	 64	765	  1	
403	152	765	  1	
403	379	765	  1	
403	543	765	  1	
405	 16	765	  1	
405	 23	765	  1	
405	 72	765	  1	
405	162	765	  1	
405	224	765	  1	
405	250	765	  1	
406	135	765	  1	
406	199	765	  1	
407	126	765	  1	
407	179	765	  1	
407	306	765	  1	
407	311	765	  1	
407	323	765	  1	
407	448	765	  1	
408	 43	765	  1	
408	 56	765	  1	
408	102	765	  1	
408	104	765	  1	
408	145	765	  1	
408	176	765	  1	
408	188	765	  1	
408	194	765	  1	
408	288	765	  1	
408	336	765	  1	
408	349	765	  1	
408	390	765	  1	
408	424	765	  1	
408	491	765	  1	
410	123	765	  1	
410	427	765	  1	
411	111	765	  1	
411	292	765	  1	
412	 38	765	  1	
412	103	765	  1	
412	384	765	  1	
413	 80	765	  1	
413	176	765	  1	
413	379	765	  1	
414	 96	765	  1	
414	288	765	  1	
414	344	765	  1	
414	507	765	  1	
415	 56	765	  1	
415	100	765	  1	
415	112	765	  1	
415	309	765	  1	
415	328	765	  1	
416	  0	765	  1	
416	 12	765	  1	
416	 39	765	  1	
416	 48	765	  1	
416	 52	765	  1	
416	 96	765	  1	
416	111	765	  1	
416	144	765	  1	
416	150	765	  1	
416	168	765	  1	
416	223	765	  1	
416	312	765	  1	
416	351	765	  1	
418	 91	765	  1	
419	 64	765	  1	
419	104	765	  1	
419	494	765	  1	
421	 80	765	  1	
421	147	765	  1	
421	288	765	  1	
421	427	765	  1	
422	 12	765	  1	
422	 54	765	  1	
422	218	765	  1	
422	264	765	  1	
423	 48	765	  1	
423	111	765	  1	
423	559	765	  1	
424	 37	765	  1	
424	 46	765	  1	
424	 64	765	  1	
424	 74	765	  1	
424	 80	765	  1	
424	 83	765	  1	
424	120	765	  1	
424	136	765	  1	
424	154	765	  1	
424	232	765	  1	
424	431	765	  1	
424	463	765	  1	
424	499	765	  1	
424	536	765	  1	
425	175	765	  1	
426	152	765	  1	
427	 92	765	  1	
427	239	765	  1	
427	456	765	  1	
428	256	765	  1	
429	 75	765	  1	
430	 44	765	  1	
430	223	765	  1	
431	232	765	  1	
431	463	765	  1	
432	 31	765	  1	
432	 90	765	  1	
432	 96	765	  1	
432	135	765	  1	
432	147	765	  1	
432	184	765	  1	
432	200	765	  1	
432	208	765	  1	
432	219	765	  1	
432	229	765	  1	
432	338	765	  1	
432	350	765	  1	
433	104	765	  1	
435	 24	765	  1	
436	 85	765	  1	
437	 13	765	  1	
437	 80	765	  1	
437	 96	765	  1	
437	164	765	  1	
438	184	765	  1	
438	288	765	  1	
439	 31	765	  1	
439	112	765	  1	
439	128	765	  1	
439	135	765	  1	
439	144	765	  1	
439	151	765	  1	
439	175	765	  1	
439	216	765	  1	
439	223	765	  1	
440	 43	765	  1	
440	 49	765	  1	
440	 56	765	  1	
440	106	765	  1	
440	130	765	  1	
440	136	765	  1	
440	145	765	  1	
440	152	765	  1	
440	198	765	  1	
440	269	765	  1	
440	392	765	  1	
440	503	765	  1	
442	256	765	  1	
443	 80	765	  1	
443	497	765	  1	
444	111	765	  1	
444	158	765	  1	
444	208	765	  1	
445	143	765	  1	
445	216	765	  1	
445	223	765	  1	
445	232	765	  1	
446	104	765	  1	
446	119	765	  1	
446	288	765	  1	
446	382	765	  1	
447	 56	765	  1	
447	160	765	  1	
447	198	765	  1	
447	399	765	  1	
448	 30	765	  1	
448	 36	765	  1	
448	 73	765	  1	
448	209	765	  1	
450	 62	765	  1	
450	279	765	  1	
451	 96	765	  1	
451	111	765	  1	
453	 27	765	  1	
453	143	765	  1	
453	213	765	  1	
453	224	765	  1	
454	 56	765	  1	
454	208	765	  1	
455	104	765	  1	
455	271	765	  1	
456	 61	765	  1	
456	145	765	  1	
456	165	765	  1	
456	216	765	  1	
456	220	765	  1	
456	360	765	  1	
456	395	765	  1	
456	428	765	  1	
458	160	765	  1	
458	212	765	  1	
458	243	765	  1	
459	224	765	  1	
460	 23	765	  1	
461	142	765	  1	
461	184	765	  1	
461	234	765	  1	
462	113	765	  1	
462	166	765	  1	
462	221	765	  1	
462	336	765	  1	
462	363	765	  1	
463	214	765	  1	
464	 31	765	  1	
464	 80	765	  1	
464	287	765	  1	
464	299	765	  1	
464	558	765	  1	
466	 24	765	  1	
466	 45	765	  1	
466	150	765	  1	
466	552	765	  1	
467	  0	765	  1	
467	 14	765	  1	
467	 40	765	  1	
467	 72	765	  1	
467	136	765	  1	
467	302	765	  1	
469	219	765	  1	
469	232	765	  1	
469	239	765	  1	
469	264	765	  1	
470	  8	765	  1	
470	128	765	  1	
470	141	765	  1	
471	 31	765	  1	
472	 24	765	  1	
472	 28	765	  1	
472	 56	765	  1	
472	 63	765	  1	
472	 88	765	  1	
472	100	765	  1	
472	120	765	  1	
472	169	765	  1	
472	175	765	  1	
472	181	765	  1	
472	251	765	  1	
472	344	765	  1	
472	525	765	  1	
473	148	765	  1	
473	155	765	  1	
473	210	765	  1	
474	 47	765	  1	
474	163	765	  1	
476	 59	765	  1	
476	183	765	  1	
477	 72	765	  1	
477	270	765	  1	
478	198	765	  1	
478	208	765	  1	
479	 88	765	  1	
479	176	765	  1	
480	 22	765	  1	
480	 39	765	  1	
480	115	765	  1	
480	183	765	  1	
480	243	765	  1	
480	278	765	  1	
480	288	765	  1	
480	295	765	  1	
480	304	765	  1	
480	310	765	  1	
480	406	765	  1	
481	283	765	  1	
482	 12	765	  1	
482	151	765	  1	
483	 30	765	  1	
483	120	765	  1	
483	215	765	  1	
483	272	765	  1	
483	344	765	  1	
485	 24	765	  1	
485	152	765	  1	
485	248	765	  1	
485	362	765	  1	
486	173	765	  1	
486	213	765	  1	
486	240	765	  1	
486	279	765	  1	
487	168	765	  1	
487	176	765	  1	
487	291	765	  1	
488	  8	765	  1	
488	 15	765	  1	
488	 78	765	  1	
488	 90	765	  1	
488	101	765	  1	
488	128	765	  1	
488	132	765	  1	
488	143	765	  1	
488	284	765	  1	
488	334	765	  1	
488	479	765	  1	
490	208	765	  1	
491	 80	765	  1	
491	184	765	  1	
491	520	765	  1	
493	 16	765	  1	
493	244	765	  1	
494	556	765	  1	
495	 78	765	  1	
495	334	765	  1	
495	427	765	  1	
495	479	765	  1	
496	 25	765	  1	
496	 53	765	  1	
496	 85	765	  1	
496	152	765	  1	
496	185	765	  1	
496	234	765	  1	
496	263	765	  1	
496	343	765	  1	
496	366	765	  1	
496	447	765	  1	
497	111	765	  1	
497	133	765	  1	
498	 74	765	  1	
498	199	765	  1	
499	 24	765	  1	
499	106	765	  1	
499	128	765	  1	
499	350	765	  1	
500	398	765	  1	
501	183	765	  1	
501	232	765	  1	
501	239	765	  1	
501	328	765	  1	
502	130	765	  1	
502	135	765	  1	
502	195	765	  1	
502	315	765	  1	
502	364	765	  1	
502	392	765	  1	
503	111	765	  1	
503	152	765	  1	
503	191	765	  1	
503	215	765	  1	
503	339	765	  1	
504	101	765	  1	
504	112	765	  1	
504	120	765	  1	
504	205	765	  1	
504	209	765	  1	
504	224	765	  1	
504	367	765	  1	
506	 28	765	  1	
506	 65	765	  1	
506	384	765	  1	
506	388	765	  1	
507	176	765	  1	
508	 79	765	  1	
509	118	765	  1	
509	144	765	  1	
511	389	765	  1	
511	416	765	  1	
511	423	765	  1	
512	  0	765	  1	
512	112	765	  1	
512	168	765	  1	
512	192	765	  1	
512	198	765	  1	
512	213	765	  1	
512	222	765	  1	
512	274	765	  1	
512	279	765	  1	
512	331	765	  1	
512	392	765	  1	
512	397	765	  1	
514	344	765	  1	
515	  7	765	  1	
515	 76	765	  1	
515	 94	765	  1	
515	267	765	  1	
516	 84	765	  1	
518	192	765	  1	
518	213	765	  1	
518	279	765	  1	
518	328	765	  1	
518	349	765	  1	
519	  0	765	  1	
519	388	765	  1	
519	399	765	  1	
519	408	765	  1	
520	 64	765	  1	
520	 88	765	  1	
520	100	765	  1	
520	120	765	  1	
520	132	765	  1	
520	219	765	  1	
520	235	765	  1	
520	248	765	  1	
520	280	765	  1	
520	304	765	  1	
520	338	765	  1	
522	 15	765	  1	
522	286	765	  1	
523	 56	765	  1	
523	131	765	  1	
523	270	765	  1	
524	134	765	  1	
524	384	765	  1	
525	  6	765	  1	
525	232	765	  1	
525	310	765	  1	
525	320	765	  1	
526	 62	765	  1	
526	194	765	  1	
526	222	765	  1	
526	264	765	  1	
526	280	765	  1	
527	  0	765	  1	
527	 88	765	  1	
527	336	765	  1	
527	343	765	  1	
527	392	765	  1	
527	562	765	  1	
528	 14	765	  1	
528	 82	765	  1	
528	 87	765	  1	
528	102	765	  1	
528	115	765	  1	
528	136	765	  1	
528	162	765	  1	
528	167	765	  1	
528	176	765	  1	
528	218	765	  1	
528	247	765	  1	
528	255	765	  1	
528	317	765	  1	
528	325	765	  1	
528	344	765	  1	
528	360	765	  1	
528	368	765	  1	
528	532	765	  1	
529	399	765	  1	
530	152	765	  1	
530	285	765	  1	
531	 72	765	  1	
531	110	765	  1	
531	133	765	  1	
532	 96	765	  1	
532	119	765	  1	
533	252	765	  1	
533	366	765	  1	
533	374	765	  1	
533	392	765	  1	
534	346	765	  1	
535	129	765	  1	
535	240	765	  1	
536	 64	765	  1	
536	 84	765	  1	
536	 96	765	  1	
536	181	765	  1	
536	188	765	  1	
536	200	765	  1	
536	286	765	  1	
536	309	765	  1	
537	107	765	  1	
538	152	765	  1	
538	368	765	  1	
539	294	765	  1	
540	158	765	  1	
541	127	765	  1	
541	304	765	  1	
542	 86	765	  1	
542	374	765	  1	
543	 80	765	  1	
543	155	765	  1	
543	200	765	  1	
544	104	765	  1	
544	123	765	  1	
544	128	765	  1	
544	144	765	  1	
544	173	765	  1	
544	239	765	  1	
544	266	765	  1	
544	283	765	  1	
544	320	765	  1	
544	382	765	  1	
545	317	765	  1	
546	 12	765	  1	
547	 71	765	  1	
547	168	765	  1	
547	207	765	  1	
547	256	765	  1	
549	264	765	  1	
549	271	765	  1	
549	280	765	  1	
549	376	765	  1	
549	439	765	  1	
550	127	765	  1	
551	 64	765	  1	
551	144	765	  1	
551	320	765	  1	
551	392	765	  1	
552	158	765	  1	
552	184	765	  1	
552	258	765	  1	
552	334	765	  1	
552	368	765	  1	
552	389	765	  1	
553	108	765	  1	
554	 96	765	  1	
554	152	765	  1	
555	199	765	  1	
555	203	765	  1	
555	256	765	  1	
555	262	765	  1	
557	168	765	  1	
558	375	765	  1	
559	 75	765	  1	
559	 96	765	  1	
559	147	765	  1	
559	167	765	  1	
559	192	765	  1	
560	 80	765	  1	
560	 87	765	  1	
560	199	765	  1	
560	301	765	  1	
560	320	765	  1	
560	340	765	  1	
560	403	765	  1	
561	205	765	  1	
561	387	765	  1	
561	394	765	  1	
562	296	765	  1	
562	332	765	  1	
562	463	765	  1	
565	239	765	  1	
565	336	765	  1	
566	 83	765	  1	
566	152	765	  1	
566	157	765	  1	
566	163	765	  1	
566	302	765	  1	
566	328	765	  1	
567	 71	765	  1	
567	172	765	  1	
567	399	765	  1	
567	407	765	  1	
568	136	765	  1	
568	140	765	  1	
568	196	765	  1	
568	245	765	  1	
568	282	765	  1	
568	317	765	  1	
568	384	765	  1	
570	208	765	  1	
570	235	765	  1	
571	136	765	  1	
572	216	765	  1	
572	312	765	  1	
573	155	765	  1	
573	166	765	  1	
573	342	765	  1	
574	 43	765	  1	
575	141	765	  1	
575	208	765	  1	
575	336	765	  1	
576	 58	765	  1	
576	194	765	  1	
576	199	765	  1	
576	247	765	  1	
576	256	765	  1	
576	261	765	  1	
576	288	765	  1	
576	312	765	  1	
576	320	765	  1	
576	326	765	  1	
578	  0	765	  1	
578	270	765	  1	
579	 64	765	  1	
579	319	765	  1	
580	367	765	  1	
581	295	765	  1	
582	 63	765	  1	
582	264	765	  1	
583	312	765	  1	
584	 80	765	  1	
584	 87	765	  1	
584	 93	765	  1	
584	119	765	  1	
584	143	765	  1	
584	158	765	  1	
584	232	765	  1	
584	328	765	  1	
584	334	765	  1	
584	351	765	  1	
585	312	765	  1	
585	317	765	  1	
586	110	765	  1	
587	138	765	  1	
587	152	765	  1	
587	200	765	  1	
587	255	765	  1	
587	336	765	  1	
589	100	765	  1	
589	167	765	  1	
590	111	765	  1	
590	248	765	  1	
591	 64	765	  1	
591	 83	765	  1	
591	119	765	  1	
591	351	765	  1	
592	  8	765	  1	
592	 15	765	  1	
592	 72	765	  1	
592	 80	765	  1	
592	161	765	  1	
592	208	765	  1	
592	288	765	  1	
592	312	765	  1	
592	321	765	  1	
592	328	765	  1	
592	335	765	  1	
592	349	765	  1	
592	444	765	  1	
594	167	765	  1	
595	 23	765	  1	
595	 79	765	  1	
596	298	765	  1	
597	243	765	  1	
597	267	765	  1	
597	288	765	  1	
597	346	765	  1	
597	351	765	  1	
598	 63	765	  1	
598	162	765	  1	
598	307	765	  1	
598	432	765	  1	
599	  8	765	  1	
599	 15	765	  1	
599	 72	765	  1	
599	108	765	  1	
599	320	765	  1	
599	331	765	  1	
600	 51	765	  1	
600	135	765	  1	
600	168	765	  1	
600	218	765	  1	
605	270	765	  1	
605	336	765	  1	
606	520	765	  1	
607	168	765	  1	
607	190	765	  1	
607	320	765	  1	
607	519	765	  1	
608	  3	765	  1	
608	 19	765	  1	
608	 69	765	  1	
608	 80	765	  1	
608	 99	765	  1	
608	133	765	  1	
608	144	765	  1	
608	151	765	  1	
608	203	765	  1	
608	250	765	  1	
608	277	765	  1	
608	288	765	  1	
608	298	765	  1	
608	303	765	  1	
608	307	765	  1	
608	312	765	  1	
608	328	765	  1	
608	479	765	  1	
610	  8	765	  1	
610	 15	765	  1	
610	285	765	  1	
611	264	765	  1	
611	335	765	  1	
613	290	765	  1	
614	 80	765	  1	
614	251	765	  1	
615	 19	765	  1	
615	 96	765	  1	
615	103	765	  1	
615	147	765	  1	
615	200	765	  1	
615	207	765	  1	
615	303	765	  1	
615	328	765	  1	
616	  5	765	  1	
616	192	765	  1	
616	231	765	  1	
616	239	765	  1	
616	259	765	  1	
616	270	765	  1	
616	287	765	  1	
616	322	765	  1	
616	327	765	  1	
616	344	765	  1	
616	367	765	  1	
618	352	765	  1	
619	199	765	  1	
620	 56	765	  1	
621	264	765	  1	
621	277	765	  1	
621	287	765	  1	
622	244	765	  1	
622	295	765	  1	
623	 72	765	  1	
623	192	765	  1	
623	231	765	  1	
623	256	765	  1	
623	263	765	  1	
623	352	765	  1	
623	480	765	  1	
623	487	765	  1	
624	 21	765	  1	
624	 70	765	  1	
624	200	765	  1	
624	302	765	  1	
624	314	765	  1	
626	311	765	  1	
627	255	765	  1	
627	285	765	  1	
627	328	765	  1	
627	344	765	  1	
630	147	765	  1	
631	282	765	  1	
631	319	765	  1	
631	351	765	  1	
631	550	765	  1	
632	152	765	  1	
632	195	765	  1	
632	264	765	  1	
632	314	765	  1	
634	213	765	  1	
635	295	765	  1	
638	 92	765	  1	
639	192	765	  1	
639	199	765	  1	
639	269	765	  1	
640	128	765	  1	
640	135	765	  1	
640	286	765	  1	
640	304	765	  1	
640	488	765	  1	
643	239	765	  1	
645	554	765	  1	
646	284	765	  1	
646	538	765	  1	
647	439	765	  1	
647	468	765	  1	
648	  4	765	  1	
648	  8	765	  1	
648	 13	765	  1	
648	 37	765	  1	
648	 83	765	  1	
648	103	765	  1	
648	106	765	  1	
648	111	765	  1	
648	191	765	  1	
648	270	765	  1	
648	288	765	  1	
648	326	765	  1	
650	295	765	  1	
651	119	765	  1	
651	224	765	  1	
651	239	765	  1	
652	 38	765	  1	
653	352	765	  1	
654	 68	765	  1	
654	106	765	  1	
654	184	765	  1	
655	 55	765	  1	
655	 80	765	  1	
655	 87	765	  1	
655	111	765	  1	
656	 78	765	  1	
656	359	765	  1	
656	512	765	  1	
658	  0	765	  1	
661	189	765	  1	
662	139	765	  1	
663	 72	765	  1	
663	 76	765	  1	
663	184	765	  1	
663	269	765	  1	
663	355	765	  1	
663	447	765	  1	
664	 91	765	  1	
664	271	765	  1	
666	285	765	  1	
668	243	765	  1	
670	125	765	  1	
670	387	765	  1	
671	 88	765	  1	
671	 95	765	  1	
671	255	765	  1	
672	408	765	  1	
680	107	765	  1	
682	266	765	  1	
684	 64	765	  1	
685	114	765	  1	
693	180	765	  1	
699	272	765	  1	
702	352	765	  1	
717	238	765	  1	
720	155	765	  1	
795	223	765	  1	
