# 
#  Image file: Goad2_T0001.jpg
#  Applied threshold: 575
#  Algorithm used: fill2                 
#  Particle count: 2077
#  Location (x,y), max luminance, and mass:
# 
  0	303	765	  1	
  2	148	765	  1	
  5	461	765	  1	
  8	411	765	  1	
  8	448	765	  1	
 11	151	765	  1	
 16	304	765	  1	
 18	415	765	  1	
 18	500	765	  1	
 21	568	765	  1	
 22	123	765	  1	
 23	119	765	  1	
 23	173	765	  1	
 26	244	765	  1	
 27	327	765	  1	
 31	192	765	  1	
 32	383	765	  1	
 37	379	765	  1	
 38	327	765	  1	
 39	171	765	  1	
 40	264	765	  1	
 43	279	765	  1	
 45	108	765	  1	
 49	288	765	  1	
 52	304	765	  1	
 55	391	765	  1	
 56	107	765	  1	
 56	288	765	  1	
 58	335	765	  1	
 59	305	765	  1	
 63	111	765	  1	
 63	280	765	  1	
 64	277	765	  1	
 64	311	765	  1	
 72	151	765	  1	
 72	168	765	  1	
 74	250	765	  1	
 78	309	765	  1	
 79	111	765	  1	
 79	263	765	  1	
 80	260	765	  1	
 82	144	765	  1	
 82	288	765	  1	
 84	176	765	  1	
 86	225	765	  1	
 86	423	765	  1	
 87	148	765	  1	
 87	263	765	  1	
 88	104	765	  1	
 92	360	765	  1	
 93	285	765	  1	
 94	130	765	  1	
 95	312	765	  1	
 95	408	765	  1	
 96	 24	765	  1	
 96	 95	765	  1	
 96	376	765	  1	
 96	383	765	  1	
 98	 88	765	  1	
 98	197	765	  1	
101	330	765	  1	
101	335	765	  1	
103	 95	765	  1	
103	379	765	  1	
104	136	765	  1	
104	143	765	  1	
104	225	765	  1	
104	301	765	  1	
104	599	765	  1	
106	246	765	  1	
106	368	765	  1	
109	375	765	  1	
110	296	765	  1	
111	139	765	  1	
112	231	765	  1	
112	299	765	  1	
112	584	765	  1	
115	136	765	  1	
115	143	765	  1	
115	183	765	  1	
115	439	765	  1	
117	360	765	  1	
117	365	765	  1	
117	391	765	  1	
118	 36	765	  1	
118	171	765	  1	
118	323	765	  1	
119	234	765	  1	
120	278	765	  1	
120	399	765	  1	
120	408	765	  1	
123	  5	765	  1	
123	102	765	  1	
123	599	765	  1	
124	  0	765	  1	
124	 47	765	  1	
126	  8	765	  1	
126	363	765	  1	
127	159	765	  1	
128	  7	765	  1	
128	 87	765	  1	
128	 96	765	  1	
128	103	765	  1	
128	118	765	  1	
128	133	765	  1	
128	245	765	  1	
128	280	765	  1	
128	303	765	  1	
128	344	765	  1	
128	350	765	  1	
128	368	765	  1	
128	392	765	  1	
129	223	765	  1	
129	400	765	  1	
130	128	765	  1	
130	256	765	  1	
131	 95	765	  1	
131	191	765	  1	
133	240	765	  1	
134	134	765	  1	
134	181	765	  1	
134	303	765	  1	
134	375	765	  1	
135	 87	765	  1	
135	 99	765	  1	
135	216	765	  1	
135	221	765	  1	
136	 96	765	  1	
136	167	765	  1	
136	192	765	  1	
136	207	765	  1	
136	272	765	  1	
136	292	765	  1	
136	383	765	  1	
138	128	765	  1	
138	356	765	  1	
138	440	765	  1	
139	103	765	  1	
139	184	765	  1	
139	199	765	  1	
139	350	765	  1	
139	376	765	  1	
140	298	765	  1	
141	  4	765	  1	
141	143	765	  1	
142	134	765	  1	
142	352	765	  1	
142	391	765	  1	
143	 96	765	  1	
143	191	765	  1	
143	207	765	  1	
143	272	765	  1	
143	383	765	  1	
144	  8	765	  1	
144	 15	765	  1	
144	 88	765	  1	
144	113	765	  1	
144	215	765	  1	
144	223	765	  1	
144	303	765	  1	
144	328	765	  1	
144	335	765	  1	
144	367	765	  1	
144	424	765	  1	
145	160	765	  1	
146	432	765	  1	
147	 95	765	  1	
147	315	765	  1	
148	187	765	  1	
148	299	765	  1	
148	400	765	  1	
149	210	765	  1	
149	220	765	  1	
149	272	765	  1	
150	279	765	  1	
150	364	765	  1	
150	406	765	  1	
150	522	765	  1	
151	 11	765	  1	
151	 88	765	  1	
151	288	765	  1	
151	331	765	  1	
152	  4	765	  1	
152	286	765	  1	
152	371	765	  1	
152	408	765	  1	
155	  8	765	  1	
157	 47	765	  1	
157	128	765	  1	
157	367	765	  1	
158	117	765	  1	
158	287	765	  1	
159	 33	765	  1	
159	300	765	  1	
159	408	765	  1	
160	 72	765	  1	
160	 79	765	  1	
160	135	765	  1	
160	240	765	  1	
160	255	765	  1	
160	359	765	  1	
160	440	765	  1	
160	459	765	  1	
162	216	765	  1	
163	248	765	  1	
163	295	765	  1	
163	416	765	  1	
164	 14	765	  1	
164	264	765	  1	
165	280	765	  1	
166	  8	765	  1	
166	 87	765	  1	
166	243	765	  1	
166	271	765	  1	
167	 48	765	  1	
167	 75	765	  1	
167	165	765	  1	
167	255	765	  1	
167	288	765	  1	
167	359	765	  1	
168	213	765	  1	
168	221	765	  1	
168	242	765	  1	
168	411	765	  1	
168	488	765	  1	
170	105	765	  1	
170	176	765	  1	
171	 96	765	  1	
171	144	765	  1	
171	152	765	  1	
173	 87	765	  1	
174	 48	765	  1	
174	 55	765	  1	
174	240	765	  1	
175	245	765	  1	
175	408	765	  1	
175	415	765	  1	
176	 99	765	  1	
176	127	765	  1	
176	165	765	  1	
176	187	765	  1	
176	277	765	  1	
176	312	765	  1	
176	592	765	  1	
178	 39	765	  1	
178	197	765	  1	
179	 80	765	  1	
179	 96	765	  1	
179	186	765	  1	
180	240	765	  1	
180	272	765	  1	
181	  0	765	  1	
181	154	765	  1	
181	231	765	  1	
182	102	765	  1	
182	247	765	  1	
182	599	765	  1	
183	120	765	  1	
183	190	765	  1	
183	224	765	  1	
184	 48	765	  1	
184	 72	765	  1	
184	144	765	  1	
184	166	765	  1	
184	336	765	  1	
184	343	765	  1	
184	360	765	  1	
184	367	765	  1	
185	255	765	  1	
186	127	765	  1	
186	328	765	  1	
187	 55	765	  1	
187	104	765	  1	
187	314	765	  1	
189	144	765	  1	
189	200	765	  1	
190	410	765	  1	
191	 48	765	  1	
191	112	765	  1	
191	120	765	  1	
191	125	765	  1	
191	319	765	  1	
191	339	765	  1	
192	 47	765	  1	
192	 75	765	  1	
192	101	765	  1	
192	133	765	  1	
192	168	765	  1	
192	178	765	  1	
192	234	765	  1	
192	251	765	  1	
192	271	765	  1	
192	325	765	  1	
192	363	765	  1	
192	383	765	  1	
192	461	765	  1	
194	 91	765	  1	
194	320	765	  1	
195	127	765	  1	
196	232	765	  1	
197	 96	765	  1	
197	368	765	  1	
197	549	765	  1	
198	326	765	  1	
198	504	765	  1	
199	120	765	  1	
199	182	765	  1	
200	 64	765	  1	
200	126	765	  1	
200	214	765	  1	
200	242	765	  1	
200	343	765	  1	
201	147	765	  1	
202	304	765	  1	
203	  0	765	  1	
203	 45	765	  1	
204	170	765	  1	
204	255	765	  1	
205	  7	765	  1	
205	115	765	  1	
205	208	765	  1	
205	247	765	  1	
206	 72	765	  1	
206	234	765	  1	
207	175	765	  1	
207	375	765	  1	
208	  8	765	  1	
208	 15	765	  1	
208	 59	765	  1	
208	 85	765	  1	
208	 99	765	  1	
208	120	765	  1	
208	147	765	  1	
208	189	765	  1	
208	197	765	  1	
208	272	765	  1	
208	336	765	  1	
209	246	765	  1	
209	365	765	  1	
210	277	765	  1	
211	125	765	  1	
212	175	765	  1	
212	463	765	  1	
213	368	765	  1	
214	184	765	  1	
215	 11	765	  1	
215	 99	765	  1	
215	272	765	  1	
216	 77	765	  1	
216	 81	765	  1	
216	 96	765	  1	
216	109	765	  1	
216	117	765	  1	
216	154	765	  1	
216	159	765	  1	
216	215	765	  1	
216	224	765	  1	
216	234	765	  1	
216	264	765	  1	
216	271	765	  1	
216	302	765	  1	
216	310	765	  1	
216	376	765	  1	
217	255	765	  1	
217	344	765	  1	
218	 72	765	  1	
218	296	765	  1	
219	336	765	  1	
219	343	765	  1	
219	419	765	  1	
219	435	765	  1	
219	551	765	  1	
220	304	765	  1	
221	230	765	  1	
221	239	765	  1	
221	365	765	  1	
222	 78	765	  1	
222	184	765	  1	
222	248	765	  1	
223	 39	765	  1	
223	267	765	  1	
223	309	765	  1	
223	346	765	  1	
223	360	765	  1	
223	404	765	  1	
223	479	765	  1	
224	 56	765	  1	
224	 80	765	  1	
224	125	765	  1	
224	136	765	  1	
224	283	765	  1	
224	312	765	  1	
224	376	765	  1	
224	384	765	  1	
224	390	765	  1	
225	183	765	  1	
226	400	765	  1	
226	409	765	  1	
227	 32	765	  1	
227	 45	765	  1	
227	128	765	  1	
227	248	765	  1	
228	310	765	  1	
228	370	765	  1	
229	 91	765	  1	
229	120	765	  1	
229	169	765	  1	
229	210	765	  1	
229	215	765	  1	
230	 70	765	  1	
230	147	765	  1	
230	308	765	  1	
230	319	765	  1	
231	 39	765	  1	
231	 87	765	  1	
232	 32	765	  1	
232	 67	765	  1	
232	109	765	  1	
232	136	765	  1	
232	183	765	  1	
232	207	765	  1	
232	219	765	  1	
232	256	765	  1	
232	376	765	  1	
232	393	765	  1	
232	432	765	  1	
232	443	765	  1	
232	448	765	  1	
232	472	765	  1	
232	479	765	  1	
232	482	765	  1	
233	386	765	  1	
233	400	765	  1	
234	 71	765	  1	
234	175	765	  1	
234	415	765	  1	
235	 80	765	  1	
235	399	765	  1	
235	407	765	  1	
235	439	765	  1	
236	 32	765	  1	
236	 61	765	  1	
236	151	765	  1	
236	280	765	  1	
237	 72	765	  1	
237	136	765	  1	
237	166	765	  1	
237	262	765	  1	
237	311	765	  1	
237	476	765	  1	
238	140	765	  1	
238	301	765	  1	
239	 39	765	  1	
239	145	765	  1	
239	150	765	  1	
239	207	765	  1	
239	388	765	  1	
239	432	765	  1	
239	440	765	  1	
239	447	765	  1	
240	  2	765	  1	
240	 27	765	  1	
240	 43	765	  1	
240	104	765	  1	
240	117	765	  1	
240	175	765	  1	
240	191	765	  1	
240	200	765	  1	
240	244	765	  1	
240	255	765	  1	
240	258	765	  1	
240	304	765	  1	
240	360	765	  1	
240	365	765	  1	
240	376	765	  1	
240	383	765	  1	
240	475	765	  1	
240	572	765	  1	
241	230	765	  1	
241	476	765	  1	
242	 56	765	  1	
242	 64	765	  1	
242	263	765	  1	
242	364	765	  1	
243	311	765	  1	
244	 38	765	  1	
244	398	765	  1	
245	 48	765	  1	
245	 92	765	  1	
245	224	765	  1	
245	359	765	  1	
245	463	765	  1	
246	173	765	  1	
246	365	765	  1	
246	392	765	  1	
247	 70	765	  1	
247	136	765	  1	
247	143	765	  1	
247	304	765	  1	
247	344	765	  1	
247	351	765	  1	
247	371	765	  1	
247	379	765	  1	
247	416	765	  1	
247	485	765	  1	
248	 14	765	  1	
248	 24	765	  1	
248	 29	765	  1	
248	116	765	  1	
248	133	765	  1	
248	144	765	  1	
248	203	765	  1	
248	239	765	  1	
248	259	765	  1	
248	272	765	  1	
248	317	765	  1	
248	432	765	  1	
250	149	765	  1	
251	160	765	  1	
251	255	765	  1	
251	320	765	  1	
251	368	765	  1	
252	192	765	  1	
253	 48	765	  1	
254	  0	765	  1	
254	 10	765	  1	
254	 55	765	  1	
254	210	765	  1	
254	256	765	  1	
255	144	765	  1	
255	167	765	  1	
255	317	765	  1	
256	126	765	  1	
256	420	765	  1	
256	424	765	  1	
256	440	765	  1	
256	456	765	  1	
256	539	765	  1	
257	247	765	  1	
258	 79	765	  1	
258	226	765	  1	
258	240	765	  1	
259	 96	765	  1	
259	168	765	  1	
259	183	765	  1	
259	215	765	  1	
260	416	765	  1	
261	144	765	  1	
261	278	765	  1	
261	440	765	  1	
262	  0	765	  1	
262	244	765	  1	
263	117	765	  1	
263	126	765	  1	
263	447	765	  1	
263	536	765	  1	
263	543	765	  1	
264	  5	765	  1	
264	 14	765	  1	
264	 23	765	  1	
264	 48	765	  1	
264	 55	765	  1	
264	 78	765	  1	
264	 91	765	  1	
264	115	765	  1	
264	124	765	  1	
264	163	765	  1	
264	173	765	  1	
264	400	765	  1	
264	408	765	  1	
264	528	765	  1	
264	532	765	  1	
265	251	765	  1	
266	235	765	  1	
266	414	765	  1	
266	447	765	  1	
267	  8	765	  1	
267	 51	765	  1	
267	160	765	  1	
267	255	765	  1	
267	406	765	  1	
268	419	765	  1	
269	 94	765	  1	
269	101	765	  1	
269	127	765	  1	
269	247	765	  1	
269	263	765	  1	
269	472	765	  1	
269	479	765	  1	
269	544	765	  1	
270	 18	765	  1	
270	172	765	  1	
270	432	765	  1	
271	 48	765	  1	
271	 55	765	  1	
271	112	765	  1	
271	119	765	  1	
271	176	765	  1	
271	208	765	  1	
271	216	765	  1	
271	414	765	  1	
271	447	765	  1	
271	464	765	  1	
272	 29	765	  1	
272	 86	765	  1	
272	163	765	  1	
272	229	765	  1	
272	253	765	  1	
272	264	765	  1	
272	332	765	  1	
272	360	765	  1	
272	366	765	  1	
272	400	765	  1	
272	403	765	  1	
272	443	765	  1	
272	504	765	  1	
272	512	765	  1	
272	536	765	  1	
272	542	765	  1	
272	560	765	  1	
273	 82	765	  1	
273	384	765	  1	
273	463	765	  1	
274	 22	765	  1	
274	224	765	  1	
274	269	765	  1	
274	519	765	  1	
275	127	765	  1	
275	179	765	  1	
275	312	765	  1	
275	402	765	  1	
275	471	765	  1	
275	480	765	  1	
277	 16	765	  1	
277	107	765	  1	
277	136	765	  1	
277	207	765	  1	
277	296	765	  1	
277	539	765	  1	
278	230	765	  1	
278	414	765	  1	
278	564	765	  1	
279	 51	765	  1	
279	264	765	  1	
279	288	765	  1	
279	403	765	  1	
279	448	765	  1	
279	464	765	  1	
280	 47	765	  1	
280	 64	765	  1	
280	 68	765	  1	
280	 72	765	  1	
280	 91	765	  1	
280	100	765	  1	
280	117	765	  1	
280	133	765	  1	
280	154	765	  1	
280	168	765	  1	
280	172	765	  1	
280	191	765	  1	
280	218	765	  1	
280	240	765	  1	
280	250	765	  1	
280	330	765	  1	
280	392	765	  1	
280	396	765	  1	
280	511	765	  1	
280	529	765	  1	
280	536	765	  1	
280	552	765	  1	
280	559	765	  1	
281	479	765	  1	
281	547	765	  1	
282	112	765	  1	
282	192	765	  1	
282	400	765	  1	
282	413	765	  1	
282	535	765	  1	
283	 80	765	  1	
283	368	765	  1	
283	492	765	  1	
283	504	765	  1	
283	543	765	  1	
285	 16	765	  1	
285	 35	765	  1	
285	 94	765	  1	
285	 98	765	  1	
285	224	765	  1	
285	429	765	  1	
286	103	765	  1	
286	118	765	  1	
286	173	765	  1	
286	291	765	  1	
286	397	765	  1	
286	530	765	  1	
287	159	765	  1	
287	168	765	  1	
287	198	765	  1	
287	240	765	  1	
287	472	765	  1	
287	511	765	  1	
287	536	765	  1	
287	555	765	  1	
288	 82	765	  1	
288	104	765	  1	
288	144	765	  1	
288	162	765	  1	
288	167	765	  1	
288	202	765	  1	
288	252	765	  1	
288	312	765	  1	
288	365	765	  1	
288	405	765	  1	
288	408	765	  1	
288	504	765	  1	
288	552	765	  1	
290	200	765	  1	
290	207	765	  1	
291	415	765	  1	
292	408	765	  1	
292	552	765	  1	
292	558	765	  1	
293	223	765	  1	
293	363	765	  1	
293	528	765	  1	
294	 39	765	  1	
294	203	765	  1	
294	374	765	  1	
294	508	765	  1	
295	 24	765	  1	
295	 95	765	  1	
295	151	765	  1	
295	291	765	  1	
295	392	765	  1	
296	  6	765	  1	
296	 59	765	  1	
296	 66	765	  1	
296	 80	765	  1	
296	132	765	  1	
296	138	765	  1	
296	168	765	  1	
296	185	765	  1	
296	232	765	  1	
296	251	765	  1	
296	295	765	  1	
296	311	765	  1	
296	346	765	  1	
296	407	765	  1	
296	488	765	  1	
296	499	765	  1	
297	191	765	  1	
298	555	765	  1	
299	 60	765	  1	
299	112	765	  1	
299	174	765	  1	
299	198	765	  1	
299	219	765	  1	
299	400	765	  1	
300	 51	765	  1	
300	130	765	  1	
300	368	765	  1	
301	  3	765	  1	
301	 94	765	  1	
301	139	765	  1	
301	352	765	  1	
301	493	765	  1	
301	559	765	  1	
302	 32	765	  1	
303	208	765	  1	
303	360	765	  1	
303	407	765	  1	
304	 27	765	  1	
304	 48	765	  1	
304	 54	765	  1	
304	111	765	  1	
304	120	765	  1	
304	163	765	  1	
304	181	765	  1	
304	218	765	  1	
304	224	765	  1	
304	243	765	  1	
304	248	765	  1	
304	342	765	  1	
304	358	765	  1	
304	395	765	  1	
306	 68	765	  1	
306	187	765	  1	
306	252	765	  1	
307	200	765	  1	
307	207	765	  1	
307	240	765	  1	
307	304	765	  1	
308	160	765	  1	
308	167	765	  1	
308	174	765	  1	
309	  0	765	  1	
309	 51	765	  1	
309	 56	765	  1	
309	336	765	  1	
309	355	765	  1	
309	360	765	  1	
310	 19	765	  1	
310	256	765	  1	
310	282	765	  1	
311	 77	765	  1	
312	 24	765	  1	
312	 40	765	  1	
312	 82	765	  1	
312	114	765	  1	
312	122	765	  1	
312	152	765	  1	
312	216	765	  1	
312	320	765	  1	
312	347	765	  1	
312	380	765	  1	
312	408	765	  1	
312	464	765	  1	
312	472	765	  1	
312	488	765	  1	
313	  7	765	  1	
314	200	765	  1	
314	310	765	  1	
314	327	765	  1	
315	 47	765	  1	
315	125	765	  1	
315	176	765	  1	
315	280	765	  1	
315	415	765	  1	
317	 22	765	  1	
317	171	765	  1	
317	216	765	  1	
317	248	765	  1	
317	294	765	  1	
317	360	765	  1	
318	 87	765	  1	
318	119	765	  1	
318	206	765	  1	
318	304	765	  1	
318	320	765	  1	
318	347	765	  1	
319	 40	765	  1	
319	 79	765	  1	
319	152	765	  1	
319	408	765	  1	
319	435	765	  1	
319	448	765	  1	
319	464	765	  1	
319	565	765	  1	
320	 57	765	  1	
320	 96	765	  1	
320	160	765	  1	
320	187	765	  1	
320	232	765	  1	
320	255	765	  1	
320	296	765	  1	
320	328	765	  1	
320	357	765	  1	
320	382	765	  1	
320	390	765	  1	
320	427	765	  1	
321	 64	765	  1	
322	 72	765	  1	
322	124	765	  1	
322	165	765	  1	
322	511	765	  1	
323	 31	765	  1	
323	 54	765	  1	
323	174	765	  1	
323	199	765	  1	
323	369	765	  1	
324	215	765	  1	
325	152	765	  1	
325	184	765	  1	
325	210	765	  1	
325	284	765	  1	
325	352	765	  1	
325	503	765	  1	
326	 78	765	  1	
326	188	765	  1	
327	 24	765	  1	
327	160	765	  1	
327	200	765	  1	
327	296	765	  1	
327	328	765	  1	
328	  2	765	  1	
328	  8	765	  1	
328	 15	765	  1	
328	 37	765	  1	
328	 72	765	  1	
328	 95	765	  1	
328	104	765	  1	
328	128	765	  1	
328	144	765	  1	
328	159	765	  1	
328	213	765	  1	
328	248	765	  1	
328	277	765	  1	
328	291	765	  1	
328	309	765	  1	
328	344	765	  1	
328	387	765	  1	
329	135	765	  1	
330	 31	765	  1	
330	328	765	  1	
330	511	765	  1	
331	 56	765	  1	
331	 90	765	  1	
331	200	765	  1	
331	312	765	  1	
331	376	765	  1	
333	  0	765	  1	
333	147	765	  1	
333	304	765	  1	
334	 25	765	  1	
334	 38	765	  1	
334	 74	765	  1	
334	 79	765	  1	
334	 94	765	  1	
334	334	765	  1	
335	104	765	  1	
335	319	765	  1	
335	354	765	  1	
335	382	765	  1	
335	391	765	  1	
335	487	765	  1	
336	 21	765	  1	
336	 44	765	  1	
336	 61	765	  1	
336	 69	765	  1	
336	135	765	  1	
336	143	765	  1	
336	163	765	  1	
336	208	765	  1	
336	234	765	  1	
336	280	765	  1	
336	293	765	  1	
336	365	765	  1	
336	374	765	  1	
336	424	765	  1	
336	502	765	  1	
338	398	765	  1	
339	  0	765	  1	
339	191	765	  1	
339	200	765	  1	
339	416	765	  1	
340	128	765	  1	
341	 16	765	  1	
341	 56	765	  1	
341	 64	765	  1	
341	168	765	  1	
341	211	765	  1	
341	375	765	  1	
342	197	765	  1	
342	245	765	  1	
343	 32	765	  1	
343	183	765	  1	
343	216	765	  1	
343	392	765	  1	
343	424	765	  1	
344	  0	765	  1	
344	 51	765	  1	
344	 67	765	  1	
344	104	765	  1	
344	112	765	  1	
344	128	765	  1	
344	153	765	  1	
344	248	765	  1	
344	262	765	  1	
344	310	765	  1	
344	371	765	  1	
344	440	765	  1	
344	447	765	  1	
344	472	765	  1	
344	528	765	  1	
344	535	765	  1	
344	560	765	  1	
346	254	765	  1	
346	304	765	  1	
347	  8	765	  1	
347	109	765	  1	
347	271	765	  1	
347	408	765	  1	
348	175	765	  1	
349	 99	765	  1	
349	126	765	  1	
349	230	765	  1	
349	376	765	  1	
350	117	765	  1	
350	248	765	  1	
350	256	765	  1	
350	357	765	  1	
351	112	765	  1	
351	184	765	  1	
351	310	765	  1	
351	443	765	  1	
351	531	765	  1	
352	 19	765	  1	
352	 32	765	  1	
352	104	765	  1	
352	120	765	  1	
352	128	765	  1	
352	169	765	  1	
352	216	765	  1	
352	237	765	  1	
352	265	765	  1	
352	280	765	  1	
352	302	765	  1	
352	333	765	  1	
352	365	765	  1	
352	400	765	  1	
352	431	765	  1	
352	435	765	  1	
352	441	765	  1	
352	455	765	  1	
353	154	765	  1	
353	159	765	  1	
353	319	765	  1	
353	415	765	  1	
354	260	765	  1	
354	286	765	  1	
355	 72	765	  1	
355	424	765	  1	
355	445	765	  1	
356	175	765	  1	
356	315	765	  1	
357	 54	765	  1	
357	203	765	  1	
357	222	765	  1	
357	232	765	  1	
357	299	765	  1	
357	328	765	  1	
357	342	765	  1	
357	384	765	  1	
357	442	765	  1	
357	503	765	  1	
358	120	765	  1	
358	169	765	  1	
358	291	765	  1	
358	400	765	  1	
358	432	765	  1	
358	453	765	  1	
360	  8	765	  1	
360	 64	765	  1	
360	 96	765	  1	
360	144	765	  1	
360	160	765	  1	
360	176	765	  1	
360	183	765	  1	
360	240	765	  1	
360	247	765	  1	
360	256	765	  1	
360	269	765	  1	
360	272	765	  1	
360	308	765	  1	
360	352	765	  1	
360	375	765	  1	
360	392	765	  1	
360	464	765	  1	
360	488	765	  1	
361	328	765	  1	
361	335	765	  1	
362	149	765	  1	
362	278	765	  1	
364	144	765	  1	
364	216	765	  1	
364	266	765	  1	
364	410	765	  1	
365	442	765	  1	
366	264	765	  1	
367	 55	765	  1	
367	149	765	  1	
367	160	765	  1	
367	223	765	  1	
367	243	765	  1	
367	363	765	  1	
367	371	765	  1	
367	453	765	  1	
367	464	765	  1	
368	  0	765	  1	
368	 11	765	  1	
368	 20	765	  1	
368	 25	765	  1	
368	 48	765	  1	
368	 60	765	  1	
368	112	765	  1	
368	168	765	  1	
368	174	765	  1	
368	202	765	  1	
368	210	765	  1	
368	238	765	  1	
368	299	765	  1	
368	304	765	  1	
368	319	765	  1	
368	335	765	  1	
368	376	765	  1	
368	384	765	  1	
369	287	765	  1	
370	 39	765	  1	
371	 24	765	  1	
371	 29	765	  1	
371	 48	765	  1	
371	192	765	  1	
371	228	765	  1	
371	312	765	  1	
371	415	765	  1	
372	 73	765	  1	
372	309	765	  1	
372	319	765	  1	
373	167	765	  1	
373	200	765	  1	
373	207	765	  1	
374	 43	765	  1	
374	172	765	  1	
374	264	765	  1	
375	296	765	  1	
375	303	765	  1	
375	318	765	  1	
376	 10	765	  1	
376	128	765	  1	
376	136	765	  1	
376	141	765	  1	
376	183	765	  1	
376	217	765	  1	
376	312	765	  1	
376	320	765	  1	
376	336	765	  1	
376	363	765	  1	
377	 24	765	  1	
377	112	765	  1	
377	168	765	  1	
377	173	765	  1	
377	222	765	  1	
379	 38	765	  1	
379	 55	765	  1	
379	520	765	  1	
381	  8	765	  1	
381	104	765	  1	
382	 31	765	  1	
382	183	765	  1	
383	143	765	  1	
383	303	765	  1	
383	360	765	  1	
383	367	765	  1	
384	 72	765	  1	
384	101	765	  1	
384	126	765	  1	
384	165	765	  1	
384	176	765	  1	
384	192	765	  1	
384	197	765	  1	
384	207	765	  1	
384	224	765	  1	
384	272	765	  1	
384	288	765	  1	
384	359	765	  1	
384	403	765	  1	
384	496	765	  1	
384	503	765	  1	
385	120	765	  1	
385	186	765	  1	
385	191	765	  1	
386	231	765	  1	
387	112	765	  1	
387	182	765	  1	
387	408	765	  1	
388	 16	765	  1	
388	 20	765	  1	
388	 29	765	  1	
389	207	765	  1	
389	343	765	  1	
389	392	765	  1	
389	399	765	  1	
390	 66	765	  1	
391	356	765	  1	
391	407	765	  1	
392	  2	765	  1	
392	 10	765	  1	
392	 20	765	  1	
392	 56	765	  1	
392	104	765	  1	
392	107	765	  1	
392	141	765	  1	
392	152	765	  1	
392	197	765	  1	
392	211	765	  1	
392	363	765	  1	
392	439	765	  1	
392	463	765	  1	
393	 79	765	  1	
394	286	765	  1	
394	501	765	  1	
395	 88	765	  1	
395	125	765	  1	
395	223	765	  1	
395	432	765	  1	
397	 19	765	  1	
397	 59	765	  1	
397	102	765	  1	
397	144	765	  1	
397	184	765	  1	
397	243	765	  1	
397	402	765	  1	
398	 11	765	  1	
399	360	765	  1	
399	367	765	  1	
399	439	765	  1	
400	 64	765	  1	
400	 75	765	  1	
400	138	765	  1	
400	178	765	  1	
400	318	765	  1	
400	390	765	  1	
400	416	765	  1	
400	430	765	  1	
402	  0	765	  1	
402	 31	765	  1	
402	304	765	  1	
402	384	765	  1	
403	309	765	  1	
405	136	765	  1	
405	143	765	  1	
405	187	765	  1	
406	287	765	  1	
407	130	765	  1	
407	335	765	  1	
408	 32	765	  1	
408	 36	765	  1	
408	 40	765	  1	
408	 46	765	  1	
408	104	765	  1	
408	156	765	  1	
408	162	765	  1	
408	181	765	  1	
408	200	765	  1	
409	426	765	  1	
410	 28	765	  1	
410	127	765	  1	
410	431	765	  1	
411	487	765	  1	
412	121	765	  1	
412	240	765	  1	
413	 16	765	  1	
413	 56	765	  1	
413	174	765	  1	
414	144	765	  1	
414	212	765	  1	
414	224	765	  1	
415	 38	765	  1	
415	155	765	  1	
415	239	765	  1	
415	472	765	  1	
416	 47	765	  1	
416	 72	765	  1	
416	 97	765	  1	
416	192	765	  1	
416	304	765	  1	
416	312	765	  1	
416	348	765	  1	
416	375	765	  1	
416	384	765	  1	
416	400	765	  1	
416	407	765	  1	
417	 52	765	  1	
419	152	765	  1	
419	201	765	  1	
419	318	765	  1	
420	 32	765	  1	
420	374	765	  1	
421	128	765	  1	
421	271	765	  1	
421	309	765	  1	
422	 47	765	  1	
422	 55	765	  1	
423	384	765	  1	
423	403	765	  1	
424	  4	765	  1	
424	 24	765	  1	
424	 38	765	  1	
424	 83	765	  1	
424	136	765	  1	
424	170	765	  1	
424	175	765	  1	
424	200	765	  1	
424	312	765	  1	
424	381	765	  1	
424	463	765	  1	
425	 64	765	  1	
427	160	765	  1	
427	319	765	  1	
428	376	765	  1	
428	495	765	  1	
429	 30	765	  1	
429	399	765	  1	
430	 80	765	  1	
430	165	765	  1	
430	342	765	  1	
431	312	765	  1	
431	392	765	  1	
431	448	765	  1	
431	463	765	  1	
432	 26	765	  1	
432	 32	765	  1	
432	 45	765	  1	
432	 63	765	  1	
432	 66	765	  1	
432	 77	765	  1	
432	132	765	  1	
432	146	765	  1	
432	152	765	  1	
432	179	765	  1	
432	203	765	  1	
432	224	765	  1	
432	351	765	  1	
434	 52	765	  1	
434	 70	765	  1	
435	358	765	  1	
436	194	765	  1	
437	120	765	  1	
437	160	765	  1	
438	 27	765	  1	
438	277	765	  1	
439	248	765	  1	
439	496	765	  1	
440	  8	765	  1	
440	 52	765	  1	
440	 63	765	  1	
440	 88	765	  1	
440	 94	765	  1	
440	103	765	  1	
440	138	765	  1	
440	144	765	  1	
440	158	765	  1	
440	336	765	  1	
441	395	765	  1	
442	 71	765	  1	
442	109	765	  1	
443	 56	765	  1	
443	202	765	  1	
443	343	765	  1	
444	158	765	  1	
445	 91	765	  1	
445	232	765	  1	
445	392	765	  1	
445	399	765	  1	
446	  0	765	  1	
446	171	765	  1	
446	296	765	  1	
447	 63	765	  1	
447	207	765	  1	
447	336	765	  1	
448	  7	765	  1	
448	 64	765	  1	
448	 75	765	  1	
448	107	765	  1	
448	160	765	  1	
448	213	765	  1	
448	311	765	  1	
448	368	765	  1	
448	382	765	  1	
449	 71	765	  1	
451	192	765	  1	
451	199	765	  1	
451	206	765	  1	
451	365	765	  1	
453	 55	765	  1	
453	150	765	  1	
454	 64	765	  1	
455	 75	765	  1	
455	112	765	  1	
455	160	765	  1	
455	195	765	  1	
455	395	765	  1	
456	 35	765	  1	
456	 40	765	  1	
456	180	765	  1	
456	211	765	  1	
456	226	765	  1	
456	231	765	  1	
456	272	765	  1	
456	279	765	  1	
456	458	765	  1	
457	138	765	  1	
457	143	765	  1	
458	104	765	  1	
458	111	765	  1	
459	 16	765	  1	
459	 32	765	  1	
459	 47	765	  1	
459	 80	765	  1	
459	168	765	  1	
460	178	765	  1	
460	192	765	  1	
460	199	765	  1	
461	226	765	  1	
461	288	765	  1	
462	 69	765	  1	
462	 96	765	  1	
462	346	765	  1	
462	495	765	  1	
463	 64	765	  1	
463	175	765	  1	
463	272	765	  1	
463	279	765	  1	
464	  8	765	  1	
464	 14	765	  1	
464	 24	765	  1	
464	 63	765	  1	
464	 80	765	  1	
464	 87	765	  1	
464	117	765	  1	
464	133	765	  1	
464	141	765	  1	
464	153	765	  1	
464	200	765	  1	
464	221	765	  1	
464	286	765	  1	
464	336	765	  1	
464	552	765	  1	
466	504	765	  1	
467	343	765	  1	
469	216	765	  1	
469	287	765	  1	
470	110	765	  1	
471	104	765	  1	
471	133	765	  1	
471	336	765	  1	
472	  4	765	  1	
472	 38	765	  1	
472	146	765	  1	
472	151	765	  1	
472	230	765	  1	
472	264	765	  1	
472	278	765	  1	
472	288	765	  1	
472	295	765	  1	
472	328	765	  1	
472	347	765	  1	
472	366	765	  1	
472	376	765	  1	
472	423	765	  1	
473	344	765	  1	
474	 64	765	  1	
475	 46	765	  1	
475	 75	765	  1	
476	232	765	  1	
477	 54	765	  1	
477	312	765	  1	
477	548	765	  1	
478	335	765	  1	
478	413	765	  1	
478	443	765	  1	
479	 64	765	  1	
479	127	765	  1	
479	216	765	  1	
479	486	765	  1	
480	  0	765	  1	
480	 66	765	  1	
480	 83	765	  1	
480	113	765	  1	
480	215	765	  1	
480	261	765	  1	
480	336	765	  1	
480	359	765	  1	
480	472	765	  1	
480	528	765	  1	
482	 99	765	  1	
482	539	765	  1	
483	 40	765	  1	
483	 80	765	  1	
483	296	765	  1	
483	535	765	  1	
484	224	765	  1	
484	356	765	  1	
485	 59	765	  1	
485	 71	765	  1	
485	359	765	  1	
486	 64	765	  1	
486	184	765	  1	
486	211	765	  1	
486	302	765	  1	
486	329	765	  1	
486	340	765	  1	
486	367	765	  1	
487	  0	765	  1	
487	118	765	  1	
487	200	765	  1	
487	207	765	  1	
487	239	765	  1	
487	288	765	  1	
487	354	765	  1	
487	528	765	  1	
487	540	765	  1	
488	 46	765	  1	
488	 53	765	  1	
488	139	765	  1	
488	199	765	  1	
488	208	765	  1	
488	218	765	  1	
488	245	765	  1	
488	256	765	  1	
488	263	765	  1	
488	274	765	  1	
488	287	765	  1	
488	309	765	  1	
488	317	765	  1	
488	338	765	  1	
488	344	765	  1	
488	351	765	  1	
488	392	765	  1	
488	489	765	  1	
488	542	765	  1	
489	  0	765	  1	
489	102	765	  1	
490	 39	765	  1	
490	 66	765	  1	
490	 80	765	  1	
490	304	765	  1	
491	 71	765	  1	
491	192	765	  1	
491	215	765	  1	
492	347	765	  1	
493	 88	765	  1	
493	343	765	  1	
494	310	765	  1	
495	199	765	  1	
496	  6	765	  1	
496	 58	765	  1	
496	 72	765	  1	
496	 93	765	  1	
496	162	765	  1	
496	225	765	  1	
496	231	765	  1	
496	253	765	  1	
496	288	765	  1	
496	299	765	  1	
496	312	765	  1	
497	  2	765	  1	
498	350	765	  1	
499	 40	765	  1	
499	272	765	  1	
500	130	765	  1	
501	 56	765	  1	
501	 63	765	  1	
501	 98	765	  1	
501	192	765	  1	
502	344	765	  1	
502	368	765	  1	
503	135	765	  1	
503	165	765	  1	
503	394	765	  1	
504	 12	765	  1	
504	 26	765	  1	
504	 64	765	  1	
504	 70	765	  1	
504	107	765	  1	
504	200	765	  1	
504	247	765	  1	
504	296	765	  1	
504	306	765	  1	
504	319	765	  1	
504	341	765	  1	
506	336	765	  1	
507	  0	765	  1	
507	 63	765	  1	
507	112	765	  1	
507	303	765	  1	
507	344	765	  1	
508	177	765	  1	
508	244	765	  1	
509	 67	765	  1	
510	296	765	  1	
510	342	765	  1	
511	 24	765	  1	
511	 31	765	  1	
511	119	765	  1	
512	  1	765	  1	
512	 72	765	  1	
512	104	765	  1	
512	110	765	  1	
512	146	765	  1	
512	151	765	  1	
512	192	765	  1	
512	256	765	  1	
512	322	765	  1	
512	328	765	  1	
512	335	765	  1	
512	394	765	  1	
512	424	765	  1	
512	435	765	  1	
513	 24	765	  1	
513	275	765	  1	
514	131	765	  1	
514	271	765	  1	
514	290	765	  1	
514	327	765	  1	
515	136	765	  1	
515	206	765	  1	
515	336	765	  1	
517	330	765	  1	
518	 40	765	  1	
518	149	765	  1	
518	179	765	  1	
518	196	765	  1	
518	210	765	  1	
518	295	765	  1	
518	388	765	  1	
519	 53	765	  1	
519	240	765	  1	
519	323	765	  1	
519	379	765	  1	
519	559	765	  1	
520	104	765	  1	
520	125	765	  1	
520	217	765	  1	
520	250	765	  1	
520	255	765	  1	
520	341	765	  1	
523	336	765	  1	
524	 48	765	  1	
525	112	765	  1	
525	184	765	  1	
525	231	765	  1	
525	312	765	  1	
527	  0	765	  1	
527	150	765	  1	
527	157	765	  1	
527	223	765	  1	
527	395	765	  1	
528	 40	765	  1	
528	 46	765	  1	
528	 63	765	  1	
528	 72	765	  1	
528	133	765	  1	
528	183	765	  1	
528	213	765	  1	
528	277	765	  1	
528	336	765	  1	
528	357	765	  1	
528	392	765	  1	
528	403	765	  1	
529	343	765	  1	
530	264	765	  1	
530	296	765	  1	
530	379	765	  1	
531	  8	765	  1	
531	176	765	  1	
531	399	765	  1	
532	336	765	  1	
532	479	765	  1	
532	584	765	  1	
533	 56	765	  1	
533	120	765	  1	
533	128	765	  1	
533	254	765	  1	
533	400	765	  1	
534	410	765	  1	
535	183	765	  1	
535	342	765	  1	
535	392	765	  1	
536	 48	765	  1	
536	 69	765	  1	
536	 72	765	  1	
536	 99	765	  1	
536	104	765	  1	
536	147	765	  1	
536	191	765	  1	
536	227	765	  1	
536	248	765	  1	
536	317	765	  1	
537	 61	765	  1	
537	179	765	  1	
537	185	765	  1	
538	  0	765	  1	
539	 79	765	  1	
539	232	765	  1	
540	  8	765	  1	
540	183	765	  1	
541	110	765	  1	
541	336	765	  1	
541	403	765	  1	
542	144	765	  1	
543	 51	765	  1	
543	 72	765	  1	
543	375	765	  1	
544	112	765	  1	
544	117	765	  1	
544	140	765	  1	
544	154	765	  1	
544	191	765	  1	
544	203	765	  1	
544	214	765	  1	
544	241	765	  1	
544	264	765	  1	
544	274	765	  1	
544	288	765	  1	
544	320	765	  1	
544	331	765	  1	
544	355	765	  1	
544	362	765	  1	
545	200	765	  1	
546	124	765	  1	
546	270	765	  1	
547	192	765	  1	
547	295	765	  1	
548	214	765	  1	
548	368	765	  1	
548	400	765	  1	
549	136	765	  1	
549	152	765	  1	
549	159	765	  1	
550	 96	765	  1	
550	264	765	  1	
551	206	765	  1	
551	216	765	  1	
551	288	765	  1	
551	320	765	  1	
551	337	765	  1	
551	360	765	  1	
552	 47	765	  1	
552	 90	765	  1	
552	135	765	  1	
552	137	765	  1	
552	149	765	  1	
552	196	765	  1	
552	214	765	  1	
552	224	765	  1	
552	304	765	  1	
552	310	765	  1	
552	334	765	  1	
553	112	765	  1	
553	216	765	  1	
554	128	765	  1	
554	184	765	  1	
554	232	765	  1	
555	  8	765	  1	
555	160	765	  1	
556	358	765	  1	
557	 74	765	  1	
557	204	765	  1	
557	240	765	  1	
557	307	765	  1	
557	328	765	  1	
558	136	765	  1	
558	222	765	  1	
558	352	765	  1	
558	407	765	  1	
559	199	765	  1	
559	212	765	  1	
559	479	765	  1	
559	550	765	  1	
560	 80	765	  1	
560	112	765	  1	
560	127	765	  1	
560	130	765	  1	
560	167	765	  1	
560	248	765	  1	
560	254	765	  1	
560	440	765	  1	
560	495	765	  1	
561	179	765	  1	
562	237	765	  1	
563	192	765	  1	
563	447	765	  1	
563	488	765	  1	
565	 28	765	  1	
565	215	765	  1	
565	230	765	  1	
565	295	765	  1	
566	205	765	  1	
567	 88	765	  1	
567	279	765	  1	
567	440	765	  1	
567	495	765	  1	
568	 47	765	  1	
568	 70	765	  1	
568	110	765	  1	
568	152	765	  1	
568	156	765	  1	
568	168	765	  1	
568	222	765	  1	
568	245	765	  1	
568	288	765	  1	
568	309	765	  1	
568	319	765	  1	
568	328	765	  1	
568	384	765	  1	
570	104	765	  1	
570	149	765	  1	
571	144	765	  1	
571	160	765	  1	
571	192	765	  1	
571	255	765	  1	
571	295	765	  1	
571	392	765	  1	
572	315	765	  1	
573	128	765	  1	
573	232	765	  1	
573	279	765	  1	
573	320	765	  1	
573	334	765	  1	
574	 71	765	  1	
574	248	765	  1	
575	110	765	  1	
575	223	765	  1	
575	272	765	  1	
575	288	765	  1	
575	384	765	  1	
576	 59	765	  1	
576	120	765	  1	
576	152	765	  1	
576	165	765	  1	
576	256	765	  1	
576	260	765	  1	
576	279	765	  1	
576	328	765	  1	
576	419	765	  1	
578	217	765	  1	
578	343	765	  1	
579	272	765	  1	
581	 48	765	  1	
581	104	765	  1	
581	126	765	  1	
581	423	765	  1	
582	222	765	  1	
582	368	765	  1	
583	 59	765	  1	
583	279	765	  1	
583	331	765	  1	
583	336	765	  1	
583	455	765	  1	
584	 80	765	  1	
584	 96	765	  1	
584	107	765	  1	
584	112	765	  1	
584	128	765	  1	
584	136	765	  1	
584	170	765	  1	
584	191	765	  1	
584	197	765	  1	
584	216	765	  1	
584	233	765	  1	
584	263	765	  1	
584	266	765	  1	
584	300	765	  1	
584	318	765	  1	
584	351	765	  1	
584	359	765	  1	
584	387	765	  1	
584	487	765	  1	
585	257	765	  1	
585	296	765	  1	
586	175	765	  1	
587	135	765	  1	
587	248	765	  1	
587	311	765	  1	
589	222	765	  1	
589	320	765	  1	
590	 80	765	  1	
590	359	765	  1	
590	368	765	  1	
591	124	765	  1	
591	128	765	  1	
591	170	765	  1	
591	338	765	  1	
591	349	765	  1	
591	384	765	  1	
591	391	765	  1	
591	432	765	  1	
592	 24	765	  1	
592	 61	765	  1	
592	 67	765	  1	
592	 72	765	  1	
592	 88	765	  1	
592	138	765	  1	
592	193	765	  1	
592	215	765	  1	
592	252	765	  1	
592	304	765	  1	
592	400	765	  1	
592	406	765	  1	
593	108	765	  1	
595	 31	765	  1	
595	 56	765	  1	
595	 79	765	  1	
595	 93	765	  1	
595	191	765	  1	
595	283	765	  1	
596	256	765	  1	
596	263	765	  1	
597	200	765	  1	
597	248	765	  1	
597	253	765	  1	
597	272	765	  1	
597	302	765	  1	
597	328	765	  1	
599	 24	765	  1	
599	 64	765	  1	
599	 71	765	  1	
599	 99	765	  1	
599	184	765	  1	
599	307	765	  1	
600	112	765	  1	
600	176	765	  1	
600	224	765	  1	
600	243	765	  1	
600	265	765	  1	
600	317	765	  1	
600	403	765	  1	
600	411	765	  1	
600	463	765	  1	
602	 64	765	  1	
602	229	765	  1	
602	258	765	  1	
602	392	765	  1	
602	430	765	  1	
603	255	765	  1	
603	263	765	  1	
603	448	765	  1	
604	312	765	  1	
604	327	765	  1	
605	215	765	  1	
607	 67	765	  1	
607	109	765	  1	
607	224	765	  1	
607	240	765	  1	
608	 10	765	  1	
608	 15	765	  1	
608	112	765	  1	
608	158	765	  1	
608	227	765	  1	
608	232	765	  1	
608	252	765	  1	
608	272	765	  1	
608	296	765	  1	
608	304	765	  1	
608	559	765	  1	
610	 21	765	  1	
610	279	765	  1	
611	 16	765	  1	
611	154	765	  1	
611	190	765	  1	
611	216	765	  1	
611	439	765	  1	
613	116	765	  1	
614	310	765	  1	
614	339	765	  1	
615	159	765	  1	
615	327	765	  1	
616	144	765	  1	
616	213	765	  1	
616	229	765	  1	
616	245	765	  1	
616	422	765	  1	
616	588	765	  1	
617	 53	765	  1	
618	224	765	  1	
618	391	765	  1	
621	254	765	  1	
621	264	765	  1	
621	292	765	  1	
621	334	765	  1	
622	151	765	  1	
622	230	765	  1	
623	 48	765	  1	
623	 83	765	  1	
623	184	765	  1	
623	317	765	  1	
624	 56	765	  1	
624	 70	765	  1	
624	 79	765	  1	
624	 96	765	  1	
624	167	765	  1	
624	206	765	  1	
624	272	765	  1	
624	318	765	  1	
625	432	765	  1	
626	352	765	  1	
627	101	765	  1	
627	203	765	  1	
627	212	765	  1	
628	327	765	  1	
630	 58	765	  1	
630	 88	765	  1	
630	184	765	  1	
630	296	765	  1	
631	 75	765	  1	
631	112	765	  1	
631	272	765	  1	
631	279	765	  1	
631	288	765	  1	
631	320	765	  1	
631	356	765	  1	
631	391	765	  1	
632	  0	765	  1	
632	  7	765	  1	
632	 48	765	  1	
632	 55	765	  1	
632	 72	765	  1	
632	212	765	  1	
632	228	765	  1	
632	260	765	  1	
632	308	765	  1	
632	376	765	  1	
632	463	765	  1	
632	552	765	  1	
634	147	765	  1	
634	204	765	  1	
635	127	765	  1	
635	182	765	  1	
636	224	765	  1	
637	 88	765	  1	
637	216	765	  1	
637	263	765	  1	
638	128	765	  1	
638	231	765	  1	
639	434	765	  1	
640	 72	765	  1	
640	186	765	  1	
640	267	765	  1	
640	294	765	  1	
640	304	765	  1	
640	311	765	  1	
640	347	765	  1	
643	167	765	  1	
643	391	765	  1	
645	339	765	  1	
647	307	765	  1	
647	312	765	  1	
648	 75	765	  1	
648	258	765	  1	
648	328	765	  1	
648	455	765	  1	
650	442	765	  1	
654	328	765	  1	
654	350	765	  1	
655	345	765	  1	
656	 86	765	  1	
656	304	765	  1	
660	127	765	  1	
662	 75	765	  1	
663	120	765	  1	
663	192	765	  1	
663	375	765	  1	
664	104	765	  1	
664	159	765	  1	
667	152	765	  1	
667	187	765	  1	
667	207	765	  1	
671	159	765	  1	
672	104	765	  1	
672	447	765	  1	
672	488	765	  1	
675	127	765	  1	
676	104	765	  1	
680	 80	765	  1	
680	 96	765	  1	
680	103	765	  1	
680	135	765	  1	
680	251	765	  1	
680	288	765	  1	
680	435	765	  1	
684	224	765	  1	
687	 99	765	  1	
687	239	765	  1	
690	 95	765	  1	
691	300	765	  1	
692	 91	765	  1	
694	134	765	  1	
696	168	765	  1	
696	175	765	  1	
702	103	765	  1	
702	244	765	  1	
703	196	765	  1	
711	280	765	  1	
728	306	765	  1	
730	567	765	  1	
742	444	765	  1	
