# 
#  Image file: Goad2_T0193.jpg
#  Applied threshold: 575
#  Algorithm used: fill2                 
#  Particle count: 1899
#  Location (x,y), max luminance, and mass:
# 
  4	176	765	  1	
  6	183	765	  1	
  8	112	765	  1	
  8	343	765	  1	
  8	493	765	  1	
 10	208	765	  1	
 14	252	765	  1	
 18	343	765	  1	
 22	304	765	  1	
 23	170	765	  1	
 24	287	765	  1	
 29	374	765	  1	
 32	319	765	  1	
 34	268	765	  1	
 34	448	765	  1	
 35	145	765	  1	
 35	391	765	  1	
 36	 76	765	  1	
 37	204	765	  1	
 39	451	765	  1	
 40	418	765	  1	
 44	279	765	  1	
 45	328	765	  1	
 45	335	765	  1	
 45	496	765	  1	
 47	418	765	  1	
 47	520	765	  1	
 52	 90	765	  1	
 52	144	765	  1	
 53	347	765	  1	
 56	108	765	  1	
 60	 82	765	  1	
 60	104	765	  1	
 60	125	765	  1	
 63	101	765	  1	
 63	504	765	  1	
 69	137	765	  1	
 71	111	765	  1	
 71	231	765	  1	
 71	519	765	  1	
 72	323	765	  1	
 72	416	765	  1	
 72	518	765	  1	
 78	163	765	  1	
 79	128	765	  1	
 79	140	765	  1	
 83	144	765	  1	
 83	251	765	  1	
 86	131	765	  1	
 86	148	765	  1	
 87	272	765	  1	
 88	336	765	  1	
 91	144	765	  1	
 92	188	765	  1	
 95	151	765	  1	
 95	155	765	  1	
 95	336	765	  1	
 96	255	765	  1	
 96	328	765	  1	
 96	386	765	  1	
 98	333	765	  1	
 99	248	765	  1	
 99	288	765	  1	
100	 24	765	  1	
100	 80	765	  1	
102	328	765	  1	
103	255	765	  1	
104	141	765	  1	
104	178	765	  1	
104	240	765	  1	
104	503	765	  1	
106	255	765	  1	
107	 93	765	  1	
107	280	765	  1	
109	360	765	  1	
109	367	765	  1	
110	197	765	  1	
111	286	765	  1	
111	411	765	  1	
112	116	765	  1	
112	186	765	  1	
112	191	765	  1	
112	210	765	  1	
112	271	765	  1	
112	320	765	  1	
112	327	765	  1	
112	488	765	  1	
115	112	765	  1	
115	264	765	  1	
116	134	765	  1	
117	 95	765	  1	
117	119	765	  1	
117	192	765	  1	
117	197	765	  1	
119	271	765	  1	
119	323	765	  1	
119	376	765	  1	
119	496	765	  1	
120	 16	765	  1	
120	127	765	  1	
120	152	765	  1	
120	168	765	  1	
120	283	765	  1	
122	  7	765	  1	
122	296	765	  1	
122	383	765	  1	
123	 40	765	  1	
124	208	765	  1	
125	112	765	  1	
125	255	765	  1	
127	 18	765	  1	
127	123	765	  1	
127	155	765	  1	
128	 24	765	  1	
128	 56	765	  1	
128	111	765	  1	
128	343	765	  1	
128	347	765	  1	
130	  0	765	  1	
130	323	765	  1	
131	128	765	  1	
131	280	765	  1	
131	333	765	  1	
131	503	765	  1	
131	519	765	  1	
131	554	765	  1	
132	215	765	  1	
133	263	765	  1	
134	344	765	  1	
134	351	765	  1	
136	  2	765	  1	
136	 87	765	  1	
136	 96	765	  1	
136	107	765	  1	
136	118	765	  1	
136	184	765	  1	
136	296	765	  1	
136	392	765	  1	
136	430	765	  1	
138	128	765	  1	
138	303	765	  1	
139	586	765	  1	
140	257	765	  1	
140	271	765	  1	
141	382	765	  1	
142	 83	765	  1	
144	 71	765	  1	
144	208	765	  1	
144	304	765	  1	
144	311	765	  1	
144	318	765	  1	
144	367	765	  1	
145	175	765	  1	
147	 64	765	  1	
147	334	765	  1	
149	296	765	  1	
149	301	765	  1	
150	164	765	  1	
150	316	765	  1	
151	 71	765	  1	
151	 88	765	  1	
151	128	765	  1	
151	219	765	  1	
151	307	765	  1	
151	380	765	  1	
152	 55	765	  1	
152	 83	765	  1	
152	108	765	  1	
152	114	765	  1	
152	119	765	  1	
152	139	765	  1	
152	200	765	  1	
152	214	765	  1	
152	303	765	  1	
152	319	765	  1	
152	376	765	  1	
152	383	765	  1	
154	208	765	  1	
154	256	765	  1	
154	363	765	  1	
155	296	765	  1	
155	312	765	  1	
155	487	765	  1	
157	104	765	  1	
157	160	765	  1	
158	162	765	  1	
158	170	765	  1	
158	175	765	  1	
158	384	765	  1	
158	391	765	  1	
159	 80	765	  1	
159	 87	765	  1	
159	303	765	  1	
159	319	765	  1	
160	120	765	  1	
160	127	765	  1	
160	144	765	  1	
160	151	765	  1	
160	200	765	  1	
160	275	765	  1	
160	294	765	  1	
160	312	765	  1	
160	434	765	  1	
161	208	765	  1	
163	 64	765	  1	
164	123	765	  1	
165	104	765	  1	
166	215	765	  1	
166	292	765	  1	
167	128	765	  1	
167	199	765	  1	
167	272	765	  1	
167	279	765	  1	
167	312	765	  1	
167	319	765	  1	
168	 58	765	  1	
168	168	765	  1	
168	268	765	  1	
168	305	765	  1	
168	335	765	  1	
169	230	765	  1	
171	136	765	  1	
171	263	765	  1	
171	328	765	  1	
172	238	765	  1	
173	 80	765	  1	
173	230	765	  1	
173	304	765	  1	
175	256	765	  1	
175	268	765	  1	
175	311	765	  1	
175	335	765	  1	
175	420	765	  1	
176	 50	765	  1	
176	121	765	  1	
176	126	765	  1	
176	157	765	  1	
176	188	765	  1	
176	193	765	  1	
176	205	765	  1	
176	518	765	  1	
177	 78	765	  1	
177	288	765	  1	
178	144	765	  1	
178	184	765	  1	
178	196	765	  1	
178	503	765	  1	
178	512	765	  1	
179	176	765	  1	
179	528	765	  1	
180	147	765	  1	
180	188	765	  1	
181	 39	765	  1	
181	122	765	  1	
182	168	765	  1	
182	205	765	  1	
183	  3	765	  1	
183	 96	765	  1	
183	103	765	  1	
183	151	765	  1	
183	230	765	  1	
183	360	765	  1	
183	383	765	  1	
183	416	765	  1	
183	423	765	  1	
183	567	765	  1	
184	 77	765	  1	
184	 99	765	  1	
184	134	765	  1	
184	223	765	  1	
184	239	765	  1	
184	256	765	  1	
184	280	765	  1	
184	302	765	  1	
184	311	765	  1	
185	102	765	  1	
185	184	765	  1	
186	 96	765	  1	
186	152	765	  1	
188	 90	765	  1	
188	157	765	  1	
189	130	765	  1	
189	144	765	  1	
190	 56	765	  1	
190	 72	765	  1	
190	268	765	  1	
190	299	765	  1	
190	485	765	  1	
191	103	765	  1	
191	152	765	  1	
191	190	765	  1	
191	307	765	  1	
192	 14	765	  1	
192	135	765	  1	
192	149	765	  1	
192	184	765	  1	
192	200	765	  1	
192	296	765	  1	
192	300	765	  1	
192	320	765	  1	
192	329	765	  1	
192	341	765	  1	
192	373	765	  1	
192	382	765	  1	
193	176	765	  1	
193	247	765	  1	
194	126	765	  1	
195	102	765	  1	
195	163	765	  1	
195	207	765	  1	
196	229	765	  1	
196	368	765	  1	
197	132	765	  1	
197	144	765	  1	
197	208	765	  1	
197	224	765	  1	
197	328	765	  1	
198	304	765	  1	
198	311	765	  1	
199	 56	765	  1	
199	187	765	  1	
199	200	765	  1	
199	264	765	  1	
200	136	765	  1	
200	143	765	  1	
200	160	765	  1	
200	168	765	  1	
200	174	765	  1	
200	267	765	  1	
200	285	765	  1	
200	402	765	  1	
200	456	765	  1	
200	470	765	  1	
201	128	765	  1	
202	208	765	  1	
202	215	765	  1	
203	110	765	  1	
203	118	765	  1	
203	167	765	  1	
203	328	765	  1	
203	461	765	  1	
203	556	765	  1	
205	171	765	  1	
206	286	765	  1	
206	456	765	  1	
206	471	765	  1	
207	160	765	  1	
207	264	765	  1	
207	271	765	  1	
208	 61	765	  1	
208	112	765	  1	
208	157	765	  1	
208	165	765	  1	
208	199	765	  1	
208	318	765	  1	
208	376	765	  1	
208	383	765	  1	
208	408	765	  1	
208	479	765	  1	
208	503	765	  1	
209	134	765	  1	
210	111	765	  1	
210	181	765	  1	
210	443	765	  1	
210	496	765	  1	
211	 47	765	  1	
211	176	765	  1	
212	115	765	  1	
212	503	765	  1	
213	187	765	  1	
213	203	765	  1	
214	174	765	  1	
214	194	765	  1	
214	316	765	  1	
215	408	765	  1	
215	474	765	  1	
215	496	765	  1	
216	  5	765	  1	
216	 58	765	  1	
216	 82	765	  1	
216	216	765	  1	
216	269	765	  1	
216	303	765	  1	
216	323	765	  1	
216	396	765	  1	
216	454	765	  1	
216	539	765	  1	
218	104	765	  1	
219	 60	765	  1	
219	120	765	  1	
219	335	765	  1	
219	430	765	  1	
220	109	765	  1	
220	288	765	  1	
220	552	765	  1	
221	168	765	  1	
221	371	765	  1	
221	424	765	  1	
222	397	765	  1	
223	104	765	  1	
223	464	765	  1	
224	 51	765	  1	
224	205	765	  1	
224	247	765	  1	
224	272	765	  1	
224	278	765	  1	
224	292	765	  1	
224	373	765	  1	
224	386	765	  1	
225	191	765	  1	
226	166	765	  1	
226	200	765	  1	
226	359	765	  1	
226	383	765	  1	
226	392	765	  1	
227	230	765	  1	
227	256	765	  1	
227	263	765	  1	
229	184	765	  1	
229	275	765	  1	
229	368	765	  1	
229	416	765	  1	
230	160	765	  1	
230	189	765	  1	
230	206	765	  1	
230	398	765	  1	
231	 48	765	  1	
231	 55	765	  1	
231	378	765	  1	
232	 64	765	  1	
232	 71	765	  1	
232	138	765	  1	
232	149	765	  1	
232	208	765	  1	
232	239	765	  1	
232	264	765	  1	
232	278	765	  1	
232	341	765	  1	
232	352	765	  1	
232	392	765	  1	
232	432	765	  1	
232	448	765	  1	
232	484	765	  1	
232	512	765	  1	
233	104	765	  1	
234	234	765	  1	
235	 15	765	  1	
235	273	765	  1	
235	455	765	  1	
236	436	765	  1	
237	144	765	  1	
237	160	765	  1	
237	176	765	  1	
237	183	765	  1	
237	480	765	  1	
238	224	765	  1	
238	325	765	  1	
239	 67	765	  1	
239	 80	765	  1	
239	 87	765	  1	
239	107	765	  1	
239	192	765	  1	
239	239	765	  1	
239	242	765	  1	
239	446	765	  1	
239	560	765	  1	
240	  2	765	  1	
240	200	765	  1	
240	208	765	  1	
240	221	765	  1	
240	256	765	  1	
240	365	765	  1	
240	387	765	  1	
240	491	765	  1	
242	213	765	  1	
242	446	765	  1	
243	240	765	  1	
244	359	765	  1	
245	 80	765	  1	
245	448	765	  1	
246	 11	765	  1	
246	104	765	  1	
246	199	765	  1	
246	222	765	  1	
246	464	765	  1	
247	  7	765	  1	
247	299	765	  1	
247	384	765	  1	
247	391	765	  1	
248	 18	765	  1	
248	 74	765	  1	
248	125	765	  1	
248	136	765	  1	
248	160	765	  1	
248	201	765	  1	
248	319	765	  1	
248	392	765	  1	
248	408	765	  1	
250	101	765	  1	
250	379	765	  1	
250	414	765	  1	
251	 96	765	  1	
251	112	765	  1	
251	312	765	  1	
252	 40	765	  1	
253	 80	765	  1	
253	192	765	  1	
253	266	765	  1	
254	 16	765	  1	
254	 47	765	  1	
254	346	765	  1	
254	408	765	  1	
255	199	765	  1	
255	256	765	  1	
255	319	765	  1	
256	128	765	  1	
256	152	765	  1	
256	166	765	  1	
256	172	765	  1	
256	176	765	  1	
256	214	765	  1	
256	394	765	  1	
256	399	765	  1	
256	403	765	  1	
256	440	765	  1	
256	467	765	  1	
256	552	765	  1	
257	384	765	  1	
258	135	765	  1	
258	223	765	  1	
259	182	765	  1	
259	416	765	  1	
259	448	765	  1	
260	156	765	  1	
261	 72	765	  1	
261	208	765	  1	
261	376	765	  1	
261	387	765	  1	
261	424	765	  1	
263	218	765	  1	
263	260	765	  1	
263	346	765	  1	
263	396	765	  1	
263	456	765	  1	
264	  0	765	  1	
264	 10	765	  1	
264	104	765	  1	
264	170	765	  1	
264	182	765	  1	
264	400	765	  1	
264	408	765	  1	
264	448	765	  1	
264	537	765	  1	
266	120	765	  1	
266	152	765	  1	
266	406	765	  1	
267	 64	765	  1	
267	176	765	  1	
267	232	765	  1	
268	391	765	  1	
269	  6	765	  1	
269	 16	765	  1	
269	168	765	  1	
269	200	765	  1	
269	413	765	  1	
269	444	765	  1	
269	464	765	  1	
269	471	765	  1	
270	115	765	  1	
270	158	765	  1	
270	306	765	  1	
271	215	765	  1	
271	255	765	  1	
271	328	765	  1	
271	387	765	  1	
272	  0	765	  1	
272	 78	765	  1	
272	 91	765	  1	
272	123	765	  1	
272	155	765	  1	
272	271	765	  1	
272	278	765	  1	
272	360	765	  1	
272	367	765	  1	
272	381	765	  1	
272	415	765	  1	
272	472	765	  1	
272	475	765	  1	
272	504	765	  1	
273	400	765	  1	
275	110	765	  1	
275	302	765	  1	
275	511	765	  1	
275	565	765	  1	
277	 16	765	  1	
277	 64	765	  1	
277	 74	765	  1	
277	102	765	  1	
277	280	765	  1	
277	352	765	  1	
277	415	765	  1	
277	520	765	  1	
278	175	765	  1	
279	  0	765	  1	
279	  7	765	  1	
279	 24	765	  1	
279	 31	765	  1	
279	 46	765	  1	
279	 95	765	  1	
279	228	765	  1	
279	255	765	  1	
279	276	765	  1	
279	363	765	  1	
279	476	765	  1	
279	504	765	  1	
280	 85	765	  1	
280	163	765	  1	
280	295	765	  1	
280	320	765	  1	
280	336	765	  1	
280	343	765	  1	
280	365	765	  1	
280	376	765	  1	
280	392	765	  1	
280	437	765	  1	
280	456	765	  1	
282	382	765	  1	
283	304	765	  1	
284	415	765	  1	
285	  3	765	  1	
285	123	765	  1	
285	176	765	  1	
285	181	765	  1	
285	216	765	  1	
285	368	765	  1	
285	432	765	  1	
286	 61	765	  1	
286	109	765	  1	
286	376	765	  1	
286	400	765	  1	
287	 16	765	  1	
287	295	765	  1	
287	339	765	  1	
288	 56	765	  1	
288	 75	765	  1	
288	 88	765	  1	
288	 95	765	  1	
288	114	765	  1	
288	144	765	  1	
288	150	765	  1	
288	184	765	  1	
288	202	765	  1	
288	291	765	  1	
288	304	765	  1	
288	328	765	  1	
288	349	765	  1	
288	382	765	  1	
288	426	765	  1	
288	467	765	  1	
288	504	765	  1	
289	250	765	  1	
290	  6	765	  1	
290	 62	765	  1	
291	 96	765	  1	
291	232	765	  1	
291	360	765	  1	
291	408	765	  1	
292	490	765	  1	
293	 88	765	  1	
293	119	765	  1	
293	147	765	  1	
293	160	765	  1	
293	207	765	  1	
293	406	765	  1	
294	  0	765	  1	
294	 56	765	  1	
294	136	765	  1	
294	508	765	  1	
295	328	765	  1	
295	382	765	  1	
295	444	765	  1	
295	495	765	  1	
295	520	765	  1	
296	  7	765	  1	
296	 38	765	  1	
296	176	765	  1	
296	203	765	  1	
296	216	765	  1	
296	298	765	  1	
296	320	765	  1	
296	378	765	  1	
296	581	765	  1	
297	 95	765	  1	
297	287	765	  1	
298	128	765	  1	
298	144	765	  1	
298	251	765	  1	
298	416	765	  1	
299	243	765	  1	
299	342	765	  1	
299	576	765	  1	
300	103	765	  1	
300	200	765	  1	
300	207	765	  1	
300	598	765	  1	
301	352	765	  1	
301	495	765	  1	
302	150	765	  1	
302	224	765	  1	
302	304	765	  1	
303	 40	765	  1	
303	136	765	  1	
303	140	765	  1	
303	585	765	  1	
304	 14	765	  1	
304	 43	765	  1	
304	 98	765	  1	
304	152	765	  1	
304	163	765	  1	
304	210	765	  1	
304	287	765	  1	
304	323	765	  1	
304	475	765	  1	
304	496	765	  1	
304	502	765	  1	
305	 50	765	  1	
305	128	765	  1	
306	187	765	  1	
307	 55	765	  1	
307	232	765	  1	
307	304	765	  1	
307	416	765	  1	
308	271	765	  1	
308	292	765	  1	
309	 78	765	  1	
309	168	765	  1	
309	312	765	  1	
309	326	765	  1	
309	462	765	  1	
310	 91	765	  1	
311	 14	765	  1	
311	 43	765	  1	
311	283	765	  1	
311	475	765	  1	
312	 59	765	  1	
312	 71	765	  1	
312	120	765	  1	
312	152	765	  1	
312	192	765	  1	
312	198	765	  1	
312	224	765	  1	
312	237	765	  1	
312	264	765	  1	
312	296	765	  1	
312	319	765	  1	
312	373	765	  1	
312	447	765	  1	
312	511	765	  1	
314	232	765	  1	
314	326	765	  1	
315	104	765	  1	
315	440	765	  1	
316	262	765	  1	
317	 94	765	  1	
317	155	765	  1	
317	160	765	  1	
317	171	765	  1	
317	195	765	  1	
317	272	765	  1	
317	302	765	  1	
317	314	765	  1	
317	432	765	  1	
317	498	765	  1	
318	102	765	  1	
318	320	765	  1	
319	256	765	  1	
319	447	765	  1	
319	528	765	  1	
320	  8	765	  1	
320	163	765	  1	
320	179	765	  1	
320	184	765	  1	
320	190	765	  1	
320	207	765	  1	
320	270	765	  1	
320	327	765	  1	
320	338	765	  1	
320	386	765	  1	
320	405	765	  1	
320	416	765	  1	
320	451	765	  1	
321	423	765	  1	
322	 39	765	  1	
322	 72	765	  1	
323	 45	765	  1	
323	 56	765	  1	
323	 61	765	  1	
323	344	765	  1	
324	203	765	  1	
324	256	765	  1	
325	 32	765	  1	
325	167	765	  1	
325	192	765	  1	
325	336	765	  1	
325	352	765	  1	
325	384	765	  1	
325	391	765	  1	
326	448	765	  1	
326	480	765	  1	
326	488	765	  1	
327	270	765	  1	
327	327	765	  1	
327	500	765	  1	
328	 39	765	  1	
328	 45	765	  1	
328	 88	765	  1	
328	104	765	  1	
328	125	765	  1	
328	159	765	  1	
328	176	765	  1	
328	224	765	  1	
328	232	765	  1	
328	245	765	  1	
328	256	765	  1	
328	267	765	  1	
328	280	765	  1	
328	363	765	  1	
328	424	765	  1	
328	431	765	  1	
328	439	765	  1	
329	434	765	  1	
330	 94	765	  1	
330	366	765	  1	
331	 32	765	  1	
332	358	765	  1	
332	599	765	  1	
333	118	765	  1	
333	155	765	  1	
333	198	765	  1	
333	455	765	  1	
333	474	765	  1	
333	479	765	  1	
334	 88	765	  1	
334	176	765	  1	
334	260	765	  1	
335	 39	765	  1	
335	104	765	  1	
335	232	765	  1	
335	365	765	  1	
335	427	765	  1	
336	 15	765	  1	
336	 21	765	  1	
336	 48	765	  1	
336	 55	765	  1	
336	 85	765	  1	
336	165	765	  1	
336	272	765	  1	
336	328	765	  1	
336	379	765	  1	
336	418	765	  1	
336	440	765	  1	
336	448	765	  1	
336	457	765	  1	
337	 72	765	  1	
337	 79	765	  1	
337	114	765	  1	
337	395	765	  1	
338	  8	765	  1	
338	126	765	  1	
338	391	765	  1	
339	312	765	  1	
339	400	765	  1	
339	447	765	  1	
340	438	765	  1	
341	352	765	  1	
341	360	765	  1	
341	416	765	  1	
341	423	765	  1	
341	475	765	  1	
342	 64	765	  1	
342	120	765	  1	
342	318	765	  1	
342	384	765	  1	
343	 15	765	  1	
343	440	765	  1	
343	448	765	  1	
343	455	765	  1	
344	  0	765	  1	
344	  8	765	  1	
344	 24	765	  1	
344	 47	765	  1	
344	 56	765	  1	
344	 60	765	  1	
344	 94	765	  1	
344	104	765	  1	
344	128	765	  1	
344	135	765	  1	
344	144	765	  1	
344	148	765	  1	
344	181	765	  1	
344	240	765	  1	
344	303	765	  1	
344	333	765	  1	
344	365	765	  1	
344	370	765	  1	
344	379	765	  1	
344	392	765	  1	
345	 90	765	  1	
346	 13	765	  1	
346	264	765	  1	
346	360	765	  1	
346	512	765	  1	
347	 31	765	  1	
347	 40	765	  1	
347	232	765	  1	
347	296	765	  1	
347	440	765	  1	
349	  6	765	  1	
349	 70	765	  1	
349	176	765	  1	
349	184	765	  1	
349	224	765	  1	
349	231	765	  1	
349	269	765	  1	
350	196	765	  1	
350	366	765	  1	
350	376	765	  1	
350	599	765	  1	
351	 24	765	  1	
351	 47	765	  1	
351	264	765	  1	
351	303	765	  1	
351	312	765	  1	
351	552	765	  1	
352	 16	765	  1	
352	 80	765	  1	
352	106	765	  1	
352	141	765	  1	
352	160	765	  1	
352	192	765	  1	
352	218	765	  1	
352	223	765	  1	
352	232	765	  1	
352	336	765	  1	
352	344	765	  1	
352	399	765	  1	
352	405	765	  1	
352	419	765	  1	
352	428	765	  1	
352	500	765	  1	
353	176	765	  1	
354	 32	765	  1	
355	189	765	  1	
355	258	765	  1	
355	280	765	  1	
355	327	765	  1	
357	198	765	  1	
357	368	765	  1	
358	120	765	  1	
358	271	765	  1	
358	320	765	  1	
358	336	765	  1	
359	 80	765	  1	
359	232	765	  1	
359	314	765	  1	
360	  5	765	  1	
360	 45	765	  1	
360	 54	765	  1	
360	 66	765	  1	
360	 71	765	  1	
360	 88	765	  1	
360	142	765	  1	
360	181	765	  1	
360	214	765	  1	
360	220	765	  1	
360	247	765	  1	
360	256	765	  1	
360	272	765	  1	
360	318	765	  1	
360	328	765	  1	
360	335	765	  1	
360	341	765	  1	
360	352	765	  1	
360	358	765	  1	
360	391	765	  1	
360	411	765	  1	
360	519	765	  1	
361	149	765	  1	
363	  0	765	  1	
363	128	765	  1	
363	174	765	  1	
363	592	765	  1	
364	 66	765	  1	
364	104	765	  1	
364	555	765	  1	
365	103	765	  1	
365	139	765	  1	
365	267	765	  1	
365	355	765	  1	
366	111	765	  1	
366	168	765	  1	
366	342	765	  1	
367	272	765	  1	
367	318	765	  1	
367	331	765	  1	
368	 37	765	  1	
368	 48	765	  1	
368	 59	765	  1	
368	 78	765	  1	
368	152	765	  1	
368	229	765	  1	
368	248	765	  1	
368	296	765	  1	
368	431	765	  1	
368	487	765	  1	
368	513	765	  1	
371	424	765	  1	
371	480	765	  1	
373	 32	765	  1	
373	158	765	  1	
373	194	765	  1	
373	224	765	  1	
373	407	765	  1	
373	415	765	  1	
373	423	765	  1	
373	518	765	  1	
374	 75	765	  1	
374	272	765	  1	
374	343	765	  1	
375	 48	765	  1	
375	248	765	  1	
375	328	765	  1	
375	400	765	  1	
375	431	765	  1	
375	487	765	  1	
375	540	765	  1	
376	 37	765	  1	
376	 72	765	  1	
376	 87	765	  1	
376	100	765	  1	
376	112	765	  1	
376	168	765	  1	
376	175	765	  1	
376	264	765	  1	
376	322	765	  1	
377	125	765	  1	
378	 16	765	  1	
378	308	765	  1	
378	538	765	  1	
379	134	765	  1	
379	171	765	  1	
379	280	765	  1	
379	287	765	  1	
379	298	765	  1	
381	  0	765	  1	
381	327	765	  1	
382	 72	765	  1	
382	 80	765	  1	
382	128	765	  1	
383	 95	765	  1	
383	103	765	  1	
383	120	765	  1	
383	176	765	  1	
383	447	765	  1	
384	117	765	  1	
384	152	765	  1	
384	167	765	  1	
384	282	765	  1	
384	287	765	  1	
384	306	765	  1	
385	 92	765	  1	
386	248	765	  1	
387	159	765	  1	
387	368	765	  1	
388	 13	765	  1	
388	 56	765	  1	
388	 87	765	  1	
389	264	765	  1	
390	123	765	  1	
391	152	765	  1	
392	 40	765	  1	
392	 63	765	  1	
392	 69	765	  1	
392	 83	765	  1	
392	104	765	  1	
392	144	765	  1	
392	163	765	  1	
392	181	765	  1	
392	216	765	  1	
392	400	765	  1	
392	407	765	  1	
393	226	765	  1	
394	 24	765	  1	
394	 64	765	  1	
396	 69	765	  1	
396	108	765	  1	
397	167	765	  1	
398	 30	765	  1	
398	272	765	  1	
399	 56	765	  1	
399	 64	765	  1	
399	 80	765	  1	
399	 87	765	  1	
399	216	765	  1	
399	403	765	  1	
400	 93	765	  1	
400	110	765	  1	
400	127	765	  1	
400	152	765	  1	
400	195	765	  1	
400	280	765	  1	
400	296	765	  1	
400	336	765	  1	
400	343	765	  1	
400	345	765	  1	
400	434	765	  1	
400	476	765	  1	
403	 64	765	  1	
403	104	765	  1	
403	136	765	  1	
403	423	765	  1	
403	463	765	  1	
404	269	765	  1	
405	 15	765	  1	
405	 63	765	  1	
405	168	765	  1	
405	200	765	  1	
405	480	765	  1	
406	348	765	  1	
407	192	765	  1	
407	296	765	  1	
407	339	765	  1	
408	 24	765	  1	
408	 33	765	  1	
408	 39	765	  1	
408	 72	765	  1	
408	 85	765	  1	
408	136	765	  1	
408	143	765	  1	
408	148	765	  1	
408	151	765	  1	
408	187	765	  1	
408	258	765	  1	
408	283	765	  1	
408	312	765	  1	
408	528	765	  1	
408	535	765	  1	
409	157	765	  1	
410	 79	765	  1	
410	106	765	  1	
410	431	765	  1	
411	319	765	  1	
412	  8	765	  1	
412	136	765	  1	
413	 59	765	  1	
413	119	765	  1	
413	363	765	  1	
414	 53	765	  1	
414	 86	765	  1	
415	184	765	  1	
415	191	765	  1	
415	280	765	  1	
415	287	765	  1	
415	312	765	  1	
415	331	765	  1	
416	 16	765	  1	
416	 30	765	  1	
416	 88	765	  1	
416	103	765	  1	
416	111	765	  1	
416	162	765	  1	
416	167	765	  1	
416	173	765	  1	
416	349	765	  1	
416	376	765	  1	
416	418	765	  1	
416	496	765	  1	
418	 75	765	  1	
418	 96	765	  1	
418	106	765	  1	
419	 55	765	  1	
419	 61	765	  1	
419	335	765	  1	
419	399	765	  1	
420	  6	765	  1	
420	480	765	  1	
421	  8	765	  1	
421	 22	765	  1	
421	142	765	  1	
421	147	765	  1	
422	  0	765	  1	
422	 27	765	  1	
422	111	765	  1	
423	103	765	  1	
423	280	765	  1	
423	416	765	  1	
424	 32	765	  1	
424	 83	765	  1	
424	126	765	  1	
424	144	765	  1	
424	216	765	  1	
424	328	765	  1	
424	365	765	  1	
424	411	765	  1	
424	421	765	  1	
424	488	765	  1	
424	560	765	  1	
426	  0	765	  1	
426	 14	765	  1	
426	 64	765	  1	
426	292	765	  1	
426	416	765	  1	
428	122	765	  1	
428	352	765	  1	
429	256	765	  1	
429	263	765	  1	
429	360	765	  1	
430	  6	765	  1	
430	 29	765	  1	
430	110	765	  1	
430	182	765	  1	
430	421	765	  1	
431	191	765	  1	
431	223	765	  1	
431	282	765	  1	
431	408	765	  1	
431	415	765	  1	
431	432	765	  1	
431	488	765	  1	
432	  0	765	  1	
432	 75	765	  1	
432	107	765	  1	
432	117	765	  1	
432	155	765	  1	
432	272	765	  1	
432	336	765	  1	
432	362	765	  1	
432	368	765	  1	
432	440	765	  1	
433	 16	765	  1	
434	112	765	  1	
435	 56	765	  1	
435	279	765	  1	
435	343	765	  1	
435	464	765	  1	
436	  7	765	  1	
437	175	765	  1	
438	118	765	  1	
438	181	765	  1	
438	287	765	  1	
439	 24	765	  1	
439	272	765	  1	
439	309	765	  1	
439	336	765	  1	
439	355	765	  1	
439	368	765	  1	
440	  0	765	  1	
440	 64	765	  1	
440	121	765	  1	
440	134	765	  1	
440	248	765	  1	
440	257	765	  1	
440	416	765	  1	
440	422	765	  1	
441	224	765	  1	
442	 90	765	  1	
442	163	765	  1	
443	  7	765	  1	
443	 40	765	  1	
443	 95	765	  1	
443	103	765	  1	
443	255	765	  1	
443	320	765	  1	
444	120	765	  1	
445	 19	765	  1	
445	128	765	  1	
445	135	765	  1	
445	143	765	  1	
445	232	765	  1	
445	261	765	  1	
445	288	765	  1	
445	295	765	  1	
446	 13	765	  1	
446	 62	765	  1	
447	  0	765	  1	
447	248	765	  1	
447	550	765	  1	
448	  8	765	  1	
448	 40	765	  1	
448	 51	765	  1	
448	 56	765	  1	
448	 73	765	  1	
448	 85	765	  1	
448	138	765	  1	
448	152	765	  1	
448	157	765	  1	
448	192	765	  1	
448	198	765	  1	
448	205	765	  1	
448	286	765	  1	
448	296	765	  1	
448	408	765	  1	
448	584	765	  1	
450	136	765	  1	
450	143	765	  1	
451	 72	765	  1	
452	 24	765	  1	
452	176	765	  1	
453	 31	765	  1	
453	183	765	  1	
453	195	765	  1	
453	282	765	  1	
454	139	765	  1	
454	320	765	  1	
455	  5	765	  1	
455	 40	765	  1	
455	 56	765	  1	
455	 76	765	  1	
455	272	765	  1	
456	 11	765	  1	
456	 48	765	  1	
456	 88	765	  1	
456	 98	765	  1	
456	149	765	  1	
456	162	765	  1	
456	167	765	  1	
456	237	765	  1	
456	309	765	  1	
456	459	765	  1	
458	 16	765	  1	
459	192	765	  1	
459	240	765	  1	
459	278	765	  1	
459	304	765	  1	
460	 85	765	  1	
461	  6	765	  1	
461	 28	765	  1	
461	 54	765	  1	
461	 72	765	  1	
461	 96	765	  1	
461	103	765	  1	
461	144	765	  1	
461	232	765	  1	
462	164	765	  1	
462	328	765	  1	
462	335	765	  1	
463	  0	765	  1	
463	  8	765	  1	
463	519	765	  1	
464	 40	765	  1	
464	154	765	  1	
464	175	765	  1	
464	214	765	  1	
464	224	765	  1	
464	231	765	  1	
464	280	765	  1	
464	287	765	  1	
464	322	765	  1	
464	352	765	  1	
467	 24	765	  1	
467	296	765	  1	
467	376	765	  1	
467	463	765	  1	
468	 44	765	  1	
469	150	765	  1	
469	170	765	  1	
469	210	765	  1	
469	264	765	  1	
469	356	765	  1	
470	155	765	  1	
470	336	765	  1	
471	327	765	  1	
471	400	765	  1	
472	178	765	  1	
472	207	765	  1	
472	248	765	  1	
472	254	765	  1	
474	376	765	  1	
475	 48	765	  1	
475	184	765	  1	
476	349	765	  1	
477	150	765	  1	
477	251	765	  1	
478	183	765	  1	
478	336	765	  1	
479	391	765	  1	
479	418	765	  1	
480	 47	765	  1	
480	 85	765	  1	
480	144	765	  1	
480	154	765	  1	
480	177	765	  1	
480	213	765	  1	
480	229	765	  1	
480	240	765	  1	
480	264	765	  1	
480	280	765	  1	
480	304	765	  1	
480	311	765	  1	
480	362	765	  1	
480	416	765	  1	
482	 80	765	  1	
482	224	765	  1	
483	 22	765	  1	
483	 40	765	  1	
483	104	765	  1	
483	182	765	  1	
483	512	765	  1	
485	 48	765	  1	
485	155	765	  1	
485	192	765	  1	
485	208	765	  1	
485	248	765	  1	
486	177	765	  1	
486	230	765	  1	
486	291	765	  1	
486	304	765	  1	
488	 20	765	  1	
488	 31	765	  1	
488	 61	765	  1	
488	176	765	  1	
488	256	765	  1	
488	363	765	  1	
488	390	765	  1	
489	  0	765	  1	
490	 24	765	  1	
490	224	765	  1	
491	 39	765	  1	
491	144	765	  1	
491	455	765	  1	
493	 23	765	  1	
493	 56	765	  1	
493	160	765	  1	
493	228	765	  1	
493	360	765	  1	
493	383	765	  1	
494	  8	765	  1	
495	271	765	  1	
496	  0	765	  1	
496	  6	765	  1	
496	 16	765	  1	
496	 72	765	  1	
496	102	765	  1	
496	105	765	  1	
496	112	765	  1	
496	168	765	  1	
496	175	765	  1	
496	200	765	  1	
496	208	765	  1	
496	248	765	  1	
496	319	765	  1	
496	333	765	  1	
497	147	765	  1	
498	128	765	  1	
498	311	765	  1	
501	  3	765	  1	
501	118	765	  1	
501	192	765	  1	
502	 37	765	  1	
502	132	765	  1	
502	304	765	  1	
503	 99	765	  1	
503	171	765	  1	
503	248	765	  1	
503	319	765	  1	
504	 27	765	  1	
504	 56	765	  1	
504	 64	765	  1	
504	 72	765	  1	
504	 83	765	  1	
504	 90	765	  1	
504	111	765	  1	
504	141	765	  1	
504	152	765	  1	
504	176	765	  1	
504	216	765	  1	
504	222	765	  1	
504	245	765	  1	
504	320	765	  1	
504	328	765	  1	
504	342	765	  1	
506	 97	765	  1	
506	205	765	  1	
507	183	765	  1	
507	327	765	  1	
507	352	765	  1	
508	101	765	  1	
509	 35	765	  1	
509	219	765	  1	
509	230	765	  1	
509	330	765	  1	
511	 56	765	  1	
511	176	765	  1	
511	200	765	  1	
511	320	765	  1	
512	  0	765	  1	
512	 96	765	  1	
512	189	765	  1	
512	212	765	  1	
512	223	765	  1	
512	256	765	  1	
512	295	765	  1	
514	 83	765	  1	
514	184	765	  1	
514	303	765	  1	
515	 64	765	  1	
515	152	765	  1	
515	208	765	  1	
515	290	765	  1	
516	  8	765	  1	
516	 77	765	  1	
516	328	765	  1	
517	206	765	  1	
517	224	765	  1	
517	312	765	  1	
518	 15	765	  1	
518	190	765	  1	
518	212	765	  1	
519	168	765	  1	
520	 53	765	  1	
520	 64	765	  1	
520	 79	765	  1	
520	 88	765	  1	
520	160	765	  1	
520	164	765	  1	
520	192	765	  1	
520	201	765	  1	
520	208	765	  1	
520	216	765	  1	
520	272	765	  1	
523	 96	765	  1	
523	112	765	  1	
523	329	765	  1	
525	  0	765	  1	
525	104	765	  1	
525	174	765	  1	
525	214	765	  1	
525	222	765	  1	
525	312	765	  1	
526	240	765	  1	
526	264	765	  1	
527	280	765	  1	
528	 48	765	  1	
528	195	765	  1	
528	274	765	  1	
528	306	765	  1	
528	311	765	  1	
530	 80	765	  1	
530	267	765	  1	
530	279	765	  1	
531	207	765	  1	
532	192	765	  1	
533	 96	765	  1	
533	166	765	  1	
533	287	765	  1	
533	334	765	  1	
535	 51	765	  1	
535	 80	765	  1	
535	274	765	  1	
536	 27	765	  1	
536	 56	765	  1	
536	 71	765	  1	
536	102	765	  1	
536	152	765	  1	
536	176	765	  1	
536	184	765	  1	
536	216	765	  1	
536	223	765	  1	
536	227	765	  1	
536	232	765	  1	
536	322	765	  1	
537	 96	765	  1	
538	156	765	  1	
538	295	765	  1	
539	280	765	  1	
541	 80	765	  1	
541	126	765	  1	
541	264	765	  1	
542	191	765	  1	
543	 24	765	  1	
543	 31	765	  1	
543	 48	765	  1	
543	 55	765	  1	
543	 64	765	  1	
543	 71	765	  1	
543	184	765	  1	
543	232	765	  1	
543	287	765	  1	
543	424	765	  1	
544	  8	765	  1	
544	120	765	  1	
544	133	765	  1	
544	151	765	  1	
544	161	765	  1	
544	166	765	  1	
544	207	765	  1	
544	248	765	  1	
544	296	765	  1	
544	302	765	  1	
544	315	765	  1	
544	336	765	  1	
547	343	765	  1	
549	179	765	  1	
549	198	765	  1	
549	254	765	  1	
549	282	765	  1	
549	294	765	  1	
549	299	765	  1	
549	328	765	  1	
550	125	765	  1	
551	215	765	  1	
552	 18	765	  1	
552	 65	765	  1	
552	 80	765	  1	
552	 86	765	  1	
552	 93	765	  1	
552	112	765	  1	
552	173	765	  1	
552	221	765	  1	
552	227	765	  1	
552	248	765	  1	
552	304	765	  1	
552	310	765	  1	
554	192	765	  1	
555	 30	765	  1	
557	147	765	  1	
557	198	765	  1	
557	259	765	  1	
557	307	765	  1	
558	248	765	  1	
559	 16	765	  1	
559	135	765	  1	
559	192	765	  1	
559	519	765	  1	
560	 67	765	  1	
560	144	765	  1	
560	216	765	  1	
560	292	765	  1	
560	315	765	  1	
560	323	765	  1	
560	371	765	  1	
562	164	765	  1	
562	463	765	  1	
563	224	765	  1	
563	288	765	  1	
563	383	765	  1	
565	136	765	  1	
565	176	765	  1	
565	222	765	  1	
565	304	765	  1	
566	293	765	  1	
566	599	765	  1	
567	 67	765	  1	
568	 83	765	  1	
568	 96	765	  1	
568	103	765	  1	
568	135	765	  1	
568	168	765	  1	
568	208	765	  1	
568	216	765	  1	
568	246	765	  1	
568	328	765	  1	
570	235	765	  1	
570	240	765	  1	
571	 95	765	  1	
571	112	765	  1	
571	272	765	  1	
571	279	765	  1	
573	 62	765	  1	
573	144	765	  1	
573	288	765	  1	
573	312	765	  1	
573	319	765	  1	
574	247	765	  1	
574	304	765	  1	
575	 99	765	  1	
575	431	765	  1	
576	109	765	  1	
576	178	765	  1	
576	183	765	  1	
576	200	765	  1	
576	213	765	  1	
576	229	765	  1	
576	266	765	  1	
578	255	765	  1	
578	275	765	  1	
579	134	765	  1	
579	351	765	  1	
580	101	765	  1	
581	 85	765	  1	
581	420	765	  1	
582	279	765	  1	
582	344	765	  1	
584	 95	765	  1	
584	128	765	  1	
584	200	765	  1	
584	211	765	  1	
584	227	765	  1	
584	249	765	  1	
584	262	765	  1	
584	295	765	  1	
584	528	765	  1	
586	110	765	  1	
586	277	765	  1	
587	256	765	  1	
587	272	765	  1	
587	376	765	  1	
588	311	765	  1	
589	 80	765	  1	
589	103	765	  1	
589	238	765	  1	
590	248	765	  1	
591	109	765	  1	
591	383	765	  1	
592	  0	765	  1	
592	  4	765	  1	
592	 56	765	  1	
592	 72	765	  1	
592	195	765	  1	
592	208	765	  1	
592	264	765	  1	
592	286	765	  1	
592	304	765	  1	
592	312	765	  1	
592	320	765	  1	
592	326	765	  1	
592	338	765	  1	
592	343	765	  1	
592	346	765	  1	
592	487	765	  1	
593	439	765	  1	
594	 78	765	  1	
594	376	765	  1	
595	 96	765	  1	
595	119	765	  1	
595	206	765	  1	
595	224	765	  1	
596	 95	765	  1	
596	102	765	  1	
596	106	765	  1	
596	383	765	  1	
597	283	765	  1	
597	320	765	  1	
598	  5	765	  1	
598	 72	765	  1	
598	272	765	  1	
599	  0	765	  1	
599	 96	765	  1	
599	131	765	  1	
599	232	765	  1	
599	376	765	  1	
600	 24	765	  1	
600	 71	765	  1	
600	 95	765	  1	
600	152	765	  1	
600	168	765	  1	
600	175	765	  1	
600	184	765	  1	
600	246	765	  1	
600	256	765	  1	
600	261	765	  1	
602	197	765	  1	
604	256	765	  1	
604	262	765	  1	
605	157	765	  1	
605	208	765	  1	
605	213	765	  1	
605	331	765	  1	
605	342	765	  1	
605	367	765	  1	
607	 60	765	  1	
607	111	765	  1	
607	171	765	  1	
607	204	765	  1	
608	  0	765	  1	
608	 16	765	  1	
608	104	765	  1	
608	288	765	  1	
608	299	765	  1	
608	325	765	  1	
608	344	765	  1	
608	350	765	  1	
608	407	765	  1	
609	 60	765	  1	
610	335	765	  1	
611	 88	765	  1	
612	  0	765	  1	
612	149	765	  1	
613	 80	765	  1	
613	280	765	  1	
614	 64	765	  1	
614	295	765	  1	
615	104	765	  1	
615	128	765	  1	
615	144	765	  1	
615	303	765	  1	
615	346	765	  1	
616	 32	765	  1	
616	 47	765	  1	
616	 63	765	  1	
616	 71	765	  1	
616	200	765	  1	
616	204	765	  1	
616	208	765	  1	
616	228	765	  1	
616	235	765	  1	
616	269	765	  1	
616	286	765	  1	
616	290	765	  1	
616	297	765	  1	
616	304	765	  1	
616	319	765	  1	
618	168	765	  1	
618	264	765	  1	
618	354	765	  1	
620	232	765	  1	
620	303	765	  1	
621	328	765	  1	
622	 69	765	  1	
622	128	765	  1	
622	269	765	  1	
623	 47	765	  1	
623	239	765	  1	
623	414	765	  1	
624	 79	765	  1	
624	340	765	  1	
624	448	765	  1	
626	272	765	  1	
629	351	765	  1	
630	125	765	  1	
630	209	765	  1	
630	285	765	  1	
630	341	765	  1	
630	543	765	  1	
631	331	765	  1	
631	336	765	  1	
632	104	765	  1	
632	152	765	  1	
632	271	765	  1	
632	308	765	  1	
632	319	765	  1	
635	312	765	  1	
635	327	765	  1	
635	592	765	  1	
636	191	765	  1	
636	279	765	  1	
637	304	765	  1	
638	111	765	  1	
639	272	765	  1	
639	319	765	  1	
640	117	765	  1	
640	186	765	  1	
640	408	765	  1	
642	240	765	  1	
643	  8	765	  1	
643	112	765	  1	
646	171	765	  1	
647	186	765	  1	
647	232	765	  1	
648	190	765	  1	
648	295	765	  1	
648	311	765	  1	
651	144	765	  1	
653	184	765	  1	
654	297	765	  1	
654	436	765	  1	
655	128	765	  1	
655	231	765	  1	
655	371	765	  1	
656	187	765	  1	
658	449	765	  1	
659	261	765	  1	
662	128	765	  1	
664	 90	765	  1	
664	192	765	  1	
664	404	765	  1	
666	295	765	  1	
667	506	765	  1	
669	 54	765	  1	
670	407	765	  1	
671	143	765	  1	
671	474	765	  1	
671	525	765	  1	
672	111	765	  1	
672	176	765	  1	
672	566	765	  1	
674	115	765	  1	
677	591	765	  1	
679	168	765	  1	
690	146	765	  1	
695	464	765	  1	
695	471	765	  1	
696	375	765	  1	
704	256	765	  1	
704	534	765	  1	
707	216	765	  1	
710	377	765	  1	
720	267	765	  1	
766	394	765	  1	
