# 
#  Image file: Goad2_T0187.jpg
#  Applied threshold: 575
#  Algorithm used: fill2                 
#  Particle count: 1936
#  Location (x,y), max luminance, and mass:
# 
  0	127	765	  1	
  2	247	765	  1	
  7	423	765	  1	
 11	199	765	  1	
 13	257	765	  1	
 16	348	765	  1	
 23	208	765	  1	
 27	208	765	  1	
 27	380	765	  1	
 28	319	765	  1	
 32	 92	765	  1	
 33	151	765	  1	
 34	397	765	  1	
 35	274	765	  1	
 37	209	765	  1	
 39	159	765	  1	
 39	407	765	  1	
 44	506	765	  1	
 48	 87	765	  1	
 48	355	765	  1	
 51	170	765	  1	
 52	 95	765	  1	
 52	152	765	  1	
 54	 87	765	  1	
 55	159	765	  1	
 56	410	765	  1	
 59	277	765	  1	
 61	103	765	  1	
 63	104	765	  1	
 63	300	765	  1	
 64	101	765	  1	
 64	153	765	  1	
 66	120	765	  1	
 66	142	765	  1	
 69	109	765	  1	
 70	127	765	  1	
 71	 79	765	  1	
 71	103	765	  1	
 71	525	765	  1	
 75	330	765	  1	
 77	359	765	  1	
 79	136	765	  1	
 80	170	765	  1	
 80	181	765	  1	
 80	216	765	  1	
 80	223	765	  1	
 80	367	765	  1	
 83	175	765	  1	
 84	144	765	  1	
 84	364	765	  1	
 85	148	765	  1	
 87	167	765	  1	
 87	368	765	  1	
 88	 91	765	  1	
 91	219	765	  1	
 94	463	765	  1	
 95	362	765	  1	
 95	568	765	  1	
 96	119	765	  1	
 96	325	765	  1	
 99	128	765	  1	
101	 88	765	  1	
101	320	765	  1	
107	255	765	  1	
108	104	765	  1	
110	136	765	  1	
111	248	765	  1	
112	160	765	  1	
112	175	765	  1	
112	200	765	  1	
112	272	765	  1	
112	278	765	  1	
112	425	765	  1	
112	535	765	  1	
113	147	765	  1	
114	142	765	  1	
115	191	765	  1	
115	328	765	  1	
115	431	765	  1	
115	528	765	  1	
117	136	765	  1	
119	141	765	  1	
119	167	765	  1	
119	320	765	  1	
119	386	765	  1	
119	535	765	  1	
120	 90	765	  1	
120	148	765	  1	
120	154	765	  1	
120	200	765	  1	
120	256	765	  1	
120	269	765	  1	
120	277	765	  1	
120	285	765	  1	
120	299	765	  1	
121	  6	765	  1	
122	 48	765	  1	
122	416	765	  1	
123	  0	765	  1	
123	 32	765	  1	
123	110	765	  1	
123	212	765	  1	
125	  7	765	  1	
127	154	765	  1	
127	258	765	  1	
127	302	765	  1	
128	136	765	  1	
128	142	765	  1	
128	160	765	  1	
128	190	765	  1	
128	248	765	  1	
128	407	765	  1	
128	425	765	  1	
130	  0	765	  1	
131	 14	765	  1	
131	128	765	  1	
131	166	765	  1	
131	225	765	  1	
131	560	765	  1	
133	139	765	  1	
133	539	765	  1	
134	147	765	  1	
135	 68	765	  1	
135	112	765	  1	
135	190	765	  1	
135	430	765	  1	
136	103	765	  1	
136	126	765	  1	
136	160	765	  1	
136	167	765	  1	
136	208	765	  1	
136	358	765	  1	
136	496	765	  1	
137	592	765	  1	
138	163	765	  1	
138	279	765	  1	
139	168	765	  1	
139	336	765	  1	
140	119	765	  1	
140	224	765	  1	
140	260	765	  1	
141	  7	765	  1	
141	102	765	  1	
141	144	765	  1	
141	274	765	  1	
142	124	765	  1	
143	 80	765	  1	
143	208	765	  1	
143	279	765	  1	
144	  2	765	  1	
144	 88	765	  1	
144	104	765	  1	
144	108	765	  1	
144	152	765	  1	
144	160	765	  1	
144	174	765	  1	
144	360	765	  1	
144	374	765	  1	
147	 95	765	  1	
147	142	765	  1	
148	163	765	  1	
149	180	765	  1	
150	169	765	  1	
151	  2	765	  1	
151	 88	765	  1	
151	368	765	  1	
152	 56	765	  1	
152	128	765	  1	
152	135	765	  1	
152	169	765	  1	
152	185	765	  1	
152	200	765	  1	
152	210	765	  1	
152	222	765	  1	
152	280	765	  1	
152	287	765	  1	
152	387	765	  1	
154	136	765	  1	
154	191	765	  1	
154	260	765	  1	
154	374	765	  1	
155	 63	765	  1	
155	207	765	  1	
156	131	765	  1	
157	120	765	  1	
157	223	765	  1	
157	295	765	  1	
157	391	765	  1	
158	160	765	  1	
158	184	765	  1	
159	 56	765	  1	
159	143	765	  1	
159	200	765	  1	
159	263	765	  1	
160	 55	765	  1	
160	112	765	  1	
160	144	765	  1	
160	149	765	  1	
160	152	765	  1	
160	208	765	  1	
160	361	765	  1	
161	213	765	  1	
162	367	765	  1	
164	248	765	  1	
165	164	765	  1	
166	362	765	  1	
167	 55	765	  1	
167	258	765	  1	
167	446	765	  1	
168	 74	765	  1	
168	 88	765	  1	
168	128	765	  1	
168	134	765	  1	
168	151	765	  1	
168	168	765	  1	
168	184	765	  1	
168	223	765	  1	
168	231	765	  1	
168	267	765	  1	
168	280	765	  1	
168	288	765	  1	
170	190	765	  1	
171	287	765	  1	
171	295	765	  1	
171	359	765	  1	
173	 72	765	  1	
173	 79	765	  1	
173	131	765	  1	
173	184	765	  1	
173	240	765	  1	
173	340	765	  1	
175	112	765	  1	
175	190	765	  1	
175	216	765	  1	
175	267	765	  1	
175	288	765	  1	
176	 16	765	  1	
176	 53	765	  1	
176	146	765	  1	
176	178	765	  1	
176	195	765	  1	
176	224	765	  1	
176	296	765	  1	
177	 64	765	  1	
177	 71	765	  1	
178	302	765	  1	
179	158	765	  1	
179	184	765	  1	
181	294	765	  1	
181	307	765	  1	
182	103	765	  1	
182	140	765	  1	
182	189	765	  1	
183	176	765	  1	
183	183	765	  1	
183	224	765	  1	
183	228	765	  1	
184	112	765	  1	
184	126	765	  1	
184	130	765	  1	
184	200	765	  1	
184	234	765	  1	
184	256	765	  1	
184	279	765	  1	
184	290	765	  1	
184	347	765	  1	
186	 85	765	  1	
186	182	765	  1	
186	239	765	  1	
187	 80	765	  1	
187	120	765	  1	
187	342	765	  1	
188	279	765	  1	
189	 88	765	  1	
189	432	765	  1	
190	288	765	  1	
191	256	765	  1	
191	351	765	  1	
192	 48	765	  1	
192	 67	765	  1	
192	 75	765	  1	
192	 80	765	  1	
192	 98	765	  1	
192	107	765	  1	
192	136	765	  1	
192	142	765	  1	
192	160	765	  1	
192	166	765	  1	
192	211	765	  1	
192	245	765	  1	
192	271	765	  1	
192	312	765	  1	
192	408	765	  1	
194	 39	765	  1	
194	155	765	  1	
194	279	765	  1	
195	135	765	  1	
195	344	765	  1	
196	232	765	  1	
197	139	765	  1	
197	162	765	  1	
197	208	765	  1	
197	352	765	  1	
198	168	765	  1	
198	175	765	  1	
198	367	765	  1	
199	 59	765	  1	
199	 64	765	  1	
199	 71	765	  1	
199	 79	765	  1	
199	488	765	  1	
200	  2	765	  1	
200	 16	765	  1	
200	117	765	  1	
200	287	765	  1	
200	360	765	  1	
200	384	765	  1	
200	422	765	  1	
202	 72	765	  1	
202	144	765	  1	
202	168	765	  1	
203	128	765	  1	
203	176	765	  1	
203	253	765	  1	
203	302	765	  1	
203	343	765	  1	
203	363	765	  1	
203	568	765	  1	
206	376	765	  1	
206	428	765	  1	
207	 23	765	  1	
207	144	765	  1	
207	224	765	  1	
207	236	765	  1	
207	279	765	  1	
207	336	765	  1	
207	360	765	  1	
207	367	765	  1	
207	449	765	  1	
208	 80	765	  1	
208	 88	765	  1	
208	200	765	  1	
208	215	765	  1	
208	264	765	  1	
208	270	765	  1	
208	288	765	  1	
208	368	765	  1	
208	391	765	  1	
209	375	765	  1	
210	136	765	  1	
210	158	765	  1	
211	176	765	  1	
211	294	765	  1	
211	352	765	  1	
211	359	765	  1	
211	424	765	  1	
213	147	765	  1	
213	168	765	  1	
213	208	765	  1	
213	215	765	  1	
213	267	765	  1	
214	142	765	  1	
214	283	765	  1	
214	368	765	  1	
215	309	765	  1	
215	440	765	  1	
215	463	765	  1	
216	 22	765	  1	
216	114	765	  1	
216	120	765	  1	
216	260	765	  1	
216	323	765	  1	
216	419	765	  1	
216	442	765	  1	
216	515	765	  1	
217	 89	765	  1	
218	224	765	  1	
219	 16	765	  1	
219	216	765	  1	
219	268	765	  1	
219	432	765	  1	
220	 48	765	  1	
221	370	765	  1	
221	375	765	  1	
222	211	765	  1	
222	298	765	  1	
223	 19	765	  1	
223	 54	765	  1	
223	287	765	  1	
224	  5	765	  1	
224	 62	765	  1	
224	 79	765	  1	
224	120	765	  1	
224	191	765	  1	
224	259	765	  1	
224	279	765	  1	
224	308	765	  1	
224	376	765	  1	
224	383	765	  1	
224	408	765	  1	
224	471	765	  1	
224	563	765	  1	
227	 24	765	  1	
227	 47	765	  1	
227	 72	765	  1	
227	136	765	  1	
227	464	765	  1	
229	276	765	  1	
229	390	765	  1	
229	416	765	  1	
230	 83	765	  1	
230	255	765	  1	
231	 34	765	  1	
231	 79	765	  1	
231	120	765	  1	
231	263	765	  1	
231	471	765	  1	
232	  8	765	  1	
232	 15	765	  1	
232	 24	765	  1	
232	 31	765	  1	
232	 75	765	  1	
232	122	765	  1	
232	139	765	  1	
232	162	765	  1	
232	196	765	  1	
232	213	765	  1	
232	279	765	  1	
232	371	765	  1	
232	374	765	  1	
232	415	765	  1	
232	429	765	  1	
232	488	765	  1	
234	424	765	  1	
235	  0	765	  1	
235	237	765	  1	
235	324	765	  1	
235	495	765	  1	
237	376	765	  1	
238	179	765	  1	
239	 11	765	  1	
239	 27	765	  1	
239	273	765	  1	
239	303	765	  1	
239	371	765	  1	
239	455	765	  1	
239	488	765	  1	
240	  0	765	  1	
240	 54	765	  1	
240	128	765	  1	
240	182	765	  1	
240	202	765	  1	
240	215	765	  1	
240	243	765	  1	
240	386	765	  1	
240	391	765	  1	
240	416	765	  1	
240	444	765	  1	
241	115	765	  1	
242	 14	765	  1	
242	106	765	  1	
242	479	765	  1	
243	262	765	  1	
243	400	765	  1	
243	552	765	  1	
244	123	765	  1	
244	210	765	  1	
244	223	765	  1	
244	567	765	  1	
245	 54	765	  1	
245	 88	765	  1	
245	 95	765	  1	
245	176	765	  1	
245	248	765	  1	
245	295	765	  1	
245	419	765	  1	
245	472	765	  1	
246	  8	765	  1	
246	558	765	  1	
247	128	765	  1	
247	152	765	  1	
247	240	765	  1	
247	320	765	  1	
247	327	765	  1	
247	432	765	  1	
247	536	765	  1	
248	  5	765	  1	
248	106	765	  1	
248	120	765	  1	
248	304	765	  1	
248	328	765	  1	
248	413	765	  1	
249	354	765	  1	
250	391	765	  1	
251	136	765	  1	
251	335	765	  1	
251	424	765	  1	
252	111	765	  1	
252	268	765	  1	
252	470	765	  1	
253	 79	765	  1	
253	176	765	  1	
253	224	765	  1	
253	408	765	  1	
253	422	765	  1	
253	438	765	  1	
254	104	765	  1	
254	141	765	  1	
254	464	765	  1	
255	120	765	  1	
255	260	765	  1	
255	291	765	  1	
255	304	765	  1	
255	328	765	  1	
256	 11	765	  1	
256	 16	765	  1	
256	 39	765	  1	
256	111	765	  1	
256	115	765	  1	
256	136	765	  1	
256	184	765	  1	
256	214	765	  1	
256	223	765	  1	
256	261	765	  1	
256	275	765	  1	
256	424	765	  1	
256	453	765	  1	
256	583	765	  1	
258	392	765	  1	
259	199	765	  1	
259	384	765	  1	
259	399	765	  1	
260	119	765	  1	
261	208	765	  1	
261	448	765	  1	
261	456	765	  1	
262	240	765	  1	
262	266	765	  1	
263	 36	765	  1	
263	219	765	  1	
263	279	765	  1	
263	424	765	  1	
264	 20	765	  1	
264	 75	765	  1	
264	128	765	  1	
264	168	765	  1	
264	187	765	  1	
264	214	765	  1	
264	280	765	  1	
264	287	765	  1	
264	328	765	  1	
264	344	765	  1	
264	362	765	  1	
264	397	765	  1	
264	455	765	  1	
264	527	765	  1	
266	393	765	  1	
267	 96	765	  1	
267	136	765	  1	
267	272	765	  1	
267	279	765	  1	
267	399	765	  1	
267	520	765	  1	
268	198	765	  1	
269	334	765	  1	
270	 21	765	  1	
270	120	765	  1	
270	141	765	  1	
270	192	765	  1	
270	394	765	  1	
270	415	765	  1	
270	482	765	  1	
271	 16	765	  1	
271	 72	765	  1	
271	 79	765	  1	
271	128	765	  1	
271	283	765	  1	
271	303	765	  1	
271	527	765	  1	
272	  0	765	  1	
272	 53	765	  1	
272	152	765	  1	
272	161	765	  1	
272	184	765	  1	
272	224	765	  1	
272	312	765	  1	
272	355	765	  1	
272	424	765	  1	
272	432	765	  1	
272	439	765	  1	
275	 47	765	  1	
275	 96	765	  1	
275	206	765	  1	
275	216	765	  1	
275	400	765	  1	
275	408	765	  1	
277	190	765	  1	
277	228	765	  1	
277	283	765	  1	
277	415	765	  1	
278	 35	765	  1	
278	160	765	  1	
278	424	765	  1	
278	463	765	  1	
279	  0	765	  1	
279	312	765	  1	
279	355	765	  1	
279	480	765	  1	
279	485	765	  1	
280	 24	765	  1	
280	 31	765	  1	
280	 64	765	  1	
280	 72	765	  1	
280	 89	765	  1	
280	142	765	  1	
280	216	765	  1	
280	264	765	  1	
280	286	765	  1	
280	295	765	  1	
280	324	765	  1	
280	334	765	  1	
280	440	765	  1	
280	493	765	  1	
281	279	765	  1	
282	171	765	  1	
282	328	765	  1	
283	164	765	  1	
283	304	765	  1	
283	405	765	  1	
283	448	765	  1	
283	470	765	  1	
283	534	765	  1	
285	 70	765	  1	
285	 78	765	  1	
285	130	765	  1	
285	224	765	  1	
285	368	765	  1	
285	500	765	  1	
286	125	765	  1	
286	162	765	  1	
286	528	765	  1	
287	 27	765	  1	
287	 96	765	  1	
287	103	765	  1	
287	200	765	  1	
287	288	765	  1	
287	295	765	  1	
287	336	765	  1	
287	400	765	  1	
288	  2	765	  1	
288	  7	765	  1	
288	 14	765	  1	
288	 72	765	  1	
288	 85	765	  1	
288	104	765	  1	
288	151	765	  1	
288	184	765	  1	
288	248	765	  1	
288	360	765	  1	
288	408	765	  1	
288	424	765	  1	
288	475	765	  1	
288	490	765	  1	
288	502	765	  1	
289	142	765	  1	
290	166	765	  1	
290	351	765	  1	
290	376	765	  1	
291	109	765	  1	
291	207	765	  1	
291	400	765	  1	
292	488	765	  1	
293	304	765	  1	
293	456	765	  1	
293	461	765	  1	
294	160	765	  1	
294	174	765	  1	
294	202	765	  1	
294	383	765	  1	
294	387	765	  1	
295	136	765	  1	
295	312	765	  1	
295	338	765	  1	
295	424	765	  1	
295	472	765	  1	
295	479	765	  1	
296	 16	765	  1	
296	 23	765	  1	
296	 48	765	  1	
296	 69	765	  1	
296	 77	765	  1	
296	 95	765	  1	
296	104	765	  1	
296	111	765	  1	
296	115	765	  1	
296	130	765	  1	
296	197	765	  1	
296	240	765	  1	
296	249	765	  1	
296	288	765	  1	
296	301	765	  1	
296	320	765	  1	
296	328	765	  1	
296	355	765	  1	
296	427	765	  1	
296	499	765	  1	
296	528	765	  1	
297	 55	765	  1	
298	192	765	  1	
298	296	765	  1	
299	222	765	  1	
301	203	765	  1	
301	246	765	  1	
302	198	765	  1	
302	302	765	  1	
303	 51	765	  1	
303	103	765	  1	
303	384	765	  1	
304	 16	765	  1	
304	 48	765	  1	
304	 64	765	  1	
304	168	765	  1	
304	174	765	  1	
304	185	765	  1	
304	220	765	  1	
304	232	765	  1	
304	333	765	  1	
304	400	765	  1	
304	405	765	  1	
304	423	765	  1	
304	448	765	  1	
304	455	765	  1	
304	502	765	  1	
304	519	765	  1	
306	278	765	  1	
306	496	765	  1	
307	416	765	  1	
307	512	765	  1	
308	191	765	  1	
308	256	765	  1	
308	286	765	  1	
309	 18	765	  1	
309	 70	765	  1	
309	112	765	  1	
309	171	765	  1	
309	199	765	  1	
309	208	765	  1	
309	304	765	  1	
309	407	765	  1	
310	325	765	  1	
311	 88	765	  1	
311	293	765	  1	
311	402	765	  1	
311	451	765	  1	
311	519	765	  1	
312	  5	765	  1	
312	 43	765	  1	
312	152	765	  1	
312	185	765	  1	
312	205	765	  1	
312	248	765	  1	
312	294	765	  1	
312	312	765	  1	
312	391	765	  1	
312	416	765	  1	
312	459	765	  1	
314	200	765	  1	
314	432	765	  1	
314	503	765	  1	
315	 35	765	  1	
315	264	765	  1	
315	319	765	  1	
315	336	765	  1	
315	518	765	  1	
316	184	765	  1	
317	  0	765	  1	
317	256	765	  1	
317	386	765	  1	
317	422	765	  1	
317	456	765	  1	
318	191	765	  1	
318	206	765	  1	
318	275	765	  1	
318	512	765	  1	
319	 96	765	  1	
319	120	765	  1	
319	152	765	  1	
319	296	765	  1	
319	496	765	  1	
320	 16	765	  1	
320	 50	765	  1	
320	 56	765	  1	
320	 64	765	  1	
320	 71	765	  1	
320	106	765	  1	
320	112	765	  1	
320	134	765	  1	
320	143	765	  1	
320	160	765	  1	
320	176	765	  1	
320	195	765	  1	
320	229	765	  1	
320	238	765	  1	
320	270	765	  1	
320	320	765	  1	
320	326	765	  1	
320	352	765	  1	
320	360	765	  1	
320	392	765	  1	
320	453	765	  1	
321	264	765	  1	
321	424	765	  1	
322	 41	765	  1	
323	 70	765	  1	
323	399	765	  1	
324	 47	765	  1	
324	379	765	  1	
325	224	765	  1	
325	256	765	  1	
325	263	765	  1	
325	323	765	  1	
327	112	765	  1	
327	176	765	  1	
327	392	765	  1	
327	463	765	  1	
327	475	765	  1	
328	  0	765	  1	
328	  5	765	  1	
328	 64	765	  1	
328	 71	765	  1	
328	132	765	  1	
328	171	765	  1	
328	194	765	  1	
328	200	765	  1	
328	208	765	  1	
328	280	765	  1	
328	320	765	  1	
328	344	765	  1	
328	367	765	  1	
328	398	765	  1	
328	408	765	  1	
328	414	765	  1	
328	428	765	  1	
328	439	765	  1	
328	504	765	  1	
330	510	765	  1	
331	 88	765	  1	
331	207	765	  1	
331	288	765	  1	
331	325	765	  1	
331	367	765	  1	
332	160	765	  1	
332	227	765	  1	
332	360	765	  1	
333	 68	765	  1	
333	110	765	  1	
333	232	765	  1	
333	380	765	  1	
333	411	765	  1	
333	434	765	  1	
334	167	765	  1	
334	390	765	  1	
335	200	765	  1	
335	208	765	  1	
335	366	765	  1	
335	398	765	  1	
336	 24	765	  1	
336	 37	765	  1	
336	 48	765	  1	
336	104	765	  1	
336	117	765	  1	
336	125	765	  1	
336	147	765	  1	
336	168	765	  1	
336	176	765	  1	
336	192	765	  1	
336	240	765	  1	
336	257	765	  1	
336	271	765	  1	
336	326	765	  1	
336	334	765	  1	
336	432	765	  1	
338	110	765	  1	
338	246	765	  1	
338	368	765	  1	
338	407	765	  1	
339	 56	765	  1	
339	 72	765	  1	
339	 96	765	  1	
339	198	765	  1	
339	262	765	  1	
339	437	765	  1	
340	360	765	  1	
341	352	765	  1	
341	384	765	  1	
342	104	765	  1	
342	240	765	  1	
342	324	765	  1	
342	335	765	  1	
342	400	765	  1	
342	470	765	  1	
343	144	765	  1	
343	259	765	  1	
343	271	765	  1	
343	519	765	  1	
344	  0	765	  1	
344	 63	765	  1	
344	 74	765	  1	
344	 85	765	  1	
344	160	765	  1	
344	200	765	  1	
344	226	765	  1	
344	244	765	  1	
344	265	765	  1	
344	320	765	  1	
344	327	765	  1	
344	342	765	  1	
344	348	765	  1	
344	362	765	  1	
344	408	765	  1	
344	412	765	  1	
345	128	765	  1	
346	248	765	  1	
347	 32	765	  1	
347	 56	765	  1	
347	376	765	  1	
348	119	765	  1	
348	527	765	  1	
349	 16	765	  1	
349	 80	765	  1	
349	 88	765	  1	
349	224	765	  1	
349	231	765	  1	
349	360	765	  1	
349	367	765	  1	
350	255	765	  1	
351	  0	765	  1	
351	 63	765	  1	
351	 72	765	  1	
351	112	765	  1	
351	120	765	  1	
351	375	765	  1	
351	400	765	  1	
351	472	765	  1	
352	  6	765	  1	
352	 54	765	  1	
352	 96	765	  1	
352	138	765	  1	
352	142	765	  1	
352	160	765	  1	
352	190	765	  1	
352	216	765	  1	
352	287	765	  1	
352	296	765	  1	
352	303	765	  1	
352	310	765	  1	
352	323	765	  1	
352	394	765	  1	
352	419	765	  1	
352	437	765	  1	
352	442	765	  1	
352	447	765	  1	
352	455	765	  1	
354	119	765	  1	
354	264	765	  1	
355	 63	765	  1	
355	320	765	  1	
355	344	765	  1	
356	280	765	  1	
357	  3	765	  1	
357	 72	765	  1	
357	307	765	  1	
357	356	765	  1	
357	363	765	  1	
357	376	765	  1	
357	424	765	  1	
358	 96	765	  1	
358	256	765	  1	
359	 54	765	  1	
359	115	765	  1	
359	118	765	  1	
359	160	765	  1	
359	184	765	  1	
359	286	765	  1	
359	299	765	  1	
359	400	765	  1	
359	455	765	  1	
360	  8	765	  1	
360	 64	765	  1	
360	 71	765	  1	
360	 82	765	  1	
360	123	765	  1	
360	130	765	  1	
360	157	765	  1	
360	168	765	  1	
360	200	765	  1	
360	248	765	  1	
360	271	765	  1	
360	339	765	  1	
360	346	765	  1	
360	368	765	  1	
360	435	765	  1	
361	392	765	  1	
362	 48	765	  1	
362	448	765	  1	
363	456	765	  1	
363	474	765	  1	
364	207	765	  1	
365	 24	765	  1	
365	 80	765	  1	
365	 87	765	  1	
365	471	765	  1	
366	 54	765	  1	
366	129	765	  1	
366	240	765	  1	
366	256	765	  1	
366	348	765	  1	
367	  8	765	  1	
367	135	765	  1	
367	264	765	  1	
367	432	765	  1	
367	455	765	  1	
367	466	765	  1	
368	  0	765	  1	
368	 88	765	  1	
368	 98	765	  1	
368	147	765	  1	
368	152	765	  1	
368	312	765	  1	
368	386	765	  1	
368	427	765	  1	
368	435	765	  1	
370	229	765	  1	
370	523	765	  1	
371	  6	765	  1	
371	 32	765	  1	
371	 95	765	  1	
371	320	765	  1	
371	440	765	  1	
373	 48	765	  1	
373	439	765	  1	
374	  0	765	  1	
374	173	765	  1	
374	387	765	  1	
374	428	765	  1	
375	 88	765	  1	
375	237	765	  1	
375	360	765	  1	
375	447	765	  1	
376	144	765	  1	
376	184	765	  1	
376	191	765	  1	
376	232	765	  1	
376	304	765	  1	
376	384	765	  1	
376	416	765	  1	
376	459	765	  1	
376	550	765	  1	
378	 48	765	  1	
378	 52	765	  1	
378	 62	765	  1	
378	296	765	  1	
381	176	765	  1	
381	308	765	  1	
382	344	765	  1	
382	350	765	  1	
383	144	765	  1	
383	187	765	  1	
383	232	765	  1	
383	239	765	  1	
383	384	765	  1	
383	456	765	  1	
383	463	765	  1	
384	  0	765	  1	
384	  8	765	  1	
384	 12	765	  1	
384	 21	765	  1	
384	 61	765	  1	
384	104	765	  1	
384	120	765	  1	
384	128	765	  1	
384	138	765	  1	
384	152	765	  1	
384	207	765	  1	
384	443	765	  1	
384	496	765	  1	
384	592	765	  1	
385	266	765	  1	
387	 32	765	  1	
387	192	765	  1	
387	263	765	  1	
387	315	765	  1	
389	 80	765	  1	
389	 96	765	  1	
389	239	765	  1	
389	398	765	  1	
390	152	765	  1	
390	365	765	  1	
391	 48	765	  1	
391	196	765	  1	
391	232	765	  1	
392	 45	765	  1	
392	 64	765	  1	
392	103	765	  1	
392	351	765	  1	
393	 97	765	  1	
393	359	765	  1	
394	 18	765	  1	
394	 80	765	  1	
395	 56	765	  1	
395	184	765	  1	
396	496	765	  1	
397	346	765	  1	
397	408	765	  1	
399	 62	765	  1	
399	 86	765	  1	
400	  8	765	  1	
400	 24	765	  1	
400	 28	765	  1	
400	 37	765	  1	
400	 76	765	  1	
400	140	765	  1	
400	320	765	  1	
400	342	765	  1	
400	394	765	  1	
400	399	765	  1	
401	 16	765	  1	
402	 70	765	  1	
402	152	765	  1	
402	430	765	  1	
403	 26	765	  1	
403	 31	765	  1	
403	485	765	  1	
403	504	765	  1	
404	136	765	  1	
405	 94	765	  1	
405	111	765	  1	
405	184	765	  1	
405	191	765	  1	
406	 21	765	  1	
406	 44	765	  1	
406	 64	765	  1	
406	340	765	  1	
406	373	765	  1	
407	118	765	  1	
407	143	765	  1	
407	320	765	  1	
407	331	765	  1	
407	346	765	  1	
407	351	765	  1	
407	416	765	  1	
407	439	765	  1	
408	 75	765	  1	
408	 88	765	  1	
408	178	765	  1	
408	208	765	  1	
408	360	765	  1	
408	411	765	  1	
410	 32	765	  1	
410	367	765	  1	
411	 44	765	  1	
411	 71	765	  1	
411	128	765	  1	
411	136	765	  1	
411	215	765	  1	
411	379	765	  1	
412	112	765	  1	
412	416	765	  1	
413	 37	765	  1	
413	 91	765	  1	
413	104	765	  1	
413	111	765	  1	
413	125	765	  1	
413	176	765	  1	
413	183	765	  1	
413	323	765	  1	
414	 21	765	  1	
414	444	765	  1	
415	 13	765	  1	
415	 82	765	  1	
415	 95	765	  1	
415	208	765	  1	
415	362	765	  1	
416	 31	765	  1	
416	 48	765	  1	
416	 55	765	  1	
416	107	765	  1	
416	168	765	  1	
416	172	765	  1	
416	192	765	  1	
416	230	765	  1	
416	328	765	  1	
416	344	765	  1	
416	382	765	  1	
416	520	765	  1	
416	543	765	  1	
418	 69	765	  1	
418	 91	765	  1	
418	224	765	  1	
419	 64	765	  1	
419	335	765	  1	
420	 27	765	  1	
420	 48	765	  1	
422	380	765	  1	
423	 12	765	  1	
423	 80	765	  1	
423	179	765	  1	
423	328	765	  1	
423	426	765	  1	
423	485	765	  1	
424	 16	765	  1	
424	 21	765	  1	
424	 50	765	  1	
424	154	765	  1	
424	159	765	  1	
424	216	765	  1	
424	272	765	  1	
424	311	765	  1	
424	368	765	  1	
424	411	765	  1	
424	504	765	  1	
424	511	765	  1	
426	  6	765	  1	
426	199	765	  1	
426	291	765	  1	
426	343	765	  1	
427	 56	765	  1	
427	279	765	  1	
428	176	765	  1	
428	239	765	  1	
429	 64	765	  1	
429	128	765	  1	
429	264	765	  1	
429	271	765	  1	
430	  7	765	  1	
430	 29	765	  1	
430	120	765	  1	
430	186	765	  1	
431	408	765	  1	
431	415	765	  1	
432	 34	765	  1	
432	 38	765	  1	
432	 78	765	  1	
432	 84	765	  1	
432	142	765	  1	
432	208	765	  1	
432	211	765	  1	
432	232	765	  1	
432	256	765	  1	
433	 74	765	  1	
434	263	765	  1	
435	  7	765	  1	
435	 16	765	  1	
435	 24	765	  1	
435	172	765	  1	
436	120	765	  1	
436	238	765	  1	
437	 82	765	  1	
437	 87	765	  1	
437	246	765	  1	
438	 22	765	  1	
438	 29	765	  1	
438	103	765	  1	
438	175	765	  1	
438	234	765	  1	
438	256	765	  1	
438	336	765	  1	
439	 40	765	  1	
439	139	765	  1	
440	 12	765	  1	
440	 53	765	  1	
440	 93	765	  1	
440	104	765	  1	
440	120	765	  1	
440	141	765	  1	
440	155	765	  1	
440	170	765	  1	
440	186	765	  1	
440	195	765	  1	
440	235	765	  1	
440	253	765	  1	
440	269	765	  1	
440	287	765	  1	
440	424	765	  1	
442	128	765	  1	
442	359	765	  1	
443	 40	765	  1	
443	 64	765	  1	
443	102	765	  1	
443	199	765	  1	
443	280	765	  1	
445	110	765	  1	
445	178	765	  1	
445	191	765	  1	
445	240	765	  1	
446	480	765	  1	
447	 13	765	  1	
447	287	765	  1	
447	440	765	  1	
447	447	765	  1	
448	 29	765	  1	
448	 36	765	  1	
448	 58	765	  1	
448	 76	765	  1	
448	150	765	  1	
448	160	765	  1	
448	175	765	  1	
448	192	765	  1	
448	203	765	  1	
448	208	765	  1	
448	312	765	  1	
448	371	765	  1	
449	 72	765	  1	
449	258	765	  1	
449	263	765	  1	
451	 13	765	  1	
451	230	765	  1	
451	319	765	  1	
452	  3	765	  1	
452	 80	765	  1	
453	 39	765	  1	
453	 59	765	  1	
453	195	765	  1	
453	334	765	  1	
454	 72	765	  1	
455	 29	765	  1	
455	171	765	  1	
455	312	765	  1	
455	368	765	  1	
455	375	765	  1	
456	 48	765	  1	
456	 69	765	  1	
456	167	765	  1	
456	247	765	  1	
456	256	765	  1	
456	274	765	  1	
456	499	765	  1	
458	 73	765	  1	
458	 87	765	  1	
458	152	765	  1	
458	240	765	  1	
459	  0	765	  1	
459	 39	765	  1	
459	424	765	  1	
460	 24	765	  1	
461	 83	765	  1	
461	262	765	  1	
462	168	765	  1	
462	224	765	  1	
462	230	765	  1	
462	381	765	  1	
463	152	765	  1	
463	247	765	  1	
463	279	765	  1	
464	  7	765	  1	
464	 21	765	  1	
464	237	765	  1	
464	248	765	  1	
464	296	765	  1	
464	302	765	  1	
464	333	765	  1	
465	  0	765	  1	
467	 48	765	  1	
467	 72	765	  1	
467	160	765	  1	
467	189	765	  1	
468	172	765	  1	
468	328	765	  1	
469	  8	765	  1	
469	 54	765	  1	
469	299	765	  1	
470	238	765	  1	
470	264	765	  1	
472	 41	765	  1	
472	177	765	  1	
472	203	765	  1	
472	208	765	  1	
472	212	765	  1	
472	223	765	  1	
472	256	765	  1	
472	277	765	  1	
472	288	765	  1	
472	304	765	  1	
472	344	765	  1	
472	367	765	  1	
475	 62	765	  1	
475	360	765	  1	
478	178	765	  1	
479	119	765	  1	
479	216	765	  1	
479	223	765	  1	
479	367	765	  1	
480	  8	765	  1	
480	 22	765	  1	
480	128	765	  1	
480	168	765	  1	
480	176	765	  1	
480	183	765	  1	
480	188	765	  1	
480	237	765	  1	
480	248	765	  1	
480	252	765	  1	
480	266	765	  1	
480	271	765	  1	
480	336	765	  1	
483	 80	765	  1	
483	112	765	  1	
483	344	765	  1	
483	516	765	  1	
484	 16	765	  1	
484	212	765	  1	
485	 22	765	  1	
485	152	765	  1	
485	230	765	  1	
486	 40	765	  1	
486	168	765	  1	
486	576	765	  1	
487	 72	765	  1	
487	291	765	  1	
488	  2	765	  1	
488	 37	765	  1	
488	 56	765	  1	
488	 84	765	  1	
488	 99	765	  1	
488	112	765	  1	
488	127	765	  1	
488	191	765	  1	
488	194	765	  1	
488	245	765	  1	
488	288	765	  1	
488	295	765	  1	
490	 62	765	  1	
490	185	765	  1	
493	 18	765	  1	
493	 23	765	  1	
493	 48	765	  1	
493	260	765	  1	
493	271	765	  1	
494	133	765	  1	
494	291	765	  1	
495	113	765	  1	
495	191	765	  1	
495	328	765	  1	
495	355	765	  1	
496	 39	765	  1	
496	 44	765	  1	
496	 66	765	  1	
496	107	765	  1	
496	144	765	  1	
496	172	765	  1	
496	224	765	  1	
496	285	765	  1	
496	359	765	  1	
496	384	765	  1	
496	391	765	  1	
498	106	765	  1	
498	150	765	  1	
498	280	765	  1	
499	352	765	  1	
501	 64	765	  1	
501	 71	765	  1	
501	128	765	  1	
501	192	765	  1	
501	271	765	  1	
502	 36	765	  1	
502	144	765	  1	
502	286	765	  1	
502	325	765	  1	
503	152	765	  1	
503	200	765	  1	
503	215	765	  1	
503	224	765	  1	
503	359	765	  1	
504	  8	765	  1	
504	 18	765	  1	
504	 48	765	  1	
504	 54	765	  1	
504	 82	765	  1	
504	 96	765	  1	
504	112	765	  1	
504	124	765	  1	
504	160	765	  1	
504	210	765	  1	
504	328	765	  1	
504	335	765	  1	
504	337	765	  1	
505	264	765	  1	
505	343	765	  1	
507	200	765	  1	
507	296	765	  1	
508	104	765	  1	
509	 48	765	  1	
509	 55	765	  1	
509	168	765	  1	
509	280	765	  1	
509	320	765	  1	
509	348	765	  1	
510	192	765	  1	
511	 87	765	  1	
511	 96	765	  1	
512	  0	765	  1	
512	  7	765	  1	
512	 42	765	  1	
512	 78	765	  1	
512	 83	765	  1	
512	122	765	  1	
512	184	765	  1	
512	197	765	  1	
512	212	765	  1	
512	224	765	  1	
512	253	765	  1	
512	261	765	  1	
512	329	765	  1	
513	104	765	  1	
513	192	765	  1	
513	208	765	  1	
514	 72	765	  1	
515	 64	765	  1	
515	152	765	  1	
515	240	765	  1	
515	552	765	  1	
516	328	765	  1	
516	447	765	  1	
516	535	765	  1	
517	 78	765	  1	
517	120	765	  1	
517	127	765	  1	
517	248	765	  1	
517	256	765	  1	
517	358	765	  1	
518	 50	765	  1	
518	116	765	  1	
518	192	765	  1	
518	212	765	  1	
518	223	765	  1	
519	  3	765	  1	
519	 72	765	  1	
519	108	765	  1	
519	414	765	  1	
520	 20	765	  1	
520	 48	765	  1	
520	 91	765	  1	
520	176	765	  1	
520	183	765	  1	
520	272	765	  1	
520	280	765	  1	
520	285	765	  1	
520	341	765	  1	
522	118	765	  1	
522	232	765	  1	
523	 96	765	  1	
524	106	765	  1	
525	310	765	  1	
526	238	765	  1	
526	328	765	  1	
526	341	765	  1	
526	351	765	  1	
527	 16	765	  1	
527	111	765	  1	
527	279	765	  1	
527	368	765	  1	
528	 46	765	  1	
528	115	765	  1	
528	168	765	  1	
528	192	765	  1	
528	198	765	  1	
528	205	765	  1	
528	213	765	  1	
528	295	765	  1	
530	 40	765	  1	
530	103	765	  1	
530	195	765	  1	
531	  2	765	  1	
531	224	765	  1	
531	288	765	  1	
532	112	765	  1	
532	119	765	  1	
533	200	765	  1	
533	445	765	  1	
534	192	765	  1	
534	304	765	  1	
535	168	765	  1	
535	295	765	  1	
535	504	765	  1	
536	 36	765	  1	
536	 50	765	  1	
536	 56	765	  1	
536	146	765	  1	
536	160	765	  1	
536	176	765	  1	
536	181	765	  1	
536	220	765	  1	
536	312	765	  1	
536	328	765	  1	
536	333	765	  1	
536	376	765	  1	
538	191	765	  1	
538	342	765	  1	
539	  0	765	  1	
541	 88	765	  1	
541	110	765	  1	
541	223	765	  1	
541	318	765	  1	
541	352	765	  1	
542	207	765	  1	
542	336	765	  1	
543	376	765	  1	
544	  3	765	  1	
544	 57	765	  1	
544	 62	765	  1	
544	 99	765	  1	
544	168	765	  1	
544	184	765	  1	
544	234	765	  1	
544	240	765	  1	
544	267	765	  1	
544	279	765	  1	
544	288	765	  1	
544	328	765	  1	
546	104	765	  1	
546	132	765	  1	
546	195	765	  1	
546	312	765	  1	
546	368	765	  1	
546	408	765	  1	
547	 74	765	  1	
547	 79	765	  1	
547	117	765	  1	
547	272	765	  1	
547	296	765	  1	
549	232	765	  1	
549	239	765	  1	
549	246	765	  1	
549	334	765	  1	
549	414	765	  1	
550	288	765	  1	
550	318	765	  1	
551	 24	765	  1	
551	 62	765	  1	
551	264	765	  1	
551	271	765	  1	
551	279	765	  1	
552	 91	765	  1	
552	222	765	  1	
552	251	765	  1	
552	290	765	  1	
552	309	765	  1	
552	331	765	  1	
552	349	765	  1	
552	374	765	  1	
552	379	765	  1	
552	456	765	  1	
553	104	765	  1	
554	 98	765	  1	
554	172	765	  1	
555	127	765	  1	
555	248	765	  1	
555	255	765	  1	
555	320	765	  1	
555	359	765	  1	
558	220	765	  1	
558	344	765	  1	
559	110	765	  1	
559	119	765	  1	
559	123	765	  1	
559	296	765	  1	
559	352	765	  1	
559	375	765	  1	
560	 67	765	  1	
560	133	765	  1	
560	165	765	  1	
560	176	765	  1	
560	208	765	  1	
560	235	765	  1	
560	275	765	  1	
560	280	765	  1	
560	295	765	  1	
560	301	765	  1	
560	376	765	  1	
562	182	765	  1	
562	290	765	  1	
562	296	765	  1	
563	190	765	  1	
563	363	765	  1	
564	 71	765	  1	
565	160	765	  1	
565	214	765	  1	
565	246	765	  1	
565	304	765	  1	
565	311	765	  1	
566	176	765	  1	
566	272	765	  1	
566	295	765	  1	
568	157	765	  1	
568	206	765	  1	
568	232	765	  1	
568	248	765	  1	
568	288	765	  1	
568	344	765	  1	
568	375	765	  1	
568	395	765	  1	
569	272	765	  1	
570	200	765	  1	
571	112	765	  1	
572	280	765	  1	
573	152	765	  1	
573	184	765	  1	
573	238	765	  1	
573	294	765	  1	
574	285	765	  1	
574	344	765	  1	
575	206	765	  1	
575	272	765	  1	
575	307	765	  1	
575	375	765	  1	
575	392	765	  1	
575	399	765	  1	
576	 72	765	  1	
576	 79	765	  1	
576	107	765	  1	
576	144	765	  1	
576	216	765	  1	
576	251	765	  1	
576	256	765	  1	
576	311	765	  1	
576	319	765	  1	
576	328	765	  1	
576	335	765	  1	
577	229	765	  1	
578	 91	765	  1	
580	350	765	  1	
582	111	765	  1	
582	184	765	  1	
582	294	765	  1	
583	 72	765	  1	
583	 79	765	  1	
583	315	765	  1	
583	331	765	  1	
583	336	765	  1	
583	343	765	  1	
584	216	765	  1	
584	328	765	  1	
584	370	765	  1	
584	428	765	  1	
584	487	765	  1	
585	200	765	  1	
586	319	765	  1	
587	280	765	  1	
589	100	765	  1	
589	296	765	  1	
589	384	765	  1	
590	424	765	  1	
590	459	765	  1	
590	536	765	  1	
591	 76	765	  1	
591	109	765	  1	
591	304	765	  1	
591	383	765	  1	
591	390	765	  1	
592	  3	765	  1	
592	 72	765	  1	
592	112	765	  1	
592	214	765	  1	
592	248	765	  1	
592	266	765	  1	
592	275	765	  1	
592	338	765	  1	
592	344	765	  1	
592	431	765	  1	
592	520	765	  1	
594	 88	765	  1	
594	208	765	  1	
594	301	765	  1	
595	 93	765	  1	
595	263	765	  1	
595	427	765	  1	
596	307	765	  1	
597	100	765	  1	
597	336	765	  1	
597	343	765	  1	
599	  0	765	  1	
599	  7	765	  1	
599	112	765	  1	
599	256	765	  1	
599	296	765	  1	
599	392	765	  1	
599	399	765	  1	
600	 51	765	  1	
600	144	765	  1	
600	176	765	  1	
600	183	765	  1	
600	216	765	  1	
600	239	765	  1	
600	288	765	  1	
600	320	765	  1	
600	352	765	  1	
600	368	765	  1	
600	375	765	  1	
602	536	765	  1	
603	 88	765	  1	
603	104	765	  1	
603	205	765	  1	
603	232	765	  1	
603	254	765	  1	
605	262	765	  1	
606	147	765	  1	
606	371	765	  1	
607	111	765	  1	
607	179	765	  1	
607	216	765	  1	
607	239	765	  1	
607	302	765	  1	
608	 50	765	  1	
608	 60	765	  1	
608	 85	765	  1	
608	 99	765	  1	
608	269	765	  1	
608	273	765	  1	
608	277	765	  1	
608	323	765	  1	
608	333	765	  1	
608	347	765	  1	
608	384	765	  1	
611	143	765	  1	
611	391	765	  1	
612	286	765	  1	
612	356	765	  1	
613	 63	765	  1	
613	 80	765	  1	
613	192	765	  1	
613	328	765	  1	
614	280	765	  1	
615	134	765	  1	
615	336	765	  1	
615	384	765	  1	
616	 96	765	  1	
616	157	765	  1	
616	184	765	  1	
616	194	765	  1	
616	224	765	  1	
616	248	765	  1	
616	256	765	  1	
616	298	765	  1	
616	312	765	  1	
616	339	765	  1	
619	 71	765	  1	
619	191	765	  1	
619	255	765	  1	
619	459	765	  1	
620	103	765	  1	
621	152	765	  1	
621	318	765	  1	
621	420	765	  1	
622	 69	765	  1	
623	184	765	  1	
623	248	765	  1	
623	336	765	  1	
623	343	765	  1	
624	 92	765	  1	
624	239	765	  1	
624	280	765	  1	
624	315	765	  1	
624	330	765	  1	
624	335	765	  1	
624	344	765	  1	
625	175	765	  1	
628	323	765	  1	
629	168	765	  1	
629	213	765	  1	
629	272	765	  1	
630	 88	765	  1	
630	130	765	  1	
630	228	765	  1	
630	339	765	  1	
631	312	765	  1	
631	319	765	  1	
632	 85	765	  1	
632	115	765	  1	
632	123	765	  1	
632	136	765	  1	
632	227	765	  1	
632	285	765	  1	
632	288	765	  1	
634	 80	765	  1	
634	277	765	  1	
634	293	765	  1	
637	 87	765	  1	
637	120	765	  1	
639	112	765	  1	
639	288	765	  1	
640	  7	765	  1	
640	 79	765	  1	
640	104	765	  1	
640	144	765	  1	
640	150	765	  1	
640	256	765	  1	
642	259	765	  1	
647	  7	765	  1	
647	 63	765	  1	
647	104	765	  1	
647	256	765	  1	
647	339	765	  1	
648	  0	765	  1	
648	 99	765	  1	
648	186	765	  1	
648	311	765	  1	
648	347	765	  1	
648	496	765	  1	
651	359	765	  1	
652	303	765	  1	
655	 15	765	  1	
655	 96	765	  1	
655	103	765	  1	
656	128	765	  1	
656	269	765	  1	
659	135	765	  1	
659	311	765	  1	
659	452	765	  1	
663	128	765	  1	
663	399	765	  1	
666	216	765	  1	
666	511	765	  1	
671	186	765	  1	
672	477	765	  1	
672	543	765	  1	
675	526	765	  1	
677	112	765	  1	
679	119	765	  1	
688	304	765	  1	
695	456	765	  1	
701	547	765	  1	
712	211	765	  1	
714	264	765	  1	
717	264	765	  1	
719	277	765	  1	
764	399	765	  1	
