# 
#  Image file: Goad1_T0055.jpg
#  Applied threshold: 575
#  Algorithm used: fill2                 
#  Particle count: 1921
#  Location (x,y), max luminance, and mass:
# 
  0	199	765	  1	
  0	201	765	  1	
  8	247	765	  1	
  8	368	765	  1	
 11	207	765	  1	
 16	  3	765	  1	
 24	512	765	  1	
 24	598	765	  1	
 26	 96	765	  1	
 39	 79	765	  1	
 40	391	765	  1	
 44	495	765	  1	
 47	386	765	  1	
 56	128	765	  1	
 58	127	765	  1	
 70	109	765	  1	
 70	242	765	  1	
 71	366	765	  1	
 72	118	765	  1	
 80	335	765	  1	
 86	 29	765	  1	
 88	 39	765	  1	
 88	175	765	  1	
 90	386	765	  1	
 91	128	765	  1	
 91	190	765	  1	
 92	235	765	  1	
 94	360	765	  1	
 95	136	765	  1	
 96	131	765	  1	
 96	199	765	  1	
 96	332	765	  1	
 97	333	765	  1	
100	216	765	  1	
101	183	765	  1	
104	124	765	  1	
107	108	765	  1	
108	519	765	  1	
111	124	765	  1	
112	270	765	  1	
112	395	765	  1	
112	439	765	  1	
112	479	765	  1	
118	235	765	  1	
118	271	765	  1	
120	 84	765	  1	
120	272	765	  1	
121	185	765	  1	
122	119	765	  1	
123	  0	765	  1	
123	279	765	  1	
125	128	765	  1	
126	  5	765	  1	
127	104	765	  1	
127	112	765	  1	
127	191	765	  1	
127	272	765	  1	
127	535	765	  1	
128	 40	765	  1	
128	120	765	  1	
128	127	765	  1	
128	143	765	  1	
128	423	765	  1	
131	 64	765	  1	
131	260	765	  1	
131	336	765	  1	
132	167	765	  1	
132	415	765	  1	
134	 12	765	  1	
134	143	765	  1	
135	 96	765	  1	
135	324	765	  1	
136	 80	765	  1	
136	175	765	  1	
137	375	765	  1	
138	112	765	  1	
140	102	765	  1	
140	167	765	  1	
140	440	765	  1	
140	447	765	  1	
141	 95	765	  1	
141	291	765	  1	
142	136	765	  1	
143	  0	765	  1	
143	175	765	  1	
144	131	765	  1	
144	151	765	  1	
144	389	765	  1	
144	450	765	  1	
146	241	765	  1	
147	 94	765	  1	
147	111	765	  1	
147	224	765	  1	
147	329	765	  1	
150	263	765	  1	
151	 88	765	  1	
151	128	765	  1	
151	135	765	  1	
151	247	765	  1	
151	450	765	  1	
152	 12	765	  1	
152	 55	765	  1	
152	 95	765	  1	
152	 99	765	  1	
152	114	765	  1	
152	119	765	  1	
152	127	765	  1	
152	176	765	  1	
152	198	765	  1	
152	463	765	  1	
155	  8	765	  1	
155	104	765	  1	
156	288	765	  1	
156	379	765	  1	
156	390	765	  1	
157	 87	765	  1	
157	198	765	  1	
158	 90	765	  1	
159	 96	765	  1	
159	103	765	  1	
159	110	765	  1	
159	123	765	  1	
159	191	765	  1	
160	144	765	  1	
160	227	765	  1	
160	240	765	  1	
160	247	765	  1	
160	251	765	  1	
160	352	765	  1	
160	390	765	  1	
160	476	765	  1	
160	492	765	  1	
162	 40	765	  1	
162	359	765	  1	
163	447	765	  1	
164	 70	765	  1	
164	406	765	  1	
165	 82	765	  1	
165	 87	765	  1	
165	180	765	  1	
165	384	765	  1	
166	 48	765	  1	
166	 62	765	  1	
166	306	765	  1	
167	243	765	  1	
167	248	765	  1	
167	255	765	  1	
167	478	765	  1	
168	 93	765	  1	
168	107	765	  1	
168	169	765	  1	
168	232	765	  1	
168	296	765	  1	
168	304	765	  1	
168	336	765	  1	
168	375	765	  1	
168	381	765	  1	
168	409	765	  1	
170	 78	765	  1	
170	 88	765	  1	
170	316	765	  1	
170	440	765	  1	
171	344	765	  1	
172	239	765	  1	
173	 24	765	  1	
173	104	765	  1	
173	127	765	  1	
174	 64	765	  1	
174	 68	765	  1	
174	 94	765	  1	
174	383	765	  1	
175	168	765	  1	
175	207	765	  1	
175	268	765	  1	
175	415	765	  1	
175	454	765	  1	
175	583	765	  1	
176	 53	765	  1	
176	 65	765	  1	
176	 79	765	  1	
176	 88	765	  1	
176	111	765	  1	
176	131	765	  1	
176	211	765	  1	
176	256	765	  1	
176	279	765	  1	
176	328	765	  1	
176	380	765	  1	
176	443	765	  1	
176	562	765	  1	
178	 80	765	  1	
178	304	765	  1	
178	407	765	  1	
179	 69	765	  1	
179	371	765	  1	
180	294	765	  1	
181	232	765	  1	
181	239	765	  1	
182	125	765	  1	
182	157	765	  1	
182	288	765	  1	
182	315	765	  1	
183	107	765	  1	
183	407	765	  1	
183	599	765	  1	
184	162	765	  1	
184	360	765	  1	
184	367	765	  1	
184	375	765	  1	
184	409	765	  1	
185	351	765	  1	
186	117	765	  1	
186	311	765	  1	
187	 64	765	  1	
187	 80	765	  1	
187	125	765	  1	
187	340	765	  1	
187	404	765	  1	
187	415	765	  1	
189	131	765	  1	
190	124	765	  1	
190	167	765	  1	
191	256	765	  1	
191	342	765	  1	
191	397	765	  1	
191	402	765	  1	
192	 64	765	  1	
192	122	765	  1	
192	126	765	  1	
192	179	765	  1	
192	231	765	  1	
192	239	765	  1	
192	264	765	  1	
192	288	765	  1	
192	313	765	  1	
192	325	765	  1	
192	331	765	  1	
192	339	765	  1	
193	224	765	  1	
193	416	765	  1	
194	 70	765	  1	
194	262	765	  1	
195	 48	765	  1	
195	 88	765	  1	
195	119	765	  1	
195	122	765	  1	
195	136	765	  1	
195	184	765	  1	
195	232	765	  1	
195	374	765	  1	
196	499	765	  1	
198	 55	765	  1	
198	 64	765	  1	
198	112	765	  1	
198	210	765	  1	
198	230	765	  1	
198	268	765	  1	
198	336	765	  1	
198	343	765	  1	
198	351	765	  1	
198	496	765	  1	
199	176	765	  1	
199	183	765	  1	
199	195	765	  1	
199	328	765	  1	
200	 26	765	  1	
200	 93	765	  1	
200	131	765	  1	
200	232	765	  1	
200	270	765	  1	
200	353	765	  1	
200	426	765	  1	
201	450	765	  1	
202	208	765	  1	
202	280	765	  1	
203	264	765	  1	
203	272	765	  1	
203	368	765	  1	
204	 28	765	  1	
204	130	765	  1	
204	238	765	  1	
205	 27	765	  1	
205	 79	765	  1	
205	 88	765	  1	
205	419	765	  1	
206	363	765	  1	
206	367	765	  1	
206	426	765	  1	
207	 60	765	  1	
207	126	765	  1	
207	208	765	  1	
207	214	765	  1	
207	286	765	  1	
208	138	765	  1	
208	162	765	  1	
208	172	765	  1	
208	195	765	  1	
208	205	765	  1	
208	256	765	  1	
208	312	765	  1	
208	381	765	  1	
209	112	765	  1	
210	143	765	  1	
210	182	765	  1	
210	376	765	  1	
210	455	765	  1	
211	 39	765	  1	
211	362	765	  1	
214	117	765	  1	
214	367	765	  1	
214	382	765	  1	
214	431	765	  1	
214	544	765	  1	
215	 27	765	  1	
215	 33	765	  1	
215	160	765	  1	
215	183	765	  1	
215	195	765	  1	
215	328	765	  1	
216	 24	765	  1	
216	 31	765	  1	
216	143	765	  1	
216	152	765	  1	
216	205	765	  1	
216	235	765	  1	
216	346	765	  1	
216	372	765	  1	
216	475	765	  1	
218	  2	765	  1	
218	128	765	  1	
218	138	765	  1	
219	 14	765	  1	
219	104	765	  1	
220	158	765	  1	
220	280	765	  1	
221	 71	765	  1	
221	152	765	  1	
222	143	765	  1	
222	440	765	  1	
222	472	765	  1	
223	179	765	  1	
223	232	765	  1	
223	239	765	  1	
223	290	765	  1	
223	480	765	  1	
223	547	765	  1	
224	 51	765	  1	
224	 64	765	  1	
224	 94	765	  1	
224	104	765	  1	
224	114	765	  1	
224	160	765	  1	
224	210	765	  1	
224	224	765	  1	
224	231	765	  1	
224	311	765	  1	
224	326	765	  1	
224	336	765	  1	
224	344	765	  1	
224	368	765	  1	
224	384	765	  1	
224	439	765	  1	
226	371	765	  1	
227	304	765	  1	
227	432	765	  1	
227	557	765	  1	
228	136	765	  1	
229	 90	765	  1	
229	110	765	  1	
229	142	765	  1	
229	166	765	  1	
229	190	765	  1	
229	211	765	  1	
229	272	765	  1	
229	390	765	  1	
229	415	765	  1	
229	423	765	  1	
230	 48	765	  1	
230	256	765	  1	
230	324	765	  1	
230	368	765	  1	
231	227	765	  1	
231	311	765	  1	
231	439	765	  1	
232	 85	765	  1	
232	229	765	  1	
232	243	765	  1	
232	255	765	  1	
232	287	765	  1	
232	302	765	  1	
232	340	765	  1	
232	432	765	  1	
232	469	765	  1	
232	563	765	  1	
233	208	765	  1	
234	 80	765	  1	
234	222	765	  1	
235	248	765	  1	
236	 51	765	  1	
237	 56	765	  1	
237	164	765	  1	
237	216	765	  1	
237	224	765	  1	
237	420	765	  1	
238	 16	765	  1	
238	 20	765	  1	
238	 86	765	  1	
238	173	765	  1	
238	212	765	  1	
238	240	765	  1	
238	247	765	  1	
239	255	765	  1	
239	280	765	  1	
239	302	765	  1	
239	435	765	  1	
239	475	765	  1	
239	511	765	  1	
240	  8	765	  1	
240	 73	765	  1	
240	 78	765	  1	
240	 88	765	  1	
240	132	765	  1	
240	143	765	  1	
240	152	765	  1	
240	155	765	  1	
240	181	765	  1	
240	195	765	  1	
240	200	765	  1	
240	227	765	  1	
240	243	765	  1	
240	312	765	  1	
240	384	765	  1	
240	416	765	  1	
240	483	765	  1	
241	291	765	  1	
241	464	765	  1	
242	450	765	  1	
242	469	765	  1	
243	184	765	  1	
243	256	765	  1	
244	101	765	  1	
245	 48	765	  1	
245	 53	765	  1	
245	 74	765	  1	
245	 79	765	  1	
245	176	765	  1	
245	400	765	  1	
245	422	765	  1	
245	440	765	  1	
245	447	765	  1	
247	 56	765	  1	
247	124	765	  1	
247	132	765	  1	
247	290	765	  1	
247	295	765	  1	
247	480	765	  1	
247	487	765	  1	
248	  0	765	  1	
248	 18	765	  1	
248	 67	765	  1	
248	 96	765	  1	
248	216	765	  1	
248	248	765	  1	
248	304	765	  1	
248	345	765	  1	
248	363	765	  1	
248	375	765	  1	
250	 23	765	  1	
250	183	765	  1	
250	231	765	  1	
251	 80	765	  1	
251	255	765	  1	
251	388	765	  1	
251	416	765	  1	
253	 75	765	  1	
253	 94	765	  1	
253	372	765	  1	
253	402	765	  1	
253	407	765	  1	
254	177	765	  1	
254	344	765	  1	
254	422	765	  1	
255	  0	765	  1	
255	248	765	  1	
255	498	765	  1	
256	  8	765	  1	
256	 22	765	  1	
256	 56	765	  1	
256	135	765	  1	
256	158	765	  1	
256	184	765	  1	
256	208	765	  1	
256	232	765	  1	
256	239	765	  1	
256	289	765	  1	
256	317	765	  1	
256	350	765	  1	
256	367	765	  1	
256	392	765	  1	
256	445	765	  1	
256	454	765	  1	
256	468	765	  1	
256	504	765	  1	
256	511	765	  1	
256	543	765	  1	
257	 12	765	  1	
257	 80	765	  1	
257	213	765	  1	
258	 64	765	  1	
259	255	765	  1	
259	360	765	  1	
259	416	765	  1	
260	 21	765	  1	
260	159	765	  1	
260	272	765	  1	
260	277	765	  1	
261	 39	765	  1	
261	208	765	  1	
261	240	765	  1	
261	295	765	  1	
261	464	765	  1	
261	475	765	  1	
262	248	765	  1	
262	455	765	  1	
263	 13	765	  1	
263	 56	765	  1	
263	 72	765	  1	
263	235	765	  1	
263	367	765	  1	
263	520	765	  1	
263	528	765	  1	
264	 75	765	  1	
264	141	765	  1	
264	152	765	  1	
264	216	765	  1	
264	227	765	  1	
264	332	765	  1	
264	400	765	  1	
264	543	765	  1	
265	455	765	  1	
266	267	765	  1	
266	431	765	  1	
267	 80	765	  1	
267	120	765	  1	
267	277	765	  1	
268	 72	765	  1	
269	  7	765	  1	
269	 62	765	  1	
269	412	765	  1	
270	 11	765	  1	
270	 79	765	  1	
270	192	765	  1	
270	253	765	  1	
270	333	765	  1	
270	400	765	  1	
271	152	765	  1	
271	159	765	  1	
271	224	765	  1	
271	231	765	  1	
271	303	765	  1	
272	  8	765	  1	
272	 18	765	  1	
272	 40	765	  1	
272	 88	765	  1	
272	208	765	  1	
272	215	765	  1	
272	240	765	  1	
272	264	765	  1	
272	390	765	  1	
272	398	765	  1	
274	 14	765	  1	
275	224	765	  1	
275	273	765	  1	
277	 46	765	  1	
277	131	765	  1	
277	279	765	  1	
277	395	765	  1	
277	448	765	  1	
277	455	765	  1	
278	  8	765	  1	
278	520	765	  1	
279	 31	765	  1	
279	136	765	  1	
279	192	765	  1	
279	400	765	  1	
280	 72	765	  1	
280	 85	765	  1	
280	120	765	  1	
280	260	765	  1	
280	264	765	  1	
280	285	765	  1	
280	293	765	  1	
280	304	765	  1	
280	319	765	  1	
280	352	765	  1	
280	375	765	  1	
280	384	765	  1	
280	389	765	  1	
280	465	765	  1	
280	494	765	  1	
281	392	765	  1	
282	136	765	  1	
282	365	765	  1	
283	 55	765	  1	
283	359	765	  1	
283	408	765	  1	
284	312	765	  1	
284	512	765	  1	
285	 23	765	  1	
285	 31	765	  1	
285	 40	765	  1	
285	304	765	  1	
285	384	765	  1	
285	400	765	  1	
285	440	765	  1	
286	168	765	  1	
286	240	765	  1	
286	294	765	  1	
286	318	765	  1	
286	429	765	  1	
287	 72	765	  1	
287	192	765	  1	
287	352	765	  1	
287	375	765	  1	
288	 32	765	  1	
288	 88	765	  1	
288	134	765	  1	
288	187	765	  1	
288	234	765	  1	
288	289	765	  1	
288	303	765	  1	
288	320	765	  1	
288	427	765	  1	
289	 48	765	  1	
289	 58	765	  1	
290	 75	765	  1	
290	100	765	  1	
290	488	765	  1	
291	200	765	  1	
291	207	765	  1	
291	296	765	  1	
291	325	765	  1	
291	503	765	  1	
292	367	765	  1	
293	 84	765	  1	
293	344	765	  1	
293	349	765	  1	
293	406	765	  1	
294	 37	765	  1	
294	134	765	  1	
294	147	765	  1	
294	184	765	  1	
294	191	765	  1	
294	375	765	  1	
295	314	765	  1	
295	424	765	  1	
295	431	765	  1	
295	488	765	  1	
296	  0	765	  1	
296	 63	765	  1	
296	112	765	  1	
296	142	765	  1	
296	149	765	  1	
296	167	765	  1	
296	179	765	  1	
296	200	765	  1	
296	230	765	  1	
296	247	765	  1	
296	296	765	  1	
296	302	765	  1	
296	377	765	  1	
296	411	765	  1	
296	422	765	  1	
296	440	765	  1	
297	160	765	  1	
298	144	765	  1	
298	216	765	  1	
298	251	765	  1	
298	311	765	  1	
298	324	765	  1	
299	 80	765	  1	
299	344	765	  1	
300	314	765	  1	
300	356	765	  1	
300	416	765	  1	
301	247	765	  1	
301	288	765	  1	
301	295	765	  1	
301	299	765	  1	
301	490	765	  1	
302	 58	765	  1	
302	150	765	  1	
302	176	765	  1	
302	183	765	  1	
302	323	765	  1	
302	349	765	  1	
302	410	765	  1	
303	135	765	  1	
303	167	765	  1	
303	414	765	  1	
303	493	765	  1	
303	503	765	  1	
304	 32	765	  1	
304	 40	765	  1	
304	 78	765	  1	
304	104	765	  1	
304	141	765	  1	
304	204	765	  1	
304	286	765	  1	
304	338	765	  1	
304	344	765	  1	
304	365	765	  1	
304	373	765	  1	
304	379	765	  1	
304	416	765	  1	
304	423	765	  1	
304	430	765	  1	
304	456	765	  1	
304	520	765	  1	
304	599	765	  1	
306	  5	765	  1	
306	288	765	  1	
306	583	765	  1	
307	 47	765	  1	
307	 72	765	  1	
307	192	765	  1	
307	360	765	  1	
308	 96	765	  1	
308	246	765	  1	
308	255	765	  1	
308	312	765	  1	
308	428	765	  1	
309	  8	765	  1	
309	 38	765	  1	
309	 71	765	  1	
309	 79	765	  1	
309	128	765	  1	
309	368	765	  1	
309	376	765	  1	
310	  0	765	  1	
310	226	765	  1	
310	294	765	  1	
311	240	765	  1	
311	456	765	  1	
312	  7	765	  1	
312	 43	765	  1	
312	112	765	  1	
312	118	765	  1	
312	144	765	  1	
312	158	765	  1	
312	168	765	  1	
312	192	765	  1	
312	239	765	  1	
312	256	765	  1	
312	328	765	  1	
312	367	765	  1	
312	399	765	  1	
312	438	765	  1	
313	474	765	  1	
314	 70	765	  1	
314	333	765	  1	
315	 26	765	  1	
315	232	765	  1	
315	264	765	  1	
315	360	765	  1	
316	432	765	  1	
317	112	765	  1	
317	155	765	  1	
317	272	765	  1	
317	282	765	  1	
317	287	765	  1	
317	483	765	  1	
318	347	765	  1	
319	 40	765	  1	
319	 47	765	  1	
319	 64	765	  1	
319	239	765	  1	
319	423	765	  1	
319	472	765	  1	
320	  2	765	  1	
320	  8	765	  1	
320	 27	765	  1	
320	211	765	  1	
320	216	765	  1	
320	223	765	  1	
320	245	765	  1	
320	270	765	  1	
320	288	765	  1	
320	301	765	  1	
320	319	765	  1	
320	335	765	  1	
320	416	765	  1	
320	439	765	  1	
320	445	765	  1	
320	523	765	  1	
320	535	765	  1	
322	 32	765	  1	
322	466	765	  1	
322	471	765	  1	
323	 46	765	  1	
323	 69	765	  1	
323	120	765	  1	
323	256	765	  1	
323	304	765	  1	
323	312	765	  1	
323	423	765	  1	
323	427	765	  1	
323	596	765	  1	
324	309	765	  1	
325	  0	765	  1	
325	  7	765	  1	
325	 31	765	  1	
325	200	765	  1	
325	296	765	  1	
325	332	765	  1	
326	152	765	  1	
326	262	765	  1	
327	 72	765	  1	
327	219	765	  1	
327	319	765	  1	
327	368	765	  1	
327	392	765	  1	
327	416	765	  1	
328	 88	765	  1	
328	110	765	  1	
328	119	765	  1	
328	165	765	  1	
328	176	765	  1	
328	184	765	  1	
328	232	765	  1	
328	272	765	  1	
328	311	765	  1	
328	322	765	  1	
328	349	765	  1	
328	363	765	  1	
328	443	765	  1	
328	464	765	  1	
328	490	765	  1	
329	 44	765	  1	
329	 72	765	  1	
330	 47	765	  1	
330	143	765	  1	
330	160	765	  1	
330	316	765	  1	
330	376	765	  1	
331	 48	765	  1	
331	 62	765	  1	
331	183	765	  1	
331	191	765	  1	
331	227	765	  1	
331	279	765	  1	
331	288	765	  1	
331	434	765	  1	
331	504	765	  1	
332	104	765	  1	
333	299	765	  1	
334	 19	765	  1	
334	115	765	  1	
334	156	765	  1	
334	166	765	  1	
334	355	765	  1	
334	363	765	  1	
334	472	765	  1	
335	 27	765	  1	
335	 42	765	  1	
335	176	765	  1	
335	272	765	  1	
335	440	765	  1	
335	447	765	  1	
335	455	765	  1	
336	  2	765	  1	
336	 16	765	  1	
336	 70	765	  1	
336	 85	765	  1	
336	104	765	  1	
336	109	765	  1	
336	117	765	  1	
336	135	765	  1	
336	160	765	  1	
336	169	765	  1	
336	208	765	  1	
336	219	765	  1	
336	247	765	  1	
336	278	765	  1	
336	341	765	  1	
336	368	765	  1	
336	392	765	  1	
336	398	765	  1	
336	538	765	  1	
337	  6	765	  1	
337	306	765	  1	
337	312	765	  1	
338	127	765	  1	
338	216	765	  1	
338	223	765	  1	
338	336	765	  1	
339	 13	765	  1	
339	 56	765	  1	
340	191	765	  1	
340	246	765	  1	
340	310	765	  1	
340	375	765	  1	
341	 80	765	  1	
341	263	765	  1	
341	315	765	  1	
342	 68	765	  1	
342	172	765	  1	
342	210	765	  1	
342	255	765	  1	
342	342	765	  1	
342	369	765	  1	
343	  6	765	  1	
343	117	765	  1	
343	135	765	  1	
343	304	765	  1	
343	443	765	  1	
343	541	765	  1	
344	 24	765	  1	
344	 31	765	  1	
344	 33	765	  1	
344	 56	765	  1	
344	 62	765	  1	
344	192	765	  1	
344	240	765	  1	
344	272	765	  1	
344	277	765	  1	
344	285	765	  1	
344	297	765	  1	
344	322	765	  1	
344	424	765	  1	
344	464	765	  1	
344	471	765	  1	
346	 15	765	  1	
346	 88	765	  1	
346	107	765	  1	
346	111	765	  1	
347	  5	765	  1	
348	  0	765	  1	
348	300	765	  1	
348	376	765	  1	
349	 10	765	  1	
349	 59	765	  1	
349	247	765	  1	
349	328	765	  1	
349	335	765	  1	
350	103	765	  1	
350	337	765	  1	
350	443	765	  1	
351	 24	765	  1	
351	312	765	  1	
351	344	765	  1	
351	383	765	  1	
352	  0	765	  1	
352	 50	765	  1	
352	 83	765	  1	
352	112	765	  1	
352	132	765	  1	
352	149	765	  1	
352	167	765	  1	
352	296	765	  1	
352	319	765	  1	
352	335	765	  1	
352	363	765	  1	
352	375	765	  1	
352	411	765	  1	
352	455	765	  1	
353	 16	765	  1	
353	266	765	  1	
353	287	765	  1	
353	475	765	  1	
354	128	765	  1	
354	280	765	  1	
354	368	765	  1	
355	 96	765	  1	
355	263	765	  1	
355	319	765	  1	
355	328	765	  1	
355	511	765	  1	
356	358	765	  1	
357	 36	765	  1	
357	 43	765	  1	
357	120	765	  1	
357	144	765	  1	
357	304	765	  1	
357	455	765	  1	
358	 54	765	  1	
358	 72	765	  1	
358	293	765	  1	
358	352	765	  1	
358	509	765	  1	
359	 87	765	  1	
359	167	765	  1	
359	286	765	  1	
359	311	765	  1	
359	431	765	  1	
360	 16	765	  1	
360	 84	765	  1	
360	 92	765	  1	
360	152	765	  1	
360	168	765	  1	
360	184	765	  1	
360	200	765	  1	
360	256	765	  1	
360	271	765	  1	
360	328	765	  1	
360	338	765	  1	
360	343	765	  1	
360	359	765	  1	
360	382	765	  1	
360	387	765	  1	
360	419	765	  1	
360	425	765	  1	
361	 88	765	  1	
361	158	765	  1	
361	448	765	  1	
362	103	765	  1	
362	216	765	  1	
362	416	765	  1	
363	 23	765	  1	
363	119	765	  1	
363	335	765	  1	
363	376	765	  1	
364	 75	765	  1	
365	190	765	  1	
365	204	765	  1	
366	325	765	  1	
366	400	765	  1	
366	407	765	  1	
366	432	765	  1	
366	536	765	  1	
367	 16	765	  1	
367	 80	765	  1	
367	 92	765	  1	
367	168	765	  1	
367	266	765	  1	
367	315	765	  1	
367	328	765	  1	
367	355	765	  1	
367	387	765	  1	
367	452	765	  1	
368	  4	765	  1	
368	  8	765	  1	
368	 49	765	  1	
368	 56	765	  1	
368	 69	765	  1	
368	128	765	  1	
368	139	765	  1	
368	299	765	  1	
368	395	765	  1	
369	155	765	  1	
369	416	765	  1	
370	376	765	  1	
371	 80	765	  1	
371	452	765	  1	
373	 64	765	  1	
373	 88	765	  1	
373	501	765	  1	
374	 48	765	  1	
374	167	765	  1	
375	120	765	  1	
375	128	765	  1	
375	159	765	  1	
375	392	765	  1	
375	399	765	  1	
375	464	765	  1	
375	536	765	  1	
375	540	765	  1	
376	 14	765	  1	
376	 43	765	  1	
376	 56	765	  1	
376	106	765	  1	
376	111	765	  1	
376	160	765	  1	
376	173	765	  1	
376	222	765	  1	
376	283	765	  1	
376	304	765	  1	
377	  5	765	  1	
377	 63	765	  1	
377	426	765	  1	
378	 72	765	  1	
378	168	765	  1	
378	431	765	  1	
379	  0	765	  1	
379	163	765	  1	
379	311	765	  1	
379	464	765	  1	
379	511	765	  1	
380	104	765	  1	
380	109	765	  1	
380	134	765	  1	
381	 39	765	  1	
381	384	765	  1	
381	391	765	  1	
382	128	765	  1	
382	147	765	  1	
383	 48	765	  1	
383	240	765	  1	
383	280	765	  1	
383	287	765	  1	
383	304	765	  1	
383	312	765	  1	
383	344	765	  1	
383	365	765	  1	
384	 62	765	  1	
384	132	765	  1	
384	136	765	  1	
384	192	765	  1	
384	231	765	  1	
384	293	765	  1	
384	298	765	  1	
384	303	765	  1	
384	351	765	  1	
384	371	765	  1	
384	434	765	  1	
387	 80	765	  1	
387	 96	765	  1	
387	104	765	  1	
387	280	765	  1	
388	 61	765	  1	
388	158	765	  1	
388	168	765	  1	
388	192	765	  1	
389	 11	765	  1	
389	 31	765	  1	
389	109	765	  1	
390	  4	765	  1	
390	 24	765	  1	
390	173	765	  1	
390	288	765	  1	
391	 48	765	  1	
391	223	765	  1	
391	368	765	  1	
391	375	765	  1	
392	 21	765	  1	
392	 53	765	  1	
392	320	765	  1	
392	387	765	  1	
392	455	765	  1	
394	328	765	  1	
394	335	765	  1	
395	 80	765	  1	
395	 88	765	  1	
395	227	765	  1	
396	 23	765	  1	
396	 97	765	  1	
396	200	765	  1	
397	103	765	  1	
397	202	765	  1	
399	  9	765	  1	
399	 52	765	  1	
399	184	765	  1	
399	392	765	  1	
399	455	765	  1	
400	  0	765	  1	
400	  8	765	  1	
400	 31	765	  1	
400	 38	765	  1	
400	 87	765	  1	
400	160	765	  1	
400	166	765	  1	
400	223	765	  1	
400	232	765	  1	
400	256	765	  1	
400	270	765	  1	
400	295	765	  1	
400	346	765	  1	
400	355	765	  1	
401	 21	765	  1	
401	 32	765	  1	
401	 63	765	  1	
401	376	765	  1	
401	560	765	  1	
402	 50	765	  1	
402	290	765	  1	
403	 24	765	  1	
403	 56	765	  1	
403	 72	765	  1	
403	112	765	  1	
403	239	765	  1	
403	372	765	  1	
404	 14	765	  1	
404	 88	765	  1	
404	 95	765	  1	
404	352	765	  1	
405	  6	765	  1	
405	102	765	  1	
405	168	765	  1	
405	184	765	  1	
405	220	765	  1	
405	322	765	  1	
405	359	765	  1	
406	 62	765	  1	
406	224	765	  1	
406	295	765	  1	
407	 31	765	  1	
407	 56	765	  1	
407	 87	765	  1	
407	232	765	  1	
408	  8	765	  1	
408	 32	765	  1	
408	 45	765	  1	
408	 75	765	  1	
408	109	765	  1	
408	123	765	  1	
408	139	765	  1	
408	239	765	  1	
408	416	765	  1	
408	528	765	  1	
409	196	765	  1	
410	 13	765	  1	
410	 36	765	  1	
410	427	765	  1	
411	183	765	  1	
412	357	765	  1	
413	 16	765	  1	
413	344	765	  1	
414	  3	765	  1	
414	388	765	  1	
415	194	765	  1	
415	352	765	  1	
416	 38	765	  1	
416	 67	765	  1	
416	 85	765	  1	
416	 96	765	  1	
416	221	765	  1	
416	231	765	  1	
416	240	765	  1	
416	250	765	  1	
416	264	765	  1	
416	296	765	  1	
416	328	765	  1	
416	368	765	  1	
418	335	765	  1	
419	152	765	  1	
419	179	765	  1	
419	224	765	  1	
419	271	765	  1	
419	303	765	  1	
421	 80	765	  1	
421	110	765	  1	
421	246	765	  1	
423	157	765	  1	
423	231	765	  1	
423	264	765	  1	
423	296	765	  1	
423	325	765	  1	
423	328	765	  1	
423	372	765	  1	
423	376	765	  1	
423	424	765	  1	
424	 16	765	  1	
424	 32	765	  1	
424	 36	765	  1	
424	 51	765	  1	
424	 72	765	  1	
424	 76	765	  1	
424	187	765	  1	
424	194	765	  1	
424	199	765	  1	
424	216	765	  1	
424	275	765	  1	
424	288	765	  1	
424	474	765	  1	
425	 59	765	  1	
425	224	765	  1	
426	186	765	  1	
427	128	765	  1	
427	295	765	  1	
428	 34	765	  1	
428	 62	765	  1	
429	  0	765	  1	
429	472	765	  1	
430	 42	765	  1	
430	195	765	  1	
430	231	765	  1	
431	136	765	  1	
431	199	765	  1	
431	272	765	  1	
431	279	765	  1	
431	392	765	  1	
431	399	765	  1	
431	487	765	  1	
432	 18	765	  1	
432	 51	765	  1	
432	 75	765	  1	
432	 85	765	  1	
432	122	765	  1	
432	157	765	  1	
432	183	765	  1	
432	228	765	  1	
432	331	765	  1	
432	439	765	  1	
432	447	765	  1	
434	 60	765	  1	
434	106	765	  1	
434	216	765	  1	
436	 70	765	  1	
436	122	765	  1	
436	228	765	  1	
437	  3	765	  1	
437	 50	765	  1	
437	293	765	  1	
437	439	765	  1	
438	136	765	  1	
438	175	765	  1	
438	183	765	  1	
439	 40	765	  1	
439	 47	765	  1	
439	 72	765	  1	
439	131	765	  1	
439	163	765	  1	
439	167	765	  1	
439	216	765	  1	
440	 35	765	  1	
440	 51	765	  1	
440	 56	765	  1	
440	 63	765	  1	
440	 66	765	  1	
440	 96	765	  1	
440	134	765	  1	
440	149	765	  1	
440	179	765	  1	
440	211	765	  1	
440	218	765	  1	
440	269	765	  1	
441	169	765	  1	
441	415	765	  1	
442	108	765	  1	
443	103	765	  1	
443	160	765	  1	
443	432	765	  1	
446	104	765	  1	
446	170	765	  1	
446	208	765	  1	
446	216	765	  1	
446	302	765	  1	
447	 22	765	  1	
447	 96	765	  1	
447	167	765	  1	
447	438	765	  1	
448	 56	765	  1	
448	107	765	  1	
448	113	765	  1	
448	147	765	  1	
448	200	765	  1	
448	224	765	  1	
448	240	765	  1	
448	254	765	  1	
448	384	765	  1	
449	 94	765	  1	
450	205	765	  1	
450	246	765	  1	
452	135	765	  1	
452	182	765	  1	
453	 32	765	  1	
453	 39	765	  1	
453	 48	765	  1	
453	170	765	  1	
453	240	765	  1	
454	130	765	  1	
454	176	765	  1	
454	202	765	  1	
455	 72	765	  1	
455	207	765	  1	
455	224	765	  1	
455	246	765	  1	
455	384	765	  1	
456	  4	765	  1	
456	 20	765	  1	
456	 26	765	  1	
456	 68	765	  1	
456	 88	765	  1	
456	 95	765	  1	
456	112	765	  1	
456	120	765	  1	
456	237	765	  1	
456	248	765	  1	
456	264	765	  1	
456	270	765	  1	
456	534	765	  1	
457	 72	765	  1	
458	 48	765	  1	
458	127	765	  1	
458	176	765	  1	
459	139	765	  1	
459	167	765	  1	
459	423	765	  1	
460	266	765	  1	
461	228	765	  1	
461	251	765	  1	
462	 11	765	  1	
462	 54	765	  1	
463	 91	765	  1	
463	136	765	  1	
464	 18	765	  1	
464	 99	765	  1	
464	118	765	  1	
464	127	765	  1	
464	167	765	  1	
464	183	765	  1	
464	199	765	  1	
464	259	765	  1	
464	320	765	  1	
464	360	765	  1	
464	397	765	  1	
466	423	765	  1	
467	224	765	  1	
467	342	765	  1	
468	 77	765	  1	
468	270	765	  1	
469	  0	765	  1	
469	 48	765	  1	
469	 72	765	  1	
469	115	765	  1	
469	124	765	  1	
469	232	765	  1	
469	240	765	  1	
469	267	765	  1	
470	  8	765	  1	
470	 96	765	  1	
470	336	765	  1	
470	360	765	  1	
471	167	765	  1	
471	188	765	  1	
471	256	765	  1	
472	 16	765	  1	
472	 32	765	  1	
472	 39	765	  1	
472	 53	765	  1	
472	 85	765	  1	
472	119	765	  1	
472	128	765	  1	
472	149	765	  1	
472	207	765	  1	
472	222	765	  1	
472	229	765	  1	
472	258	765	  1	
472	296	765	  1	
472	319	765	  1	
472	355	765	  1	
472	472	765	  1	
473	139	765	  1	
473	143	765	  1	
474	 48	765	  1	
474	197	765	  1	
475	 64	765	  1	
475	136	765	  1	
475	200	765	  1	
475	384	765	  1	
476	151	765	  1	
476	176	765	  1	
477	 19	765	  1	
477	126	765	  1	
477	184	765	  1	
477	195	765	  1	
477	248	765	  1	
477	288	765	  1	
478	 54	765	  1	
478	 84	765	  1	
478	183	765	  1	
478	194	765	  1	
478	220	765	  1	
479	 35	765	  1	
479	199	765	  1	
479	207	765	  1	
479	263	765	  1	
479	524	765	  1	
480	 37	765	  1	
480	 43	765	  1	
480	 60	765	  1	
480	 80	765	  1	
480	 99	765	  1	
480	130	765	  1	
480	140	765	  1	
480	173	765	  1	
480	224	765	  1	
480	232	765	  1	
480	267	765	  1	
481	 72	765	  1	
481	151	765	  1	
482	148	765	  1	
482	192	765	  1	
483	219	765	  1	
484	 71	765	  1	
484	119	765	  1	
485	 16	765	  1	
485	 56	765	  1	
485	230	765	  1	
486	 66	765	  1	
486	131	765	  1	
486	199	765	  1	
486	347	765	  1	
487	248	765	  1	
487	263	765	  1	
488	  8	765	  1	
488	 27	765	  1	
488	127	765	  1	
488	154	765	  1	
488	176	765	  1	
488	183	765	  1	
488	194	765	  1	
488	275	765	  1	
488	307	765	  1	
488	371	765	  1	
490	133	765	  1	
490	256	765	  1	
490	263	765	  1	
490	327	765	  1	
491	 62	765	  1	
491	247	765	  1	
491	288	765	  1	
492	179	765	  1	
492	272	765	  1	
493	 67	765	  1	
493	120	765	  1	
493	192	765	  1	
493	199	765	  1	
495	 24	765	  1	
495	 31	765	  1	
495	420	765	  1	
496	  0	765	  1	
496	 16	765	  1	
496	 37	765	  1	
496	 51	765	  1	
496	 62	765	  1	
496	152	765	  1	
496	159	765	  1	
496	195	765	  1	
496	202	765	  1	
496	224	765	  1	
496	237	765	  1	
496	290	765	  1	
496	295	765	  1	
496	355	765	  1	
498	182	765	  1	
498	276	765	  1	
499	139	765	  1	
499	300	765	  1	
500	352	765	  1	
501	 56	765	  1	
501	 62	765	  1	
501	 69	765	  1	
501	143	765	  1	
501	202	765	  1	
501	216	765	  1	
502	176	765	  1	
502	197	765	  1	
502	272	765	  1	
503	155	765	  1	
503	251	765	  1	
504	 14	765	  1	
504	 23	765	  1	
504	115	765	  1	
504	131	765	  1	
504	159	765	  1	
504	352	765	  1	
504	360	765	  1	
504	560	765	  1	
505	154	765	  1	
505	194	765	  1	
505	199	765	  1	
506	148	765	  1	
507	 10	765	  1	
507	139	765	  1	
507	146	765	  1	
507	366	765	  1	
507	372	765	  1	
508	111	765	  1	
508	157	765	  1	
508	296	765	  1	
509	118	765	  1	
510	  0	765	  1	
510	120	765	  1	
510	142	765	  1	
510	184	765	  1	
510	206	765	  1	
511	131	765	  1	
512	 54	765	  1	
512	 95	765	  1	
512	126	765	  1	
512	133	765	  1	
512	157	765	  1	
512	192	765	  1	
512	198	765	  1	
512	216	765	  1	
512	239	765	  1	
512	246	765	  1	
512	252	765	  1	
512	256	765	  1	
512	260	765	  1	
512	280	765	  1	
512	339	765	  1	
512	390	765	  1	
512	392	765	  1	
514	  6	765	  1	
514	311	765	  1	
515	 56	765	  1	
515	146	765	  1	
515	154	765	  1	
515	159	765	  1	
515	202	765	  1	
515	232	765	  1	
515	287	765	  1	
517	 42	765	  1	
517	 78	765	  1	
518	  0	765	  1	
518	133	765	  1	
519	 39	765	  1	
519	120	765	  1	
519	157	765	  1	
519	223	765	  1	
519	239	765	  1	
519	256	765	  1	
519	280	765	  1	
519	336	765	  1	
519	343	765	  1	
520	 10	765	  1	
520	 23	765	  1	
520	 27	765	  1	
520	224	765	  1	
520	262	765	  1	
520	328	765	  1	
520	344	765	  1	
520	349	765	  1	
520	367	765	  1	
520	399	765	  1	
520	411	765	  1	
521	166	765	  1	
521	187	765	  1	
522	 79	765	  1	
522	218	765	  1	
522	256	765	  1	
522	356	765	  1	
523	 92	765	  1	
523	231	765	  1	
523	272	765	  1	
523	360	765	  1	
523	387	765	  1	
524	 99	765	  1	
524	194	765	  1	
524	319	765	  1	
524	370	765	  1	
525	 80	765	  1	
525	111	765	  1	
526	  8	765	  1	
527	184	765	  1	
527	191	765	  1	
527	224	765	  1	
527	367	765	  1	
527	444	765	  1	
528	 64	765	  1	
528	 71	765	  1	
528	148	765	  1	
528	159	765	  1	
528	258	765	  1	
529	208	765	  1	
529	215	765	  1	
530	224	765	  1	
530	463	765	  1	
531	136	765	  1	
531	184	765	  1	
532	374	765	  1	
533	112	765	  1	
534	368	765	  1	
534	427	765	  1	
535	 67	765	  1	
535	199	765	  1	
535	231	765	  1	
536	 94	765	  1	
536	141	765	  1	
536	176	765	  1	
536	181	765	  1	
536	216	765	  1	
536	266	765	  1	
536	271	765	  1	
536	288	765	  1	
536	295	765	  1	
536	318	765	  1	
536	416	765	  1	
539	224	765	  1	
540	 87	765	  1	
540	383	765	  1	
542	179	765	  1	
542	264	765	  1	
542	269	765	  1	
544	  5	765	  1	
544	 79	765	  1	
544	 88	765	  1	
544	 95	765	  1	
544	120	765	  1	
544	168	765	  1	
544	208	765	  1	
544	232	765	  1	
544	312	765	  1	
544	404	765	  1	
546	335	765	  1	
547	328	765	  1	
547	423	765	  1	
548	272	765	  1	
550	 91	765	  1	
551	208	765	  1	
551	376	765	  1	
552	109	765	  1	
552	130	765	  1	
552	141	765	  1	
552	275	765	  1	
552	299	765	  1	
552	312	765	  1	
552	392	765	  1	
552	402	765	  1	
552	414	765	  1	
554	 97	765	  1	
554	103	765	  1	
555	319	765	  1	
555	350	765	  1	
558	 11	765	  1	
558	344	765	  1	
559	 98	765	  1	
559	272	765	  1	
559	279	765	  1	
559	303	765	  1	
559	552	765	  1	
560	115	765	  1	
560	367	765	  1	
560	387	765	  1	
560	473	765	  1	
561	210	765	  1	
561	215	765	  1	
561	308	765	  1	
561	335	765	  1	
562	 40	765	  1	
563	224	765	  1	
563	296	765	  1	
563	356	765	  1	
563	394	765	  1	
564	306	765	  1	
565	183	765	  1	
566	219	765	  1	
567	 72	765	  1	
567	303	765	  1	
567	352	765	  1	
568	  0	765	  1	
568	141	765	  1	
568	197	765	  1	
568	403	765	  1	
568	422	765	  1	
569	 79	765	  1	
570	319	765	  1	
572	192	765	  1	
572	244	765	  1	
572	315	765	  1	
573	136	765	  1	
573	176	765	  1	
573	183	765	  1	
574	312	765	  1	
574	440	765	  1	
575	304	765	  1	
575	355	765	  1	
575	403	765	  1	
575	422	765	  1	
576	  6	765	  1	
576	147	765	  1	
576	211	765	  1	
576	237	765	  1	
576	248	765	  1	
576	255	765	  1	
576	261	765	  1	
576	279	765	  1	
576	299	765	  1	
576	342	765	  1	
576	344	765	  1	
576	348	765	  1	
576	420	765	  1	
578	 98	765	  1	
579	 15	765	  1	
579	103	765	  1	
579	251	765	  1	
579	256	765	  1	
579	310	765	  1	
580	  6	765	  1	
581	343	765	  1	
581	423	765	  1	
583	  1	765	  1	
583	  8	765	  1	
583	144	765	  1	
583	151	765	  1	
583	208	765	  1	
583	215	765	  1	
583	296	765	  1	
583	303	765	  1	
583	367	765	  1	
583	499	765	  1	
584	 42	765	  1	
584	 86	765	  1	
584	 96	765	  1	
584	136	765	  1	
584	155	765	  1	
584	171	765	  1	
584	258	765	  1	
584	482	765	  1	
586	 80	765	  1	
588	 24	765	  1	
588	335	765	  1	
590	325	765	  1	
590	400	765	  1	
591	 84	765	  1	
591	192	765	  1	
592	 54	765	  1	
592	 72	765	  1	
592	152	765	  1	
592	240	765	  1	
592	277	765	  1	
592	447	765	  1	
592	575	765	  1	
594	 78	765	  1	
595	175	765	  1	
595	334	765	  1	
596	 53	765	  1	
597	 72	765	  1	
597	137	765	  1	
598	  0	765	  1	
598	  7	765	  1	
598	104	765	  1	
598	304	765	  1	
598	327	765	  1	
599	267	765	  1	
600	 32	765	  1	
600	 80	765	  1	
600	136	765	  1	
600	200	765	  1	
600	207	765	  1	
600	222	765	  1	
600	376	765	  1	
600	383	765	  1	
600	400	765	  1	
602	104	765	  1	
603	 87	765	  1	
603	203	765	  1	
603	366	765	  1	
606	258	765	  1	
606	420	765	  1	
607	 80	765	  1	
607	200	765	  1	
607	207	765	  1	
607	220	765	  1	
607	379	765	  1	
607	520	765	  1	
608	  0	765	  1	
608	  7	765	  1	
608	 24	765	  1	
608	 52	765	  1	
608	237	765	  1	
608	295	765	  1	
608	298	765	  1	
608	320	765	  1	
608	336	765	  1	
608	344	765	  1	
611	155	765	  1	
611	391	765	  1	
612	326	765	  1	
614	 93	765	  1	
614	 96	765	  1	
615	  3	765	  1	
615	584	765	  1	
616	  0	765	  1	
616	318	765	  1	
616	421	765	  1	
617	352	765	  1	
617	511	765	  1	
618	474	765	  1	
619	  7	765	  1	
623	  0	765	  1	
623	 72	765	  1	
623	296	765	  1	
623	318	765	  1	
624	 54	765	  1	
624	260	765	  1	
624	275	765	  1	
629	164	765	  1	
630	295	765	  1	
631	383	765	  1	
631	432	765	  1	
632	  8	765	  1	
632	117	765	  1	
636	195	765	  1	
636	304	765	  1	
639	 64	765	  1	
639	144	765	  1	
639	150	765	  1	
639	309	765	  1	
639	326	765	  1	
639	447	765	  1	
643	  0	765	  1	
643	120	765	  1	
643	376	765	  1	
644	328	765	  1	
645	103	765	  1	
647	 96	765	  1	
653	104	765	  1	
653	455	765	  1	
658	432	765	  1	
658	438	765	  1	
659	312	765	  1	
661	400	765	  1	
663	408	765	  1	
664	232	765	  1	
670	363	765	  1	
672	134	765	  1	
672	152	765	  1	
672	191	765	  1	
674	 85	765	  1	
687	234	765	  1	
688	246	765	  1	
690	396	765	  1	
696	119	765	  1	
696	175	765	  1	
696	238	765	  1	
696	256	765	  1	
704	312	765	  1	
711	120	765	  1	
