# 
#  Image file: Goad1_T0156.jpg
#  Applied threshold: 575
#  Algorithm used: fill2                 
#  Particle count: 1975
#  Location (x,y), max luminance, and mass:
# 
  0	174	765	  1	
  6	232	765	  1	
  7	 95	765	  1	
  7	104	765	  1	
  7	381	765	  1	
  8	132	765	  1	
 10	449	765	  1	
 12	272	765	  1	
 18	300	765	  1	
 24	143	765	  1	
 24	224	765	  1	
 37	112	765	  1	
 37	272	765	  1	
 37	330	765	  1	
 48	293	765	  1	
 56	109	765	  1	
 56	240	765	  1	
 58	263	765	  1	
 61	271	765	  1	
 63	240	765	  1	
 71	112	765	  1	
 71	274	765	  1	
 72	149	765	  1	
 72	416	765	  1	
 74	231	765	  1	
 75	544	765	  1	
 78	367	765	  1	
 79	327	765	  1	
 80	 32	765	  1	
 80	391	765	  1	
 80	431	765	  1	
 82	236	765	  1	
 84	 48	765	  1	
 86	363	765	  1	
 87	236	765	  1	
 88	272	765	  1	
 88	375	765	  1	
 88	429	765	  1	
 91	147	765	  1	
 94	175	765	  1	
 95	272	765	  1	
 96	131	765	  1	
 96	296	765	  1	
 96	303	765	  1	
 98	348	765	  1	
 98	473	765	  1	
101	128	765	  1	
103	 63	765	  1	
103	243	765	  1	
103	344	765	  1	
104	120	765	  1	
104	263	765	  1	
104	448	765	  1	
104	472	765	  1	
104	487	765	  1	
108	152	765	  1	
108	480	765	  1	
111	120	765	  1	
113	544	765	  1	
114	160	765	  1	
114	346	765	  1	
115	192	765	  1	
115	351	765	  1	
120	104	765	  1	
120	219	765	  1	
120	284	765	  1	
120	290	765	  1	
123	468	765	  1	
124	167	765	  1	
126	155	765	  1	
126	295	765	  1	
127	104	765	  1	
127	216	765	  1	
127	223	765	  1	
127	365	765	  1	
128	188	765	  1	
128	196	765	  1	
128	201	765	  1	
128	247	765	  1	
128	282	765	  1	
128	334	765	  1	
128	431	765	  1	
128	448	765	  1	
129	287	765	  1	
130	207	765	  1	
131	152	765	  1	
131	240	765	  1	
131	304	765	  1	
131	400	765	  1	
132	280	765	  1	
133	193	765	  1	
133	216	765	  1	
133	295	765	  1	
133	391	765	  1	
134	167	765	  1	
134	255	765	  1	
134	431	765	  1	
135	158	765	  1	
135	188	765	  1	
135	247	765	  1	
135	309	765	  1	
136	  8	765	  1	
136	191	765	  1	
136	216	765	  1	
139	295	765	  1	
143	  3	765	  1	
143	264	765	  1	
144	 64	765	  1	
144	175	765	  1	
144	186	765	  1	
144	200	765	  1	
144	308	765	  1	
144	399	765	  1	
144	424	765	  1	
144	431	765	  1	
145	160	765	  1	
146	295	765	  1	
147	168	765	  1	
147	222	765	  1	
147	284	765	  1	
147	440	765	  1	
148	 15	765	  1	
148	 79	765	  1	
149	289	765	  1	
150	  8	765	  1	
150	 83	765	  1	
150	202	765	  1	
151	 73	765	  1	
151	175	765	  1	
151	188	765	  1	
151	280	765	  1	
151	295	765	  1	
151	378	765	  1	
152	 55	765	  1	
152	216	765	  1	
152	234	765	  1	
152	342	765	  1	
152	387	765	  1	
152	504	765	  1	
154	336	765	  1	
155	231	765	  1	
155	383	765	  1	
156	391	765	  1	
157	 55	765	  1	
157	342	765	  1	
158	221	765	  1	
158	303	765	  1	
159	 51	765	  1	
159	202	765	  1	
159	216	765	  1	
159	336	765	  1	
159	399	765	  1	
159	492	765	  1	
160	 89	765	  1	
160	152	765	  1	
160	187	765	  1	
160	223	765	  1	
160	271	765	  1	
160	287	765	  1	
160	296	765	  1	
160	343	765	  1	
161	399	765	  1	
162	311	765	  1	
162	350	765	  1	
163	 71	765	  1	
163	191	765	  1	
163	216	765	  1	
163	264	765	  1	
163	280	765	  1	
164	392	765	  1	
166	 96	765	  1	
166	103	765	  1	
166	164	765	  1	
166	184	765	  1	
167	 27	765	  1	
167	 80	765	  1	
167	152	765	  1	
167	223	765	  1	
167	271	765	  1	
167	287	765	  1	
167	343	765	  1	
168	 99	765	  1	
168	251	765	  1	
168	263	765	  1	
168	272	765	  1	
168	320	765	  1	
168	327	765	  1	
168	392	765	  1	
169	127	765	  1	
169	241	765	  1	
169	379	765	  1	
170	112	765	  1	
171	 88	765	  1	
171	359	765	  1	
173	104	765	  1	
173	135	765	  1	
173	232	765	  1	
174	 94	765	  1	
174	226	765	  1	
175	256	765	  1	
175	263	765	  1	
175	392	765	  1	
175	400	765	  1	
175	599	765	  1	
176	  4	765	  1	
176	 56	765	  1	
176	 80	765	  1	
176	 88	765	  1	
176	123	765	  1	
176	151	765	  1	
176	180	765	  1	
176	250	765	  1	
176	335	765	  1	
178	168	765	  1	
178	376	765	  1	
179	 64	765	  1	
179	 71	765	  1	
179	 77	765	  1	
179	144	765	  1	
179	272	765	  1	
179	328	765	  1	
180	 94	765	  1	
180	106	765	  1	
180	186	765	  1	
181	285	765	  1	
182	131	765	  1	
183	  4	765	  1	
183	 63	765	  1	
183	115	765	  1	
183	151	765	  1	
183	335	765	  1	
184	108	765	  1	
184	139	765	  1	
184	152	765	  1	
184	202	765	  1	
184	207	765	  1	
184	224	765	  1	
184	357	765	  1	
184	383	765	  1	
184	530	765	  1	
184	535	765	  1	
184	552	765	  1	
187	 83	765	  1	
187	104	765	  1	
187	143	765	  1	
187	216	765	  1	
187	231	765	  1	
187	376	765	  1	
188	271	765	  1	
188	352	765	  1	
189	 96	765	  1	
189	128	765	  1	
189	176	765	  1	
189	447	765	  1	
189	541	765	  1	
190	109	765	  1	
190	202	765	  1	
190	552	765	  1	
191	152	765	  1	
191	207	765	  1	
191	224	765	  1	
192	 15	765	  1	
192	 45	765	  1	
192	 82	765	  1	
192	 91	765	  1	
192	114	765	  1	
192	119	765	  1	
192	170	765	  1	
192	208	765	  1	
192	212	765	  1	
192	223	765	  1	
192	298	765	  1	
192	328	765	  1	
192	373	765	  1	
192	376	765	  1	
192	386	765	  1	
192	413	765	  1	
192	452	765	  1	
194	143	765	  1	
194	414	765	  1	
194	532	765	  1	
195	152	765	  1	
195	216	765	  1	
195	271	765	  1	
195	280	765	  1	
195	485	765	  1	
196	448	765	  1	
197	388	765	  1	
198	 92	765	  1	
199	 80	765	  1	
199	159	765	  1	
199	184	765	  1	
199	223	765	  1	
199	328	765	  1	
199	413	765	  1	
199	547	765	  1	
200	 10	765	  1	
200	 39	765	  1	
200	 50	765	  1	
200	 62	765	  1	
200	 64	765	  1	
200	116	765	  1	
200	136	765	  1	
200	191	765	  1	
200	226	765	  1	
200	344	765	  1	
200	487	765	  1	
200	552	765	  1	
201	388	765	  1	
202	 32	765	  1	
202	143	765	  1	
202	150	765	  1	
202	215	765	  1	
203	104	765	  1	
203	134	765	  1	
203	254	765	  1	
203	304	765	  1	
203	391	765	  1	
203	480	765	  1	
204	 85	765	  1	
204	357	765	  1	
204	386	765	  1	
205	 38	765	  1	
205	 80	765	  1	
205	112	765	  1	
206	144	765	  1	
206	208	765	  1	
206	378	765	  1	
207	 48	765	  1	
207	 63	765	  1	
207	223	765	  1	
207	344	765	  1	
207	376	765	  1	
207	389	765	  1	
207	487	765	  1	
207	552	765	  1	
208	 24	765	  1	
208	 31	765	  1	
208	325	765	  1	
208	331	765	  1	
208	336	765	  1	
208	411	765	  1	
208	456	765	  1	
208	469	765	  1	
208	519	765	  1	
209	511	765	  1	
211	135	765	  1	
211	279	765	  1	
211	534	765	  1	
212	104	765	  1	
212	567	765	  1	
213	117	765	  1	
214	130	765	  1	
214	334	765	  1	
214	516	765	  1	
214	528	765	  1	
215	 27	765	  1	
215	109	765	  1	
215	259	765	  1	
216	 16	765	  1	
216	 32	765	  1	
216	 40	765	  1	
216	113	765	  1	
216	119	765	  1	
216	145	765	  1	
216	153	765	  1	
216	200	765	  1	
216	216	765	  1	
216	320	765	  1	
216	367	765	  1	
216	380	765	  1	
216	471	765	  1	
217	 87	765	  1	
218	284	765	  1	
219	104	765	  1	
219	128	765	  1	
219	326	765	  1	
219	464	765	  1	
220	151	765	  1	
220	159	765	  1	
220	271	765	  1	
220	519	765	  1	
221	168	765	  1	
222	 96	765	  1	
222	116	765	  1	
222	416	765	  1	
223	252	765	  1	
223	376	765	  1	
223	471	765	  1	
223	509	765	  1	
223	584	765	  1	
224	 53	765	  1	
224	123	765	  1	
224	152	765	  1	
224	176	765	  1	
224	200	765	  1	
224	211	765	  1	
224	343	765	  1	
224	355	765	  1	
224	368	765	  1	
224	410	765	  1	
224	480	765	  1	
224	483	765	  1	
224	487	765	  1	
224	535	765	  1	
224	544	765	  1	
226	264	765	  1	
227	144	765	  1	
227	551	765	  1	
228	337	765	  1	
229	 96	765	  1	
229	160	765	  1	
229	182	765	  1	
229	192	765	  1	
229	258	765	  1	
229	263	765	  1	
229	448	765	  1	
229	496	765	  1	
229	503	765	  1	
230	 42	765	  1	
230	212	765	  1	
230	275	765	  1	
230	279	765	  1	
231	105	765	  1	
231	272	765	  1	
231	480	765	  1	
231	483	765	  1	
231	487	765	  1	
231	535	765	  1	
231	544	765	  1	
232	154	765	  1	
232	168	765	  1	
232	172	765	  1	
232	245	765	  1	
232	287	765	  1	
232	307	765	  1	
232	364	765	  1	
232	376	765	  1	
232	384	765	  1	
232	559	765	  1	
233	470	765	  1	
234	407	765	  1	
235	 64	765	  1	
236	155	765	  1	
237	 55	765	  1	
237	 72	765	  1	
237	159	765	  1	
237	224	765	  1	
237	311	765	  1	
238	590	765	  1	
239	192	765	  1	
239	328	765	  1	
239	432	765	  1	
240	 23	765	  1	
240	 42	765	  1	
240	 97	765	  1	
240	162	765	  1	
240	187	765	  1	
240	216	765	  1	
240	244	765	  1	
240	255	765	  1	
240	296	765	  1	
240	302	765	  1	
240	347	765	  1	
240	384	765	  1	
240	399	765	  1	
240	415	765	  1	
240	422	765	  1	
240	491	765	  1	
240	583	765	  1	
242	 16	765	  1	
242	125	765	  1	
242	270	765	  1	
242	317	765	  1	
242	339	765	  1	
242	552	765	  1	
243	 80	765	  1	
243	255	765	  1	
243	258	765	  1	
243	312	765	  1	
243	408	765	  1	
244	 48	765	  1	
245	 70	765	  1	
245	359	765	  1	
245	488	765	  1	
246	 96	765	  1	
246	264	765	  1	
246	420	765	  1	
247	184	765	  1	
247	191	765	  1	
247	336	765	  1	
247	344	765	  1	
247	351	765	  1	
247	384	765	  1	
247	395	765	  1	
247	415	765	  1	
247	583	765	  1	
247	587	765	  1	
248	 23	765	  1	
248	 46	765	  1	
248	 75	765	  1	
248	 90	765	  1	
248	144	765	  1	
248	187	765	  1	
248	260	765	  1	
248	304	765	  1	
248	348	765	  1	
248	352	765	  1	
248	446	765	  1	
248	491	765	  1	
248	555	765	  1	
249	 56	765	  1	
249	380	765	  1	
250	 40	765	  1	
250	 99	765	  1	
250	375	765	  1	
251	263	765	  1	
252	398	765	  1	
253	250	765	  1	
254	208	765	  1	
254	251	765	  1	
254	291	765	  1	
255	 46	765	  1	
255	 88	765	  1	
255	 95	765	  1	
255	110	765	  1	
255	136	765	  1	
255	143	765	  1	
255	256	765	  1	
255	352	765	  1	
255	359	765	  1	
255	488	765	  1	
255	495	765	  1	
255	512	765	  1	
255	599	765	  1	
256	  8	765	  1	
256	 31	765	  1	
256	114	765	  1	
256	145	765	  1	
256	176	765	  1	
256	183	765	  1	
256	191	765	  1	
256	296	765	  1	
256	346	765	  1	
256	437	765	  1	
258	504	765	  1	
259	 48	765	  1	
261	 64	765	  1	
261	334	765	  1	
261	366	765	  1	
262	 37	765	  1	
263	 16	765	  1	
263	 23	765	  1	
263	 26	765	  1	
263	 72	765	  1	
263	111	765	  1	
263	200	765	  1	
263	296	765	  1	
264	  8	765	  1	
264	 18	765	  1	
264	 80	765	  1	
264	212	765	  1	
264	216	765	  1	
264	227	765	  1	
264	256	765	  1	
264	280	765	  1	
264	287	765	  1	
264	400	765	  1	
264	522	765	  1	
264	528	765	  1	
266	255	765	  1	
266	383	765	  1	
267	168	765	  1	
267	247	765	  1	
267	407	765	  1	
268	532	765	  1	
269	284	765	  1	
270	 72	765	  1	
270	213	765	  1	
270	263	765	  1	
270	474	765	  1	
270	552	765	  1	
271	224	765	  1	
271	231	765	  1	
271	266	765	  1	
271	303	765	  1	
271	400	765	  1	
271	487	765	  1	
272	 45	765	  1	
272	160	765	  1	
272	181	765	  1	
272	208	765	  1	
272	255	765	  1	
272	274	765	  1	
272	279	765	  1	
272	288	765	  1	
272	295	765	  1	
272	331	765	  1	
272	394	765	  1	
272	399	765	  1	
272	402	765	  1	
272	413	765	  1	
273	264	765	  1	
274	107	765	  1	
275	 56	765	  1	
275	157	765	  1	
275	248	765	  1	
275	304	765	  1	
276	526	765	  1	
277	 32	765	  1	
277	 39	765	  1	
277	 75	765	  1	
277	512	765	  1	
278	310	765	  1	
278	332	765	  1	
278	344	765	  1	
278	351	765	  1	
278	520	765	  1	
279	160	765	  1	
279	413	765	  1	
279	479	765	  1	
279	551	765	  1	
279	568	765	  1	
280	  8	765	  1	
280	 56	765	  1	
280	171	765	  1	
280	247	765	  1	
280	258	765	  1	
280	285	765	  1	
280	491	765	  1	
280	496	765	  1	
280	502	765	  1	
281	 94	765	  1	
282	409	765	  1	
283	 46	765	  1	
283	230	765	  1	
283	240	765	  1	
284	400	765	  1	
284	414	765	  1	
284	431	765	  1	
285	  3	765	  1	
285	 39	765	  1	
285	176	765	  1	
285	243	765	  1	
285	491	765	  1	
286	408	765	  1	
287	224	765	  1	
287	568	765	  1	
288	  0	765	  1	
288	 31	765	  1	
288	 40	765	  1	
288	 46	765	  1	
288	 64	765	  1	
288	 73	765	  1	
288	 77	765	  1	
288	 85	765	  1	
288	 90	765	  1	
288	101	765	  1	
288	142	765	  1	
288	192	765	  1	
288	239	765	  1	
288	288	765	  1	
288	294	765	  1	
288	306	765	  1	
288	312	765	  1	
288	403	765	  1	
288	411	765	  1	
288	501	765	  1	
288	547	765	  1	
289	248	765	  1	
290	 96	765	  1	
290	129	765	  1	
291	 15	765	  1	
291	126	765	  1	
292	400	765	  1	
293	 82	765	  1	
293	291	765	  1	
293	560	765	  1	
295	176	765	  1	
295	200	765	  1	
295	408	765	  1	
295	415	765	  1	
295	544	765	  1	
295	551	765	  1	
296	  8	765	  1	
296	117	765	  1	
296	155	765	  1	
296	163	765	  1	
296	218	765	  1	
296	233	765	  1	
296	250	765	  1	
296	287	765	  1	
296	455	765	  1	
297	471	765	  1	
298	395	765	  1	
299	 87	765	  1	
299	341	765	  1	
299	542	765	  1	
300	203	765	  1	
300	416	765	  1	
301	224	765	  1	
301	314	765	  1	
302	 12	765	  1	
302	 80	765	  1	
302	243	765	  1	
302	407	765	  1	
302	496	765	  1	
302	503	765	  1	
303	237	765	  1	
303	295	765	  1	
304	 53	765	  1	
304	 66	765	  1	
304	 96	765	  1	
304	128	765	  1	
304	149	765	  1	
304	173	765	  1	
304	195	765	  1	
304	203	765	  1	
304	251	765	  1	
304	362	765	  1	
304	374	765	  1	
304	391	765	  1	
304	415	765	  1	
304	479	765	  1	
304	579	765	  1	
305	304	765	  1	
305	527	765	  1	
306	144	765	  1	
306	208	765	  1	
306	371	765	  1	
307	395	765	  1	
307	408	765	  1	
308	  7	765	  1	
308	171	765	  1	
308	183	765	  1	
308	342	765	  1	
308	352	765	  1	
309	  0	765	  1	
309	 88	765	  1	
309	112	765	  1	
309	120	765	  1	
309	127	765	  1	
309	134	765	  1	
309	152	765	  1	
309	303	765	  1	
309	367	765	  1	
310	 19	765	  1	
310	 67	765	  1	
310	 77	765	  1	
310	192	765	  1	
310	204	765	  1	
310	214	765	  1	
310	256	765	  1	
310	384	765	  1	
311	294	765	  1	
311	415	765	  1	
311	448	765	  1	
311	479	765	  1	
312	 80	765	  1	
312	139	765	  1	
312	200	765	  1	
312	224	765	  1	
312	240	765	  1	
312	284	765	  1	
312	349	765	  1	
312	376	765	  1	
312	407	765	  1	
313	388	765	  1	
314	152	765	  1	
314	232	765	  1	
315	 88	765	  1	
315	247	765	  1	
315	342	765	  1	
315	360	765	  1	
315	399	765	  1	
315	488	765	  1	
315	539	765	  1	
316	272	765	  1	
316	493	765	  1	
317	 60	765	  1	
317	208	765	  1	
318	 81	765	  1	
318	158	765	  1	
318	451	765	  1	
319	  0	765	  1	
319	 11	765	  1	
319	238	765	  1	
319	396	765	  1	
319	407	765	  1	
320	 13	765	  1	
320	 72	765	  1	
320	 78	765	  1	
320	102	765	  1	
320	115	765	  1	
320	136	765	  1	
320	144	765	  1	
320	241	765	  1	
320	312	765	  1	
320	320	765	  1	
320	347	765	  1	
320	376	765	  1	
320	400	765	  1	
320	408	765	  1	
320	421	765	  1	
321	 64	765	  1	
321	 69	765	  1	
322	150	765	  1	
322	247	765	  1	
322	328	765	  1	
322	406	765	  1	
323	 56	765	  1	
323	 93	765	  1	
324	138	765	  1	
324	386	765	  1	
325	  8	765	  1	
325	 78	765	  1	
325	346	765	  1	
326	144	765	  1	
326	312	765	  1	
327	101	765	  1	
327	208	765	  1	
327	328	765	  1	
327	351	765	  1	
327	396	765	  1	
327	576	765	  1	
328	 38	765	  1	
328	 48	765	  1	
328	 96	765	  1	
328	106	765	  1	
328	117	765	  1	
328	128	765	  1	
328	132	765	  1	
328	136	765	  1	
328	194	765	  1	
328	205	765	  1	
328	299	765	  1	
328	304	765	  1	
328	320	765	  1	
328	352	765	  1	
328	363	765	  1	
328	370	765	  1	
328	375	765	  1	
328	398	765	  1	
328	439	765	  1	
328	456	765	  1	
328	543	765	  1	
329	100	765	  1	
330	 32	765	  1	
330	 56	765	  1	
330	247	765	  1	
330	310	765	  1	
330	534	765	  1	
330	583	765	  1	
331	327	765	  1	
331	376	765	  1	
333	107	765	  1	
333	192	765	  1	
333	199	765	  1	
334	300	765	  1	
334	304	765	  1	
334	320	765	  1	
334	383	765	  1	
334	591	765	  1	
335	103	765	  1	
335	242	765	  1	
335	360	765	  1	
335	367	765	  1	
335	375	765	  1	
335	398	765	  1	
335	447	765	  1	
336	  6	765	  1	
336	 11	765	  1	
336	 16	765	  1	
336	 72	765	  1	
336	152	765	  1	
336	160	765	  1	
336	184	765	  1	
336	312	765	  1	
336	343	765	  1	
336	402	765	  1	
336	592	765	  1	
338	126	765	  1	
338	246	765	  1	
338	280	765	  1	
338	354	765	  1	
338	359	765	  1	
338	456	765	  1	
339	166	765	  1	
339	232	765	  1	
340	264	765	  1	
340	327	765	  1	
340	480	765	  1	
341	 96	765	  1	
341	216	765	  1	
341	224	765	  1	
341	318	765	  1	
342	  4	765	  1	
342	191	765	  1	
342	240	765	  1	
342	383	765	  1	
343	 36	765	  1	
343	128	765	  1	
343	379	765	  1	
343	400	765	  1	
343	408	765	  1	
343	443	765	  1	
343	507	765	  1	
344	 48	765	  1	
344	 52	765	  1	
344	 74	765	  1	
344	104	765	  1	
344	127	765	  1	
344	133	765	  1	
344	144	765	  1	
344	165	765	  1	
344	239	765	  1	
344	264	765	  1	
344	333	765	  1	
344	371	765	  1	
344	391	765	  1	
344	413	765	  1	
344	424	765	  1	
344	488	765	  1	
344	544	765	  1	
345	448	765	  1	
347	136	765	  1	
347	160	765	  1	
347	232	765	  1	
347	272	765	  1	
347	302	765	  1	
347	384	765	  1	
347	470	765	  1	
349	110	765	  1	
349	128	765	  1	
350	334	765	  1	
350	375	765	  1	
350	519	765	  1	
351	239	765	  1	
351	256	765	  1	
351	407	765	  1	
351	454	765	  1	
351	488	765	  1	
352	 23	765	  1	
352	 71	765	  1	
352	 80	765	  1	
352	139	765	  1	
352	166	765	  1	
352	176	765	  1	
352	217	765	  1	
352	268	765	  1	
352	309	765	  1	
352	352	765	  1	
352	431	765	  1	
353	264	765	  1	
354	294	765	  1	
354	443	765	  1	
354	450	765	  1	
354	576	765	  1	
355	 55	765	  1	
355	 64	765	  1	
355	302	765	  1	
355	312	765	  1	
355	424	765	  1	
357	 24	765	  1	
357	 31	765	  1	
357	251	765	  1	
357	259	765	  1	
357	304	765	  1	
357	320	765	  1	
357	360	765	  1	
357	367	765	  1	
358	128	765	  1	
358	281	765	  1	
359	  0	765	  1	
359	 71	765	  1	
359	119	765	  1	
359	166	765	  1	
359	244	765	  1	
359	279	765	  1	
359	399	765	  1	
359	431	765	  1	
359	544	765	  1	
360	 74	765	  1	
360	 80	765	  1	
360	 86	765	  1	
360	 95	765	  1	
360	176	765	  1	
360	184	765	  1	
360	200	765	  1	
360	206	765	  1	
360	214	765	  1	
360	256	765	  1	
360	269	765	  1	
360	345	765	  1	
360	352	765	  1	
360	442	765	  1	
360	536	765	  1	
360	543	765	  1	
360	568	765	  1	
361	148	765	  1	
361	448	765	  1	
363	335	765	  1	
363	388	765	  1	
363	539	765	  1	
363	565	765	  1	
364	 80	765	  1	
364	 87	765	  1	
364	144	765	  1	
364	378	765	  1	
364	455	765	  1	
365	120	765	  1	
365	128	765	  1	
365	203	765	  1	
365	240	765	  1	
365	272	765	  1	
365	432	765	  1	
366	208	765	  1	
366	215	765	  1	
366	355	765	  1	
367	 69	765	  1	
367	 91	765	  1	
367	191	765	  1	
367	291	765	  1	
367	536	765	  1	
367	543	765	  1	
368	  0	765	  1	
368	 11	765	  1	
368	 74	765	  1	
368	108	765	  1	
368	237	765	  1	
368	256	765	  1	
368	307	765	  1	
368	330	765	  1	
368	408	765	  1	
368	466	765	  1	
368	472	765	  1	
368	535	765	  1	
369	123	765	  1	
369	154	765	  1	
369	159	765	  1	
370	291	765	  1	
370	414	765	  1	
371	229	765	  1	
371	318	765	  1	
371	448	765	  1	
371	479	765	  1	
371	528	765	  1	
372	144	765	  1	
372	352	765	  1	
372	454	765	  1	
373	171	765	  1	
373	260	765	  1	
373	264	765	  1	
373	269	765	  1	
373	328	765	  1	
373	335	765	  1	
373	440	765	  1	
373	445	765	  1	
374	  8	765	  1	
374	 56	765	  1	
374	 63	765	  1	
374	272	765	  1	
374	387	765	  1	
374	408	765	  1	
375	 74	765	  1	
375	102	765	  1	
375	184	765	  1	
375	286	765	  1	
375	289	765	  1	
375	295	765	  1	
375	312	765	  1	
375	466	765	  1	
375	472	765	  1	
375	535	765	  1	
376	 14	765	  1	
376	 23	765	  1	
376	 26	765	  1	
376	 86	765	  1	
376	110	765	  1	
376	139	765	  1	
376	183	765	  1	
376	401	765	  1	
376	437	765	  1	
376	485	765	  1	
377	155	765	  1	
378	 72	765	  1	
379	 15	765	  1	
379	160	765	  1	
379	274	765	  1	
379	374	765	  1	
379	396	765	  1	
379	480	765	  1	
380	 12	765	  1	
380	 94	765	  1	
380	264	765	  1	
380	350	765	  1	
381	 10	765	  1	
381	208	765	  1	
381	215	765	  1	
381	352	765	  1	
381	358	765	  1	
382	 31	765	  1	
382	151	765	  1	
382	271	765	  1	
382	344	765	  1	
382	599	765	  1	
383	455	765	  1	
384	  0	765	  1	
384	  8	765	  1	
384	 22	765	  1	
384	 64	765	  1	
384	 68	765	  1	
384	 87	765	  1	
384	136	765	  1	
384	172	765	  1	
384	186	765	  1	
384	191	765	  1	
384	205	765	  1	
384	276	765	  1	
384	287	765	  1	
384	294	765	  1	
384	349	765	  1	
384	395	765	  1	
384	488	765	  1	
384	504	765	  1	
384	583	765	  1	
385	 82	765	  1	
386	 96	765	  1	
386	168	765	  1	
386	272	765	  1	
386	493	765	  1	
387	 46	765	  1	
387	182	765	  1	
387	303	765	  1	
387	344	765	  1	
388	181	765	  1	
388	192	765	  1	
390	  8	765	  1	
390	 12	765	  1	
390	 98	765	  1	
390	296	765	  1	
391	 27	765	  1	
391	176	765	  1	
391	272	765	  1	
391	290	765	  1	
391	419	765	  1	
391	575	765	  1	
392	 74	765	  1	
392	234	765	  1	
392	239	765	  1	
392	253	765	  1	
392	288	765	  1	
392	320	765	  1	
393	152	765	  1	
395	183	765	  1	
395	200	765	  1	
395	496	765	  1	
397	  0	765	  1	
397	128	765	  1	
397	248	765	  1	
398	119	765	  1	
398	324	765	  1	
399	176	765	  1	
399	206	765	  1	
400	  7	765	  1	
400	 66	765	  1	
400	121	765	  1	
400	126	765	  1	
400	144	765	  1	
400	154	765	  1	
400	216	765	  1	
400	279	765	  1	
400	312	765	  1	
400	316	765	  1	
400	346	765	  1	
400	392	765	  1	
401	136	765	  1	
401	234	765	  1	
401	304	765	  1	
401	488	765	  1	
403	  0	765	  1	
403	 32	765	  1	
403	151	765	  1	
403	164	765	  1	
403	416	765	  1	
404	276	765	  1	
405	 24	765	  1	
405	288	765	  1	
406	 16	765	  1	
406	 56	765	  1	
406	141	765	  1	
406	154	765	  1	
406	226	765	  1	
407	 31	765	  1	
407	220	765	  1	
407	304	765	  1	
407	393	765	  1	
408	 48	765	  1	
408	171	765	  1	
408	191	765	  1	
408	237	765	  1	
408	248	765	  1	
408	255	765	  1	
408	279	765	  1	
408	296	765	  1	
408	336	765	  1	
408	392	765	  1	
408	399	765	  1	
408	492	765	  1	
410	563	765	  1	
411	303	765	  1	
411	328	765	  1	
411	427	765	  1	
412	343	765	  1	
413	  0	765	  1	
413	 54	765	  1	
413	 70	765	  1	
413	176	765	  1	
413	179	765	  1	
413	263	765	  1	
414	157	765	  1	
414	228	765	  1	
414	447	765	  1	
415	168	765	  1	
415	175	765	  1	
415	251	765	  1	
415	296	765	  1	
415	346	765	  1	
415	359	765	  1	
415	392	765	  1	
415	399	765	  1	
416	 40	765	  1	
416	 50	765	  1	
416	144	765	  1	
416	151	765	  1	
416	205	765	  1	
416	224	765	  1	
416	237	765	  1	
416	248	765	  1	
416	287	765	  1	
416	295	765	  1	
416	384	765	  1	
416	472	765	  1	
416	479	765	  1	
417	 64	765	  1	
418	 46	765	  1	
418	200	765	  1	
420	114	765	  1	
420	424	765	  1	
421	 24	765	  1	
421	 55	765	  1	
421	100	765	  1	
421	384	765	  1	
421	431	765	  1	
422	 18	765	  1	
422	 40	765	  1	
422	206	765	  1	
422	238	765	  1	
422	346	765	  1	
423	147	765	  1	
423	155	765	  1	
423	180	765	  1	
423	183	765	  1	
423	248	765	  1	
423	272	765	  1	
423	291	765	  1	
423	328	765	  1	
423	343	765	  1	
423	475	765	  1	
424	  3	765	  1	
424	 56	765	  1	
424	127	765	  1	
424	165	765	  1	
424	216	765	  1	
424	237	765	  1	
424	251	765	  1	
424	256	765	  1	
424	352	765	  1	
424	432	765	  1	
424	443	765	  1	
424	536	765	  1	
424	597	765	  1	
426	152	765	  1	
426	227	765	  1	
426	281	765	  1	
427	135	765	  1	
427	158	765	  1	
427	479	765	  1	
428	108	765	  1	
428	121	765	  1	
428	223	765	  1	
429	102	765	  1	
429	112	765	  1	
429	200	765	  1	
429	232	765	  1	
430	 80	765	  1	
430	157	765	  1	
430	331	765	  1	
430	376	765	  1	
430	536	765	  1	
431	128	765	  1	
431	248	765	  1	
431	440	765	  1	
431	447	765	  1	
431	503	765	  1	
431	523	765	  1	
432	  0	765	  1	
432	  8	765	  1	
432	 73	765	  1	
432	 77	765	  1	
432	140	765	  1	
432	176	765	  1	
432	192	765	  1	
432	198	765	  1	
432	208	765	  1	
432	269	765	  1	
432	282	765	  1	
432	352	765	  1	
432	397	765	  1	
432	500	765	  1	
435	  5	765	  1	
435	160	765	  1	
436	 13	765	  1	
436	 86	765	  1	
436	115	765	  1	
437	136	765	  1	
437	195	765	  1	
437	262	765	  1	
438	224	765	  1	
439	 39	765	  1	
439	280	765	  1	
439	352	765	  1	
440	 27	765	  1	
440	 56	765	  1	
440	 87	765	  1	
440	156	765	  1	
440	167	765	  1	
440	184	765	  1	
440	200	765	  1	
440	248	765	  1	
441	146	765	  1	
441	272	765	  1	
442	 80	765	  1	
442	415	765	  1	
443	 39	765	  1	
443	160	765	  1	
443	295	765	  1	
444	 15	765	  1	
444	 87	765	  1	
444	248	765	  1	
445	 24	765	  1	
445	 75	765	  1	
445	104	765	  1	
445	136	765	  1	
445	206	765	  1	
446	  0	765	  1	
446	 58	765	  1	
446	 67	765	  1	
446	152	765	  1	
446	174	765	  1	
446	307	765	  1	
447	 80	765	  1	
447	167	765	  1	
447	232	765	  1	
448	  3	765	  1	
448	 15	765	  1	
448	130	765	  1	
448	135	765	  1	
448	160	765	  1	
448	168	765	  1	
448	183	765	  1	
448	222	765	  1	
448	231	765	  1	
448	256	765	  1	
448	312	765	  1	
448	380	765	  1	
448	432	765	  1	
449	195	765	  1	
449	384	765	  1	
450	109	765	  1	
450	128	765	  1	
450	152	765	  1	
450	208	765	  1	
450	317	765	  1	
452	200	765	  1	
452	283	765	  1	
452	319	765	  1	
453	  8	765	  1	
453	 23	765	  1	
453	 92	765	  1	
453	166	765	  1	
453	176	765	  1	
453	184	765	  1	
453	384	765	  1	
454	139	765	  1	
454	314	765	  1	
455	104	765	  1	
455	128	765	  1	
455	256	765	  1	
455	391	765	  1	
456	 19	765	  1	
456	 27	765	  1	
456	 56	765	  1	
456	 88	765	  1	
456	100	765	  1	
456	120	765	  1	
456	144	765	  1	
456	151	765	  1	
456	204	765	  1	
456	211	765	  1	
456	304	765	  1	
458	 32	765	  1	
459	 18	765	  1	
459	 39	765	  1	
459	111	765	  1	
459	264	765	  1	
460	200	765	  1	
461	  0	765	  1	
461	 62	765	  1	
461	224	765	  1	
462	 44	765	  1	
462	102	765	  1	
462	176	765	  1	
462	189	765	  1	
462	207	765	  1	
463	 14	765	  1	
463	 29	765	  1	
463	 34	765	  1	
463	128	765	  1	
463	141	765	  1	
463	392	765	  1	
464	 27	765	  1	
464	166	765	  1	
464	181	765	  1	
464	204	765	  1	
464	599	765	  1	
465	 67	765	  1	
466	 80	765	  1	
466	 96	765	  1	
466	136	765	  1	
466	176	765	  1	
467	 48	765	  1	
467	 55	765	  1	
467	160	765	  1	
467	184	765	  1	
468	  6	765	  1	
468	142	765	  1	
469	 59	765	  1	
469	150	765	  1	
471	 67	765	  1	
472	  6	765	  1	
472	 42	765	  1	
472	 47	765	  1	
472	 80	765	  1	
472	 95	765	  1	
472	106	765	  1	
472	134	765	  1	
472	155	765	  1	
472	222	765	  1	
472	231	765	  1	
472	264	765	  1	
472	270	765	  1	
472	285	765	  1	
472	295	765	  1	
472	352	765	  1	
473	 91	765	  1	
475	192	765	  1	
475	224	765	  1	
475	272	765	  1	
475	304	765	  1	
476	 88	765	  1	
476	 95	765	  1	
477	267	765	  1	
478	115	765	  1	
479	222	765	  1	
479	231	765	  1	
480	 40	765	  1	
480	 63	765	  1	
480	 65	765	  1	
480	 87	765	  1	
480	104	765	  1	
480	175	765	  1	
480	242	765	  1	
480	247	765	  1	
480	256	765	  1	
480	289	765	  1	
480	472	765	  1	
481	 77	765	  1	
481	230	765	  1	
482	 59	765	  1	
482	364	765	  1	
483	184	765	  1	
483	216	765	  1	
484	 88	765	  1	
485	 14	765	  1	
485	 63	765	  1	
485	 95	765	  1	
485	125	765	  1	
485	152	765	  1	
485	240	765	  1	
485	244	765	  1	
486	 91	765	  1	
487	211	765	  1	
487	256	765	  1	
488	 19	765	  1	
488	 31	765	  1	
488	130	765	  1	
488	179	765	  1	
488	200	765	  1	
488	216	765	  1	
488	229	765	  1	
488	267	765	  1	
488	277	765	  1	
488	306	765	  1	
488	311	765	  1	
488	323	765	  1	
490	  4	765	  1	
490	 37	765	  1	
490	121	765	  1	
490	272	765	  1	
491	 32	765	  1	
491	207	765	  1	
493	124	765	  1	
493	192	765	  1	
493	199	765	  1	
493	222	765	  1	
493	264	765	  1	
493	275	765	  1	
493	288	765	  1	
495	 16	765	  1	
495	 23	765	  1	
495	 72	765	  1	
495	 96	765	  1	
495	122	765	  1	
495	235	765	  1	
495	312	765	  1	
495	320	765	  1	
495	344	765	  1	
495	348	765	  1	
495	376	765	  1	
496	 24	765	  1	
496	 48	765	  1	
496	 55	765	  1	
496	 66	765	  1	
496	134	765	  1	
496	144	765	  1	
496	166	765	  1	
496	204	765	  1	
496	440	765	  1	
498	188	765	  1	
498	256	765	  1	
498	439	765	  1	
499	 31	765	  1	
499	106	765	  1	
499	112	765	  1	
499	128	765	  1	
499	176	765	  1	
499	366	765	  1	
501	 64	765	  1	
501	 71	765	  1	
501	 96	765	  1	
501	120	765	  1	
501	147	765	  1	
501	312	765	  1	
501	400	765	  1	
503	 24	765	  1	
503	135	765	  1	
503	166	765	  1	
503	186	765	  1	
504	 23	765	  1	
504	 40	765	  1	
504	169	765	  1	
504	228	765	  1	
504	256	765	  1	
504	263	765	  1	
504	296	765	  1	
507	  8	765	  1	
507	184	765	  1	
509	 46	765	  1	
509	 88	765	  1	
509	216	765	  1	
510	168	765	  1	
511	259	765	  1	
512	  0	765	  1	
512	  5	765	  1	
512	 32	765	  1	
512	 80	765	  1	
512	104	765	  1	
512	110	765	  1	
512	181	765	  1	
512	190	765	  1	
512	211	765	  1	
512	299	765	  1	
512	317	765	  1	
512	320	765	  1	
512	336	765	  1	
512	344	765	  1	
512	348	765	  1	
513	 56	765	  1	
513	 90	765	  1	
514	176	765	  1	
514	240	765	  1	
515	 64	765	  1	
515	155	765	  1	
515	184	765	  1	
515	208	765	  1	
516	 88	765	  1	
516	162	765	  1	
516	447	765	  1	
517	 11	765	  1	
517	107	765	  1	
517	167	765	  1	
517	312	765	  1	
517	327	765	  1	
518	 20	765	  1	
519	 62	765	  1	
519	 91	765	  1	
519	103	765	  1	
519	134	765	  1	
519	222	765	  1	
519	296	765	  1	
519	303	765	  1	
520	 66	765	  1	
520	 77	765	  1	
520	163	765	  1	
520	210	765	  1	
520	218	765	  1	
520	248	765	  1	
520	262	765	  1	
520	280	765	  1	
520	367	765	  1	
520	433	765	  1	
521	 47	765	  1	
522	 88	765	  1	
523	168	765	  1	
523	288	765	  1	
523	360	765	  1	
524	 98	765	  1	
525	264	765	  1	
525	271	765	  1	
526	120	765	  1	
526	132	765	  1	
526	208	765	  1	
527	124	765	  1	
527	160	765	  1	
527	240	765	  1	
527	367	765	  1	
527	392	765	  1	
528	101	765	  1	
528	224	765	  1	
528	254	765	  1	
528	352	765	  1	
528	359	765	  1	
530	 98	765	  1	
530	247	765	  1	
531	255	765	  1	
533	 63	765	  1	
533	160	765	  1	
533	224	765	  1	
535	103	765	  1	
535	184	765	  1	
535	355	765	  1	
535	439	765	  1	
536	 51	765	  1	
536	146	765	  1	
536	165	765	  1	
536	170	765	  1	
536	175	765	  1	
536	213	765	  1	
536	255	765	  1	
536	279	765	  1	
536	440	765	  1	
538	104	765	  1	
539	 19	765	  1	
539	318	765	  1	
539	476	765	  1	
540	192	765	  1	
540	432	765	  1	
541	160	765	  1	
542	439	765	  1	
543	 48	765	  1	
543	 55	765	  1	
543	213	765	  1	
543	400	765	  1	
544	 80	765	  1	
544	112	765	  1	
544	116	765	  1	
544	126	765	  1	
544	136	765	  1	
544	238	765	  1	
544	241	765	  1	
544	261	765	  1	
544	442	765	  1	
544	552	765	  1	
546	 72	765	  1	
546	 79	765	  1	
547	175	765	  1	
547	193	765	  1	
547	368	765	  1	
549	256	765	  1	
550	339	765	  1	
550	348	765	  1	
550	440	765	  1	
551	  3	765	  1	
551	184	765	  1	
551	232	765	  1	
552	 55	765	  1	
552	 86	765	  1	
552	104	765	  1	
552	108	765	  1	
552	170	765	  1	
552	216	765	  1	
552	224	765	  1	
552	231	765	  1	
552	248	765	  1	
552	266	765	  1	
552	288	765	  1	
552	307	765	  1	
552	328	765	  1	
552	431	765	  1	
553	472	765	  1	
554	 80	765	  1	
555	 88	765	  1	
555	327	765	  1	
555	424	765	  1	
556	 72	765	  1	
556	112	765	  1	
558	 87	765	  1	
559	168	765	  1	
559	216	765	  1	
559	227	765	  1	
559	255	765	  1	
559	308	765	  1	
559	330	765	  1	
559	431	765	  1	
559	440	765	  1	
560	  0	765	  1	
560	 72	765	  1	
560	 79	765	  1	
560	130	765	  1	
560	136	765	  1	
560	179	765	  1	
560	203	765	  1	
560	243	765	  1	
560	274	765	  1	
560	279	765	  1	
560	282	765	  1	
560	367	765	  1	
560	405	765	  1	
560	423	765	  1	
560	432	765	  1	
562	287	765	  1	
564	245	765	  1	
564	350	765	  1	
565	 70	765	  1	
566	  7	765	  1	
566	168	765	  1	
566	306	765	  1	
566	344	765	  1	
566	384	765	  1	
567	 75	765	  1	
567	360	765	  1	
567	420	765	  1	
568	 16	765	  1	
568	112	765	  1	
568	143	765	  1	
568	192	765	  1	
568	208	765	  1	
568	226	765	  1	
568	251	765	  1	
568	285	765	  1	
568	431	765	  1	
570	282	765	  1	
571	136	765	  1	
571	424	765	  1	
572	243	765	  1	
573	 21	765	  1	
573	 43	765	  1	
573	255	765	  1	
573	272	765	  1	
575	143	765	  1	
575	275	765	  1	
575	431	765	  1	
576	139	765	  1	
576	146	765	  1	
576	171	765	  1	
576	221	765	  1	
576	237	765	  1	
576	294	765	  1	
576	376	765	  1	
576	400	765	  1	
576	407	765	  1	
578	183	765	  1	
578	288	765	  1	
579	129	765	  1	
579	208	765	  1	
579	215	765	  1	
579	240	765	  1	
579	245	765	  1	
579	270	765	  1	
579	383	765	  1	
579	445	765	  1	
580	198	765	  1	
581	168	765	  1	
581	295	765	  1	
582	192	765	  1	
582	304	765	  1	
583	136	765	  1	
583	143	765	  1	
583	279	765	  1	
583	376	765	  1	
583	403	765	  1	
584	  4	765	  1	
584	 95	765	  1	
584	105	765	  1	
584	216	765	  1	
584	238	765	  1	
584	274	765	  1	
584	300	765	  1	
584	387	765	  1	
584	417	765	  1	
585	324	765	  1	
587	111	765	  1	
587	199	765	  1	
589	136	765	  1	
589	310	765	  1	
590	195	765	  1	
590	247	765	  1	
591	300	765	  1	
591	384	765	  1	
591	391	765	  1	
592	  5	765	  1	
592	 16	765	  1	
592	 55	765	  1	
592	220	765	  1	
592	239	765	  1	
592	278	765	  1	
592	296	765	  1	
592	304	765	  1	
592	352	765	  1	
592	400	765	  1	
594	247	765	  1	
594	443	765	  1	
595	224	765	  1	
595	407	765	  1	
597	 80	765	  1	
597	100	765	  1	
597	198	765	  1	
597	237	765	  1	
597	240	765	  1	
599	 88	765	  1	
599	234	765	  1	
599	278	765	  1	
600	 63	765	  1	
600	184	765	  1	
600	251	765	  1	
600	264	765	  1	
600	360	765	  1	
600	383	765	  1	
600	391	765	  1	
603	256	765	  1	
603	271	765	  1	
604	274	765	  1	
606	123	765	  1	
607	264	765	  1	
607	360	765	  1	
607	384	765	  1	
608	 67	765	  1	
608	 83	765	  1	
608	235	765	  1	
608	261	765	  1	
608	299	765	  1	
608	328	765	  1	
608	335	765	  1	
608	338	765	  1	
609	240	765	  1	
609	247	765	  1	
611	375	765	  1	
611	407	765	  1	
612	261	765	  1	
612	336	765	  1	
613	 83	765	  1	
613	278	765	  1	
614	294	765	  1	
614	448	765	  1	
615	234	765	  1	
615	303	765	  1	
615	328	765	  1	
615	335	765	  1	
615	429	765	  1	
616	 95	765	  1	
616	160	765	  1	
616	211	765	  1	
616	247	765	  1	
616	257	765	  1	
616	264	765	  1	
616	268	765	  1	
616	300	765	  1	
616	322	765	  1	
618	 55	765	  1	
618	106	765	  1	
619	 88	765	  1	
622	 68	765	  1	
622	279	765	  1	
622	301	765	  1	
622	402	765	  1	
623	 95	765	  1	
623	104	765	  1	
624	  2	765	  1	
624	 50	765	  1	
624	199	765	  1	
624	270	765	  1	
624	344	765	  1	
627	326	765	  1	
627	433	765	  1	
629	266	765	  1	
629	328	765	  1	
631	113	765	  1	
631	403	765	  1	
632	 72	765	  1	
632	 78	765	  1	
632	179	765	  1	
632	207	765	  1	
632	259	765	  1	
632	298	765	  1	
632	304	765	  1	
632	362	765	  1	
636	 78	765	  1	
637	271	765	  1	
637	296	765	  1	
639	 48	765	  1	
640	191	765	  1	
640	352	765	  1	
644	146	765	  1	
645	387	765	  1	
647	 86	765	  1	
647	254	765	  1	
647	392	765	  1	
648	112	765	  1	
648	240	765	  1	
650	191	765	  1	
652	119	765	  1	
655	151	765	  1	
656	  8	765	  1	
664	146	765	  1	
664	171	765	  1	
664	263	765	  1	
664	347	765	  1	
672	  8	765	  1	
672	151	765	  1	
672	178	765	  1	
672	223	765	  1	
678	216	765	  1	
678	231	765	  1	
678	582	765	  1	
680	114	765	  1	
680	328	765	  1	
687	224	765	  1	
687	255	765	  1	
687	488	765	  1	
690	496	765	  1	
695	255	765	  1	
696	246	765	  1	
703	144	765	  1	
704	224	765	  1	
711	208	765	  1	
713	308	765	  1	
732	255	765	  1	
754	114	765	  1	
754	300	765	  1	
765	181	765	  1	
774	528	765	  1	
792	194	765	  1	
792	196	765	  1	
799	488	765	  1	
