# 
#  Image file: Goad1_T0028.jpg
#  Applied threshold: 575
#  Algorithm used: fill2                 
#  Particle count: 2063
#  Location (x,y), max luminance, and mass:
# 
  0	287	765	  1	
  8	532	765	  1	
 16	288	765	  1	
 23	448	765	  1	
 24	231	765	  1	
 30	 56	765	  1	
 31	 83	765	  1	
 32	 96	765	  1	
 36	225	765	  1	
 40	276	765	  1	
 40	359	765	  1	
 47	319	765	  1	
 48	352	765	  1	
 50	216	765	  1	
 53	576	765	  1	
 55	143	765	  1	
 55	216	765	  1	
 55	224	765	  1	
 55	320	765	  1	
 56	 98	765	  1	
 56	244	765	  1	
 56	264	765	  1	
 58	  3	765	  1	
 60	162	765	  1	
 61	250	765	  1	
 64	219	765	  1	
 70	384	765	  1	
 71	108	765	  1	
 71	337	765	  1	
 71	399	765	  1	
 71	416	765	  1	
 72	123	765	  1	
 72	143	765	  1	
 75	276	765	  1	
 75	343	765	  1	
 77	248	765	  1	
 78	376	765	  1	
 79	168	765	  1	
 79	216	765	  1	
 79	384	765	  1	
 80	102	765	  1	
 80	359	765	  1	
 83	344	765	  1	
 83	474	765	  1	
 84	367	765	  1	
 85	570	765	  1	
 86	355	765	  1	
 87	 24	765	  1	
 87	336	765	  1	
 88	239	765	  1	
 88	328	765	  1	
 88	346	765	  1	
 88	368	765	  1	
 88	375	765	  1	
 90	256	765	  1	
 92	344	765	  1	
 92	426	765	  1	
 95	328	765	  1	
 95	352	765	  1	
 96	118	765	  1	
 96	131	765	  1	
 96	591	765	  1	
103	 79	765	  1	
103	116	765	  1	
103	135	765	  1	
103	295	765	  1	
103	567	765	  1	
104	128	765	  1	
104	224	765	  1	
104	359	765	  1	
104	363	765	  1	
107	352	765	  1	
110	128	765	  1	
110	228	765	  1	
111	194	765	  1	
111	288	765	  1	
111	292	765	  1	
111	359	765	  1	
111	533	765	  1	
112	136	765	  1	
112	176	765	  1	
112	269	765	  1	
112	276	765	  1	
112	351	765	  1	
112	426	765	  1	
112	431	765	  1	
112	439	765	  1	
112	459	765	  1	
112	520	765	  1	
112	554	765	  1	
114	183	765	  1	
114	336	765	  1	
114	432	765	  1	
115	100	765	  1	
115	166	765	  1	
115	304	765	  1	
117	 72	765	  1	
117	128	765	  1	
117	267	765	  1	
118	 39	765	  1	
118	176	765	  1	
118	220	765	  1	
118	310	765	  1	
118	503	765	  1	
119	 89	765	  1	
119	132	765	  1	
119	188	765	  1	
119	339	765	  1	
119	351	765	  1	
119	541	765	  1	
120	152	765	  1	
120	290	765	  1	
120	299	765	  1	
120	380	765	  1	
120	450	765	  1	
121	107	765	  1	
121	231	765	  1	
123	  0	765	  1	
123	255	765	  1	
123	368	765	  1	
125	163	765	  1	
125	216	765	  1	
126	159	765	  1	
126	453	765	  1	
127	131	765	  1	
127	154	765	  1	
127	296	765	  1	
127	303	765	  1	
127	385	765	  1	
127	439	765	  1	
128	 39	765	  1	
128	288	765	  1	
128	311	765	  1	
128	355	765	  1	
130	 64	765	  1	
130	175	765	  1	
134	 80	765	  1	
134	167	765	  1	
134	344	765	  1	
135	304	765	  1	
135	441	765	  1	
136	 96	765	  1	
136	190	765	  1	
136	264	765	  1	
136	295	765	  1	
136	455	765	  1	
137	186	765	  1	
138	128	765	  1	
138	160	765	  1	
139	 94	765	  1	
140	326	765	  1	
141	131	765	  1	
143	128	765	  1	
143	135	765	  1	
143	365	765	  1	
143	440	765	  1	
144	  8	765	  1	
144	 15	765	  1	
144	165	765	  1	
144	174	765	  1	
144	183	765	  1	
144	203	765	  1	
144	215	765	  1	
144	232	765	  1	
144	238	765	  1	
145	273	765	  1	
146	160	765	  1	
147	186	765	  1	
147	223	765	  1	
148	179	765	  1	
148	458	765	  1	
149	171	765	  1	
150	 98	765	  1	
150	166	765	  1	
150	296	765	  1	
152	  3	765	  1	
152	 22	765	  1	
152	106	765	  1	
152	119	765	  1	
152	134	765	  1	
152	176	765	  1	
152	352	765	  1	
152	384	765	  1	
152	395	765	  1	
154	337	765	  1	
155	112	765	  1	
156	408	765	  1	
157	191	765	  1	
158	111	765	  1	
158	184	765	  1	
158	384	765	  1	
159	  0	765	  1	
159	  7	765	  1	
159	119	765	  1	
159	134	765	  1	
159	336	765	  1	
160	112	765	  1	
160	136	765	  1	
160	150	765	  1	
160	163	765	  1	
160	179	765	  1	
160	195	765	  1	
160	200	765	  1	
160	357	765	  1	
160	506	765	  1	
160	560	765	  1	
162	206	765	  1	
163	387	765	  1	
164	144	765	  1	
164	224	765	  1	
164	278	765	  1	
166	104	765	  1	
166	149	765	  1	
166	264	765	  1	
166	272	765	  1	
166	509	765	  1	
167	163	765	  1	
167	192	765	  1	
167	199	765	  1	
167	312	765	  1	
167	390	765	  1	
167	392	765	  1	
167	512	765	  1	
168	 64	765	  1	
168	 88	765	  1	
168	102	765	  1	
168	128	765	  1	
168	151	765	  1	
168	168	765	  1	
168	248	765	  1	
168	496	765	  1	
169	288	765	  1	
171	112	765	  1	
171	178	765	  1	
171	183	765	  1	
171	255	765	  1	
171	503	765	  1	
172	328	765	  1	
172	442	765	  1	
173	104	765	  1	
173	131	765	  1	
173	200	765	  1	
174	391	765	  1	
174	480	765	  1	
175	248	765	  1	
175	384	765	  1	
175	496	765	  1	
176	 90	765	  1	
176	100	765	  1	
176	165	765	  1	
176	198	765	  1	
176	279	765	  1	
176	288	765	  1	
176	383	765	  1	
176	432	765	  1	
176	514	765	  1	
176	562	765	  1	
177	157	765	  1	
178	 88	765	  1	
178	103	765	  1	
178	300	765	  1	
179	272	765	  1	
180	293	765	  1	
181	 64	765	  1	
181	147	765	  1	
181	160	765	  1	
181	304	765	  1	
181	311	765	  1	
181	315	765	  1	
183	  8	765	  1	
183	 71	765	  1	
183	 91	765	  1	
183	198	765	  1	
183	256	765	  1	
183	279	765	  1	
183	440	765	  1	
183	520	765	  1	
183	564	765	  1	
184	 72	765	  1	
184	103	765	  1	
184	128	765	  1	
184	224	765	  1	
184	231	765	  1	
184	236	765	  1	
186	134	765	  1	
186	370	765	  1	
187	 71	765	  1	
187	151	765	  1	
187	192	765	  1	
187	391	765	  1	
188	240	765	  1	
188	247	765	  1	
189	160	765	  1	
189	272	765	  1	
189	448	765	  1	
189	461	765	  1	
190	128	765	  1	
190	189	765	  1	
190	287	765	  1	
190	375	765	  1	
191	 47	765	  1	
191	236	765	  1	
191	294	765	  1	
191	305	765	  1	
191	364	765	  1	
192	112	765	  1	
192	232	765	  1	
192	256	765	  1	
192	415	765	  1	
192	442	765	  1	
195	 82	765	  1	
195	128	765	  1	
195	133	765	  1	
195	168	765	  1	
195	216	765	  1	
195	309	765	  1	
195	408	765	  1	
198	 84	765	  1	
198	144	765	  1	
198	280	765	  1	
198	333	765	  1	
199	138	765	  1	
199	152	765	  1	
199	228	765	  1	
199	312	765	  1	
199	323	765	  1	
199	415	765	  1	
199	490	765	  1	
200	 40	765	  1	
200	 53	765	  1	
200	106	765	  1	
200	126	765	  1	
200	132	765	  1	
200	174	765	  1	
200	192	765	  1	
200	207	765	  1	
200	219	765	  1	
200	267	765	  1	
200	276	765	  1	
200	288	765	  1	
200	295	765	  1	
200	416	765	  1	
200	423	765	  1	
201	133	765	  1	
201	168	765	  1	
201	384	765	  1	
201	408	765	  1	
203	 40	765	  1	
203	183	765	  1	
203	266	765	  1	
203	391	765	  1	
203	420	765	  1	
203	444	765	  1	
204	  6	765	  1	
204	 80	765	  1	
204	128	765	  1	
204	264	765	  1	
205	277	765	  1	
206	 79	765	  1	
207	291	765	  1	
207	384	765	  1	
208	 12	765	  1	
208	112	765	  1	
208	144	765	  1	
208	150	765	  1	
208	156	765	  1	
208	231	765	  1	
208	264	765	  1	
208	286	765	  1	
208	295	765	  1	
208	312	765	  1	
208	318	765	  1	
208	325	765	  1	
208	343	765	  1	
208	432	765	  1	
208	503	765	  1	
208	539	765	  1	
209	280	765	  1	
210	430	765	  1	
211	182	765	  1	
211	232	765	  1	
211	239	765	  1	
211	262	765	  1	
211	416	765	  1	
212	115	765	  1	
212	328	765	  1	
213	154	765	  1	
213	227	765	  1	
214	 10	765	  1	
214	203	765	  1	
214	256	765	  1	
214	295	765	  1	
214	343	765	  1	
215	147	765	  1	
215	508	765	  1	
216	 40	765	  1	
216	 47	765	  1	
216	 88	765	  1	
216	195	765	  1	
216	236	765	  1	
216	245	765	  1	
216	304	765	  1	
216	323	765	  1	
216	360	765	  1	
216	392	765	  1	
216	396	765	  1	
216	417	765	  1	
216	455	765	  1	
216	544	765	  1	
218	317	765	  1	
218	374	765	  1	
219	168	765	  1	
219	232	765	  1	
219	268	765	  1	
219	367	765	  1	
220	142	765	  1	
221	 16	765	  1	
221	151	765	  1	
221	215	765	  1	
221	439	765	  1	
222	 56	765	  1	
222	237	765	  1	
222	343	765	  1	
222	397	765	  1	
223	261	765	  1	
223	335	765	  1	
223	360	765	  1	
223	368	765	  1	
223	392	765	  1	
223	472	765	  1	
224	 64	765	  1	
224	 80	765	  1	
224	141	765	  1	
224	152	765	  1	
224	186	765	  1	
224	203	765	  1	
224	216	765	  1	
224	316	765	  1	
224	369	765	  1	
224	375	765	  1	
224	416	765	  1	
227	 87	765	  1	
227	295	765	  1	
227	384	765	  1	
227	421	765	  1	
229	 19	765	  1	
229	136	765	  1	
229	176	765	  1	
229	283	765	  1	
229	375	765	  1	
230	 18	765	  1	
230	199	765	  1	
230	290	765	  1	
230	432	765	  1	
231	 16	765	  1	
231	 23	765	  1	
231	 71	765	  1	
231	 80	765	  1	
231	216	765	  1	
231	311	765	  1	
231	316	765	  1	
231	369	765	  1	
231	552	765	  1	
232	  5	765	  1	
232	 96	765	  1	
232	107	765	  1	
232	120	765	  1	
232	140	765	  1	
232	160	765	  1	
232	200	765	  1	
232	215	765	  1	
232	278	765	  1	
232	288	765	  1	
232	304	765	  1	
232	319	765	  1	
232	408	765	  1	
232	415	765	  1	
232	441	765	  1	
234	 64	765	  1	
234	168	765	  1	
235	 79	765	  1	
235	 83	765	  1	
235	141	765	  1	
235	152	765	  1	
235	237	765	  1	
235	355	765	  1	
235	438	765	  1	
237	 43	765	  1	
237	 71	765	  1	
237	133	765	  1	
237	310	765	  1	
237	327	765	  1	
238	264	765	  1	
238	432	765	  1	
238	506	765	  1	
238	531	765	  1	
239	 80	765	  1	
239	 87	765	  1	
239	 92	765	  1	
239	104	765	  1	
239	183	765	  1	
239	212	765	  1	
239	288	765	  1	
240	 82	765	  1	
240	 96	765	  1	
240	147	765	  1	
240	261	765	  1	
240	269	765	  1	
240	304	765	  1	
240	386	765	  1	
240	429	765	  1	
240	448	765	  1	
240	461	765	  1	
241	128	765	  1	
241	327	765	  1	
241	402	765	  1	
242	 64	765	  1	
242	 71	765	  1	
242	142	765	  1	
242	151	765	  1	
242	163	765	  1	
242	454	765	  1	
242	478	765	  1	
243	103	765	  1	
243	112	765	  1	
243	192	765	  1	
243	407	765	  1	
243	507	765	  1	
244	174	765	  1	
245	 80	765	  1	
245	 87	765	  1	
245	136	765	  1	
245	440	765	  1	
246	 96	765	  1	
246	147	765	  1	
246	171	765	  1	
246	416	765	  1	
247	360	765	  1	
247	384	765	  1	
247	391	765	  1	
247	472	765	  1	
248	  5	765	  1	
248	  8	765	  1	
248	107	765	  1	
248	120	765	  1	
248	197	765	  1	
248	233	765	  1	
248	281	765	  1	
248	352	765	  1	
248	368	765	  1	
248	375	765	  1	
249	117	765	  1	
249	148	765	  1	
249	176	765	  1	
250	 39	765	  1	
250	 91	765	  1	
250	137	765	  1	
250	173	765	  1	
250	322	765	  1	
250	351	765	  1	
250	392	765	  1	
251	 14	765	  1	
251	 47	765	  1	
251	168	765	  1	
251	432	765	  1	
251	439	765	  1	
251	478	765	  1	
252	100	765	  1	
252	192	765	  1	
252	269	765	  1	
253	 84	765	  1	
253	188	765	  1	
253	237	765	  1	
253	408	765	  1	
253	474	765	  1	
253	483	765	  1	
254	140	765	  1	
254	453	765	  1	
255	 24	765	  1	
255	 31	765	  1	
255	208	765	  1	
255	287	765	  1	
255	371	765	  1	
256	 66	765	  1	
256	 74	765	  1	
256	127	765	  1	
256	192	765	  1	
256	199	765	  1	
256	240	765	  1	
256	298	765	  1	
256	304	765	  1	
256	327	765	  1	
256	501	765	  1	
257	183	765	  1	
257	238	765	  1	
258	 39	765	  1	
258	448	765	  1	
259	102	765	  1	
259	224	765	  1	
259	247	765	  1	
259	254	765	  1	
259	378	765	  1	
260	379	765	  1	
261	 64	765	  1	
261	 71	765	  1	
261	112	765	  1	
261	154	765	  1	
261	168	765	  1	
261	472	765	  1	
262	230	765	  1	
262	235	765	  1	
262	248	765	  1	
263	  0	765	  1	
263	311	765	  1	
263	454	765	  1	
263	501	765	  1	
263	548	765	  1	
264	 13	765	  1	
264	137	765	  1	
264	152	765	  1	
264	159	765	  1	
264	166	765	  1	
264	187	765	  1	
264	208	765	  1	
264	287	765	  1	
264	328	765	  1	
264	378	765	  1	
264	397	765	  1	
264	456	765	  1	
264	488	765	  1	
264	514	765	  1	
264	520	765	  1	
264	527	765	  1	
265	440	765	  1	
265	498	765	  1	
266	128	765	  1	
266	206	765	  1	
266	383	765	  1	
266	406	765	  1	
266	437	765	  1	
267	 56	765	  1	
268	155	765	  1	
268	488	765	  1	
269	163	765	  1	
269	392	765	  1	
269	461	765	  1	
269	502	765	  1	
270	 82	765	  1	
270	400	765	  1	
270	445	765	  1	
271	122	765	  1	
271	208	765	  1	
271	523	765	  1	
272	 40	765	  1	
272	 54	765	  1	
272	 85	765	  1	
272	114	765	  1	
272	118	765	  1	
272	168	765	  1	
272	179	765	  1	
272	200	765	  1	
272	251	765	  1	
272	256	765	  1	
272	278	765	  1	
272	288	765	  1	
272	304	765	  1	
272	354	765	  1	
272	376	765	  1	
272	397	765	  1	
272	470	765	  1	
272	504	765	  1	
272	511	765	  1	
274	 14	765	  1	
274	 48	765	  1	
274	173	765	  1	
274	366	765	  1	
275	272	765	  1	
275	441	765	  1	
276	494	765	  1	
277	 80	765	  1	
277	206	765	  1	
277	279	765	  1	
277	443	765	  1	
278	  8	765	  1	
278	167	765	  1	
278	355	765	  1	
278	376	765	  1	
278	488	765	  1	
279	136	765	  1	
279	174	765	  1	
279	248	765	  1	
279	255	765	  1	
279	288	765	  1	
279	365	765	  1	
279	507	765	  1	
279	520	765	  1	
280	 31	765	  1	
280	 64	765	  1	
280	 79	765	  1	
280	123	765	  1	
280	211	765	  1	
280	240	765	  1	
280	247	765	  1	
280	310	765	  1	
280	368	765	  1	
280	390	765	  1	
280	400	765	  1	
280	480	765	  1	
280	496	765	  1	
281	328	765	  1	
282	 45	765	  1	
282	412	765	  1	
283	  3	765	  1	
283	 14	765	  1	
283	 24	765	  1	
283	262	765	  1	
283	408	765	  1	
284	376	765	  1	
285	 55	765	  1	
285	136	765	  1	
285	164	765	  1	
285	175	765	  1	
286	  8	765	  1	
286	311	765	  1	
286	386	765	  1	
286	500	765	  1	
286	527	765	  1	
287	 31	765	  1	
287	340	765	  1	
288	 69	765	  1	
288	 80	765	  1	
288	 85	765	  1	
288	119	765	  1	
288	171	765	  1	
288	176	765	  1	
288	182	765	  1	
288	225	765	  1	
288	240	765	  1	
288	253	765	  1	
288	256	765	  1	
288	568	765	  1	
289	503	765	  1	
290	 83	765	  1	
290	159	765	  1	
290	247	765	  1	
290	390	765	  1	
291	184	765	  1	
291	344	765	  1	
291	406	765	  1	
291	487	765	  1	
292	328	765	  1	
292	468	765	  1	
293	  0	765	  1	
293	 95	765	  1	
293	179	765	  1	
293	360	765	  1	
294	253	765	  1	
294	384	765	  1	
295	287	765	  1	
295	480	765	  1	
296	  6	765	  1	
296	 78	765	  1	
296	107	765	  1	
296	112	765	  1	
296	128	765	  1	
296	160	765	  1	
296	173	765	  1	
296	184	765	  1	
296	229	765	  1	
296	232	765	  1	
296	291	765	  1	
296	321	765	  1	
296	355	765	  1	
296	406	765	  1	
296	415	765	  1	
296	448	765	  1	
296	472	765	  1	
296	478	765	  1	
296	512	765	  1	
296	582	765	  1	
297	119	765	  1	
298	224	765	  1	
298	251	765	  1	
298	576	765	  1	
299	 72	765	  1	
299	 98	765	  1	
299	191	765	  1	
299	240	765	  1	
299	363	765	  1	
299	376	765	  1	
299	408	765	  1	
299	416	765	  1	
300	107	765	  1	
300	400	765	  1	
301	 48	765	  1	
301	 90	765	  1	
301	128	765	  1	
301	152	765	  1	
301	475	765	  1	
301	490	765	  1	
301	509	765	  1	
302	144	765	  1	
302	184	765	  1	
302	229	765	  1	
302	288	765	  1	
302	330	765	  1	
302	388	765	  1	
303	245	765	  1	
303	326	765	  1	
303	352	765	  1	
303	359	765	  1	
303	415	765	  1	
303	493	765	  1	
304	 32	765	  1	
304	 68	765	  1	
304	 96	765	  1	
304	141	765	  1	
304	176	765	  1	
304	180	765	  1	
304	200	765	  1	
304	219	765	  1	
304	370	765	  1	
304	397	765	  1	
304	404	765	  1	
305	112	765	  1	
306	103	765	  1	
306	254	765	  1	
307	 65	765	  1	
307	503	765	  1	
308	 18	765	  1	
308	 97	765	  1	
308	304	765	  1	
309	136	765	  1	
309	152	765	  1	
309	159	765	  1	
309	190	765	  1	
309	205	765	  1	
309	344	765	  1	
309	355	765	  1	
310	248	765	  1	
310	291	765	  1	
310	336	765	  1	
310	519	765	  1	
311	103	765	  1	
311	224	765	  1	
311	419	765	  1	
311	499	765	  1	
312	 77	765	  1	
312	112	765	  1	
312	123	765	  1	
312	160	765	  1	
312	166	765	  1	
312	192	765	  1	
312	232	765	  1	
312	238	765	  1	
312	256	765	  1	
312	326	765	  1	
312	335	765	  1	
312	363	765	  1	
312	382	765	  1	
312	394	765	  1	
312	408	765	  1	
312	459	765	  1	
312	490	765	  1	
312	495	765	  1	
312	543	765	  1	
312	560	765	  1	
312	568	765	  1	
312	591	765	  1	
314	264	765	  1	
314	430	765	  1	
314	599	765	  1	
315	 96	765	  1	
315	144	765	  1	
315	255	765	  1	
315	472	765	  1	
316	455	765	  1	
317	122	765	  1	
317	163	765	  1	
317	176	765	  1	
317	184	765	  1	
317	191	765	  1	
317	250	765	  1	
318	263	765	  1	
318	383	765	  1	
318	456	765	  1	
318	478	765	  1	
319	232	765	  1	
319	326	765	  1	
319	331	765	  1	
319	360	765	  1	
319	367	765	  1	
319	376	765	  1	
319	490	765	  1	
319	495	765	  1	
320	  2	765	  1	
320	  7	765	  1	
320	 16	765	  1	
320	 56	765	  1	
320	 71	765	  1	
320	 83	765	  1	
320	 98	765	  1	
320	103	765	  1	
320	132	765	  1	
320	172	765	  1	
320	255	765	  1	
320	280	765	  1	
320	352	765	  1	
320	359	765	  1	
320	416	765	  1	
320	514	765	  1	
320	544	765	  1	
321	120	765	  1	
322	 62	765	  1	
322	264	765	  1	
322	448	765	  1	
323	 88	765	  1	
323	287	765	  1	
323	376	765	  1	
324	304	765	  1	
325	187	765	  1	
325	251	765	  1	
325	309	765	  1	
325	374	765	  1	
325	425	765	  1	
325	429	765	  1	
326	125	765	  1	
326	384	765	  1	
327	 16	765	  1	
327	155	765	  1	
327	192	765	  1	
327	280	765	  1	
327	336	765	  1	
327	419	765	  1	
328	 10	765	  1	
328	 17	765	  1	
328	 24	765	  1	
328	 47	765	  1	
328	 64	765	  1	
328	 77	765	  1	
328	131	765	  1	
328	141	765	  1	
328	175	765	  1	
328	320	765	  1	
328	349	765	  1	
328	368	765	  1	
328	372	765	  1	
328	463	765	  1	
328	531	765	  1	
329	 88	765	  1	
329	400	765	  1	
329	407	765	  1	
330	453	765	  1	
331	 31	765	  1	
331	 40	765	  1	
331	246	765	  1	
331	327	765	  1	
332	 69	765	  1	
333	  0	765	  1	
333	  7	765	  1	
333	 72	765	  1	
333	104	765	  1	
334	149	765	  1	
334	408	765	  1	
334	415	765	  1	
334	455	765	  1	
335	 22	765	  1	
335	 35	765	  1	
335	 47	765	  1	
335	192	765	  1	
335	199	765	  1	
335	320	765	  1	
335	528	765	  1	
335	535	765	  1	
336	 19	765	  1	
336	 48	765	  1	
336	 80	765	  1	
336	112	765	  1	
336	120	765	  1	
336	127	765	  1	
336	169	765	  1	
336	183	765	  1	
336	197	765	  1	
336	208	765	  1	
336	215	765	  1	
336	245	765	  1	
336	272	765	  1	
336	312	765	  1	
336	316	765	  1	
336	319	765	  1	
336	360	765	  1	
336	383	765	  1	
336	392	765	  1	
336	396	765	  1	
336	407	765	  1	
336	413	765	  1	
336	539	765	  1	
336	584	765	  1	
337	  6	765	  1	
337	 72	765	  1	
337	 79	765	  1	
337	422	765	  1	
338	 32	765	  1	
338	110	765	  1	
338	232	765	  1	
338	320	765	  1	
338	384	765	  1	
338	593	765	  1	
339	400	765	  1	
340	 42	765	  1	
340	 55	765	  1	
340	168	765	  1	
340	599	765	  1	
341	 47	765	  1	
341	 96	765	  1	
341	190	765	  1	
341	313	765	  1	
341	409	765	  1	
342	224	765	  1	
342	278	765	  1	
342	378	765	  1	
343	 28	765	  1	
343	 80	765	  1	
343	175	765	  1	
343	197	765	  1	
343	375	765	  1	
343	456	765	  1	
343	540	765	  1	
344	  6	765	  1	
344	 37	765	  1	
344	 72	765	  1	
344	138	765	  1	
344	157	765	  1	
344	200	765	  1	
344	265	765	  1	
344	312	765	  1	
344	344	765	  1	
344	369	765	  1	
344	422	765	  1	
347	 16	765	  1	
347	351	765	  1	
347	359	765	  1	
348	 32	765	  1	
349	 54	765	  1	
349	120	765	  1	
349	232	765	  1	
349	239	765	  1	
349	392	765	  1	
350	167	765	  1	
350	375	765	  1	
351	170	765	  1	
351	344	765	  1	
352	 81	765	  1	
352	 98	765	  1	
352	147	765	  1	
352	163	765	  1	
352	208	765	  1	
352	214	765	  1	
352	265	765	  1	
352	343	765	  1	
352	432	765	  1	
352	483	765	  1	
353	 24	765	  1	
353	 31	765	  1	
354	132	765	  1	
355	152	765	  1	
355	263	765	  1	
355	327	765	  1	
355	399	765	  1	
355	439	765	  1	
356	312	765	  1	
357	139	765	  1	
357	211	765	  1	
357	342	765	  1	
357	375	765	  1	
358	101	765	  1	
358	357	765	  1	
358	560	765	  1	
359	 88	765	  1	
359	128	765	  1	
359	248	765	  1	
359	296	765	  1	
359	303	765	  1	
359	320	765	  1	
359	392	765	  1	
359	432	765	  1	
360	 34	765	  1	
360	 43	765	  1	
360	 75	765	  1	
360	106	765	  1	
360	111	765	  1	
360	180	765	  1	
360	208	765	  1	
360	224	765	  1	
360	232	765	  1	
360	272	765	  1	
360	343	765	  1	
360	368	765	  1	
360	411	765	  1	
360	444	765	  1	
360	454	765	  1	
361	 92	765	  1	
361	335	765	  1	
362	118	765	  1	
363	 24	765	  1	
363	231	765	  1	
364	432	765	  1	
365	 80	765	  1	
365	142	765	  1	
365	415	765	  1	
366	135	765	  1	
366	157	765	  1	
366	439	765	  1	
366	456	765	  1	
367	 55	765	  1	
367	 72	765	  1	
367	130	765	  1	
367	224	765	  1	
367	371	765	  1	
367	384	765	  1	
367	391	765	  1	
368	 56	765	  1	
368	 69	765	  1	
368	 96	765	  1	
368	128	765	  1	
368	198	765	  1	
368	203	765	  1	
368	222	765	  1	
368	229	765	  1	
368	237	765	  1	
368	352	765	  1	
368	406	765	  1	
368	427	765	  1	
368	475	765	  1	
370	344	765	  1	
370	440	765	  1	
371	101	765	  1	
371	216	765	  1	
371	232	765	  1	
371	252	765	  1	
372	450	765	  1	
373	131	765	  1	
373	432	765	  1	
374	 64	765	  1	
374	430	765	  1	
375	 44	765	  1	
375	200	765	  1	
375	207	765	  1	
375	260	765	  1	
375	352	765	  1	
375	406	765	  1	
376	 23	765	  1	
376	 48	765	  1	
376	 62	765	  1	
376	 74	765	  1	
376	101	765	  1	
376	112	765	  1	
376	142	765	  1	
376	150	765	  1	
376	211	765	  1	
376	216	765	  1	
376	336	765	  1	
376	399	765	  1	
376	519	765	  1	
377	145	765	  1	
378	  0	765	  1	
378	 16	765	  1	
378	133	765	  1	
378	320	765	  1	
378	339	765	  1	
379	157	765	  1	
379	198	765	  1	
379	215	765	  1	
379	255	765	  1	
379	359	765	  1	
379	414	765	  1	
379	512	765	  1	
379	552	765	  1	
380	 52	765	  1	
380	 88	765	  1	
380	149	765	  1	
380	203	765	  1	
380	226	765	  1	
382	  6	765	  1	
382	 77	765	  1	
382	 96	765	  1	
382	143	765	  1	
382	183	765	  1	
382	192	765	  1	
382	220	765	  1	
382	336	765	  1	
382	344	765	  1	
383	 23	765	  1	
383	128	765	  1	
383	145	765	  1	
383	168	765	  1	
383	250	765	  1	
383	328	765	  1	
383	352	765	  1	
383	399	765	  1	
383	519	765	  1	
383	599	765	  1	
384	  8	765	  1	
384	 14	765	  1	
384	 62	765	  1	
384	 70	765	  1	
384	 85	765	  1	
384	298	765	  1	
384	303	765	  1	
384	326	765	  1	
384	351	765	  1	
384	512	765	  1	
384	559	765	  1	
386	 56	765	  1	
386	176	765	  1	
386	552	765	  1	
387	 38	765	  1	
387	 59	765	  1	
387	331	765	  1	
387	359	765	  1	
388	192	765	  1	
389	128	765	  1	
389	168	765	  1	
389	182	765	  1	
389	344	765	  1	
390	298	765	  1	
390	336	765	  1	
390	408	765	  1	
391	303	765	  1	
391	503	765	  1	
391	519	765	  1	
391	554	765	  1	
392	 77	765	  1	
392	147	765	  1	
392	152	765	  1	
392	156	765	  1	
392	215	765	  1	
392	292	765	  1	
392	306	765	  1	
392	314	765	  1	
392	381	765	  1	
394	 70	765	  1	
394	167	765	  1	
394	192	765	  1	
394	232	765	  1	
395	 20	765	  1	
395	200	765	  1	
395	208	765	  1	
395	222	765	  1	
395	428	765	  1	
396	  1	765	  1	
396	 31	765	  1	
397	 59	765	  1	
397	115	765	  1	
397	144	765	  1	
397	311	765	  1	
398	  7	765	  1	
398	376	765	  1	
398	535	765	  1	
399	 12	765	  1	
399	215	765	  1	
399	232	765	  1	
399	295	765	  1	
400	  7	765	  1	
400	 19	765	  1	
400	 42	765	  1	
400	128	765	  1	
400	133	765	  1	
400	168	765	  1	
400	195	765	  1	
400	243	765	  1	
400	280	765	  1	
400	286	765	  1	
400	338	765	  1	
400	416	765	  1	
400	447	765	  1	
401	384	765	  1	
403	 40	765	  1	
403	 47	765	  1	
403	 64	765	  1	
403	416	765	  1	
405	 16	765	  1	
405	140	765	  1	
405	335	765	  1	
406	 31	765	  1	
406	118	765	  1	
406	133	765	  1	
406	471	765	  1	
407	 24	765	  1	
407	128	765	  1	
407	192	765	  1	
407	199	765	  1	
407	240	765	  1	
407	247	765	  1	
407	384	765	  1	
407	422	765	  1	
408	  4	765	  1	
408	 15	765	  1	
408	 38	765	  1	
408	 48	765	  1	
408	 75	765	  1	
408	 85	765	  1	
408	112	765	  1	
408	125	765	  1	
408	144	765	  1	
408	160	765	  1	
408	191	765	  1	
408	200	765	  1	
408	223	765	  1	
408	312	765	  1	
408	331	765	  1	
408	349	765	  1	
408	431	765	  1	
408	480	765	  1	
409	 32	765	  1	
410	150	765	  1	
411	184	765	  1	
411	388	765	  1	
412	103	765	  1	
413	176	765	  1	
413	183	765	  1	
413	384	765	  1	
413	392	765	  1	
413	399	765	  1	
414	 19	765	  1	
414	144	765	  1	
414	344	765	  1	
415	  3	765	  1	
415	 75	765	  1	
415	191	765	  1	
415	328	765	  1	
415	335	765	  1	
415	389	765	  1	
415	435	765	  1	
415	480	765	  1	
416	 48	765	  1	
416	 52	765	  1	
416	151	765	  1	
416	184	765	  1	
416	200	765	  1	
416	242	765	  1	
416	327	765	  1	
416	357	765	  1	
416	409	765	  1	
416	591	765	  1	
417	 18	765	  1	
417	123	765	  1	
418	 71	765	  1	
418	136	765	  1	
419	320	765	  1	
419	344	765	  1	
420	 57	765	  1	
420	487	765	  1	
420	591	765	  1	
421	115	765	  1	
421	120	765	  1	
421	158	765	  1	
421	296	765	  1	
422	 11	765	  1	
422	 15	765	  1	
422	142	765	  1	
422	420	765	  1	
423	 34	765	  1	
423	207	765	  1	
423	327	765	  1	
423	357	765	  1	
424	  5	765	  1	
424	 16	765	  1	
424	110	765	  1	
424	162	765	  1	
424	167	765	  1	
424	171	765	  1	
424	187	765	  1	
424	196	765	  1	
424	239	765	  1	
424	259	765	  1	
424	296	765	  1	
424	303	765	  1	
424	312	765	  1	
424	316	765	  1	
424	335	765	  1	
424	527	765	  1	
425	 83	765	  1	
426	 67	765	  1	
426	107	765	  1	
426	176	765	  1	
426	481	765	  1	
427	120	765	  1	
427	223	765	  1	
428	243	765	  1	
429	 63	765	  1	
429	126	765	  1	
429	567	765	  1	
430	320	765	  1	
431	 22	765	  1	
431	159	765	  1	
431	168	765	  1	
431	175	765	  1	
431	184	765	  1	
431	191	765	  1	
431	196	765	  1	
431	207	765	  1	
431	256	765	  1	
431	263	765	  1	
431	527	765	  1	
432	 80	765	  1	
432	128	765	  1	
432	156	765	  1	
432	226	765	  1	
432	235	765	  1	
432	259	765	  1	
433	106	765	  1	
433	111	765	  1	
434	213	765	  1	
434	327	765	  1	
435	 85	765	  1	
435	103	765	  1	
435	182	765	  1	
435	238	765	  1	
436	 59	765	  1	
436	208	765	  1	
437	 14	765	  1	
437	 52	765	  1	
437	174	765	  1	
437	256	765	  1	
437	310	765	  1	
438	 98	765	  1	
439	152	765	  1	
439	216	765	  1	
439	226	765	  1	
439	327	765	  1	
439	430	765	  1	
440	  1	765	  1	
440	 16	765	  1	
440	 23	765	  1	
440	 32	765	  1	
440	 79	765	  1	
440	104	765	  1	
440	126	765	  1	
440	135	765	  1	
440	139	765	  1	
440	157	765	  1	
440	162	765	  1	
440	176	765	  1	
440	267	765	  1	
440	475	765	  1	
441	 74	765	  1	
442	253	765	  1	
443	 37	765	  1	
443	123	765	  1	
443	156	765	  1	
443	222	765	  1	
444	147	765	  1	
445	 92	765	  1	
445	347	765	  1	
446	197	765	  1	
446	268	765	  1	
447	 62	765	  1	
447	 76	765	  1	
447	133	765	  1	
447	208	765	  1	
448	 45	765	  1	
448	 67	765	  1	
448	 84	765	  1	
448	100	765	  1	
448	120	765	  1	
448	151	765	  1	
448	246	765	  1	
448	328	765	  1	
448	371	765	  1	
448	440	765	  1	
448	479	765	  1	
450	167	765	  1	
451	232	765	  1	
451	439	765	  1	
451	470	765	  1	
452	 96	765	  1	
452	148	765	  1	
452	157	765	  1	
453	 44	765	  1	
453	 78	765	  1	
453	165	765	  1	
453	187	765	  1	
453	330	765	  1	
454	160	765	  1	
454	224	765	  1	
454	231	765	  1	
454	255	765	  1	
455	 56	765	  1	
455	 99	765	  1	
455	121	765	  1	
455	144	765	  1	
455	269	765	  1	
455	443	765	  1	
456	  6	765	  1	
456	 15	765	  1	
456	 31	765	  1	
456	 48	765	  1	
456	 86	765	  1	
456	139	765	  1	
456	151	765	  1	
456	156	765	  1	
456	240	765	  1	
456	277	765	  1	
456	282	765	  1	
456	320	765	  1	
456	328	765	  1	
456	347	765	  1	
456	352	765	  1	
457	162	765	  1	
458	147	765	  1	
458	167	765	  1	
458	210	765	  1	
459	  0	765	  1	
459	 87	765	  1	
459	327	765	  1	
459	335	765	  1	
460	 12	765	  1	
460	344	765	  1	
461	 35	765	  1	
461	 76	765	  1	
461	288	765	  1	
461	304	765	  1	
462	192	765	  1	
462	196	765	  1	
462	592	765	  1	
463	  3	765	  1	
463	 31	765	  1	
463	 48	765	  1	
463	253	765	  1	
463	320	765	  1	
463	328	765	  1	
464	  5	765	  1	
464	  8	765	  1	
464	 88	765	  1	
464	123	765	  1	
464	153	765	  1	
464	232	765	  1	
464	280	765	  1	
464	297	765	  1	
464	360	765	  1	
464	367	765	  1	
465	296	765	  1	
465	303	765	  1	
466	 80	765	  1	
466	172	765	  1	
467	 64	765	  1	
467	287	765	  1	
467	384	765	  1	
468	 38	765	  1	
468	164	765	  1	
468	184	765	  1	
469	  2	765	  1	
469	 47	765	  1	
469	 56	765	  1	
470	 32	765	  1	
470	 40	765	  1	
470	199	765	  1	
470	295	765	  1	
470	354	765	  1	
471	120	765	  1	
471	127	765	  1	
471	207	765	  1	
471	232	765	  1	
472	 67	765	  1	
472	109	765	  1	
472	184	765	  1	
472	191	765	  1	
472	210	765	  1	
472	242	765	  1	
472	247	765	  1	
472	280	765	  1	
472	312	765	  1	
472	319	765	  1	
472	341	765	  1	
472	421	765	  1	
474	 40	765	  1	
475	143	765	  1	
475	272	765	  1	
477	 60	765	  1	
477	104	765	  1	
477	152	765	  1	
478	 46	765	  1	
478	175	765	  1	
479	184	765	  1	
479	191	765	  1	
479	280	765	  1	
479	315	765	  1	
480	 24	765	  1	
480	 43	765	  1	
480	 74	765	  1	
480	 80	765	  1	
480	112	765	  1	
480	231	765	  1	
480	248	765	  1	
480	264	765	  1	
480	306	765	  1	
482	254	765	  1	
482	310	765	  1	
482	320	765	  1	
482	360	765	  1	
482	479	765	  1	
483	119	765	  1	
483	126	765	  1	
483	280	765	  1	
484	 31	765	  1	
484	330	765	  1	
484	424	765	  1	
485	 14	765	  1	
485	 64	765	  1	
485	104	765	  1	
485	111	765	  1	
485	416	765	  1	
486	248	765	  1	
487	304	765	  1	
487	347	765	  1	
488	 44	765	  1	
488	 52	765	  1	
488	 87	765	  1	
488	134	765	  1	
488	176	765	  1	
488	183	765	  1	
488	187	765	  1	
488	195	765	  1	
488	240	765	  1	
488	244	765	  1	
488	255	765	  1	
488	392	765	  1	
490	 65	765	  1	
491	 86	765	  1	
491	128	765	  1	
491	280	765	  1	
492	 71	765	  1	
493	192	765	  1	
493	255	765	  1	
493	455	765	  1	
495	 64	765	  1	
495	179	765	  1	
495	249	765	  1	
495	304	765	  1	
496	 48	765	  1	
496	 55	765	  1	
496	 62	765	  1	
496	122	765	  1	
496	144	765	  1	
496	167	765	  1	
496	174	765	  1	
496	210	765	  1	
496	216	765	  1	
496	222	765	  1	
496	237	765	  1	
496	285	765	  1	
496	312	765	  1	
498	 59	765	  1	
498	 85	765	  1	
499	 24	765	  1	
499	104	765	  1	
499	186	765	  1	
499	272	765	  1	
500	134	765	  1	
500	310	765	  1	
501	 72	765	  1	
501	165	765	  1	
501	180	765	  1	
501	216	765	  1	
501	223	765	  1	
501	296	765	  1	
501	330	765	  1	
502	 63	765	  1	
502	 68	765	  1	
502	194	765	  1	
502	304	765	  1	
503	146	765	  1	
503	184	765	  1	
503	253	765	  1	
504	 19	765	  1	
504	 99	765	  1	
504	112	765	  1	
504	139	765	  1	
504	176	765	  1	
504	208	765	  1	
504	245	765	  1	
504	269	765	  1	
504	272	765	  1	
504	287	765	  1	
504	328	765	  1	
505	 30	765	  1	
505	 64	765	  1	
505	 80	765	  1	
506	104	765	  1	
506	358	765	  1	
507	 16	765	  1	
507	 23	765	  1	
507	120	765	  1	
507	237	765	  1	
508	161	765	  1	
510	176	765	  1	
511	 19	765	  1	
511	 88	765	  1	
511	136	765	  1	
511	189	765	  1	
511	266	765	  1	
511	272	765	  1	
511	283	765	  1	
512	 15	765	  1	
512	 37	765	  1	
512	 41	765	  1	
512	 46	765	  1	
512	 59	765	  1	
512	 80	765	  1	
512	128	765	  1	
512	150	765	  1	
512	237	765	  1	
512	256	765	  1	
512	280	765	  1	
512	359	765	  1	
512	389	765	  1	
512	396	765	  1	
514	 32	765	  1	
514	 71	765	  1	
514	144	765	  1	
514	159	765	  1	
514	222	765	  1	
515	211	765	  1	
515	287	765	  1	
516	 66	765	  1	
516	384	765	  1	
517	 96	765	  1	
517	232	765	  1	
518	 38	765	  1	
518	 47	765	  1	
518	120	765	  1	
518	227	765	  1	
518	415	765	  1	
519	 15	765	  1	
519	 62	765	  1	
519	 81	765	  1	
519	128	765	  1	
519	256	765	  1	
519	280	765	  1	
520	 64	765	  1	
520	 80	765	  1	
520	104	765	  1	
520	111	765	  1	
520	179	765	  1	
520	247	765	  1	
520	264	765	  1	
520	271	765	  1	
520	341	765	  1	
520	398	765	  1	
522	  5	765	  1	
522	301	765	  1	
523	 86	765	  1	
523	176	765	  1	
523	288	765	  1	
523	296	765	  1	
524	  2	765	  1	
524	214	765	  1	
524	232	765	  1	
524	352	765	  1	
525	  8	765	  1	
525	 93	765	  1	
525	228	765	  1	
526	 75	765	  1	
526	239	765	  1	
527	105	765	  1	
527	223	765	  1	
527	424	765	  1	
528	 32	765	  1	
528	 40	765	  1	
528	 47	765	  1	
528	178	765	  1	
528	201	765	  1	
528	232	765	  1	
528	280	765	  1	
530	168	765	  1	
530	172	765	  1	
530	328	765	  1	
531	 94	765	  1	
531	207	765	  1	
531	302	765	  1	
531	384	765	  1	
532	359	765	  1	
533	111	765	  1	
533	239	765	  1	
534	 51	765	  1	
534	344	765	  1	
535	 35	765	  1	
535	 80	765	  1	
535	168	765	  1	
535	172	765	  1	
535	184	765	  1	
536	 32	765	  1	
536	 83	765	  1	
536	 87	765	  1	
536	104	765	  1	
536	112	765	  1	
536	147	765	  1	
536	205	765	  1	
536	248	765	  1	
536	274	765	  1	
536	279	765	  1	
536	440	765	  1	
538	119	765	  1	
539	 39	765	  1	
539	134	765	  1	
539	254	765	  1	
539	295	765	  1	
541	110	765	  1	
542	 47	765	  1	
542	 81	765	  1	
542	179	765	  1	
542	276	765	  1	
543	 32	765	  1	
543	 95	765	  1	
543	144	765	  1	
543	344	765	  1	
543	352	765	  1	
543	440	765	  1	
544	 15	765	  1	
544	 80	765	  1	
544	124	765	  1	
544	147	765	  1	
544	157	765	  1	
544	170	765	  1	
544	222	765	  1	
544	232	765	  1	
544	285	765	  1	
544	423	765	  1	
545	 87	765	  1	
545	218	765	  1	
546	248	765	  1	
546	261	765	  1	
546	280	765	  1	
547	231	765	  1	
549	182	765	  1	
550	 15	765	  1	
550	286	765	  1	
551	 24	765	  1	
551	 72	765	  1	
551	223	765	  1	
551	252	765	  1	
551	261	765	  1	
551	394	765	  1	
552	360	765	  1	
552	429	765	  1	
552	543	765	  1	
554	104	765	  1	
554	132	765	  1	
554	351	765	  1	
555	 79	765	  1	
555	231	765	  1	
555	336	765	  1	
556	112	765	  1	
557	272	765	  1	
557	346	765	  1	
558	 72	765	  1	
558	119	765	  1	
559	125	765	  1	
559	144	765	  1	
559	224	765	  1	
559	351	765	  1	
559	373	765	  1	
560	 88	765	  1	
560	107	765	  1	
560	138	765	  1	
560	195	765	  1	
560	303	765	  1	
560	316	765	  1	
560	384	765	  1	
560	416	765	  1	
562	104	765	  1	
562	111	765	  1	
563	152	765	  1	
563	296	765	  1	
563	423	765	  1	
565	136	765	  1	
565	143	765	  1	
566	 93	765	  1	
566	219	765	  1	
566	331	765	  1	
567	107	765	  1	
567	192	765	  1	
567	199	765	  1	
567	303	765	  1	
567	376	765	  1	
567	416	765	  1	
567	480	765	  1	
568	 48	765	  1	
568	 52	765	  1	
568	 84	765	  1	
568	168	765	  1	
568	184	765	  1	
568	232	765	  1	
568	250	765	  1	
568	264	765	  1	
568	280	765	  1	
568	403	765	  1	
569	208	765	  1	
569	215	765	  1	
570	 25	765	  1	
571	104	765	  1	
571	111	765	  1	
574	168	765	  1	
575	236	765	  1	
575	376	765	  1	
576	  9	765	  1	
576	 43	765	  1	
576	195	765	  1	
576	283	765	  1	
576	295	765	  1	
576	335	765	  1	
576	469	765	  1	
576	512	765	  1	
577	290	765	  1	
579	304	765	  1	
579	311	765	  1	
581	 96	765	  1	
581	103	765	  1	
581	208	765	  1	
582	303	765	  1	
583	192	765	  1	
583	199	765	  1	
583	280	765	  1	
583	287	765	  1	
584	256	765	  1	
584	275	765	  1	
584	350	765	  1	
584	364	765	  1	
584	434	765	  1	
584	439	765	  1	
584	482	765	  1	
584	487	765	  1	
585	229	765	  1	
589	136	765	  1	
589	296	765	  1	
589	311	765	  1	
590	111	765	  1	
590	123	765	  1	
590	299	765	  1	
591	 79	765	  1	
591	211	765	  1	
591	260	765	  1	
592	187	765	  1	
592	267	765	  1	
592	320	765	  1	
592	327	765	  1	
592	432	765	  1	
592	440	765	  1	
594	295	765	  1	
594	490	765	  1	
595	  4	765	  1	
595	 91	765	  1	
595	206	765	  1	
595	231	765	  1	
595	296	765	  1	
595	536	765	  1	
596	 71	765	  1	
596	230	765	  1	
597	216	765	  1	
597	229	765	  1	
597	288	765	  1	
598	 99	765	  1	
598	106	765	  1	
599	158	765	  1	
599	224	765	  1	
599	285	765	  1	
599	346	765	  1	
599	482	765	  1	
600	  2	765	  1	
600	 96	765	  1	
600	120	765	  1	
600	168	765	  1	
600	208	765	  1	
600	254	765	  1	
600	261	765	  1	
600	391	765	  1	
602	284	765	  1	
603	211	765	  1	
604	 64	765	  1	
604	 74	765	  1	
605	 69	765	  1	
605	269	765	  1	
607	208	765	  1	
607	215	765	  1	
607	440	765	  1	
608	 32	765	  1	
608	 71	765	  1	
608	111	765	  1	
608	216	765	  1	
608	346	765	  1	
608	386	765	  1	
608	503	765	  1	
609	504	765	  1	
612	503	765	  1	
613	 88	765	  1	
614	159	765	  1	
614	312	765	  1	
615	135	765	  1	
615	272	765	  1	
615	346	765	  1	
615	356	765	  1	
615	431	765	  1	
616	 84	765	  1	
616	303	765	  1	
619	296	765	  1	
622	 70	765	  1	
623	 55	765	  1	
623	303	765	  1	
624	  3	765	  1	
624	 36	765	  1	
624	 80	765	  1	
624	447	765	  1	
624	480	765	  1	
627	109	765	  1	
627	189	765	  1	
628	  0	765	  1	
631	  7	765	  1	
631	104	765	  1	
631	135	765	  1	
631	490	765	  1	
632	  8	765	  1	
632	223	765	  1	
635	 15	765	  1	
636	110	765	  1	
636	215	765	  1	
638	132	765	  1	
638	304	765	  1	
639	 63	765	  1	
639	223	765	  1	
639	415	765	  1	
639	520	765	  1	
640	271	765	  1	
640	328	765	  1	
640	384	765	  1	
645	114	765	  1	
648	304	765	  1	
648	392	765	  1	
650	316	765	  1	
652	104	765	  1	
655	282	765	  1	
655	352	765	  1	
659	 21	765	  1	
663	114	765	  1	
663	368	765	  1	
664	 75	765	  1	
671	 87	765	  1	
672	141	765	  1	
672	223	765	  1	
672	475	765	  1	
674	347	765	  1	
676	272	765	  1	
684	287	765	  1	
686	147	765	  1	
695	293	765	  1	
695	383	765	  1	
700	159	765	  1	
711	275	765	  1	
712	467	765	  1	
720	256	765	  1	
736	139	765	  1	
736	263	765	  1	
736	343	765	  1	
