# 
#  Image file: Goad1_T0040.jpg
#  Applied threshold: 575
#  Algorithm used: fill2                 
#  Particle count: 1916
#  Location (x,y), max luminance, and mass:
# 
  0	197	765	  1	
  7	 26	765	  1	
  7	190	765	  1	
  7	376	765	  1	
 10	152	765	  1	
 11	126	765	  1	
 11	522	765	  1	
 15	267	765	  1	
 15	271	765	  1	
 15	424	765	  1	
 32	296	765	  1	
 40	  7	765	  1	
 40	 72	765	  1	
 42	167	765	  1	
 46	210	765	  1	
 53	344	765	  1	
 55	  7	765	  1	
 55	 87	765	  1	
 55	145	765	  1	
 61	415	765	  1	
 63	408	765	  1	
 67	168	765	  1	
 67	259	765	  1	
 75	108	765	  1	
 78	171	765	  1	
 78	456	765	  1	
 87	167	765	  1	
 87	345	765	  1	
 87	527	765	  1	
 88	232	765	  1	
 88	320	765	  1	
 89	343	765	  1	
 92	247	765	  1	
 95	320	765	  1	
 96	 95	765	  1	
 96	142	765	  1	
 96	328	765	  1	
102	 88	765	  1	
103	471	765	  1	
104	151	765	  1	
104	344	765	  1	
104	408	765	  1	
104	415	765	  1	
106	512	765	  1	
106	598	765	  1	
107	 79	765	  1	
109	311	765	  1	
111	 75	765	  1	
111	199	765	  1	
111	264	765	  1	
111	271	765	  1	
111	344	765	  1	
111	411	765	  1	
112	103	765	  1	
112	326	765	  1	
113	261	765	  1	
113	266	765	  1	
114	129	765	  1	
114	333	765	  1	
116	293	765	  1	
117	 80	765	  1	
118	122	765	  1	
120	189	765	  1	
120	327	765	  1	
120	378	765	  1	
122	215	765	  1	
123	  0	765	  1	
123	203	765	  1	
123	320	765	  1	
123	341	765	  1	
127	259	765	  1	
127	327	765	  1	
128	  8	765	  1	
128	141	765	  1	
128	152	765	  1	
128	188	765	  1	
128	279	765	  1	
128	495	765	  1	
129	 91	765	  1	
129	287	765	  1	
129	490	765	  1	
130	488	765	  1	
131	352	765	  1	
131	432	765	  1	
133	343	765	  1	
134	372	765	  1	
135	101	765	  1	
135	279	765	  1	
136	109	765	  1	
136	319	765	  1	
136	440	765	  1	
138	104	765	  1	
138	167	765	  1	
141	129	765	  1	
142	 11	765	  1	
142	109	765	  1	
142	139	765	  1	
142	208	765	  1	
143	 56	765	  1	
143	286	765	  1	
143	309	765	  1	
144	103	765	  1	
144	174	765	  1	
144	251	765	  1	
144	271	765	  1	
144	328	765	  1	
146	168	765	  1	
146	440	765	  1	
147	400	765	  1	
148	261	765	  1	
149	 56	765	  1	
150	471	765	  1	
151	 48	765	  1	
151	172	765	  1	
152	 95	765	  1	
152	110	765	  1	
152	135	765	  1	
152	175	765	  1	
152	187	765	  1	
153	407	765	  1	
154	103	765	  1	
156	 87	765	  1	
157	154	765	  1	
157	159	765	  1	
159	 80	765	  1	
159	184	765	  1	
159	191	765	  1	
159	562	765	  1	
160	 72	765	  1	
160	 79	765	  1	
160	112	765	  1	
160	128	765	  1	
160	135	765	  1	
160	142	765	  1	
160	150	765	  1	
160	168	765	  1	
160	335	765	  1	
160	357	765	  1	
160	414	765	  1	
160	439	765	  1	
160	486	765	  1	
161	433	765	  1	
164	  0	765	  1	
164	102	765	  1	
164	126	765	  1	
165	144	765	  1	
165	204	765	  1	
166	  7	765	  1	
166	120	765	  1	
166	136	765	  1	
167	128	765	  1	
167	176	765	  1	
167	271	765	  1	
168	 96	765	  1	
168	141	765	  1	
168	152	765	  1	
168	264	765	  1	
168	292	765	  1	
168	314	765	  1	
168	352	765	  1	
168	426	765	  1	
168	439	765	  1	
168	487	765	  1	
169	104	765	  1	
170	 88	765	  1	
170	261	765	  1	
171	112	765	  1	
171	256	765	  1	
172	367	765	  1	
172	405	765	  1	
173	 99	765	  1	
173	128	765	  1	
173	167	765	  1	
174	 80	765	  1	
175	 48	765	  1	
175	 56	765	  1	
175	 94	765	  1	
175	319	765	  1	
176	 55	765	  1	
176	156	765	  1	
176	219	765	  1	
176	243	765	  1	
176	281	765	  1	
176	395	765	  1	
179	 95	765	  1	
180	432	765	  1	
181	103	765	  1	
181	423	765	  1	
183	 90	765	  1	
183	240	765	  1	
183	247	765	  1	
184	 93	765	  1	
184	109	765	  1	
184	118	765	  1	
184	131	765	  1	
184	319	765	  1	
184	376	765	  1	
185	304	765	  1	
185	367	765	  1	
185	383	765	  1	
186	 96	765	  1	
187	 55	765	  1	
187	133	765	  1	
187	400	765	  1	
188	309	765	  1	
189	 45	765	  1	
190	102	765	  1	
190	287	765	  1	
191	352	765	  1	
191	405	765	  1	
191	452	765	  1	
192	 92	765	  1	
192	106	765	  1	
192	120	765	  1	
192	136	765	  1	
192	184	765	  1	
192	256	765	  1	
192	263	765	  1	
193	 72	765	  1	
193	 79	765	  1	
193	191	765	  1	
193	243	765	  1	
196	300	765	  1	
197	 95	765	  1	
197	280	765	  1	
197	350	765	  1	
197	376	765	  1	
198	322	765	  1	
198	327	765	  1	
198	472	765	  1	
199	120	765	  1	
199	125	765	  1	
199	224	765	  1	
199	232	765	  1	
199	259	765	  1	
199	271	765	  1	
199	311	765	  1	
199	382	765	  1	
199	436	765	  1	
200	 16	765	  1	
200	 32	765	  1	
200	111	765	  1	
200	119	765	  1	
200	123	765	  1	
200	152	765	  1	
200	175	765	  1	
200	216	765	  1	
200	225	765	  1	
200	368	765	  1	
200	400	765	  1	
200	509	765	  1	
201	157	765	  1	
202	 56	765	  1	
202	167	765	  1	
202	269	765	  1	
203	133	765	  1	
203	264	765	  1	
203	280	765	  1	
203	360	765	  1	
203	416	765	  1	
204	504	765	  1	
205	160	765	  1	
206	286	765	  1	
207	175	765	  1	
207	457	765	  1	
208	  0	765	  1	
208	 48	765	  1	
208	 96	765	  1	
208	143	765	  1	
208	152	765	  1	
208	187	765	  1	
208	214	765	  1	
208	280	765	  1	
208	413	765	  1	
210	122	765	  1	
210	400	765	  1	
211	112	765	  1	
211	179	765	  1	
211	375	765	  1	
212	327	765	  1	
213	 75	765	  1	
213	158	765	  1	
213	224	765	  1	
213	282	765	  1	
213	315	765	  1	
213	320	765	  1	
213	366	765	  1	
215	 37	765	  1	
215	 47	765	  1	
215	197	765	  1	
215	214	765	  1	
215	456	765	  1	
215	528	765	  1	
216	 60	765	  1	
216	152	765	  1	
216	184	765	  1	
216	271	765	  1	
216	354	765	  1	
216	412	765	  1	
216	515	765	  1	
217	143	765	  1	
218	  5	765	  1	
218	162	765	  1	
218	167	765	  1	
218	258	765	  1	
219	  6	765	  1	
219	136	765	  1	
219	248	765	  1	
219	432	765	  1	
220	  7	765	  1	
220	 58	765	  1	
220	271	765	  1	
220	359	765	  1	
220	408	765	  1	
221	423	765	  1	
222	191	765	  1	
222	352	765	  1	
222	472	765	  1	
223	440	765	  1	
224	 56	765	  1	
224	 63	765	  1	
224	 96	765	  1	
224	147	765	  1	
224	192	765	  1	
224	240	765	  1	
224	279	765	  1	
224	344	765	  1	
224	439	765	  1	
224	544	765	  1	
224	559	765	  1	
226	174	765	  1	
226	418	765	  1	
227	120	765	  1	
227	432	765	  1	
228	 99	765	  1	
229	 48	765	  1	
229	112	765	  1	
229	388	765	  1	
230	168	765	  1	
230	247	765	  1	
231	  6	765	  1	
231	275	765	  1	
231	431	765	  1	
231	439	765	  1	
231	544	765	  1	
232	 80	765	  1	
232	 92	765	  1	
232	121	765	  1	
232	131	765	  1	
232	182	765	  1	
232	216	765	  1	
232	236	765	  1	
232	292	765	  1	
232	304	765	  1	
232	397	765	  1	
232	416	765	  1	
232	440	765	  1	
234	280	765	  1	
234	480	765	  1	
235	223	765	  1	
235	345	765	  1	
235	359	765	  1	
235	400	765	  1	
236	 94	765	  1	
236	355	765	  1	
236	423	765	  1	
237	 72	765	  1	
237	239	765	  1	
237	472	765	  1	
238	328	765	  1	
238	392	765	  1	
238	418	765	  1	
239	192	765	  1	
239	216	765	  1	
239	275	765	  1	
239	311	765	  1	
239	429	765	  1	
239	486	765	  1	
240	  0	765	  1	
240	  7	765	  1	
240	 14	765	  1	
240	 34	765	  1	
240	 56	765	  1	
240	143	765	  1	
240	176	765	  1	
240	183	765	  1	
240	213	765	  1	
240	232	765	  1	
240	256	765	  1	
240	262	765	  1	
240	446	765	  1	
240	456	765	  1	
240	462	765	  1	
240	466	765	  1	
241	440	765	  1	
242	118	765	  1	
242	416	765	  1	
243	 39	765	  1	
243	112	765	  1	
243	376	765	  1	
243	464	765	  1	
243	479	765	  1	
244	474	765	  1	
245	208	765	  1	
245	219	765	  1	
245	366	765	  1	
245	404	765	  1	
245	459	765	  1	
245	487	765	  1	
246	 11	765	  1	
246	163	765	  1	
246	311	765	  1	
246	421	765	  1	
247	152	765	  1	
247	235	765	  1	
247	256	765	  1	
247	296	765	  1	
248	 16	765	  1	
248	 32	765	  1	
248	 67	765	  1	
248	104	765	  1	
248	123	765	  1	
248	127	765	  1	
248	167	765	  1	
248	200	765	  1	
248	204	765	  1	
248	267	765	  1	
248	352	765	  1	
248	383	765	  1	
248	432	765	  1	
248	451	765	  1	
248	464	765	  1	
250	116	765	  1	
250	144	765	  1	
250	151	765	  1	
250	175	765	  1	
250	360	765	  1	
250	461	765	  1	
251	319	765	  1	
251	376	765	  1	
251	469	765	  1	
252	456	765	  1	
253	 80	765	  1	
253	438	765	  1	
254	356	765	  1	
254	365	765	  1	
255	 39	765	  1	
255	120	765	  1	
255	287	765	  1	
255	383	765	  1	
255	448	765	  1	
255	455	765	  1	
255	461	765	  1	
256	 32	765	  1	
256	 50	765	  1	
256	152	765	  1	
256	157	765	  1	
256	174	765	  1	
256	214	765	  1	
256	224	765	  1	
256	269	765	  1	
256	276	765	  1	
256	289	765	  1	
256	334	765	  1	
256	400	765	  1	
256	432	765	  1	
256	482	765	  1	
257	255	765	  1	
258	498	765	  1	
259	350	765	  1	
260	 88	765	  1	
260	124	765	  1	
260	174	765	  1	
260	528	765	  1	
261	 48	765	  1	
261	 55	765	  1	
261	208	765	  1	
261	264	765	  1	
261	472	765	  1	
261	487	765	  1	
262	 39	765	  1	
262	163	765	  1	
262	231	765	  1	
262	278	765	  1	
262	453	765	  1	
263	272	765	  1	
263	462	765	  1	
263	503	765	  1	
264	 80	765	  1	
264	144	765	  1	
264	166	765	  1	
264	205	765	  1	
264	216	765	  1	
264	226	765	  1	
264	440	765	  1	
264	466	765	  1	
264	491	765	  1	
265	183	765	  1	
267	343	765	  1	
267	376	765	  1	
267	390	765	  1	
267	480	765	  1	
267	560	765	  1	
268	287	765	  1	
269	163	765	  1	
269	231	765	  1	
269	349	765	  1	
269	450	765	  1	
269	464	765	  1	
269	471	765	  1	
269	543	765	  1	
270	110	765	  1	
270	176	765	  1	
270	413	765	  1	
270	444	765	  1	
270	500	765	  1	
271	330	765	  1	
271	382	765	  1	
271	536	765	  1	
272	  8	765	  1	
272	 24	765	  1	
272	 30	765	  1	
272	 66	765	  1	
272	 70	765	  1	
272	182	765	  1	
272	190	765	  1	
272	199	765	  1	
272	258	765	  1	
272	263	765	  1	
272	281	765	  1	
272	419	765	  1	
272	459	765	  1	
272	475	765	  1	
273	 47	765	  1	
273	271	765	  1	
274	179	765	  1	
275	 15	765	  1	
275	311	765	  1	
276	206	765	  1	
276	326	765	  1	
276	331	765	  1	
277	168	765	  1	
277	187	765	  1	
277	355	765	  1	
278	 32	765	  1	
278	183	765	  1	
278	256	765	  1	
278	261	765	  1	
278	463	765	  1	
279	  8	765	  1	
279	 16	765	  1	
279	 65	765	  1	
279	195	765	  1	
279	304	765	  1	
279	320	765	  1	
279	416	765	  1	
279	423	765	  1	
279	451	765	  1	
279	455	765	  1	
279	472	765	  1	
279	479	765	  1	
280	  5	765	  1	
280	 42	765	  1	
280	 68	765	  1	
280	 91	765	  1	
280	150	765	  1	
280	161	765	  1	
280	221	765	  1	
280	271	765	  1	
280	288	765	  1	
280	392	765	  1	
280	396	765	  1	
280	440	765	  1	
280	466	765	  1	
280	494	765	  1	
281	248	765	  1	
281	255	765	  1	
281	378	765	  1	
282	126	765	  1	
282	212	765	  1	
282	333	765	  1	
283	320	765	  1	
283	432	765	  1	
283	439	765	  1	
284	230	765	  1	
285	  0	765	  1	
285	174	765	  1	
285	216	765	  1	
285	446	765	  1	
285	496	765	  1	
285	501	765	  1	
286	 69	765	  1	
286	224	765	  1	
287	 24	765	  1	
287	251	765	  1	
287	331	765	  1	
287	335	765	  1	
287	415	765	  1	
287	476	765	  1	
287	518	765	  1	
288	 16	765	  1	
288	 73	765	  1	
288	 84	765	  1	
288	 88	765	  1	
288	102	765	  1	
288	181	765	  1	
288	248	765	  1	
288	254	765	  1	
288	296	765	  1	
288	302	765	  1	
288	311	765	  1	
288	453	765	  1	
288	566	765	  1	
289	496	765	  1	
290	324	765	  1	
290	383	765	  1	
290	391	765	  1	
291	405	765	  1	
293	168	765	  1	
293	291	765	  1	
293	328	765	  1	
294	 85	765	  1	
295	 73	765	  1	
295	 99	765	  1	
295	251	765	  1	
295	307	765	  1	
295	371	765	  1	
295	560	765	  1	
295	571	765	  1	
295	592	765	  1	
296	 24	765	  1	
296	 88	765	  1	
296	104	765	  1	
296	184	765	  1	
296	232	765	  1	
296	240	765	  1	
296	310	765	  1	
296	356	765	  1	
296	362	765	  1	
296	376	765	  1	
296	422	765	  1	
296	528	765	  1	
296	535	765	  1	
297	218	765	  1	
297	223	765	  1	
298	190	765	  1	
298	245	765	  1	
298	287	765	  1	
299	 56	765	  1	
299	205	765	  1	
299	350	765	  1	
299	416	765	  1	
300	103	765	  1	
301	 92	765	  1	
301	144	765	  1	
301	151	765	  1	
301	167	765	  1	
302	 31	765	  1	
302	107	765	  1	
302	184	765	  1	
302	315	765	  1	
302	319	765	  1	
302	531	765	  1	
303	245	765	  1	
303	502	765	  1	
304	 24	765	  1	
304	 59	765	  1	
304	 65	765	  1	
304	116	765	  1	
304	168	765	  1	
304	175	765	  1	
304	195	765	  1	
304	251	765	  1	
304	311	765	  1	
304	387	765	  1	
306	208	765	  1	
306	527	765	  1	
307	112	765	  1	
307	368	765	  1	
308	352	765	  1	
309	  8	765	  1	
309	147	765	  1	
309	255	765	  1	
310	 24	765	  1	
310	 71	765	  1	
310	103	765	  1	
310	227	765	  1	
310	311	765	  1	
311	100	765	  1	
311	171	765	  1	
311	192	765	  1	
311	199	765	  1	
311	232	765	  1	
311	239	765	  1	
311	291	765	  1	
311	392	765	  1	
311	419	765	  1	
312	  0	765	  1	
312	  6	765	  1	
312	 76	765	  1	
312	109	765	  1	
312	138	765	  1	
312	143	765	  1	
312	152	765	  1	
312	159	765	  1	
312	187	765	  1	
312	296	765	  1	
312	302	765	  1	
312	318	765	  1	
312	354	765	  1	
312	373	765	  1	
312	380	765	  1	
312	460	765	  1	
312	472	765	  1	
312	519	765	  1	
314	 72	765	  1	
315	 69	765	  1	
315	 88	765	  1	
315	264	765	  1	
315	312	765	  1	
315	334	765	  1	
315	392	765	  1	
316	 64	765	  1	
316	 77	765	  1	
316	155	765	  1	
316	599	765	  1	
317	 86	765	  1	
317	320	765	  1	
317	352	765	  1	
317	359	765	  1	
317	368	765	  1	
318	328	765	  1	
318	440	765	  1	
318	519	765	  1	
319	 15	765	  1	
319	 72	765	  1	
319	248	765	  1	
319	383	765	  1	
319	584	765	  1	
320	  0	765	  1	
320	 26	765	  1	
320	 55	765	  1	
320	 90	765	  1	
320	 95	765	  1	
320	100	765	  1	
320	105	765	  1	
320	117	765	  1	
320	181	765	  1	
320	263	765	  1	
320	267	765	  1	
320	272	765	  1	
320	296	765	  1	
320	303	765	  1	
320	371	765	  1	
320	388	765	  1	
320	416	765	  1	
320	423	765	  1	
320	520	765	  1	
320	575	765	  1	
321	128	765	  1	
321	144	765	  1	
322	  8	765	  1	
322	236	765	  1	
322	366	765	  1	
322	464	765	  1	
323	237	765	  1	
323	279	765	  1	
323	439	765	  1	
324	115	765	  1	
324	250	765	  1	
324	395	765	  1	
324	475	765	  1	
324	486	765	  1	
325	  0	765	  1	
325	  5	765	  1	
325	111	765	  1	
325	168	765	  1	
325	187	765	  1	
325	520	765	  1	
326	104	765	  1	
326	271	765	  1	
326	290	765	  1	
326	330	765	  1	
326	360	765	  1	
326	476	765	  1	
327	 50	765	  1	
327	258	765	  1	
327	296	765	  1	
327	416	765	  1	
327	423	765	  1	
327	466	765	  1	
327	480	765	  1	
327	584	765	  1	
328	 16	765	  1	
328	 40	765	  1	
328	 61	765	  1	
328	 75	765	  1	
328	 96	765	  1	
328	122	765	  1	
328	143	765	  1	
328	158	765	  1	
328	200	765	  1	
328	239	765	  1	
328	266	765	  1	
328	336	765	  1	
328	343	765	  1	
328	348	765	  1	
328	385	765	  1	
328	440	765	  1	
328	447	765	  1	
328	527	765	  1	
330	 69	765	  1	
331	 22	765	  1	
331	232	765	  1	
331	296	765	  1	
331	424	765	  1	
332	375	765	  1	
332	474	765	  1	
333	102	765	  1	
333	219	765	  1	
334	 42	765	  1	
334	 55	765	  1	
334	 72	765	  1	
334	159	765	  1	
334	352	765	  1	
334	384	765	  1	
334	434	765	  1	
334	528	765	  1	
335	  0	765	  1	
335	 15	765	  1	
335	167	765	  1	
335	239	765	  1	
335	368	765	  1	
335	387	765	  1	
335	403	765	  1	
335	464	765	  1	
335	542	765	  1	
336	 22	765	  1	
336	 40	765	  1	
336	 57	765	  1	
336	 99	765	  1	
336	104	765	  1	
336	118	765	  1	
336	126	765	  1	
336	163	765	  1	
336	170	765	  1	
336	230	765	  1	
336	248	765	  1	
336	280	765	  1	
336	287	765	  1	
336	292	765	  1	
336	307	765	  1	
336	367	765	  1	
336	371	765	  1	
336	378	765	  1	
336	383	765	  1	
336	397	765	  1	
336	488	765	  1	
337	232	765	  1	
337	314	765	  1	
338	 70	765	  1	
338	247	765	  1	
339	 63	765	  1	
339	350	765	  1	
339	360	765	  1	
339	406	765	  1	
339	463	765	  1	
340	224	765	  1	
340	237	765	  1	
340	554	765	  1	
341	 42	765	  1	
341	295	765	  1	
342	 14	765	  1	
342	 64	765	  1	
342	340	765	  1	
343	 58	765	  1	
343	119	765	  1	
343	126	765	  1	
343	367	765	  1	
343	408	765	  1	
344	  0	765	  1	
344	 16	765	  1	
344	 23	765	  1	
344	 38	765	  1	
344	 45	765	  1	
344	 50	765	  1	
344	 68	765	  1	
344	104	765	  1	
344	111	765	  1	
344	120	765	  1	
344	138	765	  1	
344	152	765	  1	
344	160	765	  1	
344	176	765	  1	
344	182	765	  1	
344	219	765	  1	
344	252	765	  1	
344	288	765	  1	
344	305	765	  1	
344	351	765	  1	
344	373	765	  1	
344	433	765	  1	
344	458	765	  1	
345	325	765	  1	
346	118	765	  1	
346	224	765	  1	
346	231	765	  1	
346	424	765	  1	
346	439	765	  1	
347	123	765	  1	
347	272	765	  1	
347	360	765	  1	
348	 11	765	  1	
348	 35	765	  1	
348	 59	765	  1	
348	405	765	  1	
348	408	765	  1	
348	494	765	  1	
349	 88	765	  1	
349	376	765	  1	
349	415	765	  1	
350	119	765	  1	
351	107	765	  1	
351	135	765	  1	
351	216	765	  1	
351	223	765	  1	
351	458	765	  1	
352	 24	765	  1	
352	 56	765	  1	
352	 61	765	  1	
352	 82	765	  1	
352	 87	765	  1	
352	176	765	  1	
352	192	765	  1	
352	198	765	  1	
352	206	765	  1	
352	233	765	  1	
352	247	765	  1	
352	288	765	  1	
352	336	765	  1	
352	411	765	  1	
352	471	765	  1	
352	568	765	  1	
352	575	765	  1	
354	135	765	  1	
354	260	765	  1	
355	 16	765	  1	
355	325	765	  1	
355	464	765	  1	
356	374	765	  1	
357	 29	765	  1	
357	 56	765	  1	
357	182	765	  1	
357	203	765	  1	
357	384	765	  1	
357	398	765	  1	
359	 69	765	  1	
359	247	765	  1	
359	253	765	  1	
359	306	765	  1	
359	311	765	  1	
359	321	765	  1	
359	408	765	  1	
359	415	765	  1	
359	447	765	  1	
359	471	765	  1	
360	 16	765	  1	
360	 43	765	  1	
360	 80	765	  1	
360	 84	765	  1	
360	112	765	  1	
360	115	765	  1	
360	136	765	  1	
360	150	765	  1	
360	157	765	  1	
360	468	765	  1	
360	583	765	  1	
361	175	765	  1	
362	247	765	  1	
362	326	765	  1	
363	 22	765	  1	
363	 79	765	  1	
363	333	765	  1	
364	 62	765	  1	
364	126	765	  1	
364	226	765	  1	
365	 64	765	  1	
365	 96	765	  1	
365	146	765	  1	
365	190	765	  1	
365	236	765	  1	
365	424	765	  1	
365	442	765	  1	
366	 47	765	  1	
366	 72	765	  1	
367	471	765	  1	
367	549	765	  1	
368	 53	765	  1	
368	 86	765	  1	
368	109	765	  1	
368	152	765	  1	
368	202	765	  1	
368	248	765	  1	
368	264	765	  1	
368	320	765	  1	
368	335	765	  1	
368	397	765	  1	
368	468	765	  1	
370	104	765	  1	
370	254	765	  1	
371	 88	765	  1	
371	126	765	  1	
371	350	765	  1	
372	 21	765	  1	
372	332	765	  1	
373	320	765	  1	
373	464	765	  1	
373	543	765	  1	
374	110	765	  1	
374	429	765	  1	
375	 85	765	  1	
375	163	765	  1	
375	175	765	  1	
375	190	765	  1	
375	339	765	  1	
376	  8	765	  1	
376	 56	765	  1	
376	 62	765	  1	
376	 72	765	  1	
376	 80	765	  1	
376	 88	765	  1	
376	115	765	  1	
376	123	765	  1	
376	144	765	  1	
376	168	765	  1	
376	176	765	  1	
376	203	765	  1	
376	210	765	  1	
376	283	765	  1	
376	294	765	  1	
376	303	765	  1	
376	344	765	  1	
376	402	765	  1	
376	434	765	  1	
378	 79	765	  1	
378	183	765	  1	
378	336	765	  1	
378	432	765	  1	
380	 75	765	  1	
380	348	765	  1	
381	 95	765	  1	
381	128	765	  1	
381	200	765	  1	
382	119	765	  1	
382	152	765	  1	
382	215	765	  1	
382	221	765	  1	
382	326	765	  1	
382	439	765	  1	
383	 32	765	  1	
383	208	765	  1	
383	280	765	  1	
383	287	765	  1	
383	294	765	  1	
383	299	765	  1	
383	316	765	  1	
383	432	765	  1	
384	  0	765	  1	
384	  3	765	  1	
384	 53	765	  1	
384	104	765	  1	
384	144	765	  1	
384	151	765	  1	
384	328	765	  1	
384	351	765	  1	
384	464	765	  1	
385	 19	765	  1	
385	 58	765	  1	
385	 88	765	  1	
385	192	765	  1	
386	  7	765	  1	
386	128	765	  1	
386	344	765	  1	
386	364	765	  1	
386	408	765	  1	
386	415	765	  1	
387	304	765	  1	
387	338	765	  1	
387	485	765	  1	
388	176	765	  1	
389	119	765	  1	
390	 13	765	  1	
390	 48	765	  1	
390	 59	765	  1	
390	512	765	  1	
391	128	765	  1	
391	168	765	  1	
391	183	765	  1	
391	330	765	  1	
391	336	765	  1	
391	471	765	  1	
392	 53	765	  1	
392	 93	765	  1	
392	136	765	  1	
392	166	765	  1	
392	340	765	  1	
392	411	765	  1	
392	436	765	  1	
392	477	765	  1	
392	488	765	  1	
393	208	765	  1	
394	 49	765	  1	
394	 63	765	  1	
395	184	765	  1	
395	200	765	  1	
395	472	765	  1	
396	368	765	  1	
396	494	765	  1	
397	176	765	  1	
397	351	765	  1	
398	  3	765	  1	
398	 53	765	  1	
398	 94	765	  1	
398	343	765	  1	
398	373	765	  1	
399	  8	765	  1	
399	 63	765	  1	
399	160	765	  1	
400	 37	765	  1	
400	 42	765	  1	
400	104	765	  1	
400	130	765	  1	
400	136	765	  1	
400	345	765	  1	
400	362	765	  1	
400	388	765	  1	
400	392	765	  1	
400	423	765	  1	
401	 22	765	  1	
401	397	765	  1	
402	109	765	  1	
402	166	765	  1	
402	418	765	  1	
403	 56	765	  1	
403	143	765	  1	
403	384	765	  1	
403	544	765	  1	
404	360	765	  1	
405	 19	765	  1	
405	 32	765	  1	
405	128	765	  1	
405	296	765	  1	
406	190	765	  1	
406	348	765	  1	
407	 40	765	  1	
407	 47	765	  1	
407	 63	765	  1	
407	104	765	  1	
407	154	765	  1	
407	240	765	  1	
407	359	765	  1	
407	398	765	  1	
407	554	765	  1	
408	 23	765	  1	
408	 98	765	  1	
408	103	765	  1	
408	107	765	  1	
408	171	765	  1	
408	195	765	  1	
408	272	765	  1	
408	282	765	  1	
408	295	765	  1	
408	320	765	  1	
408	330	765	  1	
408	424	765	  1	
408	431	765	  1	
410	 14	765	  1	
410	147	765	  1	
410	210	765	  1	
411	152	765	  1	
411	179	765	  1	
411	422	765	  1	
413	160	765	  1	
414	  8	765	  1	
414	128	765	  1	
414	323	765	  1	
415	 23	765	  1	
415	 88	765	  1	
415	104	765	  1	
415	223	765	  1	
415	234	765	  1	
415	239	765	  1	
415	280	765	  1	
415	394	765	  1	
415	519	765	  1	
416	 18	765	  1	
416	 47	765	  1	
416	 80	765	  1	
416	184	765	  1	
416	192	765	  1	
416	293	765	  1	
416	447	765	  1	
416	475	765	  1	
418	 96	765	  1	
418	334	765	  1	
418	480	765	  1	
419	 27	765	  1	
419	128	765	  1	
420	 44	765	  1	
420	 54	765	  1	
420	112	765	  1	
420	287	765	  1	
420	472	765	  1	
421	  0	765	  1	
421	179	765	  1	
421	195	765	  1	
421	203	765	  1	
421	207	765	  1	
421	391	765	  1	
421	436	765	  1	
422	291	765	  1	
423	168	765	  1	
424	 24	765	  1	
424	 48	765	  1	
424	 71	765	  1	
424	 99	765	  1	
424	104	765	  1	
424	114	765	  1	
424	146	765	  1	
424	176	765	  1	
424	186	765	  1	
424	215	765	  1	
424	222	765	  1	
424	232	765	  1	
424	240	765	  1	
424	288	765	  1	
424	311	765	  1	
424	327	765	  1	
424	343	765	  1	
426	  7	765	  1	
426	 16	765	  1	
426	293	765	  1	
427	336	765	  1	
429	  5	765	  1	
429	 30	765	  1	
429	 49	765	  1	
429	 59	765	  1	
429	182	765	  1	
429	246	765	  1	
430	 77	765	  1	
430	 80	765	  1	
430	168	765	  1	
430	198	765	  1	
430	202	765	  1	
430	232	765	  1	
430	288	765	  1	
431	 22	765	  1	
431	 72	765	  1	
431	343	765	  1	
431	352	765	  1	
432	 93	765	  1	
432	155	765	  1	
432	176	765	  1	
432	189	765	  1	
432	199	765	  1	
432	211	765	  1	
432	226	765	  1	
432	240	765	  1	
432	332	765	  1	
432	592	765	  1	
434	 85	765	  1	
434	184	765	  1	
434	208	765	  1	
434	231	765	  1	
435	 71	765	  1	
435	219	765	  1	
435	280	765	  1	
435	308	765	  1	
435	375	765	  1	
437	 20	765	  1	
437	334	765	  1	
438	 80	765	  1	
438	128	765	  1	
438	174	765	  1	
438	190	765	  1	
438	244	765	  1	
439	195	765	  1	
439	288	765	  1	
440	 32	765	  1	
440	 51	765	  1	
440	 96	765	  1	
440	144	765	  1	
440	162	765	  1	
440	198	765	  1	
440	240	765	  1	
440	291	765	  1	
440	391	765	  1	
442	 83	765	  1	
442	224	765	  1	
442	231	765	  1	
443	 40	765	  1	
443	 68	765	  1	
443	109	765	  1	
443	214	765	  1	
443	247	765	  1	
444	207	765	  1	
445	 38	765	  1	
445	 72	765	  1	
445	116	765	  1	
446	216	765	  1	
447	 96	765	  1	
447	198	765	  1	
447	203	765	  1	
447	576	765	  1	
448	  8	765	  1	
448	 13	765	  1	
448	138	765	  1	
448	155	765	  1	
448	166	765	  1	
448	177	765	  1	
448	234	765	  1	
448	238	765	  1	
448	272	765	  1	
448	413	765	  1	
449	 34	765	  1	
449	 63	765	  1	
450	 32	765	  1	
451	 37	765	  1	
451	191	765	  1	
451	279	765	  1	
453	 48	765	  1	
453	107	765	  1	
453	143	765	  1	
453	280	765	  1	
453	432	765	  1	
454	 68	765	  1	
454	138	765	  1	
454	239	765	  1	
455	180	765	  1	
455	272	765	  1	
455	464	765	  1	
456	 21	765	  1	
456	 44	765	  1	
456	 80	765	  1	
456	112	765	  1	
456	126	765	  1	
456	147	765	  1	
456	194	765	  1	
456	199	765	  1	
456	205	765	  1	
456	277	765	  1	
456	296	765	  1	
456	303	765	  1	
456	305	765	  1	
456	312	765	  1	
456	319	765	  1	
457	 39	765	  1	
457	 75	765	  1	
457	111	765	  1	
457	168	765	  1	
458	  0	765	  1	
459	 16	765	  1	
459	 63	765	  1	
459	158	765	  1	
459	184	765	  1	
459	200	765	  1	
459	205	765	  1	
459	245	765	  1	
459	333	765	  1	
460	 30	765	  1	
461	196	765	  1	
461	288	765	  1	
462	 45	765	  1	
462	127	765	  1	
462	306	765	  1	
462	324	765	  1	
462	328	765	  1	
463	112	765	  1	
463	120	765	  1	
463	176	765	  1	
463	183	765	  1	
463	299	765	  1	
464	 16	765	  1	
464	 29	765	  1	
464	 52	765	  1	
464	144	765	  1	
464	168	765	  1	
464	174	765	  1	
464	210	765	  1	
464	234	765	  1	
464	253	765	  1	
464	343	765	  1	
465	 86	765	  1	
467	 24	765	  1	
467	 48	765	  1	
467	277	765	  1	
467	296	765	  1	
468	 77	765	  1	
468	147	765	  1	
469	 72	765	  1	
469	144	765	  1	
469	171	765	  1	
469	232	765	  1	
469	320	765	  1	
470	  0	765	  1	
470	 80	765	  1	
471	 56	765	  1	
471	219	765	  1	
471	240	765	  1	
471	272	765	  1	
471	395	765	  1	
472	 48	765	  1	
472	102	765	  1	
472	118	765	  1	
472	216	765	  1	
472	223	765	  1	
472	284	765	  1	
472	398	765	  1	
472	575	765	  1	
473	112	765	  1	
473	136	765	  1	
473	279	765	  1	
474	 45	765	  1	
474	207	765	  1	
474	248	765	  1	
474	255	765	  1	
474	439	765	  1	
475	159	765	  1	
478	 87	765	  1	
478	103	765	  1	
478	205	765	  1	
478	285	765	  1	
479	152	765	  1	
479	216	765	  1	
479	223	765	  1	
480	 16	765	  1	
480	 23	765	  1	
480	131	765	  1	
480	391	765	  1	
481	 76	765	  1	
482	183	765	  1	
483	 32	765	  1	
483	168	765	  1	
485	 70	765	  1	
485	126	765	  1	
485	272	765	  1	
486	 93	765	  1	
487	128	765	  1	
487	135	765	  1	
488	  5	765	  1	
488	 24	765	  1	
488	 40	765	  1	
488	 47	765	  1	
488	 50	765	  1	
488	 54	765	  1	
488	 62	765	  1	
488	152	765	  1	
488	159	765	  1	
488	168	765	  1	
488	194	765	  1	
488	232	765	  1	
488	246	765	  1	
488	252	765	  1	
488	306	765	  1	
488	372	765	  1	
489	128	765	  1	
490	 30	765	  1	
490	206	765	  1	
490	432	765	  1	
491	114	765	  1	
491	175	765	  1	
491	264	765	  1	
492	368	765	  1	
493	  0	765	  1	
493	 59	765	  1	
493	243	765	  1	
494	 24	765	  1	
494	192	765	  1	
494	200	765	  1	
494	250	765	  1	
494	375	765	  1	
495	155	765	  1	
495	168	765	  1	
496	 23	765	  1	
496	 80	765	  1	
496	 86	765	  1	
496	 99	765	  1	
496	135	765	  1	
496	207	765	  1	
496	213	765	  1	
496	237	765	  1	
496	272	765	  1	
496	392	765	  1	
497	 69	765	  1	
498	 16	765	  1	
498	 59	765	  1	
498	 92	765	  1	
498	 96	765	  1	
498	187	765	  1	
498	208	765	  1	
498	277	765	  1	
500	 64	765	  1	
500	192	765	  1	
500	298	765	  1	
501	 72	765	  1	
501	232	765	  1	
501	308	765	  1	
501	320	765	  1	
502	184	765	  1	
502	214	765	  1	
502	319	765	  1	
503	 23	765	  1	
503	 86	765	  1	
503	 99	765	  1	
503	203	765	  1	
503	272	765	  1	
504	 48	765	  1	
504	 64	765	  1	
504	 83	765	  1	
504	128	765	  1	
504	242	765	  1	
504	280	765	  1	
504	298	765	  1	
504	328	765	  1	
504	336	765	  1	
504	361	765	  1	
504	367	765	  1	
505	 54	765	  1	
506	127	765	  1	
506	208	765	  1	
506	215	765	  1	
506	279	765	  1	
506	307	765	  1	
507	110	765	  1	
507	152	765	  1	
507	157	765	  1	
507	184	765	  1	
507	287	765	  1	
507	352	765	  1	
508	156	765	  1	
508	198	765	  1	
508	306	765	  1	
509	247	765	  1	
510	 94	765	  1	
510	272	765	  1	
510	296	765	  1	
510	362	765	  1	
511	158	765	  1	
511	280	765	  1	
511	431	765	  1	
512	 15	765	  1	
512	 52	765	  1	
512	 71	765	  1	
512	 74	765	  1	
512	104	765	  1	
512	123	765	  1	
512	192	765	  1	
512	199	765	  1	
512	264	765	  1	
513	160	765	  1	
514	 32	765	  1	
514	 79	765	  1	
514	109	765	  1	
514	274	765	  1	
515	136	765	  1	
515	143	765	  1	
515	287	765	  1	
515	301	765	  1	
516	 15	765	  1	
516	208	765	  1	
517	  3	765	  1	
517	 10	765	  1	
517	128	765	  1	
517	400	765	  1	
518	 80	765	  1	
518	119	765	  1	
518	223	765	  1	
519	240	765	  1	
519	264	765	  1	
519	280	765	  1	
519	296	765	  1	
519	332	765	  1	
520	 21	765	  1	
520	 68	765	  1	
520	103	765	  1	
520	136	765	  1	
520	168	765	  1	
520	182	765	  1	
520	232	765	  1	
520	286	765	  1	
520	306	765	  1	
520	408	765	  1	
521	 77	765	  1	
521	357	765	  1	
522	143	765	  1	
522	352	765	  1	
523	118	765	  1	
523	216	765	  1	
524	111	765	  1	
524	213	765	  1	
524	397	765	  1	
525	 78	765	  1	
525	123	765	  1	
525	176	765	  1	
526	 87	765	  1	
526	392	765	  1	
527	232	765	  1	
527	286	765	  1	
527	379	765	  1	
528	  5	765	  1	
528	 23	765	  1	
528	 59	765	  1	
528	 97	765	  1	
528	104	765	  1	
528	108	765	  1	
528	136	765	  1	
528	144	765	  1	
528	151	765	  1	
528	184	765	  1	
528	196	765	  1	
528	201	765	  1	
528	208	765	  1	
528	244	765	  1	
528	319	765	  1	
528	343	765	  1	
529	357	765	  1	
530	112	765	  1	
530	119	765	  1	
530	308	765	  1	
531	 16	765	  1	
531	 78	765	  1	
531	280	765	  1	
531	352	765	  1	
532	160	765	  1	
533	304	765	  1	
533	375	765	  1	
533	384	765	  1	
534	 72	765	  1	
534	 93	765	  1	
534	240	765	  1	
534	343	765	  1	
534	354	765	  1	
534	359	765	  1	
534	439	765	  1	
535	 23	765	  1	
535	168	765	  1	
535	192	765	  1	
535	202	765	  1	
536	 62	765	  1	
536	150	765	  1	
536	248	765	  1	
536	267	765	  1	
536	391	765	  1	
536	512	765	  1	
539	255	765	  1	
539	368	765	  1	
540	288	765	  1	
541	126	765	  1	
541	135	765	  1	
541	171	765	  1	
541	211	765	  1	
543	 56	765	  1	
543	 80	765	  1	
543	248	765	  1	
543	264	765	  1	
543	271	765	  1	
543	336	765	  1	
543	375	765	  1	
543	387	765	  1	
544	144	765	  1	
544	160	765	  1	
544	206	765	  1	
544	224	765	  1	
544	230	765	  1	
545	171	765	  1	
546	 87	765	  1	
546	255	765	  1	
547	  6	765	  1	
547	136	765	  1	
547	184	765	  1	
547	239	765	  1	
547	398	765	  1	
548	260	765	  1	
549	248	765	  1	
551	108	765	  1	
551	227	765	  1	
551	232	765	  1	
551	318	765	  1	
552	135	765	  1	
552	151	765	  1	
552	163	765	  1	
552	168	765	  1	
552	175	765	  1	
552	198	765	  1	
552	230	765	  1	
552	336	765	  1	
552	352	765	  1	
553	184	765	  1	
554	211	765	  1	
554	223	765	  1	
554	419	765	  1	
555	128	765	  1	
555	258	765	  1	
555	359	765	  1	
556	181	765	  1	
556	255	765	  1	
556	370	765	  1	
557	160	765	  1	
559	135	765	  1	
559	171	765	  1	
559	198	765	  1	
559	230	765	  1	
559	352	765	  1	
560	 80	765	  1	
560	104	765	  1	
560	264	765	  1	
560	303	765	  1	
560	488	765	  1	
561	270	765	  1	
561	471	765	  1	
562	258	765	  1	
562	263	765	  1	
563	 95	765	  1	
563	224	765	  1	
563	231	765	  1	
563	296	765	  1	
565	136	765	  1	
565	164	765	  1	
565	264	765	  1	
567	115	765	  1	
567	303	765	  1	
568	  4	765	  1	
568	  8	765	  1	
568	157	765	  1	
568	264	765	  1	
568	288	765	  1	
568	394	765	  1	
570	 13	765	  1	
570	152	765	  1	
571	271	765	  1	
571	288	765	  1	
571	376	765	  1	
571	399	765	  1	
572	143	765	  1	
572	295	765	  1	
573	  2	765	  1	
573	  8	765	  1	
573	318	765	  1	
574	  7	765	  1	
574	157	765	  1	
575	 12	765	  1	
575	264	765	  1	
575	289	765	  1	
575	344	765	  1	
576	128	765	  1	
576	135	765	  1	
576	248	765	  1	
576	282	765	  1	
576	287	765	  1	
576	475	765	  1	
576	512	765	  1	
577	303	765	  1	
579	158	765	  1	
580	280	765	  1	
580	288	765	  1	
582	 99	765	  1	
582	251	765	  1	
582	315	765	  1	
583	  0	765	  1	
583	296	765	  1	
583	471	765	  1	
583	544	765	  1	
583	559	765	  1	
584	  4	765	  1	
584	106	765	  1	
584	115	765	  1	
584	232	765	  1	
584	300	765	  1	
584	328	765	  1	
584	384	765	  1	
586	248	765	  1	
587	360	765	  1	
588	136	765	  1	
588	238	765	  1	
589	 16	765	  1	
589	 80	765	  1	
589	310	765	  1	
589	359	765	  1	
590	296	765	  1	
590	337	765	  1	
591	  0	765	  1	
591	112	765	  1	
591	119	765	  1	
591	250	765	  1	
591	363	765	  1	
591	400	765	  1	
592	  9	765	  1	
592	 34	765	  1	
592	 88	765	  1	
592	108	765	  1	
592	148	765	  1	
592	222	765	  1	
592	256	765	  1	
592	280	765	  1	
592	286	765	  1	
592	320	765	  1	
594	 63	765	  1	
594	 96	765	  1	
594	214	765	  1	
597	  8	765	  1	
597	304	765	  1	
599	 96	765	  1	
599	387	765	  1	
599	528	765	  1	
600	112	765	  1	
600	167	765	  1	
600	210	765	  1	
600	223	765	  1	
600	400	765	  1	
600	424	765	  1	
600	447	765	  1	
602	352	765	  1	
603	118	765	  1	
604	183	765	  1	
605	 80	765	  1	
605	172	765	  1	
605	276	765	  1	
606	 96	765	  1	
606	103	765	  1	
607	179	765	  1	
607	254	765	  1	
608	  8	765	  1	
608	 71	765	  1	
608	176	765	  1	
608	219	765	  1	
608	240	765	  1	
608	287	765	  1	
608	336	765	  1	
610	497	765	  1	
611	535	765	  1	
613	255	765	  1	
613	371	765	  1	
614	 71	765	  1	
615	293	765	  1	
615	296	765	  1	
616	320	765	  1	
619	262	765	  1	
619	318	765	  1	
619	343	765	  1	
620	 55	765	  1	
620	304	765	  1	
622	432	765	  1	
623	283	765	  1	
624	 16	765	  1	
624	 84	765	  1	
624	 98	765	  1	
624	269	765	  1	
624	280	765	  1	
627	 15	765	  1	
627	287	765	  1	
627	408	765	  1	
628	176	765	  1	
630	428	765	  1	
631	280	765	  1	
631	288	765	  1	
631	295	765	  1	
631	480	765	  1	
631	519	765	  1	
632	 70	765	  1	
634	343	765	  1	
634	503	765	  1	
634	511	765	  1	
635	205	765	  1	
635	208	765	  1	
639	 35	765	  1	
639	335	765	  1	
640	284	765	  1	
640	390	765	  1	
640	536	765	  1	
644	 66	765	  1	
645	  0	765	  1	
646	403	765	  1	
648	 79	765	  1	
648	 91	765	  1	
651	  8	765	  1	
651	280	765	  1	
652	127	765	  1	
652	595	765	  1	
655	135	765	  1	
655	175	765	  1	
655	262	765	  1	
655	520	765	  1	
656	 80	765	  1	
656	119	765	  1	
658	348	765	  1	
661	231	765	  1	
662	419	765	  1	
664	 32	765	  1	
664	 80	765	  1	
664	136	765	  1	
664	191	765	  1	
667	 64	765	  1	
668	199	765	  1	
668	303	765	  1	
672	227	765	  1	
678	231	765	  1	
680	135	765	  1	
687	128	765	  1	
692	367	765	  1	
695	276	765	  1	
695	383	765	  1	
702	141	765	  1	
704	398	765	  1	
710	240	765	  1	
720	120	765	  1	
741	130	765	  1	
