# 
#  Image file: Goad1_T0120.jpg
#  Applied threshold: 575
#  Algorithm used: fill2                 
#  Particle count: 2062
#  Location (x,y), max luminance, and mass:
# 
  0	136	765	  1	
  0	224	765	  1	
  0	325	765	  1	
  7	448	765	  1	
 11	143	765	  1	
 15	176	765	  1	
 16	167	765	  1	
 21	359	765	  1	
 23	480	765	  1	
 24	336	765	  1	
 32	 94	765	  1	
 32	 96	765	  1	
 32	130	765	  1	
 32	312	765	  1	
 37	272	765	  1	
 40	352	765	  1	
 64	135	765	  1	
 66	399	765	  1	
 69	277	765	  1	
 70	 93	765	  1	
 72	303	765	  1	
 72	326	765	  1	
 72	380	765	  1	
 78	327	765	  1	
 79	167	765	  1	
 80	 32	765	  1	
 80	577	765	  1	
 82	  5	765	  1	
 83	239	765	  1	
 87	136	765	  1	
 87	482	765	  1	
 88	 78	765	  1	
 88	152	765	  1	
 88	376	765	  1	
 91	208	765	  1	
 91	492	765	  1	
 92	 95	765	  1	
 94	171	765	  1	
 96	 87	765	  1	
 98	375	765	  1	
101	381	765	  1	
102	 85	765	  1	
103	384	765	  1	
104	  7	765	  1	
104	254	765	  1	
110	131	765	  1	
111	 32	765	  1	
111	115	765	  1	
111	359	765	  1	
112	 96	765	  1	
112	100	765	  1	
112	162	765	  1	
112	179	765	  1	
112	202	765	  1	
112	360	765	  1	
114	488	765	  1	
115	160	765	  1	
115	164	765	  1	
115	264	765	  1	
116	495	765	  1	
116	497	765	  1	
118	205	765	  1	
118	270	765	  1	
119	 75	765	  1	
119	162	765	  1	
120	101	765	  1	
120	117	765	  1	
120	135	765	  1	
120	184	765	  1	
120	190	765	  1	
120	367	765	  1	
120	376	765	  1	
120	471	765	  1	
121	175	765	  1	
122	  5	765	  1	
122	111	765	  1	
123	  0	765	  1	
123	128	765	  1	
123	214	765	  1	
123	318	765	  1	
125	 96	765	  1	
127	 16	765	  1	
127	 72	765	  1	
127	135	765	  1	
127	174	765	  1	
127	469	765	  1	
128	511	765	  1	
130	400	765	  1	
134	196	765	  1	
135	 63	765	  1	
135	152	765	  1	
136	168	765	  1	
136	175	765	  1	
136	247	765	  1	
136	297	765	  1	
136	303	765	  1	
136	368	765	  1	
136	375	765	  1	
138	386	765	  1	
139	  7	765	  1	
139	308	765	  1	
141	135	765	  1	
141	323	765	  1	
142	395	765	  1	
143	 94	765	  1	
143	171	765	  1	
143	196	765	  1	
143	210	765	  1	
143	264	765	  1	
144	  7	765	  1	
144	242	765	  1	
144	259	765	  1	
144	312	765	  1	
144	326	765	  1	
144	351	765	  1	
144	419	765	  1	
144	463	765	  1	
146	320	765	  1	
147	344	765	  1	
149	231	765	  1	
150	336	765	  1	
150	463	765	  1	
151	160	765	  1	
151	224	765	  1	
151	255	765	  1	
151	263	765	  1	
151	312	765	  1	
151	324	765	  1	
151	351	765	  1	
151	451	765	  1	
152	128	765	  1	
152	216	765	  1	
152	223	765	  1	
152	344	765	  1	
152	368	765	  1	
152	424	765	  1	
153	440	765	  1	
154	 96	765	  1	
154	163	765	  1	
155	135	765	  1	
155	328	765	  1	
155	379	765	  1	
158	335	765	  1	
159	216	765	  1	
159	223	765	  1	
159	259	765	  1	
159	344	765	  1	
159	420	765	  1	
159	442	765	  1	
160	111	765	  1	
160	187	765	  1	
160	195	765	  1	
160	227	765	  1	
160	340	765	  1	
160	348	765	  1	
160	355	765	  1	
160	359	765	  1	
160	422	765	  1	
161	  3	765	  1	
162	  4	765	  1	
163	 88	765	  1	
163	 95	765	  1	
163	216	765	  1	
163	303	765	  1	
163	332	765	  1	
164	408	765	  1	
166	111	765	  1	
166	221	765	  1	
166	247	765	  1	
166	264	765	  1	
166	271	765	  1	
166	359	765	  1	
166	392	765	  1	
167	  5	765	  1	
167	  8	765	  1	
167	192	765	  1	
167	199	765	  1	
167	231	765	  1	
167	340	765	  1	
168	112	765	  1	
168	164	765	  1	
168	208	765	  1	
168	216	765	  1	
168	296	765	  1	
168	303	765	  1	
168	333	765	  1	
168	407	765	  1	
171	 88	765	  1	
171	144	765	  1	
172	162	765	  1	
173	424	765	  1	
174	  0	765	  1	
174	150	765	  1	
174	240	765	  1	
175	 71	765	  1	
175	115	765	  1	
175	299	765	  1	
176	 96	765	  1	
176	111	765	  1	
176	128	765	  1	
176	143	765	  1	
176	264	765	  1	
176	304	765	  1	
178	  7	765	  1	
178	 11	765	  1	
178	145	765	  1	
178	158	765	  1	
178	199	765	  1	
178	268	765	  1	
178	313	765	  1	
178	368	765	  1	
178	515	765	  1	
179	218	765	  1	
180	373	765	  1	
182	  2	765	  1	
182	103	765	  1	
182	476	765	  1	
183	145	765	  1	
183	271	765	  1	
183	304	765	  1	
183	348	765	  1	
183	413	765	  1	
183	512	765	  1	
184	 22	765	  1	
184	 75	765	  1	
184	156	765	  1	
184	247	765	  1	
184	254	765	  1	
184	275	765	  1	
184	280	765	  1	
184	284	765	  1	
184	384	765	  1	
185	288	765	  1	
185	292	765	  1	
186	103	765	  1	
187	 55	765	  1	
187	119	765	  1	
188	157	765	  1	
188	376	765	  1	
189	 95	765	  1	
189	408	765	  1	
190	264	765	  1	
190	584	765	  1	
191	152	765	  1	
191	216	765	  1	
191	240	765	  1	
191	272	765	  1	
191	279	765	  1	
191	294	765	  1	
191	399	765	  1	
192	  6	765	  1	
192	 56	765	  1	
192	124	765	  1	
192	154	765	  1	
192	224	765	  1	
192	231	765	  1	
192	248	765	  1	
192	263	765	  1	
192	339	765	  1	
194	215	765	  1	
194	379	765	  1	
195	103	765	  1	
195	256	765	  1	
195	552	765	  1	
196	 96	765	  1	
196	395	765	  1	
197	 63	765	  1	
197	208	765	  1	
197	216	765	  1	
198	  7	765	  1	
198	144	765	  1	
198	304	765	  1	
198	394	765	  1	
199	 56	765	  1	
199	212	765	  1	
199	227	765	  1	
199	263	765	  1	
199	315	765	  1	
199	380	765	  1	
199	422	765	  1	
199	539	765	  1	
200	107	765	  1	
200	117	765	  1	
200	125	765	  1	
200	152	765	  1	
200	224	765	  1	
200	251	765	  1	
200	271	765	  1	
200	368	765	  1	
200	400	765	  1	
200	435	765	  1	
201	519	765	  1	
202	167	765	  1	
203	  0	765	  1	
203	280	765	  1	
203	423	765	  1	
204	112	765	  1	
205	319	765	  1	
205	369	765	  1	
206	  5	765	  1	
206	 88	765	  1	
206	286	765	  1	
207	 58	765	  1	
207	 63	765	  1	
207	 75	765	  1	
207	117	765	  1	
207	127	765	  1	
207	224	765	  1	
207	397	765	  1	
208	 13	765	  1	
208	 30	765	  1	
208	141	765	  1	
208	148	765	  1	
208	182	765	  1	
208	208	765	  1	
208	277	765	  1	
208	293	765	  1	
208	319	765	  1	
208	415	765	  1	
208	487	765	  1	
208	528	765	  1	
208	535	765	  1	
208	551	765	  1	
211	 56	765	  1	
211	312	765	  1	
211	408	765	  1	
212	224	765	  1	
212	256	765	  1	
213	272	765	  1	
213	419	765	  1	
214	 28	765	  1	
214	263	765	  1	
215	 63	765	  1	
215	214	765	  1	
215	319	765	  1	
215	415	765	  1	
215	464	765	  1	
215	512	765	  1	
216	 45	765	  1	
216	 66	765	  1	
216	 71	765	  1	
216	 77	765	  1	
216	104	765	  1	
216	111	765	  1	
216	175	765	  1	
216	200	765	  1	
216	207	765	  1	
216	247	765	  1	
216	332	765	  1	
216	552	765	  1	
218	 40	765	  1	
218	136	765	  1	
218	140	765	  1	
218	216	765	  1	
218	223	765	  1	
218	372	765	  1	
219	144	765	  1	
219	168	765	  1	
219	190	765	  1	
219	434	765	  1	
219	440	765	  1	
219	559	765	  1	
221	 51	765	  1	
221	239	765	  1	
221	251	765	  1	
222	 45	765	  1	
222	 64	765	  1	
222	 69	765	  1	
223	 77	765	  1	
223	140	765	  1	
223	146	765	  1	
223	151	765	  1	
223	175	765	  1	
223	203	765	  1	
223	247	765	  1	
223	459	765	  1	
223	469	765	  1	
223	499	765	  1	
224	 56	765	  1	
224	 62	765	  1	
224	 93	765	  1	
224	102	765	  1	
224	271	765	  1	
224	295	765	  1	
224	322	765	  1	
224	327	765	  1	
224	416	765	  1	
224	429	765	  1	
224	451	765	  1	
225	423	765	  1	
226	174	765	  1	
227	 32	765	  1	
227	128	765	  1	
227	264	765	  1	
227	304	765	  1	
227	432	765	  1	
227	445	765	  1	
228	455	765	  1	
229	 99	765	  1	
229	136	765	  1	
229	168	765	  1	
230	 89	765	  1	
230	 94	765	  1	
230	110	765	  1	
230	322	765	  1	
230	588	765	  1	
231	271	765	  1	
231	275	765	  1	
231	310	765	  1	
231	327	765	  1	
231	368	765	  1	
231	439	765	  1	
232	 16	765	  1	
232	 32	765	  1	
232	 38	765	  1	
232	 91	765	  1	
232	121	765	  1	
232	152	765	  1	
232	184	765	  1	
232	248	765	  1	
232	304	765	  1	
232	359	765	  1	
232	384	765	  1	
234	139	765	  1	
234	224	765	  1	
235	 80	765	  1	
235	320	765	  1	
235	352	765	  1	
235	400	765	  1	
235	438	765	  1	
237	 63	765	  1	
237	127	765	  1	
237	131	765	  1	
237	310	765	  1	
237	360	765	  1	
237	365	765	  1	
238	176	765	  1	
238	229	765	  1	
238	326	765	  1	
239	 16	765	  1	
239	 87	765	  1	
239	376	765	  1	
240	 64	765	  1	
240	 72	765	  1	
240	144	765	  1	
240	159	765	  1	
240	171	765	  1	
240	184	765	  1	
240	191	765	  1	
240	208	765	  1	
240	221	765	  1	
240	238	765	  1	
240	272	765	  1	
240	279	765	  1	
240	285	765	  1	
240	304	765	  1	
240	320	765	  1	
240	334	765	  1	
240	352	765	  1	
240	464	765	  1	
240	468	765	  1	
240	476	765	  1	
240	571	765	  1	
240	599	765	  1	
242	269	765	  1	
242	310	765	  1	
243	 94	765	  1	
243	216	765	  1	
244	  1	765	  1	
245	 16	765	  1	
245	 70	765	  1	
245	174	765	  1	
245	236	765	  1	
245	400	765	  1	
245	596	765	  1	
246	120	765	  1	
246	184	765	  1	
246	208	765	  1	
246	304	765	  1	
246	468	765	  1	
247	  7	765	  1	
247	272	765	  1	
247	334	765	  1	
247	355	765	  1	
247	464	765	  1	
247	568	765	  1	
247	575	765	  1	
248	 25	765	  1	
248	 50	765	  1	
248	 55	765	  1	
248	 96	765	  1	
248	100	765	  1	
248	104	765	  1	
248	152	765	  1	
248	203	765	  1	
248	255	765	  1	
248	296	765	  1	
248	312	765	  1	
248	336	765	  1	
248	364	765	  1	
248	451	765	  1	
248	488	765	  1	
249	117	765	  1	
249	120	765	  1	
250	 16	765	  1	
250	 64	765	  1	
250	408	765	  1	
250	415	765	  1	
251	192	765	  1	
251	217	765	  1	
251	352	765	  1	
251	424	765	  1	
251	431	765	  1	
252	 74	765	  1	
253	 87	765	  1	
253	267	765	  1	
253	340	765	  1	
253	367	765	  1	
254	 50	765	  1	
254	 70	765	  1	
254	119	765	  1	
255	  0	765	  1	
255	 24	765	  1	
255	 31	765	  1	
255	 55	765	  1	
255	200	765	  1	
255	249	765	  1	
256	 16	765	  1	
256	 79	765	  1	
256	195	765	  1	
256	215	765	  1	
256	232	765	  1	
256	239	765	  1	
256	288	765	  1	
256	315	765	  1	
256	324	765	  1	
256	347	765	  1	
256	431	765	  1	
256	438	765	  1	
256	456	765	  1	
256	463	765	  1	
256	496	765	  1	
256	599	765	  1	
257	392	765	  1	
258	 64	765	  1	
258	154	765	  1	
259	 94	765	  1	
259	256	765	  1	
259	307	765	  1	
259	344	765	  1	
259	351	765	  1	
259	416	765	  1	
260	 99	765	  1	
261	 16	765	  1	
261	322	765	  1	
262	126	765	  1	
262	235	765	  1	
262	248	765	  1	
262	304	765	  1	
262	434	765	  1	
263	 70	765	  1	
263	199	765	  1	
263	347	765	  1	
263	397	765	  1	
263	431	765	  1	
263	459	765	  1	
264	 54	765	  1	
264	 63	765	  1	
264	 72	765	  1	
264	 76	765	  1	
264	108	765	  1	
264	165	765	  1	
264	189	765	  1	
264	201	765	  1	
264	269	765	  1	
264	296	765	  1	
264	414	765	  1	
264	440	765	  1	
264	482	765	  1	
266	254	765	  1	
266	399	765	  1	
266	406	765	  1	
266	505	765	  1	
267	280	765	  1	
267	311	765	  1	
267	344	765	  1	
268	 98	765	  1	
268	207	765	  1	
268	379	765	  1	
269	 56	765	  1	
269	264	765	  1	
270	104	765	  1	
270	166	765	  1	
270	223	765	  1	
270	248	765	  1	
270	400	765	  1	
270	484	765	  1	
271	 63	765	  1	
271	200	765	  1	
271	304	765	  1	
271	414	765	  1	
272	  0	765	  1	
272	 16	765	  1	
272	 20	765	  1	
272	120	765	  1	
272	128	765	  1	
272	135	765	  1	
272	152	765	  1	
272	163	765	  1	
272	168	765	  1	
272	192	765	  1	
272	198	765	  1	
272	224	765	  1	
272	230	765	  1	
272	419	765	  1	
272	461	765	  1	
272	475	765	  1	
273	 80	765	  1	
273	244	765	  1	
273	266	765	  1	
273	384	765	  1	
274	 59	765	  1	
276	104	765	  1	
276	401	765	  1	
278	236	765	  1	
279	287	765	  1	
279	415	765	  1	
279	423	765	  1	
279	472	765	  1	
279	479	765	  1	
279	527	765	  1	
280	  5	765	  1	
280	 32	765	  1	
280	 79	765	  1	
280	 84	765	  1	
280	 90	765	  1	
280	 95	765	  1	
280	112	765	  1	
280	130	765	  1	
280	136	765	  1	
280	176	765	  1	
280	221	765	  1	
280	262	765	  1	
280	273	765	  1	
280	344	765	  1	
280	426	765	  1	
280	493	765	  1	
280	535	765	  1	
281	257	765	  1	
282	 11	765	  1	
282	 74	765	  1	
282	216	765	  1	
282	253	765	  1	
282	431	765	  1	
283	 23	765	  1	
283	 48	765	  1	
284	123	765	  1	
284	408	765	  1	
285	  0	765	  1	
285	 69	765	  1	
285	181	765	  1	
285	368	765	  1	
286	 79	765	  1	
286	175	765	  1	
286	222	765	  1	
287	 16	765	  1	
288	  3	765	  1	
288	 88	765	  1	
288	104	765	  1	
288	142	765	  1	
288	152	765	  1	
288	200	765	  1	
288	224	765	  1	
288	231	765	  1	
288	248	765	  1	
288	291	765	  1	
288	336	765	  1	
288	351	765	  1	
288	400	765	  1	
288	455	765	  1	
290	 39	765	  1	
290	 99	765	  1	
291	205	765	  1	
291	342	765	  1	
291	356	765	  1	
291	360	765	  1	
291	367	765	  1	
291	444	765	  1	
291	568	765	  1	
291	575	765	  1	
292	404	765	  1	
293	488	765	  1	
294	160	765	  1	
295	 28	765	  1	
295	 32	765	  1	
295	182	765	  1	
295	227	765	  1	
296	 80	765	  1	
296	 87	765	  1	
296	178	765	  1	
296	200	765	  1	
296	217	765	  1	
296	249	765	  1	
296	317	765	  1	
296	339	765	  1	
296	583	765	  1	
297	  2	765	  1	
297	487	765	  1	
298	206	765	  1	
298	480	765	  1	
299	 93	765	  1	
299	152	765	  1	
299	344	765	  1	
301	176	765	  1	
301	183	765	  1	
302	200	765	  1	
302	312	765	  1	
302	407	765	  1	
302	472	765	  1	
302	592	765	  1	
303	144	765	  1	
303	336	765	  1	
303	343	765	  1	
303	495	765	  1	
303	583	765	  1	
304	 15	765	  1	
304	 27	765	  1	
304	 32	765	  1	
304	 80	765	  1	
304	184	765	  1	
304	195	765	  1	
304	215	765	  1	
304	224	765	  1	
304	304	765	  1	
304	315	765	  1	
304	328	765	  1	
304	373	765	  1	
304	423	765	  1	
305	218	765	  1	
305	223	765	  1	
305	407	765	  1	
306	173	765	  1	
306	208	765	  1	
306	234	765	  1	
306	367	765	  1	
307	128	765	  1	
307	168	765	  1	
307	239	765	  1	
307	248	765	  1	
307	335	765	  1	
307	416	765	  1	
307	506	765	  1	
308	187	765	  1	
308	312	765	  1	
308	384	765	  1	
309	 86	765	  1	
310	  9	765	  1	
310	 19	765	  1	
310	 96	765	  1	
310	101	765	  1	
310	307	765	  1	
310	383	765	  1	
310	397	765	  1	
310	422	765	  1	
311	 32	765	  1	
311	215	765	  1	
311	224	765	  1	
311	263	765	  1	
311	278	765	  1	
311	328	765	  1	
311	437	765	  1	
312	  5	765	  1	
312	 43	765	  1	
312	 56	765	  1	
312	 63	765	  1	
312	 93	765	  1	
312	250	765	  1	
312	255	765	  1	
312	291	765	  1	
312	354	765	  1	
312	376	765	  1	
312	392	765	  1	
312	409	765	  1	
312	459	765	  1	
312	468	765	  1	
312	598	765	  1	
314	 96	765	  1	
314	103	765	  1	
314	167	765	  1	
315	 32	765	  1	
315	224	765	  1	
315	264	765	  1	
315	400	765	  1	
317	128	765	  1	
317	162	765	  1	
317	192	765	  1	
317	341	765	  1	
317	416	765	  1	
317	423	765	  1	
318	216	765	  1	
318	410	765	  1	
318	467	765	  1	
319	 40	765	  1	
319	 47	765	  1	
319	 59	765	  1	
319	376	765	  1	
319	456	765	  1	
319	595	765	  1	
320	  0	765	  1	
320	 48	765	  1	
320	 88	765	  1	
320	109	765	  1	
320	186	765	  1	
320	235	765	  1	
320	267	765	  1	
320	294	765	  1	
320	317	765	  1	
320	359	765	  1	
320	433	765	  1	
320	442	765	  1	
322	 94	765	  1	
322	166	765	  1	
322	198	765	  1	
322	421	765	  1	
323	 54	765	  1	
323	 67	765	  1	
324	229	765	  1	
324	290	765	  1	
324	342	765	  1	
324	446	765	  1	
325	 78	765	  1	
325	104	765	  1	
325	118	765	  1	
325	187	765	  1	
325	280	765	  1	
325	407	765	  1	
325	434	765	  1	
326	 15	765	  1	
326	 88	765	  1	
326	192	765	  1	
326	200	765	  1	
326	312	765	  1	
326	336	765	  1	
326	559	765	  1	
327	  3	765	  1	
327	136	765	  1	
327	232	765	  1	
327	239	765	  1	
327	344	765	  1	
327	416	765	  1	
327	440	765	  1	
327	488	765	  1	
328	  0	765	  1	
328	 91	765	  1	
328	171	765	  1	
328	208	765	  1	
328	215	765	  1	
328	240	765	  1	
328	244	765	  1	
328	256	765	  1	
328	286	765	  1	
328	309	765	  1	
328	359	765	  1	
328	367	765	  1	
328	384	765	  1	
328	415	765	  1	
328	424	765	  1	
328	531	765	  1	
328	597	765	  1	
330	434	765	  1	
331	  7	765	  1	
331	474	765	  1	
332	 71	765	  1	
332	211	765	  1	
332	545	765	  1	
333	282	765	  1	
333	304	765	  1	
333	376	765	  1	
333	416	765	  1	
334	116	765	  1	
334	128	765	  1	
334	135	765	  1	
334	427	765	  1	
334	448	765	  1	
334	455	765	  1	
335	  0	765	  1	
335	 64	765	  1	
335	 79	765	  1	
335	111	765	  1	
335	216	765	  1	
335	256	765	  1	
335	352	765	  1	
335	360	765	  1	
335	411	765	  1	
335	431	765	  1	
335	434	765	  1	
335	519	765	  1	
335	528	765	  1	
335	535	765	  1	
336	 38	765	  1	
336	 45	765	  1	
336	 88	765	  1	
336	120	765	  1	
336	138	765	  1	
336	163	765	  1	
336	248	765	  1	
336	271	765	  1	
336	288	765	  1	
336	320	765	  1	
336	343	765	  1	
336	368	765	  1	
336	396	765	  1	
336	408	765	  1	
336	440	765	  1	
336	447	765	  1	
338	 40	765	  1	
338	108	765	  1	
338	126	765	  1	
338	245	765	  1	
338	327	765	  1	
338	392	765	  1	
338	525	765	  1	
339	336	765	  1	
339	375	765	  1	
339	388	765	  1	
340	256	765	  1	
340	408	765	  1	
341	 92	765	  1	
341	136	765	  1	
341	143	765	  1	
341	280	765	  1	
341	344	765	  1	
341	419	765	  1	
342	 46	765	  1	
342	 98	765	  1	
342	120	765	  1	
342	397	765	  1	
342	531	765	  1	
343	  8	765	  1	
343	 15	765	  1	
343	240	765	  1	
343	251	765	  1	
343	288	765	  1	
343	320	765	  1	
343	368	765	  1	
343	468	765	  1	
344	 40	765	  1	
344	 50	765	  1	
344	113	765	  1	
344	118	765	  1	
344	146	765	  1	
344	235	765	  1	
344	242	765	  1	
344	297	765	  1	
344	334	765	  1	
344	371	765	  1	
344	379	765	  1	
344	415	765	  1	
344	440	765	  1	
344	591	765	  1	
345	423	765	  1	
346	 16	765	  1	
346	224	765	  1	
346	296	765	  1	
346	311	765	  1	
346	351	765	  1	
346	397	765	  1	
346	400	765	  1	
347	272	765	  1	
347	447	765	  1	
348	247	765	  1	
348	307	765	  1	
348	416	765	  1	
349	112	765	  1	
349	383	765	  1	
349	552	765	  1	
349	559	765	  1	
350	240	765	  1	
350	335	765	  1	
350	376	765	  1	
350	404	765	  1	
351	176	765	  1	
351	224	765	  1	
351	423	765	  1	
351	440	765	  1	
351	576	765	  1	
351	588	765	  1	
352	  0	765	  1	
352	 23	765	  1	
352	 32	765	  1	
352	 44	765	  1	
352	 48	765	  1	
352	 96	765	  1	
352	104	765	  1	
352	157	765	  1	
352	168	765	  1	
352	192	765	  1	
352	206	765	  1	
352	215	765	  1	
352	254	765	  1	
352	265	765	  1	
352	278	765	  1	
352	346	765	  1	
352	392	765	  1	
352	406	765	  1	
352	548	765	  1	
353	247	765	  1	
353	399	765	  1	
354	125	765	  1	
354	310	765	  1	
354	328	765	  1	
354	384	765	  1	
355	224	765	  1	
355	259	765	  1	
355	289	765	  1	
355	299	765	  1	
355	375	765	  1	
356	248	765	  1	
356	379	765	  1	
357	168	765	  1	
357	222	765	  1	
357	232	765	  1	
357	240	765	  1	
357	277	765	  1	
357	292	765	  1	
357	544	765	  1	
358	122	765	  1	
358	567	765	  1	
359	 13	765	  1	
359	 64	765	  1	
359	 71	765	  1	
359	211	765	  1	
359	247	765	  1	
359	272	765	  1	
359	332	765	  1	
359	450	765	  1	
360	 99	765	  1	
360	104	765	  1	
360	111	765	  1	
360	214	765	  1	
360	256	765	  1	
360	282	765	  1	
360	352	765	  1	
360	359	765	  1	
360	362	765	  1	
360	416	765	  1	
360	438	765	  1	
360	514	765	  1	
360	519	765	  1	
362	148	765	  1	
362	247	765	  1	
362	271	765	  1	
362	371	765	  1	
362	429	765	  1	
363	 48	765	  1	
363	 55	765	  1	
363	120	765	  1	
363	135	765	  1	
363	176	765	  1	
364	 64	765	  1	
364	107	765	  1	
364	203	765	  1	
364	303	765	  1	
364	421	765	  1	
365	  8	765	  1	
365	 87	765	  1	
365	136	765	  1	
365	191	765	  1	
365	287	765	  1	
366	 40	765	  1	
366	 96	765	  1	
366	266	765	  1	
366	296	765	  1	
366	403	765	  1	
366	439	765	  1	
367	128	765	  1	
367	168	765	  1	
367	214	765	  1	
367	293	765	  1	
367	300	765	  1	
367	355	765	  1	
367	431	765	  1	
368	  0	765	  1	
368	 31	765	  1	
368	 39	765	  1	
368	 47	765	  1	
368	 72	765	  1	
368	 79	765	  1	
368	126	765	  1	
368	160	765	  1	
368	195	765	  1	
368	211	765	  1	
368	264	765	  1	
368	308	765	  1	
368	360	765	  1	
368	393	765	  1	
368	409	765	  1	
368	443	765	  1	
368	471	765	  1	
368	534	765	  1	
368	551	765	  1	
371	  6	765	  1	
371	200	765	  1	
371	224	765	  1	
371	240	765	  1	
371	259	765	  1	
371	528	765	  1	
372	 47	765	  1	
372	393	765	  1	
372	426	765	  1	
373	 16	765	  1	
373	 67	765	  1	
373	295	765	  1	
373	304	765	  1	
373	335	765	  1	
373	399	765	  1	
374	 29	765	  1	
374	131	765	  1	
374	267	765	  1	
374	364	765	  1	
374	446	765	  1	
375	 39	765	  1	
375	 96	765	  1	
375	192	765	  1	
375	431	765	  1	
375	440	765	  1	
375	551	765	  1	
376	 10	765	  1	
376	 48	765	  1	
376	182	765	  1	
376	218	765	  1	
376	366	765	  1	
376	376	765	  1	
376	391	765	  1	
378	 38	765	  1	
379	111	765	  1	
379	167	765	  1	
379	368	765	  1	
379	384	765	  1	
380	 54	765	  1	
380	344	765	  1	
381	 64	765	  1	
381	176	765	  1	
381	219	765	  1	
381	355	765	  1	
381	423	765	  1	
382	162	765	  1	
382	232	765	  1	
382	351	765	  1	
382	416	765	  1	
383	188	765	  1	
383	201	765	  1	
383	391	765	  1	
383	424	765	  1	
383	431	765	  1	
384	  0	765	  1	
384	  4	765	  1	
384	 19	765	  1	
384	 35	765	  1	
384	 47	765	  1	
384	 53	765	  1	
384	155	765	  1	
384	180	765	  1	
384	192	765	  1	
384	224	765	  1	
384	293	765	  1	
384	304	765	  1	
384	360	765	  1	
384	380	765	  1	
384	392	765	  1	
384	396	765	  1	
384	488	765	  1	
386	 26	765	  1	
386	376	765	  1	
386	384	765	  1	
387	  0	765	  1	
387	 16	765	  1	
387	 80	765	  1	
387	110	765	  1	
387	264	765	  1	
387	288	765	  1	
387	367	765	  1	
388	  7	765	  1	
389	519	765	  1	
390	 54	765	  1	
390	123	765	  1	
390	378	765	  1	
391	  8	765	  1	
391	178	765	  1	
391	320	765	  1	
391	360	765	  1	
392	 31	765	  1	
392	 48	765	  1	
392	 58	765	  1	
392	168	765	  1	
392	176	765	  1	
392	215	765	  1	
392	295	765	  1	
392	314	765	  1	
392	333	765	  1	
392	336	765	  1	
392	357	765	  1	
392	363	765	  1	
393	 53	765	  1	
394	  0	765	  1	
394	 91	765	  1	
394	227	765	  1	
394	371	765	  1	
395	 36	765	  1	
395	183	765	  1	
395	200	765	  1	
395	319	765	  1	
395	397	765	  1	
395	496	765	  1	
396	237	765	  1	
396	416	765	  1	
397	174	765	  1	
397	184	765	  1	
398	  7	765	  1	
398	 23	765	  1	
398	188	765	  1	
398	290	765	  1	
398	308	765	  1	
399	 16	765	  1	
399	328	765	  1	
399	335	765	  1	
399	408	765	  1	
400	 72	765	  1	
400	117	765	  1	
400	123	765	  1	
400	136	765	  1	
400	160	765	  1	
400	214	765	  1	
400	258	765	  1	
400	288	765	  1	
400	304	765	  1	
400	342	765	  1	
400	359	765	  1	
400	407	765	  1	
400	418	765	  1	
400	500	765	  1	
401	 84	765	  1	
402	166	765	  1	
402	224	765	  1	
402	355	765	  1	
403	400	765	  1	
405	 46	765	  1	
405	 88	765	  1	
405	231	765	  1	
405	598	765	  1	
406	 16	765	  1	
406	 24	765	  1	
406	160	765	  1	
406	200	765	  1	
406	207	765	  1	
406	423	765	  1	
407	 37	765	  1	
407	115	765	  1	
407	224	765	  1	
407	407	765	  1	
408	  8	765	  1	
408	 46	765	  1	
408	109	765	  1	
408	130	765	  1	
408	171	765	  1	
408	189	765	  1	
408	283	765	  1	
408	291	765	  1	
408	312	765	  1	
408	320	765	  1	
408	344	765	  1	
408	424	765	  1	
408	430	765	  1	
408	528	765	  1	
409	135	765	  1	
410	 14	765	  1	
410	104	765	  1	
410	184	765	  1	
410	310	765	  1	
410	319	765	  1	
411	426	765	  1	
412	 37	765	  1	
413	288	765	  1	
413	432	765	  1	
414	  0	765	  1	
414	  8	765	  1	
414	110	765	  1	
414	202	765	  1	
414	232	765	  1	
414	238	765	  1	
415	133	765	  1	
415	280	765	  1	
415	336	765	  1	
415	344	765	  1	
416	 52	765	  1	
416	 69	765	  1	
416	106	765	  1	
416	120	765	  1	
416	142	765	  1	
416	163	765	  1	
416	176	765	  1	
416	192	765	  1	
416	208	765	  1	
416	215	765	  1	
416	230	765	  1	
416	383	765	  1	
417	152	765	  1	
418	141	765	  1	
418	171	765	  1	
418	188	765	  1	
418	203	765	  1	
418	264	765	  1	
419	  8	765	  1	
419	 80	765	  1	
419	 96	765	  1	
419	366	765	  1	
420	140	765	  1	
420	359	765	  1	
421	123	765	  1	
421	232	765	  1	
421	317	765	  1	
421	430	765	  1	
422	 32	765	  1	
422	143	765	  1	
422	352	765	  1	
422	355	765	  1	
423	133	765	  1	
423	138	765	  1	
423	158	765	  1	
423	211	765	  1	
423	346	765	  1	
423	351	765	  1	
423	399	765	  1	
424	  0	765	  1	
424	 59	765	  1	
424	109	765	  1	
424	144	765	  1	
424	178	765	  1	
424	280	765	  1	
424	448	765	  1	
424	455	765	  1	
425	389	765	  1	
426	 24	765	  1	
426	114	765	  1	
426	127	765	  1	
426	188	765	  1	
426	247	765	  1	
426	410	765	  1	
427	 31	765	  1	
427	 48	765	  1	
427	224	765	  1	
427	323	765	  1	
427	415	765	  1	
429	104	765	  1	
429	152	765	  1	
430	223	765	  1	
430	466	765	  1	
431	114	765	  1	
431	186	765	  1	
431	231	765	  1	
431	386	765	  1	
431	391	765	  1	
431	584	765	  1	
432	 10	765	  1	
432	 75	765	  1	
432	 96	765	  1	
432	125	765	  1	
432	160	765	  1	
432	166	765	  1	
432	191	765	  1	
432	208	765	  1	
432	212	765	  1	
432	240	765	  1	
432	309	765	  1	
432	344	765	  1	
433	184	765	  1	
434	287	765	  1	
435	264	765	  1	
435	351	765	  1	
435	359	765	  1	
437	 48	765	  1	
437	155	765	  1	
437	246	765	  1	
438	 72	765	  1	
438	104	765	  1	
438	126	765	  1	
438	131	765	  1	
439	181	765	  1	
439	188	765	  1	
439	309	765	  1	
439	344	765	  1	
440	 16	765	  1	
440	 29	765	  1	
440	 63	765	  1	
440	112	765	  1	
440	136	765	  1	
440	146	765	  1	
440	149	765	  1	
440	170	765	  1	
440	235	765	  1	
440	256	765	  1	
440	260	765	  1	
440	382	765	  1	
442	 72	765	  1	
442	 79	765	  1	
442	179	765	  1	
443	 24	765	  1	
443	 43	765	  1	
443	 94	765	  1	
444	 23	765	  1	
444	302	765	  1	
445	118	765	  1	
445	131	765	  1	
446	 18	765	  1	
446	296	765	  1	
447	 48	765	  1	
447	 63	765	  1	
447	 72	765	  1	
447	 79	765	  1	
447	140	765	  1	
447	256	765	  1	
447	271	765	  1	
447	382	765	  1	
448	 15	765	  1	
448	 31	765	  1	
448	 47	765	  1	
448	 51	765	  1	
448	 83	765	  1	
448	104	765	  1	
448	110	765	  1	
448	120	765	  1	
448	176	765	  1	
448	191	765	  1	
448	193	765	  1	
448	214	765	  1	
448	248	765	  1	
448	312	765	  1	
450	  8	765	  1	
450	 59	765	  1	
450	 86	765	  1	
450	206	765	  1	
451	384	765	  1	
452	 45	765	  1	
453	107	765	  1	
453	332	765	  1	
454	212	765	  1	
454	312	765	  1	
454	350	765	  1	
455	 15	765	  1	
455	 36	765	  1	
455	 40	765	  1	
455	 54	765	  1	
455	 83	765	  1	
455	200	765	  1	
455	271	765	  1	
456	 11	765	  1	
456	 16	765	  1	
456	 42	765	  1	
456	115	765	  1	
456	130	765	  1	
456	136	765	  1	
456	144	765	  1	
456	167	765	  1	
456	197	765	  1	
456	222	765	  1	
456	240	765	  1	
456	304	765	  1	
456	310	765	  1	
457	215	765	  1	
458	 40	765	  1	
458	 47	765	  1	
458	110	765	  1	
458	211	765	  1	
460	155	765	  1	
460	204	765	  1	
460	246	765	  1	
461	272	765	  1	
461	279	765	  1	
462	 43	765	  1	
462	104	765	  1	
462	147	765	  1	
463	 28	765	  1	
463	 55	765	  1	
463	192	765	  1	
463	220	765	  1	
464	 24	765	  1	
464	 35	765	  1	
464	 60	765	  1	
464	 72	765	  1	
464	 85	765	  1	
464	164	765	  1	
464	223	765	  1	
464	256	765	  1	
464	296	765	  1	
464	302	765	  1	
464	379	765	  1	
464	447	765	  1	
465	 96	765	  1	
465	199	765	  1	
466	112	765	  1	
466	218	765	  1	
466	228	765	  1	
467	 64	765	  1	
467	 71	765	  1	
467	 80	765	  1	
467	287	765	  1	
468	208	765	  1	
468	212	765	  1	
469	 30	765	  1	
469	160	765	  1	
470	 98	765	  1	
470	216	765	  1	
470	280	765	  1	
471	229	765	  1	
471	256	765	  1	
472	 88	765	  1	
472	127	765	  1	
472	137	765	  1	
472	175	765	  1	
472	205	765	  1	
472	235	765	  1	
472	240	765	  1	
472	290	765	  1	
472	328	765	  1	
472	350	765	  1	
472	376	765	  1	
473	 94	765	  1	
473	407	765	  1	
474	248	765	  1	
475	 72	765	  1	
475	144	765	  1	
475	162	765	  1	
475	168	765	  1	
475	272	765	  1	
476	 14	765	  1	
476	 56	765	  1	
476	119	765	  1	
476	156	765	  1	
476	335	765	  1	
477	 62	765	  1	
477	 88	765	  1	
477	100	765	  1	
477	127	765	  1	
478	104	765	  1	
478	206	765	  1	
478	231	765	  1	
478	254	765	  1	
479	  8	765	  1	
479	175	765	  1	
479	239	765	  1	
479	288	765	  1	
480	 40	765	  1	
480	 58	765	  1	
480	 67	765	  1	
480	 80	765	  1	
480	163	765	  1	
480	168	765	  1	
480	208	765	  1	
480	282	765	  1	
480	291	765	  1	
481	 93	765	  1	
483	 33	765	  1	
483	 58	765	  1	
483	183	765	  1	
483	191	765	  1	
483	216	765	  1	
484	160	765	  1	
484	167	765	  1	
485	 23	765	  1	
485	 80	765	  1	
485	192	765	  1	
485	280	765	  1	
485	287	765	  1	
485	346	765	  1	
486	 15	765	  1	
486	 94	765	  1	
487	171	765	  1	
487	231	765	  1	
488	  1	765	  1	
488	 18	765	  1	
488	 57	765	  1	
488	266	765	  1	
488	284	765	  1	
488	440	765	  1	
489	296	765	  1	
491	275	765	  1	
492	  7	765	  1	
492	 44	765	  1	
492	578	765	  1	
493	135	765	  1	
493	176	765	  1	
493	192	765	  1	
493	199	765	  1	
494	 40	765	  1	
495	271	765	  1	
495	355	765	  1	
496	123	765	  1	
496	140	765	  1	
496	152	765	  1	
496	159	765	  1	
496	174	765	  1	
496	236	765	  1	
496	243	765	  1	
496	248	765	  1	
496	290	765	  1	
496	304	765	  1	
496	400	765	  1	
498	 72	765	  1	
498	111	765	  1	
499	 64	765	  1	
499	272	765	  1	
500	106	765	  1	
500	116	765	  1	
500	352	765	  1	
501	 48	765	  1	
501	163	765	  1	
501	328	765	  1	
502	 42	765	  1	
502	 78	765	  1	
502	181	765	  1	
502	294	765	  1	
502	304	765	  1	
502	359	765	  1	
504	 65	765	  1	
504	104	765	  1	
504	176	765	  1	
504	247	765	  1	
504	250	765	  1	
504	263	765	  1	
504	280	765	  1	
504	327	765	  1	
505	152	765	  1	
505	166	765	  1	
506	109	765	  1	
506	112	765	  1	
506	288	765	  1	
507	  6	765	  1	
507	134	765	  1	
507	184	765	  1	
507	240	765	  1	
507	255	765	  1	
507	296	765	  1	
508	104	765	  1	
508	119	765	  1	
508	160	765	  1	
508	260	765	  1	
510	128	765	  1	
510	144	765	  1	
510	183	765	  1	
510	290	765	  1	
511	 83	765	  1	
511	106	765	  1	
511	116	765	  1	
511	304	765	  1	
511	342	765	  1	
511	436	765	  1	
512	 48	765	  1	
512	 56	765	  1	
512	 90	765	  1	
512	104	765	  1	
512	118	765	  1	
512	121	765	  1	
512	138	765	  1	
512	198	765	  1	
512	220	765	  1	
512	266	765	  1	
512	392	765	  1	
513	 80	765	  1	
513	 94	765	  1	
513	234	765	  1	
515	111	765	  1	
515	318	765	  1	
515	335	765	  1	
515	416	765	  1	
515	519	765	  1	
516	120	765	  1	
516	252	765	  1	
517	291	765	  1	
517	521	765	  1	
518	137	765	  1	
518	211	765	  1	
519	328	765	  1	
519	399	765	  1	
520	 72	765	  1	
520	 76	765	  1	
520	129	765	  1	
520	150	765	  1	
520	179	765	  1	
520	220	765	  1	
520	237	765	  1	
520	266	765	  1	
520	280	765	  1	
520	287	765	  1	
520	302	765	  1	
521	296	765	  1	
522	 78	765	  1	
522	 87	765	  1	
522	253	765	  1	
522	323	765	  1	
522	368	765	  1	
523	128	765	  1	
523	228	765	  1	
523	232	765	  1	
523	288	765	  1	
524	198	765	  1	
524	220	765	  1	
525	 80	765	  1	
525	136	765	  1	
525	271	765	  1	
526	 40	765	  1	
526	192	765	  1	
527	 48	765	  1	
527	283	765	  1	
528	 16	765	  1	
528	 23	765	  1	
528	 64	765	  1	
528	125	765	  1	
528	168	765	  1	
528	203	765	  1	
528	244	765	  1	
528	250	765	  1	
528	276	765	  1	
528	306	765	  1	
528	311	765	  1	
528	423	765	  1	
530	 72	765	  1	
530	 79	765	  1	
530	174	765	  1	
530	256	765	  1	
530	280	765	  1	
530	320	765	  1	
531	136	765	  1	
531	408	765	  1	
533	120	765	  1	
533	262	765	  1	
533	494	765	  1	
534	 60	765	  1	
534	168	765	  1	
534	234	765	  1	
534	304	765	  1	
534	309	765	  1	
535	 48	765	  1	
535	135	765	  1	
535	200	765	  1	
535	207	765	  1	
535	248	765	  1	
536	 31	765	  1	
536	 70	765	  1	
536	 90	765	  1	
536	130	765	  1	
536	146	765	  1	
536	180	765	  1	
536	190	765	  1	
536	307	765	  1	
536	313	765	  1	
536	416	765	  1	
538	294	765	  1	
538	423	765	  1	
539	367	765	  1	
540	 64	765	  1	
540	210	765	  1	
541	 63	765	  1	
541	128	765	  1	
541	135	765	  1	
541	144	765	  1	
541	151	765	  1	
542	 10	765	  1	
542	344	765	  1	
542	351	765	  1	
543	 18	765	  1	
543	359	765	  1	
543	416	765	  1	
544	  8	765	  1	
544	 85	765	  1	
544	109	765	  1	
544	124	765	  1	
544	136	765	  1	
544	143	765	  1	
544	190	765	  1	
544	221	765	  1	
544	267	765	  1	
544	336	765	  1	
544	380	765	  1	
546	154	765	  1	
546	314	765	  1	
547	103	765	  1	
547	184	765	  1	
547	247	765	  1	
547	288	765	  1	
547	312	765	  1	
547	343	765	  1	
548	 86	765	  1	
548	472	765	  1	
549	192	765	  1	
550	 80	765	  1	
550	 95	765	  1	
550	165	765	  1	
550	229	765	  1	
550	232	765	  1	
550	239	765	  1	
551	322	765	  1	
551	336	765	  1	
552	 91	765	  1	
552	152	765	  1	
552	168	765	  1	
552	175	765	  1	
552	184	765	  1	
552	216	765	  1	
552	248	765	  1	
552	274	765	  1	
552	279	765	  1	
552	352	765	  1	
552	440	765	  1	
552	513	765	  1	
553	 95	765	  1	
553	157	765	  1	
554	104	765	  1	
554	170	765	  1	
554	189	765	  1	
555	256	765	  1	
555	359	765	  1	
557	  3	765	  1	
557	 91	765	  1	
559	  8	765	  1	
559	 82	765	  1	
559	110	765	  1	
559	133	765	  1	
559	168	765	  1	
559	175	765	  1	
559	309	765	  1	
559	352	765	  1	
560	  7	765	  1	
560	 56	765	  1	
560	103	765	  1	
560	296	765	  1	
560	495	765	  1	
563	  0	765	  1	
563	 72	765	  1	
563	 96	765	  1	
563	128	765	  1	
563	181	765	  1	
563	248	765	  1	
565	120	765	  1	
565	155	765	  1	
565	232	765	  1	
567	  7	765	  1	
567	103	765	  1	
568	  3	765	  1	
568	191	765	  1	
568	251	765	  1	
568	258	765	  1	
568	264	765	  1	
568	268	765	  1	
568	284	765	  1	
568	316	765	  1	
568	533	765	  1	
570	215	765	  1	
570	260	765	  1	
571	  0	765	  1	
571	  7	765	  1	
571	144	765	  1	
571	243	765	  1	
572	119	765	  1	
572	302	765	  1	
573	186	765	  1	
574	261	765	  1	
574	319	765	  1	
575	  7	765	  1	
575	120	765	  1	
575	127	765	  1	
575	269	765	  1	
575	294	765	  1	
575	472	765	  1	
575	478	765	  1	
576	123	765	  1	
576	216	765	  1	
576	221	765	  1	
576	229	765	  1	
576	238	765	  1	
576	272	765	  1	
576	279	765	  1	
576	335	765	  1	
576	535	765	  1	
577	464	765	  1	
579	174	765	  1	
579	280	765	  1	
579	328	765	  1	
580	254	765	  1	
581	252	765	  1	
581	535	765	  1	
582	250	765	  1	
582	335	765	  1	
583	120	765	  1	
583	127	765	  1	
583	179	765	  1	
583	191	765	  1	
583	240	765	  1	
583	275	765	  1	
583	295	765	  1	
584	 88	765	  1	
584	 96	765	  1	
584	106	765	  1	
584	208	765	  1	
584	226	765	  1	
584	256	765	  1	
584	260	765	  1	
584	296	765	  1	
584	363	765	  1	
584	408	765	  1	
586	 16	765	  1	
587	111	765	  1	
587	239	765	  1	
589	 23	765	  1	
589	224	765	  1	
589	248	765	  1	
589	347	765	  1	
589	359	765	  1	
590	212	765	  1	
590	309	765	  1	
590	320	765	  1	
591	123	765	  1	
591	234	765	  1	
591	287	765	  1	
591	325	765	  1	
591	367	765	  1	
592	 16	765	  1	
592	 24	765	  1	
592	 69	765	  1	
592	109	765	  1	
592	115	765	  1	
592	179	765	  1	
592	204	765	  1	
592	240	765	  1	
592	268	765	  1	
592	296	765	  1	
592	300	765	  1	
592	407	765	  1	
593	276	765	  1	
594	432	765	  1	
595	 32	765	  1	
595	 39	765	  1	
595	 96	765	  1	
595	349	765	  1	
596	263	765	  1	
597	207	765	  1	
597	288	765	  1	
598	248	765	  1	
599	 35	765	  1	
599	146	765	  1	
599	400	765	  1	
599	515	765	  1	
600	  8	765	  1	
600	103	765	  1	
600	168	765	  1	
600	246	765	  1	
600	304	765	  1	
600	308	765	  1	
601	296	765	  1	
601	320	765	  1	
603	 63	765	  1	
603	216	765	  1	
603	246	765	  1	
603	567	765	  1	
606	240	765	  1	
607	 22	765	  1	
607	247	765	  1	
608	139	765	  1	
608	223	765	  1	
608	253	765	  1	
608	263	765	  1	
608	288	765	  1	
608	295	765	  1	
608	336	765	  1	
611	278	765	  1	
611	343	765	  1	
612	 71	765	  1	
612	208	765	  1	
612	307	765	  1	
613	264	765	  1	
614	497	765	  1	
615	222	765	  1	
615	256	765	  1	
615	291	765	  1	
615	311	765	  1	
615	336	765	  1	
615	384	765	  1	
616	 87	765	  1	
616	130	765	  1	
616	194	765	  1	
616	248	765	  1	
616	319	765	  1	
618	258	765	  1	
619	239	765	  1	
620	128	765	  1	
620	248	765	  1	
620	367	765	  1	
622	 68	765	  1	
622	314	765	  1	
623	 55	765	  1	
623	230	765	  1	
624	197	765	  1	
624	213	765	  1	
624	232	765	  1	
624	239	765	  1	
624	263	765	  1	
624	303	765	  1	
624	507	765	  1	
627	263	765	  1	
627	310	765	  1	
628	 64	765	  1	
629	 72	765	  1	
629	 79	765	  1	
630	211	765	  1	
630	303	765	  1	
631	106	765	  1	
631	235	765	  1	
632	354	765	  1	
632	360	765	  1	
635	 15	765	  1	
635	161	765	  1	
635	291	765	  1	
635	312	765	  1	
636	427	765	  1	
640	165	765	  1	
640	230	765	  1	
640	251	765	  1	
640	352	765	  1	
647	 48	765	  1	
647	319	765	  1	
647	352	765	  1	
648	328	765	  1	
648	343	765	  1	
648	392	765	  1	
648	399	765	  1	
651	335	765	  1	
655	274	765	  1	
655	328	765	  1	
655	343	765	  1	
655	383	765	  1	
655	395	765	  1	
655	455	765	  1	
660	 77	765	  1	
663	214	765	  1	
663	544	765	  1	
672	311	765	  1	
672	395	765	  1	
672	438	765	  1	
677	216	765	  1	
677	542	765	  1	
679	 66	765	  1	
679	311	765	  1	
680	423	765	  1	
682	148	765	  1	
682	199	765	  1	
687	319	765	  1	
695	208	765	  1	
696	210	765	  1	
703	216	765	  1	
720	376	765	  1	
728	 38	765	  1	
728	 75	765	  1	
736	440	765	  1	
