# 
#  Image file: Goad1_T0104.jpg
#  Applied threshold: 575
#  Algorithm used: fill2                 
#  Particle count: 2061
#  Location (x,y), max luminance, and mass:
# 
  7	232	765	  1	
  7	354	765	  1	
  7	525	765	  1	
  8	151	765	  1	
  8	160	765	  1	
  8	190	765	  1	
  8	224	765	  1	
 11	 13	765	  1	
 11	189	765	  1	
 12	181	765	  1	
 15	144	765	  1	
 16	244	765	  1	
 18	487	765	  1	
 23	363	765	  1	
 24	102	765	  1	
 26	 96	765	  1	
 29	586	765	  1	
 30	423	765	  1	
 32	 96	765	  1	
 32	311	765	  1	
 37	311	765	  1	
 40	312	765	  1	
 43	279	765	  1	
 43	352	765	  1	
 55	335	765	  1	
 63	 75	765	  1	
 64	231	765	  1	
 65	232	765	  1	
 69	239	765	  1	
 69	247	765	  1	
 71	240	765	  1	
 71	388	765	  1	
 72	528	765	  1	
 75	203	765	  1	
 76	376	765	  1	
 77	589	765	  1	
 79	112	765	  1	
 79	160	765	  1	
 79	431	765	  1	
 80	 39	765	  1	
 80	469	765	  1	
 80	504	765	  1	
 82	120	765	  1	
 82	312	765	  1	
 84	 10	765	  1	
 86	210	765	  1	
 87	149	765	  1	
 87	559	765	  1	
 88	 82	765	  1	
 88	171	765	  1	
 88	309	765	  1	
 88	368	765	  1	
 88	395	765	  1	
 95	 55	765	  1	
 95	 84	765	  1	
 95	144	765	  1	
 95	149	765	  1	
 95	223	765	  1	
 96	112	765	  1	
 96	119	765	  1	
 96	136	765	  1	
 96	154	765	  1	
 96	224	765	  1	
 96	413	765	  1	
 96	416	765	  1	
 96	492	765	  1	
 96	581	765	  1	
 99	143	765	  1	
102	347	765	  1	
102	355	765	  1	
103	115	765	  1	
103	136	765	  1	
103	224	765	  1	
103	312	765	  1	
103	415	765	  1	
104	127	765	  1	
104	360	765	  1	
104	407	765	  1	
107	 63	765	  1	
107	 79	765	  1	
108	142	765	  1	
110	176	765	  1	
111	438	765	  1	
112	 95	765	  1	
112	170	765	  1	
112	211	765	  1	
112	270	765	  1	
113	160	765	  1	
114	175	765	  1	
117	215	765	  1	
118	268	765	  1	
119	 72	765	  1	
119	160	765	  1	
119	199	765	  1	
119	407	765	  1	
120	118	765	  1	
120	128	765	  1	
120	147	765	  1	
120	187	765	  1	
120	384	765	  1	
120	391	765	  1	
120	424	765	  1	
120	476	765	  1	
122	167	765	  1	
123	  2	765	  1	
123	341	765	  1	
125	112	765	  1	
125	485	765	  1	
127	144	765	  1	
127	151	765	  1	
128	136	765	  1	
128	177	765	  1	
128	296	765	  1	
128	336	765	  1	
128	343	765	  1	
128	360	765	  1	
131	351	765	  1	
131	400	765	  1	
134	296	765	  1	
134	444	765	  1	
135	147	765	  1	
135	280	765	  1	
135	339	765	  1	
135	344	765	  1	
135	387	765	  1	
135	504	765	  1	
136	107	765	  1	
136	156	765	  1	
136	167	765	  1	
136	306	765	  1	
136	310	765	  1	
136	352	765	  1	
136	368	765	  1	
136	384	765	  1	
138	302	765	  1	
139	358	765	  1	
140	253	765	  1	
141	 95	765	  1	
141	103	765	  1	
141	159	765	  1	
141	205	765	  1	
143	192	765	  1	
143	200	765	  1	
143	231	765	  1	
143	403	765	  1	
144	319	765	  1	
144	348	765	  1	
144	416	765	  1	
146	162	765	  1	
149	472	765	  1	
150	219	765	  1	
150	392	765	  1	
151	  0	765	  1	
151	263	765	  1	
151	319	765	  1	
152	147	765	  1	
152	160	765	  1	
152	175	765	  1	
152	182	765	  1	
152	224	765	  1	
152	293	765	  1	
152	331	765	  1	
152	342	765	  1	
152	466	765	  1	
153	338	765	  1	
154	328	765	  1	
155	167	765	  1	
155	176	765	  1	
155	231	765	  1	
156	351	765	  1	
158	144	765	  1	
158	151	765	  1	
159	160	765	  1	
159	224	765	  1	
160	176	765	  1	
160	194	765	  1	
160	350	765	  1	
165	192	765	  1	
165	199	765	  1	
165	258	765	  1	
165	263	765	  1	
166	333	765	  1	
167	  0	765	  1	
167	128	765	  1	
167	248	765	  1	
167	255	765	  1	
167	288	765	  1	
167	328	765	  1	
167	346	765	  1	
168	 39	765	  1	
168	208	765	  1	
168	278	765	  1	
168	340	765	  1	
168	352	765	  1	
168	411	765	  1	
168	487	765	  1	
168	598	765	  1	
169	137	765	  1	
171	 13	765	  1	
171	104	765	  1	
171	199	765	  1	
171	295	765	  1	
171	304	765	  1	
173	415	765	  1	
175	192	765	  1	
175	207	765	  1	
175	288	765	  1	
175	470	765	  1	
176	 80	765	  1	
176	163	765	  1	
176	200	765	  1	
176	204	765	  1	
176	248	765	  1	
176	251	765	  1	
176	256	765	  1	
176	263	765	  1	
176	270	765	  1	
176	285	765	  1	
176	382	765	  1	
176	408	765	  1	
176	520	765	  1	
176	541	765	  1	
178	272	765	  1	
178	325	765	  1	
179	199	765	  1	
181	239	765	  1	
181	528	765	  1	
182	  2	765	  1	
182	 88	765	  1	
182	112	765	  1	
182	140	765	  1	
182	205	765	  1	
182	211	765	  1	
182	226	765	  1	
182	280	765	  1	
182	312	765	  1	
182	351	765	  1	
183	192	765	  1	
183	200	765	  1	
183	334	765	  1	
183	416	765	  1	
183	520	765	  1	
184	 62	765	  1	
184	162	765	  1	
184	348	765	  1	
184	358	765	  1	
184	528	765	  1	
186	559	765	  1	
187	 72	765	  1	
187	352	765	  1	
187	511	765	  1	
188	111	765	  1	
189	 64	765	  1	
189	195	765	  1	
189	351	765	  1	
190	211	765	  1	
190	298	765	  1	
191	303	765	  1	
191	319	765	  1	
191	322	765	  1	
191	327	765	  1	
191	377	765	  1	
191	391	765	  1	
191	464	765	  1	
191	471	765	  1	
191	551	765	  1	
192	 16	765	  1	
192	 23	765	  1	
192	 27	765	  1	
192	 51	765	  1	
192	176	765	  1	
192	235	765	  1	
192	288	765	  1	
192	295	765	  1	
192	400	765	  1	
192	407	765	  1	
192	424	765	  1	
194	127	765	  1	
195	144	765	  1	
195	232	765	  1	
197	 63	765	  1	
197	208	765	  1	
198	164	765	  1	
199	 16	765	  1	
199	 24	765	  1	
199	 31	765	  1	
199	291	765	  1	
200	 64	765	  1	
200	123	765	  1	
200	130	765	  1	
200	136	765	  1	
200	141	765	  1	
200	243	765	  1	
200	280	765	  1	
200	331	765	  1	
202	120	765	  1	
203	248	765	  1	
203	255	765	  1	
203	304	765	  1	
204	158	765	  1	
205	 68	765	  1	
206	 56	765	  1	
206	 72	765	  1	
206	 78	765	  1	
206	232	765	  1	
206	287	765	  1	
207	 88	765	  1	
207	237	765	  1	
207	347	765	  1	
207	403	765	  1	
208	 28	765	  1	
208	 48	765	  1	
208	 52	765	  1	
208	119	765	  1	
208	146	765	  1	
208	175	765	  1	
208	291	765	  1	
208	304	765	  1	
208	308	765	  1	
208	312	765	  1	
208	319	765	  1	
208	456	765	  1	
209	279	765	  1	
210	 16	765	  1	
210	112	765	  1	
210	445	765	  1	
211	 40	765	  1	
211	125	765	  1	
211	168	765	  1	
211	240	765	  1	
211	327	765	  1	
211	463	765	  1	
212	157	765	  1	
213	 31	765	  1	
213	 53	765	  1	
213	 72	765	  1	
213	 91	765	  1	
213	492	765	  1	
214	120	765	  1	
214	436	765	  1	
214	546	765	  1	
215	 48	765	  1	
215	175	765	  1	
215	272	765	  1	
215	315	765	  1	
215	413	765	  1	
215	456	765	  1	
216	 23	765	  1	
216	 78	765	  1	
216	109	765	  1	
216	183	765	  1	
216	216	765	  1	
216	291	765	  1	
216	385	765	  1	
216	475	765	  1	
216	560	765	  1	
217	 85	765	  1	
218	471	765	  1	
219	 30	765	  1	
219	 56	765	  1	
219	214	765	  1	
219	268	765	  1	
219	424	765	  1	
219	440	765	  1	
220	415	765	  1	
220	487	765	  1	
221	 75	765	  1	
221	583	765	  1	
222	349	765	  1	
223	 23	765	  1	
223	152	765	  1	
223	159	765	  1	
223	408	765	  1	
223	469	765	  1	
223	472	765	  1	
223	479	765	  1	
223	575	765	  1	
224	  8	765	  1	
224	 53	765	  1	
224	 79	765	  1	
224	 87	765	  1	
224	 96	765	  1	
224	103	765	  1	
224	128	765	  1	
224	139	765	  1	
224	160	765	  1	
224	224	765	  1	
224	256	765	  1	
224	312	765	  1	
224	365	765	  1	
224	411	765	  1	
224	463	765	  1	
226	168	765	  1	
227	 72	765	  1	
227	127	765	  1	
227	235	765	  1	
227	456	765	  1	
228	256	765	  1	
228	340	765	  1	
229	 39	765	  1	
229	 48	765	  1	
229	179	765	  1	
229	400	765	  1	
229	424	765	  1	
230	 12	765	  1	
230	152	765	  1	
230	164	765	  1	
230	248	765	  1	
230	262	765	  1	
230	291	765	  1	
230	299	765	  1	
230	431	765	  1	
231	  8	765	  1	
231	 79	765	  1	
231	 99	765	  1	
231	312	765	  1	
231	331	765	  1	
231	415	765	  1	
231	463	765	  1	
232	 56	765	  1	
232	 69	765	  1	
232	 81	765	  1	
232	176	765	  1	
232	181	765	  1	
232	184	765	  1	
232	190	765	  1	
232	197	765	  1	
232	240	765	  1	
232	271	765	  1	
232	301	765	  1	
232	464	765	  1	
232	471	765	  1	
233	 88	765	  1	
233	160	765	  1	
234	152	765	  1	
235	 62	765	  1	
235	264	765	  1	
235	312	765	  1	
236	 80	765	  1	
236	164	765	  1	
237	187	765	  1	
237	192	765	  1	
237	310	765	  1	
237	590	765	  1	
238	327	765	  1	
239	181	765	  1	
239	252	765	  1	
239	271	765	  1	
239	301	765	  1	
239	442	765	  1	
239	447	765	  1	
239	467	765	  1	
239	503	765	  1	
240	  0	765	  1	
240	  8	765	  1	
240	 31	765	  1	
240	120	765	  1	
240	195	765	  1	
240	216	765	  1	
240	245	765	  1	
240	250	765	  1	
240	279	765	  1	
240	290	765	  1	
240	304	765	  1	
240	320	765	  1	
240	352	765	  1	
240	387	765	  1	
240	400	765	  1	
240	479	765	  1	
241	116	765	  1	
241	124	765	  1	
241	200	765	  1	
241	314	765	  1	
242	132	765	  1	
242	182	765	  1	
242	272	765	  1	
242	358	765	  1	
243	 94	765	  1	
243	144	765	  1	
243	283	765	  1	
243	384	765	  1	
243	391	765	  1	
243	407	765	  1	
243	469	765	  1	
244	112	765	  1	
245	103	765	  1	
245	295	765	  1	
245	440	765	  1	
245	474	765	  1	
246	  8	765	  1	
246	125	765	  1	
246	176	765	  1	
246	352	765	  1	
247	387	765	  1	
248	 11	765	  1	
248	 37	765	  1	
248	 66	765	  1	
248	 72	765	  1	
248	112	765	  1	
248	156	765	  1	
248	224	765	  1	
248	248	765	  1	
248	276	765	  1	
248	323	765	  1	
248	331	765	  1	
248	336	765	  1	
248	368	765	  1	
248	408	765	  1	
248	447	765	  1	
248	464	765	  1	
249	 80	765	  1	
249	431	765	  1	
250	 47	765	  1	
250	 82	765	  1	
250	384	765	  1	
251	152	765	  1	
251	176	765	  1	
251	231	765	  1	
251	256	765	  1	
251	264	765	  1	
251	288	765	  1	
251	360	765	  1	
251	415	765	  1	
252	 59	765	  1	
252	 73	765	  1	
253	 67	765	  1	
253	251	765	  1	
254	 84	765	  1	
254	112	765	  1	
254	200	765	  1	
254	372	765	  1	
254	391	765	  1	
254	421	765	  1	
254	447	765	  1	
254	455	765	  1	
255	215	765	  1	
255	224	765	  1	
255	272	765	  1	
255	299	765	  1	
255	408	765	  1	
256	 90	765	  1	
256	104	765	  1	
256	110	765	  1	
256	131	765	  1	
256	147	765	  1	
256	208	765	  1	
256	259	765	  1	
256	330	765	  1	
256	400	765	  1	
256	461	765	  1	
258	 80	765	  1	
258	405	765	  1	
259	290	765	  1	
260	 16	765	  1	
260	116	765	  1	
261	127	765	  1	
261	276	765	  1	
261	328	765	  1	
262	208	765	  1	
262	228	765	  1	
263	303	765	  1	
263	319	765	  1	
264	  0	765	  1	
264	  6	765	  1	
264	 32	765	  1	
264	 53	765	  1	
264	129	765	  1	
264	174	765	  1	
264	224	765	  1	
264	271	765	  1	
264	306	765	  1	
264	347	765	  1	
264	486	765	  1	
264	499	765	  1	
264	511	765	  1	
265	135	765	  1	
265	275	765	  1	
265	408	765	  1	
266	314	765	  1	
268	311	765	  1	
268	485	765	  1	
269	  3	765	  1	
269	  8	765	  1	
269	163	765	  1	
269	283	765	  1	
269	400	765	  1	
269	480	765	  1	
270	294	765	  1	
270	304	765	  1	
270	336	765	  1	
271	 72	765	  1	
271	144	765	  1	
271	168	765	  1	
271	414	765	  1	
271	456	765	  1	
271	499	765	  1	
271	520	765	  1	
272	 40	765	  1	
272	120	765	  1	
272	128	765	  1	
272	137	765	  1	
272	156	765	  1	
272	184	765	  1	
272	190	765	  1	
272	198	765	  1	
272	221	765	  1	
272	249	765	  1	
272	254	765	  1	
272	261	765	  1	
272	266	765	  1	
272	331	765	  1	
272	355	765	  1	
272	402	765	  1	
272	432	765	  1	
272	439	765	  1	
272	464	765	  1	
272	471	765	  1	
273	176	765	  1	
273	181	765	  1	
274	216	765	  1	
275	 79	765	  1	
275	128	765	  1	
275	514	765	  1	
275	519	765	  1	
276	350	765	  1	
276	511	765	  1	
277	 46	765	  1	
277	141	765	  1	
277	187	765	  1	
277	239	765	  1	
277	247	765	  1	
278	 20	765	  1	
278	222	765	  1	
278	344	765	  1	
278	467	765	  1	
279	  8	765	  1	
279	 67	765	  1	
279	134	765	  1	
279	331	765	  1	
280	 24	765	  1	
280	 61	765	  1	
280	 72	765	  1	
280	 78	765	  1	
280	 85	765	  1	
280	 93	765	  1	
280	112	765	  1	
280	116	765	  1	
280	122	765	  1	
280	128	765	  1	
280	152	765	  1	
280	159	765	  1	
280	163	765	  1	
280	224	765	  1	
280	248	765	  1	
280	273	765	  1	
280	291	765	  1	
280	301	765	  1	
280	312	765	  1	
280	351	765	  1	
280	448	765	  1	
280	454	765	  1	
280	496	765	  1	
280	535	765	  1	
282	 54	765	  1	
283	 16	765	  1	
283	208	765	  1	
283	302	765	  1	
283	314	765	  1	
283	355	765	  1	
283	409	765	  1	
283	415	765	  1	
285	 48	765	  1	
285	 60	765	  1	
285	281	765	  1	
285	500	765	  1	
286	 74	765	  1	
286	291	765	  1	
286	421	765	  1	
287	143	765	  1	
287	224	765	  1	
288	  0	765	  1	
288	 48	765	  1	
288	 70	765	  1	
288	119	765	  1	
288	128	765	  1	
288	144	765	  1	
288	171	765	  1	
288	200	765	  1	
288	213	765	  1	
288	223	765	  1	
288	237	765	  1	
288	246	765	  1	
288	320	765	  1	
288	336	765	  1	
288	356	765	  1	
288	360	765	  1	
288	371	765	  1	
288	392	765	  1	
288	480	765	  1	
288	517	765	  1	
288	547	765	  1	
288	598	765	  1	
289	298	765	  1	
290	  5	765	  1	
290	 15	765	  1	
290	 80	765	  1	
290	136	765	  1	
290	150	765	  1	
290	291	765	  1	
290	307	765	  1	
290	491	765	  1	
290	543	765	  1	
291	 63	765	  1	
291	 95	765	  1	
291	287	765	  1	
291	327	765	  1	
292	356	765	  1	
293	 40	765	  1	
293	206	765	  1	
293	232	765	  1	
293	243	765	  1	
293	348	765	  1	
294	 10	765	  1	
294	144	765	  1	
294	344	765	  1	
295	 69	765	  1	
295	168	765	  1	
295	175	765	  1	
295	320	765	  1	
295	328	765	  1	
295	392	765	  1	
295	544	765	  1	
295	551	765	  1	
295	598	765	  1	
296	  8	765	  1	
296	 16	765	  1	
296	 30	765	  1	
296	 58	765	  1	
296	 63	765	  1	
296	 80	765	  1	
296	101	765	  1	
296	224	765	  1	
296	340	765	  1	
296	374	765	  1	
296	400	765	  1	
296	560	765	  1	
298	 87	765	  1	
298	251	765	  1	
298	287	765	  1	
298	299	765	  1	
299	 51	765	  1	
299	168	765	  1	
299	184	765	  1	
299	200	765	  1	
300	336	765	  1	
301	  3	765	  1	
301	 39	765	  1	
301	 91	765	  1	
301	238	765	  1	
302	 31	765	  1	
302	 80	765	  1	
302	148	765	  1	
302	343	765	  1	
302	481	765	  1	
303	175	765	  1	
303	586	765	  1	
304	 48	765	  1	
304	 60	765	  1	
304	 64	765	  1	
304	 71	765	  1	
304	114	765	  1	
304	131	765	  1	
304	136	765	  1	
304	152	765	  1	
304	160	765	  1	
304	176	765	  1	
304	194	765	  1	
304	200	765	  1	
304	214	765	  1	
304	407	765	  1	
304	535	765	  1	
305	232	765	  1	
306	 96	765	  1	
306	128	765	  1	
306	363	765	  1	
307	208	765	  1	
307	222	765	  1	
307	304	765	  1	
307	527	765	  1	
307	557	765	  1	
308	183	765	  1	
309	106	765	  1	
309	111	765	  1	
309	199	765	  1	
309	239	765	  1	
309	284	765	  1	
309	294	765	  1	
309	312	765	  1	
309	336	765	  1	
310	102	765	  1	
310	152	765	  1	
310	216	765	  1	
311	 67	765	  1	
311	 80	765	  1	
311	119	765	  1	
311	512	765	  1	
312	  5	765	  1	
312	 24	765	  1	
312	 30	765	  1	
312	 42	765	  1	
312	 47	765	  1	
312	 72	765	  1	
312	 96	765	  1	
312	131	765	  1	
312	141	765	  1	
312	168	765	  1	
312	208	765	  1	
312	304	765	  1	
312	427	765	  1	
312	440	765	  1	
313	224	765	  1	
315	 64	765	  1	
315	200	765	  1	
315	272	765	  1	
315	415	765	  1	
315	501	765	  1	
316	 87	765	  1	
316	231	765	  1	
316	462	765	  1	
317	  0	765	  1	
317	 56	765	  1	
317	 75	765	  1	
317	136	765	  1	
317	155	765	  1	
317	176	765	  1	
317	398	765	  1	
318	224	765	  1	
318	447	765	  1	
318	456	765	  1	
319	216	765	  1	
319	416	765	  1	
319	429	765	  1	
320	  5	765	  1	
320	 22	765	  1	
320	 27	765	  1	
320	 48	765	  1	
320	107	765	  1	
320	117	765	  1	
320	152	765	  1	
320	173	765	  1	
320	219	765	  1	
320	236	765	  1	
320	251	765	  1	
320	264	765	  1	
320	304	765	  1	
320	311	765	  1	
320	320	765	  1	
320	326	765	  1	
320	368	765	  1	
320	375	765	  1	
320	389	765	  1	
320	448	765	  1	
320	455	765	  1	
321	272	765	  1	
322	112	765	  1	
322	143	765	  1	
323	 40	765	  1	
323	486	765	  1	
325	  0	765	  1	
325	 32	765	  1	
325	 39	765	  1	
325	126	765	  1	
325	155	765	  1	
325	336	765	  1	
325	384	765	  1	
325	418	765	  1	
326	104	765	  1	
326	111	765	  1	
326	118	765	  1	
326	164	765	  1	
326	208	765	  1	
326	212	765	  1	
327	184	765	  1	
327	371	765	  1	
327	449	765	  1	
327	480	765	  1	
328	142	765	  1	
328	146	765	  1	
328	176	765	  1	
328	227	765	  1	
328	240	765	  1	
328	246	765	  1	
328	256	765	  1	
328	263	765	  1	
328	267	765	  1	
328	279	765	  1	
328	360	765	  1	
328	373	765	  1	
328	378	765	  1	
328	397	765	  1	
328	408	765	  1	
328	431	765	  1	
328	496	765	  1	
329	 16	765	  1	
330	224	765	  1	
330	230	765	  1	
330	391	765	  1	
331	 56	765	  1	
332	295	765	  1	
333	 35	765	  1	
333	 88	765	  1	
333	232	765	  1	
333	272	765	  1	
334	 69	765	  1	
334	275	765	  1	
335	352	765	  1	
335	565	765	  1	
336	 37	765	  1	
336	 48	765	  1	
336	 55	765	  1	
336	104	765	  1	
336	117	765	  1	
336	157	765	  1	
336	163	765	  1	
336	192	765	  1	
336	196	765	  1	
336	216	765	  1	
336	231	765	  1	
336	248	765	  1	
336	255	765	  1	
336	272	765	  1	
336	312	765	  1	
336	320	765	  1	
336	342	765	  1	
336	396	765	  1	
336	426	765	  1	
336	472	765	  1	
336	544	765	  1	
337	  6	765	  1	
338	189	765	  1	
338	408	765	  1	
338	418	765	  1	
338	437	765	  1	
338	590	765	  1	
339	184	765	  1	
339	224	765	  1	
339	327	765	  1	
339	360	765	  1	
339	400	765	  1	
339	423	765	  1	
339	435	765	  1	
339	467	765	  1	
339	482	765	  1	
339	522	765	  1	
340	389	765	  1	
341	  0	765	  1	
341	112	765	  1	
341	136	765	  1	
341	318	765	  1	
341	368	765	  1	
341	477	765	  1	
342	251	765	  1	
342	352	765	  1	
342	384	765	  1	
342	544	765	  1	
343	  6	765	  1	
343	414	765	  1	
343	435	765	  1	
344	 29	765	  1	
344	 51	765	  1	
344	 59	765	  1	
344	107	765	  1	
344	127	765	  1	
344	143	765	  1	
344	169	765	  1	
344	174	765	  1	
344	189	765	  1	
344	200	765	  1	
344	224	765	  1	
344	233	765	  1	
344	241	765	  1	
344	245	765	  1	
344	249	765	  1	
344	255	765	  1	
344	290	765	  1	
344	296	765	  1	
344	299	765	  1	
344	311	765	  1	
344	376	765	  1	
344	402	765	  1	
344	547	765	  1	
345	272	765	  1	
346	136	765	  1	
346	215	765	  1	
346	321	765	  1	
347	176	765	  1	
348	109	765	  1	
348	587	765	  1	
349	268	765	  1	
349	280	765	  1	
349	296	765	  1	
349	343	765	  1	
349	430	765	  1	
350	288	765	  1	
351	118	765	  1	
351	124	765	  1	
351	143	765	  1	
351	360	765	  1	
351	488	765	  1	
351	547	765	  1	
352	 10	765	  1	
352	 16	765	  1	
352	 31	765	  1	
352	 40	765	  1	
352	 69	765	  1	
352	101	765	  1	
352	126	765	  1	
352	200	765	  1	
352	206	765	  1	
352	314	765	  1	
352	543	765	  1	
352	592	765	  1	
352	599	765	  1	
353	 64	765	  1	
353	215	765	  1	
354	504	765	  1	
355	224	765	  1	
355	247	765	  1	
355	319	765	  1	
355	402	765	  1	
355	536	765	  1	
356	368	765	  1	
357	380	765	  1	
357	400	765	  1	
357	424	765	  1	
358	511	765	  1	
359	214	765	  1	
359	287	765	  1	
359	298	765	  1	
359	320	765	  1	
359	543	765	  1	
359	560	765	  1	
360	 16	765	  1	
360	 48	765	  1	
360	 55	765	  1	
360	122	765	  1	
360	173	765	  1	
360	183	765	  1	
360	186	765	  1	
360	217	765	  1	
360	224	765	  1	
360	246	765	  1	
360	296	765	  1	
360	352	765	  1	
360	359	765	  1	
360	439	765	  1	
360	587	765	  1	
361	 39	765	  1	
361	242	765	  1	
361	311	765	  1	
361	429	765	  1	
362	 24	765	  1	
362	 64	765	  1	
362	271	765	  1	
363	  0	765	  1	
363	192	765	  1	
363	199	765	  1	
363	208	765	  1	
363	231	765	  1	
364	369	765	  1	
365	 96	765	  1	
365	122	765	  1	
365	298	765	  1	
365	308	765	  1	
365	378	765	  1	
365	436	765	  1	
365	439	765	  1	
365	447	765	  1	
366	 71	765	  1	
366	136	765	  1	
366	223	765	  1	
366	266	765	  1	
366	304	765	  1	
367	 16	765	  1	
367	126	765	  1	
367	206	765	  1	
367	215	765	  1	
367	355	765	  1	
367	374	765	  1	
367	383	765	  1	
368	  0	765	  1	
368	 85	765	  1	
368	110	765	  1	
368	120	765	  1	
368	124	765	  1	
368	165	765	  1	
368	176	765	  1	
368	232	765	  1	
368	251	765	  1	
368	272	765	  1	
368	279	765	  1	
368	287	765	  1	
368	312	765	  1	
368	408	765	  1	
368	414	765	  1	
368	554	765	  1	
370	 80	765	  1	
371	140	765	  1	
371	280	765	  1	
371	319	765	  1	
371	560	765	  1	
372	135	765	  1	
372	408	765	  1	
373	 46	765	  1	
373	 56	765	  1	
373	130	765	  1	
373	165	765	  1	
373	254	765	  1	
373	259	765	  1	
373	288	765	  1	
373	432	765	  1	
374	 64	765	  1	
374	 86	765	  1	
374	191	765	  1	
374	421	765	  1	
374	599	765	  1	
375	154	765	  1	
375	183	765	  1	
375	186	765	  1	
375	275	765	  1	
375	287	765	  1	
375	312	765	  1	
375	444	765	  1	
375	591	765	  1	
376	 16	765	  1	
376	 24	765	  1	
376	 72	765	  1	
376	248	765	  1	
376	344	765	  1	
376	368	765	  1	
376	374	765	  1	
376	453	765	  1	
378	 99	765	  1	
379	 56	765	  1	
379	111	765	  1	
380	 38	765	  1	
380	412	765	  1	
381	 64	765	  1	
381	371	765	  1	
382	  5	765	  1	
382	218	765	  1	
382	344	765	  1	
382	439	765	  1	
383	108	765	  1	
383	416	765	  1	
383	453	765	  1	
384	 48	765	  1	
384	 85	765	  1	
384	133	765	  1	
384	191	765	  1	
384	223	765	  1	
384	247	765	  1	
384	395	765	  1	
384	412	765	  1	
385	 74	765	  1	
385	256	765	  1	
386	 13	765	  1	
386	186	765	  1	
386	206	765	  1	
386	226	765	  1	
386	408	765	  1	
387	  8	765	  1	
387	 88	765	  1	
387	231	765	  1	
387	235	765	  1	
387	368	765	  1	
388	104	765	  1	
388	192	765	  1	
389	 53	765	  1	
390	  0	765	  1	
390	  5	765	  1	
390	109	765	  1	
390	207	765	  1	
390	412	765	  1	
391	 24	765	  1	
391	196	765	  1	
391	392	765	  1	
391	399	765	  1	
391	439	765	  1	
392	  7	765	  1	
392	 26	765	  1	
392	 48	765	  1	
392	 59	765	  1	
392	 69	765	  1	
392	171	765	  1	
392	249	765	  1	
392	296	765	  1	
392	365	765	  1	
392	407	765	  1	
392	415	765	  1	
392	423	765	  1	
392	448	765	  1	
392	491	765	  1	
394	 63	765	  1	
394	 88	765	  1	
394	211	765	  1	
395	187	765	  1	
395	223	765	  1	
395	243	765	  1	
395	308	765	  1	
395	455	765	  1	
396	496	765	  1	
397	 64	765	  1	
398	  8	765	  1	
398	 52	765	  1	
398	192	765	  1	
399	 31	765	  1	
399	175	765	  1	
399	407	765	  1	
399	448	765	  1	
400	 60	765	  1	
400	 85	765	  1	
400	104	765	  1	
400	181	765	  1	
400	191	765	  1	
400	195	765	  1	
400	224	765	  1	
400	264	765	  1	
400	408	765	  1	
400	432	765	  1	
400	456	765	  1	
400	488	765	  1	
401	 64	765	  1	
401	 76	765	  1	
402	 32	765	  1	
402	184	765	  1	
402	512	765	  1	
403	  4	765	  1	
403	 24	765	  1	
403	128	765	  1	
403	270	765	  1	
403	320	765	  1	
403	371	765	  1	
403	415	765	  1	
403	438	765	  1	
404	 11	765	  1	
404	174	765	  1	
404	400	765	  1	
405	 96	765	  1	
405	367	765	  1	
405	519	765	  1	
406	 72	765	  1	
406	 85	765	  1	
406	407	765	  1	
406	463	765	  1	
407	112	765	  1	
407	131	765	  1	
407	168	765	  1	
407	192	765	  1	
407	199	765	  1	
407	226	765	  1	
407	354	765	  1	
407	495	765	  1	
408	 79	765	  1	
408	123	765	  1	
408	130	765	  1	
408	152	765	  1	
408	194	765	  1	
408	219	765	  1	
408	256	765	  1	
408	422	765	  1	
408	429	765	  1	
408	467	765	  1	
408	599	765	  1	
409	352	765	  1	
410	 72	765	  1	
410	 86	765	  1	
410	136	765	  1	
410	163	765	  1	
411	 32	765	  1	
411	 46	765	  1	
411	183	765	  1	
411	428	765	  1	
412	364	765	  1	
413	  0	765	  1	
413	 16	765	  1	
413	146	765	  1	
413	151	765	  1	
413	304	765	  1	
413	311	765	  1	
415	 79	765	  1	
416	 38	765	  1	
416	152	765	  1	
416	168	765	  1	
416	187	765	  1	
416	207	765	  1	
416	315	765	  1	
416	320	765	  1	
416	327	765	  1	
416	365	765	  1	
416	376	765	  1	
416	383	765	  1	
416	389	765	  1	
416	419	765	  1	
418	  6	765	  1	
418	174	765	  1	
418	200	765	  1	
418	307	765	  1	
419	 64	765	  1	
419	104	765	  1	
419	221	765	  1	
419	286	765	  1	
419	344	765	  1	
419	352	765	  1	
419	360	765	  1	
420	 32	765	  1	
421	 24	765	  1	
421	 88	765	  1	
421	143	765	  1	
421	155	765	  1	
421	355	765	  1	
422	  0	765	  1	
422	168	765	  1	
422	208	765	  1	
422	280	765	  1	
422	427	765	  1	
423	311	765	  1	
423	350	765	  1	
423	354	765	  1	
423	359	765	  1	
423	379	765	  1	
424	 42	765	  1	
424	 47	765	  1	
424	 53	765	  1	
424	 63	765	  1	
424	 96	765	  1	
424	148	765	  1	
424	187	765	  1	
424	232	765	  1	
424	239	765	  1	
424	385	765	  1	
424	442	765	  1	
426	 34	765	  1	
426	133	765	  1	
426	213	765	  1	
426	292	765	  1	
426	320	765	  1	
426	327	765	  1	
427	336	765	  1	
427	391	765	  1	
429	102	765	  1	
430	 77	765	  1	
430	168	765	  1	
430	181	765	  1	
430	208	765	  1	
431	 70	765	  1	
431	132	765	  1	
431	148	765	  1	
431	184	765	  1	
431	191	765	  1	
431	203	765	  1	
431	232	765	  1	
431	239	765	  1	
431	293	765	  1	
431	343	765	  1	
431	387	765	  1	
431	389	765	  1	
432	  4	765	  1	
432	 42	765	  1	
432	 48	765	  1	
432	 59	765	  1	
432	 88	765	  1	
432	139	765	  1	
432	152	765	  1	
432	178	765	  1	
432	192	765	  1	
432	198	765	  1	
432	224	765	  1	
432	231	765	  1	
432	317	765	  1	
432	344	765	  1	
434	256	765	  1	
435	128	765	  1	
435	144	765	  1	
435	232	765	  1	
436	104	765	  1	
436	271	765	  1	
437	  8	765	  1	
437	195	765	  1	
438	132	765	  1	
438	180	765	  1	
439	 69	765	  1	
439	152	765	  1	
439	227	765	  1	
439	261	765	  1	
439	309	765	  1	
440	 24	765	  1	
440	 50	765	  1	
440	 74	765	  1	
440	 81	765	  1	
440	161	765	  1	
440	169	765	  1	
440	184	765	  1	
440	189	765	  1	
440	199	765	  1	
440	219	765	  1	
440	300	765	  1	
440	331	765	  1	
440	363	765	  1	
440	453	765	  1	
441	 87	765	  1	
441	142	765	  1	
443	128	765	  1	
443	360	765	  1	
445	 28	765	  1	
445	 64	765	  1	
445	 83	765	  1	
445	230	765	  1	
445	367	765	  1	
446	179	765	  1	
446	303	765	  1	
447	 45	765	  1	
447	199	765	  1	
448	 28	765	  1	
448	 55	765	  1	
448	 62	765	  1	
448	 85	765	  1	
448	109	765	  1	
448	115	765	  1	
448	195	765	  1	
448	216	765	  1	
448	272	765	  1	
448	279	765	  1	
448	373	765	  1	
450	 40	765	  1	
450	368	765	  1	
451	125	765	  1	
451	166	765	  1	
451	192	765	  1	
451	220	765	  1	
451	344	765	  1	
452	 16	765	  1	
452	 48	765	  1	
453	 44	765	  1	
453	136	765	  1	
454	 26	765	  1	
454	 53	765	  1	
454	120	765	  1	
454	282	765	  1	
455	 23	765	  1	
455	167	765	  1	
455	272	765	  1	
455	279	765	  1	
455	453	765	  1	
456	 54	765	  1	
456	 72	765	  1	
456	 96	765	  1	
456	184	765	  1	
456	199	765	  1	
456	203	765	  1	
456	208	765	  1	
456	213	765	  1	
456	231	765	  1	
456	234	765	  1	
456	240	765	  1	
456	253	765	  1	
458	152	765	  1	
458	327	765	  1	
459	144	765	  1	
461	 62	765	  1	
461	128	765	  1	
461	157	765	  1	
461	288	765	  1	
461	295	765	  1	
462	239	765	  1	
463	 23	765	  1	
463	224	765	  1	
463	348	765	  1	
464	 43	765	  1	
464	 56	765	  1	
464	 71	765	  1	
464	 88	765	  1	
464	107	765	  1	
464	119	765	  1	
464	144	765	  1	
464	165	765	  1	
464	173	765	  1	
464	200	765	  1	
464	252	765	  1	
464	416	765	  1	
465	215	765	  1	
465	378	765	  1	
466	 64	765	  1	
466	 76	765	  1	
466	104	765	  1	
467	136	765	  1	
469	152	765	  1	
469	242	765	  1	
469	255	765	  1	
469	264	765	  1	
470	 56	765	  1	
470	 83	765	  1	
470	112	765	  1	
471	 40	765	  1	
471	 47	765	  1	
471	 71	765	  1	
471	119	765	  1	
471	207	765	  1	
471	232	765	  1	
471	376	765	  1	
472	 16	765	  1	
472	 32	765	  1	
472	 80	765	  1	
472	164	765	  1	
472	176	765	  1	
472	184	765	  1	
472	208	765	  1	
472	216	765	  1	
472	258	765	  1	
472	344	765	  1	
472	351	765	  1	
472	390	765	  1	
474	  0	765	  1	
474	214	765	  1	
474	221	765	  1	
474	269	765	  1	
475	 48	765	  1	
475	 75	765	  1	
475	 83	765	  1	
475	168	765	  1	
475	183	765	  1	
475	232	765	  1	
476	 59	765	  1	
477	 22	765	  1	
478	146	765	  1	
478	208	765	  1	
478	262	765	  1	
478	394	765	  1	
479	184	765	  1	
479	216	765	  1	
479	239	765	  1	
480	 46	765	  1	
480	 62	765	  1	
480	 88	765	  1	
480	 98	765	  1	
480	128	765	  1	
480	176	765	  1	
480	192	765	  1	
480	198	765	  1	
480	230	765	  1	
480	245	765	  1	
480	253	765	  1	
480	270	765	  1	
480	288	765	  1	
480	392	765	  1	
481	 56	765	  1	
482	263	765	  1	
482	374	765	  1	
483	160	765	  1	
483	197	765	  1	
483	344	765	  1	
484	 92	765	  1	
485	 35	765	  1	
485	112	765	  1	
485	182	765	  1	
485	368	765	  1	
486	152	765	  1	
486	208	765	  1	
486	292	765	  1	
487	 88	765	  1	
487	229	765	  1	
488	 83	765	  1	
488	102	765	  1	
488	124	765	  1	
488	134	765	  1	
488	139	765	  1	
488	200	765	  1	
488	214	765	  1	
488	239	765	  1	
488	275	765	  1	
488	306	765	  1	
489	 51	765	  1	
489	 62	765	  1	
489	168	765	  1	
490	128	765	  1	
490	224	765	  1	
490	368	765	  1	
491	 88	765	  1	
491	207	765	  1	
491	272	765	  1	
493	 39	765	  1	
493	208	765	  1	
493	215	765	  1	
494	404	765	  1	
495	200	765	  1	
495	311	765	  1	
495	451	765	  1	
495	483	765	  1	
496	 48	765	  1	
496	108	765	  1	
496	119	765	  1	
496	136	765	  1	
496	184	765	  1	
496	210	765	  1	
496	216	765	  1	
496	223	765	  1	
496	293	765	  1	
496	319	765	  1	
496	344	765	  1	
496	376	765	  1	
497	289	765	  1	
498	149	765	  1	
498	160	765	  1	
498	236	765	  1	
499	 56	765	  1	
499	104	765	  1	
499	191	765	  1	
499	312	765	  1	
499	350	765	  1	
500	115	765	  1	
500	126	765	  1	
501	135	765	  1	
501	142	765	  1	
501	176	765	  1	
502	166	765	  1	
503	 48	765	  1	
503	122	765	  1	
503	215	765	  1	
503	291	765	  1	
503	319	765	  1	
504	 31	765	  1	
504	 63	765	  1	
504	101	765	  1	
504	107	765	  1	
504	203	765	  1	
504	245	765	  1	
504	248	765	  1	
504	254	765	  1	
504	280	765	  1	
504	293	765	  1	
504	487	765	  1	
504	583	765	  1	
505	145	765	  1	
505	152	765	  1	
507	 56	765	  1	
507	112	765	  1	
508	 95	765	  1	
508	208	765	  1	
509	131	765	  1	
509	188	765	  1	
510	157	765	  1	
510	215	765	  1	
511	 63	765	  1	
511	 88	765	  1	
511	280	765	  1	
512	 39	765	  1	
512	 45	765	  1	
512	 55	765	  1	
512	 87	765	  1	
512	112	765	  1	
512	136	765	  1	
512	192	765	  1	
512	199	765	  1	
512	253	765	  1	
512	344	765	  1	
512	351	765	  1	
512	359	765	  1	
512	392	765	  1	
513	111	765	  1	
514	208	765	  1	
515	 32	765	  1	
515	104	765	  1	
515	152	765	  1	
515	405	765	  1	
515	535	765	  1	
516	248	765	  1	
517	160	765	  1	
518	 40	765	  1	
518	128	765	  1	
518	333	765	  1	
518	399	765	  1	
519	 74	765	  1	
519	 87	765	  1	
519	 98	765	  1	
519	104	765	  1	
519	240	765	  1	
519	275	765	  1	
519	319	765	  1	
520	 22	765	  1	
520	 64	765	  1	
520	132	765	  1	
520	148	765	  1	
520	153	765	  1	
520	176	765	  1	
520	228	765	  1	
520	232	765	  1	
520	283	765	  1	
520	290	765	  1	
520	295	765	  1	
520	308	765	  1	
520	328	765	  1	
520	341	765	  1	
520	357	765	  1	
521	 86	765	  1	
521	144	765	  1	
521	220	765	  1	
522	 16	765	  1	
522	120	765	  1	
522	271	765	  1	
523	112	765	  1	
524	191	765	  1	
524	240	765	  1	
524	352	765	  1	
525	 88	765	  1	
525	 93	765	  1	
525	160	765	  1	
525	184	765	  1	
525	231	765	  1	
525	301	765	  1	
526	 80	765	  1	
526	152	765	  1	
527	  2	765	  1	
527	148	765	  1	
527	218	765	  1	
527	304	765	  1	
527	396	765	  1	
528	 27	765	  1	
528	 99	765	  1	
528	135	765	  1	
528	168	765	  1	
528	208	765	  1	
528	288	765	  1	
528	312	765	  1	
530	184	765	  1	
530	303	765	  1	
531	118	765	  1	
531	249	765	  1	
531	280	765	  1	
532	131	765	  1	
532	268	765	  1	
533	 94	765	  1	
533	290	765	  1	
534	 69	765	  1	
534	232	765	  1	
534	296	765	  1	
535	 24	765	  1	
536	 88	765	  1	
536	120	765	  1	
536	160	765	  1	
536	179	765	  1	
536	192	765	  1	
536	199	765	  1	
536	234	765	  1	
536	288	765	  1	
536	306	765	  1	
536	326	765	  1	
536	334	765	  1	
538	  8	765	  1	
538	218	765	  1	
539	110	765	  1	
539	295	765	  1	
540	166	765	  1	
540	276	765	  1	
542	332	765	  1	
543	248	765	  1	
543	288	765	  1	
544	  0	765	  1	
544	 72	765	  1	
544	120	765	  1	
544	124	765	  1	
544	138	765	  1	
544	167	765	  1	
544	234	765	  1	
544	314	765	  1	
544	379	765	  1	
545	262	765	  1	
546	106	765	  1	
546	160	765	  1	
547	 96	765	  1	
547	248	765	  1	
548	167	765	  1	
548	196	765	  1	
548	222	765	  1	
549	232	765	  1	
549	239	765	  1	
550	210	765	  1	
550	327	765	  1	
551	143	765	  1	
551	152	765	  1	
551	161	765	  1	
551	218	765	  1	
551	440	765	  1	
552	 94	765	  1	
552	147	765	  1	
552	179	765	  1	
552	192	765	  1	
552	199	765	  1	
552	229	765	  1	
552	235	765	  1	
552	250	765	  1	
552	268	765	  1	
552	280	765	  1	
552	296	765	  1	
552	313	765	  1	
552	344	765	  1	
552	376	765	  1	
554	 58	765	  1	
554	 85	765	  1	
554	104	765	  1	
554	208	765	  1	
557	 95	765	  1	
557	142	765	  1	
559	 88	765	  1	
559	110	765	  1	
559	160	765	  1	
560	168	765	  1	
560	210	765	  1	
560	216	765	  1	
560	223	765	  1	
560	253	765	  1	
560	264	765	  1	
560	295	765	  1	
561	248	765	  1	
562	512	765	  1	
563	128	765	  1	
564	299	765	  1	
564	352	765	  1	
566	248	765	  1	
566	359	765	  1	
567	  0	765	  1	
567	191	765	  1	
568	 18	765	  1	
568	170	765	  1	
568	187	765	  1	
568	209	765	  1	
568	222	765	  1	
568	512	765	  1	
568	544	765	  1	
569	288	765	  1	
570	245	765	  1	
570	290	765	  1	
570	360	765	  1	
571	248	765	  1	
571	327	765	  1	
573	184	765	  1	
573	260	765	  1	
574	336	765	  1	
575	  8	765	  1	
575	208	765	  1	
575	222	765	  1	
575	289	765	  1	
575	544	765	  1	
576	155	765	  1	
576	238	765	  1	
576	280	765	  1	
576	310	765	  1	
576	464	765	  1	
576	479	765	  1	
577	224	765	  1	
577	229	765	  1	
578	 87	765	  1	
578	246	765	  1	
579	 47	765	  1	
579	234	765	  1	
579	256	765	  1	
579	466	765	  1	
581	 71	765	  1	
581	326	765	  1	
582	240	765	  1	
582	284	765	  1	
582	368	765	  1	
583	155	765	  1	
583	267	765	  1	
583	295	765	  1	
583	464	765	  1	
583	527	765	  1	
584	 40	765	  1	
584	 64	765	  1	
584	 92	765	  1	
584	101	765	  1	
584	111	765	  1	
584	227	765	  1	
584	257	765	  1	
584	303	765	  1	
584	345	765	  1	
584	360	765	  1	
584	378	765	  1	
584	392	765	  1	
585	238	765	  1	
586	351	765	  1	
587	296	765	  1	
587	339	765	  1	
587	399	765	  1	
589	280	765	  1	
590	 24	765	  1	
590	312	765	  1	
590	346	765	  1	
590	367	765	  1	
590	597	765	  1	
591	224	765	  1	
591	231	765	  1	
591	234	765	  1	
591	286	765	  1	
591	392	765	  1	
592	176	765	  1	
592	183	765	  1	
592	204	765	  1	
592	208	765	  1	
592	214	765	  1	
592	232	765	  1	
592	249	765	  1	
592	272	765	  1	
592	343	765	  1	
592	360	765	  1	
592	424	765	  1	
594	263	765	  1	
594	304	765	  1	
595	 92	765	  1	
595	128	765	  1	
595	309	765	  1	
595	328	765	  1	
595	527	765	  1	
596	276	765	  1	
596	439	765	  1	
597	257	765	  1	
597	365	765	  1	
599	 24	765	  1	
599	101	765	  1	
599	266	765	  1	
599	343	765	  1	
599	439	765	  1	
600	 23	765	  1	
600	 63	765	  1	
600	 71	765	  1	
600	144	765	  1	
600	320	765	  1	
600	326	765	  1	
600	360	765	  1	
600	548	765	  1	
602	412	765	  1	
602	479	765	  1	
602	536	765	  1	
603	288	765	  1	
603	328	765	  1	
604	360	765	  1	
605	 79	765	  1	
606	230	765	  1	
606	341	765	  1	
606	371	765	  1	
607	 68	765	  1	
607	240	765	  1	
608	120	765	  1	
608	214	765	  1	
608	424	765	  1	
609	317	765	  1	
611	127	765	  1	
611	252	765	  1	
612	 14	765	  1	
612	 67	765	  1	
613	278	765	  1	
614	328	765	  1	
614	375	765	  1	
615	120	765	  1	
615	317	765	  1	
616	 53	765	  1	
616	 78	765	  1	
616	208	765	  1	
616	231	765	  1	
616	295	765	  1	
618	226	765	  1	
621	149	765	  1	
621	493	765	  1	
622	231	765	  1	
622	405	765	  1	
622	450	765	  1	
623	 48	765	  1	
623	 68	765	  1	
623	408	765	  1	
624	130	765	  1	
624	249	765	  1	
624	272	765	  1	
624	276	765	  1	
628	287	765	  1	
631	 48	765	  1	
631	136	765	  1	
632	109	765	  1	
632	232	765	  1	
632	308	765	  1	
632	479	765	  1	
632	552	765	  1	
633	439	765	  1	
634	248	765	  1	
635	 54	765	  1	
635	239	765	  1	
637	344	765	  1	
639	232	765	  1	
640	 79	765	  1	
640	191	765	  1	
640	201	765	  1	
640	231	765	  1	
640	264	765	  1	
640	271	765	  1	
640	276	765	  1	
640	319	765	  1	
642	172	765	  1	
642	207	765	  1	
643	112	765	  1	
643	339	765	  1	
644	272	765	  1	
645	200	765	  1	
647	 74	765	  1	
647	143	765	  1	
647	319	765	  1	
648	272	765	  1	
648	295	765	  1	
654	395	765	  1	
655	216	765	  1	
655	295	765	  1	
656	  7	765	  1	
656	 86	765	  1	
656	111	765	  1	
656	384	765	  1	
656	389	765	  1	
658	383	765	  1	
659	423	765	  1	
661	 77	765	  1	
663	  7	765	  1	
663	 84	765	  1	
663	 88	765	  1	
664	251	765	  1	
665	187	765	  1	
667	431	765	  1	
668	375	765	  1	
670	280	765	  1	
671	191	765	  1	
672	408	765	  1	
672	458	765	  1	
678	168	765	  1	
680	107	765	  1	
680	351	765	  1	
680	384	765	  1	
680	415	765	  1	
685	412	765	  1	
687	207	765	  1	
688	453	765	  1	
688	471	765	  1	
694	250	765	  1	
695	211	765	  1	
695	293	765	  1	
698	210	765	  1	
704	331	765	  1	
711	191	765	  1	
712	171	765	  1	
720	143	765	  1	
724	 90	765	  1	
725	400	765	  1	
728	487	765	  1	
730	 56	765	  1	
736	224	765	  1	
749	580	765	  1	
768	463	765	  1	
