# 
#  Image file: Goad1_T0158.jpg
#  Applied threshold: 575
#  Algorithm used: fill2                 
#  Particle count: 2104
#  Location (x,y), max luminance, and mass:
# 
  0	228	765	  1	
  3	120	765	  1	
  4	399	765	  1	
  7	594	765	  1	
  8	128	765	  1	
  8	138	765	  1	
  8	536	765	  1	
 10	446	765	  1	
 11	336	765	  1	
 13	270	765	  1	
 16	314	765	  1	
 23	299	765	  1	
 27	458	765	  1	
 31	231	765	  1	
 36	354	765	  1	
 38	  8	765	  1	
 39	336	765	  1	
 46	272	765	  1	
 46	279	765	  1	
 47	104	765	  1	
 55	316	765	  1	
 56	 99	765	  1	
 56	261	765	  1	
 61	271	765	  1	
 63	263	765	  1	
 64	112	765	  1	
 64	231	765	  1	
 70	128	765	  1	
 70	282	765	  1	
 72	136	765	  1	
 72	215	765	  1	
 77	542	765	  1	
 79	216	765	  1	
 82	431	765	  1	
 83	215	765	  1	
 87	112	765	  1	
 87	188	765	  1	
 87	419	765	  1	
 90	344	765	  1	
 91	 95	765	  1	
 91	142	765	  1	
 95	173	765	  1	
 96	292	765	  1	
 96	311	765	  1	
 97	346	765	  1	
 98	288	765	  1	
 99	135	765	  1	
101	351	765	  1	
102	183	765	  1	
103	 53	765	  1	
103	263	765	  1	
104	310	765	  1	
105	271	765	  1	
105	480	765	  1	
107	146	765	  1	
108	280	765	  1	
109	126	765	  1	
110	203	765	  1	
111	303	765	  1	
112	 32	765	  1	
112	275	765	  1	
112	399	765	  1	
112	541	765	  1	
117	192	765	  1	
117	439	765	  1	
120	 24	765	  1	
120	 96	765	  1	
120	112	765	  1	
120	189	765	  1	
120	199	765	  1	
120	285	765	  1	
120	392	765	  1	
122	406	765	  1	
123	  0	765	  1	
123	103	765	  1	
125	295	765	  1	
126	192	765	  1	
127	112	765	  1	
127	196	765	  1	
127	432	765	  1	
128	156	765	  1	
128	199	765	  1	
128	207	765	  1	
128	376	765	  1	
129	193	765	  1	
129	201	765	  1	
130	272	765	  1	
130	304	765	  1	
131	176	765	  1	
131	220	765	  1	
132	207	765	  1	
132	219	765	  1	
133	 90	765	  1	
133	184	765	  1	
134	 79	765	  1	
135	299	765	  1	
135	383	765	  1	
135	568	765	  1	
136	  8	765	  1	
136	 96	765	  1	
136	181	765	  1	
136	231	765	  1	
136	295	765	  1	
136	424	765	  1	
138	167	765	  1	
138	203	765	  1	
139	103	765	  1	
139	292	765	  1	
140	  7	765	  1	
141	 88	765	  1	
143	 48	765	  1	
143	 96	765	  1	
143	139	765	  1	
143	224	765	  1	
143	264	765	  1	
144	 91	765	  1	
144	152	765	  1	
144	175	765	  1	
144	214	765	  1	
144	287	765	  1	
144	300	765	  1	
144	368	765	  1	
144	414	765	  1	
146	224	765	  1	
147	192	765	  1	
147	239	765	  1	
147	272	765	  1	
148	538	765	  1	
149	 11	765	  1	
150	397	765	  1	
151	255	765	  1	
151	285	765	  1	
151	375	765	  1	
151	408	765	  1	
152	 95	765	  1	
152	112	765	  1	
152	119	765	  1	
152	141	765	  1	
152	219	765	  1	
152	288	765	  1	
152	424	765	  1	
152	435	765	  1	
153	197	765	  1	
155	136	765	  1	
155	207	765	  1	
156	 95	765	  1	
156	302	765	  1	
157	150	765	  1	
158	 55	765	  1	
158	240	765	  1	
158	276	765	  1	
159	115	765	  1	
159	204	765	  1	
159	288	765	  1	
159	322	765	  1	
160	 56	765	  1	
160	 72	765	  1	
160	120	765	  1	
160	133	765	  1	
160	179	765	  1	
160	215	765	  1	
160	232	765	  1	
160	239	765	  1	
160	281	765	  1	
160	335	765	  1	
160	339	765	  1	
162	149	765	  1	
162	267	765	  1	
163	 88	765	  1	
163	127	765	  1	
163	144	765	  1	
163	216	765	  1	
164	279	765	  1	
165	112	765	  1	
166	 75	765	  1	
166	 95	765	  1	
166	104	765	  1	
166	213	765	  1	
166	222	765	  1	
166	272	765	  1	
166	282	765	  1	
167	120	765	  1	
167	152	765	  1	
167	176	765	  1	
167	183	765	  1	
167	235	765	  1	
167	335	765	  1	
167	375	765	  1	
168	 88	765	  1	
168	170	765	  1	
168	204	765	  1	
168	224	765	  1	
168	326	765	  1	
168	343	765	  1	
168	376	765	  1	
169	106	765	  1	
170	153	765	  1	
170	287	765	  1	
170	415	765	  1	
171	 95	765	  1	
171	307	765	  1	
171	320	765	  1	
171	336	765	  1	
171	359	765	  1	
172	224	765	  1	
172	231	765	  1	
173	159	765	  1	
173	207	765	  1	
175	 88	765	  1	
175	106	765	  1	
175	179	765	  1	
175	343	765	  1	
176	127	765	  1	
176	131	765	  1	
176	152	765	  1	
176	236	765	  1	
176	246	765	  1	
176	280	765	  1	
176	340	765	  1	
176	351	765	  1	
176	398	765	  1	
177	 88	765	  1	
178	  0	765	  1	
178	471	765	  1	
179	 78	765	  1	
179	 82	765	  1	
179	344	765	  1	
180	 88	765	  1	
180	 94	765	  1	
180	183	765	  1	
180	185	765	  1	
180	283	765	  1	
181	 71	765	  1	
181	232	765	  1	
181	315	765	  1	
182	 48	765	  1	
182	112	765	  1	
182	168	765	  1	
183	118	765	  1	
183	127	765	  1	
183	135	765	  1	
183	294	765	  1	
183	351	765	  1	
183	392	765	  1	
184	 80	765	  1	
184	271	765	  1	
184	320	765	  1	
184	359	765	  1	
184	384	765	  1	
184	403	765	  1	
184	454	765	  1	
184	520	765	  1	
184	525	765	  1	
185	144	765	  1	
185	151	765	  1	
187	216	765	  1	
187	352	765	  1	
187	408	765	  1	
187	415	765	  1	
187	535	765	  1	
188	 95	765	  1	
189	176	765	  1	
189	440	765	  1	
190	115	765	  1	
190	158	765	  1	
190	255	765	  1	
190	400	765	  1	
190	407	765	  1	
191	 88	765	  1	
191	 94	765	  1	
191	120	765	  1	
191	128	765	  1	
191	132	765	  1	
191	183	765	  1	
191	359	765	  1	
191	391	765	  1	
191	447	765	  1	
191	525	765	  1	
191	534	765	  1	
192	 24	765	  1	
192	 83	765	  1	
192	136	765	  1	
192	145	765	  1	
192	167	765	  1	
192	202	765	  1	
192	208	765	  1	
192	234	765	  1	
192	248	765	  1	
192	323	765	  1	
192	331	765	  1	
192	362	765	  1	
192	370	765	  1	
192	374	765	  1	
192	385	765	  1	
192	475	765	  1	
194	453	765	  1	
195	 58	765	  1	
195	214	765	  1	
196	368	765	  1	
196	528	765	  1	
197	 82	765	  1	
197	200	765	  1	
197	232	765	  1	
197	407	765	  1	
197	450	765	  1	
198	 18	765	  1	
198	 27	765	  1	
198	 63	765	  1	
198	162	765	  1	
199	 94	765	  1	
199	176	765	  1	
199	212	765	  1	
199	400	765	  1	
199	455	765	  1	
199	480	765	  1	
199	535	765	  1	
199	598	765	  1	
200	 32	765	  1	
200	 65	765	  1	
200	 79	765	  1	
200	101	765	  1	
200	146	765	  1	
200	174	765	  1	
200	189	765	  1	
200	194	765	  1	
200	216	765	  1	
200	336	765	  1	
200	343	765	  1	
200	391	765	  1	
201	 50	765	  1	
202	122	765	  1	
202	127	765	  1	
202	136	765	  1	
203	  5	765	  1	
203	 90	765	  1	
203	358	765	  1	
203	386	765	  1	
203	480	765	  1	
204	 22	765	  1	
205	 55	765	  1	
205	247	765	  1	
205	384	765	  1	
205	448	765	  1	
205	523	765	  1	
206	 63	765	  1	
206	160	765	  1	
206	167	765	  1	
206	368	765	  1	
206	376	765	  1	
207	 48	765	  1	
207	 80	765	  1	
207	242	765	  1	
207	339	765	  1	
208	 40	765	  1	
208	104	765	  1	
208	198	765	  1	
208	216	765	  1	
208	222	765	  1	
208	405	765	  1	
208	456	765	  1	
210	 55	765	  1	
210	328	765	  1	
210	480	765	  1	
211	189	765	  1	
211	376	765	  1	
211	463	765	  1	
211	471	765	  1	
212	 43	765	  1	
213	219	765	  1	
213	224	765	  1	
213	352	765	  1	
214	 50	765	  1	
214	119	765	  1	
214	168	765	  1	
214	415	765	  1	
215	114	765	  1	
215	144	765	  1	
215	184	765	  1	
215	382	765	  1	
215	386	765	  1	
215	448	765	  1	
215	480	765	  1	
216	 96	765	  1	
216	108	765	  1	
216	153	765	  1	
216	165	765	  1	
216	171	765	  1	
216	295	765	  1	
216	311	765	  1	
216	335	765	  1	
216	344	765	  1	
216	370	765	  1	
216	475	765	  1	
216	508	765	  1	
216	514	765	  1	
216	531	765	  1	
217	130	765	  1	
217	135	765	  1	
217	572	765	  1	
218	264	765	  1	
218	367	765	  1	
218	442	765	  1	
219	104	765	  1	
219	111	765	  1	
219	144	765	  1	
219	235	765	  1	
219	304	765	  1	
220	175	765	  1	
220	271	765	  1	
221	307	765	  1	
221	375	765	  1	
221	402	765	  1	
222	159	765	  1	
222	346	765	  1	
222	504	765	  1	
223	120	765	  1	
223	264	765	  1	
223	360	765	  1	
223	463	765	  1	
223	472	765	  1	
223	479	765	  1	
223	519	765	  1	
223	528	765	  1	
223	535	765	  1	
223	575	765	  1	
224	  5	765	  1	
224	 36	765	  1	
224	 50	765	  1	
224	 96	765	  1	
224	107	765	  1	
224	140	765	  1	
224	331	765	  1	
224	355	765	  1	
224	515	765	  1	
225	200	765	  1	
226	376	765	  1	
227	152	765	  1	
227	320	765	  1	
227	336	765	  1	
228	272	765	  1	
229	214	765	  1	
229	235	765	  1	
229	264	765	  1	
230	271	765	  1	
230	379	765	  1	
230	434	765	  1	
230	488	765	  1	
230	563	765	  1	
231	 40	765	  1	
231	204	765	  1	
231	407	765	  1	
231	419	765	  1	
231	512	765	  1	
231	519	765	  1	
231	579	765	  1	
232	  3	765	  1	
232	 26	765	  1	
232	 75	765	  1	
232	112	765	  1	
232	141	765	  1	
232	146	765	  1	
232	155	765	  1	
232	184	765	  1	
232	202	765	  1	
232	224	765	  1	
232	240	765	  1	
232	256	765	  1	
232	304	765	  1	
232	323	765	  1	
232	368	765	  1	
232	384	765	  1	
232	439	765	  1	
234	 64	765	  1	
234	191	765	  1	
235	544	765	  1	
236	423	765	  1	
237	 55	765	  1	
237	124	765	  1	
237	136	765	  1	
237	164	765	  1	
237	327	765	  1	
237	374	765	  1	
238	151	765	  1	
238	176	765	  1	
238	202	765	  1	
238	476	765	  1	
239	207	765	  1	
239	256	765	  1	
240	 24	765	  1	
240	300	765	  1	
240	320	765	  1	
240	343	765	  1	
240	400	765	  1	
240	407	765	  1	
240	491	765	  1	
240	502	765	  1	
240	552	765	  1	
240	559	765	  1	
241	184	765	  1	
241	224	765	  1	
241	231	765	  1	
242	248	765	  1	
242	327	765	  1	
243	264	765	  1	
243	328	765	  1	
243	336	765	  1	
243	416	765	  1	
243	496	765	  1	
243	592	765	  1	
244	320	765	  1	
245	 31	765	  1	
245	 70	765	  1	
245	196	765	  1	
245	503	765	  1	
246	105	765	  1	
246	422	765	  1	
247	  8	765	  1	
247	110	765	  1	
247	343	765	  1	
247	488	765	  1	
247	495	765	  1	
247	555	765	  1	
248	 20	765	  1	
248	 54	765	  1	
248	 75	765	  1	
248	146	765	  1	
248	153	765	  1	
248	159	765	  1	
248	200	765	  1	
248	216	765	  1	
248	224	765	  1	
248	228	765	  1	
248	232	765	  1	
248	300	765	  1	
248	304	765	  1	
248	350	765	  1	
248	374	765	  1	
248	507	765	  1	
249	260	765	  1	
250	359	765	  1	
250	414	765	  1	
250	438	765	  1	
251	 32	765	  1	
251	 48	765	  1	
251	128	765	  1	
251	248	765	  1	
251	567	765	  1	
252	 22	765	  1	
253	  3	765	  1	
253	176	765	  1	
253	312	765	  1	
253	317	765	  1	
253	432	765	  1	
253	496	765	  1	
254	239	765	  1	
254	372	765	  1	
254	408	765	  1	
255	260	765	  1	
255	344	765	  1	
255	439	765	  1	
255	512	765	  1	
255	519	765	  1	
256	 16	765	  1	
256	 26	765	  1	
256	 32	765	  1	
256	 39	765	  1	
256	 50	765	  1	
256	 71	765	  1	
256	 78	765	  1	
256	 93	765	  1	
256	106	765	  1	
256	117	765	  1	
256	192	765	  1	
256	200	765	  1	
256	205	765	  1	
256	267	765	  1	
256	297	765	  1	
256	319	765	  1	
256	331	765	  1	
256	366	765	  1	
256	413	765	  1	
256	506	765	  1	
256	599	765	  1	
258	240	765	  1	
258	247	765	  1	
258	360	765	  1	
259	312	765	  1	
259	352	765	  1	
259	488	765	  1	
260	261	765	  1	
261	 48	765	  1	
261	 55	765	  1	
261	 75	765	  1	
261	112	765	  1	
261	176	765	  1	
261	183	765	  1	
261	230	765	  1	
262	 26	765	  1	
262	 71	765	  1	
262	119	765	  1	
262	207	765	  1	
262	504	765	  1	
262	560	765	  1	
263	 35	765	  1	
263	256	765	  1	
263	297	765	  1	
263	319	765	  1	
263	328	765	  1	
263	335	765	  1	
263	565	765	  1	
264	 32	765	  1	
264	125	765	  1	
264	216	765	  1	
264	267	765	  1	
264	271	765	  1	
264	395	765	  1	
264	400	765	  1	
264	424	765	  1	
264	520	765	  1	
265	383	765	  1	
266	407	765	  1	
267	206	765	  1	
267	244	765	  1	
267	376	765	  1	
267	431	765	  1	
268	495	765	  1	
269	120	765	  1	
269	222	765	  1	
269	303	765	  1	
269	552	765	  1	
270	231	765	  1	
270	263	765	  1	
270	280	765	  1	
270	287	765	  1	
270	311	765	  1	
270	335	765	  1	
270	474	765	  1	
271	167	765	  1	
271	255	765	  1	
271	269	765	  1	
271	415	765	  1	
271	424	765	  1	
271	520	765	  1	
272	  0	765	  1	
272	 26	765	  1	
272	 43	765	  1	
272	 60	765	  1	
272	136	765	  1	
272	144	765	  1	
272	163	765	  1	
272	216	765	  1	
272	293	765	  1	
272	375	765	  1	
272	402	765	  1	
273	306	765	  1	
273	311	765	  1	
274	157	765	  1	
275	168	765	  1	
275	256	765	  1	
275	272	765	  1	
275	279	765	  1	
275	368	765	  1	
275	527	765	  1	
277	 24	765	  1	
277	 31	765	  1	
277	 61	765	  1	
277	 91	765	  1	
277	288	765	  1	
277	334	765	  1	
277	522	765	  1	
278	262	765	  1	
278	512	765	  1	
279	  8	765	  1	
279	152	765	  1	
279	375	765	  1	
279	464	765	  1	
280	 32	765	  1	
280	 48	765	  1	
280	 99	765	  1	
280	146	765	  1	
280	155	765	  1	
280	285	765	  1	
280	365	765	  1	
280	400	765	  1	
280	414	765	  1	
280	492	765	  1	
280	496	765	  1	
281	 80	765	  1	
281	142	765	  1	
282	264	765	  1	
283	517	765	  1	
284	228	765	  1	
284	408	765	  1	
285	 63	765	  1	
285	151	765	  1	
285	168	765	  1	
285	288	765	  1	
285	464	765	  1	
286	 24	765	  1	
286	128	765	  1	
286	223	765	  1	
286	239	765	  1	
286	256	765	  1	
287	 39	765	  1	
287	344	765	  1	
287	403	765	  1	
287	488	765	  1	
288	 37	765	  1	
288	 65	765	  1	
288	 85	765	  1	
288	 92	765	  1	
288	143	765	  1	
288	152	765	  1	
288	162	765	  1	
288	252	765	  1	
288	285	765	  1	
288	296	765	  1	
288	302	765	  1	
288	323	765	  1	
288	357	765	  1	
288	392	765	  1	
288	563	765	  1	
288	568	765	  1	
290	 10	765	  1	
290	 72	765	  1	
290	157	765	  1	
290	207	765	  1	
290	343	765	  1	
291	168	765	  1	
291	256	765	  1	
291	291	765	  1	
292	  0	765	  1	
293	 59	765	  1	
293	 82	765	  1	
293	120	765	  1	
293	135	765	  1	
294	216	765	  1	
295	152	765	  1	
295	482	765	  1	
296	 40	765	  1	
296	177	765	  1	
296	192	765	  1	
296	235	765	  1	
296	240	765	  1	
296	301	765	  1	
296	311	765	  1	
296	384	765	  1	
296	392	765	  1	
296	467	765	  1	
296	535	765	  1	
296	583	765	  1	
297	 56	765	  1	
297	 94	765	  1	
297	245	765	  1	
298	109	765	  1	
298	296	765	  1	
298	394	765	  1	
298	578	765	  1	
299	 15	765	  1	
299	102	765	  1	
299	207	765	  1	
299	221	765	  1	
299	312	765	  1	
299	320	765	  1	
299	360	765	  1	
299	368	765	  1	
299	375	765	  1	
299	405	765	  1	
299	429	765	  1	
300	176	765	  1	
300	181	765	  1	
300	416	765	  1	
301	  3	765	  1	
301	128	765	  1	
301	198	765	  1	
301	287	765	  1	
301	530	765	  1	
302	 27	765	  1	
302	302	765	  1	
302	352	765	  1	
303	232	765	  1	
303	239	765	  1	
303	407	765	  1	
304	 64	765	  1	
304	 96	765	  1	
304	106	765	  1	
304	112	765	  1	
304	139	765	  1	
304	152	765	  1	
304	167	765	  1	
304	176	765	  1	
304	202	765	  1	
304	211	765	  1	
304	248	765	  1	
304	316	765	  1	
304	327	765	  1	
304	388	765	  1	
305	120	765	  1	
306	247	765	  1	
306	332	765	  1	
306	344	765	  1	
306	375	765	  1	
307	255	765	  1	
307	320	765	  1	
307	384	765	  1	
307	396	765	  1	
307	527	765	  1	
308	432	765	  1	
309	 54	765	  1	
309	111	765	  1	
309	134	765	  1	
309	183	765	  1	
309	231	765	  1	
309	234	765	  1	
309	239	765	  1	
309	311	765	  1	
309	359	765	  1	
310	120	765	  1	
310	127	765	  1	
310	203	765	  1	
310	307	765	  1	
310	312	765	  1	
310	568	765	  1	
311	368	765	  1	
311	464	765	  1	
312	  0	765	  1	
312	 80	765	  1	
312	147	765	  1	
312	152	765	  1	
312	158	765	  1	
312	168	765	  1	
312	224	765	  1	
312	256	765	  1	
312	275	765	  1	
312	384	765	  1	
312	399	765	  1	
313	389	765	  1	
313	394	765	  1	
314	 11	765	  1	
314	336	765	  1	
315	 39	765	  1	
315	 56	765	  1	
315	232	765	  1	
315	327	765	  1	
315	332	765	  1	
315	471	765	  1	
316	464	765	  1	
317	110	765	  1	
317	155	765	  1	
317	168	765	  1	
317	200	765	  1	
317	495	765	  1	
318	 98	765	  1	
318	163	765	  1	
318	237	765	  1	
318	272	765	  1	
319	  0	765	  1	
319	 88	765	  1	
319	103	765	  1	
319	224	765	  1	
319	243	765	  1	
319	468	765	  1	
320	 24	765	  1	
320	 48	765	  1	
320	 54	765	  1	
320	 72	765	  1	
320	114	765	  1	
320	123	765	  1	
320	133	765	  1	
320	181	765	  1	
320	269	765	  1	
320	291	765	  1	
320	320	765	  1	
320	352	765	  1	
320	358	765	  1	
320	404	765	  1	
320	416	765	  1	
320	443	765	  1	
320	495	765	  1	
320	544	765	  1	
321	 63	765	  1	
321	407	765	  1	
322	247	765	  1	
322	264	765	  1	
323	  8	765	  1	
323	 40	765	  1	
323	102	765	  1	
323	304	765	  1	
323	323	765	  1	
324	576	765	  1	
325	 30	765	  1	
325	 51	765	  1	
325	155	765	  1	
325	339	765	  1	
326	 96	765	  1	
326	270	765	  1	
327	 72	765	  1	
327	168	765	  1	
327	331	765	  1	
327	400	765	  1	
327	437	765	  1	
327	443	765	  1	
328	  8	765	  1	
328	 36	765	  1	
328	 63	765	  1	
328	 89	765	  1	
328	160	765	  1	
328	181	765	  1	
328	197	765	  1	
328	291	765	  1	
328	304	765	  1	
328	311	765	  1	
328	370	765	  1	
328	419	765	  1	
328	458	765	  1	
328	496	765	  1	
328	576	765	  1	
329	 16	765	  1	
329	 23	765	  1	
330	128	765	  1	
330	582	765	  1	
331	151	765	  1	
331	224	765	  1	
331	247	765	  1	
332	 89	765	  1	
332	307	765	  1	
332	424	765	  1	
332	584	765	  1	
333	 72	765	  1	
333	164	765	  1	
333	176	765	  1	
333	303	765	  1	
333	415	765	  1	
333	447	765	  1	
333	472	765	  1	
334	135	765	  1	
334	283	765	  1	
335	 37	765	  1	
335	112	765	  1	
335	352	765	  1	
335	440	765	  1	
336	 18	765	  1	
336	 41	765	  1	
336	 47	765	  1	
336	 66	765	  1	
336	 85	765	  1	
336	143	765	  1	
336	158	765	  1	
336	208	765	  1	
336	215	765	  1	
336	223	765	  1	
336	237	765	  1	
336	270	765	  1	
336	279	765	  1	
336	304	765	  1	
336	456	765	  1	
336	463	765	  1	
336	490	765	  1	
336	515	765	  1	
337	351	765	  1	
338	232	765	  1	
338	283	765	  1	
338	380	765	  1	
339	 72	765	  1	
339	191	765	  1	
339	247	765	  1	
339	294	765	  1	
339	376	765	  1	
340	165	765	  1	
340	480	765	  1	
340	527	765	  1	
341	328	765	  1	
342	200	765	  1	
342	238	765	  1	
342	325	765	  1	
342	344	765	  1	
342	386	765	  1	
342	391	765	  1	
343	 96	765	  1	
343	158	765	  1	
343	223	765	  1	
343	268	765	  1	
343	283	765	  1	
343	376	765	  1	
343	381	765	  1	
343	456	765	  1	
344	 29	765	  1	
344	 44	765	  1	
344	 74	765	  1	
344	131	765	  1	
344	138	765	  1	
344	160	765	  1	
344	167	765	  1	
344	192	765	  1	
344	206	765	  1	
344	224	765	  1	
344	312	765	  1	
344	416	765	  1	
344	445	765	  1	
344	454	765	  1	
347	  6	765	  1	
347	144	765	  1	
347	359	765	  1	
347	364	765	  1	
347	503	765	  1	
347	567	765	  1	
348	363	765	  1	
349	202	765	  1	
349	207	765	  1	
349	230	765	  1	
349	302	765	  1	
349	315	765	  1	
349	376	765	  1	
349	408	765	  1	
349	471	765	  1	
350	 18	765	  1	
350	196	765	  1	
350	269	765	  1	
350	347	765	  1	
351	392	765	  1	
351	498	765	  1	
352	  4	765	  1	
352	131	765	  1	
352	160	765	  1	
352	168	765	  1	
352	177	765	  1	
352	216	765	  1	
352	233	765	  1	
352	344	765	  1	
352	415	765	  1	
352	541	765	  1	
352	583	765	  1	
353	239	765	  1	
353	243	765	  1	
353	264	765	  1	
354	242	765	  1	
355	 53	765	  1	
355	 63	765	  1	
355	184	765	  1	
355	290	765	  1	
355	368	765	  1	
355	399	765	  1	
355	536	765	  1	
357	  0	765	  1	
357	 72	765	  1	
357	112	765	  1	
357	120	765	  1	
357	183	765	  1	
357	218	765	  1	
357	223	765	  1	
357	279	765	  1	
357	331	765	  1	
358	 29	765	  1	
358	247	765	  1	
358	294	765	  1	
358	351	765	  1	
358	454	765	  1	
359	168	765	  1	
359	192	765	  1	
359	280	765	  1	
359	392	765	  1	
359	431	765	  1	
360	 16	765	  1	
360	160	765	  1	
360	235	765	  1	
360	256	765	  1	
360	328	765	  1	
360	335	765	  1	
360	440	765	  1	
360	444	765	  1	
362	439	765	  1	
363	 23	765	  1	
363	 48	765	  1	
363	146	765	  1	
364	384	765	  1	
364	432	765	  1	
364	440	765	  1	
364	448	765	  1	
365	158	765	  1	
365	266	765	  1	
365	406	765	  1	
365	416	765	  1	
366	214	765	  1	
367	 16	765	  1	
367	119	765	  1	
367	256	765	  1	
367	331	765	  1	
367	437	765	  1	
368	 89	765	  1	
368	107	765	  1	
368	178	765	  1	
368	263	765	  1	
368	302	765	  1	
368	392	765	  1	
368	427	765	  1	
368	461	765	  1	
368	543	765	  1	
370	120	765	  1	
370	368	765	  1	
371	264	765	  1	
371	320	765	  1	
371	480	765	  1	
371	494	765	  1	
371	575	765	  1	
372	131	765	  1	
373	176	765	  1	
373	402	765	  1	
373	456	765	  1	
373	488	765	  1	
374	445	765	  1	
375	  7	765	  1	
375	 94	765	  1	
375	191	765	  1	
375	287	765	  1	
375	384	765	  1	
376	 64	765	  1	
376	 88	765	  1	
376	155	765	  1	
376	163	765	  1	
376	168	765	  1	
376	195	765	  1	
376	200	765	  1	
376	236	765	  1	
376	336	765	  1	
376	391	765	  1	
376	412	765	  1	
376	467	765	  1	
376	559	765	  1	
377	 96	765	  1	
377	240	765	  1	
378	 20	765	  1	
378	 74	765	  1	
378	189	765	  1	
378	472	765	  1	
380	 16	765	  1	
381	144	765	  1	
381	154	765	  1	
381	159	765	  1	
381	200	765	  1	
382	168	765	  1	
382	287	765	  1	
383	 21	765	  1	
383	 64	765	  1	
383	 83	765	  1	
383	151	765	  1	
383	361	765	  1	
383	388	765	  1	
384	 24	765	  1	
384	189	765	  1	
384	248	765	  1	
384	255	765	  1	
384	274	765	  1	
384	279	765	  1	
384	291	765	  1	
384	300	765	  1	
384	323	765	  1	
384	394	765	  1	
384	496	765	  1	
384	546	765	  1	
385	488	765	  1	
385	493	765	  1	
386	 21	765	  1	
386	336	765	  1	
386	474	765	  1	
387	 12	765	  1	
387	128	765	  1	
387	184	765	  1	
387	303	765	  1	
387	479	765	  1	
388	207	765	  1	
388	251	765	  1	
389	  8	765	  1	
389	 44	765	  1	
389	288	765	  1	
391	296	765	  1	
391	303	765	  1	
392	  6	765	  1	
392	 56	765	  1	
392	133	765	  1	
392	154	765	  1	
392	169	765	  1	
392	244	765	  1	
392	290	765	  1	
392	312	765	  1	
392	318	765	  1	
392	353	765	  1	
392	384	765	  1	
392	388	765	  1	
392	398	765	  1	
392	439	765	  1	
392	488	765	  1	
394	 61	765	  1	
394	141	765	  1	
395	200	765	  1	
395	254	765	  1	
395	312	765	  1	
395	327	765	  1	
395	432	765	  1	
395	495	765	  1	
396	  0	765	  1	
396	119	765	  1	
397	168	765	  1	
397	175	765	  1	
397	552	765	  1	
398	  5	765	  1	
398	248	765	  1	
398	287	765	  1	
398	359	765	  1	
399	 30	765	  1	
399	154	765	  1	
399	172	765	  1	
399	276	765	  1	
399	439	765	  1	
399	488	765	  1	
399	559	765	  1	
400	126	765	  1	
400	152	765	  1	
400	226	765	  1	
400	239	765	  1	
400	262	765	  1	
400	347	765	  1	
400	351	765	  1	
400	384	765	  1	
400	408	765	  1	
400	432	765	  1	
400	447	765	  1	
400	554	765	  1	
402	  8	765	  1	
402	256	765	  1	
402	414	765	  1	
403	 21	765	  1	
403	270	765	  1	
403	359	765	  1	
403	440	765	  1	
404	176	765	  1	
404	225	765	  1	
405	 40	765	  1	
405	 47	765	  1	
405	 59	765	  1	
405	 64	765	  1	
405	122	765	  1	
405	207	765	  1	
405	240	765	  1	
405	247	765	  1	
405	254	765	  1	
405	559	765	  1	
406	152	765	  1	
406	408	765	  1	
407	119	765	  1	
407	355	765	  1	
407	384	765	  1	
407	447	765	  1	
407	493	765	  1	
407	503	765	  1	
408	  0	765	  1	
408	  6	765	  1	
408	 56	765	  1	
408	131	765	  1	
408	136	765	  1	
408	168	765	  1	
408	195	765	  1	
408	213	765	  1	
408	224	765	  1	
408	250	765	  1	
408	387	765	  1	
408	480	765	  1	
410	233	765	  1	
410	305	765	  1	
411	 59	765	  1	
411	143	765	  1	
411	189	765	  1	
411	428	765	  1	
411	487	765	  1	
412	174	765	  1	
413	  3	765	  1	
413	416	765	  1	
413	423	765	  1	
415	153	765	  1	
415	176	765	  1	
415	180	765	  1	
415	192	765	  1	
415	199	765	  1	
415	304	765	  1	
415	351	765	  1	
415	387	765	  1	
415	459	765	  1	
415	480	765	  1	
416	  8	765	  1	
416	 38	765	  1	
416	 44	765	  1	
416	 48	765	  1	
416	144	765	  1	
416	203	765	  1	
416	235	765	  1	
416	283	765	  1	
416	296	765	  1	
417	 53	765	  1	
418	118	765	  1	
418	221	765	  1	
419	  0	765	  1	
419	104	765	  1	
419	216	765	  1	
419	366	765	  1	
420	 32	765	  1	
420	112	765	  1	
420	267	765	  1	
421	 27	765	  1	
421	224	765	  1	
421	371	765	  1	
422	 12	765	  1	
422	147	765	  1	
422	303	765	  1	
423	176	765	  1	
423	200	765	  1	
423	207	765	  1	
423	235	765	  1	
423	280	765	  1	
423	343	765	  1	
423	427	765	  1	
424	  5	765	  1	
424	 32	765	  1	
424	 36	765	  1	
424	138	765	  1	
424	153	765	  1	
424	168	765	  1	
424	187	765	  1	
424	208	765	  1	
424	284	765	  1	
424	290	765	  1	
424	296	765	  1	
424	384	765	  1	
424	390	765	  1	
424	472	765	  1	
424	596	765	  1	
425	147	765	  1	
425	152	765	  1	
425	159	765	  1	
426	117	765	  1	
426	128	765	  1	
426	240	765	  1	
427	 47	765	  1	
427	120	765	  1	
427	200	765	  1	
427	213	765	  1	
427	226	765	  1	
427	256	765	  1	
427	280	765	  1	
427	303	765	  1	
427	365	765	  1	
428	 14	765	  1	
428	223	765	  1	
429	 80	765	  1	
429	 87	765	  1	
429	272	765	  1	
429	285	765	  1	
430	  8	765	  1	
430	127	765	  1	
430	307	765	  1	
431	 40	765	  1	
431	290	765	  1	
431	296	765	  1	
431	523	765	  1	
432	 72	765	  1	
432	115	765	  1	
432	148	765	  1	
432	152	765	  1	
432	279	765	  1	
432	311	765	  1	
432	336	765	  1	
432	342	765	  1	
432	352	765	  1	
432	397	765	  1	
434	128	765	  1	
434	254	765	  1	
435	 13	765	  1	
435	216	765	  1	
435	304	765	  1	
435	392	765	  1	
436	134	765	  1	
437	 46	765	  1	
437	112	765	  1	
437	160	765	  1	
438	151	765	  1	
438	248	765	  1	
439	 72	765	  1	
439	142	765	  1	
439	168	765	  1	
439	192	765	  1	
439	311	765	  1	
439	352	765	  1	
440	 51	765	  1	
440	 56	765	  1	
440	 66	765	  1	
440	 83	765	  1	
440	104	765	  1	
440	159	765	  1	
440	208	765	  1	
440	213	765	  1	
440	240	765	  1	
440	260	765	  1	
440	291	765	  1	
440	296	765	  1	
441	120	765	  1	
441	152	765	  1	
443	 24	765	  1	
443	 31	765	  1	
443	 88	765	  1	
443	176	765	  1	
443	303	765	  1	
443	412	765	  1	
444	 79	765	  1	
444	124	765	  1	
445	  0	765	  1	
445	  8	765	  1	
445	112	765	  1	
445	147	765	  1	
445	212	765	  1	
446	 84	765	  1	
446	152	765	  1	
447	 51	765	  1	
447	 75	765	  1	
447	120	765	  1	
447	157	765	  1	
447	192	765	  1	
447	260	765	  1	
448	 33	765	  1	
448	 44	765	  1	
448	 58	765	  1	
448	 70	765	  1	
448	129	765	  1	
448	136	765	  1	
448	174	765	  1	
448	186	765	  1	
448	209	765	  1	
448	221	765	  1	
448	224	765	  1	
448	231	765	  1	
448	248	765	  1	
448	312	765	  1	
448	479	765	  1	
448	567	765	  1	
448	596	765	  1	
449	181	765	  1	
450	125	765	  1	
450	144	765	  1	
451	 10	765	  1	
451	 23	765	  1	
451	168	765	  1	
451	256	765	  1	
451	319	765	  1	
452	136	765	  1	
452	227	765	  1	
452	280	765	  1	
453	 56	765	  1	
453	 78	765	  1	
453	 96	765	  1	
453	108	765	  1	
454	 45	765	  1	
454	 48	765	  1	
454	175	765	  1	
455	272	765	  1	
455	312	765	  1	
456	 31	765	  1	
456	 80	765	  1	
456	 88	765	  1	
456	114	765	  1	
456	141	765	  1	
456	154	765	  1	
456	256	765	  1	
456	293	765	  1	
456	346	765	  1	
456	397	765	  1	
457	 74	765	  1	
457	208	765	  1	
458	183	765	  1	
459	  0	765	  1	
459	159	765	  1	
459	240	765	  1	
460	 28	765	  1	
461	 86	765	  1	
461	112	765	  1	
461	232	765	  1	
462	 90	765	  1	
462	220	765	  1	
462	288	765	  1	
463	208	765	  1	
463	400	765	  1	
463	455	765	  1	
464	  0	765	  1	
464	 19	765	  1	
464	 32	765	  1	
464	 56	765	  1	
464	 64	765	  1	
464	 96	765	  1	
464	144	765	  1	
464	256	765	  1	
464	312	765	  1	
465	 50	765	  1	
465	104	765	  1	
466	121	765	  1	
467	184	765	  1	
469	  8	765	  1	
469	 72	765	  1	
469	176	765	  1	
469	227	765	  1	
470	 89	765	  1	
471	133	765	  1	
471	256	765	  1	
472	 40	765	  1	
472	 48	765	  1	
472	 60	765	  1	
472	 80	765	  1	
472	 99	765	  1	
472	160	765	  1	
472	212	765	  1	
472	242	765	  1	
472	247	765	  1	
472	264	765	  1	
473	 64	765	  1	
473	 90	765	  1	
474	144	765	  1	
474	198	765	  1	
475	192	765	  1	
475	286	765	  1	
476	 67	765	  1	
477	 27	765	  1	
477	 39	765	  1	
477	124	765	  1	
477	215	765	  1	
477	296	765	  1	
478	112	765	  1	
478	150	765	  1	
480	  0	765	  1	
480	 32	765	  1	
480	 63	765	  1	
480	 98	765	  1	
480	138	765	  1	
480	208	765	  1	
481	256	765	  1	
481	384	765	  1	
482	360	765	  1	
483	 47	765	  1	
483	 66	765	  1	
485	 14	765	  1	
485	 57	765	  1	
485	 71	765	  1	
485	 80	765	  1	
485	 88	765	  1	
485	119	765	  1	
485	189	765	  1	
485	232	765	  1	
485	272	765	  1	
485	391	765	  1	
486	 90	765	  1	
486	192	765	  1	
486	212	765	  1	
486	320	765	  1	
487	347	765	  1	
488	 16	765	  1	
488	 29	765	  1	
488	 88	765	  1	
488	104	765	  1	
488	293	765	  1	
488	304	765	  1	
488	311	765	  1	
489	  6	765	  1	
490	 38	765	  1	
490	 51	765	  1	
490	288	765	  1	
490	383	765	  1	
491	 22	765	  1	
491	230	765	  1	
491	240	765	  1	
491	385	765	  1	
492	  0	765	  1	
493	 16	765	  1	
493	 56	765	  1	
493	111	765	  1	
493	280	765	  1	
493	341	765	  1	
494	 32	765	  1	
494	 96	765	  1	
494	135	765	  1	
494	320	765	  1	
494	328	765	  1	
495	 99	765	  1	
495	336	765	  1	
496	 31	765	  1	
496	108	765	  1	
496	172	765	  1	
496	197	765	  1	
496	248	765	  1	
496	255	765	  1	
496	258	765	  1	
496	267	765	  1	
496	296	765	  1	
496	304	765	  1	
498	182	765	  1	
499	112	765	  1	
499	150	765	  1	
499	168	765	  1	
499	232	765	  1	
500	 24	765	  1	
500	106	765	  1	
501	 43	765	  1	
501	136	765	  1	
501	192	765	  1	
501	272	765	  1	
501	302	765	  1	
501	328	765	  1	
501	362	765	  1	
502	130	765	  1	
502	176	765	  1	
502	263	765	  1	
502	552	765	  1	
503	 31	765	  1	
503	216	765	  1	
503	251	765	  1	
504	 21	765	  1	
504	109	765	  1	
504	182	765	  1	
504	224	765	  1	
504	245	765	  1	
505	328	765	  1	
505	398	765	  1	
506	136	765	  1	
507	 32	765	  1	
507	344	765	  1	
507	431	765	  1	
509	 16	765	  1	
509	 59	765	  1	
510	142	765	  1	
512	 12	765	  1	
512	 28	765	  1	
512	 52	765	  1	
512	 72	765	  1	
512	 85	765	  1	
512	 92	765	  1	
512	136	765	  1	
512	144	765	  1	
512	184	765	  1	
512	192	765	  1	
512	198	765	  1	
512	212	765	  1	
512	256	765	  1	
512	269	765	  1	
512	288	765	  1	
512	316	765	  1	
512	320	765	  1	
512	405	765	  1	
513	223	765	  1	
514	232	765	  1	
514	261	765	  1	
514	312	765	  1	
514	327	765	  1	
515	 40	765	  1	
515	296	765	  1	
517	 20	765	  1	
517	142	765	  1	
517	151	765	  1	
517	211	765	  1	
517	328	765	  1	
517	333	765	  1	
518	 12	765	  1	
518	187	765	  1	
518	316	765	  1	
518	407	765	  1	
519	 30	765	  1	
519	 46	765	  1	
519	 72	765	  1	
519	223	765	  1	
520	 61	765	  1	
520	132	765	  1	
520	139	765	  1	
520	168	765	  1	
520	177	765	  1	
520	220	765	  1	
520	224	765	  1	
520	261	765	  1	
520	272	765	  1	
520	288	765	  1	
520	304	765	  1	
520	336	765	  1	
520	339	765	  1	
520	367	765	  1	
520	424	765	  1	
521	182	765	  1	
522	  6	765	  1	
522	144	765	  1	
522	327	765	  1	
522	399	765	  1	
523	102	765	  1	
523	133	765	  1	
523	229	765	  1	
523	360	765	  1	
524	216	765	  1	
524	368	765	  1	
525	 16	765	  1	
525	152	765	  1	
525	237	765	  1	
526	  0	765	  1	
526	 56	765	  1	
526	 68	765	  1	
526	150	765	  1	
526	223	765	  1	
527	 35	765	  1	
527	232	765	  1	
527	261	765	  1	
527	367	765	  1	
528	 59	765	  1	
528	 96	765	  1	
528	104	765	  1	
528	189	765	  1	
528	200	765	  1	
528	243	765	  1	
528	285	765	  1	
528	310	765	  1	
528	352	765	  1	
528	376	765	  1	
528	402	765	  1	
529	170	765	  1	
529	314	765	  1	
530	136	765	  1	
530	304	765	  1	
531	120	765	  1	
532	216	765	  1	
533	248	765	  1	
534	136	765	  1	
534	168	765	  1	
534	175	765	  1	
534	311	765	  1	
534	376	765	  1	
534	440	765	  1	
535	 56	765	  1	
535	 63	765	  1	
535	 88	765	  1	
535	242	765	  1	
535	247	765	  1	
535	255	765	  1	
535	319	765	  1	
535	352	765	  1	
535	402	765	  1	
536	 99	765	  1	
536	120	765	  1	
536	165	765	  1	
536	192	765	  1	
536	199	765	  1	
536	205	765	  1	
536	217	765	  1	
536	227	765	  1	
536	272	765	  1	
536	346	765	  1	
536	351	765	  1	
536	403	765	  1	
537	144	765	  1	
538	160	765	  1	
538	320	765	  1	
539	 64	765	  1	
539	280	765	  1	
539	295	765	  1	
540	223	765	  1	
540	474	765	  1	
541	126	765	  1	
542	 70	765	  1	
542	166	765	  1	
542	381	765	  1	
543	231	765	  1	
543	274	765	  1	
543	279	765	  1	
544	 47	765	  1	
544	 72	765	  1	
544	 81	765	  1	
544	 86	765	  1	
544	 93	765	  1	
544	118	765	  1	
544	144	765	  1	
544	168	765	  1	
544	176	765	  1	
544	208	765	  1	
544	287	765	  1	
544	295	765	  1	
544	371	765	  1	
544	407	765	  1	
545	261	765	  1	
546	 74	765	  1	
546	 88	765	  1	
546	 96	765	  1	
547	189	765	  1	
547	256	765	  1	
548	115	765	  1	
548	204	765	  1	
549	  0	765	  1	
549	159	765	  1	
549	368	765	  1	
550	336	765	  1	
551	  7	765	  1	
551	 24	765	  1	
551	 31	765	  1	
551	176	765	  1	
551	400	765	  1	
552	104	765	  1	
552	108	765	  1	
552	127	765	  1	
552	133	765	  1	
552	168	765	  1	
552	245	765	  1	
552	413	765	  1	
554	 56	765	  1	
554	112	765	  1	
554	128	765	  1	
554	470	765	  1	
555	123	765	  1	
555	199	765	  1	
556	174	765	  1	
557	 78	765	  1	
557	108	765	  1	
557	240	765	  1	
557	307	765	  1	
557	344	765	  1	
558	 74	765	  1	
558	 87	765	  1	
558	119	765	  1	
558	126	765	  1	
558	134	765	  1	
560	  0	765	  1	
560	141	765	  1	
560	147	765	  1	
560	168	765	  1	
560	221	765	  1	
560	248	765	  1	
560	272	765	  1	
560	276	765	  1	
560	284	765	  1	
560	400	765	  1	
560	432	765	  1	
560	499	765	  1	
562	117	765	  1	
562	237	765	  1	
563	 16	765	  1	
563	287	765	  1	
564	  0	765	  1	
565	 23	765	  1	
565	 62	765	  1	
565	136	765	  1	
565	176	765	  1	
565	216	765	  1	
566	168	765	  1	
566	173	765	  1	
566	347	765	  1	
566	407	765	  1	
567	  6	765	  1	
567	300	765	  1	
568	 72	765	  1	
568	 79	765	  1	
568	120	765	  1	
568	158	765	  1	
568	198	765	  1	
568	213	765	  1	
568	256	765	  1	
568	260	765	  1	
568	328	765	  1	
568	379	765	  1	
569	148	765	  1	
570	127	765	  1	
570	167	765	  1	
570	208	765	  1	
570	301	765	  1	
571	282	765	  1	
571	290	765	  1	
571	295	765	  1	
572	144	765	  1	
573	154	765	  1	
574	207	765	  1	
574	214	765	  1	
575	 72	765	  1	
575	 79	765	  1	
576	 38	765	  1	
576	 47	765	  1	
576	109	765	  1	
576	160	765	  1	
576	168	765	  1	
576	183	765	  1	
576	192	765	  1	
576	263	765	  1	
576	266	765	  1	
576	276	765	  1	
576	280	765	  1	
576	335	765	  1	
576	360	765	  1	
576	439	765	  1	
579	120	765	  1	
579	367	765	  1	
580	135	765	  1	
581	142	765	  1	
581	243	765	  1	
581	252	765	  1	
582	104	765	  1	
582	126	765	  1	
583	160	765	  1	
583	192	765	  1	
583	280	765	  1	
583	327	765	  1	
583	360	765	  1	
584	  3	765	  1	
584	 42	765	  1	
584	 96	765	  1	
584	111	765	  1	
584	236	765	  1	
584	324	765	  1	
584	392	765	  1	
584	435	765	  1	
586	 93	765	  1	
586	276	765	  1	
587	224	765	  1	
587	296	765	  1	
587	399	765	  1	
588	234	765	  1	
588	311	765	  1	
589	288	765	  1	
589	295	765	  1	
590	248	765	  1	
590	255	765	  1	
590	444	765	  1	
591	 88	765	  1	
591	272	765	  1	
591	322	765	  1	
591	392	765	  1	
592	 71	765	  1	
592	208	765	  1	
592	212	765	  1	
592	216	765	  1	
592	220	765	  1	
592	224	765	  1	
592	235	765	  1	
592	253	765	  1	
592	344	765	  1	
592	456	765	  1	
593	 91	765	  1	
595	 64	765	  1	
595	296	765	  1	
595	351	765	  1	
596	106	765	  1	
597	102	765	  1	
598	227	765	  1	
598	306	765	  1	
599	 71	765	  1	
599	160	765	  1	
599	230	765	  1	
599	251	765	  1	
599	344	765	  1	
600	194	765	  1	
600	239	765	  1	
600	263	765	  1	
600	279	765	  1	
600	296	765	  1	
600	309	765	  1	
600	336	765	  1	
600	341	765	  1	
600	358	765	  1	
600	391	765	  1	
600	432	765	  1	
600	447	765	  1	
600	552	765	  1	
602	 63	765	  1	
603	232	765	  1	
603	392	765	  1	
604	256	765	  1	
605	199	765	  1	
605	274	765	  1	
606	296	765	  1	
607	 71	765	  1	
607	239	765	  1	
607	250	765	  1	
607	309	765	  1	
607	439	765	  1	
608	  8	765	  1	
608	155	765	  1	
608	216	765	  1	
608	248	765	  1	
608	263	765	  1	
608	401	765	  1	
608	406	765	  1	
608	415	765	  1	
608	488	765	  1	
610	136	765	  1	
611	 67	765	  1	
611	224	765	  1	
612	425	765	  1	
614	223	765	  1	
614	355	765	  1	
614	431	765	  1	
615	160	765	  1	
615	239	765	  1	
615	251	765	  1	
616	 53	765	  1	
616	 71	765	  1	
616	 90	765	  1	
616	 95	765	  1	
616	304	765	  1	
616	472	765	  1	
618	309	765	  1	
618	411	765	  1	
619	264	765	  1	
621	276	765	  1	
622	333	765	  1	
623	 69	765	  1	
623	104	765	  1	
623	304	765	  1	
623	464	765	  1	
624	 96	765	  1	
624	291	765	  1	
627	310	765	  1	
628	432	765	  1	
629	328	765	  1	
630	 99	765	  1	
630	128	765	  1	
631	 59	765	  1	
631	 71	765	  1	
631	127	765	  1	
631	159	765	  1	
631	288	765	  1	
631	295	765	  1	
631	447	765	  1	
632	266	765	  1	
632	301	765	  1	
632	439	765	  1	
634	296	765	  1	
635	144	765	  1	
635	215	765	  1	
637	 86	765	  1	
638	302	765	  1	
640	191	765	  1	
640	344	765	  1	
641	187	765	  1	
642	  0	765	  1	
646	239	765	  1	
647	  0	765	  1	
647	 79	765	  1	
647	151	765	  1	
647	191	765	  1	
647	255	765	  1	
647	314	765	  1	
647	319	765	  1	
647	386	765	  1	
648	118	765	  1	
648	158	765	  1	
648	162	765	  1	
650	319	765	  1	
651	303	765	  1	
653	352	765	  1	
654	156	765	  1	
655	115	765	  1	
655	455	765	  1	
656	142	765	  1	
658	198	765	  1	
659	299	765	  1	
659	335	765	  1	
662	 63	765	  1	
662	140	765	  1	
663	 72	765	  1	
663	131	765	  1	
663	368	765	  1	
664	104	765	  1	
664	111	765	  1	
664	191	765	  1	
664	216	765	  1	
664	222	765	  1	
666	160	765	  1	
667	199	765	  1	
670	  8	765	  1	
672	104	765	  1	
672	224	765	  1	
675	177	765	  1	
675	191	765	  1	
677	 33	765	  1	
679	112	765	  1	
680	579	765	  1	
682	383	765	  1	
683	232	765	  1	
685	376	765	  1	
688	178	765	  1	
688	280	765	  1	
692	168	765	  1	
693	255	765	  1	
696	191	765	  1	
696	197	765	  1	
696	208	765	  1	
696	247	765	  1	
696	296	765	  1	
696	384	765	  1	
704	191	765	  1	
710	208	765	  1	
712	306	765	  1	
719	191	765	  1	
719	239	765	  1	
721	237	765	  1	
727	  6	765	  1	
730	111	765	  1	
733	331	765	  1	
755	114	765	  1	
759	299	765	  1	
766	178	765	  1	
794	192	765	  1	
795	190	765	  1	
