# 
#  Image file: Goad1_T0012.jpg
#  Applied threshold: 575
#  Algorithm used: fill2                 
#  Particle count: 1954
#  Location (x,y), max luminance, and mass:
# 
  7	544	765	  1	
  7	547	765	  1	
  8	128	765	  1	
 11	213	765	  1	
 12	394	765	  1	
 13	559	765	  1	
 15	232	765	  1	
 23	343	765	  1	
 29	362	765	  1	
 30	247	765	  1	
 42	151	765	  1	
 49	 28	765	  1	
 55	163	765	  1	
 55	395	765	  1	
 56	111	765	  1	
 57	 98	765	  1	
 58	179	765	  1	
 59	400	765	  1	
 70	 95	765	  1	
 70	392	765	  1	
 71	107	765	  1	
 71	568	765	  1	
 74	134	765	  1	
 75	127	765	  1	
 76	192	765	  1	
 78	101	765	  1	
 79	200	765	  1	
 84	367	765	  1	
 84	491	765	  1	
 84	599	765	  1	
 87	  0	765	  1	
 87	 88	765	  1	
 87	147	765	  1	
 87	255	765	  1	
 87	399	765	  1	
 89	351	765	  1	
 90	279	765	  1	
 91	296	765	  1	
 92	344	765	  1	
 95	360	765	  1	
 95	375	765	  1	
 96	349	765	  1	
 96	397	765	  1	
 96	480	765	  1	
100	103	765	  1	
100	487	765	  1	
103	223	765	  1	
103	394	765	  1	
103	399	765	  1	
104	 96	765	  1	
104	144	765	  1	
104	244	765	  1	
106	159	765	  1	
107	142	765	  1	
111	155	765	  1	
111	188	765	  1	
112	151	765	  1	
112	161	765	  1	
112	211	765	  1	
112	264	765	  1	
112	408	765	  1	
115	239	765	  1	
117	234	765	  1	
118	103	765	  1	
118	172	765	  1	
118	192	765	  1	
118	256	765	  1	
119	 27	765	  1	
119	130	765	  1	
119	423	765	  1	
119	440	765	  1	
120	 40	765	  1	
120	 78	765	  1	
120	109	765	  1	
120	216	765	  1	
120	279	765	  1	
120	303	765	  1	
120	376	765	  1	
120	403	765	  1	
123	  0	765	  1	
123	451	765	  1	
124	144	765	  1	
126	156	765	  1	
127	 55	765	  1	
127	224	765	  1	
127	231	765	  1	
127	256	765	  1	
128	  8	765	  1	
128	 87	765	  1	
128	103	765	  1	
128	187	765	  1	
128	248	765	  1	
131	 27	765	  1	
131	163	765	  1	
131	297	765	  1	
134	 79	765	  1	
134	399	765	  1	
135	 12	765	  1	
136	 15	765	  1	
136	119	765	  1	
136	125	765	  1	
136	136	765	  1	
136	168	765	  1	
136	208	765	  1	
136	215	765	  1	
136	218	765	  1	
136	223	765	  1	
136	239	765	  1	
136	392	765	  1	
136	456	765	  1	
136	471	765	  1	
136	559	765	  1	
139	  7	765	  1	
141	178	765	  1	
141	183	765	  1	
142	175	765	  1	
143	140	765	  1	
143	288	765	  1	
144	136	765	  1	
144	192	765	  1	
144	415	765	  1	
145	 64	765	  1	
145	346	765	  1	
146	410	765	  1	
146	418	765	  1	
147	143	765	  1	
147	160	765	  1	
147	206	765	  1	
147	224	765	  1	
148	199	765	  1	
149	170	765	  1	
149	272	765	  1	
149	283	765	  1	
150	196	765	  1	
150	200	765	  1	
150	216	765	  1	
150	239	765	  1	
150	317	765	  1	
151	 63	765	  1	
151	136	765	  1	
151	182	765	  1	
151	256	765	  1	
151	410	765	  1	
152	280	765	  1	
152	295	765	  1	
152	408	765	  1	
152	439	765	  1	
152	479	765	  1	
152	556	765	  1	
154	264	765	  1	
155	 63	765	  1	
155	135	765	  1	
156	278	765	  1	
157	 64	765	  1	
157	 71	765	  1	
157	376	765	  1	
158	239	765	  1	
158	272	765	  1	
158	552	765	  1	
159	295	765	  1	
159	427	765	  1	
159	501	765	  1	
160	136	765	  1	
160	142	765	  1	
160	184	765	  1	
160	221	765	  1	
160	381	765	  1	
160	407	765	  1	
160	477	765	  1	
161	370	765	  1	
162	216	765	  1	
163	192	765	  1	
163	384	765	  1	
166	222	765	  1	
167	104	765	  1	
167	249	765	  1	
167	264	765	  1	
168	  2	765	  1	
168	  8	765	  1	
168	 96	765	  1	
168	103	765	  1	
168	168	765	  1	
168	192	765	  1	
168	208	765	  1	
168	215	765	  1	
168	440	765	  1	
170	 99	765	  1	
171	599	765	  1	
172	405	765	  1	
173	232	765	  1	
173	279	765	  1	
173	375	765	  1	
174	 11	765	  1	
175	 87	765	  1	
175	192	765	  1	
175	490	765	  1	
176	 52	765	  1	
176	160	765	  1	
176	200	765	  1	
176	248	765	  1	
176	259	765	  1	
176	289	765	  1	
176	296	765	  1	
176	344	765	  1	
176	381	765	  1	
176	503	765	  1	
178	199	765	  1	
179	166	765	  1	
179	264	765	  1	
179	272	765	  1	
179	372	765	  1	
180	408	765	  1	
181	308	765	  1	
182	 48	765	  1	
182	 80	765	  1	
182	255	765	  1	
182	295	765	  1	
182	351	765	  1	
183	200	765	  1	
183	263	765	  1	
183	279	765	  1	
184	137	765	  1	
184	155	765	  1	
184	373	765	  1	
184	416	765	  1	
185	323	765	  1	
185	551	765	  1	
186	146	765	  1	
186	317	765	  1	
186	544	765	  1	
187	 72	765	  1	
187	 86	765	  1	
187	138	765	  1	
188	296	765	  1	
189	312	765	  1	
189	335	765	  1	
190	 80	765	  1	
190	152	765	  1	
190	370	765	  1	
191	308	765	  1	
191	318	765	  1	
191	331	765	  1	
191	339	765	  1	
192	170	765	  1	
192	175	765	  1	
192	238	765	  1	
192	272	765	  1	
192	279	765	  1	
192	312	765	  1	
192	371	765	  1	
194	599	765	  1	
195	149	765	  1	
195	256	765	  1	
195	282	765	  1	
196	136	765	  1	
196	298	765	  1	
196	326	765	  1	
196	551	765	  1	
198	147	765	  1	
198	320	765	  1	
199	140	765	  1	
199	152	765	  1	
199	313	765	  1	
199	368	765	  1	
199	375	765	  1	
199	495	765	  1	
200	 55	765	  1	
200	 67	765	  1	
200	 92	765	  1	
200	136	765	  1	
200	268	765	  1	
200	288	765	  1	
200	379	765	  1	
200	448	765	  1	
200	560	765	  1	
201	167	765	  1	
201	252	765	  1	
201	510	765	  1	
202	215	765	  1	
202	287	765	  1	
202	458	765	  1	
203	 48	765	  1	
203	200	765	  1	
203	213	765	  1	
203	216	765	  1	
203	248	765	  1	
203	264	765	  1	
203	304	765	  1	
204	 12	765	  1	
204	 71	765	  1	
204	144	765	  1	
204	480	765	  1	
205	176	765	  1	
205	223	765	  1	
205	282	765	  1	
205	368	765	  1	
206	 64	765	  1	
206	 88	765	  1	
206	160	765	  1	
206	287	765	  1	
207	 55	765	  1	
207	376	765	  1	
207	383	765	  1	
207	432	765	  1	
207	495	765	  1	
207	528	765	  1	
207	543	765	  1	
208	 51	765	  1	
208	 82	765	  1	
208	 87	765	  1	
208	189	765	  1	
208	197	765	  1	
208	210	765	  1	
208	335	765	  1	
208	338	765	  1	
208	359	765	  1	
208	431	765	  1	
210	136	765	  1	
210	264	765	  1	
210	376	765	  1	
211	156	765	  1	
211	272	765	  1	
211	328	765	  1	
212	343	765	  1	
213	147	765	  1	
213	184	765	  1	
213	246	765	  1	
213	302	765	  1	
213	503	765	  1	
214	336	765	  1	
214	383	765	  1	
215	 48	765	  1	
215	 55	765	  1	
215	 64	765	  1	
215	120	765	  1	
215	127	765	  1	
215	291	765	  1	
215	359	765	  1	
215	496	765	  1	
216	 77	765	  1	
216	154	765	  1	
216	192	765	  1	
216	296	765	  1	
216	366	765	  1	
216	466	765	  1	
217	148	765	  1	
218	 71	765	  1	
218	198	765	  1	
221	 87	765	  1	
221	120	765	  1	
221	227	765	  1	
221	335	765	  1	
221	359	765	  1	
222	 64	765	  1	
222	 75	765	  1	
222	192	765	  1	
222	352	765	  1	
222	367	765	  1	
223	379	765	  1	
223	468	765	  1	
224	 32	765	  1	
224	 96	765	  1	
224	114	765	  1	
224	203	765	  1	
224	211	765	  1	
224	235	765	  1	
224	296	765	  1	
224	331	765	  1	
224	343	765	  1	
224	346	765	  1	
224	368	765	  1	
224	375	765	  1	
224	423	765	  1	
226	207	765	  1	
226	255	765	  1	
226	357	765	  1	
227	 24	765	  1	
227	120	765	  1	
227	336	765	  1	
227	383	765	  1	
227	528	765	  1	
228	 84	765	  1	
228	320	765	  1	
228	327	765	  1	
228	447	765	  1	
229	102	765	  1	
229	112	765	  1	
229	128	765	  1	
229	214	765	  1	
229	420	765	  1	
230	 45	765	  1	
230	 72	765	  1	
230	352	765	  1	
231	 32	765	  1	
231	152	765	  1	
231	303	765	  1	
231	328	765	  1	
231	335	765	  1	
231	343	765	  1	
232	  8	765	  1	
232	 16	765	  1	
232	 55	765	  1	
232	 75	765	  1	
232	 83	765	  1	
232	 97	765	  1	
232	107	765	  1	
232	163	765	  1	
232	272	765	  1	
232	288	765	  1	
232	355	765	  1	
232	400	765	  1	
232	424	765	  1	
232	431	765	  1	
233	 66	765	  1	
234	 23	765	  1	
234	460	765	  1	
235	224	765	  1	
235	279	765	  1	
235	320	765	  1	
235	407	765	  1	
236	  6	765	  1	
236	453	765	  1	
237	 56	765	  1	
237	 74	765	  1	
237	 79	765	  1	
237	115	765	  1	
237	216	765	  1	
237	232	765	  1	
237	239	765	  1	
237	408	765	  1	
237	448	765	  1	
238	  8	765	  1	
238	326	765	  1	
238	352	765	  1	
238	359	765	  1	
239	 48	765	  1	
239	192	765	  1	
239	199	765	  1	
239	272	765	  1	
239	400	765	  1	
240	  4	765	  1	
240	 24	765	  1	
240	 31	765	  1	
240	 90	765	  1	
240	 95	765	  1	
240	181	765	  1	
240	188	765	  1	
240	194	765	  1	
240	208	765	  1	
240	212	765	  1	
240	245	765	  1	
240	392	765	  1	
240	444	765	  1	
243	104	765	  1	
243	232	765	  1	
243	440	765	  1	
244	171	765	  1	
245	 47	765	  1	
245	575	765	  1	
246	181	765	  1	
246	369	765	  1	
246	444	765	  1	
247	  7	765	  1	
247	103	765	  1	
247	135	765	  1	
247	160	765	  1	
247	239	765	  1	
247	432	765	  1	
248	 16	765	  1	
248	 39	765	  1	
248	 80	765	  1	
248	100	765	  1	
248	112	765	  1	
248	151	765	  1	
248	186	765	  1	
248	190	765	  1	
248	260	765	  1	
248	352	765	  1	
248	421	765	  1	
248	448	765	  1	
248	456	765	  1	
248	463	765	  1	
248	548	765	  1	
249	 77	765	  1	
249	180	765	  1	
249	559	765	  1	
250	251	765	  1	
250	267	765	  1	
250	327	765	  1	
251	120	765	  1	
252	 72	765	  1	
253	 55	765	  1	
253	115	765	  1	
253	124	765	  1	
253	142	765	  1	
253	212	765	  1	
254	199	765	  1	
254	371	765	  1	
255	 24	765	  1	
255	 39	765	  1	
255	 94	765	  1	
255	136	765	  1	
255	168	765	  1	
255	188	765	  1	
255	452	765	  1	
255	459	765	  1	
256	101	765	  1	
256	160	765	  1	
256	248	765	  1	
256	289	765	  1	
256	360	765	  1	
256	408	765	  1	
256	413	765	  1	
256	495	765	  1	
256	512	765	  1	
256	516	765	  1	
256	523	765	  1	
257	199	765	  1	
257	399	765	  1	
257	517	765	  1	
258	 48	765	  1	
259	 80	765	  1	
259	192	765	  1	
259	255	765	  1	
260	187	765	  1	
260	367	765	  1	
260	392	765	  1	
260	512	765	  1	
261	 78	765	  1	
261	114	765	  1	
261	222	765	  1	
261	276	765	  1	
261	289	765	  1	
262	 62	765	  1	
262	110	765	  1	
262	261	765	  1	
263	 35	765	  1	
263	181	765	  1	
263	248	765	  1	
263	399	765	  1	
263	408	765	  1	
263	520	765	  1	
263	527	765	  1	
264	 37	765	  1	
264	 67	765	  1	
264	 72	765	  1	
264	 83	765	  1	
264	 88	765	  1	
264	160	765	  1	
264	165	765	  1	
264	176	765	  1	
264	229	765	  1	
264	237	765	  1	
264	245	765	  1	
264	280	765	  1	
264	288	765	  1	
264	295	765	  1	
264	414	765	  1	
264	440	765	  1	
264	480	765	  1	
264	498	765	  1	
264	506	765	  1	
264	519	765	  1	
265	152	765	  1	
265	157	765	  1	
265	206	765	  1	
266	224	765	  1	
266	232	765	  1	
266	408	765	  1	
267	 46	765	  1	
267	392	765	  1	
267	416	765	  1	
267	423	765	  1	
269	108	765	  1	
269	446	765	  1	
269	518	765	  1	
269	532	765	  1	
270	164	765	  1	
270	230	765	  1	
270	528	765	  1	
271	237	765	  1	
271	240	765	  1	
271	284	765	  1	
271	288	765	  1	
271	295	765	  1	
271	304	765	  1	
271	414	765	  1	
271	503	765	  1	
272	 16	765	  1	
272	 71	765	  1	
272	203	765	  1	
272	336	765	  1	
272	351	765	  1	
272	382	765	  1	
272	460	765	  1	
273	388	765	  1	
274	 32	765	  1	
274	182	765	  1	
274	536	765	  1	
275	254	765	  1	
275	264	765	  1	
276	200	765	  1	
276	347	765	  1	
277	 16	765	  1	
277	112	765	  1	
277	127	765	  1	
277	320	765	  1	
277	325	765	  1	
277	551	765	  1	
278	 50	765	  1	
278	176	765	  1	
279	352	765	  1	
279	415	765	  1	
279	462	765	  1	
280	  0	765	  1	
280	  8	765	  1	
280	 14	765	  1	
280	 76	765	  1	
280	 87	765	  1	
280	152	765	  1	
280	159	765	  1	
280	181	765	  1	
280	192	765	  1	
280	196	765	  1	
280	256	765	  1	
280	285	765	  1	
280	333	765	  1	
280	378	765	  1	
280	418	765	  1	
280	423	765	  1	
280	458	765	  1	
280	503	765	  1	
280	547	765	  1	
281	439	765	  1	
282	 11	765	  1	
282	176	765	  1	
283	368	765	  1	
283	389	765	  1	
283	409	765	  1	
283	416	765	  1	
283	448	765	  1	
284	 87	765	  1	
284	286	765	  1	
284	423	765	  1	
285	192	765	  1	
285	197	765	  1	
285	214	765	  1	
285	224	765	  1	
285	255	765	  1	
286	 15	765	  1	
286	182	765	  1	
286	232	765	  1	
286	239	765	  1	
286	347	765	  1	
286	400	765	  1	
286	503	765	  1	
286	519	765	  1	
287	 83	765	  1	
287	120	765	  1	
287	155	765	  1	
287	384	765	  1	
287	432	765	  1	
288	 12	765	  1	
288	 61	765	  1	
288	 77	765	  1	
288	 88	765	  1	
288	114	765	  1	
288	144	765	  1	
288	355	765	  1	
288	389	765	  1	
288	499	765	  1	
288	568	765	  1	
289	424	765	  1	
290	 23	765	  1	
290	208	765	  1	
290	511	765	  1	
291	164	765	  1	
291	496	765	  1	
291	575	765	  1	
292	416	765	  1	
293	 99	765	  1	
293	104	765	  1	
293	119	765	  1	
293	198	765	  1	
293	226	765	  1	
294	214	765	  1	
294	359	765	  1	
294	420	765	  1	
295	 16	765	  1	
295	144	765	  1	
295	152	765	  1	
295	287	765	  1	
295	472	765	  1	
295	568	765	  1	
296	 22	765	  1	
296	 53	765	  1	
296	 78	765	  1	
296	 86	765	  1	
296	131	765	  1	
296	156	765	  1	
296	166	765	  1	
296	170	765	  1	
296	176	765	  1	
296	249	765	  1	
296	288	765	  1	
296	295	765	  1	
296	299	765	  1	
296	314	765	  1	
296	319	765	  1	
296	321	765	  1	
296	336	765	  1	
296	370	765	  1	
296	376	765	  1	
296	440	765	  1	
296	551	765	  1	
298	424	765	  1	
299	327	765	  1	
299	343	765	  1	
299	392	765	  1	
299	414	765	  1	
299	544	765	  1	
300	 19	765	  1	
301	 48	765	  1	
301	 83	765	  1	
301	 88	765	  1	
301	133	765	  1	
301	163	765	  1	
301	168	765	  1	
301	368	765	  1	
301	511	765	  1	
301	587	765	  1	
302	314	765	  1	
302	407	765	  1	
302	427	765	  1	
302	496	765	  1	
303	 16	765	  1	
303	144	765	  1	
303	192	765	  1	
303	319	765	  1	
303	506	765	  1	
303	551	765	  1	
304	 59	765	  1	
304	 64	765	  1	
304	 68	765	  1	
304	134	765	  1	
304	207	765	  1	
304	211	765	  1	
304	227	765	  1	
304	386	765	  1	
304	535	765	  1	
304	599	765	  1	
305	 27	765	  1	
305	 31	765	  1	
306	 24	765	  1	
306	131	765	  1	
306	187	765	  1	
306	424	765	  1	
307	136	765	  1	
307	248	765	  1	
307	528	765	  1	
308	 60	765	  1	
308	416	765	  1	
309	  8	765	  1	
309	 18	765	  1	
309	133	765	  1	
309	168	765	  1	
309	200	765	  1	
309	230	765	  1	
309	237	765	  1	
309	302	765	  1	
309	382	765	  1	
309	391	765	  1	
310	 24	765	  1	
310	128	765	  1	
310	306	765	  1	
310	328	765	  1	
310	423	765	  1	
311	 27	765	  1	
311	 64	765	  1	
311	535	765	  1	
312	 82	765	  1	
312	 96	765	  1	
312	101	765	  1	
312	159	765	  1	
312	280	765	  1	
312	286	765	  1	
312	368	765	  1	
312	376	765	  1	
312	386	765	  1	
312	414	765	  1	
312	427	765	  1	
312	441	765	  1	
312	447	765	  1	
312	459	765	  1	
312	474	765	  1	
313	 87	765	  1	
313	437	765	  1	
314	 47	765	  1	
314	390	765	  1	
315	144	765	  1	
315	395	765	  1	
315	567	765	  1	
315	594	765	  1	
316	130	765	  1	
317	 48	765	  1	
317	111	765	  1	
317	120	765	  1	
317	125	765	  1	
317	162	765	  1	
317	171	765	  1	
317	184	765	  1	
317	191	765	  1	
317	283	765	  1	
317	368	765	  1	
317	424	765	  1	
317	464	765	  1	
317	471	765	  1	
318	  0	765	  1	
318	252	765	  1	
318	453	765	  1	
319	 16	765	  1	
319	 23	765	  1	
319	 82	765	  1	
319	304	765	  1	
319	414	765	  1	
319	599	765	  1	
320	 20	765	  1	
320	 31	765	  1	
320	 90	765	  1	
320	 95	765	  1	
320	 98	765	  1	
320	177	765	  1	
320	208	765	  1	
320	255	765	  1	
320	288	765	  1	
320	295	765	  1	
320	312	765	  1	
320	359	765	  1	
320	375	765	  1	
320	444	765	  1	
320	456	765	  1	
320	511	765	  1	
323	 39	765	  1	
323	168	765	  1	
323	175	765	  1	
323	215	765	  1	
323	248	765	  1	
323	413	765	  1	
324	360	765	  1	
325	  6	765	  1	
325	 72	765	  1	
325	103	765	  1	
325	128	765	  1	
325	224	765	  1	
325	434	765	  1	
326	 78	765	  1	
326	375	765	  1	
326	384	765	  1	
326	391	765	  1	
326	448	765	  1	
326	500	765	  1	
327	208	765	  1	
327	255	765	  1	
327	336	765	  1	
327	439	765	  1	
328	 39	765	  1	
328	 69	765	  1	
328	 91	765	  1	
328	165	765	  1	
328	240	765	  1	
328	278	765	  1	
328	287	765	  1	
328	299	765	  1	
328	310	765	  1	
328	420	765	  1	
328	462	765	  1	
328	544	765	  1	
330	 24	765	  1	
330	160	765	  1	
331	 31	765	  1	
331	184	765	  1	
331	288	765	  1	
331	495	765	  1	
332	152	765	  1	
332	157	765	  1	
332	169	765	  1	
332	175	765	  1	
333	102	765	  1	
333	147	765	  1	
333	272	765	  1	
333	304	765	  1	
334	111	765	  1	
334	296	765	  1	
334	453	765	  1	
334	471	765	  1	
335	 26	765	  1	
335	 39	765	  1	
335	240	765	  1	
335	283	765	  1	
335	308	765	  1	
335	408	765	  1	
335	422	765	  1	
336	 24	765	  1	
336	 63	765	  1	
336	 79	765	  1	
336	 96	765	  1	
336	121	765	  1	
336	132	765	  1	
336	157	765	  1	
336	207	765	  1	
336	215	765	  1	
336	294	765	  1	
336	321	765	  1	
337	104	765	  1	
337	111	765	  1	
337	397	765	  1	
338	232	765	  1	
338	247	765	  1	
338	336	765	  1	
339	  5	765	  1	
339	 31	765	  1	
339	160	765	  1	
339	341	765	  1	
339	392	765	  1	
340	191	765	  1	
341	152	765	  1	
341	175	765	  1	
341	266	765	  1	
342	168	765	  1	
342	243	765	  1	
342	279	765	  1	
343	 24	765	  1	
343	122	765	  1	
343	211	765	  1	
343	339	765	  1	
344	  7	765	  1	
344	 12	765	  1	
344	 93	765	  1	
344	104	765	  1	
344	112	765	  1	
344	130	765	  1	
344	141	765	  1	
344	150	765	  1	
344	220	765	  1	
344	248	765	  1	
344	255	765	  1	
344	408	765	  1	
344	424	765	  1	
345	 51	765	  1	
345	144	765	  1	
345	232	765	  1	
346	 75	765	  1	
346	238	765	  1	
347	 23	765	  1	
347	 32	765	  1	
347	110	765	  1	
347	176	765	  1	
347	254	765	  1	
347	321	765	  1	
348	134	765	  1	
348	204	765	  1	
348	215	765	  1	
348	341	765	  1	
348	399	765	  1	
349	 69	765	  1	
349	 82	765	  1	
349	 87	765	  1	
349	247	765	  1	
349	430	765	  1	
350	 15	765	  1	
350	 64	765	  1	
350	 72	765	  1	
350	 79	765	  1	
350	112	765	  1	
350	408	765	  1	
351	 48	765	  1	
351	 55	765	  1	
351	129	765	  1	
351	360	765	  1	
351	488	765	  1	
351	539	765	  1	
352	 56	765	  1	
352	101	765	  1	
352	158	765	  1	
352	190	765	  1	
352	216	765	  1	
352	264	765	  1	
352	290	765	  1	
352	455	765	  1	
352	458	765	  1	
352	471	765	  1	
352	482	765	  1	
354	 96	765	  1	
354	152	765	  1	
355	 22	765	  1	
355	184	765	  1	
355	352	765	  1	
355	359	765	  1	
355	448	765	  1	
356	373	765	  1	
357	 48	765	  1	
357	143	765	  1	
357	256	765	  1	
358	102	765	  1	
359	138	765	  1	
359	151	765	  1	
359	158	765	  1	
359	200	765	  1	
359	320	765	  1	
359	455	765	  1	
359	512	765	  1	
359	519	765	  1	
360	 16	765	  1	
360	 64	765	  1	
360	104	765	  1	
360	123	765	  1	
360	132	765	  1	
360	136	765	  1	
360	168	765	  1	
360	248	765	  1	
360	272	765	  1	
360	384	765	  1	
360	391	765	  1	
360	407	765	  1	
360	432	765	  1	
361	 42	765	  1	
361	152	765	  1	
361	392	765	  1	
361	468	765	  1	
362	 22	765	  1	
362	174	765	  1	
363	240	765	  1	
363	484	765	  1	
364	278	765	  1	
364	472	765	  1	
365	 96	765	  1	
365	168	765	  1	
365	180	765	  1	
366	 16	765	  1	
366	248	765	  1	
367	120	765	  1	
367	136	765	  1	
367	255	765	  1	
367	268	765	  1	
367	387	765	  1	
367	398	765	  1	
367	407	765	  1	
367	434	765	  1	
367	477	765	  1	
367	531	765	  1	
368	109	765	  1	
368	118	765	  1	
368	144	765	  1	
368	194	765	  1	
368	228	765	  1	
368	328	765	  1	
368	367	765	  1	
368	383	765	  1	
368	480	765	  1	
368	535	765	  1	
369	376	765	  1	
370	150	765	  1	
370	232	765	  1	
371	 62	765	  1	
371	288	765	  1	
371	335	765	  1	
371	391	765	  1	
371	424	765	  1	
371	559	765	  1	
372	 87	765	  1	
373	 16	765	  1	
373	 88	765	  1	
373	106	765	  1	
373	136	765	  1	
373	210	765	  1	
373	255	765	  1	
374	116	765	  1	
374	192	765	  1	
374	258	765	  1	
374	271	765	  1	
374	346	765	  1	
374	430	765	  1	
375	168	765	  1	
375	182	765	  1	
375	238	765	  1	
375	328	765	  1	
375	380	765	  1	
375	384	765	  1	
376	  8	765	  1	
376	 26	765	  1	
376	 32	765	  1	
376	 83	765	  1	
376	101	765	  1	
376	128	765	  1	
376	176	765	  1	
376	267	765	  1	
376	294	765	  1	
376	344	765	  1	
376	381	765	  1	
376	455	765	  1	
376	540	765	  1	
377	 16	765	  1	
377	175	765	  1	
378	319	765	  1	
378	439	765	  1	
379	 39	765	  1	
379	126	765	  1	
379	178	765	  1	
379	511	765	  1	
380	 56	765	  1	
381	 71	765	  1	
381	224	765	  1	
381	346	765	  1	
381	535	765	  1	
382	 42	765	  1	
382	268	765	  1	
383	  0	765	  1	
383	 32	765	  1	
383	101	765	  1	
383	168	765	  1	
383	176	765	  1	
383	258	765	  1	
384	 21	765	  1	
384	143	765	  1	
384	207	765	  1	
384	240	765	  1	
384	246	765	  1	
384	298	765	  1	
384	320	765	  1	
384	362	765	  1	
384	387	765	  1	
384	432	765	  1	
384	446	765	  1	
384	501	765	  1	
384	598	765	  1	
386	 16	765	  1	
386	104	765	  1	
386	456	765	  1	
387	 72	765	  1	
387	167	765	  1	
387	327	765	  1	
388	 10	765	  1	
390	 15	765	  1	
390	 22	765	  1	
391	157	765	  1	
391	380	765	  1	
391	570	765	  1	
391	575	765	  1	
391	583	765	  1	
392	 27	765	  1	
392	 45	765	  1	
392	 52	765	  1	
392	 64	765	  1	
392	 68	765	  1	
392	 78	765	  1	
392	 93	765	  1	
392	208	765	  1	
392	221	765	  1	
392	279	765	  1	
392	353	765	  1	
392	371	765	  1	
392	560	765	  1	
394	 86	765	  1	
394	152	765	  1	
396	 24	765	  1	
396	 66	765	  1	
397	 14	765	  1	
397	 30	765	  1	
397	102	765	  1	
397	364	765	  1	
397	499	765	  1	
398	  0	765	  1	
398	 53	765	  1	
398	 94	765	  1	
398	159	765	  1	
398	192	765	  1	
398	323	765	  1	
398	362	765	  1	
399	368	765	  1	
399	528	765	  1	
400	 34	765	  1	
400	 61	765	  1	
400	 66	765	  1	
400	 87	765	  1	
400	151	765	  1	
400	165	765	  1	
400	176	765	  1	
400	216	765	  1	
400	239	765	  1	
400	333	765	  1	
400	393	765	  1	
400	450	765	  1	
401	114	765	  1	
401	247	765	  1	
401	384	765	  1	
401	391	765	  1	
402	 11	765	  1	
402	 16	765	  1	
402	 56	765	  1	
403	259	765	  1	
403	399	765	  1	
404	200	765	  1	
405	  6	765	  1	
405	 88	765	  1	
405	160	765	  1	
405	168	765	  1	
406	 62	765	  1	
406	191	765	  1	
406	207	765	  1	
406	216	765	  1	
406	280	765	  1	
406	287	765	  1	
407	 14	765	  1	
407	147	765	  1	
407	424	765	  1	
408	  6	765	  1	
408	 32	765	  1	
408	 64	765	  1	
408	 70	765	  1	
408	 78	765	  1	
408	150	765	  1	
408	240	765	  1	
408	254	765	  1	
408	312	765	  1	
408	349	765	  1	
408	410	765	  1	
410	 26	765	  1	
410	318	765	  1	
410	384	765	  1	
411	182	765	  1	
411	200	765	  1	
413	 23	765	  1	
413	 39	765	  1	
413	 63	765	  1	
413	139	765	  1	
413	160	765	  1	
414	344	765	  1	
414	435	765	  1	
415	207	765	  1	
415	312	765	  1	
415	403	765	  1	
416	  8	765	  1	
416	 64	765	  1	
416	 68	765	  1	
416	105	765	  1	
416	168	765	  1	
416	175	765	  1	
416	199	765	  1	
416	208	765	  1	
416	222	765	  1	
416	242	765	  1	
416	254	765	  1	
416	314	765	  1	
416	319	765	  1	
416	336	765	  1	
416	360	765	  1	
416	384	765	  1	
417	182	765	  1	
417	215	765	  1	
418	 72	765	  1	
418	 87	765	  1	
418	250	765	  1	
419	367	765	  1	
421	 78	765	  1	
421	384	765	  1	
422	 11	765	  1	
422	220	765	  1	
422	340	765	  1	
422	423	765	  1	
423	209	765	  1	
423	360	765	  1	
423	426	765	  1	
424	 16	765	  1	
424	 98	765	  1	
424	138	765	  1	
424	163	765	  1	
424	196	765	  1	
424	350	765	  1	
424	472	765	  1	
424	540	765	  1	
425	166	765	  1	
426	 14	765	  1	
426	160	765	  1	
426	199	765	  1	
427	 56	765	  1	
427	103	765	  1	
427	256	765	  1	
427	336	765	  1	
427	365	765	  1	
428	 86	765	  1	
429	136	765	  1	
429	143	765	  1	
429	168	765	  1	
430	198	765	  1	
430	213	765	  1	
430	360	765	  1	
431	 80	765	  1	
432	 66	765	  1	
432	 88	765	  1	
432	 96	765	  1	
432	104	765	  1	
432	148	765	  1	
432	156	765	  1	
432	179	765	  1	
432	204	765	  1	
432	224	765	  1	
432	256	765	  1	
432	344	765	  1	
432	350	765	  1	
432	368	765	  1	
432	376	765	  1	
432	398	765	  1	
433	208	765	  1	
434	106	765	  1	
434	375	765	  1	
434	415	765	  1	
434	479	765	  1	
435	 39	765	  1	
435	 80	765	  1	
435	103	765	  1	
435	114	765	  1	
435	352	765	  1	
436	236	765	  1	
437	 64	765	  1	
437	 71	765	  1	
437	248	765	  1	
437	260	765	  1	
437	392	765	  1	
438	 92	765	  1	
438	139	765	  1	
438	195	765	  1	
438	247	765	  1	
438	368	765	  1	
439	 96	765	  1	
439	154	765	  1	
439	344	765	  1	
440	 24	765	  1	
440	 29	765	  1	
440	 34	765	  1	
440	 50	765	  1	
440	 58	765	  1	
440	 82	765	  1	
440	106	765	  1	
440	128	765	  1	
440	166	765	  1	
440	248	765	  1	
440	366	765	  1	
440	536	765	  1	
442	 88	765	  1	
442	145	765	  1	
443	 64	765	  1	
443	119	765	  1	
443	168	765	  1	
443	175	765	  1	
443	255	765	  1	
443	404	765	  1	
443	535	765	  1	
444	  4	765	  1	
444	159	765	  1	
444	163	765	  1	
444	244	765	  1	
444	414	765	  1	
445	 48	765	  1	
445	 55	765	  1	
445	 63	765	  1	
445	 80	765	  1	
445	195	765	  1	
445	223	765	  1	
445	347	765	  1	
445	359	765	  1	
446	 26	765	  1	
446	 31	765	  1	
446	 94	765	  1	
447	 15	765	  1	
447	155	765	  1	
447	241	765	  1	
447	248	765	  1	
447	400	765	  1	
448	  6	765	  1	
448	 24	765	  1	
448	 33	765	  1	
448	 39	765	  1	
448	 67	765	  1	
448	128	765	  1	
448	160	765	  1	
448	199	765	  1	
448	272	765	  1	
448	304	765	  1	
448	330	765	  1	
450	 35	765	  1	
450	241	765	  1	
450	519	765	  1	
450	571	765	  1	
451	 62	765	  1	
451	 96	765	  1	
451	279	765	  1	
452	174	765	  1	
453	  8	765	  1	
453	 80	765	  1	
453	107	765	  1	
453	213	765	  1	
453	308	765	  1	
454	 34	765	  1	
454	312	765	  1	
455	 39	765	  1	
455	117	765	  1	
455	272	765	  1	
456	  5	765	  1	
456	 16	765	  1	
456	 63	765	  1	
456	139	765	  1	
456	154	765	  1	
456	163	765	  1	
456	171	765	  1	
456	178	765	  1	
456	200	765	  1	
456	256	765	  1	
457	 96	765	  1	
457	234	765	  1	
458	  0	765	  1	
458	136	765	  1	
458	239	765	  1	
459	167	765	  1	
459	178	765	  1	
459	360	765	  1	
460	200	765	  1	
461	 59	765	  1	
461	 93	765	  1	
461	277	765	  1	
461	379	765	  1	
462	  6	765	  1	
462	152	765	  1	
462	216	765	  1	
462	366	765	  1	
463	 53	765	  1	
463	 85	765	  1	
463	142	765	  1	
463	168	765	  1	
463	175	765	  1	
463	192	765	  1	
463	199	765	  1	
463	202	765	  1	
463	247	765	  1	
464	  0	765	  1	
464	 31	765	  1	
464	 56	765	  1	
464	 63	765	  1	
464	104	765	  1	
464	189	765	  1	
464	282	765	  1	
464	286	765	  1	
464	376	765	  1	
464	436	765	  1	
465	 89	765	  1	
465	144	765	  1	
465	336	765	  1	
466	 84	765	  1	
466	127	765	  1	
466	183	765	  1	
466	199	765	  1	
467	 24	765	  1	
467	215	765	  1	
468	 59	765	  1	
468	237	765	  1	
469	  8	765	  1	
469	 27	765	  1	
469	 32	765	  1	
469	 39	765	  1	
469	 72	765	  1	
469	231	765	  1	
470	200	765	  1	
470	212	765	  1	
471	 92	765	  1	
471	224	765	  1	
471	470	765	  1	
472	 48	765	  1	
472	 55	765	  1	
472	 88	765	  1	
472	 96	765	  1	
472	133	765	  1	
472	191	765	  1	
472	197	765	  1	
472	264	765	  1	
472	287	765	  1	
472	344	765	  1	
475	147	765	  1	
477	126	765	  1	
478	 88	765	  1	
478	277	765	  1	
478	285	765	  1	
478	324	765	  1	
479	 24	765	  1	
479	115	765	  1	
479	177	765	  1	
480	 16	765	  1	
480	 54	765	  1	
480	 61	765	  1	
480	 67	765	  1	
480	 76	765	  1	
480	 80	765	  1	
480	101	765	  1	
480	128	765	  1	
480	252	765	  1	
480	336	765	  1	
480	375	765	  1	
481	115	765	  1	
481	272	765	  1	
481	278	765	  1	
482	 48	765	  1	
482	343	765	  1	
483	110	765	  1	
485	 22	765	  1	
485	 74	765	  1	
486	272	765	  1	
486	279	765	  1	
487	 54	765	  1	
487	338	765	  1	
488	  8	765	  1	
488	 27	765	  1	
488	 37	765	  1	
488	 66	765	  1	
488	 91	765	  1	
488	120	765	  1	
488	146	765	  1	
488	152	765	  1	
488	156	765	  1	
488	192	765	  1	
488	208	765	  1	
488	215	765	  1	
488	232	765	  1	
488	256	765	  1	
489	307	765	  1	
492	159	765	  1	
493	238	765	  1	
493	295	765	  1	
495	  8	765	  1	
495	146	765	  1	
495	164	765	  1	
496	 40	765	  1	
496	 83	765	  1	
496	124	765	  1	
496	134	765	  1	
496	143	765	  1	
496	152	765	  1	
496	168	765	  1	
496	220	765	  1	
496	285	765	  1	
496	291	765	  1	
496	304	765	  1	
496	323	765	  1	
496	336	765	  1	
496	343	765	  1	
497	310	765	  1	
498	280	765	  1	
499	 27	765	  1	
499	 88	765	  1	
499	155	765	  1	
500	304	765	  1	
501	 46	765	  1	
501	102	765	  1	
501	271	765	  1	
502	122	765	  1	
502	140	765	  1	
502	216	765	  1	
502	286	765	  1	
503	131	765	  1	
503	339	765	  1	
503	492	765	  1	
504	 64	765	  1	
504	 72	765	  1	
504	118	765	  1	
504	224	765	  1	
504	251	765	  1	
504	296	765	  1	
504	303	765	  1	
504	307	765	  1	
504	333	765	  1	
504	400	765	  1	
504	418	765	  1	
505	 55	765	  1	
506	 78	765	  1	
506	132	765	  1	
506	136	765	  1	
506	193	765	  1	
507	104	765	  1	
507	264	765	  1	
507	288	765	  1	
508	123	765	  1	
509	 38	765	  1	
509	115	765	  1	
509	151	765	  1	
509	160	765	  1	
509	168	765	  1	
509	208	765	  1	
509	215	765	  1	
510	 72	765	  1	
510	143	765	  1	
510	248	765	  1	
510	255	765	  1	
510	297	765	  1	
511	 16	765	  1	
511	303	765	  1	
511	311	765	  1	
512	 54	765	  1	
512	 71	765	  1	
512	 80	765	  1	
512	 91	765	  1	
512	 95	765	  1	
512	104	765	  1	
512	111	765	  1	
512	118	765	  1	
512	123	765	  1	
512	212	765	  1	
512	219	765	  1	
512	247	765	  1	
512	272	765	  1	
514	152	765	  1	
514	240	765	  1	
515	 23	765	  1	
515	280	765	  1	
515	302	765	  1	
517	 62	765	  1	
517	160	765	  1	
517	242	765	  1	
517	456	765	  1	
518	  5	765	  1	
518	 51	765	  1	
518	149	765	  1	
518	296	765	  1	
519	 16	765	  1	
519	107	765	  1	
519	143	765	  1	
519	211	765	  1	
520	 15	765	  1	
520	 40	765	  1	
520	 48	765	  1	
520	 55	765	  1	
520	 87	765	  1	
520	103	765	  1	
520	111	765	  1	
520	122	765	  1	
520	184	765	  1	
520	221	765	  1	
520	224	765	  1	
520	264	765	  1	
520	275	765	  1	
520	339	765	  1	
521	212	765	  1	
522	  8	765	  1	
522	 45	765	  1	
522	144	765	  1	
523	 80	765	  1	
523	208	765	  1	
524	231	765	  1	
525	 12	765	  1	
525	106	765	  1	
525	123	765	  1	
526	264	765	  1	
527	 40	765	  1	
527	 87	765	  1	
527	100	765	  1	
527	150	765	  1	
527	272	765	  1	
527	279	765	  1	
527	328	765	  1	
527	390	765	  1	
528	 72	765	  1	
528	 90	765	  1	
528	115	765	  1	
528	133	765	  1	
528	152	765	  1	
528	167	765	  1	
528	194	765	  1	
528	213	765	  1	
528	222	765	  1	
528	245	765	  1	
528	312	765	  1	
528	318	765	  1	
530	 82	765	  1	
530	142	765	  1	
530	348	765	  1	
531	224	765	  1	
532	332	765	  1	
533	  7	765	  1	
533	120	765	  1	
533	208	765	  1	
534	134	765	  1	
535	 80	765	  1	
535	 87	765	  1	
535	376	765	  1	
536	 26	765	  1	
536	 34	765	  1	
536	104	765	  1	
536	144	765	  1	
536	179	765	  1	
536	226	765	  1	
536	287	765	  1	
537	263	765	  1	
538	 12	765	  1	
538	 94	765	  1	
538	240	765	  1	
538	247	765	  1	
539	280	765	  1	
539	295	765	  1	
540	192	765	  1	
540	409	765	  1	
541	229	765	  1	
541	270	765	  1	
542	152	765	  1	
542	199	765	  1	
542	373	765	  1	
543	 64	765	  1	
543	 90	765	  1	
543	232	765	  1	
543	258	765	  1	
543	287	765	  1	
544	  8	765	  1	
544	125	765	  1	
544	206	765	  1	
544	239	765	  1	
545	260	765	  1	
547	 15	765	  1	
547	 80	765	  1	
547	 87	765	  1	
547	 96	765	  1	
547	184	765	  1	
547	248	765	  1	
548	269	765	  1	
549	120	765	  1	
550	265	765	  1	
551	  8	765	  1	
551	367	765	  1	
552	 64	765	  1	
552	118	765	  1	
552	133	765	  1	
552	173	765	  1	
552	184	765	  1	
552	261	765	  1	
552	264	765	  1	
552	320	765	  1	
552	330	765	  1	
552	351	765	  1	
552	427	765	  1	
553	202	765	  1	
553	207	765	  1	
554	335	765	  1	
555	142	765	  1	
558	 75	765	  1	
558	 80	765	  1	
559	227	765	  1	
559	544	765	  1	
560	 63	765	  1	
560	190	765	  1	
560	200	765	  1	
560	211	765	  1	
560	232	765	  1	
560	239	765	  1	
560	272	765	  1	
560	376	765	  1	
560	384	765	  1	
560	399	765	  1	
560	415	765	  1	
560	459	765	  1	
562	 71	765	  1	
562	119	765	  1	
562	333	765	  1	
563	 16	765	  1	
563	 56	765	  1	
563	168	765	  1	
563	394	765	  1	
565	311	765	  1	
566	163	765	  1	
567	 63	765	  1	
567	175	765	  1	
567	190	765	  1	
567	235	765	  1	
567	408	765	  1	
568	288	765	  1	
568	315	765	  1	
569	200	765	  1	
570	146	765	  1	
570	326	765	  1	
571	151	765	  1	
571	272	765	  1	
571	295	765	  1	
572	282	765	  1	
573	128	765	  1	
573	232	765	  1	
574	152	765	  1	
574	279	765	  1	
575	288	765	  1	
576	 15	765	  1	
576	 48	765	  1	
576	 55	765	  1	
576	 69	765	  1	
576	303	765	  1	
576	307	765	  1	
576	326	765	  1	
576	335	765	  1	
577	230	765	  1	
578	168	765	  1	
580	310	765	  1	
581	 96	765	  1	
581	116	765	  1	
582	327	765	  1	
582	544	765	  1	
583	104	765	  1	
583	296	765	  1	
583	443	765	  1	
584	  2	765	  1	
584	 94	765	  1	
584	102	765	  1	
584	106	765	  1	
584	140	765	  1	
584	158	765	  1	
584	163	765	  1	
584	240	765	  1	
584	248	765	  1	
584	256	765	  1	
584	288	765	  1	
584	362	765	  1	
585	261	765	  1	
586	112	765	  1	
586	152	765	  1	
587	383	765	  1	
588	356	765	  1	
589	136	765	  1	
590	159	765	  1	
591	 55	765	  1	
591	167	765	  1	
591	260	765	  1	
591	300	765	  1	
591	311	765	  1	
592	176	765	  1	
592	211	765	  1	
592	232	765	  1	
592	276	765	  1	
592	360	765	  1	
594	 56	765	  1	
594	247	765	  1	
594	287	765	  1	
595	 91	765	  1	
595	136	765	  1	
596	 51	765	  1	
596	104	765	  1	
596	238	765	  1	
596	280	765	  1	
598	 98	765	  1	
599	 82	765	  1	
599	163	765	  1	
599	208	765	  1	
599	215	765	  1	
599	306	765	  1	
600	  5	765	  1	
600	175	765	  1	
600	278	765	  1	
601	365	765	  1	
603	256	765	  1	
603	327	765	  1	
605	295	765	  1	
606	 51	765	  1	
606	119	765	  1	
607	 70	765	  1	
608	  3	765	  1	
608	 93	765	  1	
608	143	765	  1	
608	175	765	  1	
608	228	765	  1	
608	323	765	  1	
608	354	765	  1	
610	312	765	  1	
610	527	765	  1	
611	104	765	  1	
611	360	765	  1	
614	272	765	  1	
615	 28	765	  1	
615	103	765	  1	
615	199	765	  1	
615	224	765	  1	
615	261	765	  1	
615	320	765	  1	
615	327	765	  1	
616	 72	765	  1	
616	 75	765	  1	
616	240	765	  1	
616	367	765	  1	
616	399	765	  1	
618	106	765	  1	
618	180	765	  1	
618	479	765	  1	
619	 53	765	  1	
619	111	765	  1	
622	132	765	  1	
622	490	765	  1	
623	 68	765	  1	
623	180	765	  1	
623	400	765	  1	
624	 56	765	  1	
624	150	765	  1	
625	 41	765	  1	
627	208	765	  1	
627	344	765	  1	
631	 71	765	  1	
631	112	765	  1	
631	351	765	  1	
632	263	765	  1	
634	323	765	  1	
635	230	765	  1	
635	256	765	  1	
639	183	765	  1	
639	263	765	  1	
639	344	765	  1	
640	122	765	  1	
640	179	765	  1	
640	266	765	  1	
640	336	765	  1	
640	409	765	  1	
646	296	765	  1	
646	332	765	  1	
648	254	765	  1	
650	249	765	  1	
655	248	765	  1	
655	312	765	  1	
656	  5	765	  1	
656	112	765	  1	
656	120	765	  1	
656	150	765	  1	
658	 80	765	  1	
658	383	765	  1	
663	 83	765	  1	
663	 95	765	  1	
664	 86	765	  1	
664	191	765	  1	
666	103	765	  1	
667	186	765	  1	
669	370	765	  1	
671	 86	765	  1	
672	183	765	  1	
676	156	765	  1	
678	399	765	  1	
679	359	765	  1	
680	 80	765	  1	
680	439	765	  1	
687	391	765	  1	
688	169	765	  1	
691	170	765	  1	
691	240	765	  1	
697	175	765	  1	
711	448	765	  1	
712	175	765	  1	
715	140	765	  1	
720	397	765	  1	
728	175	765	  1	
760	359	765	  1	
