# 
#  Image file: Goad1_T0082.jpg
#  Applied threshold: 575
#  Algorithm used: fill2                 
#  Particle count: 1844
#  Location (x,y), max luminance, and mass:
# 
  0	197	765	  1	
  0	458	765	  1	
  7	197	765	  1	
 10	369	765	  1	
 16	 23	765	  1	
 16	247	765	  1	
 23	528	765	  1	
 29	 87	765	  1	
 31	112	765	  1	
 34	229	765	  1	
 34	351	765	  1	
 36	464	765	  1	
 39	248	765	  1	
 40	311	765	  1	
 43	319	765	  1	
 47	315	765	  1	
 52	138	765	  1	
 54	 83	765	  1	
 55	315	765	  1	
 64	264	765	  1	
 64	311	765	  1	
 69	367	765	  1	
 71	107	765	  1	
 71	110	765	  1	
 71	295	765	  1	
 71	304	765	  1	
 72	 23	765	  1	
 72	143	765	  1	
 76	152	765	  1	
 79	308	765	  1	
 80	 48	765	  1	
 80	210	765	  1	
 80	215	765	  1	
 80	298	765	  1	
 82	 14	765	  1	
 84	 55	765	  1	
 85	111	765	  1	
 87	128	765	  1	
 87	152	765	  1	
 88	 50	765	  1	
 88	187	765	  1	
 89	135	765	  1	
 89	312	765	  1	
 90	151	765	  1	
 96	360	765	  1	
 96	368	765	  1	
 96	372	765	  1	
 96	391	765	  1	
 96	410	765	  1	
 98	 90	765	  1	
 98	145	765	  1	
 98	318	765	  1	
103	168	765	  1	
104	 63	765	  1	
104	508	765	  1	
104	599	765	  1	
107	255	765	  1	
108	367	765	  1	
109	133	765	  1	
111	 63	765	  1	
112	 18	765	  1	
112	217	765	  1	
113	174	765	  1	
113	487	765	  1	
114	127	765	  1	
117	118	765	  1	
117	172	765	  1	
119	332	765	  1	
120	152	765	  1	
120	231	765	  1	
120	271	765	  1	
120	289	765	  1	
120	312	765	  1	
121	161	765	  1	
123	  0	765	  1	
125	360	765	  1	
126	159	765	  1	
127	256	765	  1	
127	264	765	  1	
128	  6	765	  1	
128	136	765	  1	
128	280	765	  1	
128	400	765	  1	
129	142	765	  1	
130	175	765	  1	
130	327	765	  1	
131	163	765	  1	
132	136	765	  1	
133	 77	765	  1	
133	307	765	  1	
134	287	765	  1	
135	143	765	  1	
135	228	765	  1	
136	 48	765	  1	
136	191	765	  1	
136	210	765	  1	
136	284	765	  1	
136	424	765	  1	
138	470	765	  1	
138	494	765	  1	
139	184	765	  1	
141	258	765	  1	
141	399	765	  1	
142	 28	765	  1	
143	  3	765	  1	
143	191	765	  1	
143	248	765	  1	
143	392	765	  1	
144	 96	765	  1	
144	200	765	  1	
144	360	765	  1	
144	370	765	  1	
144	551	765	  1	
146	268	765	  1	
146	368	765	  1	
147	196	765	  1	
147	511	765	  1	
150	288	765	  1	
151	183	765	  1	
151	375	765	  1	
151	390	765	  1	
152	203	765	  1	
152	248	765	  1	
152	344	765	  1	
154	343	765	  1	
155	200	765	  1	
155	256	765	  1	
157	207	765	  1	
160	  2	765	  1	
160	  6	765	  1	
160	107	765	  1	
160	239	765	  1	
160	284	765	  1	
160	288	765	  1	
160	295	765	  1	
160	392	765	  1	
162	368	765	  1	
163	248	765	  1	
163	255	765	  1	
164	181	765	  1	
164	519	765	  1	
165	 12	765	  1	
165	143	765	  1	
166	 50	765	  1	
166	264	765	  1	
166	373	765	  1	
166	381	765	  1	
166	427	765	  1	
167	 62	765	  1	
167	248	765	  1	
167	255	765	  1	
167	275	765	  1	
167	291	765	  1	
167	335	765	  1	
167	350	765	  1	
167	376	765	  1	
167	536	765	  1	
167	543	765	  1	
168	  0	765	  1	
168	 24	765	  1	
168	 80	765	  1	
168	 87	765	  1	
168	186	765	  1	
168	191	765	  1	
168	231	765	  1	
168	247	765	  1	
168	293	765	  1	
169	 62	765	  1	
170	  5	765	  1	
170	336	765	  1	
171	328	765	  1	
172	  0	765	  1	
172	186	765	  1	
172	191	765	  1	
173	123	765	  1	
174	 59	765	  1	
174	288	765	  1	
174	415	765	  1	
175	 83	765	  1	
175	224	765	  1	
175	242	765	  1	
176	  0	765	  1	
176	 88	765	  1	
176	 92	765	  1	
176	251	765	  1	
176	382	765	  1	
179	  8	765	  1	
179	 13	765	  1	
179	 97	765	  1	
180	 95	765	  1	
181	247	765	  1	
182	  0	765	  1	
182	341	765	  1	
183	 88	765	  1	
183	565	765	  1	
184	 62	765	  1	
184	110	765	  1	
184	168	765	  1	
184	347	765	  1	
184	359	765	  1	
184	367	765	  1	
184	464	765	  1	
185	 56	765	  1	
185	287	765	  1	
185	482	765	  1	
187	 99	765	  1	
187	368	765	  1	
188	271	765	  1	
190	397	765	  1	
191	103	765	  1	
191	471	765	  1	
192	  7	765	  1	
192	 44	765	  1	
192	116	765	  1	
192	143	765	  1	
192	215	765	  1	
192	263	765	  1	
193	211	765	  1	
194	319	765	  1	
195	  0	765	  1	
195	256	765	  1	
195	352	765	  1	
196	104	765	  1	
197	194	765	  1	
197	199	765	  1	
198	107	765	  1	
198	112	765	  1	
198	312	765	  1	
198	340	765	  1	
199	  7	765	  1	
199	208	765	  1	
199	263	765	  1	
199	280	765	  1	
200	 32	765	  1	
200	 58	765	  1	
200	 64	765	  1	
200	148	765	  1	
200	216	765	  1	
200	250	765	  1	
200	254	765	  1	
200	264	765	  1	
200	268	765	  1	
200	319	765	  1	
200	384	765	  1	
200	443	765	  1	
202	208	765	  1	
202	389	765	  1	
203	134	765	  1	
203	280	765	  1	
203	312	765	  1	
205	351	765	  1	
205	448	765	  1	
206	286	765	  1	
206	396	765	  1	
206	419	765	  1	
206	468	765	  1	
207	 39	765	  1	
207	208	765	  1	
207	319	765	  1	
207	487	765	  1	
208	118	765	  1	
208	125	765	  1	
208	143	765	  1	
208	173	765	  1	
208	256	765	  1	
208	263	765	  1	
208	296	765	  1	
209	138	765	  1	
210	112	765	  1	
212	134	765	  1	
212	159	765	  1	
213	 71	765	  1	
214	119	765	  1	
215	152	765	  1	
215	275	765	  1	
215	283	765	  1	
215	384	765	  1	
215	407	765	  1	
215	420	765	  1	
216	 37	765	  1	
216	 55	765	  1	
216	 72	765	  1	
216	 80	765	  1	
216	114	765	  1	
216	151	765	  1	
216	224	765	  1	
216	231	765	  1	
216	247	765	  1	
216	306	765	  1	
216	321	765	  1	
216	336	765	  1	
216	350	765	  1	
216	357	765	  1	
218	128	765	  1	
218	139	765	  1	
218	176	765	  1	
218	242	765	  1	
219	 48	765	  1	
220	 31	765	  1	
221	 86	765	  1	
221	248	765	  1	
221	288	765	  1	
221	311	765	  1	
221	352	765	  1	
223	 39	765	  1	
223	 55	765	  1	
223	227	765	  1	
224	 56	765	  1	
224	128	765	  1	
224	132	765	  1	
224	173	765	  1	
224	216	765	  1	
224	233	765	  1	
224	258	765	  1	
224	320	765	  1	
224	327	765	  1	
226	 24	765	  1	
226	192	765	  1	
227	 59	765	  1	
227	224	765	  1	
227	334	765	  1	
228	 36	765	  1	
228	358	765	  1	
229	100	765	  1	
229	144	765	  1	
229	168	765	  1	
229	384	765	  1	
230	352	765	  1	
231	 56	765	  1	
232	 16	765	  1	
232	 80	765	  1	
232	103	765	  1	
232	107	765	  1	
232	183	765	  1	
232	208	765	  1	
232	232	765	  1	
232	243	765	  1	
232	288	765	  1	
232	336	765	  1	
232	347	765	  1	
232	405	765	  1	
232	428	765	  1	
233	147	765	  1	
234	 40	765	  1	
234	224	765	  1	
235	 87	765	  1	
235	295	765	  1	
236	424	765	  1	
237	 94	765	  1	
237	120	765	  1	
237	127	765	  1	
237	141	765	  1	
237	175	765	  1	
237	400	765	  1	
238	224	765	  1	
238	431	765	  1	
239	272	765	  1	
239	288	765	  1	
239	328	765	  1	
239	335	765	  1	
239	512	765	  1	
239	519	765	  1	
240	 24	765	  1	
240	 97	765	  1	
240	152	765	  1	
240	159	765	  1	
240	163	765	  1	
240	192	765	  1	
240	198	765	  1	
240	202	765	  1	
240	207	765	  1	
240	216	765	  1	
240	232	765	  1	
240	346	765	  1	
240	363	765	  1	
240	371	765	  1	
240	415	765	  1	
240	432	765	  1	
240	440	765	  1	
242	 95	765	  1	
243	104	765	  1	
243	144	765	  1	
243	223	765	  1	
243	240	765	  1	
243	262	765	  1	
243	352	765	  1	
243	367	765	  1	
243	408	765	  1	
244	421	765	  1	
245	 23	765	  1	
245	195	765	  1	
246	135	765	  1	
247	155	765	  1	
247	216	765	  1	
247	344	765	  1	
247	351	765	  1	
247	363	765	  1	
247	374	765	  1	
247	415	765	  1	
248	 78	765	  1	
248	 88	765	  1	
248	138	765	  1	
248	152	765	  1	
248	160	765	  1	
248	167	765	  1	
248	229	765	  1	
248	352	765	  1	
248	406	765	  1	
248	424	765	  1	
248	431	765	  1	
248	480	765	  1	
250	 32	765	  1	
250	304	765	  1	
251	  0	765	  1	
251	 56	765	  1	
251	 96	765	  1	
251	216	765	  1	
251	240	765	  1	
251	400	765	  1	
252	152	765	  1	
253	 40	765	  1	
253	 45	765	  1	
253	 75	765	  1	
253	 80	765	  1	
253	143	765	  1	
253	224	765	  1	
254	  7	765	  1	
255	 24	765	  1	
255	427	765	  1	
255	440	765	  1	
255	453	765	  1	
256	 48	765	  1	
256	 79	765	  1	
256	120	765	  1	
256	152	765	  1	
256	176	765	  1	
256	192	765	  1	
256	207	765	  1	
256	216	765	  1	
256	287	765	  1	
256	320	765	  1	
256	336	765	  1	
256	343	765	  1	
256	383	765	  1	
256	403	765	  1	
256	466	765	  1	
258	322	765	  1	
259	223	765	  1	
259	371	765	  1	
259	376	765	  1	
260	 63	765	  1	
260	192	765	  1	
260	276	765	  1	
261	 39	765	  1	
261	125	765	  1	
261	400	765	  1	
261	487	765	  1	
262	 55	765	  1	
262	 74	765	  1	
263	 79	765	  1	
263	 88	765	  1	
263	 95	765	  1	
263	152	765	  1	
263	200	765	  1	
263	216	765	  1	
263	339	765	  1	
263	383	765	  1	
263	464	765	  1	
263	471	765	  1	
264	  8	765	  1	
264	 36	765	  1	
264	 56	765	  1	
264	128	765	  1	
264	140	765	  1	
264	176	765	  1	
264	226	765	  1	
264	231	765	  1	
264	235	765	  1	
264	328	765	  1	
264	397	765	  1	
264	415	765	  1	
264	527	765	  1	
265	 94	765	  1	
266	120	765	  1	
266	410	765	  1	
267	135	765	  1	
267	159	765	  1	
267	272	765	  1	
267	295	765	  1	
267	325	765	  1	
267	344	765	  1	
268	485	765	  1	
268	516	765	  1	
269	  0	765	  1	
269	 47	765	  1	
269	184	765	  1	
269	191	765	  1	
269	262	765	  1	
269	520	765	  1	
270	144	765	  1	
270	320	765	  1	
270	335	765	  1	
271	 59	765	  1	
271	120	765	  1	
271	152	765	  1	
271	264	765	  1	
271	517	765	  1	
272	 53	765	  1	
272	 71	765	  1	
272	 93	765	  1	
272	216	765	  1	
272	220	765	  1	
272	259	765	  1	
272	280	765	  1	
272	295	765	  1	
272	302	765	  1	
272	432	765	  1	
272	439	765	  1	
273	264	765	  1	
274	 88	765	  1	
274	400	765	  1	
276	104	765	  1	
277	 14	765	  1	
277	 48	765	  1	
277	 99	765	  1	
277	320	765	  1	
277	336	765	  1	
277	344	765	  1	
278	 94	765	  1	
278	288	765	  1	
278	300	765	  1	
278	515	765	  1	
278	521	765	  1	
279	  6	765	  1	
279	 65	765	  1	
279	256	765	  1	
279	415	765	  1	
279	527	765	  1	
280	 31	765	  1	
280	 53	765	  1	
280	 84	765	  1	
280	112	765	  1	
280	128	765	  1	
280	144	765	  1	
280	173	765	  1	
280	230	765	  1	
280	359	765	  1	
280	368	765	  1	
280	511	765	  1	
282	351	765	  1	
283	 24	765	  1	
283	409	765	  1	
284	 70	765	  1	
284	447	765	  1	
285	 40	765	  1	
285	 47	765	  1	
285	 88	765	  1	
285	415	765	  1	
286	 80	765	  1	
286	346	765	  1	
286	371	765	  1	
287	 31	765	  1	
287	288	765	  1	
287	324	765	  1	
287	335	765	  1	
287	504	765	  1	
287	560	765	  1	
287	592	765	  1	
288	 24	765	  1	
288	 32	765	  1	
288	 82	765	  1	
288	 93	765	  1	
288	240	765	  1	
288	244	765	  1	
288	248	765	  1	
288	301	765	  1	
288	309	765	  1	
288	320	765	  1	
288	390	765	  1	
288	406	765	  1	
288	425	765	  1	
288	576	765	  1	
289	 37	765	  1	
290	367	765	  1	
291	 31	765	  1	
291	208	765	  1	
291	255	765	  1	
291	312	765	  1	
291	327	765	  1	
293	 12	765	  1	
293	216	765	  1	
293	330	765	  1	
294	 80	765	  1	
294	248	765	  1	
294	404	765	  1	
295	 24	765	  1	
295	300	765	  1	
295	320	765	  1	
295	512	765	  1	
295	519	765	  1	
295	576	765	  1	
296	 39	765	  1	
296	 48	765	  1	
296	 62	765	  1	
296	 88	765	  1	
296	 95	765	  1	
296	112	765	  1	
296	118	765	  1	
296	127	765	  1	
296	133	765	  1	
296	173	765	  1	
296	192	765	  1	
296	224	765	  1	
296	252	765	  1	
296	308	765	  1	
296	318	765	  1	
296	339	765	  1	
296	363	765	  1	
296	384	765	  1	
296	393	765	  1	
297	197	765	  1	
297	214	765	  1	
298	480	765	  1	
299	160	765	  1	
299	200	765	  1	
299	302	765	  1	
299	336	765	  1	
299	410	765	  1	
299	416	765	  1	
301	 68	765	  1	
301	 72	765	  1	
301	115	765	  1	
301	287	765	  1	
302	 88	765	  1	
302	 95	765	  1	
302	134	765	  1	
302	248	765	  1	
303	166	765	  1	
303	360	765	  1	
303	367	765	  1	
303	384	765	  1	
303	495	765	  1	
304	  0	765	  1	
304	 33	765	  1	
304	140	765	  1	
304	160	765	  1	
304	184	765	  1	
304	219	765	  1	
304	338	765	  1	
304	354	765	  1	
304	359	765	  1	
304	376	765	  1	
304	472	765	  1	
304	503	765	  1	
306	136	765	  1	
307	191	765	  1	
307	229	765	  1	
307	246	765	  1	
307	479	765	  1	
308	254	765	  1	
308	292	765	  1	
309	112	765	  1	
309	248	765	  1	
309	307	765	  1	
310	  0	765	  1	
310	 36	765	  1	
310	171	765	  1	
310	239	765	  1	
310	350	765	  1	
311	 16	765	  1	
311	184	765	  1	
311	192	765	  1	
311	472	765	  1	
311	498	765	  1	
312	 14	765	  1	
312	 40	765	  1	
312	 47	765	  1	
312	 82	765	  1	
312	 87	765	  1	
312	133	765	  1	
312	320	765	  1	
312	347	765	  1	
312	366	765	  1	
312	378	765	  1	
312	460	765	  1	
312	512	765	  1	
312	520	765	  1	
312	561	765	  1	
313	327	765	  1	
314	  8	765	  1	
315	110	765	  1	
317	 16	765	  1	
317	 23	765	  1	
317	128	765	  1	
317	264	765	  1	
317	270	765	  1	
318	239	765	  1	
318	320	765	  1	
318	382	765	  1	
319	160	765	  1	
319	192	765	  1	
319	408	765	  1	
320	 21	765	  1	
320	122	765	  1	
320	141	765	  1	
320	148	765	  1	
320	157	765	  1	
320	205	765	  1	
320	212	765	  1	
320	295	765	  1	
320	328	765	  1	
320	357	765	  1	
320	373	765	  1	
320	390	765	  1	
320	407	765	  1	
320	416	765	  1	
320	424	765	  1	
320	448	765	  1	
322	 31	765	  1	
322	198	765	  1	
322	423	765	  1	
322	463	765	  1	
323	128	765	  1	
323	232	765	  1	
323	408	765	  1	
323	455	765	  1	
324	368	765	  1	
324	542	765	  1	
325	336	765	  1	
325	384	765	  1	
326	 26	765	  1	
326	192	765	  1	
327	 16	765	  1	
327	239	765	  1	
327	360	765	  1	
327	365	765	  1	
327	392	765	  1	
327	418	765	  1	
327	448	765	  1	
328	132	765	  1	
328	160	765	  1	
328	176	765	  1	
328	219	765	  1	
328	226	765	  1	
328	288	765	  1	
328	312	765	  1	
328	368	765	  1	
328	408	765	  1	
328	439	765	  1	
328	451	765	  1	
328	480	765	  1	
328	487	765	  1	
329	511	765	  1	
330	 31	765	  1	
330	182	765	  1	
330	210	765	  1	
330	247	765	  1	
331	375	765	  1	
331	415	765	  1	
331	432	765	  1	
332	130	765	  1	
332	288	765	  1	
332	294	765	  1	
333	256	765	  1	
333	327	765	  1	
333	425	765	  1	
334	 18	765	  1	
334	176	765	  1	
334	219	765	  1	
334	344	765	  1	
334	448	765	  1	
335	142	765	  1	
335	231	765	  1	
335	358	765	  1	
335	408	765	  1	
335	439	765	  1	
336	  6	765	  1	
336	 48	765	  1	
336	 69	765	  1	
336	 75	765	  1	
336	 91	765	  1	
336	135	765	  1	
336	140	765	  1	
336	194	765	  1	
336	202	765	  1	
336	208	765	  1	
336	234	765	  1	
336	271	765	  1	
336	307	765	  1	
336	312	765	  1	
336	336	765	  1	
336	368	765	  1	
336	381	765	  1	
336	422	765	  1	
336	472	765	  1	
337	151	765	  1	
338	280	765	  1	
338	408	765	  1	
338	511	765	  1	
339	128	765	  1	
339	191	765	  1	
339	272	765	  1	
339	350	765	  1	
339	375	765	  1	
339	420	765	  1	
339	575	765	  1	
340	224	765	  1	
340	267	765	  1	
341	 64	765	  1	
341	136	765	  1	
341	255	765	  1	
341	288	765	  1	
341	295	765	  1	
341	318	765	  1	
342	117	765	  1	
342	311	765	  1	
342	348	765	  1	
342	423	765	  1	
343	 72	765	  1	
343	 79	765	  1	
343	 98	765	  1	
343	210	765	  1	
343	223	765	  1	
343	292	765	  1	
343	368	765	  1	
343	381	765	  1	
343	413	765	  1	
343	474	765	  1	
344	 24	765	  1	
344	 51	765	  1	
344	 74	765	  1	
344	144	765	  1	
344	149	765	  1	
344	156	765	  1	
344	167	765	  1	
344	240	765	  1	
344	297	765	  1	
344	376	765	  1	
344	416	765	  1	
344	424	765	  1	
345	 71	765	  1	
345	310	765	  1	
346	152	765	  1	
346	162	765	  1	
346	286	765	  1	
346	315	765	  1	
347	148	765	  1	
347	214	765	  1	
347	447	765	  1	
348	  6	765	  1	
348	127	765	  1	
348	159	765	  1	
348	276	765	  1	
348	280	765	  1	
348	294	765	  1	
349	168	765	  1	
350	 66	765	  1	
350	116	765	  1	
350	288	765	  1	
350	304	765	  1	
351	139	765	  1	
351	255	765	  1	
351	376	765	  1	
351	543	765	  1	
352	 16	765	  1	
352	 22	765	  1	
352	 36	765	  1	
352	 58	765	  1	
352	102	765	  1	
352	108	765	  1	
352	120	765	  1	
352	158	765	  1	
352	170	765	  1	
352	235	765	  1	
352	260	765	  1	
352	279	765	  1	
352	351	765	  1	
352	412	765	  1	
352	592	765	  1	
354	 72	765	  1	
354	 98	765	  1	
354	152	765	  1	
354	231	765	  1	
355	110	765	  1	
355	344	765	  1	
355	368	765	  1	
355	401	765	  1	
355	427	765	  1	
357	  3	765	  1	
357	 19	765	  1	
357	 88	765	  1	
357	158	765	  1	
357	280	765	  1	
357	287	765	  1	
357	352	765	  1	
357	357	765	  1	
357	415	765	  1	
358	240	765	  1	
358	253	765	  1	
358	314	765	  1	
359	 39	765	  1	
359	 77	765	  1	
359	152	765	  1	
359	170	765	  1	
359	380	765	  1	
359	599	765	  1	
360	 46	765	  1	
360	 56	765	  1	
360	 60	765	  1	
360	 86	765	  1	
360	108	765	  1	
360	111	765	  1	
360	151	765	  1	
360	154	765	  1	
360	164	765	  1	
360	200	765	  1	
360	207	765	  1	
360	214	765	  1	
360	218	765	  1	
360	272	765	  1	
360	336	765	  1	
360	343	765	  1	
360	472	765	  1	
361	146	765	  1	
361	296	765	  1	
362	 75	765	  1	
362	104	765	  1	
362	271	765	  1	
362	278	765	  1	
362	304	765	  1	
362	441	765	  1	
363	 63	765	  1	
363	 96	765	  1	
363	246	765	  1	
363	301	765	  1	
363	376	765	  1	
364	107	765	  1	
364	111	765	  1	
364	223	765	  1	
364	417	765	  1	
365	392	765	  1	
366	104	765	  1	
366	216	765	  1	
366	266	765	  1	
366	405	765	  1	
366	415	765	  1	
367	 16	765	  1	
367	 23	765	  1	
367	 56	765	  1	
367	 86	765	  1	
367	120	765	  1	
367	165	765	  1	
367	203	765	  1	
367	296	765	  1	
367	421	765	  1	
367	431	765	  1	
368	 67	765	  1	
368	 72	765	  1	
368	 79	765	  1	
368	283	765	  1	
368	303	765	  1	
368	383	765	  1	
370	104	765	  1	
371	376	765	  1	
372	106	765	  1	
373	 88	765	  1	
373	111	765	  1	
374	319	765	  1	
375	 56	765	  1	
375	144	765	  1	
375	280	765	  1	
375	287	765	  1	
375	383	765	  1	
375	487	765	  1	
376	  0	765	  1	
376	 50	765	  1	
376	 54	765	  1	
376	208	765	  1	
376	216	765	  1	
376	232	765	  1	
376	236	765	  1	
376	302	765	  1	
376	338	765	  1	
376	403	765	  1	
376	488	765	  1	
378	118	765	  1	
378	213	765	  1	
378	328	765	  1	
379	379	765	  1	
379	416	765	  1	
380	231	765	  1	
381	 56	765	  1	
381	 72	765	  1	
381	439	765	  1	
381	448	765	  1	
382	176	765	  1	
382	237	765	  1	
383	  0	765	  1	
383	 95	765	  1	
383	225	765	  1	
383	232	765	  1	
383	421	765	  1	
383	424	765	  1	
384	 77	765	  1	
384	224	765	  1	
384	395	765	  1	
384	407	765	  1	
384	501	765	  1	
385	 28	765	  1	
386	176	765	  1	
386	488	765	  1	
387	231	765	  1	
388	 11	765	  1	
388	192	765	  1	
388	306	765	  1	
388	399	765	  1	
389	 88	765	  1	
389	127	765	  1	
391	 24	765	  1	
391	176	765	  1	
391	224	765	  1	
391	412	765	  1	
392	  3	765	  1	
392	 80	765	  1	
392	134	765	  1	
392	144	765	  1	
392	226	765	  1	
392	280	765	  1	
392	375	765	  1	
392	432	765	  1	
392	439	765	  1	
392	456	765	  1	
393	 48	765	  1	
393	123	765	  1	
394	 61	765	  1	
394	 87	765	  1	
394	430	765	  1	
394	503	765	  1	
395	200	765	  1	
395	232	765	  1	
395	258	765	  1	
395	320	765	  1	
395	346	765	  1	
396	 30	765	  1	
397	 32	765	  1	
397	 48	765	  1	
397	287	765	  1	
397	311	765	  1	
398	  3	765	  1	
398	 80	765	  1	
398	271	765	  1	
398	459	765	  1	
399	 23	765	  1	
399	 58	765	  1	
399	256	765	  1	
399	373	765	  1	
399	420	765	  1	
399	435	765	  1	
400	 34	765	  1	
400	 76	765	  1	
400	 83	765	  1	
400	 88	765	  1	
400	104	765	  1	
400	120	765	  1	
400	168	765	  1	
400	232	765	  1	
400	358	765	  1	
400	387	765	  1	
400	392	765	  1	
400	443	765	  1	
400	490	765	  1	
400	563	765	  1	
401	131	765	  1	
401	344	765	  1	
402	 23	765	  1	
402	 40	765	  1	
402	395	765	  1	
402	418	765	  1	
403	 47	765	  1	
403	200	765	  1	
403	380	765	  1	
403	423	765	  1	
404	186	765	  1	
405	124	765	  1	
405	199	765	  1	
405	375	765	  1	
406	120	765	  1	
406	207	765	  1	
406	213	765	  1	
407	104	765	  1	
407	440	765	  1	
407	447	765	  1	
408	  8	765	  1	
408	 24	765	  1	
408	 40	765	  1	
408	 74	765	  1	
408	117	765	  1	
408	144	765	  1	
408	167	765	  1	
408	171	765	  1	
408	203	765	  1	
408	210	765	  1	
408	216	765	  1	
408	220	765	  1	
408	227	765	  1	
408	264	765	  1	
408	271	765	  1	
408	283	765	  1	
408	312	765	  1	
408	320	765	  1	
408	327	765	  1	
408	352	765	  1	
408	407	765	  1	
408	472	765	  1	
408	476	765	  1	
409	197	765	  1	
409	416	765	  1	
410	218	765	  1	
410	336	765	  1	
410	343	765	  1	
411	 47	765	  1	
411	 80	765	  1	
411	223	765	  1	
411	318	765	  1	
411	400	765	  1	
412	157	765	  1	
413	 22	765	  1	
413	 72	765	  1	
413	 79	765	  1	
413	128	765	  1	
414	212	765	  1	
414	477	765	  1	
415	 40	765	  1	
415	103	765	  1	
415	168	765	  1	
415	175	765	  1	
415	267	765	  1	
415	280	765	  1	
415	287	765	  1	
415	323	765	  1	
415	352	765	  1	
415	407	765	  1	
415	472	765	  1	
416	 14	765	  1	
416	 39	765	  1	
416	 48	765	  1	
416	144	765	  1	
416	283	765	  1	
416	327	765	  1	
416	344	765	  1	
416	408	765	  1	
417	472	765	  1	
418	367	765	  1	
419	 53	765	  1	
420	199	765	  1	
421	 11	765	  1	
421	222	765	  1	
421	343	765	  1	
421	392	765	  1	
422	 34	765	  1	
423	128	765	  1	
423	283	765	  1	
423	339	765	  1	
423	365	765	  1	
424	 16	765	  1	
424	 23	765	  1	
424	 98	765	  1	
424	106	765	  1	
424	125	765	  1	
424	139	765	  1	
424	146	765	  1	
424	151	765	  1	
424	176	765	  1	
424	189	765	  1	
424	232	765	  1	
424	238	765	  1	
424	277	765	  1	
424	288	765	  1	
425	216	765	  1	
426	  0	765	  1	
426	295	765	  1	
427	 94	765	  1	
427	134	765	  1	
427	322	765	  1	
427	327	765	  1	
427	352	765	  1	
427	359	765	  1	
427	410	765	  1	
427	416	765	  1	
428	182	765	  1	
429	 24	765	  1	
429	103	765	  1	
429	247	765	  1	
430	  7	765	  1	
431	 17	765	  1	
431	 87	765	  1	
431	223	765	  1	
431	290	765	  1	
431	431	765	  1	
432	 34	765	  1	
432	 62	765	  1	
432	123	765	  1	
432	128	765	  1	
432	141	765	  1	
432	148	765	  1	
432	152	765	  1	
432	181	765	  1	
432	195	765	  1	
432	200	765	  1	
432	206	765	  1	
432	257	765	  1	
432	268	765	  1	
432	287	765	  1	
433	 39	765	  1	
433	375	765	  1	
435	 25	765	  1	
435	 61	765	  1	
435	167	765	  1	
435	176	765	  1	
435	280	765	  1	
435	358	765	  1	
436	 48	765	  1	
436	106	765	  1	
436	112	765	  1	
437	  0	765	  1	
437	 38	765	  1	
437	 72	765	  1	
437	 83	765	  1	
437	261	765	  1	
439	 24	765	  1	
439	120	765	  1	
439	127	765	  1	
439	137	765	  1	
439	287	765	  1	
439	368	765	  1	
439	487	765	  1	
440	 23	765	  1	
440	 42	765	  1	
440	136	765	  1	
440	144	765	  1	
440	149	765	  1	
440	156	765	  1	
440	170	765	  1	
440	192	765	  1	
440	235	765	  1	
440	370	765	  1	
440	397	765	  1	
440	404	765	  1	
441	104	765	  1	
442	 39	765	  1	
442	 53	765	  1	
442	163	765	  1	
442	198	765	  1	
442	212	765	  1	
442	223	765	  1	
443	128	765	  1	
443	294	765	  1	
443	326	765	  1	
444	 38	765	  1	
445	  2	765	  1	
445	 40	765	  1	
445	174	765	  1	
446	  7	765	  1	
446	 18	765	  1	
446	114	765	  1	
446	192	765	  1	
446	288	765	  1	
446	373	765	  1	
447	 53	765	  1	
447	157	765	  1	
447	183	765	  1	
447	208	765	  1	
447	350	765	  1	
448	  8	765	  1	
448	 57	765	  1	
448	136	765	  1	
448	146	765	  1	
448	181	765	  1	
448	200	765	  1	
448	207	765	  1	
448	256	765	  1	
448	407	765	  1	
450	 69	765	  1	
450	117	765	  1	
450	174	765	  1	
450	218	765	  1	
451	111	765	  1	
451	162	765	  1	
451	263	765	  1	
452	142	765	  1	
453	151	765	  1	
454	 16	765	  1	
454	 55	765	  1	
454	176	765	  1	
455	 61	765	  1	
455	 80	765	  1	
455	256	765	  1	
455	359	765	  1	
456	126	765	  1	
456	139	765	  1	
456	193	765	  1	
457	179	765	  1	
458	125	765	  1	
458	184	765	  1	
458	433	765	  1	
459	118	765	  1	
459	168	765	  1	
459	373	765	  1	
461	112	765	  1	
461	174	765	  1	
462	162	765	  1	
462	400	765	  1	
463	 21	765	  1	
463	243	765	  1	
464	 49	765	  1	
464	 71	765	  1	
464	 86	765	  1	
464	107	765	  1	
464	144	765	  1	
464	171	765	  1	
464	200	765	  1	
464	214	765	  1	
464	240	765	  1	
464	248	765	  1	
464	255	765	  1	
464	283	765	  1	
464	352	765	  1	
465	152	765	  1	
466	 15	765	  1	
466	 66	765	  1	
467	  0	765	  1	
467	192	765	  1	
468	355	765	  1	
469	 72	765	  1	
469	120	765	  1	
469	206	765	  1	
469	243	765	  1	
470	  9	765	  1	
470	144	765	  1	
471	280	765	  1	
471	287	765	  1	
471	351	765	  1	
472	 19	765	  1	
472	 91	765	  1	
472	118	765	  1	
472	133	765	  1	
472	151	765	  1	
472	175	765	  1	
472	187	765	  1	
472	213	765	  1	
472	216	765	  1	
472	232	765	  1	
472	345	765	  1	
472	354	765	  1	
472	407	765	  1	
472	488	765	  1	
473	181	765	  1	
474	279	765	  1	
474	392	765	  1	
475	 15	765	  1	
475	 72	765	  1	
475	159	765	  1	
475	242	765	  1	
475	264	765	  1	
477	 11	765	  1	
477	190	765	  1	
478	 69	765	  1	
478	 83	765	  1	
479	  7	765	  1	
479	 16	765	  1	
479	 23	765	  1	
479	147	765	  1	
479	152	765	  1	
479	216	765	  1	
480	 63	765	  1	
480	 77	765	  1	
480	 85	765	  1	
480	106	765	  1	
480	131	765	  1	
480	138	765	  1	
480	192	765	  1	
480	240	765	  1	
480	244	765	  1	
480	328	765	  1	
480	335	765	  1	
482	 70	765	  1	
482	 96	765	  1	
482	285	765	  1	
482	310	765	  1	
483	174	765	  1	
483	280	765	  1	
483	391	765	  1	
484	119	765	  1	
484	192	765	  1	
485	  0	765	  1	
485	208	765	  1	
485	213	765	  1	
486	 51	765	  1	
486	 64	765	  1	
486	140	765	  1	
486	304	765	  1	
487	 19	765	  1	
487	 99	765	  1	
487	114	765	  1	
487	131	765	  1	
487	154	765	  1	
487	495	765	  1	
488	  7	765	  1	
488	 27	765	  1	
488	102	765	  1	
488	176	765	  1	
488	183	765	  1	
488	194	765	  1	
488	239	765	  1	
488	280	765	  1	
490	 63	765	  1	
490	158	765	  1	
491	 96	765	  1	
491	127	765	  1	
491	206	765	  1	
493	110	765	  1	
493	136	765	  1	
493	176	765	  1	
493	192	765	  1	
493	199	765	  1	
493	214	765	  1	
494	232	765	  1	
495	 24	765	  1	
495	 31	765	  1	
495	384	765	  1	
496	 72	765	  1	
496	 88	765	  1	
496	116	765	  1	
496	168	765	  1	
496	175	765	  1	
496	189	765	  1	
496	280	765	  1	
496	284	765	  1	
496	291	765	  1	
496	304	765	  1	
496	333	765	  1	
496	375	765	  1	
496	383	765	  1	
498	208	765	  1	
499	311	765	  1	
499	376	765	  1	
499	540	765	  1	
500	114	765	  1	
500	128	765	  1	
500	178	765	  1	
500	183	765	  1	
500	367	765	  1	
501	 94	765	  1	
501	123	765	  1	
501	144	765	  1	
502	214	765	  1	
503	 36	765	  1	
503	103	765	  1	
503	171	765	  1	
503	304	765	  1	
503	383	765	  1	
504	  9	765	  1	
504	 24	765	  1	
504	 72	765	  1	
504	112	765	  1	
504	158	765	  1	
504	168	765	  1	
504	191	765	  1	
504	245	765	  1	
505	144	765	  1	
505	175	765	  1	
506	280	765	  1	
506	284	765	  1	
507	184	765	  1	
509	264	765	  1	
510	  8	765	  1	
511	158	765	  1	
511	285	765	  1	
512	 59	765	  1	
512	 91	765	  1	
512	 96	765	  1	
512	112	765	  1	
512	150	765	  1	
512	208	765	  1	
512	215	765	  1	
512	239	765	  1	
512	254	765	  1	
512	256	765	  1	
512	263	765	  1	
512	279	765	  1	
512	293	765	  1	
512	304	765	  1	
512	311	765	  1	
512	359	765	  1	
512	388	765	  1	
512	408	765	  1	
513	192	765	  1	
514	138	765	  1	
514	270	765	  1	
515	103	765	  1	
515	152	765	  1	
515	211	765	  1	
515	232	765	  1	
515	259	765	  1	
516	328	765	  1	
517	 16	765	  1	
517	100	765	  1	
517	104	765	  1	
517	115	765	  1	
517	240	765	  1	
517	351	765	  1	
518	 56	765	  1	
518	 63	765	  1	
518	151	765	  1	
518	282	765	  1	
519	221	765	  1	
519	253	765	  1	
519	304	765	  1	
519	311	765	  1	
519	360	765	  1	
519	415	765	  1	
520	 32	765	  1	
520	 40	765	  1	
520	 72	765	  1	
520	160	765	  1	
520	164	765	  1	
520	184	765	  1	
520	227	765	  1	
520	336	765	  1	
520	344	765	  1	
521	195	765	  1	
522	 46	765	  1	
522	 87	765	  1	
522	191	765	  1	
522	334	765	  1	
523	174	765	  1	
523	286	765	  1	
523	354	765	  1	
524	279	765	  1	
525	223	765	  1	
525	362	765	  1	
526	120	765	  1	
526	186	765	  1	
526	197	765	  1	
527	 86	765	  1	
527	168	765	  1	
527	243	765	  1	
527	328	765	  1	
527	342	765	  1	
527	399	765	  1	
528	154	765	  1	
528	167	765	  1	
528	200	765	  1	
528	208	765	  1	
528	303	765	  1	
528	320	765	  1	
528	447	765	  1	
529	136	765	  1	
530	304	765	  1	
531	128	765	  1	
531	358	765	  1	
532	194	765	  1	
533	 40	765	  1	
533	174	765	  1	
534	 19	765	  1	
534	199	765	  1	
535	 45	765	  1	
535	240	765	  1	
535	247	765	  1	
535	264	765	  1	
535	303	765	  1	
535	310	765	  1	
535	320	765	  1	
535	336	765	  1	
536	116	765	  1	
536	147	765	  1	
536	170	765	  1	
536	184	765	  1	
536	216	765	  1	
537	 95	765	  1	
539	 19	765	  1	
539	168	765	  1	
539	293	765	  1	
540	232	765	  1	
540	320	765	  1	
541	112	765	  1	
541	191	765	  1	
541	343	765	  1	
542	303	765	  1	
543	 88	765	  1	
543	288	765	  1	
544	  8	765	  1	
544	118	765	  1	
544	128	765	  1	
544	160	765	  1	
544	167	765	  1	
544	196	765	  1	
544	206	765	  1	
544	383	765	  1	
546	224	765	  1	
546	413	765	  1	
547	200	765	  1	
547	320	765	  1	
547	368	765	  1	
547	408	765	  1	
549	115	765	  1	
549	147	765	  1	
549	328	765	  1	
550	232	765	  1	
550	431	765	  1	
551	163	765	  1	
552	 79	765	  1	
552	 93	765	  1	
552	152	765	  1	
552	259	765	  1	
552	280	765	  1	
552	298	765	  1	
552	312	765	  1	
552	352	765	  1	
552	364	765	  1	
554	403	765	  1	
555	 88	765	  1	
555	206	765	  1	
555	248	765	  1	
555	255	765	  1	
555	359	765	  1	
557	247	765	  1	
558	200	765	  1	
559	256	765	  1	
559	263	765	  1	
559	280	765	  1	
559	312	765	  1	
559	352	765	  1	
560	 75	765	  1	
560	 99	765	  1	
560	107	765	  1	
560	159	765	  1	
560	181	765	  1	
560	208	765	  1	
560	224	765	  1	
560	230	765	  1	
560	254	765	  1	
560	296	765	  1	
560	303	765	  1	
560	407	765	  1	
560	414	765	  1	
562	248	765	  1	
562	256	765	  1	
563	152	765	  1	
564	204	765	  1	
564	255	765	  1	
565	213	765	  1	
567	 62	765	  1	
567	 72	765	  1	
567	 79	765	  1	
567	111	765	  1	
567	159	765	  1	
567	221	765	  1	
567	310	765	  1	
567	399	765	  1	
568	  6	765	  1	
568	134	765	  1	
568	248	765	  1	
568	283	765	  1	
568	320	765	  1	
568	366	765	  1	
568	417	765	  1	
569	335	765	  1	
570	152	765	  1	
570	263	765	  1	
571	423	765	  1	
573	  0	765	  1	
573	258	765	  1	
574	224	765	  1	
574	231	765	  1	
574	277	765	  1	
574	344	765	  1	
575	156	765	  1	
575	252	765	  1	
575	262	765	  1	
575	287	765	  1	
575	309	765	  1	
575	320	765	  1	
575	431	765	  1	
576	 51	765	  1	
576	 78	765	  1	
576	104	765	  1	
576	128	765	  1	
576	135	765	  1	
576	202	765	  1	
576	238	765	  1	
576	256	765	  1	
576	312	765	  1	
576	399	765	  1	
576	459	765	  1	
577	261	765	  1	
578	245	765	  1	
578	327	765	  1	
580	207	765	  1	
581	 96	765	  1	
581	316	765	  1	
582	200	765	  1	
583	131	765	  1	
583	262	765	  1	
583	301	765	  1	
583	416	765	  1	
583	423	765	  1	
584	  2	765	  1	
584	 80	765	  1	
584	 95	765	  1	
584	106	765	  1	
584	111	765	  1	
584	140	765	  1	
584	218	765	  1	
584	248	765	  1	
585	256	765	  1	
586	151	765	  1	
587	 47	765	  1	
587	255	765	  1	
590	 92	765	  1	
591	128	765	  1	
591	135	765	  1	
591	139	765	  1	
591	248	765	  1	
591	342	765	  1	
592	 16	765	  1	
592	286	765	  1	
592	312	765	  1	
592	368	765	  1	
592	400	765	  1	
595	 88	765	  1	
595	106	765	  1	
595	250	765	  1	
595	373	765	  1	
596	227	765	  1	
598	304	765	  1	
598	343	765	  1	
598	368	765	  1	
599	 16	765	  1	
599	 99	765	  1	
599	207	765	  1	
599	400	765	  1	
599	440	765	  1	
600	 71	765	  1	
600	111	765	  1	
600	114	765	  1	
600	175	765	  1	
600	199	765	  1	
600	264	765	  1	
600	322	765	  1	
600	339	765	  1	
600	350	765	  1	
600	360	765	  1	
603	256	765	  1	
603	367	765	  1	
603	447	765	  1	
605	269	765	  1	
605	312	765	  1	
607	255	765	  1	
607	295	765	  1	
607	336	765	  1	
607	343	765	  1	
607	350	765	  1	
607	360	765	  1	
608	 66	765	  1	
608	 99	765	  1	
608	128	765	  1	
608	132	765	  1	
608	143	765	  1	
608	256	765	  1	
610	321	765	  1	
611	264	765	  1	
611	392	765	  1	
613	312	765	  1	
614	133	765	  1	
614	269	765	  1	
615	 96	765	  1	
615	103	765	  1	
615	128	765	  1	
615	143	765	  1	
615	336	765	  1	
616	 76	765	  1	
616	107	765	  1	
616	176	765	  1	
616	208	765	  1	
616	473	765	  1	
620	 55	765	  1	
620	127	765	  1	
620	294	765	  1	
620	392	765	  1	
622	 68	765	  1	
622	288	765	  1	
623	107	765	  1	
623	452	765	  1	
624	143	765	  1	
624	154	765	  1	
624	276	765	  1	
624	335	765	  1	
624	480	765	  1	
625	327	765	  1	
627	288	765	  1	
627	295	765	  1	
631	279	765	  1	
632	 24	765	  1	
632	373	765	  1	
637	304	765	  1	
637	391	765	  1	
638	176	765	  1	
639	 24	765	  1	
639	383	765	  1	
640	 95	765	  1	
640	104	765	  1	
640	115	765	  1	
640	290	765	  1	
642	232	765	  1	
645	115	765	  1	
647	111	765	  1	
648	257	765	  1	
648	322	765	  1	
648	345	765	  1	
653	351	765	  1	
655	327	765	  1	
655	346	765	  1	
656	406	765	  1	
662	419	765	  1	
662	439	765	  1	
662	504	765	  1	
663	327	765	  1	
664	 74	765	  1	
664	279	765	  1	
671	189	765	  1	
672	448	765	  1	
679	416	765	  1	
685	303	765	  1	
686	380	765	  1	
688	224	765	  1	
693	576	765	  1	
694	212	765	  1	
696	436	765	  1	
700	576	765	  1	
723	 99	765	  1	
736	227	765	  1	
759	343	765	  1	
779	138	765	  1	
