# 
#  Image file: Goad1_T0102.jpg
#  Applied threshold: 575
#  Algorithm used: fill2                 
#  Particle count: 1939
#  Location (x,y), max luminance, and mass:
# 
  0	119	765	  1	
  0	127	765	  1	
  0	183	765	  1	
  2	162	765	  1	
  6	124	765	  1	
  8	360	765	  1	
 10	188	765	  1	
 14	178	765	  1	
 22	 95	765	  1	
 23	128	765	  1	
 23	391	765	  1	
 24	304	765	  1	
 29	585	765	  1	
 32	142	765	  1	
 33	349	765	  1	
 36	104	765	  1	
 39	240	765	  1	
 40	344	765	  1	
 47	136	765	  1	
 56	103	765	  1	
 61	 74	765	  1	
 64	120	765	  1	
 64	232	765	  1	
 64	280	765	  1	
 66	415	765	  1	
 71	108	765	  1	
 71	215	765	  1	
 71	224	765	  1	
 71	239	765	  1	
 71	336	765	  1	
 74	239	765	  1	
 77	593	765	  1	
 79	137	765	  1	
 79	231	765	  1	
 80	 88	765	  1	
 80	111	765	  1	
 82	 13	765	  1	
 83	343	765	  1	
 85	211	765	  1	
 87	149	765	  1	
 87	279	765	  1	
 88	152	765	  1	
 88	170	765	  1	
 90	392	765	  1	
 92	144	765	  1	
 92	322	765	  1	
 95	 83	765	  1	
 95	156	765	  1	
 95	368	765	  1	
 96	151	765	  1	
 96	442	765	  1	
 96	503	765	  1	
 96	544	765	  1	
 98	146	765	  1	
103	135	765	  1	
103	159	765	  1	
103	379	765	  1	
103	412	765	  1	
104	128	765	  1	
104	136	765	  1	
104	440	765	  1	
105	143	765	  1	
106	500	765	  1	
111	139	765	  1	
111	508	765	  1	
112	 98	765	  1	
112	415	765	  1	
112	479	765	  1	
114	210	765	  1	
115	215	765	  1	
118	 21	765	  1	
119	384	765	  1	
122	  0	765	  1	
122	232	765	  1	
123	286	765	  1	
126	259	765	  1	
126	264	765	  1	
126	485	765	  1	
127	173	765	  1	
127	237	765	  1	
127	419	765	  1	
128	 69	765	  1	
128	136	765	  1	
128	199	765	  1	
128	328	765	  1	
128	467	765	  1	
128	504	765	  1	
130	  7	765	  1	
130	128	765	  1	
131	178	765	  1	
131	219	765	  1	
131	479	765	  1	
132	296	765	  1	
133	333	765	  1	
133	360	765	  1	
134	349	765	  1	
135	288	765	  1	
135	474	765	  1	
136	120	765	  1	
136	126	765	  1	
136	157	765	  1	
136	187	765	  1	
137	110	765	  1	
137	226	765	  1	
138	104	765	  1	
138	231	765	  1	
138	432	765	  1	
141	 94	765	  1	
141	151	765	  1	
141	253	765	  1	
143	104	765	  1	
143	184	765	  1	
143	191	765	  1	
143	208	765	  1	
143	365	765	  1	
143	480	765	  1	
144	216	765	  1	
144	223	765	  1	
144	232	765	  1	
144	340	765	  1	
144	346	765	  1	
144	424	765	  1	
146	235	765	  1	
149	343	765	  1	
150	215	765	  1	
150	384	765	  1	
151	  0	765	  1	
151	139	765	  1	
151	219	765	  1	
151	239	765	  1	
151	371	765	  1	
152	136	765	  1	
152	189	765	  1	
152	217	765	  1	
152	222	765	  1	
152	331	765	  1	
152	339	765	  1	
152	346	765	  1	
152	351	765	  1	
155	208	765	  1	
155	328	765	  1	
156	234	765	  1	
158	173	765	  1	
158	232	765	  1	
158	292	765	  1	
159	215	765	  1	
159	223	765	  1	
159	242	765	  1	
159	250	765	  1	
159	255	765	  1	
159	428	765	  1	
159	456	765	  1	
159	503	765	  1	
160	 48	765	  1	
160	 55	765	  1	
160	150	765	  1	
160	488	765	  1	
160	504	765	  1	
162	216	765	  1	
163	173	765	  1	
163	324	765	  1	
165	 88	765	  1	
165	183	765	  1	
166	259	765	  1	
166	264	765	  1	
166	359	765	  1	
167	 63	765	  1	
167	328	765	  1	
167	351	765	  1	
168	  8	765	  1	
168	230	765	  1	
168	272	765	  1	
168	304	765	  1	
168	335	765	  1	
168	383	765	  1	
168	408	765	  1	
168	487	765	  1	
170	  5	765	  1	
170	137	765	  1	
170	242	765	  1	
170	504	765	  1	
171	247	765	  1	
174	 48	765	  1	
175	383	765	  1	
176	 40	765	  1	
176	120	765	  1	
176	157	765	  1	
176	176	765	  1	
176	208	765	  1	
176	214	765	  1	
176	256	765	  1	
176	360	765	  1	
178	 36	765	  1	
179	143	765	  1	
179	313	765	  1	
181	 87	765	  1	
181	 96	765	  1	
181	242	765	  1	
181	247	765	  1	
181	256	765	  1	
182	  2	765	  1	
182	229	765	  1	
183	 31	765	  1	
183	 47	765	  1	
183	120	765	  1	
183	192	765	  1	
183	334	765	  1	
183	363	765	  1	
183	407	765	  1	
184	 48	765	  1	
184	 96	765	  1	
184	107	765	  1	
184	167	765	  1	
184	376	765	  1	
186	159	765	  1	
186	223	765	  1	
187	110	765	  1	
187	271	765	  1	
187	352	765	  1	
188	 96	765	  1	
188	195	765	  1	
188	296	765	  1	
189	131	765	  1	
189	464	765	  1	
190	288	765	  1	
190	295	765	  1	
190	307	765	  1	
190	393	765	  1	
191	105	765	  1	
191	164	765	  1	
191	216	765	  1	
191	327	765	  1	
191	332	765	  1	
191	397	765	  1	
191	599	765	  1	
192	149	765	  1	
192	184	765	  1	
192	285	765	  1	
192	341	765	  1	
192	363	765	  1	
193	237	765	  1	
194	191	765	  1	
194	313	765	  1	
194	317	765	  1	
195	240	765	  1	
196	 16	765	  1	
196	280	765	  1	
197	136	765	  1	
197	360	765	  1	
197	428	765	  1	
198	163	765	  1	
198	313	765	  1	
198	317	765	  1	
199	152	765	  1	
199	184	765	  1	
199	424	765	  1	
200	 61	765	  1	
200	 65	765	  1	
200	120	765	  1	
200	126	765	  1	
200	192	765	  1	
200	242	765	  1	
201	122	765	  1	
202	232	765	  1	
202	333	765	  1	
203	120	765	  1	
203	128	765	  1	
203	150	765	  1	
206	 56	765	  1	
206	 75	765	  1	
206	144	765	  1	
206	239	765	  1	
207	455	765	  1	
207	536	765	  1	
208	 52	765	  1	
208	 63	765	  1	
208	112	765	  1	
208	143	765	  1	
208	160	765	  1	
208	200	765	  1	
208	204	765	  1	
208	287	765	  1	
208	404	765	  1	
208	432	765	  1	
209	152	765	  1	
210	219	765	  1	
210	233	765	  1	
211	  8	765	  1	
211	 56	765	  1	
211	130	765	  1	
211	146	765	  1	
211	167	765	  1	
211	280	765	  1	
211	375	765	  1	
211	464	765	  1	
212	120	765	  1	
212	432	765	  1	
213	 55	765	  1	
213	125	765	  1	
214	 45	765	  1	
214	202	765	  1	
214	207	765	  1	
214	320	765	  1	
214	327	765	  1	
214	415	765	  1	
215	 63	765	  1	
215	154	765	  1	
215	160	765	  1	
215	287	765	  1	
215	454	765	  1	
216	 77	765	  1	
216	288	765	  1	
216	312	765	  1	
216	342	765	  1	
216	384	765	  1	
216	488	765	  1	
218	432	765	  1	
218	443	765	  1	
219	 72	765	  1	
219	104	765	  1	
219	136	765	  1	
219	176	765	  1	
219	293	765	  1	
220	288	765	  1	
221	200	765	  1	
221	318	765	  1	
221	416	765	  1	
222	340	765	  1	
222	575	765	  1	
223	168	765	  1	
223	246	765	  1	
223	456	765	  1	
223	488	765	  1	
224	 26	765	  1	
224	 36	765	  1	
224	 86	765	  1	
224	 95	765	  1	
224	103	765	  1	
224	138	765	  1	
224	156	765	  1	
224	189	765	  1	
224	224	765	  1	
224	243	765	  1	
224	272	765	  1	
224	352	765	  1	
224	424	765	  1	
224	475	765	  1	
226	120	765	  1	
226	301	765	  1	
227	  8	765	  1	
227	128	765	  1	
227	256	765	  1	
227	359	765	  1	
227	440	765	  1	
227	456	765	  1	
228	261	765	  1	
228	294	765	  1	
229	136	765	  1	
229	143	765	  1	
229	274	765	  1	
229	331	765	  1	
229	383	765	  1	
229	434	765	  1	
230	101	765	  1	
230	125	765	  1	
231	 80	765	  1	
231	240	765	  1	
231	247	765	  1	
231	288	765	  1	
231	352	765	  1	
231	447	765	  1	
231	475	765	  1	
232	 53	765	  1	
232	144	765	  1	
232	181	765	  1	
232	197	765	  1	
232	204	765	  1	
232	303	765	  1	
232	400	765	  1	
232	414	765	  1	
232	440	765	  1	
232	480	765	  1	
232	584	765	  1	
233	336	765	  1	
234	 87	765	  1	
235	128	765	  1	
235	152	765	  1	
235	272	765	  1	
235	296	765	  1	
235	312	765	  1	
236	 95	765	  1	
237	 80	765	  1	
237	187	765	  1	
237	192	765	  1	
237	202	765	  1	
237	207	765	  1	
237	224	765	  1	
237	411	765	  1	
238	155	765	  1	
238	263	765	  1	
239	246	765	  1	
239	256	765	  1	
239	303	765	  1	
239	400	765	  1	
239	443	765	  1	
239	448	765	  1	
240	  0	765	  1	
240	 31	765	  1	
240	267	765	  1	
240	304	765	  1	
240	344	765	  1	
240	416	765	  1	
240	423	765	  1	
240	580	765	  1	
242	 95	765	  1	
242	310	765	  1	
243	 40	765	  1	
243	 80	765	  1	
243	176	765	  1	
243	192	765	  1	
243	455	765	  1	
244	317	765	  1	
245	200	765	  1	
246	 31	765	  1	
246	304	765	  1	
246	419	765	  1	
247	 48	765	  1	
247	127	765	  1	
247	275	765	  1	
247	344	765	  1	
248	 13	765	  1	
248	 56	765	  1	
248	 64	765	  1	
248	 75	765	  1	
248	 96	765	  1	
248	115	765	  1	
248	120	765	  1	
248	144	765	  1	
248	157	765	  1	
248	176	765	  1	
248	184	765	  1	
248	199	765	  1	
248	263	765	  1	
248	322	765	  1	
248	333	765	  1	
248	352	765	  1	
248	365	765	  1	
248	376	765	  1	
248	383	765	  1	
248	456	765	  1	
249	479	765	  1	
250	112	765	  1	
250	117	765	  1	
250	389	765	  1	
250	461	765	  1	
250	496	765	  1	
251	 32	765	  1	
251	216	765	  1	
251	256	765	  1	
252	 84	765	  1	
252	180	765	  1	
252	456	765	  1	
253	 44	765	  1	
253	 70	765	  1	
253	342	765	  1	
254	104	765	  1	
254	179	765	  1	
254	198	765	  1	
254	208	765	  1	
254	355	765	  1	
255	263	765	  1	
255	312	765	  1	
255	379	765	  1	
255	461	765	  1	
256	 32	765	  1	
256	 87	765	  1	
256	 93	765	  1	
256	136	765	  1	
256	143	765	  1	
256	163	765	  1	
256	175	765	  1	
256	186	765	  1	
256	194	765	  1	
256	211	765	  1	
256	216	765	  1	
256	223	765	  1	
256	235	765	  1	
256	258	765	  1	
256	264	765	  1	
256	268	765	  1	
256	288	765	  1	
256	320	765	  1	
256	336	765	  1	
256	344	765	  1	
256	351	765	  1	
256	389	765	  1	
256	446	765	  1	
257	113	765	  1	
257	126	765	  1	
258	 42	765	  1	
258	208	765	  1	
258	215	765	  1	
258	280	765	  1	
258	293	765	  1	
258	463	765	  1	
258	504	765	  1	
259	327	765	  1	
260	303	765	  1	
260	447	765	  1	
260	479	765	  1	
261	310	765	  1	
262	 36	765	  1	
262	126	765	  1	
262	227	765	  1	
262	269	765	  1	
263	104	765	  1	
263	219	765	  1	
263	256	765	  1	
263	263	765	  1	
263	320	765	  1	
263	347	765	  1	
264	 19	765	  1	
264	112	765	  1	
264	134	765	  1	
264	165	765	  1	
264	278	765	  1	
264	330	765	  1	
264	351	765	  1	
264	375	765	  1	
264	384	765	  1	
264	396	765	  1	
264	499	765	  1	
266	336	765	  1	
266	498	765	  1	
267	 80	765	  1	
267	 96	765	  1	
267	120	765	  1	
267	190	765	  1	
267	229	765	  1	
267	344	765	  1	
267	424	765	  1	
267	431	765	  1	
267	486	765	  1	
268	310	765	  1	
268	462	765	  1	
269	  0	765	  1	
269	147	765	  1	
269	160	765	  1	
270	184	765	  1	
270	304	765	  1	
270	480	765	  1	
271	112	765	  1	
271	352	765	  1	
271	368	765	  1	
271	499	765	  1	
272	 72	765	  1	
272	103	765	  1	
272	176	765	  1	
272	191	765	  1	
272	206	765	  1	
272	223	765	  1	
272	248	765	  1	
272	413	765	  1	
272	439	765	  1	
273	227	765	  1	
274	 96	765	  1	
274	128	765	  1	
274	266	765	  1	
274	425	765	  1	
274	511	765	  1	
275	104	765	  1	
275	152	765	  1	
275	216	765	  1	
275	294	765	  1	
275	342	765	  1	
275	382	765	  1	
275	431	765	  1	
275	538	765	  1	
277	 80	765	  1	
278	  7	765	  1	
278	 65	765	  1	
278	133	765	  1	
278	204	765	  1	
278	248	765	  1	
278	263	765	  1	
278	277	765	  1	
279	 77	765	  1	
279	103	765	  1	
279	223	765	  1	
279	400	765	  1	
279	504	765	  1	
280	 22	765	  1	
280	 29	765	  1	
280	 53	765	  1	
280	 60	765	  1	
280	 96	765	  1	
280	140	765	  1	
280	153	765	  1	
280	158	765	  1	
280	168	765	  1	
280	218	765	  1	
280	235	765	  1	
280	240	765	  1	
280	298	765	  1	
280	325	765	  1	
280	344	765	  1	
280	360	765	  1	
280	384	765	  1	
280	472	765	  1	
280	476	765	  1	
280	503	765	  1	
282	351	765	  1	
282	410	765	  1	
283	280	765	  1	
283	391	765	  1	
285	142	765	  1	
285	200	765	  1	
285	207	765	  1	
285	216	765	  1	
285	223	765	  1	
286	248	765	  1	
286	344	765	  1	
287	168	765	  1	
287	232	765	  1	
287	384	765	  1	
287	415	765	  1	
288	  3	765	  1	
288	 10	765	  1	
288	 16	765	  1	
288	 39	765	  1	
288	 52	765	  1	
288	 72	765	  1	
288	 88	765	  1	
288	 94	765	  1	
288	105	765	  1	
288	112	765	  1	
288	116	765	  1	
288	120	765	  1	
288	126	765	  1	
288	133	765	  1	
288	162	765	  1	
288	202	765	  1	
288	224	765	  1	
288	234	765	  1	
288	291	765	  1	
288	296	765	  1	
290	 96	765	  1	
291	 77	765	  1	
291	128	765	  1	
291	390	765	  1	
291	455	765	  1	
291	559	765	  1	
292	 62	765	  1	
292	574	765	  1	
293	316	765	  1	
294	  2	765	  1	
294	 95	765	  1	
294	102	765	  1	
294	351	765	  1	
295	167	765	  1	
296	 40	765	  1	
296	 59	765	  1	
296	 80	765	  1	
296	144	765	  1	
296	179	765	  1	
296	184	765	  1	
296	200	765	  1	
296	208	765	  1	
296	215	765	  1	
296	584	765	  1	
297	192	765	  1	
298	494	765	  1	
299	 63	765	  1	
299	120	765	  1	
299	377	765	  1	
300	 55	765	  1	
300	171	765	  1	
301	 50	765	  1	
301	238	765	  1	
301	351	765	  1	
302	  3	765	  1	
302	197	765	  1	
303	104	765	  1	
303	144	765	  1	
303	176	765	  1	
303	183	765	  1	
304	 32	765	  1	
304	 91	765	  1	
304	138	765	  1	
304	152	765	  1	
304	217	765	  1	
304	224	765	  1	
304	231	765	  1	
304	240	765	  1	
304	286	765	  1	
304	301	765	  1	
304	316	765	  1	
304	368	765	  1	
304	423	765	  1	
304	440	765	  1	
304	455	765	  1	
304	457	765	  1	
304	492	765	  1	
304	535	765	  1	
305	391	765	  1	
305	414	765	  1	
306	104	765	  1	
306	187	765	  1	
306	239	765	  1	
307	 82	765	  1	
307	128	765	  1	
307	200	765	  1	
307	211	765	  1	
307	247	765	  1	
307	375	765	  1	
307	434	765	  1	
307	527	765	  1	
308	 22	765	  1	
308	351	765	  1	
308	488	765	  1	
309	 95	765	  1	
309	319	765	  1	
309	419	765	  1	
310	 16	765	  1	
310	 35	765	  1	
310	110	765	  1	
310	215	765	  1	
310	235	765	  1	
311	 88	765	  1	
311	208	765	  1	
311	240	765	  1	
311	248	765	  1	
311	255	765	  1	
311	344	765	  1	
311	368	765	  1	
312	  6	765	  1	
312	 40	765	  1	
312	 47	765	  1	
312	 56	765	  1	
312	 96	765	  1	
312	100	765	  1	
312	104	765	  1	
312	157	765	  1	
312	166	765	  1	
312	244	765	  1	
312	256	765	  1	
312	378	765	  1	
314	152	765	  1	
314	182	765	  1	
314	224	765	  1	
314	415	765	  1	
314	552	765	  1	
315	 64	765	  1	
315	255	765	  1	
317	104	765	  1	
317	111	765	  1	
317	163	765	  1	
317	312	765	  1	
317	319	765	  1	
317	440	765	  1	
317	448	765	  1	
317	453	765	  1	
318	158	765	  1	
318	386	765	  1	
319	226	765	  1	
319	248	765	  1	
319	376	765	  1	
319	496	765	  1	
319	557	765	  1	
320	  8	765	  1	
320	 19	765	  1	
320	 35	765	  1	
320	 70	765	  1	
320	123	765	  1	
320	138	765	  1	
320	143	765	  1	
320	170	765	  1	
320	200	765	  1	
320	231	765	  1	
320	264	765	  1	
320	272	765	  1	
320	296	765	  1	
320	304	765	  1	
320	408	765	  1	
320	432	765	  1	
320	438	765	  1	
320	552	765	  1	
321	 51	765	  1	
321	 56	765	  1	
321	 63	765	  1	
321	134	765	  1	
321	367	765	  1	
323	415	765	  1	
325	168	765	  1	
325	175	765	  1	
325	184	765	  1	
325	344	765	  1	
326	208	765	  1	
326	214	765	  1	
326	279	765	  1	
327	 21	765	  1	
327	 32	765	  1	
327	 39	765	  1	
327	 70	765	  1	
327	264	765	  1	
327	273	765	  1	
327	408	765	  1	
328	  0	765	  1	
328	 31	765	  1	
328	 85	765	  1	
328	 96	765	  1	
328	120	765	  1	
328	131	765	  1	
328	155	765	  1	
328	240	765	  1	
328	247	765	  1	
328	253	765	  1	
328	280	765	  1	
328	285	765	  1	
328	290	765	  1	
328	367	765	  1	
328	382	765	  1	
328	396	765	  1	
328	451	765	  1	
330	362	765	  1	
330	376	765	  1	
330	430	765	  1	
331	 56	765	  1	
331	103	765	  1	
331	143	765	  1	
331	320	765	  1	
332	433	765	  1	
333	  8	765	  1	
333	 27	765	  1	
333	 32	765	  1	
333	 54	765	  1	
333	227	765	  1	
333	232	765	  1	
333	288	765	  1	
333	295	765	  1	
333	434	765	  1	
333	562	765	  1	
334	243	765	  1	
334	435	765	  1	
335	 23	765	  1	
335	382	765	  1	
336	 37	765	  1	
336	 96	765	  1	
336	147	765	  1	
336	176	765	  1	
336	184	765	  1	
336	189	765	  1	
336	208	765	  1	
336	216	765	  1	
336	270	765	  1	
336	308	765	  1	
336	328	765	  1	
336	424	765	  1	
336	439	765	  1	
336	531	765	  1	
336	591	765	  1	
337	159	765	  1	
337	440	765	  1	
338	136	765	  1	
338	143	765	  1	
338	397	765	  1	
338	576	765	  1	
339	 64	765	  1	
339	124	765	  1	
339	156	765	  1	
339	360	765	  1	
339	422	765	  1	
339	456	765	  1	
340	277	765	  1	
341	  8	765	  1	
341	 99	765	  1	
341	127	765	  1	
341	196	765	  1	
341	267	765	  1	
341	366	765	  1	
341	392	765	  1	
342	187	765	  1	
342	212	765	  1	
342	352	765	  1	
342	424	765	  1	
342	554	765	  1	
343	152	765	  1	
343	272	765	  1	
343	360	765	  1	
343	464	765	  1	
343	469	765	  1	
344	  0	765	  1	
344	 11	765	  1	
344	 51	765	  1	
344	111	765	  1	
344	127	765	  1	
344	168	765	  1	
344	182	765	  1	
344	235	765	  1	
344	243	765	  1	
344	359	765	  1	
344	400	765	  1	
345	187	765	  1	
346	  6	765	  1	
346	297	765	  1	
346	317	765	  1	
347	 16	765	  1	
347	 70	765	  1	
347	239	765	  1	
347	273	765	  1	
347	283	765	  1	
347	288	765	  1	
347	352	765	  1	
348	320	765	  1	
349	127	765	  1	
349	224	765	  1	
350	  0	765	  1	
350	128	765	  1	
350	233	765	  1	
351	111	765	  1	
351	120	765	  1	
351	240	765	  1	
351	247	765	  1	
351	279	765	  1	
351	359	765	  1	
351	531	765	  1	
351	584	765	  1	
352	  6	765	  1	
352	 13	765	  1	
352	 16	765	  1	
352	 40	765	  1	
352	 55	765	  1	
352	203	765	  1	
352	217	765	  1	
352	224	765	  1	
352	267	765	  1	
352	320	765	  1	
352	346	765	  1	
352	378	765	  1	
352	383	765	  1	
352	438	765	  1	
352	498	765	  1	
353	259	765	  1	
354	 48	765	  1	
354	230	765	  1	
354	246	765	  1	
355	288	765	  1	
355	298	765	  1	
356	 11	765	  1	
356	223	765	  1	
356	407	765	  1	
357	277	765	  1	
357	293	765	  1	
357	351	765	  1	
357	400	765	  1	
357	424	765	  1	
358	  4	765	  1	
358	 39	765	  1	
358	256	765	  1	
359	 15	765	  1	
359	 55	765	  1	
359	311	765	  1	
359	314	765	  1	
359	321	765	  1	
359	451	765	  1	
360	  0	765	  1	
360	 61	765	  1	
360	 91	765	  1	
360	111	765	  1	
360	122	765	  1	
360	127	765	  1	
360	136	765	  1	
360	159	765	  1	
360	166	765	  1	
360	328	765	  1	
360	335	765	  1	
360	368	765	  1	
360	376	765	  1	
360	382	765	  1	
360	386	765	  1	
360	416	765	  1	
360	455	765	  1	
360	500	765	  1	
360	528	765	  1	
361	243	765	  1	
362	152	765	  1	
362	230	765	  1	
363	143	765	  1	
363	206	765	  1	
363	430	765	  1	
363	448	765	  1	
363	535	765	  1	
364	159	765	  1	
364	472	765	  1	
365	  8	765	  1	
365	 56	765	  1	
365	168	765	  1	
365	266	765	  1	
365	387	765	  1	
366	189	765	  1	
366	208	765	  1	
366	224	765	  1	
366	419	765	  1	
367	 67	765	  1	
367	 88	765	  1	
367	 95	765	  1	
367	136	765	  1	
367	200	765	  1	
367	256	765	  1	
367	331	765	  1	
367	376	765	  1	
367	382	765	  1	
367	455	765	  1	
367	499	765	  1	
367	528	765	  1	
368	 40	765	  1	
368	110	765	  1	
368	135	765	  1	
368	137	765	  1	
368	147	765	  1	
368	165	765	  1	
368	178	765	  1	
368	296	765	  1	
368	325	765	  1	
368	368	765	  1	
368	444	765	  1	
368	557	765	  1	
369	256	765	  1	
370	 37	765	  1	
371	 80	765	  1	
371	302	765	  1	
371	319	765	  1	
371	347	765	  1	
373	 27	765	  1	
373	447	765	  1	
373	453	765	  1	
374	 47	765	  1	
374	 86	765	  1	
374	102	765	  1	
374	125	765	  1	
374	260	765	  1	
374	440	765	  1	
375	 32	765	  1	
375	144	765	  1	
375	151	765	  1	
375	192	765	  1	
375	264	765	  1	
375	344	765	  1	
375	420	765	  1	
375	431	765	  1	
375	552	765	  1	
376	 18	765	  1	
376	 69	765	  1	
376	 88	765	  1	
376	111	765	  1	
376	163	765	  1	
376	188	765	  1	
376	201	765	  1	
376	240	765	  1	
376	288	765	  1	
376	301	765	  1	
376	358	765	  1	
376	458	765	  1	
376	504	765	  1	
376	535	765	  1	
376	551	765	  1	
378	250	765	  1	
378	367	765	  1	
379	295	765	  1	
381	 56	765	  1	
381	118	765	  1	
381	231	765	  1	
382	  0	765	  1	
382	128	765	  1	
382	176	765	  1	
382	200	765	  1	
383	 98	765	  1	
383	109	765	  1	
383	160	765	  1	
383	167	765	  1	
383	288	765	  1	
383	504	765	  1	
384	 24	765	  1	
384	 47	765	  1	
384	 72	765	  1	
384	 87	765	  1	
384	191	765	  1	
384	197	765	  1	
384	247	765	  1	
384	272	765	  1	
384	327	765	  1	
384	420	765	  1	
384	448	765	  1	
384	455	765	  1	
384	462	765	  1	
386	  0	765	  1	
386	 88	765	  1	
387	 39	765	  1	
387	110	765	  1	
387	183	765	  1	
388	192	765	  1	
389	207	765	  1	
390	  6	765	  1	
390	279	765	  1	
391	176	765	  1	
391	191	765	  1	
391	296	765	  1	
391	420	765	  1	
391	451	765	  1	
391	462	765	  1	
392	 63	765	  1	
392	112	765	  1	
392	154	765	  1	
392	232	765	  1	
392	263	765	  1	
392	288	765	  1	
392	295	765	  1	
392	359	765	  1	
392	400	765	  1	
392	408	765	  1	
392	431	765	  1	
392	479	765	  1	
392	599	765	  1	
393	  7	765	  1	
393	 48	765	  1	
393	397	765	  1	
394	245	765	  1	
394	405	765	  1	
394	424	765	  1	
395	221	765	  1	
395	239	765	  1	
395	256	765	  1	
395	496	765	  1	
395	504	765	  1	
396	 55	765	  1	
396	202	765	  1	
396	408	765	  1	
397	207	765	  1	
397	309	765	  1	
399	 32	765	  1	
399	 62	765	  1	
399	216	765	  1	
399	232	765	  1	
399	263	765	  1	
399	291	765	  1	
399	391	765	  1	
399	395	765	  1	
400	 18	765	  1	
400	 82	765	  1	
400	 92	765	  1	
400	128	765	  1	
400	191	765	  1	
400	258	765	  1	
400	344	765	  1	
400	352	765	  1	
400	406	765	  1	
402	 73	765	  1	
402	400	765	  1	
403	384	765	  1	
403	416	765	  1	
404	463	765	  1	
405	  8	765	  1	
405	 15	765	  1	
405	 23	765	  1	
405	 40	765	  1	
405	 47	765	  1	
405	 75	765	  1	
405	178	765	  1	
405	208	765	  1	
405	215	765	  1	
405	253	765	  1	
405	296	765	  1	
405	405	765	  1	
406	 56	765	  1	
406	 63	765	  1	
408	  7	765	  1	
408	 32	765	  1	
408	 50	765	  1	
408	 64	765	  1	
408	 71	765	  1	
408	 80	765	  1	
408	101	765	  1	
408	109	765	  1	
408	119	765	  1	
408	344	765	  1	
408	351	765	  1	
408	391	765	  1	
408	415	765	  1	
408	424	765	  1	
408	599	765	  1	
409	138	765	  1	
410	178	765	  1	
410	384	765	  1	
411	 87	765	  1	
411	151	765	  1	
411	183	765	  1	
411	368	765	  1	
412	286	765	  1	
413	  8	765	  1	
413	 48	765	  1	
413	 55	765	  1	
413	410	765	  1	
414	 39	765	  1	
414	280	765	  1	
414	347	765	  1	
415	 67	765	  1	
415	384	765	  1	
415	459	765	  1	
416	  2	765	  1	
416	 19	765	  1	
416	160	765	  1	
416	168	765	  1	
416	186	765	  1	
416	244	765	  1	
416	283	765	  1	
416	312	765	  1	
416	316	765	  1	
416	329	765	  1	
418	 68	765	  1	
418	 82	765	  1	
418	264	765	  1	
418	365	765	  1	
418	455	765	  1	
419	 87	765	  1	
419	112	765	  1	
420	384	765	  1	
420	424	765	  1	
421	 27	765	  1	
421	104	765	  1	
421	174	765	  1	
421	240	765	  1	
421	338	765	  1	
421	343	765	  1	
421	354	765	  1	
421	430	765	  1	
422	 64	765	  1	
423	138	765	  1	
423	160	765	  1	
423	367	765	  1	
423	448	765	  1	
424	 35	765	  1	
424	 51	765	  1	
424	 79	765	  1	
424	 96	765	  1	
424	122	765	  1	
424	126	765	  1	
424	168	765	  1	
424	302	765	  1	
424	344	765	  1	
424	350	765	  1	
424	381	765	  1	
425	135	765	  1	
427	327	765	  1	
429	118	765	  1	
429	148	765	  1	
429	184	765	  1	
429	192	765	  1	
430	 79	765	  1	
430	104	765	  1	
430	389	765	  1	
431	 39	765	  1	
431	121	765	  1	
431	168	765	  1	
431	321	765	  1	
431	399	765	  1	
432	 27	765	  1	
432	 32	765	  1	
432	 96	765	  1	
432	155	765	  1	
432	181	765	  1	
432	208	765	  1	
432	229	765	  1	
432	367	765	  1	
432	432	765	  1	
433	 80	765	  1	
433	 87	765	  1	
433	256	765	  1	
434	184	765	  1	
434	475	765	  1	
435	 16	765	  1	
435	360	765	  1	
437	214	765	  1	
438	120	765	  1	
438	166	765	  1	
439	 39	765	  1	
439	173	765	  1	
439	367	765	  1	
439	439	765	  1	
439	476	765	  1	
440	 16	765	  1	
440	 58	765	  1	
440	 79	765	  1	
440	104	765	  1	
440	108	765	  1	
440	112	765	  1	
440	143	765	  1	
440	147	765	  1	
440	152	765	  1	
440	156	765	  1	
440	169	765	  1	
440	187	765	  1	
440	198	765	  1	
440	248	765	  1	
440	254	765	  1	
440	263	765	  1	
440	327	765	  1	
440	384	765	  1	
441	 74	765	  1	
442	 37	765	  1	
443	256	765	  1	
444	 27	765	  1	
444	153	765	  1	
445	118	765	  1	
445	123	765	  1	
445	179	765	  1	
445	208	765	  1	
445	296	765	  1	
445	303	765	  1	
446	 37	765	  1	
446	 72	765	  1	
446	197	765	  1	
446	364	765	  1	
447	143	765	  1	
447	192	765	  1	
447	263	765	  1	
447	344	765	  1	
448	  5	765	  1	
448	 16	765	  1	
448	 70	765	  1	
448	144	765	  1	
448	173	765	  1	
448	189	765	  1	
448	248	765	  1	
448	389	765	  1	
450	 51	765	  1	
450	147	765	  1	
450	184	765	  1	
450	227	765	  1	
451	 94	765	  1	
451	240	765	  1	
451	367	765	  1	
452	 16	765	  1	
452	 50	765	  1	
452	132	765	  1	
452	172	765	  1	
453	 67	765	  1	
454	 77	765	  1	
454	123	765	  1	
454	190	765	  1	
455	 28	765	  1	
455	 39	765	  1	
455	 43	765	  1	
455	 47	765	  1	
455	119	765	  1	
455	129	765	  1	
455	358	765	  1	
456	 24	765	  1	
456	 76	765	  1	
456	 82	765	  1	
456	147	765	  1	
456	204	765	  1	
456	248	765	  1	
456	254	765	  1	
456	296	765	  1	
457	144	765	  1	
459	159	765	  1	
459	304	765	  1	
459	360	765	  1	
460	 30	765	  1	
460	128	765	  1	
460	215	765	  1	
461	168	765	  1	
461	225	765	  1	
461	232	765	  1	
461	251	765	  1	
462	200	765	  1	
463	303	765	  1	
463	336	765	  1	
464	 48	765	  1	
464	 61	765	  1	
464	 72	765	  1	
464	122	765	  1	
464	126	765	  1	
464	214	765	  1	
464	288	765	  1	
464	352	765	  1	
464	376	765	  1	
464	488	765	  1	
465	 79	765	  1	
465	187	765	  1	
466	104	765	  1	
466	144	765	  1	
467	232	765	  1	
467	359	765	  1	
468	113	765	  1	
469	151	765	  1	
469	160	765	  1	
469	245	765	  1	
470	  0	765	  1	
470	122	765	  1	
471	  6	765	  1	
471	 72	765	  1	
471	224	765	  1	
471	240	765	  1	
471	288	765	  1	
471	352	765	  1	
472	  8	765	  1	
472	 68	765	  1	
472	 82	765	  1	
472	 88	765	  1	
472	104	765	  1	
472	176	765	  1	
472	192	765	  1	
472	208	765	  1	
472	255	765	  1	
472	286	765	  1	
472	344	765	  1	
472	350	765	  1	
474	 56	765	  1	
474	 92	765	  1	
474	271	765	  1	
475	 71	765	  1	
475	248	765	  1	
475	296	765	  1	
475	303	765	  1	
475	342	765	  1	
476	 60	765	  1	
477	160	765	  1	
478	264	765	  1	
478	336	765	  1	
478	355	765	  1	
479	208	765	  1	
479	255	765	  1	
479	576	765	  1	
480	 88	765	  1	
480	 95	765	  1	
480	119	765	  1	
480	180	765	  1	
480	187	765	  1	
480	236	765	  1	
480	272	765	  1	
480	283	765	  1	
480	296	765	  1	
480	303	765	  1	
480	368	765	  1	
481	 58	765	  1	
481	 80	765	  1	
482	160	765	  1	
482	255	765	  1	
482	375	765	  1	
483	 16	765	  1	
483	 32	765	  1	
483	263	765	  1	
484	 52	765	  1	
484	 61	765	  1	
484	232	765	  1	
484	344	765	  1	
484	351	765	  1	
485	 14	765	  1	
485	 46	765	  1	
485	184	765	  1	
485	199	765	  1	
486	166	765	  1	
487	 91	765	  1	
487	208	765	  1	
487	215	765	  1	
487	272	765	  1	
487	299	765	  1	
488	 34	765	  1	
488	 64	765	  1	
488	 79	765	  1	
488	100	765	  1	
488	106	765	  1	
488	128	765	  1	
488	133	765	  1	
488	144	765	  1	
488	160	765	  1	
488	178	765	  1	
488	224	765	  1	
488	323	765	  1	
490	208	765	  1	
491	 48	765	  1	
491	 74	765	  1	
491	123	765	  1	
491	128	765	  1	
491	146	765	  1	
491	176	765	  1	
491	191	765	  1	
491	264	765	  1	
491	280	765	  1	
492	131	765	  1	
493	 24	765	  1	
493	132	765	  1	
493	139	765	  1	
493	166	765	  1	
493	320	765	  1	
494	214	765	  1	
495	 31	765	  1	
495	 92	765	  1	
495	184	765	  1	
495	198	765	  1	
496	 68	765	  1	
496	 88	765	  1	
496	 99	765	  1	
496	105	765	  1	
496	123	765	  1	
496	157	765	  1	
496	168	765	  1	
496	174	765	  1	
496	272	765	  1	
496	279	765	  1	
496	284	765	  1	
496	288	765	  1	
496	304	765	  1	
496	344	765	  1	
497	192	765	  1	
497	199	765	  1	
498	113	765	  1	
498	144	765	  1	
498	234	765	  1	
499	  3	765	  1	
499	176	765	  1	
499	311	765	  1	
500	149	765	  1	
501	133	765	  1	
502	127	765	  1	
503	 91	765	  1	
503	275	765	  1	
503	304	765	  1	
503	463	765	  1	
503	583	765	  1	
504	  0	765	  1	
504	 37	765	  1	
504	 83	765	  1	
504	 88	765	  1	
504	151	765	  1	
504	200	765	  1	
504	208	765	  1	
504	243	765	  1	
504	326	765	  1	
504	343	765	  1	
504	358	765	  1	
506	215	765	  1	
506	352	765	  1	
507	119	765	  1	
507	261	765	  1	
507	282	765	  1	
507	346	765	  1	
508	 80	765	  1	
508	111	765	  1	
508	287	765	  1	
509	 87	765	  1	
509	160	765	  1	
509	184	765	  1	
509	210	765	  1	
509	234	765	  1	
509	239	765	  1	
509	272	765	  1	
509	338	765	  1	
510	 32	765	  1	
510	327	765	  1	
510	376	765	  1	
511	 88	765	  1	
511	424	765	  1	
512	 56	765	  1	
512	 69	765	  1	
512	 87	765	  1	
512	112	765	  1	
512	118	765	  1	
512	173	765	  1	
512	250	765	  1	
512	296	765	  1	
512	311	765	  1	
513	221	765	  1	
514	270	765	  1	
515	287	765	  1	
516	 87	765	  1	
517	104	765	  1	
517	115	765	  1	
517	136	765	  1	
517	141	765	  1	
517	184	765	  1	
517	210	765	  1	
518	  1	765	  1	
518	 98	765	  1	
518	347	765	  1	
518	399	765	  1	
519	 31	765	  1	
519	 63	765	  1	
519	 84	765	  1	
519	144	765	  1	
519	221	765	  1	
519	232	765	  1	
519	239	765	  1	
519	243	765	  1	
519	264	765	  1	
519	296	765	  1	
519	384	765	  1	
519	536	765	  1	
520	 72	765	  1	
520	120	765	  1	
520	156	765	  1	
520	240	765	  1	
520	247	765	  1	
520	357	765	  1	
522	264	765	  1	
522	351	765	  1	
523	 55	765	  1	
523	191	765	  1	
523	296	765	  1	
524	 78	765	  1	
524	152	765	  1	
524	186	765	  1	
525	 99	765	  1	
525	136	765	  1	
525	232	765	  1	
525	279	765	  1	
525	306	765	  1	
526	 86	765	  1	
526	308	765	  1	
528	128	765	  1	
528	149	765	  1	
528	170	765	  1	
528	176	765	  1	
528	182	765	  1	
528	200	765	  1	
528	216	765	  1	
528	231	765	  1	
528	359	765	  1	
530	152	765	  1	
530	159	765	  1	
530	250	765	  1	
530	304	765	  1	
531	207	765	  1	
531	268	765	  1	
531	280	765	  1	
532	356	765	  1	
533	175	765	  1	
533	179	765	  1	
533	290	765	  1	
533	295	765	  1	
534	186	765	  1	
535	 16	765	  1	
535	200	765	  1	
535	277	765	  1	
535	308	765	  1	
536	 97	765	  1	
536	176	765	  1	
536	216	765	  1	
536	312	765	  1	
536	342	765	  1	
536	352	765	  1	
538	 56	765	  1	
538	164	765	  1	
538	336	765	  1	
539	158	765	  1	
539	384	765	  1	
540	224	765	  1	
540	279	765	  1	
541	191	765	  1	
541	230	765	  1	
541	304	765	  1	
541	319	765	  1	
542	343	765	  1	
543	240	765	  1	
543	272	765	  1	
543	379	765	  1	
544	  3	765	  1	
544	112	765	  1	
544	160	765	  1	
544	170	765	  1	
544	212	765	  1	
544	232	765	  1	
544	261	765	  1	
544	383	765	  1	
546	223	765	  1	
546	238	765	  1	
546	317	765	  1	
547	 78	765	  1	
547	104	765	  1	
547	167	765	  1	
547	186	765	  1	
549	175	765	  1	
549	256	765	  1	
549	332	765	  1	
550	222	765	  1	
550	232	765	  1	
550	323	765	  1	
551	  0	765	  1	
551	  7	765	  1	
551	147	765	  1	
551	191	765	  1	
552	 31	765	  1	
552	125	765	  1	
552	136	765	  1	
552	197	765	  1	
552	205	765	  1	
552	280	765	  1	
552	304	765	  1	
552	310	765	  1	
552	368	765	  1	
553	104	765	  1	
553	109	765	  1	
553	184	765	  1	
554	 87	765	  1	
554	120	765	  1	
557	171	765	  1	
557	207	765	  1	
557	354	765	  1	
557	359	765	  1	
558	126	765	  1	
558	240	765	  1	
558	323	765	  1	
559	203	765	  1	
559	381	765	  1	
560	 96	765	  1	
560	139	765	  1	
560	159	765	  1	
560	296	765	  1	
560	302	765	  1	
560	336	765	  1	
560	343	765	  1	
561	120	765	  1	
561	291	765	  1	
562	183	765	  1	
563	152	765	  1	
563	251	765	  1	
565	 95	765	  1	
565	101	765	  1	
565	232	765	  1	
565	295	765	  1	
566	168	765	  1	
566	288	765	  1	
567	 71	765	  1	
567	120	765	  1	
567	159	765	  1	
567	280	765	  1	
567	339	765	  1	
568	128	765	  1	
568	134	765	  1	
568	152	765	  1	
568	243	765	  1	
568	272	765	  1	
569	264	765	  1	
570	193	765	  1	
570	261	765	  1	
570	408	765	  1	
571	280	765	  1	
573	 16	765	  1	
573	278	765	  1	
574	221	765	  1	
574	258	765	  1	
575	143	765	  1	
575	155	765	  1	
575	240	765	  1	
575	247	765	  1	
575	262	765	  1	
576	 43	765	  1	
576	 78	765	  1	
576	230	765	  1	
576	235	765	  1	
576	271	765	  1	
576	328	765	  1	
576	412	765	  1	
576	448	765	  1	
576	471	765	  1	
578	453	765	  1	
579	 51	765	  1	
579	112	765	  1	
579	256	765	  1	
579	520	765	  1	
580	271	765	  1	
580	448	765	  1	
581	268	765	  1	
583	 78	765	  1	
583	228	765	  1	
583	243	765	  1	
583	263	765	  1	
583	280	765	  1	
584	 64	765	  1	
584	103	765	  1	
584	159	765	  1	
584	207	765	  1	
584	232	765	  1	
584	253	765	  1	
584	291	765	  1	
584	302	765	  1	
584	312	765	  1	
584	360	765	  1	
584	372	765	  1	
584	380	765	  1	
584	440	765	  1	
584	444	765	  1	
585	261	765	  1	
586	 93	765	  1	
587	152	765	  1	
587	200	765	  1	
587	239	765	  1	
587	246	765	  1	
587	319	765	  1	
587	384	765	  1	
589	375	765	  1	
589	383	765	  1	
590	240	765	  1	
590	251	765	  1	
591	159	765	  1	
591	207	765	  1	
591	288	765	  1	
591	295	765	  1	
591	312	765	  1	
591	536	765	  1	
592	 16	765	  1	
592	 55	765	  1	
592	 88	765	  1	
592	136	765	  1	
592	223	765	  1	
592	232	765	  1	
592	276	765	  1	
592	320	765	  1	
592	346	765	  1	
594	247	765	  1	
594	562	765	  1	
595	216	765	  1	
595	296	765	  1	
595	340	765	  1	
597	 51	765	  1	
597	235	765	  1	
597	239	765	  1	
598	208	765	  1	
598	215	765	  1	
598	320	765	  1	
599	223	765	  1	
599	248	765	  1	
599	375	765	  1	
599	549	765	  1	
600	 16	765	  1	
600	 42	765	  1	
600	 63	765	  1	
600	182	765	  1	
600	228	765	  1	
600	240	765	  1	
600	281	765	  1	
600	360	765	  1	
603	 64	765	  1	
604	168	765	  1	
605	169	765	  1	
605	182	765	  1	
605	360	765	  1	
606	282	765	  1	
607	328	765	  1	
608	 53	765	  1	
608	114	765	  1	
608	238	765	  1	
608	288	765	  1	
608	317	765	  1	
608	400	765	  1	
611	103	765	  1	
612	248	765	  1	
614	 69	765	  1	
614	239	765	  1	
615	 31	765	  1	
616	 15	765	  1	
616	 71	765	  1	
616	136	765	  1	
616	322	765	  1	
616	327	765	  1	
616	371	765	  1	
616	424	765	  1	
618	415	765	  1	
620	 54	765	  1	
621	234	765	  1	
621	495	765	  1	
622	149	765	  1	
623	 15	765	  1	
623	 48	765	  1	
623	246	765	  1	
623	368	765	  1	
623	375	765	  1	
623	414	765	  1	
624	248	765	  1	
624	272	765	  1	
629	312	765	  1	
630	  0	765	  1	
630	272	765	  1	
631	 71	765	  1	
631	439	765	  1	
632	 47	765	  1	
632	 79	765	  1	
632	107	765	  1	
633	283	765	  1	
637	366	765	  1	
639	 51	765	  1	
640	275	765	  1	
640	323	765	  1	
640	327	765	  1	
640	333	765	  1	
643	200	765	  1	
645	328	765	  1	
646	290	765	  1	
648	275	765	  1	
648	343	765	  1	
648	421	765	  1	
650	294	765	  1	
651	336	765	  1	
654	 67	765	  1	
655	184	765	  1	
655	343	765	  1	
656	102	765	  1	
656	359	765	  1	
659	368	765	  1	
663	356	765	  1	
663	376	765	  1	
664	 64	765	  1	
664	407	765	  1	
670	280	765	  1	
671	407	765	  1	
672	128	765	  1	
672	408	765	  1	
672	455	765	  1	
672	504	765	  1	
674	411	765	  1	
677	168	765	  1	
679	279	765	  1	
679	536	765	  1	
680	472	765	  1	
682	182	765	  1	
687	138	765	  1	
696	175	765	  1	
696	239	765	  1	
696	249	765	  1	
698	224	765	  1	
703	210	765	  1	
703	432	765	  1	
725	 92	765	  1	
730	128	765	  1	
732	 55	765	  1	
743	447	765	  1	
747	579	765	  1	
784	528	765	  1	
