# 
#  Image file: Goad1_T0004.jpg
#  Applied threshold: 575
#  Algorithm used: fill2                 
#  Particle count: 1953
#  Location (x,y), max luminance, and mass:
# 
  8	408	765	  1	
 11	143	765	  1	
 19	288	765	  1	
 27	599	765	  1	
 28	568	765	  1	
 31	256	765	  1	
 39	536	765	  1	
 40	 88	765	  1	
 51	 41	765	  1	
 53	159	765	  1	
 55	207	765	  1	
 56	100	765	  1	
 56	111	765	  1	
 56	144	765	  1	
 60	 96	765	  1	
 64	135	765	  1	
 69	204	765	  1	
 69	224	765	  1	
 71	 88	765	  1	
 72	204	765	  1	
 74	  8	765	  1	
 75	360	765	  1	
 78	296	765	  1	
 79	  8	765	  1	
 79	172	765	  1	
 80	396	765	  1	
 82	300	765	  1	
 82	380	765	  1	
 84	379	765	  1	
 87	402	765	  1	
 87	423	765	  1	
 88	128	765	  1	
 88	132	765	  1	
 88	239	765	  1	
 88	368	765	  1	
 93	343	765	  1	
 94	 96	765	  1	
 94	191	765	  1	
 95	264	765	  1	
 95	575	765	  1	
 96	120	765	  1	
 96	328	765	  1	
 96	335	765	  1	
 96	387	765	  1	
103	182	765	  1	
103	287	765	  1	
103	331	765	  1	
103	380	765	  1	
103	410	765	  1	
104	  7	765	  1	
104	163	765	  1	
104	267	765	  1	
104	360	765	  1	
107	255	765	  1	
108	270	765	  1	
110	159	765	  1	
111	  0	765	  1	
111	 52	765	  1	
111	280	765	  1	
111	343	765	  1	
112	215	765	  1	
112	400	765	  1	
112	408	765	  1	
114	418	765	  1	
115	107	765	  1	
115	158	765	  1	
115	205	765	  1	
115	400	765	  1	
117	270	765	  1	
119	198	765	  1	
120	119	765	  1	
120	155	765	  1	
120	214	765	  1	
120	223	765	  1	
120	242	765	  1	
120	270	765	  1	
120	276	765	  1	
120	392	765	  1	
121	164	765	  1	
122	  0	765	  1	
123	144	765	  1	
123	288	765	  1	
125	412	765	  1	
126	215	765	  1	
127	 18	765	  1	
127	166	765	  1	
128	  8	765	  1	
128	407	765	  1	
128	504	765	  1	
131	166	765	  1	
131	176	765	  1	
134	 12	765	  1	
135	 80	765	  1	
135	203	765	  1	
135	218	765	  1	
135	223	765	  1	
135	536	765	  1	
136	142	765	  1	
136	157	765	  1	
136	175	765	  1	
136	188	765	  1	
136	215	765	  1	
136	224	765	  1	
136	228	765	  1	
136	345	765	  1	
139	103	765	  1	
139	131	765	  1	
139	208	765	  1	
141	 79	765	  1	
141	511	765	  1	
142	288	765	  1	
143	  4	765	  1	
143	142	765	  1	
143	170	765	  1	
143	215	765	  1	
143	312	765	  1	
144	  5	765	  1	
144	 70	765	  1	
144	168	765	  1	
144	201	765	  1	
144	207	765	  1	
144	349	765	  1	
144	389	765	  1	
145	198	765	  1	
146	162	765	  1	
146	232	765	  1	
147	167	765	  1	
147	254	765	  1	
148	118	765	  1	
149	152	765	  1	
149	193	765	  1	
149	216	765	  1	
150	171	765	  1	
150	248	765	  1	
150	384	765	  1	
151	536	765	  1	
152	 64	765	  1	
152	 83	765	  1	
152	176	765	  1	
152	464	765	  1	
153	327	765	  1	
155	 59	765	  1	
156	 79	765	  1	
157	207	765	  1	
157	244	765	  1	
158	132	765	  1	
158	176	765	  1	
158	231	765	  1	
159	 80	765	  1	
159	 87	765	  1	
160	102	765	  1	
160	127	765	  1	
160	169	765	  1	
160	208	765	  1	
160	304	765	  1	
160	311	765	  1	
160	335	765	  1	
160	409	765	  1	
160	423	765	  1	
160	440	765	  1	
161	415	765	  1	
161	456	765	  1	
162	144	765	  1	
162	296	765	  1	
162	457	765	  1	
163	 40	765	  1	
163	368	765	  1	
163	444	765	  1	
165	200	765	  1	
165	265	765	  1	
167	 27	765	  1	
167	 64	765	  1	
167	168	765	  1	
167	307	765	  1	
168	 23	765	  1	
168	 39	765	  1	
168	104	765	  1	
168	114	765	  1	
168	224	765	  1	
168	231	765	  1	
168	242	765	  1	
168	251	765	  1	
168	352	765	  1	
168	487	765	  1	
170	501	765	  1	
171	 70	765	  1	
171	124	765	  1	
171	199	765	  1	
171	440	765	  1	
172	104	765	  1	
172	376	765	  1	
173	207	765	  1	
173	248	765	  1	
174	122	765	  1	
174	327	765	  1	
174	522	765	  1	
175	 59	765	  1	
175	 79	765	  1	
175	115	765	  1	
175	192	765	  1	
176	 72	765	  1	
176	182	765	  1	
176	221	765	  1	
176	278	765	  1	
176	291	765	  1	
176	296	765	  1	
176	359	765	  1	
176	432	765	  1	
176	446	765	  1	
176	485	765	  1	
177	310	765	  1	
178	104	765	  1	
178	300	765	  1	
178	436	765	  1	
178	576	765	  1	
179	 24	765	  1	
179	 56	765	  1	
179	 95	765	  1	
179	144	765	  1	
179	263	765	  1	
179	272	765	  1	
179	423	765	  1	
180	380	765	  1	
180	384	765	  1	
181	109	765	  1	
182	196	765	  1	
182	315	765	  1	
182	420	765	  1	
182	543	765	  1	
183	 75	765	  1	
183	103	765	  1	
183	117	765	  1	
183	256	765	  1	
183	408	765	  1	
184	 47	765	  1	
184	121	765	  1	
184	131	765	  1	
184	255	765	  1	
184	336	765	  1	
184	368	765	  1	
184	567	765	  1	
185	136	765	  1	
185	286	765	  1	
186	144	765	  1	
186	248	765	  1	
186	295	765	  1	
187	233	765	  1	
187	343	765	  1	
188	253	765	  1	
189	296	765	  1	
190	 88	765	  1	
191	 47	765	  1	
191	131	765	  1	
191	306	765	  1	
191	319	765	  1	
191	381	765	  1	
191	386	765	  1	
191	408	765	  1	
192	 99	765	  1	
192	107	765	  1	
192	155	765	  1	
192	163	765	  1	
192	177	765	  1	
192	208	765	  1	
192	233	765	  1	
192	312	765	  1	
192	324	765	  1	
192	347	765	  1	
192	363	765	  1	
192	371	765	  1	
192	399	765	  1	
192	406	765	  1	
192	419	765	  1	
194	 64	765	  1	
194	316	765	  1	
195	 80	765	  1	
195	136	765	  1	
195	295	765	  1	
197	283	765	  1	
198	149	765	  1	
198	525	765	  1	
199	 19	765	  1	
199	139	765	  1	
199	155	765	  1	
199	272	765	  1	
199	288	765	  1	
199	344	765	  1	
199	351	765	  1	
199	360	765	  1	
199	367	765	  1	
199	375	765	  1	
199	399	765	  1	
199	473	765	  1	
199	503	765	  1	
200	 66	765	  1	
200	104	765	  1	
200	117	765	  1	
200	152	765	  1	
200	157	765	  1	
200	185	765	  1	
200	227	765	  1	
200	265	765	  1	
200	271	765	  1	
200	311	765	  1	
200	471	765	  1	
202	156	765	  1	
202	261	765	  1	
202	325	765	  1	
202	415	765	  1	
203	200	765	  1	
203	248	765	  1	
203	256	765	  1	
203	304	765	  1	
203	324	765	  1	
204	186	765	  1	
205	 91	765	  1	
205	191	765	  1	
205	224	765	  1	
205	240	765	  1	
205	278	765	  1	
205	408	765	  1	
206	487	765	  1	
207	 31	765	  1	
207	 55	765	  1	
207	152	765	  1	
207	320	765	  1	
207	383	765	  1	
208	101	765	  1	
208	127	765	  1	
208	181	765	  1	
208	197	765	  1	
208	332	765	  1	
208	392	765	  1	
210	136	765	  1	
211	176	765	  1	
211	208	765	  1	
211	215	765	  1	
212	160	765	  1	
212	264	765	  1	
213	 64	765	  1	
213	 90	765	  1	
213	 96	765	  1	
213	248	765	  1	
213	315	765	  1	
213	344	765	  1	
213	397	765	  1	
214	212	765	  1	
216	  7	765	  1	
216	 48	765	  1	
216	 72	765	  1	
216	 80	765	  1	
216	112	765	  1	
216	120	765	  1	
216	154	765	  1	
216	184	765	  1	
216	208	765	  1	
216	226	765	  1	
216	231	765	  1	
216	245	765	  1	
216	385	765	  1	
216	398	765	  1	
216	418	765	  1	
218	176	765	  1	
218	183	765	  1	
218	190	765	  1	
219	  0	765	  1	
219	 55	765	  1	
219	248	765	  1	
219	384	765	  1	
221	 78	765	  1	
221	 88	765	  1	
221	152	765	  1	
221	159	765	  1	
221	215	765	  1	
222	223	765	  1	
223	  7	765	  1	
223	 48	765	  1	
223	136	765	  1	
223	245	765	  1	
223	395	765	  1	
223	423	765	  1	
223	543	765	  1	
224	  3	765	  1	
224	 11	765	  1	
224	 37	765	  1	
224	 40	765	  1	
224	 62	765	  1	
224	109	765	  1	
224	112	765	  1	
224	128	765	  1	
224	168	765	  1	
224	205	765	  1	
224	269	765	  1	
224	335	765	  1	
224	349	765	  1	
224	407	765	  1	
224	416	765	  1	
224	448	765	  1	
224	514	765	  1	
225	 32	765	  1	
225	119	765	  1	
226	 96	765	  1	
226	200	765	  1	
226	373	765	  1	
226	391	765	  1	
227	158	765	  1	
227	214	765	  1	
227	232	765	  1	
227	360	765	  1	
227	400	765	  1	
227	423	765	  1	
227	455	765	  1	
228	322	765	  1	
228	352	765	  1	
228	370	765	  1	
229	135	765	  1	
229	264	765	  1	
230	 48	765	  1	
230	 56	765	  1	
230	 88	765	  1	
230	106	765	  1	
230	112	765	  1	
230	333	765	  1	
231	  0	765	  1	
231	  7	765	  1	
231	 15	765	  1	
231	 36	765	  1	
231	 96	765	  1	
231	240	765	  1	
231	407	765	  1	
231	416	765	  1	
231	448	765	  1	
232	 16	765	  1	
232	 34	765	  1	
232	 70	765	  1	
232	123	765	  1	
232	181	765	  1	
232	190	765	  1	
232	219	765	  1	
232	271	765	  1	
232	274	765	  1	
232	287	765	  1	
232	321	765	  1	
232	368	765	  1	
232	389	765	  1	
232	424	765	  1	
232	430	765	  1	
232	466	765	  1	
232	496	765	  1	
232	584	765	  1	
232	596	765	  1	
233	480	765	  1	
234	224	765	  1	
234	231	765	  1	
235	280	765	  1	
235	352	765	  1	
235	375	765	  1	
235	384	765	  1	
236	112	765	  1	
236	414	765	  1	
237	 66	765	  1	
238	324	765	  1	
238	365	765	  1	
238	591	765	  1	
239	 11	765	  1	
239	104	765	  1	
239	119	765	  1	
239	187	765	  1	
239	264	765	  1	
239	271	765	  1	
239	287	765	  1	
239	359	765	  1	
239	416	765	  1	
239	471	765	  1	
240	 35	765	  1	
240	 80	765	  1	
240	216	765	  1	
240	222	765	  1	
240	242	765	  1	
240	250	765	  1	
240	261	765	  1	
240	386	765	  1	
240	447	765	  1	
241	183	765	  1	
242	  7	765	  1	
243	  0	765	  1	
243	120	765	  1	
243	272	765	  1	
243	440	765	  1	
244	 32	765	  1	
244	 39	765	  1	
244	 70	765	  1	
244	400	765	  1	
245	  5	765	  1	
245	196	765	  1	
245	219	765	  1	
245	256	765	  1	
245	431	765	  1	
246	149	765	  1	
247	 64	765	  1	
247	382	765	  1	
247	456	765	  1	
248	 52	765	  1	
248	 67	765	  1	
248	129	765	  1	
248	176	765	  1	
248	200	765	  1	
248	207	765	  1	
248	328	765	  1	
248	463	765	  1	
248	483	765	  1	
250	270	765	  1	
250	556	765	  1	
251	181	765	  1	
252	174	765	  1	
252	192	765	  1	
253	 55	765	  1	
253	107	765	  1	
253	176	765	  1	
253	239	765	  1	
253	336	765	  1	
253	454	765	  1	
253	559	765	  1	
254	264	765	  1	
255	 34	765	  1	
255	440	765	  1	
255	523	765	  1	
255	546	765	  1	
256	 46	765	  1	
256	 56	765	  1	
256	 62	765	  1	
256	173	765	  1	
256	177	765	  1	
256	214	765	  1	
256	268	765	  1	
256	298	765	  1	
256	305	765	  1	
256	324	765	  1	
256	383	765	  1	
256	400	765	  1	
256	409	765	  1	
257	255	765	  1	
259	403	765	  1	
259	415	765	  1	
259	502	765	  1	
259	520	765	  1	
261	 43	765	  1	
261	 59	765	  1	
261	102	765	  1	
261	111	765	  1	
261	118	765	  1	
261	379	765	  1	
262	 72	765	  1	
262	187	765	  1	
262	248	765	  1	
262	400	765	  1	
263	208	765	  1	
263	297	765	  1	
263	304	765	  1	
263	410	765	  1	
263	559	765	  1	
264	  0	765	  1	
264	  6	765	  1	
264	 31	765	  1	
264	 53	765	  1	
264	 90	765	  1	
264	126	765	  1	
264	277	765	  1	
264	303	765	  1	
264	312	765	  1	
264	320	765	  1	
264	359	765	  1	
264	388	765	  1	
264	518	765	  1	
265	143	765	  1	
266	176	765	  1	
266	272	765	  1	
266	512	765	  1	
267	 24	765	  1	
267	 83	765	  1	
267	184	765	  1	
267	404	765	  1	
268	208	765	  1	
268	212	765	  1	
268	344	765	  1	
269	518	765	  1	
270	251	765	  1	
270	278	765	  1	
270	303	765	  1	
270	324	765	  1	
270	413	765	  1	
271	 31	765	  1	
271	 88	765	  1	
271	 95	765	  1	
271	176	765	  1	
271	312	765	  1	
271	512	765	  1	
272	 10	765	  1	
272	 16	765	  1	
272	 46	765	  1	
272	 59	765	  1	
272	 79	765	  1	
272	148	765	  1	
272	199	765	  1	
272	232	765	  1	
272	238	765	  1	
272	256	765	  1	
272	336	765	  1	
272	351	765	  1	
272	360	765	  1	
272	373	765	  1	
272	443	765	  1	
272	470	765	  1	
272	491	765	  1	
273	 87	765	  1	
273	120	765	  1	
273	127	765	  1	
274	269	765	  1	
274	400	765	  1	
275	224	765	  1	
275	539	765	  1	
277	235	765	  1	
277	464	765	  1	
278	 32	765	  1	
278	 72	765	  1	
278	146	765	  1	
278	151	765	  1	
278	184	765	  1	
278	355	765	  1	
278	440	765	  1	
278	447	765	  1	
278	549	765	  1	
279	 46	765	  1	
279	133	765	  1	
279	488	765	  1	
279	495	765	  1	
279	544	765	  1	
280	  8	765	  1	
280	 85	765	  1	
280	152	765	  1	
280	160	765	  1	
280	166	765	  1	
280	171	765	  1	
280	229	765	  1	
280	256	765	  1	
280	374	765	  1	
280	396	765	  1	
280	414	765	  1	
281	 77	765	  1	
281	392	765	  1	
282	 14	765	  1	
282	224	765	  1	
282	422	765	  1	
283	  0	765	  1	
284	400	765	  1	
285	 94	765	  1	
285	136	765	  1	
285	174	765	  1	
285	232	765	  1	
285	239	765	  1	
285	431	765	  1	
285	539	765	  1	
286	  8	765	  1	
287	 73	765	  1	
287	184	765	  1	
288	 24	765	  1	
288	 48	765	  1	
288	 62	765	  1	
288	 69	765	  1	
288	 76	765	  1	
288	147	765	  1	
288	197	765	  1	
288	256	765	  1	
288	290	765	  1	
288	357	765	  1	
288	374	765	  1	
288	385	765	  1	
288	432	765	  1	
288	443	765	  1	
288	498	765	  1	
289	234	765	  1	
289	239	765	  1	
290	 30	765	  1	
290	 84	765	  1	
290	206	765	  1	
290	429	765	  1	
290	511	765	  1	
291	428	765	  1	
292	155	765	  1	
292	174	765	  1	
292	422	765	  1	
292	496	765	  1	
293	 67	765	  1	
293	167	765	  1	
293	391	765	  1	
293	404	765	  1	
294	 24	765	  1	
294	 80	765	  1	
294	128	765	  1	
294	416	765	  1	
294	519	765	  1	
295	160	765	  1	
295	176	765	  1	
296	  0	765	  1	
296	 48	765	  1	
296	216	765	  1	
296	251	765	  1	
296	308	765	  1	
296	411	765	  1	
296	426	765	  1	
296	458	765	  1	
296	472	765	  1	
298	 67	765	  1	
298	136	765	  1	
298	599	765	  1	
299	184	765	  1	
299	200	765	  1	
299	246	765	  1	
299	336	765	  1	
300	366	765	  1	
301	344	765	  1	
301	403	765	  1	
302	136	765	  1	
302	355	765	  1	
302	360	765	  1	
303	 48	765	  1	
303	183	765	  1	
303	350	765	  1	
303	408	765	  1	
303	415	765	  1	
303	511	765	  1	
304	 54	765	  1	
304	 72	765	  1	
304	 82	765	  1	
304	144	765	  1	
304	150	765	  1	
304	195	765	  1	
304	229	765	  1	
304	285	765	  1	
304	320	765	  1	
304	367	765	  1	
304	545	765	  1	
304	571	765	  1	
307	128	765	  1	
307	184	765	  1	
307	248	765	  1	
307	408	765	  1	
308	320	765	  1	
308	461	765	  1	
309	  0	765	  1	
309	  8	765	  1	
309	 75	765	  1	
309	 87	765	  1	
309	126	765	  1	
309	147	765	  1	
309	456	765	  1	
310	207	765	  1	
311	 96	765	  1	
311	327	765	  1	
311	363	765	  1	
311	415	765	  1	
311	596	765	  1	
312	  4	765	  1	
312	 24	765	  1	
312	 88	765	  1	
312	 92	765	  1	
312	135	765	  1	
312	165	765	  1	
312	192	765	  1	
312	204	765	  1	
312	221	765	  1	
312	232	765	  1	
312	237	765	  1	
312	254	765	  1	
312	309	765	  1	
312	328	765	  1	
312	376	765	  1	
312	380	765	  1	
312	496	765	  1	
312	548	765	  1	
313	472	765	  1	
314	  0	765	  1	
314	438	765	  1	
315	144	765	  1	
315	236	765	  1	
315	295	765	  1	
315	304	765	  1	
315	335	765	  1	
315	373	765	  1	
315	494	765	  1	
316	543	765	  1	
317	 14	765	  1	
317	160	765	  1	
317	216	765	  1	
317	245	765	  1	
317	251	765	  1	
317	262	765	  1	
317	451	765	  1	
318	350	765	  1	
318	552	765	  1	
319	 95	765	  1	
319	312	765	  1	
319	328	765	  1	
320	  0	765	  1	
320	107	765	  1	
320	142	765	  1	
320	157	765	  1	
320	173	765	  1	
320	208	765	  1	
320	319	765	  1	
320	416	765	  1	
320	455	765	  1	
320	512	765	  1	
320	567	765	  1	
321	 95	765	  1	
321	180	765	  1	
322	136	765	  1	
322	263	765	  1	
322	373	765	  1	
323	  8	765	  1	
323	 64	765	  1	
323	219	765	  1	
323	311	765	  1	
323	344	765	  1	
325	 80	765	  1	
325	120	765	  1	
326	 95	765	  1	
326	312	765	  1	
326	384	765	  1	
327	 88	765	  1	
327	304	765	  1	
327	351	765	  1	
327	368	765	  1	
327	439	765	  1	
328	 10	765	  1	
328	 15	765	  1	
328	 26	765	  1	
328	 74	765	  1	
328	112	765	  1	
328	128	765	  1	
328	143	765	  1	
328	162	765	  1	
328	168	765	  1	
328	181	765	  1	
328	192	765	  1	
328	202	765	  1	
328	227	765	  1	
328	240	765	  1	
328	263	765	  1	
328	272	765	  1	
328	286	765	  1	
328	331	765	  1	
328	399	765	  1	
328	434	765	  1	
329	375	765	  1	
330	106	765	  1	
330	152	765	  1	
330	232	765	  1	
330	486	765	  1	
330	522	765	  1	
331	 35	765	  1	
331	120	765	  1	
331	170	765	  1	
331	319	765	  1	
332	416	765	  1	
332	431	765	  1	
333	 94	765	  1	
333	256	765	  1	
333	439	765	  1	
334	158	765	  1	
334	315	765	  1	
335	 72	765	  1	
335	 79	765	  1	
335	180	765	  1	
335	207	765	  1	
335	328	765	  1	
335	335	765	  1	
335	368	765	  1	
335	394	765	  1	
335	472	765	  1	
335	500	765	  1	
336	 48	765	  1	
336	104	765	  1	
336	119	765	  1	
336	133	765	  1	
336	151	765	  1	
336	208	765	  1	
336	248	765	  1	
336	331	765	  1	
336	372	765	  1	
336	400	765	  1	
338	 24	765	  1	
338	146	765	  1	
338	215	765	  1	
338	245	765	  1	
338	340	765	  1	
338	368	765	  1	
339	264	765	  1	
340	107	765	  1	
340	119	765	  1	
340	391	765	  1	
341	128	765	  1	
341	199	765	  1	
341	480	765	  1	
342	189	765	  1	
342	233	765	  1	
342	373	765	  1	
343	 27	765	  1	
343	136	765	  1	
343	320	765	  1	
344	 10	765	  1	
344	 60	765	  1	
344	 77	765	  1	
344	 96	765	  1	
344	100	765	  1	
344	193	765	  1	
344	230	765	  1	
344	286	765	  1	
344	312	765	  1	
344	319	765	  1	
344	364	765	  1	
344	408	765	  1	
344	423	765	  1	
344	472	765	  1	
344	482	765	  1	
344	495	765	  1	
345	282	765	  1	
346	 19	765	  1	
346	151	765	  1	
347	 56	765	  1	
347	236	765	  1	
348	 31	765	  1	
349	 72	765	  1	
349	159	765	  1	
349	194	765	  1	
349	270	765	  1	
350	 39	765	  1	
350	 60	765	  1	
351	 27	765	  1	
351	104	765	  1	
351	150	765	  1	
351	375	765	  1	
351	392	765	  1	
352	  0	765	  1	
352	  4	765	  1	
352	 14	765	  1	
352	 24	765	  1	
352	128	765	  1	
352	146	765	  1	
352	176	765	  1	
352	218	765	  1	
352	259	765	  1	
352	448	765	  1	
352	556	765	  1	
353	 53	765	  1	
354	327	765	  1	
354	455	765	  1	
355	 16	765	  1	
357	 30	765	  1	
357	 56	765	  1	
357	 63	765	  1	
357	144	765	  1	
357	151	765	  1	
357	199	765	  1	
357	251	765	  1	
357	299	765	  1	
357	343	765	  1	
357	368	765	  1	
357	373	765	  1	
357	544	765	  1	
358	128	765	  1	
358	185	765	  1	
358	211	765	  1	
358	223	765	  1	
359	399	765	  1	
360	 68	765	  1	
360	 80	765	  1	
360	122	765	  1	
360	127	765	  1	
360	158	765	  1	
360	182	765	  1	
360	207	765	  1	
360	232	765	  1	
360	257	765	  1	
360	280	765	  1	
360	328	765	  1	
360	335	765	  1	
360	597	765	  1	
361	176	765	  1	
362	140	765	  1	
362	414	765	  1	
362	522	765	  1	
363	 40	765	  1	
363	208	765	  1	
363	278	765	  1	
364	192	765	  1	
364	530	765	  1	
365	 48	765	  1	
365	103	765	  1	
365	286	765	  1	
365	440	765	  1	
366	 70	765	  1	
366	 80	765	  1	
366	137	765	  1	
366	184	765	  1	
366	538	765	  1	
367	203	765	  1	
367	331	765	  1	
367	375	765	  1	
368	 11	765	  1	
368	 37	765	  1	
368	 88	765	  1	
368	109	765	  1	
368	129	765	  1	
368	171	765	  1	
368	189	765	  1	
368	231	765	  1	
368	235	765	  1	
368	397	765	  1	
368	414	765	  1	
368	424	765	  1	
368	451	765	  1	
368	467	765	  1	
369	122	765	  1	
369	286	765	  1	
370	 94	765	  1	
370	127	765	  1	
370	210	765	  1	
371	327	765	  1	
372	 84	765	  1	
372	 89	765	  1	
372	172	765	  1	
372	436	765	  1	
373	 40	765	  1	
373	 96	765	  1	
373	148	765	  1	
373	259	765	  1	
373	352	765	  1	
374	  8	765	  1	
374	 15	765	  1	
374	 83	765	  1	
374	132	765	  1	
375	189	765	  1	
375	448	765	  1	
375	455	765	  1	
375	464	765	  1	
375	471	765	  1	
376	 27	765	  1	
376	 48	765	  1	
376	 55	765	  1	
376	 92	765	  1	
376	124	765	  1	
376	157	765	  1	
376	178	765	  1	
376	288	765	  1	
376	294	765	  1	
376	354	765	  1	
376	401	765	  1	
376	427	765	  1	
376	487	765	  1	
376	511	765	  1	
378	 64	765	  1	
378	 71	765	  1	
378	271	765	  1	
379	136	765	  1	
379	191	765	  1	
379	372	765	  1	
380	 86	765	  1	
380	431	765	  1	
381	256	765	  1	
381	291	765	  1	
381	367	765	  1	
382	 23	765	  1	
382	 77	765	  1	
382	179	765	  1	
382	266	765	  1	
383	 31	765	  1	
383	 95	765	  1	
383	125	765	  1	
383	239	765	  1	
383	262	765	  1	
383	487	765	  1	
383	599	765	  1	
384	 38	765	  1	
384	 46	765	  1	
384	 80	765	  1	
384	 89	765	  1	
384	131	765	  1	
384	144	765	  1	
384	151	765	  1	
384	174	765	  1	
384	192	765	  1	
384	206	765	  1	
384	283	765	  1	
384	358	765	  1	
384	364	765	  1	
384	376	765	  1	
384	455	765	  1	
384	488	765	  1	
384	504	765	  1	
384	511	765	  1	
385	 32	765	  1	
386	168	765	  1	
386	208	765	  1	
387	 16	765	  1	
387	 38	765	  1	
387	112	765	  1	
388	  3	765	  1	
388	192	765	  1	
389	 67	765	  1	
389	163	765	  1	
389	173	765	  1	
390	352	765	  1	
390	464	765	  1	
390	471	765	  1	
391	 32	765	  1	
391	134	765	  1	
391	154	765	  1	
391	168	765	  1	
391	285	765	  1	
391	372	765	  1	
391	381	765	  1	
391	399	765	  1	
391	448	765	  1	
391	503	765	  1	
391	507	765	  1	
392	 33	765	  1	
392	 47	765	  1	
392	 77	765	  1	
392	 83	765	  1	
392	 95	765	  1	
392	108	765	  1	
392	117	765	  1	
392	167	765	  1	
392	176	765	  1	
392	183	765	  1	
392	227	765	  1	
392	237	765	  1	
392	242	765	  1	
392	559	765	  1	
393	206	765	  1	
393	256	765	  1	
394	190	765	  1	
394	356	765	  1	
394	501	765	  1	
395	 19	765	  1	
395	160	765	  1	
395	275	765	  1	
395	304	765	  1	
396	 32	765	  1	
396	408	765	  1	
397	 46	765	  1	
397	224	765	  1	
397	520	765	  1	
398	 72	765	  1	
398	548	765	  1	
399	 17	765	  1	
399	167	765	  1	
399	354	765	  1	
399	462	765	  1	
399	500	765	  1	
400	  0	765	  1	
400	  5	765	  1	
400	 28	765	  1	
400	 48	765	  1	
400	 59	765	  1	
400	 73	765	  1	
400	 92	765	  1	
400	105	765	  1	
400	152	765	  1	
400	255	765	  1	
400	310	765	  1	
400	360	765	  1	
400	392	765	  1	
400	405	765	  1	
400	416	765	  1	
400	432	765	  1	
401	115	765	  1	
401	167	765	  1	
402	 24	765	  1	
403	 64	765	  1	
403	 80	765	  1	
403	160	765	  1	
403	381	765	  1	
403	400	765	  1	
403	420	765	  1	
404	179	765	  1	
405	 31	765	  1	
405	112	765	  1	
405	223	765	  1	
405	375	765	  1	
405	395	765	  1	
406	 40	765	  1	
406	 47	765	  1	
406	311	765	  1	
407	 80	765	  1	
407	188	765	  1	
407	248	765	  1	
407	352	765	  1	
407	436	765	  1	
408	 13	765	  1	
408	 48	765	  1	
408	 61	765	  1	
408	 64	765	  1	
408	 76	765	  1	
408	109	765	  1	
408	125	765	  1	
408	175	765	  1	
408	191	765	  1	
408	215	765	  1	
408	264	765	  1	
408	270	765	  1	
408	312	765	  1	
409	 23	765	  1	
409	 36	765	  1	
410	428	765	  1	
411	184	765	  1	
411	208	765	  1	
412	  3	765	  1	
412	 30	765	  1	
412	 93	765	  1	
412	166	765	  1	
412	366	765	  1	
413	158	765	  1	
413	267	765	  1	
414	 56	765	  1	
414	312	765	  1	
414	360	765	  1	
414	410	765	  1	
415	191	765	  1	
415	215	765	  1	
415	459	765	  1	
416	 39	765	  1	
416	 72	765	  1	
416	 82	765	  1	
416	 99	765	  1	
416	141	765	  1	
416	152	765	  1	
416	183	765	  1	
416	193	765	  1	
416	203	765	  1	
416	232	765	  1	
416	243	765	  1	
416	263	765	  1	
416	328	765	  1	
416	368	765	  1	
416	538	765	  1	
417	 15	765	  1	
417	299	765	  1	
418	  0	765	  1	
418	287	765	  1	
418	407	765	  1	
419	174	765	  1	
419	255	765	  1	
419	294	765	  1	
419	392	765	  1	
419	400	765	  1	
419	536	765	  1	
421	 92	765	  1	
421	155	765	  1	
422	 15	765	  1	
422	 44	765	  1	
422	102	765	  1	
422	424	765	  1	
423	319	765	  1	
423	416	765	  1	
423	439	765	  1	
424	104	765	  1	
424	111	765	  1	
424	186	765	  1	
424	191	765	  1	
424	196	765	  1	
424	206	765	  1	
424	216	765	  1	
424	232	765	  1	
424	274	765	  1	
424	280	765	  1	
424	448	765	  1	
425	  0	765	  1	
426	 64	765	  1	
426	254	765	  1	
426	355	765	  1	
428	 80	765	  1	
428	207	765	  1	
428	279	765	  1	
428	471	765	  1	
429	104	765	  1	
430	  0	765	  1	
430	196	765	  1	
430	247	765	  1	
430	272	765	  1	
431	152	765	  1	
431	235	765	  1	
431	330	765	  1	
431	438	765	  1	
432	 56	765	  1	
432	 93	765	  1	
432	102	765	  1	
432	109	765	  1	
432	112	765	  1	
432	127	765	  1	
432	141	765	  1	
432	208	765	  1	
432	279	765	  1	
432	408	765	  1	
432	416	765	  1	
432	440	765	  1	
432	487	765	  1	
434	 97	765	  1	
434	164	765	  1	
435	200	765	  1	
436	120	765	  1	
436	175	765	  1	
436	408	765	  1	
437	  8	765	  1	
437	 27	765	  1	
437	 64	765	  1	
437	 88	765	  1	
437	184	765	  1	
438	 60	765	  1	
438	117	765	  1	
438	142	765	  1	
439	  3	765	  1	
439	250	765	  1	
439	275	765	  1	
439	355	765	  1	
440	 96	765	  1	
440	 98	765	  1	
440	115	765	  1	
440	119	765	  1	
440	144	765	  1	
440	150	765	  1	
440	155	765	  1	
440	167	765	  1	
440	182	765	  1	
440	260	765	  1	
440	375	765	  1	
440	381	765	  1	
440	384	765	  1	
440	520	765	  1	
440	546	765	  1	
441	178	765	  1	
442	126	765	  1	
443	 80	765	  1	
443	 87	765	  1	
443	160	765	  1	
444	 96	765	  1	
444	111	765	  1	
444	200	765	  1	
444	423	765	  1	
445	  0	765	  1	
445	  7	765	  1	
445	388	765	  1	
445	569	765	  1	
446	100	765	  1	
446	157	765	  1	
446	183	765	  1	
446	472	765	  1	
447	104	765	  1	
447	144	765	  1	
447	167	765	  1	
447	259	765	  1	
447	375	765	  1	
447	480	765	  1	
448	 40	765	  1	
448	 64	765	  1	
448	 75	765	  1	
448	 88	765	  1	
448	 95	765	  1	
448	125	765	  1	
448	179	765	  1	
448	256	765	  1	
449	155	765	  1	
450	120	765	  1	
451	248	765	  1	
451	263	765	  1	
451	303	765	  1	
451	384	765	  1	
452	144	765	  1	
453	 39	765	  1	
453	 59	765	  1	
453	 80	765	  1	
453	 96	765	  1	
453	132	765	  1	
453	179	765	  1	
453	271	765	  1	
454	 68	765	  1	
454	111	765	  1	
455	256	765	  1	
456	  7	765	  1	
456	 53	765	  1	
456	 92	765	  1	
456	183	765	  1	
456	215	765	  1	
456	220	765	  1	
456	234	765	  1	
456	238	765	  1	
456	395	765	  1	
457	122	765	  1	
458	  0	765	  1	
458	200	765	  1	
458	266	765	  1	
459	152	765	  1	
459	240	765	  1	
460	178	765	  1	
462	120	765	  1	
463	 53	765	  1	
463	200	765	  1	
463	234	765	  1	
463	392	765	  1	
463	399	765	  1	
464	 96	765	  1	
464	102	765	  1	
464	159	765	  1	
464	219	765	  1	
464	232	765	  1	
464	269	765	  1	
464	289	765	  1	
464	301	765	  1	
464	305	765	  1	
464	415	765	  1	
464	519	765	  1	
466	  8	765	  1	
466	 15	765	  1	
466	 74	765	  1	
466	245	765	  1	
467	199	765	  1	
467	296	765	  1	
467	455	765	  1	
468	 38	765	  1	
468	191	765	  1	
468	423	765	  1	
469	 48	765	  1	
469	264	765	  1	
469	315	765	  1	
469	352	765	  1	
470	 88	765	  1	
470	201	765	  1	
470	205	765	  1	
470	301	765	  1	
470	307	765	  1	
471	104	765	  1	
471	111	765	  1	
471	160	765	  1	
471	232	765	  1	
472	 56	765	  1	
472	117	765	  1	
472	125	765	  1	
472	167	765	  1	
472	181	765	  1	
472	208	765	  1	
472	321	765	  1	
474	112	765	  1	
474	180	765	  1	
474	214	765	  1	
474	359	765	  1	
476	 78	765	  1	
476	288	765	  1	
476	320	765	  1	
477	279	765	  1	
478	118	765	  1	
478	355	765	  1	
479	176	765	  1	
479	184	765	  1	
479	214	765	  1	
479	327	765	  1	
480	 16	765	  1	
480	 32	765	  1	
480	 39	765	  1	
480	 43	765	  1	
480	128	765	  1	
480	168	765	  1	
480	203	765	  1	
480	264	765	  1	
480	328	765	  1	
480	335	765	  1	
482	256	765	  1	
483	  8	765	  1	
483	 23	765	  1	
483	 48	765	  1	
483	103	765	  1	
483	112	765	  1	
483	271	765	  1	
484	158	765	  1	
485	136	765	  1	
485	400	765	  1	
487	  0	765	  1	
487	 16	765	  1	
487	 32	765	  1	
487	 39	765	  1	
487	 47	765	  1	
487	200	765	  1	
487	207	765	  1	
487	258	765	  1	
487	264	765	  1	
487	444	765	  1	
488	 10	765	  1	
488	 23	765	  1	
488	100	765	  1	
488	104	765	  1	
488	240	765	  1	
488	275	765	  1	
488	282	765	  1	
488	319	765	  1	
488	331	765	  1	
488	392	765	  1	
489	207	765	  1	
490	120	765	  1	
491	 64	765	  1	
491	183	765	  1	
491	312	765	  1	
492	110	765	  1	
493	  8	765	  1	
493	244	765	  1	
494	163	765	  1	
494	328	765	  1	
494	335	765	  1	
495	 23	765	  1	
495	200	765	  1	
495	205	765	  1	
495	256	765	  1	
495	275	765	  1	
495	319	765	  1	
496	  0	765	  1	
496	124	765	  1	
496	139	765	  1	
496	167	765	  1	
496	232	765	  1	
496	278	765	  1	
496	286	765	  1	
496	344	765	  1	
497	168	765	  1	
497	280	765	  1	
498	120	765	  1	
498	341	765	  1	
498	351	765	  1	
499	160	765	  1	
499	304	765	  1	
499	328	765	  1	
499	367	765	  1	
500	272	765	  1	
501	 64	765	  1	
501	144	765	  1	
502	  0	765	  1	
503	130	765	  1	
503	135	765	  1	
503	285	765	  1	
503	316	765	  1	
503	336	765	  1	
503	358	765	  1	
504	 56	765	  1	
504	226	765	  1	
504	238	765	  1	
504	245	765	  1	
504	267	765	  1	
504	272	765	  1	
504	296	765	  1	
504	307	765	  1	
504	325	765	  1	
506	367	765	  1	
507	 47	765	  1	
507	279	765	  1	
508	 24	765	  1	
508	148	765	  1	
508	168	765	  1	
508	309	765	  1	
509	103	765	  1	
509	159	765	  1	
509	162	765	  1	
510	320	765	  1	
511	  8	765	  1	
511	 13	765	  1	
511	 56	765	  1	
511	216	765	  1	
511	264	765	  1	
511	271	765	  1	
511	304	765	  1	
512	 16	765	  1	
512	 23	765	  1	
512	 40	765	  1	
512	 54	765	  1	
512	 61	765	  1	
512	 67	765	  1	
512	 72	765	  1	
512	138	765	  1	
512	158	765	  1	
512	192	765	  1	
512	199	765	  1	
512	212	765	  1	
512	302	765	  1	
512	350	765	  1	
513	298	765	  1	
514	134	765	  1	
514	150	765	  1	
514	316	765	  1	
516	158	765	  1	
516	362	765	  1	
517	 14	765	  1	
517	 96	765	  1	
518	106	765	  1	
518	128	765	  1	
519	 19	765	  1	
519	 40	765	  1	
519	 51	765	  1	
519	 88	765	  1	
519	 99	765	  1	
519	195	765	  1	
520	  0	765	  1	
520	  6	765	  1	
520	 32	765	  1	
520	123	765	  1	
520	166	765	  1	
520	184	765	  1	
520	191	765	  1	
520	208	765	  1	
520	239	765	  1	
520	248	765	  1	
520	300	765	  1	
520	305	765	  1	
520	336	765	  1	
520	340	765	  1	
522	  4	765	  1	
522	 45	765	  1	
523	  8	765	  1	
523	 72	765	  1	
523	160	765	  1	
523	255	765	  1	
524	 56	765	  1	
524	 73	765	  1	
524	108	765	  1	
524	334	765	  1	
525	231	765	  1	
525	309	765	  1	
526	 40	765	  1	
526	 63	765	  1	
526	120	765	  1	
526	144	765	  1	
526	151	765	  1	
526	214	765	  1	
527	 35	765	  1	
527	 79	765	  1	
527	248	765	  1	
528	 16	765	  1	
528	 38	765	  1	
528	 42	765	  1	
528	 50	765	  1	
528	 90	765	  1	
528	102	765	  1	
528	138	765	  1	
528	176	765	  1	
528	192	765	  1	
528	267	765	  1	
528	366	765	  1	
530	278	765	  1	
531	 70	765	  1	
531	120	765	  1	
531	219	765	  1	
531	239	765	  1	
532	111	765	  1	
533	168	765	  1	
534	  7	765	  1	
534	 51	765	  1	
535	143	765	  1	
536	 31	765	  1	
536	 40	765	  1	
536	 47	765	  1	
536	186	765	  1	
536	232	765	  1	
536	239	765	  1	
536	248	765	  1	
536	283	765	  1	
537	 56	765	  1	
537	 80	765	  1	
537	 85	765	  1	
538	 26	765	  1	
538	 71	765	  1	
539	 14	765	  1	
539	 96	765	  1	
539	118	765	  1	
539	147	765	  1	
539	191	765	  1	
540	100	765	  1	
541	168	765	  1	
541	175	765	  1	
541	232	765	  1	
541	239	765	  1	
542	112	765	  1	
542	419	765	  1	
543	 43	765	  1	
543	248	765	  1	
543	252	765	  1	
543	354	765	  1	
543	363	765	  1	
544	  0	765	  1	
544	 56	765	  1	
544	 64	765	  1	
544	 80	765	  1	
544	104	765	  1	
544	124	765	  1	
544	134	765	  1	
544	160	765	  1	
544	170	765	  1	
544	208	765	  1	
544	245	765	  1	
544	274	765	  1	
544	286	765	  1	
544	295	765	  1	
544	352	765	  1	
545	311	765	  1	
546	  5	765	  1	
547	 87	765	  1	
547	152	765	  1	
547	240	765	  1	
548	134	765	  1	
548	332	765	  1	
549	 16	765	  1	
549	122	765	  1	
549	216	765	  1	
549	256	765	  1	
550	 96	765	  1	
550	158	765	  1	
550	163	765	  1	
550	352	765	  1	
550	361	765	  1	
551	  0	765	  1	
551	 61	765	  1	
551	 80	765	  1	
551	291	765	  1	
552	 56	765	  1	
552	 99	765	  1	
552	173	765	  1	
552	344	765	  1	
552	349	765	  1	
552	454	765	  1	
554	168	765	  1	
555	  3	765	  1	
556	173	765	  1	
556	236	765	  1	
556	243	765	  1	
558	119	765	  1	
559	168	765	  1	
559	256	765	  1	
560	  7	765	  1	
560	 39	765	  1	
560	 90	765	  1	
560	 95	765	  1	
560	159	765	  1	
560	202	765	  1	
560	208	765	  1	
560	262	765	  1	
560	272	765	  1	
560	320	765	  1	
560	394	765	  1	
561	283	765	  1	
562	 56	765	  1	
562	224	765	  1	
563	  0	765	  1	
563	 32	765	  1	
563	107	765	  1	
563	112	765	  1	
563	119	765	  1	
563	152	765	  1	
563	205	765	  1	
563	408	765	  1	
566	 63	765	  1	
566	102	765	  1	
566	503	765	  1	
567	  7	765	  1	
567	 39	765	  1	
567	159	765	  1	
568	  0	765	  1	
568	 16	765	  1	
568	 75	765	  1	
568	 84	765	  1	
568	160	765	  1	
568	168	765	  1	
568	223	765	  1	
568	264	765	  1	
568	384	765	  1	
568	599	765	  1	
570	  8	765	  1	
570	112	765	  1	
570	144	765	  1	
571	 23	765	  1	
571	246	765	  1	
573	280	765	  1	
575	  3	765	  1	
575	 31	765	  1	
575	219	765	  1	
575	264	765	  1	
575	344	765	  1	
575	599	765	  1	
576	154	765	  1	
576	159	765	  1	
576	192	765	  1	
576	216	765	  1	
576	240	765	  1	
576	289	765	  1	
576	293	765	  1	
578	246	765	  1	
578	270	765	  1	
578	360	765	  1	
579	166	765	  1	
581	 96	765	  1	
582	 64	765	  1	
582	221	765	  1	
582	264	765	  1	
583	192	765	  1	
583	216	765	  1	
583	279	765	  1	
584	 84	765	  1	
584	170	765	  1	
584	175	765	  1	
584	259	765	  1	
584	269	765	  1	
584	325	765	  1	
585	 80	765	  1	
585	 93	765	  1	
586	  4	765	  1	
586	 40	765	  1	
587	109	765	  1	
588	312	765	  1	
588	325	765	  1	
589	150	765	  1	
589	208	765	  1	
590	192	765	  1	
591	320	765	  1	
591	520	765	  1	
592	 19	765	  1	
592	108	765	  1	
592	182	765	  1	
592	224	765	  1	
592	276	765	  1	
592	290	765	  1	
595	 80	765	  1	
595	 88	765	  1	
596	152	765	  1	
597	 51	765	  1	
597	229	765	  1	
598	100	765	  1	
598	159	765	  1	
598	272	765	  1	
599	 95	765	  1	
599	192	765	  1	
599	360	765	  1	
599	367	765	  1	
600	216	765	  1	
600	237	765	  1	
600	277	765	  1	
600	416	765	  1	
603	 64	765	  1	
603	128	765	  1	
603	232	765	  1	
604	304	765	  1	
605	256	765	  1	
606	272	765	  1	
608	 52	765	  1	
608	158	765	  1	
608	312	765	  1	
608	496	765	  1	
610	319	765	  1	
611	154	765	  1	
611	405	765	  1	
613	285	765	  1	
614	 68	765	  1	
614	278	765	  1	
614	289	765	  1	
615	432	765	  1	
616	  3	765	  1	
616	 48	765	  1	
616	 53	765	  1	
616	187	765	  1	
616	237	765	  1	
616	248	765	  1	
616	262	765	  1	
617	296	765	  1	
619	259	765	  1	
622	 10	765	  1	
622	214	765	  1	
622	232	765	  1	
622	272	765	  1	
622	276	765	  1	
623	  0	765	  1	
623	  7	765	  1	
623	352	765	  1	
623	499	765	  1	
624	145	765	  1	
624	200	765	  1	
626	175	765	  1	
631	 38	765	  1	
631	247	765	  1	
632	202	765	  1	
632	231	765	  1	
632	263	765	  1	
632	288	765	  1	
633	293	765	  1	
633	296	765	  1	
635	 19	765	  1	
639	 92	765	  1	
639	263	765	  1	
639	334	765	  1	
640	127	765	  1	
640	160	765	  1	
640	280	765	  1	
640	347	765	  1	
640	384	765	  1	
640	423	765	  1	
643	  8	765	  1	
647	167	765	  1	
647	344	765	  1	
647	351	765	  1	
648	 40	765	  1	
648	191	765	  1	
648	320	765	  1	
650	124	765	  1	
650	308	765	  1	
651	111	765	  1	
653	120	765	  1	
653	319	765	  1	
655	184	765	  1	
655	327	765	  1	
656	 53	765	  1	
656	 80	765	  1	
656	 86	765	  1	
656	290	765	  1	
659	 85	765	  1	
660	 63	765	  1	
660	139	765	  1	
661	127	765	  1	
663	 76	765	  1	
663	131	765	  1	
664	174	765	  1	
664	447	765	  1	
669	143	765	  1	
671	394	765	  1	
672	460	765	  1	
674	415	765	  1	
680	130	765	  1	
687	367	765	  1	
688	176	765	  1	
688	187	765	  1	
688	440	765	  1	
695	520	765	  1	
696	191	765	  1	
696	373	765	  1	
696	416	765	  1	
703	203	765	  1	
707	191	765	  1	
715	439	765	  1	
717	175	765	  1	
732	248	765	  1	
743	272	765	  1	
746	252	765	  1	
