# 
#  Image file: Goad1_T0089.jpg
#  Applied threshold: 575
#  Algorithm used: fill2                 
#  Particle count: 2039
#  Location (x,y), max luminance, and mass:
# 
  0	141	765	  1	
  4	176	765	  1	
  4	191	765	  1	
  7	184	765	  1	
  8	191	765	  1	
  8	503	765	  1	
 10	511	765	  1	
 11	143	765	  1	
 13	375	765	  1	
 15	255	765	  1	
 16	 19	765	  1	
 18	223	765	  1	
 23	409	765	  1	
 31	111	765	  1	
 31	119	765	  1	
 35	351	765	  1	
 43	130	765	  1	
 47	307	765	  1	
 47	352	765	  1	
 48	286	765	  1	
 53	 82	765	  1	
 54	136	765	  1	
 56	111	765	  1	
 60	241	765	  1	
 63	290	765	  1	
 68	216	765	  1	
 68	232	765	  1	
 69	242	765	  1	
 72	303	765	  1	
 72	355	765	  1	
 72	368	765	  1	
 76	 13	765	  1	
 76	368	765	  1	
 77	191	765	  1	
 79	223	765	  1	
 79	352	765	  1	
 79	359	765	  1	
 79	416	765	  1	
 80	127	765	  1	
 80	183	765	  1	
 80	371	765	  1	
 80	392	765	  1	
 83	431	765	  1	
 87	108	765	  1	
 87	219	765	  1	
 88	120	765	  1	
 88	150	765	  1	
 88	234	765	  1	
 88	306	765	  1	
 89	220	765	  1	
 89	330	765	  1	
 90	191	765	  1	
 94	154	765	  1	
 94	400	765	  1	
 95	380	765	  1	
 96	296	765	  1	
 96	363	765	  1	
 96	399	765	  1	
 98	359	765	  1	
 99	168	765	  1	
 99	210	765	  1	
100	 86	765	  1	
100	215	765	  1	
101	367	765	  1	
102	152	765	  1	
102	224	765	  1	
102	232	765	  1	
103	135	765	  1	
103	355	765	  1	
104	136	765	  1	
104	144	765	  1	
104	149	765	  1	
104	184	765	  1	
104	248	765	  1	
104	319	765	  1	
104	463	765	  1	
106	449	765	  1	
106	457	765	  1	
106	551	765	  1	
107	143	765	  1	
110	146	765	  1	
110	151	765	  1	
111	136	765	  1	
111	184	765	  1	
111	248	765	  1	
111	392	765	  1	
112	 79	765	  1	
112	119	765	  1	
112	175	765	  1	
112	211	765	  1	
112	304	765	  1	
112	320	765	  1	
112	386	765	  1	
113	160	765	  1	
113	484	765	  1	
115	392	765	  1	
117	175	765	  1	
119	119	765	  1	
119	304	765	  1	
119	331	765	  1	
120	 14	765	  1	
120	149	765	  1	
120	275	765	  1	
120	288	765	  1	
122	  0	765	  1	
122	285	765	  1	
123	  8	765	  1	
123	144	765	  1	
123	160	765	  1	
127	175	765	  1	
127	272	765	  1	
127	279	765	  1	
127	399	765	  1	
128	 68	765	  1	
128	 96	765	  1	
128	122	765	  1	
128	127	765	  1	
128	312	765	  1	
130	101	765	  1	
130	299	765	  1	
134	120	765	  1	
134	125	765	  1	
134	217	765	  1	
135	319	765	  1	
135	392	765	  1	
136	117	765	  1	
136	143	765	  1	
136	166	765	  1	
138	259	765	  1	
139	  8	765	  1	
140	116	765	  1	
141	167	765	  1	
142	  5	765	  1	
142	139	765	  1	
142	152	765	  1	
143	  0	765	  1	
143	 90	765	  1	
144	103	765	  1	
144	208	765	  1	
144	235	765	  1	
144	240	765	  1	
144	256	765	  1	
144	270	765	  1	
144	336	765	  1	
144	386	765	  1	
144	438	765	  1	
146	416	765	  1	
147	224	765	  1	
147	343	765	  1	
148	271	765	  1	
149	360	765	  1	
150	168	765	  1	
150	175	765	  1	
150	248	765	  1	
150	352	765	  1	
150	359	765	  1	
151	 88	765	  1	
151	336	765	  1	
152	211	765	  1	
152	304	765	  1	
152	339	765	  1	
152	374	765	  1	
155	112	765	  1	
156	104	765	  1	
156	166	765	  1	
156	370	765	  1	
158	152	765	  1	
158	159	765	  1	
158	266	765	  1	
158	299	765	  1	
158	319	765	  1	
158	362	765	  1	
159	232	765	  1	
159	292	765	  1	
159	355	765	  1	
159	384	765	  1	
160	 48	765	  1	
160	269	765	  1	
160	333	765	  1	
160	383	765	  1	
160	423	765	  1	
162	377	765	  1	
163	386	765	  1	
164	264	765	  1	
165	144	765	  1	
166	 19	765	  1	
166	346	765	  1	
166	367	765	  1	
167	 96	765	  1	
167	378	765	  1	
167	416	765	  1	
168	  0	765	  1	
168	  7	765	  1	
168	167	765	  1	
168	247	765	  1	
168	272	765	  1	
168	334	765	  1	
168	486	765	  1	
170	330	765	  1	
170	342	765	  1	
170	368	765	  1	
170	376	765	  1	
170	384	765	  1	
171	359	765	  1	
171	380	765	  1	
172	111	765	  1	
172	335	765	  1	
173	104	765	  1	
173	256	765	  1	
173	416	765	  1	
174	237	765	  1	
175	 55	765	  1	
175	135	765	  1	
175	143	765	  1	
175	240	765	  1	
175	374	765	  1	
176	 99	765	  1	
176	152	765	  1	
176	179	765	  1	
176	198	765	  1	
176	208	765	  1	
176	338	765	  1	
176	376	765	  1	
176	583	765	  1	
178	  7	765	  1	
178	373	765	  1	
178	554	765	  1	
179	 90	765	  1	
179	160	765	  1	
179	352	765	  1	
179	431	765	  1	
180	320	765	  1	
180	341	765	  1	
180	502	765	  1	
181	239	765	  1	
181	363	765	  1	
182	176	765	  1	
182	215	765	  1	
182	397	765	  1	
183	  3	765	  1	
183	198	765	  1	
183	240	765	  1	
184	 43	765	  1	
184	 48	765	  1	
184	134	765	  1	
184	218	765	  1	
184	247	765	  1	
184	303	765	  1	
184	343	765	  1	
184	359	765	  1	
184	367	765	  1	
185	335	765	  1	
185	495	765	  1	
186	328	765	  1	
187	 40	765	  1	
187	 47	765	  1	
187	 55	765	  1	
187	 83	765	  1	
187	152	765	  1	
187	320	765	  1	
187	336	765	  1	
187	352	765	  1	
188	 72	765	  1	
190	 79	765	  1	
190	 99	765	  1	
190	271	765	  1	
190	328	765	  1	
190	335	765	  1	
191	 43	765	  1	
191	 48	765	  1	
191	158	765	  1	
191	240	765	  1	
191	247	765	  1	
191	343	765	  1	
191	359	765	  1	
191	391	765	  1	
191	496	765	  1	
192	 16	765	  1	
192	 96	765	  1	
192	136	765	  1	
192	149	765	  1	
192	351	765	  1	
192	423	765	  1	
194	141	765	  1	
194	280	765	  1	
194	373	765	  1	
195	208	765	  1	
195	218	765	  1	
195	344	765	  1	
196	111	765	  1	
196	215	765	  1	
196	317	765	  1	
198	103	765	  1	
198	223	765	  1	
199	136	765	  1	
199	351	765	  1	
200	  3	765	  1	
200	 16	765	  1	
200	 69	765	  1	
200	157	765	  1	
200	231	765	  1	
200	233	765	  1	
200	272	765	  1	
200	456	765	  1	
200	470	765	  1	
202	560	765	  1	
203	143	765	  1	
203	150	765	  1	
203	167	765	  1	
203	199	765	  1	
203	224	765	  1	
203	330	765	  1	
203	480	765	  1	
204	 32	765	  1	
204	109	765	  1	
206	 72	765	  1	
206	235	765	  1	
206	279	765	  1	
206	347	765	  1	
206	415	765	  1	
206	458	765	  1	
207	  0	765	  1	
207	  7	765	  1	
207	160	765	  1	
207	231	765	  1	
207	335	765	  1	
208	 96	765	  1	
208	117	765	  1	
208	128	765	  1	
208	151	765	  1	
208	157	765	  1	
208	219	765	  1	
208	224	765	  1	
209	251	765	  1	
209	315	765	  1	
210	134	765	  1	
210	397	765	  1	
211	191	765	  1	
211	303	765	  1	
211	310	765	  1	
211	504	765	  1	
212	146	765	  1	
212	157	765	  1	
213	344	765	  1	
214	118	765	  1	
214	128	765	  1	
214	360	765	  1	
215	148	765	  1	
215	153	765	  1	
215	219	765	  1	
215	224	765	  1	
215	231	765	  1	
215	288	765	  1	
215	420	765	  1	
215	456	765	  1	
215	471	765	  1	
215	508	765	  1	
216	 72	765	  1	
216	 85	765	  1	
216	216	765	  1	
216	443	765	  1	
218	191	765	  1	
218	392	765	  1	
219	  0	765	  1	
219	  7	765	  1	
220	183	765	  1	
220	252	765	  1	
221	144	765	  1	
221	215	765	  1	
221	344	765	  1	
222	219	765	  1	
223	176	765	  1	
223	396	765	  1	
224	 48	765	  1	
224	 88	765	  1	
224	103	765	  1	
224	141	765	  1	
224	152	765	  1	
224	156	765	  1	
224	242	765	  1	
224	283	765	  1	
224	352	765	  1	
224	382	765	  1	
224	416	765	  1	
224	435	765	  1	
224	469	765	  1	
225	120	765	  1	
225	126	765	  1	
225	262	765	  1	
226	 80	765	  1	
226	136	765	  1	
226	249	765	  1	
226	390	765	  1	
227	  2	765	  1	
227	  7	765	  1	
227	191	765	  1	
227	359	765	  1	
227	423	765	  1	
228	256	765	  1	
228	336	765	  1	
229	170	765	  1	
229	183	765	  1	
229	208	765	  1	
229	247	765	  1	
229	264	765	  1	
230	120	765	  1	
230	127	765	  1	
230	142	765	  1	
230	343	765	  1	
230	380	765	  1	
230	384	765	  1	
230	464	765	  1	
231	283	765	  1	
231	352	765	  1	
231	416	765	  1	
232	  5	765	  1	
232	 16	765	  1	
232	 31	765	  1	
232	 56	765	  1	
232	 70	765	  1	
232	109	765	  1	
232	129	765	  1	
232	192	765	  1	
232	205	765	  1	
232	261	765	  1	
232	287	765	  1	
232	296	765	  1	
232	320	765	  1	
232	392	765	  1	
232	419	765	  1	
232	427	765	  1	
233	278	765	  1	
234	 62	765	  1	
234	133	765	  1	
234	390	765	  1	
235	  0	765	  1	
235	120	765	  1	
235	173	765	  1	
235	272	765	  1	
235	295	765	  1	
235	376	765	  1	
236	 92	765	  1	
236	261	765	  1	
237	 81	765	  1	
237	167	765	  1	
237	310	765	  1	
237	326	765	  1	
238	 19	765	  1	
238	 48	765	  1	
238	 85	765	  1	
238	288	765	  1	
238	384	765	  1	
239	192	765	  1	
239	278	765	  1	
239	392	765	  1	
239	424	765	  1	
239	431	765	  1	
240	  0	765	  1	
240	  4	765	  1	
240	 42	765	  1	
240	 61	765	  1	
240	 83	765	  1	
240	 96	765	  1	
240	101	765	  1	
240	200	765	  1	
240	328	765	  1	
240	335	765	  1	
240	344	765	  1	
240	375	765	  1	
240	451	765	  1	
241	164	765	  1	
242	291	765	  1	
242	599	765	  1	
243	192	765	  1	
243	368	765	  1	
244	 39	765	  1	
245	  0	765	  1	
245	  5	765	  1	
245	320	765	  1	
246	277	765	  1	
247	200	765	  1	
247	286	765	  1	
247	331	765	  1	
247	375	765	  1	
247	416	765	  1	
247	447	765	  1	
248	  8	765	  1	
248	 16	765	  1	
248	 31	765	  1	
248	 56	765	  1	
248	 64	765	  1	
248	 70	765	  1	
248	152	765	  1	
248	169	765	  1	
248	174	765	  1	
248	184	765	  1	
248	189	765	  1	
248	208	765	  1	
248	284	765	  1	
248	408	765	  1	
248	464	765	  1	
248	490	765	  1	
249	344	765	  1	
249	495	765	  1	
250	 39	765	  1	
250	 96	765	  1	
251	195	765	  1	
251	254	765	  1	
251	415	765	  1	
251	422	765	  1	
253	  0	765	  1	
253	  5	765	  1	
253	279	765	  1	
253	287	765	  1	
253	300	765	  1	
253	328	765	  1	
254	 45	765	  1	
254	102	765	  1	
254	135	765	  1	
255	248	765	  1	
255	320	765	  1	
255	408	765	  1	
256	 32	765	  1	
256	 81	765	  1	
256	115	765	  1	
256	120	765	  1	
256	152	765	  1	
256	184	765	  1	
256	204	765	  1	
256	224	765	  1	
256	376	765	  1	
256	383	765	  1	
256	385	765	  1	
256	410	765	  1	
257	482	765	  1	
257	504	765	  1	
258	 39	765	  1	
258	325	765	  1	
260	272	765	  1	
261	 53	765	  1	
261	206	765	  1	
262	 32	765	  1	
262	122	765	  1	
262	127	765	  1	
262	279	765	  1	
263	  8	765	  1	
263	159	765	  1	
263	379	765	  1	
263	391	765	  1	
264	 63	765	  1	
264	136	765	  1	
264	144	765	  1	
264	150	765	  1	
264	160	765	  1	
264	170	765	  1	
264	175	765	  1	
264	215	765	  1	
264	261	765	  1	
264	269	765	  1	
264	274	765	  1	
264	312	765	  1	
264	328	765	  1	
264	334	765	  1	
264	360	765	  1	
264	415	765	  1	
264	456	765	  1	
264	527	765	  1	
266	 70	765	  1	
266	487	765	  1	
267	 15	765	  1	
267	136	765	  1	
267	408	765	  1	
267	463	765	  1	
268	514	765	  1	
269	  0	765	  1	
269	 80	765	  1	
269	184	765	  1	
269	331	765	  1	
269	432	765	  1	
270	 29	765	  1	
270	 64	765	  1	
270	304	765	  1	
270	367	765	  1	
270	388	765	  1	
270	400	765	  1	
271	211	765	  1	
271	415	765	  1	
271	456	765	  1	
271	480	765	  1	
271	507	765	  1	
272	 40	765	  1	
272	 60	765	  1	
272	104	765	  1	
272	135	765	  1	
272	140	765	  1	
272	165	765	  1	
272	200	765	  1	
272	271	765	  1	
272	315	765	  1	
272	354	765	  1	
272	464	765	  1	
272	471	765	  1	
272	488	765	  1	
272	499	765	  1	
273	120	765	  1	
274	 35	765	  1	
274	 77	765	  1	
274	110	765	  1	
275	128	765	  1	
275	176	765	  1	
275	276	765	  1	
277	 46	765	  1	
277	207	765	  1	
278	104	765	  1	
278	286	765	  1	
278	312	765	  1	
278	387	765	  1	
279	392	765	  1	
279	467	765	  1	
279	496	765	  1	
279	503	765	  1	
279	514	765	  1	
280	  3	765	  1	
280	 19	765	  1	
280	 55	765	  1	
280	 77	765	  1	
280	 83	765	  1	
280	142	765	  1	
280	219	765	  1	
280	262	765	  1	
280	313	765	  1	
280	351	765	  1	
280	366	765	  1	
280	456	765	  1	
280	476	765	  1	
280	511	765	  1	
280	534	765	  1	
280	554	765	  1	
282	196	765	  1	
282	304	765	  1	
282	344	765	  1	
282	347	765	  1	
282	520	765	  1	
283	 66	765	  1	
283	146	765	  1	
283	295	765	  1	
283	409	765	  1	
283	461	765	  1	
285	110	765	  1	
285	224	765	  1	
285	319	765	  1	
285	415	765	  1	
286	 72	765	  1	
286	312	765	  1	
286	511	765	  1	
286	527	765	  1	
287	142	765	  1	
287	197	765	  1	
287	344	765	  1	
288	  4	765	  1	
288	 16	765	  1	
288	 37	765	  1	
288	 64	765	  1	
288	 70	765	  1	
288	120	765	  1	
288	136	765	  1	
288	144	765	  1	
288	150	765	  1	
288	157	765	  1	
288	187	765	  1	
288	216	765	  1	
288	223	765	  1	
288	230	765	  1	
288	246	765	  1	
288	309	765	  1	
288	328	765	  1	
288	342	765	  1	
288	359	765	  1	
288	384	765	  1	
288	390	765	  1	
288	500	765	  1	
288	568	765	  1	
291	 32	765	  1	
291	 47	765	  1	
291	189	765	  1	
291	355	765	  1	
291	416	765	  1	
291	551	765	  1	
291	575	765	  1	
292	  3	765	  1	
292	301	765	  1	
292	498	765	  1	
293	 59	765	  1	
293	 67	765	  1	
293	147	765	  1	
293	168	765	  1	
293	200	765	  1	
293	243	765	  1	
293	251	765	  1	
293	295	765	  1	
293	308	765	  1	
294	347	765	  1	
294	483	765	  1	
295	  0	765	  1	
295	 40	765	  1	
295	184	765	  1	
295	230	765	  1	
295	342	765	  1	
295	435	765	  1	
295	568	765	  1	
295	584	765	  1	
296	 43	765	  1	
296	 50	765	  1	
296	 80	765	  1	
296	 85	765	  1	
296	104	765	  1	
296	115	765	  1	
296	219	765	  1	
296	304	765	  1	
296	311	765	  1	
296	339	765	  1	
296	344	765	  1	
296	395	765	  1	
296	399	765	  1	
296	447	765	  1	
296	458	765	  1	
296	493	765	  1	
297	484	765	  1	
298	 23	765	  1	
298	347	765	  1	
298	428	765	  1	
299	 96	765	  1	
299	200	765	  1	
299	387	765	  1	
300	 40	765	  1	
300	 47	765	  1	
300	324	765	  1	
301	 70	765	  1	
301	144	765	  1	
301	151	765	  1	
301	168	765	  1	
302	 16	765	  1	
302	 58	765	  1	
302	 85	765	  1	
302	472	765	  1	
303	304	765	  1	
303	336	765	  1	
303	343	765	  1	
303	404	765	  1	
303	408	765	  1	
304	 11	765	  1	
304	 32	765	  1	
304	141	765	  1	
304	197	765	  1	
304	205	765	  1	
304	214	765	  1	
304	287	765	  1	
304	461	765	  1	
305	303	765	  1	
306	136	765	  1	
307	 51	765	  1	
307	174	765	  1	
307	208	765	  1	
307	305	765	  1	
307	344	765	  1	
307	351	765	  1	
307	395	765	  1	
309	  0	765	  1	
309	 72	765	  1	
309	184	765	  1	
309	218	765	  1	
309	224	765	  1	
309	376	765	  1	
309	381	765	  1	
310	142	765	  1	
310	346	765	  1	
311	  8	765	  1	
311	 15	765	  1	
311	 32	765	  1	
311	104	765	  1	
311	256	765	  1	
311	320	765	  1	
311	391	765	  1	
311	588	765	  1	
312	 64	765	  1	
312	 92	765	  1	
312	103	765	  1	
312	183	765	  1	
312	239	765	  1	
312	264	765	  1	
312	300	765	  1	
312	309	765	  1	
312	394	765	  1	
312	464	765	  1	
312	474	765	  1	
312	552	765	  1	
312	564	765	  1	
314	233	765	  1	
315	 96	765	  1	
315	255	765	  1	
315	471	765	  1	
316	231	765	  1	
317	 56	765	  1	
317	160	765	  1	
317	192	765	  1	
317	221	765	  1	
317	304	765	  1	
317	360	765	  1	
317	367	765	  1	
318	312	765	  1	
318	318	765	  1	
318	416	765	  1	
318	423	765	  1	
319	103	765	  1	
319	112	765	  1	
319	240	765	  1	
319	459	765	  1	
319	464	765	  1	
320	 16	765	  1	
320	 43	765	  1	
320	 51	765	  1	
320	121	765	  1	
320	221	765	  1	
320	239	765	  1	
320	248	765	  1	
320	255	765	  1	
320	336	765	  1	
320	352	765	  1	
320	360	765	  1	
320	367	765	  1	
320	424	765	  1	
320	554	765	  1	
323	 56	765	  1	
323	264	765	  1	
323	318	765	  1	
325	136	765	  1	
325	152	765	  1	
325	166	765	  1	
325	383	765	  1	
326	222	765	  1	
326	266	765	  1	
326	312	765	  1	
326	424	765	  1	
327	336	765	  1	
328	127	765	  1	
328	176	765	  1	
328	200	765	  1	
328	216	765	  1	
328	227	765	  1	
328	246	765	  1	
328	254	765	  1	
328	280	765	  1	
328	310	765	  1	
328	320	765	  1	
328	348	765	  1	
328	352	765	  1	
328	361	765	  1	
328	462	765	  1	
328	504	765	  1	
328	586	765	  1	
329	 16	765	  1	
329	431	765	  1	
330	 31	765	  1	
330	160	765	  1	
331	232	765	  1	
333	  8	765	  1	
333	124	765	  1	
333	306	765	  1	
333	480	765	  1	
333	487	765	  1	
333	552	765	  1	
334	 72	765	  1	
334	141	765	  1	
334	166	765	  1	
334	219	765	  1	
334	381	765	  1	
335	 16	765	  1	
335	200	765	  1	
335	227	765	  1	
335	280	765	  1	
335	360	765	  1	
336	 21	765	  1	
336	 48	765	  1	
336	 55	765	  1	
336	 80	765	  1	
336	106	765	  1	
336	192	765	  1	
336	195	765	  1	
336	244	765	  1	
336	294	765	  1	
336	303	765	  1	
336	334	765	  1	
336	353	765	  1	
336	359	765	  1	
336	400	765	  1	
336	439	765	  1	
336	488	765	  1	
336	502	765	  1	
336	552	765	  1	
336	567	765	  1	
337	208	765	  1	
337	328	765	  1	
338	 96	765	  1	
339	164	765	  1	
339	215	765	  1	
339	402	765	  1	
339	557	765	  1	
341	 14	765	  1	
341	 31	765	  1	
341	267	765	  1	
342	 67	765	  1	
342	108	765	  1	
342	466	765	  1	
343	 80	765	  1	
343	 96	765	  1	
343	160	765	  1	
343	208	765	  1	
343	334	765	  1	
343	342	765	  1	
344	 24	765	  1	
344	 37	765	  1	
344	 61	765	  1	
344	115	765	  1	
344	135	765	  1	
344	152	765	  1	
344	232	765	  1	
344	239	765	  1	
344	272	765	  1	
344	278	765	  1	
344	282	765	  1	
344	300	765	  1	
344	314	765	  1	
344	318	765	  1	
344	321	765	  1	
344	344	765	  1	
344	365	765	  1	
344	378	765	  1	
344	384	765	  1	
344	392	765	  1	
344	416	765	  1	
344	423	765	  1	
344	472	765	  1	
345	 11	765	  1	
345	215	765	  1	
347	128	765	  1	
347	168	765	  1	
348	125	765	  1	
348	327	765	  1	
348	420	765	  1	
348	431	765	  1	
349	  0	765	  1	
349	 27	765	  1	
349	 32	765	  1	
349	216	765	  1	
349	223	765	  1	
349	263	765	  1	
349	275	765	  1	
349	322	765	  1	
349	376	765	  1	
349	495	765	  1	
349	552	765	  1	
350	212	765	  1	
350	344	765	  1	
351	135	765	  1	
351	287	765	  1	
351	486	765	  1	
351	587	765	  1	
352	 64	765	  1	
352	111	765	  1	
352	235	765	  1	
352	243	765	  1	
352	255	765	  1	
352	288	765	  1	
352	295	765	  1	
352	337	765	  1	
352	359	765	  1	
352	404	765	  1	
352	455	765	  1	
352	478	765	  1	
352	520	765	  1	
354	152	765	  1	
354	185	765	  1	
354	191	765	  1	
354	464	765	  1	
355	 16	765	  1	
355	 30	765	  1	
355	 72	765	  1	
355	118	765	  1	
355	232	765	  1	
355	352	765	  1	
355	424	765	  1	
357	250	765	  1	
357	278	765	  1	
358	314	765	  1	
359	152	765	  1	
359	186	765	  1	
359	191	765	  1	
359	270	765	  1	
359	288	765	  1	
359	359	765	  1	
359	455	765	  1	
360	  6	765	  1	
360	 45	765	  1	
360	 64	765	  1	
360	122	765	  1	
360	144	765	  1	
360	159	765	  1	
360	317	765	  1	
360	328	765	  1	
360	334	765	  1	
360	352	765	  1	
360	368	765	  1	
360	375	765	  1	
360	397	765	  1	
361	 54	765	  1	
362	278	765	  1	
363	  0	765	  1	
363	136	765	  1	
363	296	765	  1	
363	376	765	  1	
363	383	765	  1	
363	435	765	  1	
364	 40	765	  1	
364	148	765	  1	
364	416	765	  1	
364	472	765	  1	
365	 86	765	  1	
365	 92	765	  1	
365	103	765	  1	
365	331	765	  1	
365	392	765	  1	
366	127	765	  1	
366	307	765	  1	
366	451	765	  1	
366	483	765	  1	
367	256	765	  1	
367	296	765	  1	
367	371	765	  1	
367	430	765	  1	
367	446	765	  1	
368	 56	765	  1	
368	108	765	  1	
368	213	765	  1	
368	224	765	  1	
368	236	765	  1	
368	289	765	  1	
368	320	765	  1	
368	386	765	  1	
368	403	765	  1	
370	 45	765	  1	
370	106	765	  1	
370	208	765	  1	
370	232	765	  1	
370	325	765	  1	
371	 40	765	  1	
371	400	765	  1	
371	407	765	  1	
372	312	765	  1	
373	 64	765	  1	
373	 88	765	  1	
373	147	765	  1	
374	214	765	  1	
374	259	765	  1	
375	  0	765	  1	
375	160	765	  1	
375	224	765	  1	
375	264	765	  1	
375	320	765	  1	
375	403	765	  1	
375	423	765	  1	
376	 46	765	  1	
376	 75	765	  1	
376	 85	765	  1	
376	 98	765	  1	
376	113	765	  1	
376	194	765	  1	
376	207	765	  1	
376	222	765	  1	
376	248	765	  1	
376	256	765	  1	
376	286	765	  1	
376	304	765	  1	
376	381	765	  1	
376	392	765	  1	
376	442	765	  1	
378	 63	765	  1	
378	216	765	  1	
378	280	765	  1	
378	373	765	  1	
379	 16	765	  1	
379	191	765	  1	
379	231	765	  1	
379	255	765	  1	
379	263	765	  1	
379	325	765	  1	
379	368	765	  1	
380	128	765	  1	
380	328	765	  1	
381	 46	765	  1	
381	 70	765	  1	
381	352	765	  1	
382	 99	765	  1	
382	135	765	  1	
382	226	765	  1	
382	287	765	  1	
382	544	765	  1	
383	104	765	  1	
383	200	765	  1	
383	248	765	  1	
383	256	765	  1	
383	447	765	  1	
384	  4	765	  1	
384	  8	765	  1	
384	 11	765	  1	
384	 15	765	  1	
384	 27	765	  1	
384	 77	765	  1	
384	171	765	  1	
384	179	765	  1	
384	196	765	  1	
384	204	765	  1	
384	302	765	  1	
384	324	765	  1	
384	392	765	  1	
384	408	765	  1	
384	415	765	  1	
384	436	765	  1	
384	448	765	  1	
384	501	765	  1	
384	552	765	  1	
385	  0	765	  1	
386	 13	765	  1	
386	 72	765	  1	
386	 91	765	  1	
386	251	765	  1	
387	363	765	  1	
387	407	765	  1	
387	432	765	  1	
387	462	765	  1	
387	567	765	  1	
388	420	765	  1	
388	453	765	  1	
389	 24	765	  1	
389	320	765	  1	
390	 78	765	  1	
390	168	765	  1	
390	175	765	  1	
390	192	765	  1	
390	227	765	  1	
391	  0	765	  1	
391	311	765	  1	
391	330	765	  1	
391	400	765	  1	
391	411	765	  1	
391	448	765	  1	
391	586	765	  1	
392	 48	765	  1	
392	 67	765	  1	
392	 87	765	  1	
392	107	765	  1	
392	120	765	  1	
392	125	765	  1	
392	165	765	  1	
392	232	765	  1	
392	248	765	  1	
392	256	765	  1	
392	344	765	  1	
392	351	765	  1	
392	389	765	  1	
392	423	765	  1	
392	437	765	  1	
394	  1	765	  1	
394	 12	765	  1	
394	 53	765	  1	
394	238	765	  1	
394	253	765	  1	
394	261	765	  1	
394	266	765	  1	
394	360	765	  1	
394	384	765	  1	
395	181	765	  1	
395	327	765	  1	
395	362	765	  1	
395	414	765	  1	
395	432	765	  1	
396	200	765	  1	
397	  4	765	  1	
397	  8	765	  1	
397	 18	765	  1	
397	 63	765	  1	
397	204	765	  1	
397	248	765	  1	
397	464	765	  1	
398	  0	765	  1	
398	232	765	  1	
398	389	765	  1	
398	408	765	  1	
398	428	765	  1	
398	437	765	  1	
399	 11	765	  1	
399	176	765	  1	
399	271	765	  1	
399	312	765	  1	
399	320	765	  1	
399	347	765	  1	
399	360	765	  1	
400	 29	765	  1	
400	 39	765	  1	
400	 46	765	  1	
400	 50	765	  1	
400	 83	765	  1	
400	133	765	  1	
400	139	765	  1	
400	144	765	  1	
400	151	765	  1	
400	208	765	  1	
400	262	765	  1	
400	327	765	  1	
400	346	765	  1	
400	358	765	  1	
400	386	765	  1	
400	391	765	  1	
401	271	765	  1	
402	352	765	  1	
403	  8	765	  1	
403	 32	765	  1	
403	 88	765	  1	
404	 74	765	  1	
404	214	765	  1	
404	256	765	  1	
405	 93	765	  1	
405	112	765	  1	
405	224	765	  1	
406	 26	765	  1	
406	 31	765	  1	
406	 56	765	  1	
406	359	765	  1	
407	 39	765	  1	
407	 48	765	  1	
407	200	765	  1	
407	264	765	  1	
407	323	765	  1	
407	372	765	  1	
407	386	765	  1	
407	391	765	  1	
408	  0	765	  1	
408	 24	765	  1	
408	 88	765	  1	
408	104	765	  1	
408	171	765	  1	
408	176	765	  1	
408	248	765	  1	
408	301	765	  1	
408	310	765	  1	
408	320	765	  1	
408	405	765	  1	
408	416	765	  1	
408	454	765	  1	
409	 46	765	  1	
409	186	765	  1	
409	304	765	  1	
409	360	765	  1	
410	 31	765	  1	
410	428	765	  1	
411	196	765	  1	
411	208	765	  1	
411	215	765	  1	
411	344	765	  1	
412	324	765	  1	
412	408	765	  1	
413	 93	765	  1	
413	149	765	  1	
413	296	765	  1	
413	311	765	  1	
414	160	765	  1	
414	400	765	  1	
415	 81	765	  1	
415	168	765	  1	
415	175	765	  1	
415	199	765	  1	
415	251	765	  1	
416	 40	765	  1	
416	 45	765	  1	
416	232	765	  1	
416	312	765	  1	
416	335	765	  1	
416	371	765	  1	
416	376	765	  1	
416	383	765	  1	
416	407	765	  1	
416	418	765	  1	
419	 96	765	  1	
419	104	765	  1	
419	112	765	  1	
419	200	765	  1	
419	335	765	  1	
420	 31	765	  1	
420	 87	765	  1	
420	355	765	  1	
420	431	765	  1	
421	213	765	  1	
421	238	765	  1	
421	320	765	  1	
421	356	765	  1	
421	416	765	  1	
422	 24	765	  1	
422	 80	765	  1	
422	216	765	  1	
422	327	765	  1	
422	352	765	  1	
422	367	765	  1	
423	111	765	  1	
423	361	765	  1	
423	379	765	  1	
423	402	765	  1	
424	  0	765	  1	
424	 35	765	  1	
424	 88	765	  1	
424	 96	765	  1	
424	108	765	  1	
424	112	765	  1	
424	125	765	  1	
424	146	765	  1	
424	160	765	  1	
424	230	765	  1	
424	320	765	  1	
424	384	765	  1	
426	176	765	  1	
427	 24	765	  1	
427	 48	765	  1	
427	119	765	  1	
427	275	765	  1	
427	391	765	  1	
428	 93	765	  1	
429	 72	765	  1	
429	 79	765	  1	
429	134	765	  1	
429	182	765	  1	
429	224	765	  1	
430	111	765	  1	
430	332	765	  1	
431	  4	765	  1	
431	 30	765	  1	
431	 39	765	  1	
431	176	765	  1	
431	280	765	  1	
431	323	765	  1	
431	384	765	  1	
431	463	765	  1	
432	 13	765	  1	
432	 24	765	  1	
432	 44	765	  1	
432	 59	765	  1	
432	 96	765	  1	
432	104	765	  1	
432	136	765	  1	
432	151	765	  1	
432	158	765	  1	
432	167	765	  1	
432	206	765	  1	
432	267	765	  1	
432	286	765	  1	
432	439	765	  1	
432	477	765	  1	
433	 80	765	  1	
434	  8	765	  1	
434	 48	765	  1	
434	120	765	  1	
434	152	765	  1	
435	 40	765	  1	
435	144	765	  1	
435	360	765	  1	
435	432	765	  1	
436	 19	765	  1	
436	 24	765	  1	
437	192	765	  1	
437	214	765	  1	
437	223	765	  1	
438	  0	765	  1	
438	 14	765	  1	
438	275	765	  1	
439	 55	765	  1	
439	113	765	  1	
439	136	765	  1	
439	151	765	  1	
439	162	765	  1	
439	205	765	  1	
439	267	765	  1	
439	286	765	  1	
439	439	765	  1	
440	 16	765	  1	
440	 34	765	  1	
440	 40	765	  1	
440	 46	765	  1	
440	 64	765	  1	
440	103	765	  1	
440	184	765	  1	
440	190	765	  1	
440	193	765	  1	
440	242	765	  1	
440	256	765	  1	
440	296	765	  1	
440	303	765	  1	
440	347	765	  1	
440	383	765	  1	
442	 43	765	  1	
442	179	765	  1	
443	 46	765	  1	
443	168	765	  1	
443	175	765	  1	
443	374	765	  1	
444	 80	765	  1	
445	 34	765	  1	
445	187	765	  1	
445	200	765	  1	
445	240	765	  1	
445	247	765	  1	
446	143	765	  1	
446	347	765	  1	
447	 20	765	  1	
447	 56	765	  1	
447	194	765	  1	
447	223	765	  1	
447	256	765	  1	
447	383	765	  1	
448	  8	765	  1	
448	 35	765	  1	
448	 50	765	  1	
448	 88	765	  1	
448	109	765	  1	
448	123	765	  1	
448	141	765	  1	
448	144	765	  1	
448	148	765	  1	
448	175	765	  1	
448	208	765	  1	
448	235	765	  1	
448	248	765	  1	
449	 31	765	  1	
450	 83	765	  1	
451	120	765	  1	
451	192	765	  1	
451	231	765	  1	
451	247	765	  1	
452	 47	765	  1	
452	384	765	  1	
453	 42	765	  1	
453	 94	765	  1	
453	136	765	  1	
453	149	765	  1	
454	 24	765	  1	
454	 67	765	  1	
454	 80	765	  1	
454	298	765	  1	
455	 38	765	  1	
455	235	765	  1	
455	240	765	  1	
455	312	765	  1	
456	  0	765	  1	
456	  7	765	  1	
456	 24	765	  1	
456	 30	765	  1	
456	 59	765	  1	
456	 75	765	  1	
456	 85	765	  1	
456	 98	765	  1	
456	115	765	  1	
456	181	765	  1	
456	248	765	  1	
456	424	765	  1	
457	159	765	  1	
458	123	765	  1	
458	171	765	  1	
460	218	765	  1	
460	224	765	  1	
461	 27	765	  1	
461	 96	765	  1	
461	103	765	  1	
461	144	765	  1	
461	192	765	  1	
462	 48	765	  1	
462	 55	765	  1	
462	128	765	  1	
462	167	765	  1	
462	256	765	  1	
463	115	765	  1	
463	223	765	  1	
464	 16	765	  1	
464	 30	765	  1	
464	 40	765	  1	
464	 44	765	  1	
464	 65	765	  1	
464	 88	765	  1	
464	106	765	  1	
464	131	765	  1	
464	136	765	  1	
464	184	765	  1	
464	320	765	  1	
465	263	765	  1	
466	 24	765	  1	
466	 71	765	  1	
467	 79	765	  1	
467	325	765	  1	
468	131	765	  1	
469	104	765	  1	
469	111	765	  1	
469	312	765	  1	
470	258	765	  1	
471	 70	765	  1	
471	270	765	  1	
471	352	765	  1	
472	  2	765	  1	
472	 83	765	  1	
472	 96	765	  1	
472	112	765	  1	
472	157	765	  1	
472	176	765	  1	
472	183	765	  1	
472	192	765	  1	
472	254	765	  1	
472	278	765	  1	
472	298	765	  1	
472	320	765	  1	
472	343	765	  1	
472	351	765	  1	
472	354	765	  1	
472	368	765	  1	
472	375	765	  1	
472	388	765	  1	
474	 94	765	  1	
474	248	765	  1	
474	287	765	  1	
475	 68	765	  1	
475	261	765	  1	
475	359	765	  1	
477	 77	765	  1	
477	 88	765	  1	
478	 59	765	  1	
478	 99	765	  1	
478	167	765	  1	
478	338	765	  1	
479	 71	765	  1	
479	254	765	  1	
479	371	765	  1	
480	101	765	  1	
480	125	765	  1	
480	144	765	  1	
480	202	765	  1	
480	260	765	  1	
480	264	765	  1	
480	291	765	  1	
480	327	765	  1	
480	333	765	  1	
481	  6	765	  1	
481	 48	765	  1	
481	112	765	  1	
482	  0	765	  1	
482	102	765	  1	
483	120	765	  1	
483	224	765	  1	
483	320	765	  1	
484	118	765	  1	
485	 71	765	  1	
485	 88	765	  1	
485	150	765	  1	
485	182	765	  1	
485	192	765	  1	
485	207	765	  1	
487	 55	765	  1	
487	101	765	  1	
487	112	765	  1	
487	165	765	  1	
487	333	765	  1	
488	  8	765	  1	
488	 84	765	  1	
488	 93	765	  1	
488	110	765	  1	
488	130	765	  1	
488	146	765	  1	
488	170	765	  1	
488	176	765	  1	
488	186	765	  1	
488	264	765	  1	
488	296	765	  1	
488	339	765	  1	
488	391	765	  1	
489	 62	765	  1	
490	112	765	  1	
490	284	765	  1	
490	383	765	  1	
491	 55	765	  1	
491	 80	765	  1	
492	 71	765	  1	
492	117	765	  1	
492	503	765	  1	
493	158	765	  1	
493	184	765	  1	
493	191	765	  1	
493	212	765	  1	
493	328	765	  1	
493	336	765	  1	
493	376	765	  1	
493	428	765	  1	
494	 67	765	  1	
494	402	765	  1	
495	 39	765	  1	
495	367	765	  1	
495	382	765	  1	
495	396	765	  1	
495	480	765	  1	
496	  0	765	  1	
496	  6	765	  1	
496	 56	765	  1	
496	 73	765	  1	
496	 79	765	  1	
496	 88	765	  1	
496	224	765	  1	
496	254	765	  1	
496	262	765	  1	
496	285	765	  1	
496	314	765	  1	
497	111	765	  1	
497	144	765	  1	
499	127	765	  1	
499	319	765	  1	
501	  3	765	  1	
501	 56	765	  1	
501	160	765	  1	
501	280	765	  1	
501	539	765	  1	
502	 70	765	  1	
502	 92	765	  1	
502	224	765	  1	
502	287	765	  1	
503	103	765	  1	
503	119	765	  1	
503	127	765	  1	
503	144	765	  1	
503	200	765	  1	
503	260	765	  1	
504	 82	765	  1	
504	101	765	  1	
504	115	765	  1	
504	131	765	  1	
504	136	765	  1	
504	142	765	  1	
504	147	765	  1	
504	156	765	  1	
504	176	765	  1	
504	215	765	  1	
504	250	765	  1	
504	256	765	  1	
506	125	765	  1	
506	153	765	  1	
506	262	765	  1	
507	  9	765	  1	
508	108	765	  1	
508	144	765	  1	
508	151	765	  1	
508	159	765	  1	
509	103	765	  1	
509	139	765	  1	
510	194	765	  1	
510	256	765	  1	
511	 80	765	  1	
511	 87	765	  1	
511	152	765	  1	
511	199	765	  1	
511	315	765	  1	
512	  0	765	  1	
512	 83	765	  1	
512	176	765	  1	
512	260	765	  1	
512	264	765	  1	
512	296	765	  1	
512	397	765	  1	
513	220	765	  1	
514	271	765	  1	
515	 23	765	  1	
515	112	765	  1	
515	152	765	  1	
515	208	765	  1	
515	232	765	  1	
515	303	765	  1	
516	144	765	  1	
517	 92	765	  1	
517	241	765	  1	
518	  8	765	  1	
518	 96	765	  1	
518	147	765	  1	
518	211	765	  1	
518	248	765	  1	
519	365	765	  1	
519	399	765	  1	
520	 91	765	  1	
520	125	765	  1	
520	166	765	  1	
520	180	765	  1	
520	185	765	  1	
520	192	765	  1	
520	199	765	  1	
520	207	765	  1	
520	256	765	  1	
520	302	765	  1	
520	408	765	  1	
521	296	765	  1	
522	158	765	  1	
522	219	765	  1	
523	 56	765	  1	
523	144	765	  1	
523	195	765	  1	
524	232	765	  1	
525	 84	765	  1	
525	224	765	  1	
525	266	765	  1	
525	303	765	  1	
526	 62	765	  1	
526	186	765	  1	
526	250	765	  1	
527	240	765	  1	
527	496	765	  1	
528	 96	765	  1	
528	109	765	  1	
528	138	765	  1	
528	152	765	  1	
528	296	765	  1	
528	320	765	  1	
528	383	765	  1	
530	156	765	  1	
531	167	765	  1	
531	208	765	  1	
533	136	765	  1	
533	143	765	  1	
534	  3	765	  1	
535	192	765	  1	
536	 31	765	  1	
536	146	765	  1	
536	166	765	  1	
536	182	765	  1	
536	240	765	  1	
536	259	765	  1	
536	326	765	  1	
536	579	765	  1	
537	 86	765	  1	
538	160	765	  1	
538	335	765	  1	
539	307	765	  1	
539	324	765	  1	
539	368	765	  1	
540	228	765	  1	
541	144	765	  1	
541	151	765	  1	
541	179	765	  1	
541	352	765	  1	
542	243	765	  1	
542	599	765	  1	
543	191	765	  1	
543	195	765	  1	
544	 56	765	  1	
544	 80	765	  1	
544	 87	765	  1	
544	 96	765	  1	
544	166	765	  1	
544	204	765	  1	
544	316	765	  1	
544	383	765	  1	
544	392	765	  1	
545	303	765	  1	
546	103	765	  1	
546	160	765	  1	
547	184	765	  1	
547	333	765	  1	
547	359	765	  1	
547	399	765	  1	
548	195	765	  1	
549	312	765	  1	
549	317	765	  1	
549	415	765	  1	
550	 67	765	  1	
550	219	765	  1	
550	327	765	  1	
551	 24	765	  1	
551	127	765	  1	
551	259	765	  1	
551	320	765	  1	
551	352	765	  1	
551	392	765	  1	
552	 64	765	  1	
552	 80	765	  1	
552	 96	765	  1	
552	109	765	  1	
552	120	765	  1	
552	132	765	  1	
552	184	765	  1	
552	251	765	  1	
552	264	765	  1	
552	271	765	  1	
552	288	765	  1	
552	304	765	  1	
554	103	765	  1	
554	359	765	  1	
555	 71	765	  1	
555	168	765	  1	
555	272	765	  1	
558	 93	765	  1	
558	110	765	  1	
558	295	765	  1	
558	352	765	  1	
559	 64	765	  1	
559	123	765	  1	
559	133	765	  1	
559	248	765	  1	
559	255	765	  1	
559	267	765	  1	
559	420	765	  1	
559	431	765	  1	
560	135	765	  1	
560	179	765	  1	
560	272	765	  1	
560	299	765	  1	
562	278	765	  1	
562	400	765	  1	
563	 56	765	  1	
563	128	765	  1	
563	200	765	  1	
563	249	765	  1	
564	224	765	  1	
564	288	765	  1	
564	407	765	  1	
565	346	765	  1	
566	 62	765	  1	
566	272	765	  1	
567	135	765	  1	
568	101	765	  1	
568	111	765	  1	
568	120	765	  1	
568	160	765	  1	
568	216	765	  1	
568	224	765	  1	
568	343	765	  1	
571	127	765	  1	
571	240	765	  1	
572	102	765	  1	
572	226	765	  1	
572	255	765	  1	
572	512	765	  1	
573	167	765	  1	
573	183	765	  1	
573	235	765	  1	
573	339	765	  1	
575	 24	765	  1	
575	107	765	  1	
575	120	765	  1	
575	250	765	  1	
576	  0	765	  1	
576	141	765	  1	
576	197	765	  1	
576	207	765	  1	
576	240	765	  1	
576	247	765	  1	
576	260	765	  1	
576	296	765	  1	
576	363	765	  1	
576	386	765	  1	
576	395	765	  1	
579	213	765	  1	
579	256	765	  1	
579	307	765	  1	
580	272	765	  1	
581	 96	765	  1	
581	103	765	  1	
581	271	765	  1	
582	  3	765	  1	
582	192	765	  1	
582	279	765	  1	
582	315	765	  1	
582	387	765	  1	
583	203	765	  1	
583	261	765	  1	
583	360	765	  1	
583	367	765	  1	
583	392	765	  1	
583	399	765	  1	
584	 92	765	  1	
584	106	765	  1	
584	120	765	  1	
584	191	765	  1	
584	232	765	  1	
584	258	765	  1	
586	339	765	  1	
587	242	765	  1	
587	256	765	  1	
589	408	765	  1	
590	120	765	  1	
590	247	765	  1	
590	336	765	  1	
591	184	765	  1	
591	350	765	  1	
591	477	765	  1	
592	  8	765	  1	
592	 16	765	  1	
592	 72	765	  1	
592	195	765	  1	
592	204	765	  1	
592	249	765	  1	
592	284	765	  1	
592	304	765	  1	
592	309	765	  1	
592	339	765	  1	
592	444	765	  1	
592	520	765	  1	
592	544	765	  1	
594	 56	765	  1	
594	 79	765	  1	
595	 15	765	  1	
595	 96	765	  1	
595	236	765	  1	
595	328	765	  1	
596	104	765	  1	
596	226	765	  1	
596	266	765	  1	
596	285	765	  1	
596	544	765	  1	
597	567	765	  1	
598	 19	765	  1	
598	 72	765	  1	
598	255	765	  1	
598	306	765	  1	
598	311	765	  1	
599	  8	765	  1	
599	231	765	  1	
599	259	765	  1	
599	271	765	  1	
599	424	765	  1	
599	472	765	  1	
600	 52	765	  1	
600	168	765	  1	
600	244	765	  1	
600	347	765	  1	
601	175	765	  1	
602	448	765	  1	
603	 64	765	  1	
603	255	765	  1	
603	342	765	  1	
604	248	765	  1	
606	170	765	  1	
606	211	765	  1	
606	274	765	  1	
607	347	765	  1	
608	240	765	  1	
608	365	765	  1	
610	116	765	  1	
611	360	765	  1	
611	408	765	  1	
613	104	765	  1	
614	 70	765	  1	
615	252	765	  1	
616	  8	765	  1	
616	 96	765	  1	
616	119	765	  1	
616	231	765	  1	
616	235	765	  1	
616	264	765	  1	
618	312	765	  1	
621	 83	765	  1	
621	264	765	  1	
621	279	765	  1	
622	100	765	  1	
622	283	765	  1	
623	  8	765	  1	
623	 69	765	  1	
623	119	765	  1	
623	199	765	  1	
623	231	765	  1	
623	239	765	  1	
623	247	765	  1	
624	 52	765	  1	
624	 72	765	  1	
624	 79	765	  1	
624	156	765	  1	
624	259	765	  1	
624	368	765	  1	
624	464	765	  1	
626	408	765	  1	
627	320	765	  1	
627	447	765	  1	
627	487	765	  1	
629	 63	765	  1	
630	119	765	  1	
631	259	765	  1	
631	383	765	  1	
631	408	765	  1	
632	  0	765	  1	
632	399	765	  1	
632	474	765	  1	
640	 75	765	  1	
640	231	765	  1	
640	295	765	  1	
640	335	765	  1	
640	384	765	  1	
640	399	765	  1	
643	 72	765	  1	
643	 79	765	  1	
647	 75	765	  1	
647	104	765	  1	
647	388	765	  1	
648	318	765	  1	
648	328	765	  1	
654	327	765	  1	
654	488	765	  1	
655	  8	765	  1	
655	272	765	  1	
656	337	765	  1	
661	343	765	  1	
664	320	765	  1	
664	408	765	  1	
667	328	765	  1	
669	179	765	  1	
670	391	765	  1	
671	408	765	  1	
672	336	765	  1	
672	520	765	  1	
675	432	765	  1	
679	216	765	  1	
680	119	765	  1	
680	455	765	  1	
690	480	765	  1	
691	 88	765	  1	
692	376	765	  1	
695	264	765	  1	
696	175	765	  1	
696	227	765	  1	
706	112	765	  1	
720	232	765	  1	
723	 94	765	  1	
726	 62	765	  1	
781	128	765	  1	
783	527	765	  1	
792	 96	765	  1	
