# 
#  Image file: Goad1_T0008.jpg
#  Applied threshold: 575
#  Algorithm used: fill2                 
#  Particle count: 1987
#  Location (x,y), max luminance, and mass:
# 
  0	200	765	  1	
  8	135	765	  1	
 10	376	765	  1	
 14	159	765	  1	
 28	559	765	  1	
 30	109	765	  1	
 30	246	765	  1	
 31	368	765	  1	
 34	381	765	  1	
 40	  7	765	  1	
 50	 36	765	  1	
 54	173	765	  1	
 56	101	765	  1	
 56	386	765	  1	
 57	111	765	  1	
 62	184	765	  1	
 64	160	765	  1	
 67	447	765	  1	
 68	280	765	  1	
 69	160	765	  1	
 71	108	765	  1	
 71	299	765	  1	
 80	373	765	  1	
 82	 72	765	  1	
 84	 99	765	  1	
 86	328	765	  1	
 87	132	765	  1	
 87	136	765	  1	
 87	381	765	  1	
 88	120	765	  1	
 88	159	765	  1	
 88	220	765	  1	
 88	287	765	  1	
 88	383	765	  1	
 88	453	765	  1	
 88	498	765	  1	
 88	567	765	  1	
 90	256	765	  1	
 90	258	765	  1	
 92	392	765	  1	
 94	399	765	  1	
 95	 95	765	  1	
 96	 98	765	  1	
 96	155	765	  1	
 96	349	765	  1	
100	567	765	  1	
102	269	765	  1	
102	319	765	  1	
103	239	765	  1	
103	264	765	  1	
103	336	765	  1	
104	104	765	  1	
104	155	765	  1	
104	243	765	  1	
104	359	765	  1	
104	458	765	  1	
107	352	765	  1	
108	592	765	  1	
109	455	765	  1	
111	160	765	  1	
111	202	765	  1	
111	359	765	  1	
111	439	765	  1	
111	464	765	  1	
112	  0	765	  1	
112	  7	765	  1	
112	104	765	  1	
112	210	765	  1	
112	311	765	  1	
112	400	765	  1	
112	414	765	  1	
112	440	765	  1	
114	264	765	  1	
115	136	765	  1	
115	398	765	  1	
117	536	765	  1	
118	270	765	  1	
118	364	765	  1	
120	 48	765	  1	
120	 81	765	  1	
120	159	765	  1	
120	164	765	  1	
120	276	765	  1	
120	383	765	  1	
122	154	765	  1	
123	  0	765	  1	
123	264	765	  1	
124	167	765	  1	
124	216	765	  1	
126	  5	765	  1	
126	163	765	  1	
126	223	765	  1	
126	440	765	  1	
127	231	765	  1	
127	271	765	  1	
127	335	765	  1	
128	 40	765	  1	
128	200	765	  1	
128	207	765	  1	
128	232	765	  1	
129	304	765	  1	
131	162	765	  1	
131	239	765	  1	
132	 87	765	  1	
133	208	765	  1	
135	152	765	  1	
135	203	765	  1	
135	232	765	  1	
135	256	765	  1	
135	275	765	  1	
135	370	765	  1	
136	 96	765	  1	
136	119	765	  1	
136	127	765	  1	
136	156	765	  1	
136	165	765	  1	
136	178	765	  1	
138	 88	765	  1	
139	120	765	  1	
139	224	765	  1	
139	455	765	  1	
141	154	765	  1	
142	344	765	  1	
143	  3	765	  1	
143	 67	765	  1	
143	 87	765	  1	
143	127	765	  1	
143	287	765	  1	
144	 88	765	  1	
144	111	765	  1	
144	194	765	  1	
144	201	765	  1	
144	206	765	  1	
144	416	765	  1	
147	 95	765	  1	
147	120	765	  1	
147	208	765	  1	
148	232	765	  1	
149	186	765	  1	
149	202	765	  1	
149	207	765	  1	
149	313	765	  1	
149	373	765	  1	
150	320	765	  1	
151	 47	765	  1	
151	 88	765	  1	
151	127	765	  1	
151	171	765	  1	
152	 78	765	  1	
152	120	765	  1	
152	147	765	  1	
152	160	765	  1	
152	232	765	  1	
152	245	765	  1	
152	279	765	  1	
152	295	765	  1	
153	239	765	  1	
155	199	765	  1	
155	230	765	  1	
156	 70	765	  1	
156	243	765	  1	
156	247	765	  1	
158	354	765	  1	
158	471	765	  1	
158	563	765	  1	
159	144	765	  1	
159	151	765	  1	
159	288	765	  1	
159	374	765	  1	
160	 24	765	  1	
160	 31	765	  1	
160	 96	765	  1	
160	184	765	  1	
160	216	765	  1	
160	247	765	  1	
160	295	765	  1	
160	343	765	  1	
160	383	765	  1	
160	400	765	  1	
162	175	765	  1	
163	125	765	  1	
163	191	765	  1	
164	239	765	  1	
164	274	765	  1	
164	368	765	  1	
165	224	765	  1	
166	381	765	  1	
167	120	765	  1	
167	184	765	  1	
167	291	765	  1	
167	343	765	  1	
167	404	765	  1	
168	  0	765	  1	
168	 23	765	  1	
168	 28	765	  1	
168	103	765	  1	
168	136	765	  1	
168	140	765	  1	
168	152	765	  1	
168	179	765	  1	
168	194	765	  1	
168	199	765	  1	
168	230	765	  1	
168	256	765	  1	
168	280	765	  1	
168	295	765	  1	
168	401	765	  1	
168	412	765	  1	
168	507	765	  1	
169	380	765	  1	
170	111	765	  1	
170	495	765	  1	
171	176	765	  1	
171	183	765	  1	
171	242	765	  1	
171	286	765	  1	
175	179	765	  1	
175	504	765	  1	
176	 40	765	  1	
176	 55	765	  1	
176	 96	765	  1	
176	120	765	  1	
176	127	765	  1	
176	143	765	  1	
176	156	765	  1	
176	184	765	  1	
176	205	765	  1	
176	219	765	  1	
176	234	765	  1	
176	277	765	  1	
176	383	765	  1	
176	447	765	  1	
176	471	765	  1	
178	 16	765	  1	
178	146	765	  1	
179	272	765	  1	
179	375	765	  1	
180	  7	765	  1	
180	111	765	  1	
180	307	765	  1	
180	447	765	  1	
181	 98	765	  1	
181	103	765	  1	
181	106	765	  1	
182	139	765	  1	
182	194	765	  1	
182	408	765	  1	
183	120	765	  1	
183	127	765	  1	
183	216	765	  1	
183	223	765	  1	
183	360	765	  1	
183	407	765	  1	
183	568	765	  1	
184	242	765	  1	
184	264	765	  1	
184	286	765	  1	
184	368	765	  1	
184	376	765	  1	
185	408	765	  1	
187	284	765	  1	
188	135	765	  1	
189	271	765	  1	
189	328	765	  1	
190	232	765	  1	
190	287	765	  1	
190	312	765	  1	
191	472	765	  1	
191	503	765	  1	
191	509	765	  1	
191	577	765	  1	
192	  0	765	  1	
192	  7	765	  1	
192	 96	765	  1	
192	102	765	  1	
192	136	765	  1	
192	155	765	  1	
192	176	765	  1	
192	194	765	  1	
192	213	765	  1	
192	224	765	  1	
192	277	765	  1	
192	288	765	  1	
192	296	765	  1	
192	364	765	  1	
193	280	765	  1	
194	 85	765	  1	
194	124	765	  1	
194	208	765	  1	
194	552	765	  1	
195	299	765	  1	
195	311	765	  1	
195	599	765	  1	
196	256	765	  1	
196	343	765	  1	
197	303	765	  1	
197	327	765	  1	
197	334	765	  1	
197	367	765	  1	
198	214	765	  1	
198	337	765	  1	
199	  3	765	  1	
199	 16	765	  1	
199	 84	765	  1	
199	120	765	  1	
199	144	765	  1	
199	152	765	  1	
199	159	765	  1	
199	288	765	  1	
199	323	765	  1	
200	 64	765	  1	
200	119	765	  1	
200	165	765	  1	
200	269	765	  1	
200	294	765	  1	
200	328	765	  1	
200	352	765	  1	
200	377	765	  1	
200	519	765	  1	
200	528	765	  1	
202	386	765	  1	
203	 21	765	  1	
203	275	765	  1	
203	335	765	  1	
203	391	765	  1	
203	461	765	  1	
205	 70	765	  1	
205	 87	765	  1	
205	176	765	  1	
206	239	765	  1	
206	327	765	  1	
206	528	765	  1	
207	 79	765	  1	
207	155	765	  1	
207	294	765	  1	
207	368	765	  1	
208	 67	765	  1	
208	 93	765	  1	
208	143	765	  1	
208	192	765	  1	
208	198	765	  1	
208	205	765	  1	
208	210	765	  1	
208	286	765	  1	
210	280	765	  1	
210	456	765	  1	
211	 78	765	  1	
211	184	765	  1	
213	159	765	  1	
213	243	765	  1	
214	 72	765	  1	
214	 88	765	  1	
215	147	765	  1	
215	154	765	  1	
215	223	765	  1	
215	268	765	  1	
215	284	765	  1	
215	291	765	  1	
215	368	765	  1	
216	  0	765	  1	
216	  7	765	  1	
216	 39	765	  1	
216	 94	765	  1	
216	106	765	  1	
216	120	765	  1	
216	124	765	  1	
216	224	765	  1	
216	377	765	  1	
216	400	765	  1	
216	407	765	  1	
216	431	765	  1	
216	544	765	  1	
216	551	765	  1	
217	 48	765	  1	
217	448	765	  1	
218	104	765	  1	
218	111	765	  1	
218	136	765	  1	
218	143	765	  1	
218	254	765	  1	
218	304	765	  1	
219	 88	765	  1	
219	182	765	  1	
219	345	765	  1	
220	455	765	  1	
221	 95	765	  1	
221	152	765	  1	
221	168	765	  1	
221	208	765	  1	
222	107	765	  1	
222	125	765	  1	
222	248	765	  1	
222	403	765	  1	
223	120	765	  1	
223	136	765	  1	
223	448	765	  1	
223	547	765	  1	
224	 40	765	  1	
224	 69	765	  1	
224	 75	765	  1	
224	 99	765	  1	
224	144	765	  1	
224	201	765	  1	
224	280	765	  1	
224	287	765	  1	
224	357	765	  1	
224	471	765	  1	
224	534	765	  1	
226	 64	765	  1	
226	 95	765	  1	
226	128	765	  1	
226	295	765	  1	
226	311	765	  1	
226	331	765	  1	
226	386	765	  1	
227	322	765	  1	
227	360	765	  1	
227	391	765	  1	
227	456	765	  1	
228	 88	765	  1	
228	 99	765	  1	
228	151	765	  1	
229	 78	765	  1	
229	120	765	  1	
229	168	765	  1	
229	210	765	  1	
229	264	765	  1	
229	408	765	  1	
229	432	765	  1	
230	 70	765	  1	
230	248	765	  1	
230	335	765	  1	
231	290	765	  1	
231	327	765	  1	
231	400	765	  1	
231	544	765	  1	
231	580	765	  1	
232	  6	765	  1	
232	 15	765	  1	
232	 51	765	  1	
232	106	765	  1	
232	118	765	  1	
232	139	765	  1	
232	182	765	  1	
232	191	765	  1	
232	195	765	  1	
232	231	765	  1	
232	242	765	  1	
232	304	765	  1	
232	311	765	  1	
232	368	765	  1	
232	392	765	  1	
232	451	765	  1	
232	456	765	  1	
233	 63	765	  1	
234	594	765	  1	
235	 79	765	  1	
235	144	765	  1	
235	463	765	  1	
236	112	765	  1	
236	175	765	  1	
236	207	765	  1	
236	224	765	  1	
237	 88	765	  1	
237	202	765	  1	
237	239	765	  1	
238	 64	765	  1	
238	104	765	  1	
238	368	765	  1	
238	466	765	  1	
239	 48	765	  1	
239	 70	765	  1	
239	448	765	  1	
239	455	765	  1	
239	459	765	  1	
239	463	765	  1	
239	594	765	  1	
240	 85	765	  1	
240	 96	765	  1	
240	105	765	  1	
240	142	765	  1	
240	158	765	  1	
240	168	765	  1	
240	199	765	  1	
240	229	765	  1	
240	280	765	  1	
240	286	765	  1	
240	296	765	  1	
240	399	765	  1	
240	483	765	  1	
240	599	765	  1	
241	136	765	  1	
241	400	765	  1	
242	183	765	  1	
242	224	765	  1	
243	112	765	  1	
243	192	765	  1	
243	406	765	  1	
243	504	765	  1	
245	120	765	  1	
245	155	765	  1	
245	392	765	  1	
245	464	765	  1	
245	469	765	  1	
246	 96	765	  1	
246	128	765	  1	
246	147	765	  1	
246	376	765	  1	
247	 72	765	  1	
247	168	765	  1	
247	239	765	  1	
247	296	765	  1	
247	384	765	  1	
247	451	765	  1	
248	 67	765	  1	
248	 88	765	  1	
248	160	765	  1	
248	180	765	  1	
248	185	765	  1	
248	216	765	  1	
248	253	765	  1	
248	274	765	  1	
248	364	765	  1	
248	429	765	  1	
248	439	765	  1	
248	516	765	  1	
248	544	765	  1	
248	549	765	  1	
248	559	765	  1	
249	194	765	  1	
250	232	765	  1	
250	293	765	  1	
250	382	765	  1	
250	389	765	  1	
250	456	765	  1	
251	135	765	  1	
251	141	765	  1	
251	175	765	  1	
251	191	765	  1	
253	 38	765	  1	
253	 47	765	  1	
253	110	765	  1	
253	264	765	  1	
253	290	765	  1	
253	424	765	  1	
255	  8	765	  1	
255	 15	765	  1	
255	221	765	  1	
255	328	765	  1	
255	384	765	  1	
256	 24	765	  1	
256	 77	765	  1	
256	132	765	  1	
256	145	765	  1	
256	183	765	  1	
256	197	765	  1	
256	216	765	  1	
256	256	765	  1	
256	286	765	  1	
256	299	765	  1	
256	402	765	  1	
256	461	765	  1	
256	482	765	  1	
256	496	765	  1	
256	532	765	  1	
258	124	765	  1	
258	192	765	  1	
258	207	765	  1	
258	246	765	  1	
259	272	765	  1	
259	277	765	  1	
260	 39	765	  1	
260	289	765	  1	
261	 72	765	  1	
261	219	765	  1	
261	280	765	  1	
261	440	765	  1	
261	456	765	  1	
261	528	765	  1	
262	 66	765	  1	
262	170	765	  1	
262	198	765	  1	
262	303	765	  1	
263	 24	765	  1	
263	133	765	  1	
263	312	765	  1	
263	525	765	  1	
263	534	765	  1	
264	 53	765	  1	
264	 61	765	  1	
264	100	765	  1	
264	112	765	  1	
264	126	765	  1	
264	136	765	  1	
264	183	765	  1	
264	201	765	  1	
264	264	765	  1	
264	288	765	  1	
264	295	765	  1	
264	304	765	  1	
264	328	765	  1	
264	344	765	  1	
264	408	765	  1	
264	416	765	  1	
264	423	765	  1	
264	528	765	  1	
264	539	765	  1	
265	240	765	  1	
265	247	765	  1	
267	 64	765	  1	
267	311	765	  1	
267	376	765	  1	
268	207	765	  1	
268	351	765	  1	
269	 30	765	  1	
269	128	765	  1	
269	160	765	  1	
269	176	765	  1	
269	192	765	  1	
269	368	765	  1	
269	446	765	  1	
269	479	765	  1	
270	112	765	  1	
270	123	765	  1	
270	363	765	  1	
271	264	765	  1	
271	304	765	  1	
271	328	765	  1	
271	344	765	  1	
271	471	765	  1	
271	519	765	  1	
271	526	765	  1	
272	  0	765	  1	
272	  6	765	  1	
272	 17	765	  1	
272	 36	765	  1	
272	 42	765	  1	
272	 64	765	  1	
272	 70	765	  1	
272	 74	765	  1	
272	 89	765	  1	
272	120	765	  1	
272	127	765	  1	
272	156	765	  1	
272	170	765	  1	
272	205	765	  1	
272	224	765	  1	
272	249	765	  1	
272	336	765	  1	
272	402	765	  1	
272	536	765	  1	
272	543	765	  1	
273	 79	765	  1	
273	135	765	  1	
273	160	765	  1	
274	344	765	  1	
275	 80	765	  1	
275	263	765	  1	
275	432	765	  1	
276	 47	765	  1	
276	348	765	  1	
276	538	765	  1	
277	230	765	  1	
277	254	765	  1	
278	 13	765	  1	
278	 36	765	  1	
278	165	765	  1	
279	 77	765	  1	
280	 64	765	  1	
280	137	765	  1	
280	144	765	  1	
280	213	765	  1	
280	242	765	  1	
280	265	765	  1	
280	328	765	  1	
280	368	765	  1	
280	375	765	  1	
280	385	765	  1	
280	392	765	  1	
280	416	765	  1	
280	427	765	  1	
280	439	765	  1	
280	458	765	  1	
280	567	765	  1	
281	391	765	  1	
282	  9	765	  1	
282	 71	765	  1	
282	152	765	  1	
282	423	765	  1	
283	160	765	  1	
283	190	765	  1	
283	408	765	  1	
283	432	765	  1	
283	504	765	  1	
284	385	765	  1	
285	 66	765	  1	
285	 82	765	  1	
285	131	765	  1	
285	174	765	  1	
285	247	765	  1	
285	399	765	  1	
285	446	765	  1	
286	 36	765	  1	
286	 78	765	  1	
286	242	765	  1	
286	394	765	  1	
286	428	765	  1	
287	 70	765	  1	
287	155	765	  1	
287	200	765	  1	
287	345	765	  1	
287	371	765	  1	
287	439	765	  1	
287	567	765	  1	
288	  8	765	  1	
288	 21	765	  1	
288	 28	765	  1	
288	 88	765	  1	
288	 94	765	  1	
288	134	765	  1	
288	152	765	  1	
288	181	765	  1	
288	255	765	  1	
288	417	765	  1	
288	427	765	  1	
288	430	765	  1	
288	501	765	  1	
288	519	765	  1	
289	200	765	  1	
289	384	765	  1	
290	 54	765	  1	
290	141	765	  1	
291	 63	765	  1	
292	  8	765	  1	
292	167	765	  1	
292	391	765	  1	
293	 72	765	  1	
293	438	765	  1	
294	 85	765	  1	
294	129	765	  1	
294	389	765	  1	
294	472	765	  1	
295	 48	765	  1	
295	142	765	  1	
295	344	765	  1	
295	351	765	  1	
296	 21	765	  1	
296	 79	765	  1	
296	150	765	  1	
296	201	765	  1	
296	252	765	  1	
296	301	765	  1	
296	373	765	  1	
296	407	765	  1	
296	438	765	  1	
296	516	765	  1	
296	528	765	  1	
298	296	765	  1	
299	  0	765	  1	
299	 88	765	  1	
299	144	765	  1	
299	240	765	  1	
299	351	765	  1	
299	400	765	  1	
299	500	765	  1	
299	535	765	  1	
299	578	765	  1	
301	 16	765	  1	
301	131	765	  1	
301	160	765	  1	
301	176	765	  1	
301	192	765	  1	
301	360	765	  1	
301	367	765	  1	
301	511	765	  1	
301	519	765	  1	
301	592	765	  1	
302	151	765	  1	
302	154	765	  1	
302	255	765	  1	
302	302	765	  1	
303	320	765	  1	
303	407	765	  1	
303	464	765	  1	
303	528	765	  1	
304	120	765	  1	
304	217	765	  1	
304	287	765	  1	
304	316	765	  1	
304	354	765	  1	
304	423	765	  1	
304	432	765	  1	
304	440	765	  1	
304	507	765	  1	
304	520	765	  1	
304	527	765	  1	
305	376	765	  1	
307	 86	765	  1	
307	174	765	  1	
308	255	765	  1	
309	 77	765	  1	
309	190	765	  1	
309	312	765	  1	
310	123	765	  1	
310	463	765	  1	
311	523	765	  1	
312	 52	765	  1	
312	 80	765	  1	
312	 90	765	  1	
312	 96	765	  1	
312	134	765	  1	
312	168	765	  1	
312	196	765	  1	
312	238	765	  1	
312	244	765	  1	
312	259	765	  1	
312	308	765	  1	
312	368	765	  1	
312	374	765	  1	
312	393	765	  1	
312	424	765	  1	
312	432	765	  1	
312	448	765	  1	
312	474	765	  1	
312	480	765	  1	
312	558	765	  1	
313	 95	765	  1	
313	232	765	  1	
314	140	765	  1	
314	359	765	  1	
315	431	765	  1	
315	455	765	  1	
315	471	765	  1	
317	 43	765	  1	
317	197	765	  1	
317	304	765	  1	
317	344	765	  1	
317	456	765	  1	
317	492	765	  1	
318	 21	765	  1	
318	384	765	  1	
319	 96	765	  1	
319	216	765	  1	
319	424	765	  1	
319	448	765	  1	
319	464	765	  1	
319	480	765	  1	
320	 72	765	  1	
320	 91	765	  1	
320	104	765	  1	
320	115	765	  1	
320	170	765	  1	
320	243	765	  1	
320	251	765	  1	
320	257	765	  1	
320	292	765	  1	
320	320	765	  1	
320	368	765	  1	
320	376	765	  1	
320	383	765	  1	
320	416	765	  1	
320	420	765	  1	
320	443	765	  1	
320	472	765	  1	
321	384	765	  1	
322	182	765	  1	
322	318	765	  1	
322	360	765	  1	
322	412	765	  1	
323	 64	765	  1	
323	 82	765	  1	
323	267	765	  1	
323	432	765	  1	
323	463	765	  1	
324	479	765	  1	
325	 78	765	  1	
325	152	765	  1	
325	192	765	  1	
325	439	765	  1	
326	 39	765	  1	
326	255	765	  1	
326	397	765	  1	
326	403	765	  1	
327	167	765	  1	
327	181	765	  1	
327	246	765	  1	
327	318	765	  1	
327	336	765	  1	
327	343	765	  1	
327	363	765	  1	
327	379	765	  1	
327	440	765	  1	
327	456	765	  1	
328	 64	765	  1	
328	 96	765	  1	
328	200	765	  1	
328	205	765	  1	
328	217	765	  1	
328	240	765	  1	
328	260	765	  1	
328	272	765	  1	
328	278	765	  1	
328	408	765	  1	
328	439	765	  1	
328	464	765	  1	
328	519	765	  1	
330	 70	765	  1	
330	233	765	  1	
330	424	765	  1	
330	520	765	  1	
331	171	765	  1	
331	316	765	  1	
331	384	765	  1	
331	512	765	  1	
332	376	765	  1	
333	 62	765	  1	
333	224	765	  1	
333	266	765	  1	
333	296	765	  1	
333	355	765	  1	
333	434	765	  1	
334	219	765	  1	
334	383	765	  1	
335	152	765	  1	
335	491	765	  1	
336	 16	765	  1	
336	 80	765	  1	
336	107	765	  1	
336	117	765	  1	
336	130	765	  1	
336	149	765	  1	
336	200	765	  1	
336	280	765	  1	
336	315	765	  1	
336	321	765	  1	
338	232	765	  1	
338	264	765	  1	
339	 30	765	  1	
339	269	765	  1	
340	 16	765	  1	
340	110	765	  1	
340	184	765	  1	
340	240	765	  1	
340	340	765	  1	
341	144	765	  1	
341	416	765	  1	
341	456	765	  1	
342	 84	765	  1	
342	189	765	  1	
342	284	765	  1	
342	312	765	  1	
342	319	765	  1	
343	 27	765	  1	
343	467	765	  1	
343	504	765	  1	
344	  8	765	  1	
344	 32	765	  1	
344	 61	765	  1	
344	105	765	  1	
344	147	765	  1	
344	163	765	  1	
344	176	765	  1	
344	234	765	  1	
344	239	765	  1	
344	254	765	  1	
344	262	765	  1	
344	296	765	  1	
344	371	765	  1	
344	560	765	  1	
345	171	765	  1	
345	320	765	  1	
345	544	765	  1	
346	 78	765	  1	
346	360	765	  1	
347	112	765	  1	
347	272	765	  1	
347	375	765	  1	
348	 11	765	  1	
348	 56	765	  1	
348	 60	765	  1	
348	 69	765	  1	
348	140	765	  1	
348	150	765	  1	
349	160	765	  1	
349	184	765	  1	
349	200	765	  1	
349	247	765	  1	
350	 32	765	  1	
350	 72	765	  1	
350	210	765	  1	
351	 47	765	  1	
351	262	765	  1	
351	303	765	  1	
351	384	765	  1	
351	591	765	  1	
352	  0	765	  1	
352	 21	765	  1	
352	117	765	  1	
352	189	765	  1	
352	248	765	  1	
352	256	765	  1	
352	393	765	  1	
352	484	765	  1	
354	130	765	  1	
354	399	765	  1	
355	 32	765	  1	
355	151	765	  1	
355	279	765	  1	
355	288	765	  1	
355	368	765	  1	
355	375	765	  1	
355	495	765	  1	
357	 16	765	  1	
357	104	765	  1	
357	386	765	  1	
358	378	765	  1	
358	394	765	  1	
359	144	765	  1	
359	211	765	  1	
359	249	765	  1	
359	335	765	  1	
359	359	765	  1	
359	391	765	  1	
359	487	765	  1	
360	 19	765	  1	
360	 31	765	  1	
360	 64	765	  1	
360	136	765	  1	
360	152	765	  1	
360	176	765	  1	
360	184	765	  1	
360	256	765	  1	
360	271	765	  1	
360	360	765	  1	
360	368	765	  1	
360	415	765	  1	
360	446	765	  1	
360	456	765	  1	
361	175	765	  1	
361	408	765	  1	
362	487	765	  1	
363	  0	765	  1	
363	120	765	  1	
364	 31	765	  1	
364	 90	765	  1	
364	360	765	  1	
365	 56	765	  1	
365	103	765	  1	
365	158	765	  1	
365	199	765	  1	
365	254	765	  1	
365	444	765	  1	
366	 40	765	  1	
366	136	765	  1	
366	188	765	  1	
366	271	765	  1	
366	432	765	  1	
366	474	765	  1	
367	131	765	  1	
367	167	765	  1	
367	320	765	  1	
367	439	765	  1	
367	543	765	  1	
368	 16	765	  1	
368	 23	765	  1	
368	 46	765	  1	
368	108	765	  1	
368	126	765	  1	
368	134	765	  1	
368	205	765	  1	
368	236	765	  1	
368	265	765	  1	
368	447	765	  1	
368	535	765	  1	
369	280	765	  1	
369	405	765	  1	
370	 66	765	  1	
370	232	765	  1	
371	 87	765	  1	
371	285	765	  1	
371	415	765	  1	
371	440	765	  1	
372	172	765	  1	
373	 43	765	  1	
373	 92	765	  1	
373	131	765	  1	
373	259	765	  1	
374	127	765	  1	
374	144	765	  1	
374	280	765	  1	
375	  0	765	  1	
375	180	765	  1	
375	219	765	  1	
375	352	765	  1	
375	407	765	  1	
375	447	765	  1	
376	 48	765	  1	
376	 72	765	  1	
376	 78	765	  1	
376	114	765	  1	
376	155	765	  1	
376	240	765	  1	
376	271	765	  1	
376	306	765	  1	
376	471	765	  1	
378	148	765	  1	
378	192	765	  1	
378	257	765	  1	
378	267	765	  1	
379	  8	765	  1	
379	 87	765	  1	
379	536	765	  1	
380	371	765	  1	
381	 56	765	  1	
381	 75	765	  1	
381	128	765	  1	
381	271	765	  1	
381	368	765	  1	
382	 28	765	  1	
382	256	765	  1	
383	  0	765	  1	
383	 80	765	  1	
383	266	765	  1	
383	415	765	  1	
383	439	765	  1	
384	  9	765	  1	
384	 63	765	  1	
384	 70	765	  1	
384	144	765	  1	
384	155	765	  1	
384	232	765	  1	
384	272	765	  1	
384	291	765	  1	
384	354	765	  1	
384	370	765	  1	
384	375	765	  1	
384	390	765	  1	
384	405	765	  1	
384	448	765	  1	
384	488	765	  1	
384	495	765	  1	
384	552	765	  1	
385	 22	765	  1	
385	575	765	  1	
386	 32	765	  1	
386	117	765	  1	
386	384	765	  1	
387	 48	765	  1	
387	194	765	  1	
388	 40	765	  1	
388	240	765	  1	
388	400	765	  1	
388	584	765	  1	
389	 67	765	  1	
389	160	765	  1	
389	391	765	  1	
390	157	765	  1	
390	288	765	  1	
391	  3	765	  1	
391	 21	765	  1	
391	 46	765	  1	
391	 55	765	  1	
391	 59	765	  1	
391	560	765	  1	
392	 18	765	  1	
392	 64	765	  1	
392	 77	765	  1	
392	 93	765	  1	
392	133	765	  1	
392	147	765	  1	
392	168	765	  1	
392	176	765	  1	
392	237	765	  1	
392	272	765	  1	
392	477	765	  1	
392	488	765	  1	
393	355	765	  1	
394	211	765	  1	
394	220	765	  1	
395	 24	765	  1	
395	299	765	  1	
395	496	765	  1	
396	200	765	  1	
396	291	765	  1	
396	471	765	  1	
396	476	765	  1	
397	 23	765	  1	
397	 86	765	  1	
397	118	765	  1	
397	175	765	  1	
398	144	765	  1	
398	159	765	  1	
398	274	765	  1	
399	 31	765	  1	
399	 33	765	  1	
399	 45	765	  1	
399	264	765	  1	
399	488	765	  1	
400	  5	765	  1	
400	 20	765	  1	
400	107	765	  1	
400	177	765	  1	
400	213	765	  1	
400	243	765	  1	
400	399	765	  1	
400	405	765	  1	
400	458	765	  1	
401	  0	765	  1	
402	 67	765	  1	
402	 79	765	  1	
402	116	765	  1	
402	400	765	  1	
403	 15	765	  1	
403	152	765	  1	
403	367	765	  1	
403	382	765	  1	
403	395	765	  1	
405	  0	765	  1	
405	 88	765	  1	
405	250	765	  1	
406	112	765	  1	
406	176	765	  1	
406	186	765	  1	
406	191	765	  1	
406	240	765	  1	
406	247	765	  1	
406	416	765	  1	
407	213	765	  1	
408	  5	765	  1	
408	 99	765	  1	
408	109	765	  1	
408	146	765	  1	
408	151	765	  1	
408	171	765	  1	
408	181	765	  1	
408	208	765	  1	
408	224	765	  1	
408	231	765	  1	
408	254	765	  1	
408	274	765	  1	
408	348	765	  1	
408	358	765	  1	
408	389	765	  1	
408	424	765	  1	
408	526	765	  1	
410	 80	765	  1	
411	 16	765	  1	
411	 39	765	  1	
411	136	765	  1	
411	576	765	  1	
412	119	765	  1	
413	176	765	  1	
413	213	765	  1	
413	384	765	  1	
413	439	765	  1	
415	  3	765	  1	
415	227	765	  1	
415	435	765	  1	
416	 72	765	  1	
416	 76	765	  1	
416	 98	765	  1	
416	144	765	  1	
416	166	765	  1	
416	192	765	  1	
416	208	765	  1	
416	222	765	  1	
416	267	765	  1	
416	312	765	  1	
416	328	765	  1	
416	336	765	  1	
416	376	765	  1	
416	383	765	  1	
416	483	765	  1	
416	504	765	  1	
417	216	765	  1	
418	 95	765	  1	
418	243	765	  1	
418	320	765	  1	
419	 56	765	  1	
419	204	765	  1	
419	211	765	  1	
419	344	765	  1	
419	400	765	  1	
420	 80	765	  1	
420	 91	765	  1	
420	162	765	  1	
420	192	765	  1	
421	  0	765	  1	
421	 96	765	  1	
421	221	765	  1	
422	110	765	  1	
422	349	765	  1	
423	 36	765	  1	
423	196	765	  1	
423	379	765	  1	
424	 46	765	  1	
424	112	765	  1	
424	157	765	  1	
424	189	765	  1	
424	224	765	  1	
424	230	765	  1	
424	520	765	  1	
424	528	765	  1	
424	543	765	  1	
425	117	765	  1	
425	193	765	  1	
425	202	765	  1	
426	 92	765	  1	
426	255	765	  1	
427	 56	765	  1	
427	 72	765	  1	
427	211	765	  1	
428	  2	765	  1	
428	112	765	  1	
429	 67	765	  1	
429	168	765	  1	
429	184	765	  1	
429	248	765	  1	
429	367	765	  1	
430	 29	765	  1	
430	 76	765	  1	
431	 46	765	  1	
431	104	765	  1	
431	192	765	  1	
432	 64	765	  1	
432	 87	765	  1	
432	 96	765	  1	
432	114	765	  1	
432	231	765	  1	
432	247	765	  1	
432	320	765	  1	
432	352	765	  1	
432	423	765	  1	
433	415	765	  1	
434	 24	765	  1	
434	102	765	  1	
434	105	765	  1	
435	357	765	  1	
435	408	765	  1	
436	 96	765	  1	
437	 30	765	  1	
437	 72	765	  1	
437	392	765	  1	
438	 12	765	  1	
439	  2	765	  1	
439	 24	765	  1	
439	160	765	  1	
439	194	765	  1	
439	320	765	  1	
439	352	765	  1	
439	456	765	  1	
439	540	765	  1	
440	  0	765	  1	
440	 31	765	  1	
440	100	765	  1	
440	107	765	  1	
440	137	765	  1	
440	143	765	  1	
440	148	765	  1	
440	243	765	  1	
440	298	765	  1	
440	303	765	  1	
440	365	765	  1	
440	368	765	  1	
440	478	765	  1	
440	599	765	  1	
441	183	765	  1	
441	208	765	  1	
442	 38	765	  1	
442	111	765	  1	
442	166	765	  1	
442	361	765	  1	
443	 54	765	  1	
443	176	765	  1	
443	223	765	  1	
444	 32	765	  1	
444	202	765	  1	
445	408	765	  1	
446	103	765	  1	
446	106	765	  1	
446	136	765	  1	
446	180	765	  1	
446	194	765	  1	
446	472	765	  1	
447	  0	765	  1	
447	 39	765	  1	
447	181	765	  1	
447	214	765	  1	
447	411	765	  1	
447	415	765	  1	
448	  8	765	  1	
448	 56	765	  1	
448	 59	765	  1	
448	 63	765	  1	
448	112	765	  1	
448	133	765	  1	
448	167	765	  1	
448	208	765	  1	
448	224	765	  1	
448	231	765	  1	
448	256	765	  1	
448	263	765	  1	
448	296	765	  1	
448	360	765	  1	
450	 37	765	  1	
450	160	765	  1	
450	183	765	  1	
450	223	765	  1	
452	 96	765	  1	
452	151	765	  1	
452	179	765	  1	
452	431	765	  1	
453	128	765	  1	
453	235	765	  1	
454	 32	765	  1	
454	 37	765	  1	
454	171	765	  1	
454	200	765	  1	
454	343	765	  1	
455	  8	765	  1	
455	146	765	  1	
455	183	765	  1	
455	216	765	  1	
455	227	765	  1	
455	259	765	  1	
455	296	765	  1	
456	 19	765	  1	
456	 64	765	  1	
456	 78	765	  1	
456	104	765	  1	
456	144	765	  1	
456	175	765	  1	
456	197	765	  1	
456	205	765	  1	
456	224	765	  1	
456	527	765	  1	
457	168	765	  1	
457	190	765	  1	
458	110	765	  1	
459	 32	765	  1	
459	 61	765	  1	
459	215	765	  1	
459	232	765	  1	
459	371	765	  1	
460	 56	765	  1	
460	 87	765	  1	
461	 16	765	  1	
461	 30	765	  1	
461	 48	765	  1	
461	 53	765	  1	
461	127	765	  1	
461	184	765	  1	
461	287	765	  1	
462	104	765	  1	
462	144	765	  1	
462	176	765	  1	
463	124	765	  1	
463	200	765	  1	
463	224	765	  1	
464	 69	765	  1	
464	 94	765	  1	
464	 97	765	  1	
464	112	765	  1	
464	119	765	  1	
464	127	765	  1	
464	180	765	  1	
464	307	765	  1	
464	336	765	  1	
464	349	765	  1	
465	280	765	  1	
466	241	765	  1	
467	177	765	  1	
467	184	765	  1	
467	199	765	  1	
467	343	765	  1	
468	115	765	  1	
468	218	765	  1	
469	  0	765	  1	
469	 32	765	  1	
469	 48	765	  1	
469	 75	765	  1	
469	110	765	  1	
469	288	765	  1	
469	298	765	  1	
470	 59	765	  1	
470	215	765	  1	
470	344	765	  1	
471	 69	765	  1	
471	144	765	  1	
471	195	765	  1	
471	205	765	  1	
471	211	765	  1	
471	232	765	  1	
471	331	765	  1	
471	336	765	  1	
471	401	765	  1	
471	463	765	  1	
472	 67	765	  1	
472	 82	765	  1	
472	 91	765	  1	
472	131	765	  1	
472	139	765	  1	
472	247	765	  1	
472	272	765	  1	
472	276	765	  1	
472	451	765	  1	
473	 24	765	  1	
473	144	765	  1	
474	148	765	  1	
474	342	765	  1	
475	157	765	  1	
475	359	765	  1	
476	120	765	  1	
477	 78	765	  1	
477	242	765	  1	
478	149	765	  1	
478	176	765	  1	
478	327	765	  1	
478	355	765	  1	
479	 87	765	  1	
479	184	765	  1	
479	336	765	  1	
480	 12	765	  1	
480	 64	765	  1	
480	 93	765	  1	
480	112	765	  1	
480	203	765	  1	
480	231	765	  1	
480	256	765	  1	
480	260	765	  1	
480	266	765	  1	
480	416	765	  1	
482	  7	765	  1	
482	262	765	  1	
482	299	765	  1	
483	  0	765	  1	
483	 32	765	  1	
485	240	765	  1	
486	 13	765	  1	
487	 64	765	  1	
487	200	765	  1	
487	207	765	  1	
487	351	765	  1	
487	399	765	  1	
488	 37	765	  1	
488	 66	765	  1	
488	144	765	  1	
488	152	765	  1	
488	184	765	  1	
488	248	765	  1	
488	255	765	  1	
488	275	765	  1	
488	288	765	  1	
489	266	765	  1	
489	392	765	  1	
490	244	765	  1	
490	263	765	  1	
491	120	765	  1	
491	282	765	  1	
492	152	765	  1	
493	 85	765	  1	
493	294	765	  1	
494	167	765	  1	
495	  0	765	  1	
495	163	765	  1	
496	 16	765	  1	
496	 32	765	  1	
496	124	765	  1	
496	128	765	  1	
496	237	765	  1	
496	304	765	  1	
496	315	765	  1	
496	319	765	  1	
496	335	765	  1	
496	341	765	  1	
497	 88	765	  1	
498	160	765	  1	
498	208	765	  1	
499	120	765	  1	
499	151	765	  1	
500	174	765	  1	
500	472	765	  1	
500	503	765	  1	
501	 16	765	  1	
501	 36	765	  1	
501	232	765	  1	
501	254	765	  1	
502	104	765	  1	
502	336	765	  1	
503	307	765	  1	
504	 24	765	  1	
504	 81	765	  1	
504	143	765	  1	
504	173	765	  1	
504	184	765	  1	
504	224	765	  1	
504	231	765	  1	
504	247	765	  1	
504	296	765	  1	
504	320	765	  1	
505	 28	765	  1	
505	352	765	  1	
506	110	765	  1	
506	172	765	  1	
506	282	765	  1	
507	155	765	  1	
507	167	765	  1	
507	199	765	  1	
507	227	765	  1	
509	146	765	  1	
509	208	765	  1	
509	328	765	  1	
510	 37	765	  1	
510	104	765	  1	
510	162	765	  1	
510	168	765	  1	
511	191	765	  1	
511	224	765	  1	
511	231	765	  1	
511	320	765	  1	
512	 48	765	  1	
512	 55	765	  1	
512	 65	765	  1	
512	 74	765	  1	
512	102	765	  1	
512	112	765	  1	
512	124	765	  1	
512	211	765	  1	
512	223	765	  1	
512	237	765	  1	
514	 80	765	  1	
514	174	765	  1	
514	232	765	  1	
515	155	765	  1	
515	162	765	  1	
515	248	765	  1	
515	296	765	  1	
516	 89	765	  1	
516	120	765	  1	
517	146	765	  1	
517	151	765	  1	
517	183	765	  1	
518	100	765	  1	
518	168	765	  1	
518	238	765	  1	
518	255	765	  1	
519	 51	765	  1	
519	 95	765	  1	
519	335	765	  1	
520	 27	765	  1	
520	 61	765	  1	
520	 75	765	  1	
520	131	765	  1	
520	147	765	  1	
520	176	765	  1	
520	184	765	  1	
520	191	765	  1	
520	199	765	  1	
520	222	765	  1	
520	225	765	  1	
520	229	765	  1	
520	232	765	  1	
520	264	765	  1	
520	271	765	  1	
520	285	765	  1	
520	308	765	  1	
520	315	765	  1	
520	479	765	  1	
522	  8	765	  1	
522	 56	765	  1	
522	104	765	  1	
522	183	765	  1	
522	255	765	  1	
522	330	765	  1	
523	152	765	  1	
524	115	765	  1	
524	144	765	  1	
525	 88	765	  1	
525	111	765	  1	
525	126	765	  1	
525	229	765	  1	
525	303	765	  1	
526	 62	765	  1	
526	225	765	  1	
526	280	765	  1	
526	311	765	  1	
527	104	765	  1	
527	178	765	  1	
527	187	765	  1	
527	205	765	  1	
527	319	765	  1	
527	359	765	  1	
528	  4	765	  1	
528	 43	765	  1	
528	128	765	  1	
528	148	765	  1	
528	152	765	  1	
528	230	765	  1	
528	245	765	  1	
528	248	765	  1	
528	303	765	  1	
531	 72	765	  1	
531	216	765	  1	
531	296	765	  1	
531	340	765	  1	
532	111	765	  1	
533	 96	765	  1	
533	115	765	  1	
533	240	765	  1	
534	120	765	  1	
534	255	765	  1	
535	 40	765	  1	
535	 47	765	  1	
535	 88	765	  1	
535	223	765	  1	
535	303	765	  1	
535	336	765	  1	
536	 18	765	  1	
536	 26	765	  1	
536	 50	765	  1	
536	 60	765	  1	
536	219	765	  1	
538	 93	765	  1	
538	104	765	  1	
538	255	765	  1	
539	135	765	  1	
539	179	765	  1	
540	227	765	  1	
540	236	765	  1	
542	 48	765	  1	
542	231	765	  1	
542	412	765	  1	
543	219	765	  1	
543	224	765	  1	
544	 30	765	  1	
544	 96	765	  1	
544	124	765	  1	
544	131	765	  1	
544	160	765	  1	
544	167	765	  1	
544	176	765	  1	
544	208	765	  1	
544	245	765	  1	
544	287	765	  1	
544	379	765	  1	
545	 80	765	  1	
545	254	765	  1	
547	  7	765	  1	
547	120	765	  1	
548	239	765	  1	
548	355	765	  1	
549	 88	765	  1	
549	184	765	  1	
550	 18	765	  1	
550	124	765	  1	
551	 80	765	  1	
551	 93	765	  1	
551	163	765	  1	
551	208	765	  1	
551	232	765	  1	
551	450	765	  1	
552	 72	765	  1	
552	 79	765	  1	
552	136	765	  1	
552	143	765	  1	
552	151	765	  1	
552	197	765	  1	
552	224	765	  1	
552	229	765	  1	
552	263	765	  1	
552	280	765	  1	
552	299	765	  1	
552	307	765	  1	
552	383	765	  1	
553	184	765	  1	
554	112	765	  1	
554	368	765	  1	
556	336	765	  1	
557	157	765	  1	
557	160	765	  1	
557	226	765	  1	
558	147	765	  1	
558	240	765	  1	
559	 75	765	  1	
559	139	765	  1	
559	165	765	  1	
560	  3	765	  1	
560	 51	765	  1	
560	103	765	  1	
560	160	765	  1	
560	192	765	  1	
560	204	765	  1	
560	245	765	  1	
560	272	765	  1	
560	352	765	  1	
562	389	765	  1	
563	 96	765	  1	
565	 48	765	  1	
565	 71	765	  1	
565	166	765	  1	
565	256	765	  1	
567	  0	765	  1	
567	  7	765	  1	
567	103	765	  1	
567	245	765	  1	
567	329	765	  1	
568	 72	765	  1	
568	 79	765	  1	
568	160	765	  1	
568	208	765	  1	
571	 80	765	  1	
573	136	765	  1	
575	 75	765	  1	
575	163	765	  1	
575	335	765	  1	
576	 65	765	  1	
576	187	765	  1	
576	200	765	  1	
576	224	765	  1	
576	239	765	  1	
576	287	765	  1	
576	312	765	  1	
576	319	765	  1	
576	359	765	  1	
576	456	765	  1	
578	229	765	  1	
579	207	765	  1	
579	232	765	  1	
579	280	765	  1	
580	520	765	  1	
582	104	765	  1	
582	224	765	  1	
583	184	765	  1	
583	191	765	  1	
583	200	765	  1	
583	239	765	  1	
583	287	765	  1	
583	315	765	  1	
584	 93	765	  1	
584	102	765	  1	
584	111	765	  1	
584	134	765	  1	
584	157	765	  1	
584	163	765	  1	
584	240	765	  1	
584	265	765	  1	
584	336	765	  1	
584	419	765	  1	
584	472	765	  1	
587	152	765	  1	
589	136	765	  1	
589	186	765	  1	
589	375	765	  1	
590	311	765	  1	
590	339	765	  1	
591	122	765	  1	
591	160	765	  1	
591	167	765	  1	
591	264	765	  1	
592	168	765	  1	
592	178	765	  1	
592	277	765	  1	
592	281	765	  1	
592	290	765	  1	
592	352	765	  1	
592	562	765	  1	
594	288	765	  1	
595	 63	765	  1	
595	 96	765	  1	
595	106	765	  1	
595	266	765	  1	
596	303	765	  1	
597	216	765	  1	
597	223	765	  1	
599	100	765	  1	
600	 64	765	  1	
600	 95	765	  1	
600	246	765	  1	
600	448	765	  1	
600	590	765	  1	
604	  0	765	  1	
604	 79	765	  1	
605	175	765	  1	
605	255	765	  1	
605	298	765	  1	
607	 68	765	  1	
607	120	765	  1	
607	295	765	  1	
608	 66	765	  1	
608	 83	765	  1	
608	 87	765	  1	
608	100	765	  1	
608	135	765	  1	
608	145	765	  1	
608	198	765	  1	
608	259	765	  1	
608	269	765	  1	
608	309	765	  1	
608	319	765	  1	
608	399	765	  1	
608	503	765	  1	
609	532	765	  1	
610	 69	765	  1	
611	128	765	  1	
611	375	765	  1	
612	280	765	  1	
612	286	765	  1	
613	103	765	  1	
613	145	765	  1	
615	135	765	  1	
615	259	765	  1	
615	269	765	  1	
616	 72	765	  1	
616	264	765	  1	
616	351	765	  1	
619	168	765	  1	
619	405	765	  1	
621	213	765	  1	
621	490	765	  1	
623	 52	765	  1	
623	251	765	  1	
623	264	765	  1	
623	271	765	  1	
624	 70	765	  1	
624	140	765	  1	
624	244	765	  1	
626	376	765	  1	
627	  0	765	  1	
627	311	765	  1	
629	114	765	  1	
629	176	765	  1	
630	 83	765	  1	
630	288	765	  1	
631	 16	765	  1	
631	 87	765	  1	
632	 80	765	  1	
632	487	765	  1	
635	238	765	  1	
638	104	765	  1	
639	163	765	  1	
639	168	765	  1	
640	  0	765	  1	
640	272	765	  1	
646	304	765	  1	
646	343	765	  1	
647	139	765	  1	
648	  3	765	  1	
648	103	765	  1	
648	156	765	  1	
648	254	765	  1	
648	335	765	  1	
652	  8	765	  1	
655	103	765	  1	
655	204	765	  1	
655	216	765	  1	
655	371	765	  1	
656	 48	765	  1	
656	192	765	  1	
656	196	765	  1	
656	535	765	  1	
662	125	765	  1	
664	109	765	  1	
664	179	765	  1	
664	192	765	  1	
667	376	765	  1	
669	138	765	  1	
670	 43	765	  1	
671	176	765	  1	
671	183	765	  1	
672	192	765	  1	
672	355	765	  1	
678	195	765	  1	
679	231	765	  1	
679	392	765	  1	
680	400	765	  1	
688	176	765	  1	
688	247	765	  1	
691	463	765	  1	
695	239	765	  1	
697	178	765	  1	
703	215	765	  1	
704	160	765	  1	
714	146	765	  1	
719	160	765	  1	
728	128	765	  1	
730	255	765	  1	
795	288	765	  1	
