# 
#  Image file: Goad1_T0017.jpg
#  Applied threshold: 575
#  Algorithm used: fill2                 
#  Particle count: 1953
#  Location (x,y), max luminance, and mass:
# 
  7	108	765	  1	
  7	520	765	  1	
 15	264	765	  1	
 24	256	765	  1	
 30	272	765	  1	
 31	260	765	  1	
 32	 87	765	  1	
 32	 96	765	  1	
 32	240	765	  1	
 32	536	765	  1	
 35	 61	765	  1	
 36	114	765	  1	
 39	104	765	  1	
 47	104	765	  1	
 48	279	765	  1	
 48	288	765	  1	
 54	 24	765	  1	
 54	253	765	  1	
 56	100	765	  1	
 57	 96	765	  1	
 61	383	765	  1	
 63	 71	765	  1	
 66	 92	765	  1	
 71	108	765	  1	
 71	294	765	  1	
 72	 96	765	  1	
 72	111	765	  1	
 72	264	765	  1	
 72	280	765	  1	
 77	127	765	  1	
 79	206	765	  1	
 79	216	765	  1	
 80	270	765	  1	
 82	343	765	  1	
 83	271	765	  1	
 83	363	765	  1	
 83	383	765	  1	
 87	373	765	  1	
 88	334	765	  1	
 92	259	765	  1	
 93	440	765	  1	
 95	260	765	  1	
 96	102	765	  1	
 96	141	765	  1	
 96	235	765	  1	
 99	302	765	  1	
101	136	765	  1	
101	528	765	  1	
103	 69	765	  1	
103	210	765	  1	
104	135	765	  1	
104	143	765	  1	
104	192	765	  1	
104	540	765	  1	
107	112	765	  1	
108	146	765	  1	
109	103	765	  1	
109	375	765	  1	
111	184	765	  1	
111	438	765	  1	
112	248	765	  1	
112	283	765	  1	
112	320	765	  1	
112	359	765	  1	
112	384	765	  1	
112	408	765	  1	
112	536	765	  1	
113	407	765	  1	
114	103	765	  1	
114	247	765	  1	
115	255	765	  1	
115	354	765	  1	
116	123	765	  1	
116	269	765	  1	
117	556	765	  1	
118	440	765	  1	
119	248	765	  1	
119	412	765	  1	
119	496	765	  1	
120	184	765	  1	
120	416	765	  1	
122	119	765	  1	
122	140	765	  1	
122	396	765	  1	
123	  0	765	  1	
123	360	765	  1	
125	208	765	  1	
125	215	765	  1	
126	231	765	  1	
127	104	765	  1	
127	152	765	  1	
127	221	765	  1	
127	266	765	  1	
127	415	765	  1	
127	423	765	  1	
127	432	765	  1	
128	135	765	  1	
128	175	765	  1	
128	187	765	  1	
128	200	765	  1	
128	248	765	  1	
131	128	765	  1	
132	375	765	  1	
134	 42	765	  1	
135	 82	765	  1	
135	 87	765	  1	
135	 95	765	  1	
135	135	765	  1	
136	128	765	  1	
136	217	765	  1	
136	227	765	  1	
136	351	765	  1	
136	424	765	  1	
137	184	765	  1	
137	289	765	  1	
139	223	765	  1	
139	256	765	  1	
140	  7	765	  1	
140	269	765	  1	
142	  4	765	  1	
142	131	765	  1	
142	260	765	  1	
142	367	765	  1	
142	503	765	  1	
143	167	765	  1	
143	224	765	  1	
143	231	765	  1	
143	341	765	  1	
144	174	765	  1	
144	194	765	  1	
144	312	765	  1	
146	 24	765	  1	
147	152	765	  1	
147	165	765	  1	
147	238	765	  1	
147	280	765	  1	
149	176	765	  1	
150	216	765	  1	
150	232	765	  1	
151	264	765	  1	
151	271	765	  1	
152	143	765	  1	
152	173	765	  1	
152	198	765	  1	
152	202	765	  1	
152	575	765	  1	
154	190	765	  1	
154	312	765	  1	
155	136	765	  1	
155	376	765	  1	
157	207	765	  1	
158	185	765	  1	
158	543	765	  1	
159	143	765	  1	
160	 55	765	  1	
160	216	765	  1	
160	294	765	  1	
160	407	765	  1	
162	296	765	  1	
162	368	765	  1	
163	 78	765	  1	
163	192	765	  1	
164	 14	765	  1	
164	216	765	  1	
165	175	765	  1	
165	184	765	  1	
165	191	765	  1	
166	  8	765	  1	
166	165	765	  1	
167	199	765	  1	
167	222	765	  1	
167	291	765	  1	
168	  6	765	  1	
168	 14	765	  1	
168	 87	765	  1	
168	105	765	  1	
168	136	765	  1	
168	152	765	  1	
168	156	765	  1	
168	162	765	  1	
168	187	765	  1	
168	203	765	  1	
168	208	765	  1	
168	242	765	  1	
168	259	765	  1	
168	268	765	  1	
168	282	765	  1	
168	288	765	  1	
168	434	765	  1	
169	409	765	  1	
170	142	765	  1	
170	360	765	  1	
171	404	765	  1	
172	184	765	  1	
172	403	765	  1	
172	432	765	  1	
173	402	765	  1	
174	136	765	  1	
174	162	765	  1	
174	224	765	  1	
174	340	765	  1	
175	 32	765	  1	
175	 47	765	  1	
175	 84	765	  1	
175	200	765	  1	
175	207	765	  1	
175	235	765	  1	
175	360	765	  1	
176	  4	765	  1	
176	 56	765	  1	
176	144	765	  1	
176	195	765	  1	
176	487	765	  1	
176	519	765	  1	
176	528	765	  1	
176	535	765	  1	
179	 87	765	  1	
179	187	765	  1	
179	368	765	  1	
179	400	765	  1	
181	158	765	  1	
182	306	765	  1	
183	 75	765	  1	
183	112	765	  1	
183	184	765	  1	
183	191	765	  1	
183	251	765	  1	
183	316	765	  1	
183	405	765	  1	
183	415	765	  1	
183	519	765	  1	
183	531	765	  1	
184	144	765	  1	
184	148	765	  1	
184	165	765	  1	
184	255	765	  1	
184	264	765	  1	
184	331	765	  1	
184	336	765	  1	
184	343	765	  1	
184	347	765	  1	
184	397	765	  1	
184	520	765	  1	
186	 87	765	  1	
186	136	765	  1	
186	293	765	  1	
186	323	765	  1	
187	 16	765	  1	
187	 75	765	  1	
187	271	765	  1	
187	328	765	  1	
187	335	765	  1	
189	152	765	  1	
189	159	765	  1	
189	307	765	  1	
190	224	765	  1	
191	112	765	  1	
191	168	765	  1	
191	239	765	  1	
191	264	765	  1	
191	331	765	  1	
191	339	765	  1	
191	344	765	  1	
191	351	765	  1	
191	399	765	  1	
192	 46	765	  1	
192	150	765	  1	
192	163	765	  1	
192	184	765	  1	
192	194	765	  1	
192	274	765	  1	
192	285	765	  1	
192	383	765	  1	
192	441	765	  1	
192	536	765	  1	
193	242	765	  1	
194	280	765	  1	
196	136	765	  1	
196	274	765	  1	
197	152	765	  1	
197	168	765	  1	
197	191	765	  1	
197	273	765	  1	
197	504	765	  1	
197	536	765	  1	
197	544	765	  1	
197	551	765	  1	
198	199	765	  1	
198	286	765	  1	
198	309	765	  1	
198	312	765	  1	
198	368	765	  1	
199	 71	765	  1	
199	248	765	  1	
199	316	765	  1	
199	383	765	  1	
199	456	765	  1	
200	101	765	  1	
200	132	765	  1	
200	208	765	  1	
200	320	765	  1	
202	  7	765	  1	
202	166	765	  1	
203	 70	765	  1	
203	136	765	  1	
204	 58	765	  1	
204	315	765	  1	
204	368	765	  1	
205	176	765	  1	
205	198	765	  1	
205	287	765	  1	
206	 91	765	  1	
206	141	765	  1	
206	160	765	  1	
207	 68	765	  1	
207	147	765	  1	
207	236	765	  1	
207	373	765	  1	
208	 51	765	  1	
208	 76	765	  1	
208	 96	765	  1	
208	152	765	  1	
208	207	765	  1	
208	209	765	  1	
208	232	765	  1	
208	238	765	  1	
208	267	765	  1	
208	271	765	  1	
208	288	765	  1	
208	295	765	  1	
208	335	765	  1	
208	337	765	  1	
208	415	765	  1	
208	420	765	  1	
210	264	765	  1	
211	 72	765	  1	
211	128	765	  1	
211	237	765	  1	
211	326	765	  1	
211	384	765	  1	
211	408	765	  1	
212	200	765	  1	
213	368	765	  1	
213	431	765	  1	
214	 64	765	  1	
214	315	765	  1	
214	338	765	  1	
215	 48	765	  1	
215	 55	765	  1	
215	 96	765	  1	
215	120	765	  1	
215	127	765	  1	
215	267	765	  1	
215	271	765	  1	
215	288	765	  1	
215	295	765	  1	
215	335	765	  1	
215	415	765	  1	
215	480	765	  1	
215	487	765	  1	
216	119	765	  1	
216	177	765	  1	
216	185	765	  1	
216	194	765	  1	
216	248	765	  1	
216	325	765	  1	
216	383	765	  1	
217	124	765	  1	
218	 61	765	  1	
218	128	765	  1	
218	140	765	  1	
219	304	765	  1	
219	357	765	  1	
220	191	765	  1	
220	438	765	  1	
221	 86	765	  1	
221	118	765	  1	
221	127	765	  1	
221	199	765	  1	
221	232	765	  1	
221	239	765	  1	
221	254	765	  1	
221	336	765	  1	
221	378	765	  1	
223	 72	765	  1	
223	128	765	  1	
223	456	765	  1	
224	 19	765	  1	
224	 54	765	  1	
224	 65	765	  1	
224	 88	765	  1	
224	 95	765	  1	
224	112	765	  1	
224	126	765	  1	
224	184	765	  1	
224	235	765	  1	
224	327	765	  1	
224	344	765	  1	
224	375	765	  1	
224	453	765	  1	
224	458	765	  1	
224	560	765	  1	
225	448	765	  1	
226	 34	765	  1	
226	 48	765	  1	
227	261	765	  1	
227	295	765	  1	
227	328	765	  1	
228	 64	765	  1	
229	240	765	  1	
229	390	765	  1	
230	101	765	  1	
230	213	765	  1	
230	429	765	  1	
230	522	765	  1	
231	 54	765	  1	
231	 69	765	  1	
231	 76	765	  1	
231	288	765	  1	
231	318	765	  1	
232	 58	765	  1	
232	 99	765	  1	
232	128	765	  1	
232	140	765	  1	
232	168	765	  1	
232	224	765	  1	
232	327	765	  1	
232	330	765	  1	
232	359	765	  1	
232	480	765	  1	
232	499	765	  1	
233	414	765	  1	
234	104	765	  1	
234	151	765	  1	
234	334	765	  1	
234	421	765	  1	
234	454	765	  1	
235	 16	765	  1	
235	 46	765	  1	
235	352	765	  1	
236	 89	765	  1	
236	 94	765	  1	
236	115	765	  1	
236	448	765	  1	
237	 64	765	  1	
237	 69	765	  1	
237	174	765	  1	
237	187	765	  1	
237	325	765	  1	
237	446	765	  1	
238	 23	765	  1	
238	158	765	  1	
238	559	765	  1	
239	109	765	  1	
239	200	765	  1	
239	359	765	  1	
240	  0	765	  1	
240	 15	765	  1	
240	 31	765	  1	
240	 37	765	  1	
240	 48	765	  1	
240	 72	765	  1	
240	 85	765	  1	
240	170	765	  1	
240	183	765	  1	
240	266	765	  1	
240	270	765	  1	
240	303	765	  1	
240	384	765	  1	
240	408	765	  1	
240	414	765	  1	
240	552	765	  1	
240	591	765	  1	
243	 78	765	  1	
243	 88	765	  1	
243	264	765	  1	
243	407	765	  1	
245	 24	765	  1	
245	 39	765	  1	
245	 80	765	  1	
245	192	765	  1	
245	411	765	  1	
245	416	765	  1	
245	451	765	  1	
245	480	765	  1	
245	487	765	  1	
246	 48	765	  1	
246	364	765	  1	
247	 15	765	  1	
247	 19	765	  1	
247	175	765	  1	
247	591	765	  1	
248	 39	765	  1	
248	 55	765	  1	
248	 72	765	  1	
248	117	765	  1	
248	132	765	  1	
248	136	765	  1	
248	160	765	  1	
248	172	765	  1	
248	200	765	  1	
248	206	765	  1	
248	221	765	  1	
248	403	765	  1	
248	440	765	  1	
248	448	765	  1	
248	455	765	  1	
248	507	765	  1	
249	 67	765	  1	
249	293	765	  1	
249	343	765	  1	
249	424	765	  1	
249	431	765	  1	
249	544	765	  1	
250	216	765	  1	
250	536	765	  1	
251	256	765	  1	
251	447	765	  1	
251	496	765	  1	
253	133	765	  1	
253	203	765	  1	
253	344	765	  1	
254	222	765	  1	
254	512	765	  1	
254	599	765	  1	
255	208	765	  1	
255	267	765	  1	
255	336	765	  1	
255	440	765	  1	
255	448	765	  1	
255	455	765	  1	
255	507	765	  1	
255	528	765	  1	
255	535	765	  1	
256	  6	765	  1	
256	 95	765	  1	
256	103	765	  1	
256	152	765	  1	
256	168	765	  1	
256	183	765	  1	
256	200	765	  1	
256	240	765	  1	
256	432	765	  1	
256	495	765	  1	
256	501	765	  1	
259	 38	765	  1	
259	158	765	  1	
259	293	765	  1	
259	488	765	  1	
261	206	765	  1	
261	246	765	  1	
261	455	765	  1	
261	551	765	  1	
262	152	765	  1	
262	288	765	  1	
263	  6	765	  1	
263	183	765	  1	
263	495	765	  1	
263	542	765	  1	
264	 32	765	  1	
264	 48	765	  1	
264	 53	765	  1	
264	 64	765	  1	
264	 99	765	  1	
264	186	765	  1	
264	198	765	  1	
264	208	765	  1	
264	214	765	  1	
264	232	765	  1	
264	259	765	  1	
264	284	765	  1	
264	413	765	  1	
264	424	765	  1	
264	528	765	  1	
265	194	765	  1	
266	 39	765	  1	
266	408	765	  1	
266	430	765	  1	
268	112	765	  1	
269	176	765	  1	
269	211	765	  1	
269	399	765	  1	
269	448	765	  1	
269	520	765	  1	
270	243	765	  1	
270	360	765	  1	
270	414	765	  1	
270	424	765	  1	
270	507	765	  1	
271	 64	765	  1	
271	232	765	  1	
271	259	765	  1	
271	296	765	  1	
271	303	765	  1	
271	550	765	  1	
272	 25	765	  1	
272	 56	765	  1	
272	142	765	  1	
272	155	765	  1	
272	229	765	  1	
272	341	765	  1	
272	400	765	  1	
272	458	765	  1	
272	536	765	  1	
272	543	765	  1	
273	390	765	  1	
275	 63	765	  1	
275	 88	765	  1	
275	448	765	  1	
276	192	765	  1	
276	384	765	  1	
277	 48	765	  1	
277	 75	765	  1	
277	139	765	  1	
277	520	765	  1	
278	 71	765	  1	
278	363	765	  1	
279	 31	765	  1	
279	352	765	  1	
279	376	765	  1	
279	391	765	  1	
280	  6	765	  1	
280	 22	765	  1	
280	 80	765	  1	
280	 91	765	  1	
280	104	765	  1	
280	125	765	  1	
280	129	765	  1	
280	134	765	  1	
280	145	765	  1	
280	196	765	  1	
280	240	765	  1	
280	246	765	  1	
280	259	765	  1	
280	265	765	  1	
280	288	765	  1	
280	328	765	  1	
280	339	765	  1	
280	344	765	  1	
280	351	765	  1	
280	414	765	  1	
280	494	765	  1	
280	514	765	  1	
281	 15	765	  1	
281	343	765	  1	
282	 84	765	  1	
282	157	765	  1	
282	416	765	  1	
282	423	765	  1	
282	456	765	  1	
283	 56	765	  1	
283	192	765	  1	
284	  2	765	  1	
284	406	765	  1	
284	504	765	  1	
285	120	765	  1	
285	200	765	  1	
285	243	765	  1	
285	255	765	  1	
286	 23	765	  1	
286	370	765	  1	
286	381	765	  1	
286	516	765	  1	
287	 27	765	  1	
287	 69	765	  1	
287	145	765	  1	
287	168	765	  1	
287	288	765	  1	
287	332	765	  1	
287	376	765	  1	
288	 19	765	  1	
288	 48	765	  1	
288	 54	765	  1	
288	 80	765	  1	
288	 94	765	  1	
288	 99	765	  1	
288	112	765	  1	
288	134	765	  1	
288	143	765	  1	
288	181	765	  1	
288	216	765	  1	
288	222	765	  1	
288	256	765	  1	
288	320	765	  1	
288	358	765	  1	
288	508	765	  1	
288	568	765	  1	
289	 12	765	  1	
290	327	765	  1	
290	406	765	  1	
291	 74	765	  1	
291	 86	765	  1	
291	136	765	  1	
291	200	765	  1	
291	343	765	  1	
292	  8	765	  1	
292	423	765	  1	
293	 18	765	  1	
293	 23	765	  1	
293	522	765	  1	
293	527	765	  1	
294	112	765	  1	
294	159	765	  1	
294	192	765	  1	
294	232	765	  1	
294	320	765	  1	
294	568	765	  1	
295	 15	765	  1	
295	 95	765	  1	
295	143	765	  1	
295	153	765	  1	
295	360	765	  1	
295	415	765	  1	
296	 48	765	  1	
296	 87	765	  1	
296	144	765	  1	
296	250	765	  1	
296	296	765	  1	
296	300	765	  1	
296	362	765	  1	
296	367	765	  1	
296	371	765	  1	
296	379	765	  1	
296	436	765	  1	
297	208	765	  1	
298	168	765	  1	
298	325	765	  1	
298	477	765	  1	
299	103	765	  1	
299	408	765	  1	
301	 31	765	  1	
301	 91	765	  1	
301	287	765	  1	
301	315	765	  1	
301	432	765	  1	
301	494	765	  1	
302	174	765	  1	
302	419	765	  1	
303	 48	765	  1	
303	133	765	  1	
303	320	765	  1	
303	375	765	  1	
303	415	765	  1	
303	502	765	  1	
304	 32	765	  1	
304	 82	765	  1	
304	 87	765	  1	
304	141	765	  1	
304	181	765	  1	
304	218	765	  1	
304	250	765	  1	
304	288	765	  1	
304	304	765	  1	
304	371	765	  1	
304	407	765	  1	
304	416	765	  1	
304	422	765	  1	
304	504	765	  1	
304	508	765	  1	
304	520	765	  1	
304	560	765	  1	
306	333	765	  1	
307	128	765	  1	
307	317	765	  1	
307	336	765	  1	
307	527	765	  1	
309	  0	765	  1	
309	 94	765	  1	
309	192	765	  1	
309	224	765	  1	
309	234	765	  1	
309	239	765	  1	
309	248	765	  1	
309	255	765	  1	
309	419	765	  1	
310	424	765	  1	
310	506	765	  1	
310	511	765	  1	
311	304	765	  1	
311	520	765	  1	
311	568	765	  1	
312	 43	765	  1	
312	 69	765	  1	
312	106	765	  1	
312	152	765	  1	
312	158	765	  1	
312	167	765	  1	
312	242	765	  1	
312	256	765	  1	
312	300	765	  1	
312	384	765	  1	
312	391	765	  1	
312	440	765	  1	
312	475	765	  1	
312	512	765	  1	
312	547	765	  1	
313	127	765	  1	
314	599	765	  1	
315	519	765	  1	
316	 36	765	  1	
316	 81	765	  1	
316	262	765	  1	
317	104	765	  1	
317	111	765	  1	
317	155	765	  1	
317	164	765	  1	
317	216	765	  1	
317	231	765	  1	
317	279	765	  1	
317	303	765	  1	
317	332	765	  1	
317	432	765	  1	
317	438	765	  1	
317	544	765	  1	
318	  0	765	  1	
318	243	765	  1	
318	312	765	  1	
319	 20	765	  1	
319	120	765	  1	
319	192	765	  1	
319	422	765	  1	
319	512	765	  1	
320	 96	765	  1	
320	139	765	  1	
320	169	765	  1	
320	175	765	  1	
320	208	765	  1	
320	300	765	  1	
320	342	765	  1	
320	362	765	  1	
320	375	765	  1	
320	398	765	  1	
320	402	765	  1	
320	431	765	  1	
320	445	765	  1	
320	495	765	  1	
320	504	765	  1	
320	511	765	  1	
320	526	765	  1	
320	558	765	  1	
320	583	765	  1	
321	  5	765	  1	
321	388	765	  1	
322	 20	765	  1	
322	102	765	  1	
322	143	765	  1	
323	 56	765	  1	
323	120	765	  1	
323	262	765	  1	
323	422	765	  1	
324	 30	765	  1	
324	336	765	  1	
324	367	765	  1	
325	  0	765	  1	
325	 11	765	  1	
325	224	765	  1	
325	439	765	  1	
326	 96	765	  1	
327	 39	765	  1	
327	 79	765	  1	
327	169	765	  1	
327	175	765	  1	
327	208	765	  1	
327	375	765	  1	
327	392	765	  1	
327	431	765	  1	
327	480	765	  1	
327	507	765	  1	
328	 16	765	  1	
328	 23	765	  1	
328	 55	765	  1	
328	120	765	  1	
328	128	765	  1	
328	134	765	  1	
328	147	765	  1	
328	157	765	  1	
328	171	765	  1	
328	192	765	  1	
328	240	765	  1	
328	256	765	  1	
328	263	765	  1	
328	352	765	  1	
328	443	765	  1	
328	460	765	  1	
328	524	765	  1	
329	142	765	  1	
329	186	765	  1	
330	 30	765	  1	
330	118	765	  1	
330	123	765	  1	
330	246	765	  1	
330	359	765	  1	
332	227	765	  1	
333	279	765	  1	
333	379	765	  1	
334	112	765	  1	
334	134	765	  1	
334	240	765	  1	
335	 16	765	  1	
335	 26	765	  1	
335	440	765	  1	
335	447	765	  1	
335	501	765	  1	
335	520	765	  1	
335	526	765	  1	
336	  6	765	  1	
336	 32	765	  1	
336	 39	765	  1	
336	 70	765	  1	
336	 74	765	  1	
336	 79	765	  1	
336	 84	765	  1	
336	 96	765	  1	
336	101	765	  1	
336	140	765	  1	
336	189	765	  1	
336	208	765	  1	
336	218	765	  1	
336	223	765	  1	
336	232	765	  1	
336	237	765	  1	
336	248	765	  1	
336	280	765	  1	
336	320	765	  1	
336	327	765	  1	
336	344	765	  1	
336	408	765	  1	
336	421	765	  1	
336	429	765	  1	
336	548	765	  1	
337	335	765	  1	
339	206	765	  1	
339	215	765	  1	
339	351	765	  1	
339	418	765	  1	
339	439	765	  1	
340	 47	765	  1	
340	 99	765	  1	
341	127	765	  1	
341	212	765	  1	
341	226	765	  1	
341	252	765	  1	
341	335	765	  1	
342	 12	765	  1	
342	121	765	  1	
342	430	765	  1	
342	440	765	  1	
343	 32	765	  1	
343	 39	765	  1	
343	264	765	  1	
343	344	765	  1	
343	408	765	  1	
344	 54	765	  1	
344	104	765	  1	
344	115	765	  1	
344	128	765	  1	
344	133	765	  1	
344	142	765	  1	
344	216	765	  1	
344	312	765	  1	
344	362	765	  1	
344	416	765	  1	
345	  4	765	  1	
345	275	765	  1	
346	 12	765	  1	
346	 48	765	  1	
346	109	765	  1	
346	239	765	  1	
346	423	765	  1	
347	184	765	  1	
347	196	765	  1	
347	232	765	  1	
348	143	765	  1	
349	219	765	  1	
349	320	765	  1	
349	376	765	  1	
349	392	765	  1	
350	  4	765	  1	
350	163	765	  1	
350	245	765	  1	
350	259	765	  1	
350	419	765	  1	
351	543	765	  1	
352	  0	765	  1	
352	  9	765	  1	
352	 22	765	  1	
352	 80	765	  1	
352	 85	765	  1	
352	148	765	  1	
352	168	765	  1	
352	178	765	  1	
352	183	765	  1	
352	187	765	  1	
352	192	765	  1	
352	263	765	  1	
352	388	765	  1	
352	424	765	  1	
353	232	765	  1	
354	 16	765	  1	
354	199	765	  1	
354	258	765	  1	
354	335	765	  1	
354	375	765	  1	
355	 30	765	  1	
355	399	765	  1	
355	448	765	  1	
356	104	765	  1	
356	139	765	  1	
356	324	765	  1	
356	463	765	  1	
357	 43	765	  1	
357	111	765	  1	
357	128	765	  1	
357	248	765	  1	
357	383	765	  1	
357	467	765	  1	
358	  0	765	  1	
359	168	765	  1	
359	184	765	  1	
359	191	765	  1	
359	386	765	  1	
359	424	765	  1	
360	114	765	  1	
360	120	765	  1	
360	136	765	  1	
360	159	765	  1	
360	176	765	  1	
360	219	765	  1	
360	224	765	  1	
360	240	765	  1	
360	318	765	  1	
360	358	765	  1	
360	367	765	  1	
361	467	765	  1	
361	479	765	  1	
362	 96	765	  1	
362	174	765	  1	
362	424	765	  1	
363	  0	765	  1	
363	183	765	  1	
363	391	765	  1	
364	138	765	  1	
364	472	765	  1	
365	 24	765	  1	
365	115	765	  1	
365	268	765	  1	
366	124	765	  1	
366	168	765	  1	
366	244	765	  1	
366	252	765	  1	
366	477	765	  1	
367	352	765	  1	
367	364	765	  1	
367	466	765	  1	
367	535	765	  1	
367	547	765	  1	
368	171	765	  1	
368	431	765	  1	
368	467	765	  1	
368	496	765	  1	
369	433	765	  1	
370	 56	765	  1	
370	 96	765	  1	
370	103	765	  1	
370	229	765	  1	
371	 30	765	  1	
371	216	765	  1	
371	424	765	  1	
371	453	765	  1	
372	 32	765	  1	
373	 16	765	  1	
373	118	765	  1	
373	176	765	  1	
373	443	765	  1	
373	528	765	  1	
374	 39	765	  1	
374	140	765	  1	
374	186	765	  1	
374	199	765	  1	
375	 11	765	  1	
375	181	765	  1	
375	431	765	  1	
375	436	765	  1	
375	464	765	  1	
375	471	765	  1	
375	500	765	  1	
376	 50	765	  1	
376	 88	765	  1	
376	115	765	  1	
376	120	765	  1	
376	136	765	  1	
376	158	765	  1	
376	168	765	  1	
376	363	765	  1	
376	395	765	  1	
376	405	765	  1	
378	 16	765	  1	
379	152	765	  1	
379	173	765	  1	
379	256	765	  1	
379	323	765	  1	
380	 55	765	  1	
380	124	765	  1	
380	366	765	  1	
381	 67	765	  1	
381	104	765	  1	
381	183	765	  1	
381	288	765	  1	
383	 23	765	  1	
383	390	765	  1	
383	451	765	  1	
384	 15	765	  1	
384	 61	765	  1	
384	154	765	  1	
384	207	765	  1	
384	325	765	  1	
384	344	765	  1	
384	349	765	  1	
384	355	765	  1	
384	435	765	  1	
385	  1	765	  1	
386	333	765	  1	
386	376	765	  1	
386	492	765	  1	
387	 15	765	  1	
387	 31	765	  1	
387	 48	765	  1	
387	 80	765	  1	
387	143	765	  1	
387	224	765	  1	
387	359	765	  1	
388	188	765	  1	
389	 40	765	  1	
389	 47	765	  1	
389	167	765	  1	
389	194	765	  1	
389	464	765	  1	
390	230	765	  1	
391	  2	765	  1	
391	 24	765	  1	
391	 55	765	  1	
391	184	765	  1	
391	432	765	  1	
392	 31	765	  1	
392	 75	765	  1	
392	 78	765	  1	
392	 88	765	  1	
392	136	765	  1	
392	320	765	  1	
392	431	765	  1	
392	479	765	  1	
392	491	765	  1	
393	 19	765	  1	
393	 25	765	  1	
394	152	765	  1	
394	230	765	  1	
394	327	765	  1	
395	  0	765	  1	
395	 31	765	  1	
395	197	765	  1	
395	472	765	  1	
396	 64	765	  1	
397	 25	765	  1	
397	191	765	  1	
397	348	765	  1	
397	359	765	  1	
398	  3	765	  1	
398	175	765	  1	
398	272	765	  1	
398	441	765	  1	
399	 13	765	  1	
399	 75	765	  1	
399	223	765	  1	
399	322	765	  1	
399	479	765	  1	
400	  0	765	  1	
400	 83	765	  1	
400	239	765	  1	
400	242	765	  1	
400	336	765	  1	
400	343	765	  1	
400	363	765	  1	
400	384	765	  1	
400	400	765	  1	
401	 64	765	  1	
401	168	765	  1	
402	 38	765	  1	
403	 94	765	  1	
403	128	765	  1	
403	392	765	  1	
403	472	765	  1	
404	320	765	  1	
405	 25	765	  1	
405	112	765	  1	
405	224	765	  1	
405	231	765	  1	
405	359	765	  1	
406	 15	765	  1	
406	133	765	  1	
406	327	765	  1	
406	339	765	  1	
406	351	765	  1	
407	 39	765	  1	
407	168	765	  1	
408	 20	765	  1	
408	 45	765	  1	
408	 51	765	  1	
408	 64	765	  1	
408	 72	765	  1	
408	 80	765	  1	
408	 88	765	  1	
408	101	765	  1	
408	123	765	  1	
408	152	765	  1	
408	180	765	  1	
408	256	765	  1	
408	387	765	  1	
408	424	765	  1	
408	580	765	  1	
409	 93	765	  1	
410	209	765	  1	
410	428	765	  1	
411	  8	765	  1	
412	238	765	  1	
413	 96	765	  1	
413	136	765	  1	
414	263	765	  1	
414	384	765	  1	
415	212	765	  1	
415	344	765	  1	
415	392	765	  1	
415	410	765	  1	
415	455	765	  1	
416	  5	765	  1	
416	 53	765	  1	
416	 60	765	  1	
416	 82	765	  1	
416	119	765	  1	
416	173	765	  1	
416	184	765	  1	
416	250	765	  1	
416	256	765	  1	
416	286	765	  1	
416	419	765	  1	
416	598	765	  1	
418	 64	765	  1	
418	 87	765	  1	
418	199	765	  1	
418	208	765	  1	
418	312	765	  1	
419	 72	765	  1	
419	212	765	  1	
420	 16	765	  1	
420	115	765	  1	
420	192	765	  1	
420	295	765	  1	
420	317	765	  1	
421	  0	765	  1	
421	150	765	  1	
422	 83	765	  1	
422	424	765	  1	
423	 11	765	  1	
423	218	765	  1	
423	259	765	  1	
424	  4	765	  1	
424	 99	765	  1	
424	109	765	  1	
424	123	765	  1	
424	127	765	  1	
424	136	765	  1	
424	155	765	  1	
424	167	765	  1	
424	271	765	  1	
424	311	765	  1	
424	350	765	  1	
424	354	765	  1	
424	387	765	  1	
425	115	765	  1	
426	 56	765	  1	
426	239	765	  1	
426	331	765	  1	
427	264	765	  1	
427	504	765	  1	
428	  0	765	  1	
428	 16	765	  1	
428	247	765	  1	
429	195	765	  1	
429	343	765	  1	
429	359	765	  1	
430	 76	765	  1	
430	104	765	  1	
430	384	765	  1	
430	391	765	  1	
431	 70	765	  1	
431	112	765	  1	
431	167	765	  1	
431	202	765	  1	
431	271	765	  1	
432	 88	765	  1	
432	152	765	  1	
432	156	765	  1	
432	200	765	  1	
432	351	765	  1	
432	415	765	  1	
433	 79	765	  1	
433	408	765	  1	
434	115	765	  1	
434	147	765	  1	
435	  0	765	  1	
435	  7	765	  1	
435	 72	765	  1	
435	 93	765	  1	
435	186	765	  1	
435	471	765	  1	
436	216	765	  1	
437	226	765	  1	
437	358	765	  1	
438	 21	765	  1	
438	 40	765	  1	
438	191	765	  1	
439	  3	765	  1	
439	347	765	  1	
440	 16	765	  1	
440	 51	765	  1	
440	 66	765	  1	
440	 80	765	  1	
440	162	765	  1	
440	167	765	  1	
440	175	765	  1	
440	179	765	  1	
440	199	765	  1	
440	246	765	  1	
440	263	765	  1	
440	335	765	  1	
440	360	765	  1	
440	367	765	  1	
440	379	765	  1	
440	415	765	  1	
441	189	765	  1	
442	170	765	  1	
443	 21	765	  1	
443	 88	765	  1	
443	 93	765	  1	
443	158	765	  1	
443	256	765	  1	
444	 16	765	  1	
444	195	765	  1	
444	243	765	  1	
445	 64	765	  1	
445	184	765	  1	
445	234	765	  1	
445	291	765	  1	
445	400	765	  1	
445	495	765	  1	
446	 99	765	  1	
446	104	765	  1	
446	144	765	  1	
446	196	765	  1	
446	373	765	  1	
446	440	765	  1	
447	  0	765	  1	
447	 48	765	  1	
447	 95	765	  1	
447	263	765	  1	
447	332	765	  1	
447	363	765	  1	
447	383	765	  1	
447	416	765	  1	
448	  9	765	  1	
448	 29	765	  1	
448	 35	765	  1	
448	318	765	  1	
448	344	765	  1	
448	504	765	  1	
450	 86	765	  1	
450	104	765	  1	
450	125	765	  1	
451	  7	765	  1	
451	195	765	  1	
451	207	765	  1	
452	 24	765	  1	
452	365	765	  1	
453	 94	765	  1	
453	136	765	  1	
453	168	765	  1	
453	270	765	  1	
454	 80	765	  1	
454	333	765	  1	
455	160	765	  1	
455	238	765	  1	
455	352	765	  1	
456	  6	765	  1	
456	  9	765	  1	
456	 58	765	  1	
456	 91	765	  1	
456	112	765	  1	
456	115	765	  1	
456	175	765	  1	
456	207	765	  1	
456	216	765	  1	
456	229	765	  1	
456	256	765	  1	
456	265	765	  1	
456	283	765	  1	
456	403	765	  1	
456	423	765	  1	
457	 48	765	  1	
457	 82	765	  1	
457	136	765	  1	
458	  0	765	  1	
458	159	765	  1	
459	202	765	  1	
460	400	765	  1	
460	511	765	  1	
461	 30	765	  1	
461	117	765	  1	
461	187	765	  1	
461	192	765	  1	
461	262	765	  1	
462	 60	765	  1	
462	112	765	  1	
463	 87	765	  1	
463	280	765	  1	
463	287	765	  1	
464	  0	765	  1	
464	 15	765	  1	
464	 43	765	  1	
464	 48	765	  1	
464	 56	765	  1	
464	 61	765	  1	
464	130	765	  1	
464	136	765	  1	
464	144	765	  1	
464	159	765	  1	
464	178	765	  1	
464	182	765	  1	
464	200	765	  1	
464	258	765	  1	
464	294	765	  1	
465	336	765	  1	
466	248	765	  1	
466	447	765	  1	
467	215	765	  1	
468	 32	765	  1	
468	 80	765	  1	
468	171	765	  1	
468	230	765	  1	
468	358	765	  1	
469	  3	765	  1	
469	 61	765	  1	
469	126	765	  1	
469	135	765	  1	
470	178	765	  1	
470	187	765	  1	
470	208	765	  1	
470	258	765	  1	
470	344	765	  1	
471	  8	765	  1	
471	 15	765	  1	
471	 39	765	  1	
471	 47	765	  1	
471	 87	765	  1	
471	254	765	  1	
471	294	765	  1	
472	 10	765	  1	
472	 16	765	  1	
472	 48	765	  1	
472	 91	765	  1	
472	288	765	  1	
472	309	765	  1	
472	312	765	  1	
472	319	765	  1	
472	331	765	  1	
472	359	765	  1	
473	 75	765	  1	
474	 81	765	  1	
474	287	765	  1	
475	 64	765	  1	
476	144	765	  1	
477	 54	765	  1	
477	 94	765	  1	
477	126	765	  1	
477	274	765	  1	
477	279	765	  1	
478	 87	765	  1	
478	150	765	  1	
478	304	765	  1	
478	355	765	  1	
479	 16	765	  1	
479	216	765	  1	
479	223	765	  1	
479	256	765	  1	
479	263	765	  1	
479	291	765	  1	
479	315	765	  1	
479	335	765	  1	
480	 47	765	  1	
480	 61	765	  1	
480	128	765	  1	
480	482	765	  1	
481	 38	765	  1	
481	 83	765	  1	
481	119	765	  1	
482	455	765	  1	
483	311	765	  1	
484	108	765	  1	
485	 24	765	  1	
485	 72	765	  1	
486	439	765	  1	
487	128	765	  1	
487	304	765	  1	
487	479	765	  1	
488	 37	765	  1	
488	 51	765	  1	
488	 84	765	  1	
488	152	765	  1	
488	195	765	  1	
488	213	765	  1	
488	244	765	  1	
488	261	765	  1	
488	267	765	  1	
488	280	765	  1	
488	305	765	  1	
490	222	765	  1	
491	133	765	  1	
491	216	765	  1	
492	 16	765	  1	
493	 24	765	  1	
493	 31	765	  1	
493	 74	765	  1	
493	208	765	  1	
493	260	765	  1	
494	291	765	  1	
495	222	765	  1	
495	271	765	  1	
495	591	765	  1	
496	  6	765	  1	
496	 32	765	  1	
496	 59	765	  1	
496	 87	765	  1	
496	220	765	  1	
496	277	765	  1	
496	304	765	  1	
496	367	765	  1	
496	463	765	  1	
497	 20	765	  1	
497	232	765	  1	
498	 84	765	  1	
498	161	765	  1	
498	269	765	  1	
498	325	765	  1	
499	 24	765	  1	
499	296	765	  1	
500	 16	765	  1	
500	270	765	  1	
500	328	765	  1	
501	 35	765	  1	
501	 64	765	  1	
501	304	765	  1	
502	 20	765	  1	
502	 86	765	  1	
502	125	765	  1	
502	144	765	  1	
502	151	765	  1	
502	155	765	  1	
502	192	765	  1	
502	223	765	  1	
502	319	765	  1	
503	 80	765	  1	
504	 72	765	  1	
504	171	765	  1	
504	183	765	  1	
504	288	765	  1	
504	302	765	  1	
504	312	765	  1	
504	326	765	  1	
504	343	765	  1	
506	120	765	  1	
506	296	765	  1	
507	215	765	  1	
507	336	765	  1	
509	 78	765	  1	
509	118	765	  1	
509	126	765	  1	
509	135	765	  1	
509	160	765	  1	
509	315	765	  1	
510	300	765	  1	
511	157	765	  1	
511	168	765	  1	
511	176	765	  1	
511	194	765	  1	
511	327	765	  1	
511	343	765	  1	
512	 45	765	  1	
512	 54	765	  1	
512	 90	765	  1	
512	128	765	  1	
512	192	765	  1	
512	216	765	  1	
512	220	765	  1	
512	239	765	  1	
512	249	765	  1	
512	280	765	  1	
512	287	765	  1	
512	335	765	  1	
512	398	765	  1	
514	104	765	  1	
514	111	765	  1	
515	207	765	  1	
515	232	765	  1	
515	263	765	  1	
516	128	765	  1	
516	141	765	  1	
517	 50	765	  1	
517	135	765	  1	
517	210	765	  1	
517	360	765	  1	
517	367	765	  1	
518	248	765	  1	
519	 10	765	  1	
519	239	765	  1	
519	283	765	  1	
519	328	765	  1	
519	335	765	  1	
519	432	765	  1	
520	  0	765	  1	
520	  6	765	  1	
520	 21	765	  1	
520	 81	765	  1	
520	103	765	  1	
520	186	765	  1	
520	191	765	  1	
520	200	765	  1	
520	222	765	  1	
520	231	765	  1	
523	 22	765	  1	
523	152	765	  1	
523	213	765	  1	
523	224	765	  1	
524	102	765	  1	
524	370	765	  1	
525	  3	765	  1	
526	 92	765	  1	
526	204	765	  1	
527	 88	765	  1	
527	 96	765	  1	
527	231	765	  1	
527	240	765	  1	
527	360	765	  1	
527	364	765	  1	
528	 23	765	  1	
528	102	765	  1	
528	120	765	  1	
528	127	765	  1	
528	184	765	  1	
528	258	765	  1	
528	275	765	  1	
528	362	765	  1	
530	340	765	  1	
531	 40	765	  1	
531	 72	765	  1	
531	447	765	  1	
532	 55	765	  1	
533	 88	765	  1	
533	 95	765	  1	
533	110	765	  1	
533	229	765	  1	
533	256	765	  1	
533	263	765	  1	
534	 99	765	  1	
534	216	765	  1	
536	 19	765	  1	
536	 51	765	  1	
536	 72	765	  1	
536	146	765	  1	
536	169	765	  1	
536	174	765	  1	
536	191	765	  1	
536	220	765	  1	
536	240	765	  1	
536	272	765	  1	
536	356	765	  1	
538	 82	765	  1	
539	 14	765	  1	
539	 92	765	  1	
539	110	765	  1	
542	  8	765	  1	
542	 23	765	  1	
542	243	765	  1	
543	 50	765	  1	
543	277	765	  1	
544	 42	765	  1	
544	 76	765	  1	
544	 93	765	  1	
544	102	765	  1	
544	130	765	  1	
544	135	765	  1	
544	203	765	  1	
544	221	765	  1	
544	263	765	  1	
544	315	765	  1	
544	360	765	  1	
544	400	765	  1	
544	432	765	  1	
545	 80	765	  1	
546	151	765	  1	
546	191	765	  1	
547	 72	765	  1	
547	 86	765	  1	
547	256	765	  1	
547	354	765	  1	
549	128	765	  1	
549	132	765	  1	
550	 24	765	  1	
550	436	765	  1	
551	208	765	  1	
551	312	765	  1	
551	319	765	  1	
551	359	765	  1	
552	  8	765	  1	
552	 56	765	  1	
552	 67	765	  1	
552	103	765	  1	
552	127	765	  1	
552	150	765	  1	
552	163	765	  1	
552	218	765	  1	
552	223	765	  1	
552	256	765	  1	
552	290	765	  1	
555	112	765	  1	
555	120	765	  1	
555	176	765	  1	
555	208	765	  1	
555	232	765	  1	
555	295	765	  1	
555	320	765	  1	
557	151	765	  1	
557	160	765	  1	
557	255	765	  1	
559	127	765	  1	
559	215	765	  1	
559	456	765	  1	
560	 80	765	  1	
560	 87	765	  1	
560	107	765	  1	
560	209	765	  1	
560	224	765	  1	
560	240	765	  1	
560	246	765	  1	
560	376	765	  1	
560	387	765	  1	
560	416	765	  1	
562	135	765	  1	
563	326	765	  1	
564	295	765	  1	
564	382	765	  1	
564	487	765	  1	
567	 88	765	  1	
567	 95	765	  1	
567	532	765	  1	
568	  5	765	  1	
568	 35	765	  1	
568	 45	765	  1	
568	168	765	  1	
568	172	765	  1	
568	176	765	  1	
568	235	765	  1	
568	250	765	  1	
570	 40	765	  1	
571	128	765	  1	
571	133	765	  1	
571	208	765	  1	
571	224	765	  1	
573	  0	765	  1	
574	 45	765	  1	
574	170	765	  1	
574	293	765	  1	
575	 32	765	  1	
575	 39	765	  1	
575	235	765	  1	
575	278	765	  1	
576	 72	765	  1	
576	147	765	  1	
576	216	765	  1	
576	220	765	  1	
578	104	765	  1	
578	304	765	  1	
579	357	765	  1	
581	 96	765	  1	
582	  2	765	  1	
582	221	765	  1	
583	 63	765	  1	
583	104	765	  1	
583	144	765	  1	
583	151	765	  1	
583	216	765	  1	
584	 80	765	  1	
584	 99	765	  1	
584	120	765	  1	
584	320	765	  1	
584	327	765	  1	
584	432	765	  1	
585	223	765	  1	
585	241	765	  1	
585	258	765	  1	
586	  2	765	  1	
586	 40	765	  1	
586	299	765	  1	
587	 87	765	  1	
587	150	765	  1	
587	280	765	  1	
589	  8	765	  1	
589	198	765	  1	
589	233	765	  1	
590	127	765	  1	
590	136	765	  1	
591	 15	765	  1	
591	 46	765	  1	
591	 80	765	  1	
591	247	765	  1	
591	256	765	  1	
591	432	765	  1	
592	224	765	  1	
592	230	765	  1	
592	271	765	  1	
592	304	765	  1	
592	312	765	  1	
592	376	765	  1	
594	 91	765	  1	
594	245	765	  1	
594	494	765	  1	
595	 31	765	  1	
595	202	765	  1	
597	199	765	  1	
597	239	765	  1	
598	 52	765	  1	
598	 99	765	  1	
598	106	765	  1	
598	232	765	  1	
600	 64	765	  1	
600	 88	765	  1	
600	 95	765	  1	
600	104	765	  1	
600	136	765	  1	
600	164	765	  1	
600	229	765	  1	
600	239	765	  1	
600	245	765	  1	
600	264	765	  1	
600	392	765	  1	
600	551	765	  1	
602	278	765	  1	
603	232	765	  1	
603	256	765	  1	
603	280	765	  1	
605	240	765	  1	
605	255	765	  1	
605	288	765	  1	
605	292	765	  1	
607	 72	765	  1	
607	 78	765	  1	
607	 91	765	  1	
607	184	765	  1	
607	222	765	  1	
607	283	765	  1	
607	287	765	  1	
607	520	765	  1	
608	 67	765	  1	
608	248	765	  1	
608	335	765	  1	
610	258	765	  1	
611	 52	765	  1	
611	190	765	  1	
611	328	765	  1	
614	143	765	  1	
615	199	765	  1	
615	228	765	  1	
615	248	765	  1	
615	258	765	  1	
615	335	765	  1	
615	439	765	  1	
616	  0	765	  1	
616	 80	765	  1	
616	240	765	  1	
616	269	765	  1	
616	312	765	  1	
616	318	765	  1	
617	 88	765	  1	
618	397	765	  1	
619	 53	765	  1	
619	317	765	  1	
622	253	765	  1	
622	264	765	  1	
622	333	765	  1	
623	 37	765	  1	
623	 80	765	  1	
623	 93	765	  1	
624	 79	765	  1	
624	127	765	  1	
624	383	765	  1	
629	199	765	  1	
631	378	765	  1	
632	120	765	  1	
634	533	765	  1	
635	182	765	  1	
635	316	765	  1	
636	320	765	  1	
637	120	765	  1	
638	314	765	  1	
639	221	765	  1	
640	 64	765	  1	
640	267	765	  1	
640	336	765	  1	
643	260	765	  1	
648	 36	765	  1	
648	144	765	  1	
648	159	765	  1	
649	284	765	  1	
656	116	765	  1	
656	352	765	  1	
656	574	765	  1	
659	 36	765	  1	
663	167	765	  1	
663	264	765	  1	
663	568	765	  1	
664	171	765	  1	
666	132	765	  1	
667	183	765	  1	
668	368	765	  1	
669	168	765	  1	
671	132	765	  1	
671	199	765	  1	
671	391	765	  1	
671	579	765	  1	
672	136	765	  1	
674	 47	765	  1	
678	132	765	  1	
678	207	765	  1	
679	136	765	  1	
680	335	765	  1	
680	372	765	  1	
683	368	765	  1	
684	297	765	  1	
696	103	765	  1	
699	168	765	  1	
703	191	765	  1	
704	376	765	  1	
707	151	765	  1	
720	480	765	  1	
733	149	765	  1	
759	298	765	  1	
