# 
#  Image file: Goad1_T0026.jpg
#  Applied threshold: 575
#  Algorithm used: fill2                 
#  Particle count: 2025
#  Location (x,y), max luminance, and mass:
# 
  6	211	765	  1	
 15	 55	765	  1	
 15	288	765	  1	
 15	312	765	  1	
 18	260	765	  1	
 23	135	765	  1	
 23	271	765	  1	
 24	368	765	  1	
 26	455	765	  1	
 32	 58	765	  1	
 34	229	765	  1	
 40	144	765	  1	
 40	388	765	  1	
 40	448	765	  1	
 50	399	765	  1	
 55	432	765	  1	
 56	  6	765	  1	
 56	101	765	  1	
 59	163	765	  1	
 62	252	765	  1	
 72	 79	765	  1	
 72	128	765	  1	
 72	274	765	  1	
 72	416	765	  1	
 74	256	765	  1	
 79	220	765	  1	
 80	363	765	  1	
 80	384	765	  1	
 83	573	765	  1	
 84	355	765	  1	
 84	359	765	  1	
 85	356	765	  1	
 85	384	765	  1	
 87	367	765	  1	
 87	389	765	  1	
 91	257	765	  1	
 93	424	765	  1	
 95	267	765	  1	
 95	348	765	  1	
 98	207	765	  1	
102	178	765	  1	
103	 56	765	  1	
103	139	765	  1	
103	303	765	  1	
104	128	765	  1	
104	135	765	  1	
104	304	765	  1	
104	311	765	  1	
104	356	765	  1	
107	128	765	  1	
107	132	765	  1	
107	143	765	  1	
107	155	765	  1	
108	115	765	  1	
108	436	765	  1	
110	176	765	  1	
110	359	765	  1	
110	520	765	  1	
111	 28	765	  1	
111	307	765	  1	
111	534	765	  1	
111	591	765	  1	
112	 95	765	  1	
112	231	765	  1	
112	279	765	  1	
112	320	765	  1	
112	327	765	  1	
113	272	765	  1	
115	208	765	  1	
116	229	765	  1	
116	296	765	  1	
117	128	765	  1	
117	545	765	  1	
118	 72	765	  1	
118	336	765	  1	
118	424	765	  1	
118	546	765	  1	
119	  8	765	  1	
119	 38	765	  1	
119	 80	765	  1	
119	223	765	  1	
119	323	765	  1	
119	351	765	  1	
120	151	765	  1	
120	291	765	  1	
120	298	765	  1	
120	394	765	  1	
123	108	765	  1	
124	389	765	  1	
126	415	765	  1	
128	185	765	  1	
128	248	765	  1	
128	279	765	  1	
128	359	765	  1	
128	503	765	  1	
131	 31	765	  1	
131	344	765	  1	
136	 80	765	  1	
136	148	765	  1	
136	205	765	  1	
136	208	765	  1	
136	365	765	  1	
136	423	765	  1	
139	329	765	  1	
140	  7	765	  1	
140	448	765	  1	
141	119	765	  1	
141	184	765	  1	
141	195	765	  1	
141	200	765	  1	
142	104	765	  1	
142	276	765	  1	
143	 69	765	  1	
143	136	765	  1	
143	144	765	  1	
143	168	765	  1	
143	352	765	  1	
144	180	765	  1	
144	463	765	  1	
145	189	765	  1	
147	152	765	  1	
149	168	765	  1	
149	296	765	  1	
150	104	765	  1	
150	188	765	  1	
151	 10	765	  1	
151	424	765	  1	
151	451	765	  1	
151	463	765	  1	
151	571	765	  1	
152	103	765	  1	
152	107	765	  1	
152	115	765	  1	
152	138	765	  1	
152	181	765	  1	
152	340	765	  1	
154	230	765	  1	
155	 96	765	  1	
155	144	765	  1	
155	536	765	  1	
157	203	765	  1	
158	123	765	  1	
158	245	765	  1	
159	138	765	  1	
159	216	765	  1	
160	152	765	  1	
160	187	765	  1	
160	335	765	  1	
160	370	765	  1	
162	384	765	  1	
163	 93	765	  1	
163	258	765	  1	
163	439	765	  1	
164	168	765	  1	
165	190	765	  1	
165	266	765	  1	
165	355	765	  1	
166	 66	765	  1	
166	160	765	  1	
166	176	765	  1	
166	228	765	  1	
166	271	765	  1	
167	 46	765	  1	
167	152	765	  1	
167	263	765	  1	
167	320	765	  1	
167	416	765	  1	
168	 80	765	  1	
168	 87	765	  1	
168	117	765	  1	
168	125	765	  1	
168	138	765	  1	
168	145	765	  1	
168	192	765	  1	
168	198	765	  1	
168	202	765	  1	
168	210	765	  1	
168	264	765	  1	
168	278	765	  1	
168	373	765	  1	
168	412	765	  1	
170	112	765	  1	
171	151	765	  1	
171	184	765	  1	
171	373	765	  1	
172	360	765	  1	
173	136	765	  1	
173	143	765	  1	
173	160	765	  1	
173	330	765	  1	
173	370	765	  1	
173	474	765	  1	
174	118	765	  1	
174	207	765	  1	
175	 83	765	  1	
175	391	765	  1	
176	 48	765	  1	
176	 98	765	  1	
176	147	765	  1	
176	184	765	  1	
176	198	765	  1	
176	279	765	  1	
176	288	765	  1	
176	357	765	  1	
176	456	765	  1	
176	463	765	  1	
176	471	765	  1	
176	543	765	  1	
178	503	765	  1	
179	272	765	  1	
179	536	765	  1	
181	 63	765	  1	
182	335	765	  1	
183	 48	765	  1	
183	198	765	  1	
183	279	765	  1	
183	403	765	  1	
184	101	765	  1	
184	139	765	  1	
184	165	765	  1	
184	247	765	  1	
184	271	765	  1	
184	313	765	  1	
184	319	765	  1	
184	384	765	  1	
186	 80	765	  1	
186	360	765	  1	
187	136	765	  1	
187	142	765	  1	
187	327	765	  1	
187	352	765	  1	
188	366	765	  1	
189	266	765	  1	
189	375	765	  1	
190	319	765	  1	
191	 39	765	  1	
191	 80	765	  1	
191	399	765	  1	
191	575	765	  1	
192	 56	765	  1	
192	 63	765	  1	
192	146	765	  1	
192	151	765	  1	
192	176	765	  1	
192	272	765	  1	
192	416	765	  1	
192	528	765	  1	
193	240	765	  1	
194	 48	765	  1	
195	132	765	  1	
195	245	765	  1	
195	311	765	  1	
195	383	765	  1	
196	  0	765	  1	
197	272	765	  1	
198	144	765	  1	
198	495	765	  1	
199	 59	765	  1	
199	136	765	  1	
199	148	765	  1	
199	152	765	  1	
199	176	765	  1	
199	323	765	  1	
200	 79	765	  1	
200	115	765	  1	
200	160	765	  1	
200	182	765	  1	
200	192	765	  1	
200	231	765	  1	
200	242	765	  1	
200	399	765	  1	
200	410	765	  1	
200	419	765	  1	
200	503	765	  1	
200	524	765	  1	
200	528	765	  1	
201	448	765	  1	
202	166	765	  1	
203	 54	765	  1	
203	176	765	  1	
203	200	765	  1	
203	224	765	  1	
203	304	765	  1	
204	132	765	  1	
204	207	765	  1	
205	 88	765	  1	
205	118	765	  1	
205	124	765	  1	
205	236	765	  1	
206	  5	765	  1	
206	 77	765	  1	
206	123	765	  1	
206	527	765	  1	
207	231	765	  1	
207	415	765	  1	
208	 48	765	  1	
208	139	765	  1	
208	251	765	  1	
208	402	765	  1	
208	407	765	  1	
208	543	765	  1	
209	268	765	  1	
210	120	765	  1	
210	136	765	  1	
210	176	765	  1	
210	183	765	  1	
210	365	765	  1	
211	208	765	  1	
211	280	765	  1	
211	360	765	  1	
211	535	765	  1	
212	315	765	  1	
213	168	765	  1	
213	207	765	  1	
213	246	765	  1	
214	291	765	  1	
215	 32	765	  1	
215	 36	765	  1	
215	204	765	  1	
215	382	765	  1	
216	  0	765	  1	
216	 16	765	  1	
216	 77	765	  1	
216	144	765	  1	
216	164	765	  1	
216	237	765	  1	
216	336	765	  1	
216	352	765	  1	
216	398	765	  1	
216	455	765	  1	
216	539	765	  1	
216	565	765	  1	
217	184	765	  1	
217	189	765	  1	
218	154	765	  1	
218	278	765	  1	
219	 20	765	  1	
219	 72	765	  1	
219	159	765	  1	
219	203	765	  1	
219	307	765	  1	
219	359	765	  1	
220	  0	765	  1	
220	138	765	  1	
220	317	765	  1	
220	436	765	  1	
221	167	765	  1	
221	450	765	  1	
223	 55	765	  1	
223	272	765	  1	
223	336	765	  1	
223	352	765	  1	
223	360	765	  1	
223	398	765	  1	
223	440	765	  1	
224	 63	765	  1	
224	 78	765	  1	
224	116	765	  1	
224	283	765	  1	
224	347	765	  1	
224	376	765	  1	
224	402	765	  1	
224	438	765	  1	
224	575	765	  1	
226	152	765	  1	
226	192	765	  1	
226	272	765	  1	
227	 31	765	  1	
227	296	765	  1	
229	 26	765	  1	
229	307	765	  1	
229	392	765	  1	
229	407	765	  1	
229	424	765	  1	
229	431	765	  1	
230	  3	765	  1	
230	136	765	  1	
230	204	765	  1	
230	278	765	  1	
230	435	765	  1	
231	 77	765	  1	
231	102	765	  1	
231	283	765	  1	
231	288	765	  1	
231	347	765	  1	
231	379	765	  1	
231	518	765	  1	
232	 16	765	  1	
232	 64	765	  1	
232	 99	765	  1	
232	162	765	  1	
232	167	765	  1	
232	174	765	  1	
232	182	765	  1	
232	188	765	  1	
232	195	765	  1	
232	224	765	  1	
232	235	765	  1	
232	264	765	  1	
232	271	765	  1	
232	312	765	  1	
232	319	765	  1	
232	322	765	  1	
232	451	765	  1	
232	487	765	  1	
234	 96	765	  1	
234	152	765	  1	
234	280	765	  1	
234	295	765	  1	
234	311	765	  1	
234	447	765	  1	
235	  0	765	  1	
235	 23	765	  1	
235	171	765	  1	
235	256	765	  1	
235	263	765	  1	
235	306	765	  1	
235	441	765	  1	
235	480	765	  1	
237	 20	765	  1	
237	 63	765	  1	
237	 74	765	  1	
237	186	765	  1	
238	191	765	  1	
238	311	765	  1	
238	442	765	  1	
239	 99	765	  1	
239	232	765	  1	
239	239	765	  1	
239	275	765	  1	
239	455	765	  1	
239	487	765	  1	
240	  5	765	  1	
240	 48	765	  1	
240	 85	765	  1	
240	110	765	  1	
240	136	765	  1	
240	208	765	  1	
240	284	765	  1	
240	304	765	  1	
240	320	765	  1	
240	327	765	  1	
240	335	765	  1	
240	395	765	  1	
240	416	765	  1	
240	422	765	  1	
241	451	765	  1	
242	 30	765	  1	
242	104	765	  1	
242	182	765	  1	
242	488	765	  1	
243	175	765	  1	
243	200	765	  1	
243	310	765	  1	
243	392	765	  1	
243	432	765	  1	
244	164	765	  1	
244	168	765	  1	
245	287	765	  1	
245	419	765	  1	
246	 24	765	  1	
246	136	765	  1	
246	356	765	  1	
246	367	765	  1	
247	 48	765	  1	
247	110	765	  1	
247	208	765	  1	
247	323	765	  1	
247	439	765	  1	
247	455	765	  1	
248	 88	765	  1	
248	122	765	  1	
248	130	765	  1	
248	169	765	  1	
248	263	765	  1	
248	267	765	  1	
248	279	765	  1	
248	352	765	  1	
248	464	765	  1	
249	182	765	  1	
250	194	765	  1	
251	110	765	  1	
251	256	765	  1	
251	272	765	  1	
252	 99	765	  1	
252	176	765	  1	
253	 40	765	  1	
253	131	765	  1	
253	146	765	  1	
253	208	765	  1	
253	290	765	  1	
253	327	765	  1	
254	143	765	  1	
254	367	765	  1	
254	452	765	  1	
255	103	765	  1	
255	263	765	  1	
255	279	765	  1	
255	304	765	  1	
255	464	765	  1	
256	  0	765	  1	
256	 13	765	  1	
256	 66	765	  1	
256	 91	765	  1	
256	100	765	  1	
256	134	765	  1	
256	160	765	  1	
256	183	765	  1	
256	200	765	  1	
256	205	765	  1	
256	232	765	  1	
256	283	765	  1	
256	289	765	  1	
256	335	765	  1	
256	387	765	  1	
256	392	765	  1	
256	399	765	  1	
256	401	765	  1	
256	456	765	  1	
256	488	765	  1	
256	494	765	  1	
256	498	765	  1	
258	295	765	  1	
259	171	765	  1	
259	183	765	  1	
259	328	765	  1	
259	351	765	  1	
259	408	765	  1	
259	419	765	  1	
261	 64	765	  1	
261	 71	765	  1	
261	112	765	  1	
261	135	765	  1	
262	290	765	  1	
262	391	765	  1	
262	500	765	  1	
263	160	765	  1	
263	174	765	  1	
263	176	765	  1	
263	335	765	  1	
263	395	765	  1	
264	  8	765	  1	
264	 17	765	  1	
264	 32	765	  1	
264	 53	765	  1	
264	 61	765	  1	
264	104	765	  1	
264	125	765	  1	
264	136	765	  1	
264	143	765	  1	
264	230	765	  1	
264	279	765	  1	
264	287	765	  1	
264	328	765	  1	
264	419	765	  1	
264	443	765	  1	
264	471	765	  1	
264	479	765	  1	
264	494	765	  1	
265	 83	765	  1	
266	 72	765	  1	
266	 93	765	  1	
266	206	765	  1	
266	224	765	  1	
267	152	765	  1	
267	309	765	  1	
267	408	765	  1	
267	461	765	  1	
268	503	765	  1	
269	 11	765	  1	
269	491	765	  1	
270	 88	765	  1	
270	200	765	  1	
270	332	765	  1	
270	466	765	  1	
271	 72	765	  1	
271	128	765	  1	
271	230	765	  1	
271	287	765	  1	
271	416	765	  1	
271	423	765	  1	
271	454	765	  1	
271	472	765	  1	
271	479	765	  1	
272	 43	765	  1	
272	 64	765	  1	
272	 96	765	  1	
272	114	765	  1	
272	139	765	  1	
272	145	765	  1	
272	152	765	  1	
272	161	765	  1	
272	168	765	  1	
272	174	765	  1	
272	192	765	  1	
272	219	765	  1	
272	272	765	  1	
272	335	765	  1	
272	352	765	  1	
272	400	765	  1	
272	414	765	  1	
272	424	765	  1	
272	461	765	  1	
273	182	765	  1	
274	367	765	  1	
274	440	765	  1	
275	  8	765	  1	
275	120	765	  1	
275	279	765	  1	
275	330	765	  1	
275	431	765	  1	
276	135	765	  1	
276	168	765	  1	
277	 32	765	  1	
277	172	765	  1	
277	323	765	  1	
277	352	765	  1	
277	512	765	  1	
277	520	765	  1	
278	 10	765	  1	
278	 49	765	  1	
278	128	765	  1	
279	293	765	  1	
279	424	765	  1	
280	 82	765	  1	
280	 89	765	  1	
280	120	765	  1	
280	124	765	  1	
280	158	765	  1	
280	161	765	  1	
280	189	765	  1	
280	208	765	  1	
280	212	765	  1	
280	250	765	  1	
280	256	765	  1	
280	301	765	  1	
280	328	765	  1	
280	334	765	  1	
280	344	765	  1	
280	362	765	  1	
280	373	765	  1	
280	383	765	  1	
280	385	765	  1	
280	390	765	  1	
280	399	765	  1	
280	416	765	  1	
280	431	765	  1	
280	492	765	  1	
280	502	765	  1	
280	504	765	  1	
282	330	765	  1	
282	400	765	  1	
282	442	765	  1	
282	520	765	  1	
282	535	765	  1	
283	263	765	  1	
283	343	765	  1	
283	351	765	  1	
283	407	765	  1	
283	447	765	  1	
284	 55	765	  1	
284	328	765	  1	
284	408	765	  1	
284	518	765	  1	
285	 71	765	  1	
285	222	765	  1	
285	394	765	  1	
286	 48	765	  1	
286	501	765	  1	
287	256	765	  1	
287	419	765	  1	
287	427	765	  1	
287	492	765	  1	
288	  6	765	  1	
288	 74	765	  1	
288	128	765	  1	
288	133	765	  1	
288	144	765	  1	
288	168	765	  1	
288	186	765	  1	
288	192	765	  1	
288	229	765	  1	
288	242	765	  1	
288	320	765	  1	
288	355	765	  1	
288	390	765	  1	
288	400	765	  1	
288	475	765	  1	
288	525	765	  1	
289	  8	765	  1	
289	343	765	  1	
289	503	765	  1	
290	120	765	  1	
290	496	765	  1	
291	158	765	  1	
291	327	765	  1	
291	404	765	  1	
291	415	765	  1	
292	  0	765	  1	
293	 16	765	  1	
293	 79	765	  1	
293	 82	765	  1	
293	 99	765	  1	
293	287	765	  1	
293	471	765	  1	
293	510	765	  1	
294	415	765	  1	
295	  6	765	  1	
295	 88	765	  1	
295	229	765	  1	
295	320	765	  1	
295	330	765	  1	
295	342	765	  1	
295	525	765	  1	
296	  0	765	  1	
296	 10	765	  1	
296	 23	765	  1	
296	 38	765	  1	
296	 96	765	  1	
296	288	765	  1	
296	295	765	  1	
296	308	765	  1	
296	335	765	  1	
296	372	765	  1	
296	424	765	  1	
296	472	765	  1	
297	251	765	  1	
298	127	765	  1	
298	191	765	  1	
298	240	765	  1	
299	224	765	  1	
299	341	765	  1	
299	431	765	  1	
299	508	765	  1	
299	576	765	  1	
300	103	765	  1	
300	368	765	  1	
300	372	765	  1	
300	419	765	  1	
301	 15	765	  1	
301	352	765	  1	
301	357	765	  1	
302	 21	765	  1	
302	108	765	  1	
302	117	765	  1	
302	166	765	  1	
302	247	765	  1	
302	492	765	  1	
302	496	765	  1	
303	122	765	  1	
303	231	765	  1	
303	335	765	  1	
303	424	765	  1	
303	462	765	  1	
304	 48	765	  1	
304	 83	765	  1	
304	221	765	  1	
304	251	765	  1	
304	405	765	  1	
304	520	765	  1	
304	527	765	  1	
304	535	765	  1	
304	544	765	  1	
304	584	765	  1	
306	373	765	  1	
306	400	765	  1	
307	231	765	  1	
307	304	765	  1	
307	320	765	  1	
308	 39	765	  1	
308	432	765	  1	
309	136	765	  1	
309	168	765	  1	
309	184	765	  1	
309	216	765	  1	
309	294	765	  1	
309	336	765	  1	
309	343	765	  1	
310	255	765	  1	
310	406	765	  1	
310	528	765	  1	
310	591	765	  1	
311	 31	765	  1	
311	 67	765	  1	
311	152	765	  1	
311	200	765	  1	
311	224	765	  1	
311	368	765	  1	
311	419	765	  1	
311	455	765	  1	
311	523	765	  1	
312	 12	765	  1	
312	 23	765	  1	
312	 48	765	  1	
312	 79	765	  1	
312	 87	765	  1	
312	120	765	  1	
312	126	765	  1	
312	192	765	  1	
312	198	765	  1	
312	238	765	  1	
312	288	765	  1	
312	307	765	  1	
312	317	765	  1	
312	373	765	  1	
312	380	765	  1	
312	385	765	  1	
312	460	765	  1	
312	495	765	  1	
313	 68	765	  1	
313	392	765	  1	
314	472	765	  1	
315	  8	765	  1	
315	144	765	  1	
315	312	765	  1	
315	488	765	  1	
316	 32	765	  1	
317	192	765	  1	
317	199	765	  1	
317	272	765	  1	
317	358	765	  1	
317	463	765	  1	
318	239	765	  1	
318	372	765	  1	
319	 23	765	  1	
319	 67	765	  1	
319	435	765	  1	
319	478	765	  1	
320	  0	765	  1	
320	131	765	  1	
320	141	765	  1	
320	146	765	  1	
320	152	765	  1	
320	159	765	  1	
320	176	765	  1	
320	208	765	  1	
320	214	765	  1	
320	247	765	  1	
320	251	765	  1	
320	263	765	  1	
320	339	765	  1	
320	346	765	  1	
320	375	765	  1	
320	383	765	  1	
320	439	765	  1	
320	445	765	  1	
320	448	765	  1	
320	536	765	  1	
321	366	765	  1	
322	  8	765	  1	
322	123	765	  1	
322	399	765	  1	
322	447	765	  1	
323	 56	765	  1	
323	256	765	  1	
323	304	765	  1	
323	378	765	  1	
323	416	765	  1	
323	433	765	  1	
324	180	765	  1	
324	424	765	  1	
325	151	765	  1	
325	211	765	  1	
325	319	765	  1	
325	383	765	  1	
326	 64	765	  1	
326	 77	765	  1	
326	399	765	  1	
327	  0	765	  1	
327	 72	765	  1	
327	240	765	  1	
327	248	765	  1	
327	255	765	  1	
327	263	765	  1	
327	307	765	  1	
327	336	765	  1	
327	343	765	  1	
327	394	765	  1	
327	519	765	  1	
328	 22	765	  1	
328	104	765	  1	
328	109	765	  1	
328	169	765	  1	
328	175	765	  1	
328	200	765	  1	
328	400	765	  1	
328	408	765	  1	
328	491	765	  1	
328	504	765	  1	
328	536	765	  1	
329	406	765	  1	
330	368	765	  1	
331	 13	765	  1	
331	 21	765	  1	
331	152	765	  1	
331	375	765	  1	
331	400	765	  1	
331	487	765	  1	
332	344	765	  1	
332	412	765	  1	
333	 64	765	  1	
333	 71	765	  1	
333	108	765	  1	
333	259	765	  1	
333	355	765	  1	
333	450	765	  1	
334	148	765	  1	
334	367	765	  1	
334	472	765	  1	
335	171	765	  1	
335	183	765	  1	
335	381	765	  1	
335	516	765	  1	
336	  0	765	  1	
336	 19	765	  1	
336	 48	765	  1	
336	 55	765	  1	
336	 80	765	  1	
336	113	765	  1	
336	235	765	  1	
336	291	765	  1	
336	315	765	  1	
336	319	765	  1	
336	342	765	  1	
336	396	765	  1	
337	312	765	  1	
338	  6	765	  1	
338	127	765	  1	
338	159	765	  1	
338	214	765	  1	
339	192	765	  1	
339	351	765	  1	
339	408	765	  1	
339	421	765	  1	
340	113	765	  1	
340	380	765	  1	
341	 47	765	  1	
341	 78	765	  1	
341	392	765	  1	
342	  0	765	  1	
342	 56	765	  1	
342	104	765	  1	
342	208	765	  1	
342	312	765	  1	
343	 48	765	  1	
343	 88	765	  1	
343	117	765	  1	
343	176	765	  1	
343	344	765	  1	
343	375	765	  1	
344	  7	765	  1	
344	 50	765	  1	
344	 82	765	  1	
344	112	765	  1	
344	135	765	  1	
344	155	765	  1	
344	224	765	  1	
344	312	765	  1	
344	334	765	  1	
344	365	765	  1	
344	384	765	  1	
344	390	765	  1	
344	400	765	  1	
344	421	765	  1	
344	442	765	  1	
344	457	765	  1	
344	541	765	  1	
346	183	765	  1	
346	240	765	  1	
346	247	765	  1	
346	267	765	  1	
346	394	765	  1	
346	528	765	  1	
347	 11	765	  1	
347	 88	765	  1	
347	136	765	  1	
347	161	765	  1	
347	296	765	  1	
347	332	765	  1	
347	335	765	  1	
347	343	765	  1	
347	399	765	  1	
348	  6	765	  1	
348	120	765	  1	
349	  0	765	  1	
349	 96	765	  1	
349	110	765	  1	
349	233	765	  1	
349	373	765	  1	
349	376	765	  1	
349	406	765	  1	
350	 87	765	  1	
351	135	765	  1	
352	 35	765	  1	
352	 40	765	  1	
352	 46	765	  1	
352	 75	765	  1	
352	 80	765	  1	
352	 86	765	  1	
352	 89	765	  1	
352	 95	765	  1	
352	117	765	  1	
352	149	765	  1	
352	162	765	  1	
352	176	765	  1	
352	208	765	  1	
352	221	765	  1	
352	299	765	  1	
352	427	765	  1	
352	512	765	  1	
353	528	765	  1	
354	126	765	  1	
355	  0	765	  1	
355	  7	765	  1	
355	 24	765	  1	
355	144	765	  1	
355	206	765	  1	
357	 14	765	  1	
357	 32	765	  1	
358	  2	765	  1	
358	 84	765	  1	
358	114	765	  1	
358	119	765	  1	
358	250	765	  1	
358	256	765	  1	
359	 89	765	  1	
359	 95	765	  1	
359	200	765	  1	
359	208	765	  1	
359	424	765	  1	
359	431	765	  1	
360	  8	765	  1	
360	 24	765	  1	
360	104	765	  1	
360	110	765	  1	
360	155	765	  1	
360	271	765	  1	
360	316	765	  1	
360	351	765	  1	
360	362	765	  1	
360	367	765	  1	
360	376	765	  1	
360	383	765	  1	
360	494	765	  1	
360	559	765	  1	
361	215	765	  1	
361	432	765	  1	
362	 46	765	  1	
362	136	765	  1	
362	335	765	  1	
363	 63	765	  1	
363	 80	765	  1	
363	488	765	  1	
363	528	765	  1	
364	208	765	  1	
365	107	765	  1	
365	135	765	  1	
366	 72	765	  1	
366	125	765	  1	
366	271	765	  1	
366	319	765	  1	
366	360	765	  1	
366	365	765	  1	
366	372	765	  1	
366	384	765	  1	
367	 59	765	  1	
367	143	765	  1	
367	301	765	  1	
367	330	765	  1	
367	456	765	  1	
367	559	765	  1	
368	  0	765	  1	
368	 13	765	  1	
368	 38	765	  1	
368	 83	765	  1	
368	 98	765	  1	
368	144	765	  1	
368	373	765	  1	
368	467	765	  1	
368	556	765	  1	
369	253	765	  1	
369	328	765	  1	
371	367	765	  1	
372	 24	765	  1	
373	  8	765	  1	
373	136	765	  1	
374	 21	765	  1	
374	 88	765	  1	
374	216	765	  1	
374	259	765	  1	
374	428	765	  1	
374	595	765	  1	
375	 56	765	  1	
375	 63	765	  1	
375	335	765	  1	
375	360	765	  1	
375	483	765	  1	
375	559	765	  1	
376	 15	765	  1	
376	 48	765	  1	
376	 76	765	  1	
376	115	765	  1	
376	133	765	  1	
376	161	765	  1	
376	165	765	  1	
376	198	765	  1	
376	203	765	  1	
376	235	765	  1	
376	295	765	  1	
376	310	765	  1	
376	389	765	  1	
376	523	765	  1	
377	159	765	  1	
377	379	765	  1	
377	436	765	  1	
378	 72	765	  1	
378	 96	765	  1	
378	104	765	  1	
378	134	765	  1	
378	304	765	  1	
378	359	765	  1	
378	412	765	  1	
379	 60	765	  1	
379	421	765	  1	
379	430	765	  1	
380	 38	765	  1	
380	152	765	  1	
381	 87	765	  1	
381	161	765	  1	
381	165	765	  1	
381	246	765	  1	
381	310	765	  1	
381	391	765	  1	
382	 72	765	  1	
382	203	765	  1	
382	424	765	  1	
382	439	765	  1	
383	 77	765	  1	
383	100	765	  1	
383	159	765	  1	
383	183	765	  1	
383	191	765	  1	
383	198	765	  1	
383	232	765	  1	
383	239	765	  1	
383	279	765	  1	
383	304	765	  1	
384	  2	765	  1	
384	 69	765	  1	
384	192	765	  1	
384	274	765	  1	
384	296	765	  1	
384	317	765	  1	
384	321	765	  1	
384	328	765	  1	
384	338	765	  1	
384	352	765	  1	
384	358	765	  1	
384	380	765	  1	
384	455	765	  1	
384	486	765	  1	
384	491	765	  1	
386	 48	765	  1	
386	 64	765	  1	
387	 60	765	  1	
387	144	765	  1	
387	335	765	  1	
387	351	765	  1	
387	448	765	  1	
388	327	765	  1	
389	302	765	  1	
389	408	765	  1	
390	 68	765	  1	
390	 78	765	  1	
390	391	765	  1	
391	188	765	  1	
391	320	765	  1	
391	328	765	  1	
391	343	765	  1	
391	380	765	  1	
391	455	765	  1	
391	480	765	  1	
391	556	765	  1	
392	 19	765	  1	
392	 39	765	  1	
392	 71	765	  1	
392	155	765	  1	
392	163	765	  1	
392	168	765	  1	
392	176	765	  1	
392	231	765	  1	
392	309	765	  1	
393	205	765	  1	
394	  0	765	  1	
394	 24	765	  1	
394	358	765	  1	
395	 68	765	  1	
395	184	765	  1	
395	224	765	  1	
395	238	765	  1	
395	543	765	  1	
396	 56	765	  1	
396	262	765	  1	
396	410	765	  1	
397	144	765	  1	
397	152	765	  1	
397	174	765	  1	
397	346	765	  1	
397	430	765	  1	
398	 66	765	  1	
398	160	765	  1	
398	192	765	  1	
398	205	765	  1	
398	356	765	  1	
398	488	765	  1	
399	  9	765	  1	
399	167	765	  1	
399	231	765	  1	
400	 38	765	  1	
400	154	765	  1	
400	181	765	  1	
400	194	765	  1	
400	210	765	  1	
400	215	765	  1	
400	389	765	  1	
400	405	765	  1	
401	101	765	  1	
402	135	765	  1	
403	144	765	  1	
403	382	765	  1	
404	 24	765	  1	
404	 97	765	  1	
405	 48	765	  1	
405	153	765	  1	
406	 56	765	  1	
406	 63	765	  1	
406	163	765	  1	
406	168	765	  1	
406	351	765	  1	
406	384	765	  1	
407	 26	765	  1	
407	 87	765	  1	
407	199	765	  1	
407	205	765	  1	
407	328	765	  1	
407	416	765	  1	
407	448	765	  1	
408	 23	765	  1	
408	 64	765	  1	
408	 74	765	  1	
408	122	765	  1	
408	128	765	  1	
408	144	765	  1	
408	165	765	  1	
408	180	765	  1	
408	224	765	  1	
408	288	765	  1	
409	 56	765	  1	
409	 91	765	  1	
410	 79	765	  1	
410	399	765	  1	
410	427	765	  1	
411	 96	765	  1	
413	 10	765	  1	
413	123	765	  1	
413	160	765	  1	
413	320	765	  1	
414	  2	765	  1	
414	176	765	  1	
414	335	765	  1	
415	128	765	  1	
415	173	765	  1	
415	288	765	  1	
415	392	765	  1	
415	396	765	  1	
415	544	765	  1	
415	549	765	  1	
416	 44	765	  1	
416	 88	765	  1	
416	 92	765	  1	
416	112	765	  1	
416	179	765	  1	
416	200	765	  1	
416	234	765	  1	
416	240	765	  1	
416	285	765	  1	
416	308	765	  1	
416	346	765	  1	
417	 96	765	  1	
418	 15	765	  1	
418	222	765	  1	
418	298	765	  1	
418	303	765	  1	
420	 32	765	  1	
420	 63	765	  1	
420	114	765	  1	
420	528	765	  1	
421	211	765	  1	
422	126	765	  1	
422	311	765	  1	
422	428	765	  1	
423	  0	765	  1	
423	 14	765	  1	
423	184	765	  1	
423	231	765	  1	
424	 16	765	  1	
424	 83	765	  1	
424	100	765	  1	
424	112	765	  1	
424	152	765	  1	
424	159	765	  1	
424	165	765	  1	
424	253	765	  1	
424	304	765	  1	
424	328	765	  1	
424	335	765	  1	
424	344	765	  1	
424	355	765	  1	
424	365	765	  1	
425	134	765	  1	
425	176	765	  1	
426	 56	765	  1	
426	591	765	  1	
427	231	765	  1	
427	239	765	  1	
427	336	765	  1	
427	351	765	  1	
427	495	765	  1	
428	 14	765	  1	
428	 28	765	  1	
428	 48	765	  1	
428	172	765	  1	
428	226	765	  1	
429	256	765	  1	
429	266	765	  1	
430	  8	765	  1	
430	 23	765	  1	
430	 55	765	  1	
430	127	765	  1	
430	154	765	  1	
430	166	765	  1	
430	342	765	  1	
431	 69	765	  1	
431	183	765	  1	
431	207	765	  1	
431	215	765	  1	
431	234	765	  1	
431	322	765	  1	
431	352	765	  1	
431	359	765	  1	
431	490	765	  1	
432	  0	765	  1	
432	 91	765	  1	
432	138	765	  1	
432	179	765	  1	
432	184	765	  1	
432	240	765	  1	
432	246	765	  1	
432	264	765	  1	
432	382	765	  1	
432	397	765	  1	
434	 64	765	  1	
434	222	765	  1	
434	344	765	  1	
434	376	765	  1	
435	  6	765	  1	
435	110	765	  1	
435	200	765	  1	
435	282	765	  1	
435	287	765	  1	
436	216	765	  1	
436	359	765	  1	
436	490	765	  1	
437	174	765	  1	
437	239	765	  1	
437	311	765	  1	
437	584	765	  1	
438	120	765	  1	
438	232	765	  1	
439	183	765	  1	
439	192	765	  1	
439	197	765	  1	
439	207	765	  1	
439	380	765	  1	
440	 59	765	  1	
440	 87	765	  1	
440	156	765	  1	
440	201	765	  1	
440	216	765	  1	
440	221	765	  1	
440	251	765	  1	
440	301	765	  1	
441	 72	765	  1	
442	 68	765	  1	
442	 84	765	  1	
442	104	765	  1	
442	142	765	  1	
442	152	765	  1	
442	167	765	  1	
442	207	765	  1	
442	311	765	  1	
444	133	765	  1	
444	136	765	  1	
445	 72	765	  1	
445	181	765	  1	
446	 77	765	  1	
446	 87	765	  1	
446	191	765	  1	
447	142	765	  1	
447	223	765	  1	
448	  3	765	  1	
448	 19	765	  1	
448	 32	765	  1	
448	 36	765	  1	
448	 42	765	  1	
448	 83	765	  1	
448	112	765	  1	
448	144	765	  1	
448	166	765	  1	
448	192	765	  1	
448	202	765	  1	
448	235	765	  1	
448	248	765	  1	
449	256	765	  1	
450	150	765	  1	
451	 94	765	  1	
451	176	765	  1	
452	  8	765	  1	
452	 79	765	  1	
453	  0	765	  1	
453	 40	765	  1	
453	 46	765	  1	
453	111	765	  1	
453	136	765	  1	
453	143	765	  1	
453	240	765	  1	
453	247	765	  1	
454	128	765	  1	
454	159	765	  1	
455	 72	765	  1	
456	 32	765	  1	
456	 47	765	  1	
456	 56	765	  1	
456	 63	765	  1	
456	 78	765	  1	
456	 82	765	  1	
456	155	765	  1	
456	179	765	  1	
456	256	765	  1	
456	304	765	  1	
456	312	765	  1	
456	336	765	  1	
456	360	765	  1	
457	212	765	  1	
457	240	765	  1	
457	245	765	  1	
457	341	765	  1	
458	 80	765	  1	
458	136	765	  1	
459	  0	765	  1	
459	128	765	  1	
461	 45	765	  1	
461	118	765	  1	
461	195	765	  1	
461	262	765	  1	
462	 36	765	  1	
462	105	765	  1	
462	155	765	  1	
463	  6	765	  1	
463	 82	765	  1	
463	312	765	  1	
463	336	765	  1	
464	  2	765	  1	
464	 72	765	  1	
464	120	765	  1	
464	126	765	  1	
464	171	765	  1	
464	184	765	  1	
464	191	765	  1	
464	259	765	  1	
464	280	765	  1	
464	284	765	  1	
464	288	765	  1	
464	295	765	  1	
464	298	765	  1	
464	368	765	  1	
464	392	765	  1	
464	485	765	  1	
465	312	765	  1	
466	 79	765	  1	
466	480	765	  1	
467	  0	765	  1	
467	  7	765	  1	
467	111	765	  1	
468	212	765	  1	
469	 72	765	  1	
469	123	765	  1	
469	197	765	  1	
470	200	765	  1	
470	256	765	  1	
470	263	765	  1	
471	174	765	  1	
471	187	765	  1	
471	215	765	  1	
471	347	765	  1	
472	  8	765	  1	
472	 24	765	  1	
472	 40	765	  1	
472	 69	765	  1	
472	 80	765	  1	
472	146	765	  1	
472	296	765	  1	
472	304	765	  1	
472	336	765	  1	
472	343	765	  1	
472	420	765	  1	
474	152	765	  1	
475	 48	765	  1	
475	167	765	  1	
475	394	765	  1	
476	 14	765	  1	
477	 64	765	  1	
477	208	765	  1	
477	239	765	  1	
477	272	765	  1	
477	312	765	  1	
478	175	765	  1	
478	296	765	  1	
479	 24	765	  1	
479	115	765	  1	
479	213	765	  1	
480	  0	765	  1	
480	  5	765	  1	
480	 40	765	  1	
480	 55	765	  1	
480	 75	765	  1	
480	104	765	  1	
480	144	765	  1	
480	156	765	  1	
480	252	765	  1	
482	167	765	  1	
482	181	765	  1	
483	 16	765	  1	
483	 62	765	  1	
485	 80	765	  1	
485	107	765	  1	
485	128	765	  1	
485	248	765	  1	
486	172	765	  1	
486	176	765	  1	
486	229	765	  1	
486	331	765	  1	
487	 55	765	  1	
487	 72	765	  1	
487	139	765	  1	
487	144	765	  1	
487	272	765	  1	
488	 27	765	  1	
488	 70	765	  1	
488	 85	765	  1	
488	134	765	  1	
488	183	765	  1	
488	194	765	  1	
488	240	765	  1	
488	244	765	  1	
488	264	765	  1	
488	280	765	  1	
488	311	765	  1	
488	339	765	  1	
488	508	765	  1	
488	532	765	  1	
489	  0	765	  1	
489	 74	765	  1	
490	254	765	  1	
491	112	765	  1	
492	 66	765	  1	
492	123	765	  1	
493	 80	765	  1	
494	 78	765	  1	
494	248	765	  1	
494	384	765	  1	
494	391	765	  1	
495	 32	765	  1	
495	179	765	  1	
495	199	765	  1	
495	484	765	  1	
496	 23	765	  1	
496	113	765	  1	
496	117	765	  1	
496	144	765	  1	
496	164	765	  1	
496	335	765	  1	
498	 16	765	  1	
498	135	765	  1	
499	 56	765	  1	
499	232	765	  1	
499	262	765	  1	
499	296	765	  1	
499	327	765	  1	
500	148	765	  1	
500	254	765	  1	
501	186	765	  1	
501	304	765	  1	
501	311	765	  1	
502	 80	765	  1	
503	 23	765	  1	
503	 86	765	  1	
503	134	765	  1	
503	166	765	  1	
503	463	765	  1	
504	 24	765	  1	
504	 36	765	  1	
504	 45	765	  1	
504	 55	765	  1	
504	 77	765	  1	
504	170	765	  1	
504	200	765	  1	
504	207	765	  1	
504	283	765	  1	
504	313	765	  1	
504	392	765	  1	
504	396	765	  1	
505	  0	765	  1	
505	109	765	  1	
505	123	765	  1	
506	 72	765	  1	
506	164	765	  1	
506	189	765	  1	
506	269	765	  1	
507	 32	765	  1	
508	519	765	  1	
509	112	765	  1	
509	175	765	  1	
509	208	765	  1	
509	213	765	  1	
509	256	765	  1	
509	344	765	  1	
510	 78	765	  1	
510	397	765	  1	
511	152	765	  1	
511	159	765	  1	
511	167	765	  1	
511	200	765	  1	
511	264	765	  1	
511	271	765	  1	
511	392	765	  1	
512	 43	765	  1	
512	 99	765	  1	
512	136	765	  1	
512	203	765	  1	
512	223	765	  1	
512	237	765	  1	
512	255	765	  1	
512	277	765	  1	
512	408	765	  1	
512	536	765	  1	
514	 48	765	  1	
514	 94	765	  1	
514	232	765	  1	
515	 64	765	  1	
515	248	765	  1	
515	270	765	  1	
515	296	765	  1	
516	208	765	  1	
517	 51	765	  1	
517	102	765	  1	
517	112	765	  1	
517	142	765	  1	
517	182	765	  1	
517	272	765	  1	
518	 15	765	  1	
518	200	765	  1	
518	211	765	  1	
518	238	765	  1	
518	432	765	  1	
519	 85	765	  1	
519	187	765	  1	
519	575	765	  1	
520	240	765	  1	
520	259	765	  1	
520	295	765	  1	
520	304	765	  1	
520	339	765	  1	
520	347	765	  1	
520	424	765	  1	
522	 10	765	  1	
522	216	765	  1	
523	288	765	  1	
523	354	765	  1	
525	 96	765	  1	
525	168	765	  1	
525	175	765	  1	
525	231	765	  1	
525	362	765	  1	
526	  0	765	  1	
526	 15	765	  1	
527	240	765	  1	
527	248	765	  1	
527	295	765	  1	
527	344	765	  1	
527	351	765	  1	
527	367	765	  1	
527	424	765	  1	
528	 67	765	  1	
528	 77	765	  1	
528	 94	765	  1	
528	 99	765	  1	
528	128	765	  1	
528	135	765	  1	
528	176	765	  1	
528	183	765	  1	
528	205	765	  1	
528	245	765	  1	
528	259	765	  1	
528	277	765	  1	
528	352	765	  1	
528	359	765	  1	
528	372	765	  1	
528	378	765	  1	
528	439	765	  1	
531	  8	765	  1	
531	110	765	  1	
531	328	765	  1	
531	348	765	  1	
531	368	765	  1	
532	 72	765	  1	
533	240	765	  1	
533	367	765	  1	
533	373	765	  1	
534	 95	765	  1	
535	 15	765	  1	
535	 64	765	  1	
535	 71	765	  1	
535	131	765	  1	
535	179	765	  1	
535	256	765	  1	
535	263	765	  1	
535	381	765	  1	
536	  0	765	  1	
536	  7	765	  1	
536	102	765	  1	
536	136	765	  1	
536	143	765	  1	
536	168	765	  1	
536	181	765	  1	
536	186	765	  1	
536	219	765	  1	
536	248	765	  1	
536	255	765	  1	
537	 85	765	  1	
537	 91	765	  1	
538	206	765	  1	
539	200	765	  1	
539	280	765	  1	
540	 80	765	  1	
541	112	765	  1	
541	117	765	  1	
541	295	765	  1	
542	 95	765	  1	
542	353	765	  1	
543	  3	765	  1	
543	128	765	  1	
543	200	765	  1	
543	216	765	  1	
543	223	765	  1	
543	286	765	  1	
544	 96	765	  1	
544	149	765	  1	
544	173	765	  1	
544	199	765	  1	
544	214	765	  1	
544	217	765	  1	
544	227	765	  1	
544	240	765	  1	
544	309	765	  1	
544	384	765	  1	
547	134	765	  1	
547	188	765	  1	
547	256	765	  1	
547	296	765	  1	
547	408	765	  1	
548	262	765	  1	
548	438	765	  1	
549	168	765	  1	
550	 18	765	  1	
550	218	765	  1	
550	391	765	  1	
551	 92	765	  1	
551	214	765	  1	
551	227	765	  1	
552	 56	765	  1	
552	 65	765	  1	
552	 72	765	  1	
552	 79	765	  1	
552	224	765	  1	
552	281	765	  1	
552	336	765	  1	
552	430	765	  1	
553	143	765	  1	
553	184	765	  1	
554	104	765	  1	
554	131	765	  1	
554	287	765	  1	
555	122	765	  1	
555	175	765	  1	
556	 88	765	  1	
557	256	765	  1	
557	261	765	  1	
558	 40	765	  1	
558	 80	765	  1	
558	437	765	  1	
559	 75	765	  1	
559	 96	765	  1	
559	135	765	  1	
559	144	765	  1	
559	168	765	  1	
559	280	765	  1	
559	285	765	  1	
559	336	765	  1	
560	100	765	  1	
560	120	765	  1	
560	127	765	  1	
560	160	765	  1	
560	195	765	  1	
560	303	765	  1	
560	424	765	  1	
560	552	765	  1	
561	134	765	  1	
563	118	765	  1	
563	167	765	  1	
563	296	765	  1	
565	543	765	  1	
566	331	765	  1	
566	344	765	  1	
566	427	765	  1	
567	 28	765	  1	
567	123	765	  1	
567	160	765	  1	
567	192	765	  1	
567	199	765	  1	
567	303	765	  1	
568	 39	765	  1	
568	 47	765	  1	
568	 84	765	  1	
568	114	765	  1	
568	139	765	  1	
568	272	765	  1	
568	277	765	  1	
571	192	765	  1	
571	288	765	  1	
573	 34	765	  1	
574	  0	765	  1	
575	 43	765	  1	
575	136	765	  1	
575	143	765	  1	
575	312	765	  1	
575	316	765	  1	
575	376	765	  1	
575	464	765	  1	
576	 94	765	  1	
576	 99	765	  1	
576	176	765	  1	
576	183	765	  1	
576	200	765	  1	
576	211	765	  1	
576	229	765	  1	
576	240	765	  1	
576	246	765	  1	
576	301	765	  1	
577	 11	765	  1	
578	205	765	  1	
578	459	765	  1	
579	243	765	  1	
579	272	765	  1	
580	273	765	  1	
583	179	765	  1	
583	200	765	  1	
583	388	765	  1	
583	562	765	  1	
584	  2	765	  1	
584	 39	765	  1	
584	 64	765	  1	
584	 96	765	  1	
584	227	765	  1	
584	234	765	  1	
584	256	765	  1	
584	263	765	  1	
584	291	765	  1	
587	 42	765	  1	
589	231	765	  1	
589	256	765	  1	
589	263	765	  1	
591	224	765	  1	
591	296	765	  1	
592	112	765	  1	
592	118	765	  1	
592	136	765	  1	
592	184	765	  1	
592	188	765	  1	
592	194	765	  1	
592	320	765	  1	
592	367	765	  1	
592	543	765	  1	
594	  5	765	  1	
594	 88	765	  1	
594	300	765	  1	
594	549	765	  1	
595	 96	765	  1	
595	143	765	  1	
595	383	765	  1	
596	 79	765	  1	
597	 71	765	  1	
597	544	765	  1	
598	186	765	  1	
599	 99	765	  1	
599	136	765	  1	
599	159	765	  1	
599	191	765	  1	
599	306	765	  1	
599	327	765	  1	
600	 51	765	  1	
600	218	765	  1	
600	243	765	  1	
600	263	765	  1	
600	319	765	  1	
602	120	765	  1	
602	287	765	  1	
603	256	765	  1	
603	272	765	  1	
605	134	765	  1	
605	360	765	  1	
605	365	765	  1	
607	  8	765	  1	
607	120	765	  1	
607	243	765	  1	
607	263	765	  1	
607	319	765	  1	
607	463	765	  1	
607	503	765	  1	
608	  0	765	  1	
608	  6	765	  1	
608	 78	765	  1	
608	132	765	  1	
608	216	765	  1	
608	232	765	  1	
608	295	765	  1	
608	336	765	  1	
608	351	765	  1	
608	505	765	  1	
611	239	765	  1	
612	 93	765	  1	
612	387	765	  1	
613	  2	765	  1	
613	448	765	  1	
615	 68	765	  1	
615	 72	765	  1	
615	232	765	  1	
615	446	765	  1	
616	299	765	  1	
616	424	765	  1	
623	 82	765	  1	
623	112	765	  1	
623	296	765	  1	
623	303	765	  1	
624	248	765	  1	
624	451	765	  1	
625	 37	765	  1	
626	188	765	  1	
627	255	765	  1	
631	  7	765	  1	
631	184	765	  1	
631	248	765	  1	
632	120	765	  1	
632	247	765	  1	
633	216	765	  1	
635	240	765	  1	
636	112	765	  1	
639	104	765	  1	
639	116	765	  1	
639	223	765	  1	
639	247	765	  1	
639	311	765	  1	
639	360	765	  1	
640	  6	765	  1	
640	272	765	  1	
640	384	765	  1	
642	  0	765	  1	
643	277	765	  1	
644	415	765	  1	
645	319	765	  1	
646	  7	765	  1	
650	119	765	  1	
655	283	765	  1	
656	 67	765	  1	
656	 86	765	  1	
656	360	765	  1	
656	563	765	  1	
658	 80	765	  1	
659	367	765	  1	
660	360	765	  1	
661	 23	765	  1	
662	143	765	  1	
663	 84	765	  1	
664	 91	765	  1	
664	167	765	  1	
664	215	765	  1	
664	317	765	  1	
667	160	765	  1	
671	120	765	  1	
671	124	765	  1	
671	167	765	  1	
671	197	765	  1	
671	312	765	  1	
672	 87	765	  1	
672	399	765	  1	
675	349	765	  1	
680	149	765	  1	
680	288	765	  1	
692	128	765	  1	
693	295	765	  1	
701	159	765	  1	
701	576	765	  1	
712	448	765	  1	
728	256	765	  1	
740	145	765	  1	
