# 
#  Image file: Goad1_T0047.jpg
#  Applied threshold: 575
#  Algorithm used: fill2                 
#  Particle count: 1870
#  Location (x,y), max luminance, and mass:
# 
  0	196	765	  1	
  0	201	765	  1	
  3	147	765	  1	
  7	448	765	  1	
  8	192	765	  1	
 10	508	765	  1	
 12	239	765	  1	
 13	112	765	  1	
 15	 14	765	  1	
 15	198	765	  1	
 16	520	765	  1	
 20	310	765	  1	
 40	383	765	  1	
 43	111	765	  1	
 48	343	765	  1	
 52	 95	765	  1	
 55	139	765	  1	
 55	280	765	  1	
 64	256	765	  1	
 64	386	765	  1	
 66	321	765	  1	
 70	327	765	  1	
 70	364	765	  1	
 71	123	765	  1	
 75	 99	765	  1	
 75	351	765	  1	
 79	239	765	  1	
 79	280	765	  1	
 80	336	765	  1	
 83	303	765	  1	
 88	 34	765	  1	
 88	242	765	  1	
 88	263	765	  1	
 88	322	765	  1	
 90	143	765	  1	
 90	399	765	  1	
 94	339	765	  1	
 95	237	765	  1	
 96	108	765	  1	
 96	411	765	  1	
102	104	765	  1	
102	280	765	  1	
102	328	765	  1	
103	336	765	  1	
103	544	765	  1	
104	112	765	  1	
104	143	765	  1	
104	167	765	  1	
104	272	765	  1	
104	291	765	  1	
104	319	765	  1	
104	403	765	  1	
108	416	765	  1	
110	199	765	  1	
110	215	765	  1	
111	 94	765	  1	
111	119	765	  1	
111	167	765	  1	
111	279	765	  1	
111	400	765	  1	
111	407	765	  1	
111	567	765	  1	
111	587	765	  1	
112	293	765	  1	
112	298	765	  1	
112	319	765	  1	
112	327	765	  1	
112	439	765	  1	
115	144	765	  1	
115	312	765	  1	
115	335	765	  1	
117	133	765	  1	
118	128	765	  1	
118	330	765	  1	
119	127	765	  1	
119	452	765	  1	
120	303	765	  1	
120	323	765	  1	
120	416	765	  1	
121	194	765	  1	
122	  0	765	  1	
122	328	765	  1	
123	296	765	  1	
125	319	765	  1	
126	416	765	  1	
127	 24	765	  1	
127	122	765	  1	
127	303	765	  1	
127	323	765	  1	
128	 10	765	  1	
128	132	765	  1	
128	330	765	  1	
129	 82	765	  1	
132	354	765	  1	
134	 15	765	  1	
135	111	765	  1	
135	189	765	  1	
135	332	765	  1	
135	415	765	  1	
136	127	765	  1	
136	272	765	  1	
136	336	765	  1	
138	342	765	  1	
141	102	765	  1	
142	183	765	  1	
143	136	765	  1	
143	297	765	  1	
144	 80	765	  1	
144	309	765	  1	
144	551	765	  1	
145	258	765	  1	
145	320	765	  1	
146	 72	765	  1	
148	440	765	  1	
150	 99	765	  1	
151	386	765	  1	
151	455	765	  1	
152	 95	765	  1	
152	102	765	  1	
152	128	765	  1	
152	144	765	  1	
152	264	765	  1	
152	271	765	  1	
152	359	765	  1	
152	440	765	  1	
154	240	765	  1	
154	384	765	  1	
154	398	765	  1	
155	152	765	  1	
155	160	765	  1	
155	192	765	  1	
155	352	765	  1	
156	114	765	  1	
156	262	765	  1	
157	379	765	  1	
158	100	765	  1	
158	335	765	  1	
159	128	765	  1	
159	267	765	  1	
159	359	765	  1	
159	398	765	  1	
159	423	765	  1	
159	440	765	  1	
160	111	765	  1	
160	413	765	  1	
162	352	765	  1	
163	104	765	  1	
164	384	765	  1	
164	388	765	  1	
164	408	765	  1	
165	429	765	  1	
166	192	765	  1	
167	 27	765	  1	
167	111	765	  1	
167	159	765	  1	
168	 78	765	  1	
168	 87	765	  1	
168	 96	765	  1	
168	106	765	  1	
168	128	765	  1	
168	143	765	  1	
168	156	765	  1	
168	203	765	  1	
168	208	765	  1	
168	221	765	  1	
168	291	765	  1	
168	407	765	  1	
168	485	765	  1	
170	 72	765	  1	
170	367	765	  1	
171	152	765	  1	
172	398	765	  1	
172	407	765	  1	
172	424	765	  1	
172	436	765	  1	
173	 87	765	  1	
173	123	765	  1	
174	156	765	  1	
174	215	765	  1	
174	304	765	  1	
174	315	765	  1	
175	 45	765	  1	
175	111	765	  1	
175	128	765	  1	
175	275	765	  1	
175	494	765	  1	
176	 64	765	  1	
176	 71	765	  1	
176	135	765	  1	
176	160	765	  1	
176	192	765	  1	
176	349	765	  1	
178	165	765	  1	
179	120	765	  1	
179	136	765	  1	
180	304	765	  1	
181	 83	765	  1	
181	108	765	  1	
182	160	765	  1	
182	408	765	  1	
183	 67	765	  1	
183	135	765	  1	
183	192	765	  1	
183	296	765	  1	
183	406	765	  1	
183	440	765	  1	
184	104	765	  1	
184	115	765	  1	
184	131	765	  1	
184	149	765	  1	
184	159	765	  1	
184	174	765	  1	
184	311	765	  1	
184	344	765	  1	
184	348	765	  1	
184	367	765	  1	
184	515	765	  1	
187	 71	765	  1	
187	135	765	  1	
187	231	765	  1	
188	296	765	  1	
188	362	765	  1	
189	311	765	  1	
189	575	765	  1	
190	129	765	  1	
190	320	765	  1	
192	  0	765	  1	
192	 88	765	  1	
192	 95	765	  1	
192	101	765	  1	
192	141	765	  1	
192	160	765	  1	
192	167	765	  1	
192	216	765	  1	
192	272	765	  1	
192	279	765	  1	
192	297	765	  1	
192	312	765	  1	
192	319	765	  1	
192	324	765	  1	
193	269	765	  1	
194	270	765	  1	
194	400	765	  1	
195	 91	765	  1	
197	463	765	  1	
198	  4	765	  1	
198	 85	765	  1	
198	216	765	  1	
198	335	765	  1	
198	592	765	  1	
199	 95	765	  1	
199	163	765	  1	
199	275	765	  1	
199	315	765	  1	
199	495	765	  1	
199	535	765	  1	
200	 16	765	  1	
200	 31	765	  1	
200	104	765	  1	
200	112	765	  1	
200	119	765	  1	
200	127	765	  1	
200	204	765	  1	
200	243	765	  1	
200	370	765	  1	
200	392	765	  1	
200	399	765	  1	
200	499	765	  1	
200	568	765	  1	
200	575	765	  1	
201	368	765	  1	
202	134	765	  1	
202	167	765	  1	
202	192	765	  1	
203	320	765	  1	
203	327	765	  1	
203	341	765	  1	
203	383	765	  1	
204	404	765	  1	
205	240	765	  1	
205	408	765	  1	
206	200	765	  1	
207	115	765	  1	
207	227	765	  1	
207	376	765	  1	
207	395	765	  1	
207	424	765	  1	
207	448	765	  1	
208	 78	765	  1	
208	 96	765	  1	
208	102	765	  1	
208	120	765	  1	
208	128	765	  1	
208	142	765	  1	
208	264	765	  1	
208	288	765	  1	
208	319	765	  1	
208	355	765	  1	
208	413	765	  1	
208	432	765	  1	
209	133	765	  1	
209	376	765	  1	
209	383	765	  1	
210	 38	765	  1	
210	280	765	  1	
211	104	765	  1	
211	312	765	  1	
211	367	765	  1	
211	408	765	  1	
213	 99	765	  1	
214	160	765	  1	
214	167	765	  1	
214	192	765	  1	
214	365	765	  1	
215	 31	765	  1	
215	 36	765	  1	
215	142	765	  1	
215	268	765	  1	
215	319	765	  1	
216	 77	765	  1	
216	 88	765	  1	
216	 94	765	  1	
216	103	765	  1	
216	120	765	  1	
216	144	765	  1	
216	399	765	  1	
216	401	765	  1	
216	405	765	  1	
216	417	765	  1	
216	560	765	  1	
217	109	765	  1	
217	141	765	  1	
218	 72	765	  1	
218	130	765	  1	
218	291	765	  1	
219	174	765	  1	
219	392	765	  1	
219	530	765	  1	
221	 51	765	  1	
221	405	765	  1	
222	 78	765	  1	
222	141	765	  1	
222	275	765	  1	
223	 15	765	  1	
223	190	765	  1	
223	360	765	  1	
223	367	765	  1	
223	399	765	  1	
224	  7	765	  1	
224	104	765	  1	
224	154	765	  1	
224	159	765	  1	
224	179	765	  1	
224	200	765	  1	
224	240	765	  1	
224	256	765	  1	
225	 86	765	  1	
226	135	765	  1	
227	295	765	  1	
228	415	765	  1	
229	 99	765	  1	
229	110	765	  1	
230	142	765	  1	
230	309	765	  1	
230	316	765	  1	
230	408	765	  1	
230	535	765	  1	
231	 70	765	  1	
231	240	765	  1	
231	543	765	  1	
232	119	765	  1	
232	123	765	  1	
232	140	765	  1	
232	146	765	  1	
232	172	765	  1	
232	184	765	  1	
232	196	765	  1	
232	200	765	  1	
232	234	765	  1	
232	376	765	  1	
232	392	765	  1	
232	463	765	  1	
232	478	765	  1	
232	485	765	  1	
233	 90	765	  1	
233	132	765	  1	
234	  0	765	  1	
234	381	765	  1	
235	 72	765	  1	
235	 95	765	  1	
235	128	765	  1	
235	145	765	  1	
235	207	765	  1	
235	282	765	  1	
235	480	765	  1	
236	349	765	  1	
236	424	765	  1	
237	 27	765	  1	
237	232	765	  1	
237	239	765	  1	
237	326	765	  1	
237	408	765	  1	
238	311	765	  1	
238	376	765	  1	
238	431	765	  1	
239	 58	765	  1	
239	128	765	  1	
239	200	765	  1	
239	392	765	  1	
239	456	765	  1	
239	576	765	  1	
240	  6	765	  1	
240	 37	765	  1	
240	 55	765	  1	
240	 61	765	  1	
240	 65	765	  1	
240	 80	765	  1	
240	120	765	  1	
240	183	765	  1	
240	191	765	  1	
240	202	765	  1	
240	208	765	  1	
240	224	765	  1	
240	240	765	  1	
240	244	765	  1	
240	342	765	  1	
240	384	765	  1	
240	388	765	  1	
240	427	765	  1	
240	451	765	  1	
240	464	765	  1	
240	520	765	  1	
241	 30	765	  1	
241	 33	765	  1	
242	 86	765	  1	
242	154	765	  1	
242	303	765	  1	
243	 40	765	  1	
243	338	765	  1	
243	392	765	  1	
243	406	765	  1	
243	416	765	  1	
244	 38	765	  1	
244	549	765	  1	
245	 24	765	  1	
245	245	765	  1	
246	 68	765	  1	
246	 80	765	  1	
246	140	765	  1	
246	157	765	  1	
246	165	765	  1	
246	343	765	  1	
246	464	765	  1	
247	 46	765	  1	
247	191	765	  1	
248	  8	765	  1	
248	 37	765	  1	
248	119	765	  1	
248	128	765	  1	
248	184	765	  1	
248	232	765	  1	
248	312	765	  1	
248	416	765	  1	
248	429	765	  1	
248	448	765	  1	
248	456	765	  1	
251	 40	765	  1	
251	116	765	  1	
251	175	765	  1	
251	198	765	  1	
251	255	765	  1	
251	584	765	  1	
252	 32	765	  1	
253	 48	765	  1	
253	 55	765	  1	
253	136	765	  1	
253	143	765	  1	
253	187	765	  1	
253	264	765	  1	
253	387	765	  1	
253	408	765	  1	
253	415	765	  1	
253	422	765	  1	
254	  8	765	  1	
254	328	765	  1	
255	200	765	  1	
255	488	765	  1	
255	591	765	  1	
256	 29	765	  1	
256	 67	765	  1	
256	 80	765	  1	
256	 90	765	  1	
256	 94	765	  1	
256	130	765	  1	
256	134	765	  1	
256	144	765	  1	
256	152	765	  1	
256	159	765	  1	
256	161	765	  1	
256	174	765	  1	
256	199	765	  1	
256	218	765	  1	
256	260	765	  1	
256	276	765	  1	
256	299	765	  1	
256	403	765	  1	
256	416	765	  1	
256	432	765	  1	
256	483	765	  1	
257	102	765	  1	
257	496	765	  1	
258	128	765	  1	
258	272	765	  1	
258	352	765	  1	
258	500	765	  1	
259	192	765	  1	
259	254	765	  1	
259	304	765	  1	
259	389	765	  1	
259	448	765	  1	
260	 80	765	  1	
260	299	765	  1	
261	111	765	  1	
261	276	765	  1	
262	 31	765	  1	
262	 70	765	  1	
262	 89	765	  1	
262	134	765	  1	
262	144	765	  1	
262	248	765	  1	
262	319	765	  1	
263	 26	765	  1	
263	199	765	  1	
263	327	765	  1	
264	  8	765	  1	
264	 56	765	  1	
264	 93	765	  1	
264	123	765	  1	
264	143	765	  1	
264	167	765	  1	
264	293	765	  1	
264	344	765	  1	
264	348	765	  1	
264	399	765	  1	
264	454	765	  1	
264	461	765	  1	
265	 80	765	  1	
266	 54	765	  1	
266	408	765	  1	
266	449	765	  1	
267	224	765	  1	
267	272	765	  1	
267	392	765	  1	
267	424	765	  1	
268	133	765	  1	
268	363	765	  1	
269	 64	765	  1	
269	 88	765	  1	
269	192	765	  1	
269	254	765	  1	
269	311	765	  1	
269	334	765	  1	
269	454	765	  1	
269	471	765	  1	
269	501	765	  1	
270	280	765	  1	
271	 80	765	  1	
271	303	765	  1	
271	305	765	  1	
271	399	765	  1	
271	414	765	  1	
272	 24	765	  1	
272	 72	765	  1	
272	144	765	  1	
272	190	765	  1	
272	232	765	  1	
272	248	765	  1	
272	256	765	  1	
272	312	765	  1	
272	317	765	  1	
272	325	765	  1	
272	336	765	  1	
272	400	765	  1	
272	413	765	  1	
272	432	765	  1	
272	444	765	  1	
272	465	765	  1	
272	474	765	  1	
273	384	765	  1	
274	277	765	  1	
274	342	765	  1	
274	471	765	  1	
275	 24	765	  1	
275	264	765	  1	
276	104	765	  1	
276	316	765	  1	
276	323	765	  1	
276	336	765	  1	
277	187	765	  1	
278	 39	765	  1	
278	288	765	  1	
278	324	765	  1	
278	451	765	  1	
278	528	765	  1	
279	 46	765	  1	
279	344	765	  1	
280	 30	765	  1	
280	 64	765	  1	
280	 98	765	  1	
280	117	765	  1	
280	140	765	  1	
280	145	765	  1	
280	152	765	  1	
280	157	765	  1	
280	168	765	  1	
280	256	765	  1	
280	311	765	  1	
280	360	765	  1	
280	397	765	  1	
280	416	765	  1	
280	495	765	  1	
282	287	765	  1	
282	429	765	  1	
283	 72	765	  1	
283	109	765	  1	
283	224	765	  1	
283	307	765	  1	
283	423	765	  1	
283	543	765	  1	
284	406	765	  1	
285	159	765	  1	
285	174	765	  1	
285	370	765	  1	
286	 61	765	  1	
286	232	765	  1	
286	304	765	  1	
286	323	765	  1	
286	412	765	  1	
286	435	765	  1	
286	471	765	  1	
287	 96	765	  1	
287	103	765	  1	
287	151	765	  1	
287	312	765	  1	
287	384	765	  1	
287	391	765	  1	
288	  0	765	  1	
288	 64	765	  1	
288	 83	765	  1	
288	144	765	  1	
288	161	765	  1	
288	181	765	  1	
288	210	765	  1	
288	231	765	  1	
288	240	765	  1	
288	247	765	  1	
288	291	765	  1	
288	320	765	  1	
288	502	765	  1	
289	248	765	  1	
291	  7	765	  1	
291	224	765	  1	
291	326	765	  1	
292	156	765	  1	
292	167	765	  1	
293	 27	765	  1	
293	459	765	  1	
293	489	765	  1	
294	 75	765	  1	
295	  0	765	  1	
295	 87	765	  1	
295	152	765	  1	
295	231	765	  1	
295	243	765	  1	
295	315	765	  1	
295	344	765	  1	
295	348	765	  1	
295	475	765	  1	
296	  8	765	  1	
296	 16	765	  1	
296	 22	765	  1	
296	 32	765	  1	
296	 39	765	  1	
296	 53	765	  1	
296	136	765	  1	
296	176	765	  1	
296	219	765	  1	
296	294	765	  1	
296	353	765	  1	
296	376	765	  1	
296	383	765	  1	
296	403	765	  1	
296	470	765	  1	
296	528	765	  1	
296	535	765	  1	
296	552	765	  1	
296	565	765	  1	
298	251	765	  1	
299	288	765	  1	
299	326	765	  1	
299	349	765	  1	
299	400	765	  1	
300	232	765	  1	
301	 48	765	  1	
302	  3	765	  1	
302	325	765	  1	
302	359	765	  1	
303	 35	765	  1	
303	160	765	  1	
303	379	765	  1	
303	413	765	  1	
303	503	765	  1	
303	552	765	  1	
304	 15	765	  1	
304	 55	765	  1	
304	 72	765	  1	
304	128	765	  1	
304	138	765	  1	
304	201	765	  1	
304	224	765	  1	
304	294	765	  1	
304	303	765	  1	
304	314	765	  1	
304	389	765	  1	
304	398	765	  1	
304	428	765	  1	
304	440	765	  1	
304	458	765	  1	
304	527	765	  1	
305	424	765	  1	
306	 85	765	  1	
306	247	765	  1	
307	 79	765	  1	
307	 95	765	  1	
307	207	765	  1	
307	231	765	  1	
307	418	765	  1	
308	304	765	  1	
309	  0	765	  1	
309	143	765	  1	
309	160	765	  1	
309	175	765	  1	
309	312	765	  1	
309	319	765	  1	
310	 13	765	  1	
310	 90	765	  1	
310	396	765	  1	
311	119	765	  1	
311	224	765	  1	
311	296	765	  1	
312	 20	765	  1	
312	 80	765	  1	
312	 99	765	  1	
312	120	765	  1	
312	187	765	  1	
312	256	765	  1	
312	280	765	  1	
312	378	765	  1	
312	386	765	  1	
312	451	765	  1	
312	480	765	  1	
312	487	765	  1	
312	512	765	  1	
313	144	765	  1	
313	304	765	  1	
314	131	765	  1	
314	295	765	  1	
315	200	765	  1	
315	255	765	  1	
315	261	765	  1	
315	375	765	  1	
316	368	765	  1	
316	447	765	  1	
317	 16	765	  1	
318	 61	765	  1	
318	126	765	  1	
318	256	765	  1	
318	264	765	  1	
318	271	765	  1	
318	389	765	  1	
318	422	765	  1	
319	184	765	  1	
319	191	765	  1	
319	426	765	  1	
319	455	765	  1	
319	552	765	  1	
319	556	765	  1	
320	 27	765	  1	
320	 48	765	  1	
320	 53	765	  1	
320	 96	765	  1	
320	112	765	  1	
320	136	765	  1	
320	159	765	  1	
320	161	765	  1	
320	206	765	  1	
320	266	765	  1	
320	320	765	  1	
320	326	765	  1	
320	340	765	  1	
320	379	765	  1	
320	439	765	  1	
320	456	765	  1	
320	463	765	  1	
320	519	765	  1	
320	554	765	  1	
321	143	765	  1	
321	352	765	  1	
321	359	765	  1	
321	474	765	  1	
323	  8	765	  1	
323	 46	765	  1	
323	104	765	  1	
323	152	765	  1	
323	232	765	  1	
323	239	765	  1	
323	281	765	  1	
323	432	765	  1	
324	 40	765	  1	
324	136	765	  1	
324	478	765	  1	
325	431	765	  1	
326	287	765	  1	
326	324	765	  1	
326	368	765	  1	
326	486	765	  1	
327	 24	765	  1	
327	 31	765	  1	
327	 55	765	  1	
327	159	765	  1	
327	206	765	  1	
327	439	765	  1	
327	459	765	  1	
327	466	765	  1	
327	559	765	  1	
328	 88	765	  1	
328	 95	765	  1	
328	107	765	  1	
328	131	765	  1	
328	192	765	  1	
328	256	765	  1	
328	260	765	  1	
328	299	765	  1	
328	336	765	  1	
328	371	765	  1	
329	 44	765	  1	
329	315	765	  1	
329	429	765	  1	
330	352	765	  1	
330	368	765	  1	
330	477	765	  1	
331	  8	765	  1	
331	 23	765	  1	
331	 62	765	  1	
331	326	765	  1	
332	167	765	  1	
332	424	765	  1	
333	 40	765	  1	
333	342	765	  1	
333	376	765	  1	
334	 13	765	  1	
334	 31	765	  1	
334	 53	765	  1	
335	128	765	  1	
335	135	765	  1	
335	359	765	  1	
335	400	765	  1	
335	519	765	  1	
336	  0	765	  1	
336	 15	765	  1	
336	 74	765	  1	
336	 79	765	  1	
336	 82	765	  1	
336	115	765	  1	
336	219	765	  1	
336	269	765	  1	
336	312	765	  1	
336	338	765	  1	
336	407	765	  1	
337	368	765	  1	
338	111	765	  1	
338	373	765	  1	
339	 64	765	  1	
339	260	765	  1	
339	309	765	  1	
340	 40	765	  1	
341	 56	765	  1	
341	264	765	  1	
341	371	765	  1	
342	405	765	  1	
343	  7	765	  1	
343	231	765	  1	
343	546	765	  1	
344	 19	765	  1	
344	 35	765	  1	
344	 38	765	  1	
344	 90	765	  1	
344	104	765	  1	
344	128	765	  1	
344	132	765	  1	
344	171	765	  1	
344	279	765	  1	
344	335	765	  1	
344	426	765	  1	
344	431	765	  1	
344	439	765	  1	
344	599	765	  1	
345	147	765	  1	
345	304	765	  1	
346	233	765	  1	
347	 48	765	  1	
347	 88	765	  1	
347	120	765	  1	
347	272	765	  1	
347	287	765	  1	
347	328	765	  1	
347	360	765	  1	
347	392	765	  1	
347	440	765	  1	
348	  4	765	  1	
348	239	765	  1	
348	280	765	  1	
349	230	765	  1	
349	376	765	  1	
350	216	765	  1	
351	104	765	  1	
351	111	765	  1	
351	232	765	  1	
351	335	765	  1	
351	445	765	  1	
351	455	765	  1	
351	472	765	  1	
352	 45	765	  1	
352	 64	765	  1	
352	 85	765	  1	
352	120	765	  1	
352	192	765	  1	
352	239	765	  1	
352	330	765	  1	
352	448	765	  1	
353	 24	765	  1	
354	124	765	  1	
354	263	765	  1	
354	484	765	  1	
355	  0	765	  1	
355	 72	765	  1	
355	102	765	  1	
355	120	765	  1	
355	131	765	  1	
355	216	765	  1	
356	 40	765	  1	
356	462	765	  1	
357	 39	765	  1	
357	 50	765	  1	
357	287	765	  1	
357	324	765	  1	
357	375	765	  1	
358	 24	765	  1	
358	130	765	  1	
358	256	765	  1	
358	330	765	  1	
359	222	765	  1	
359	308	765	  1	
359	323	765	  1	
359	327	765	  1	
359	335	765	  1	
359	449	765	  1	
359	511	765	  1	
359	543	765	  1	
360	 65	765	  1	
360	108	765	  1	
360	159	765	  1	
360	173	765	  1	
360	367	765	  1	
360	387	765	  1	
361	 82	765	  1	
361	 87	765	  1	
362	216	765	  1	
362	360	765	  1	
363	 24	765	  1	
364	  0	765	  1	
364	423	765	  1	
364	463	765	  1	
365	 55	765	  1	
365	 65	765	  1	
365	 71	765	  1	
365	112	765	  1	
365	127	765	  1	
365	142	765	  1	
365	390	765	  1	
366	216	765	  1	
366	271	765	  1	
367	291	765	  1	
367	367	765	  1	
367	419	765	  1	
367	440	765	  1	
367	458	765	  1	
368	 74	765	  1	
368	 78	765	  1	
368	 88	765	  1	
368	248	765	  1	
368	301	765	  1	
368	374	765	  1	
369	 68	765	  1	
369	104	765	  1	
370	 83	765	  1	
370	160	765	  1	
370	208	765	  1	
370	213	765	  1	
370	236	765	  1	
371	 39	765	  1	
371	263	765	  1	
371	310	765	  1	
371	416	765	  1	
371	440	765	  1	
372	124	765	  1	
374	 13	765	  1	
374	128	765	  1	
374	426	765	  1	
375	 74	765	  1	
375	423	765	  1	
376	  0	765	  1	
376	 72	765	  1	
376	 80	765	  1	
376	101	765	  1	
376	205	765	  1	
376	312	765	  1	
376	319	765	  1	
376	363	765	  1	
377	392	765	  1	
378	  5	765	  1	
378	 86	765	  1	
378	152	765	  1	
378	276	765	  1	
378	374	765	  1	
378	536	765	  1	
379	 31	765	  1	
379	120	765	  1	
379	343	765	  1	
379	512	765	  1	
380	  0	765	  1	
381	 79	765	  1	
381	391	765	  1	
382	 24	765	  1	
382	200	765	  1	
382	327	765	  1	
383	  4	765	  1	
383	232	765	  1	
383	277	765	  1	
383	315	765	  1	
383	373	765	  1	
383	544	765	  1	
383	599	765	  1	
384	 15	765	  1	
384	 48	765	  1	
384	 63	765	  1	
384	116	765	  1	
384	168	765	  1	
384	175	765	  1	
384	328	765	  1	
385	 72	765	  1	
386	 56	765	  1	
386	 91	765	  1	
386	424	765	  1	
387	183	765	  1	
389	 32	765	  1	
389	134	765	  1	
389	304	765	  1	
390	 13	765	  1	
390	556	765	  1	
391	  8	765	  1	
391	 48	765	  1	
391	 56	765	  1	
391	156	765	  1	
391	176	765	  1	
391	348	765	  1	
391	438	765	  1	
392	 42	765	  1	
392	 53	765	  1	
392	 60	765	  1	
392	107	765	  1	
392	159	765	  1	
392	168	765	  1	
392	184	765	  1	
392	248	765	  1	
392	255	765	  1	
392	309	765	  1	
392	386	765	  1	
392	407	765	  1	
392	456	765	  1	
392	488	765	  1	
393	 88	765	  1	
393	152	765	  1	
394	200	765	  1	
394	205	765	  1	
394	503	765	  1	
395	346	765	  1	
395	360	765	  1	
396	 20	765	  1	
396	190	765	  1	
397	 24	765	  1	
397	174	765	  1	
398	 88	765	  1	
399	159	765	  1	
399	251	765	  1	
399	342	765	  1	
400	108	765	  1	
400	115	765	  1	
400	136	765	  1	
400	151	765	  1	
400	165	765	  1	
400	264	765	  1	
400	299	765	  1	
400	319	765	  1	
400	364	765	  1	
400	384	765	  1	
400	401	765	  1	
401	 60	765	  1	
401	247	765	  1	
402	 10	765	  1	
402	 54	765	  1	
403	 15	765	  1	
403	244	765	  1	
403	271	765	  1	
403	306	765	  1	
404	200	765	  1	
405	 61	765	  1	
406	 48	765	  1	
406	207	765	  1	
406	224	765	  1	
406	240	765	  1	
406	311	765	  1	
407	 10	765	  1	
407	 20	765	  1	
407	136	765	  1	
407	147	765	  1	
407	264	765	  1	
407	296	765	  1	
407	303	765	  1	
407	315	765	  1	
407	407	765	  1	
408	  0	765	  1	
408	  5	765	  1	
408	 24	765	  1	
408	 32	765	  1	
408	 64	765	  1	
408	 82	765	  1	
408	 87	765	  1	
408	 99	765	  1	
408	104	765	  1	
408	117	765	  1	
408	272	765	  1	
408	308	765	  1	
408	535	765	  1	
408	599	765	  1	
410	223	765	  1	
411	 31	765	  1	
412	379	765	  1	
413	  4	765	  1	
413	160	765	  1	
413	311	765	  1	
414	288	765	  1	
415	517	765	  1	
416	  8	765	  1	
416	 88	765	  1	
416	138	765	  1	
416	152	765	  1	
416	159	765	  1	
416	168	765	  1	
416	175	765	  1	
416	232	765	  1	
416	239	765	  1	
416	338	765	  1	
416	343	765	  1	
416	352	765	  1	
416	359	765	  1	
416	439	765	  1	
416	472	765	  1	
416	479	765	  1	
418	391	765	  1	
418	476	765	  1	
419	104	765	  1	
419	384	765	  1	
420	192	765	  1	
421	 44	765	  1	
421	 94	765	  1	
421	139	765	  1	
421	219	765	  1	
422	  3	765	  1	
422	338	765	  1	
423	 24	765	  1	
423	171	765	  1	
423	232	765	  1	
423	239	765	  1	
423	343	765	  1	
423	355	765	  1	
423	431	765	  1	
423	434	765	  1	
424	  0	765	  1	
424	  5	765	  1	
424	 35	765	  1	
424	 40	765	  1	
424	 58	765	  1	
424	 62	765	  1	
424	 72	765	  1	
424	114	765	  1	
424	123	765	  1	
424	152	765	  1	
424	160	765	  1	
424	173	765	  1	
424	200	765	  1	
424	216	765	  1	
424	282	765	  1	
424	303	765	  1	
424	335	765	  1	
424	366	765	  1	
426	 24	765	  1	
426	126	765	  1	
427	 43	765	  1	
427	 64	765	  1	
427	104	765	  1	
427	237	765	  1	
427	253	765	  1	
428	 30	765	  1	
429	  0	765	  1	
429	  8	765	  1	
429	 88	765	  1	
429	168	765	  1	
430	 48	765	  1	
430	335	765	  1	
430	536	765	  1	
430	541	765	  1	
431	126	765	  1	
431	200	765	  1	
431	320	765	  1	
432	 16	765	  1	
432	 64	765	  1	
432	151	765	  1	
432	165	765	  1	
432	182	765	  1	
432	208	765	  1	
432	228	765	  1	
432	244	765	  1	
432	344	765	  1	
432	351	765	  1	
433	311	765	  1	
434	206	765	  1	
434	296	765	  1	
435	 80	765	  1	
435	219	765	  1	
436	183	765	  1	
436	208	765	  1	
436	358	765	  1	
437	 22	765	  1	
437	 88	765	  1	
437	 95	765	  1	
437	303	765	  1	
438	  5	765	  1	
438	 60	765	  1	
438	216	765	  1	
438	247	765	  1	
438	288	765	  1	
439	147	765	  1	
440	112	765	  1	
440	136	765	  1	
440	168	765	  1	
440	200	765	  1	
440	224	765	  1	
440	261	765	  1	
440	375	765	  1	
441	 43	765	  1	
442	128	765	  1	
442	182	765	  1	
442	198	765	  1	
443	  8	765	  1	
443	 56	765	  1	
443	150	765	  1	
443	254	765	  1	
443	293	765	  1	
444	290	765	  1	
444	368	765	  1	
445	 32	765	  1	
445	110	765	  1	
445	183	765	  1	
445	201	765	  1	
445	232	765	  1	
445	283	765	  1	
446	 69	765	  1	
446	144	765	  1	
446	215	765	  1	
447	158	765	  1	
447	461	765	  1	
447	475	765	  1	
448	 40	765	  1	
448	 71	765	  1	
448	 90	765	  1	
448	118	765	  1	
448	165	765	  1	
448	193	765	  1	
448	258	765	  1	
448	270	765	  1	
448	303	765	  1	
448	408	765	  1	
448	416	765	  1	
450	151	765	  1	
450	183	765	  1	
450	208	765	  1	
451	 67	765	  1	
451	224	765	  1	
451	296	765	  1	
452	181	765	  1	
453	 38	765	  1	
453	 59	765	  1	
453	120	765	  1	
453	138	765	  1	
453	168	765	  1	
453	176	765	  1	
454	 71	765	  1	
454	 95	765	  1	
454	116	765	  1	
454	131	765	  1	
454	214	765	  1	
454	230	765	  1	
454	271	765	  1	
455	 48	765	  1	
455	458	765	  1	
456	  0	765	  1	
456	  8	765	  1	
456	 24	765	  1	
456	 72	765	  1	
456	 86	765	  1	
456	159	765	  1	
456	161	765	  1	
456	187	765	  1	
456	204	765	  1	
456	219	765	  1	
456	276	765	  1	
456	319	765	  1	
456	328	765	  1	
456	339	765	  1	
457	240	765	  1	
458	 96	765	  1	
458	200	765	  1	
458	213	765	  1	
458	227	765	  1	
458	264	765	  1	
459	 16	765	  1	
459	272	765	  1	
459	335	765	  1	
459	360	765	  1	
460	167	765	  1	
460	187	765	  1	
461	  0	765	  1	
461	 83	765	  1	
461	112	765	  1	
461	119	765	  1	
461	288	765	  1	
462	163	765	  1	
462	232	765	  1	
462	270	765	  1	
463	 72	765	  1	
463	276	765	  1	
463	312	765	  1	
463	328	765	  1	
463	366	765	  1	
464	 14	765	  1	
464	 19	765	  1	
464	 35	765	  1	
464	 50	765	  1	
464	 55	765	  1	
464	110	765	  1	
464	149	765	  1	
464	175	765	  1	
464	179	765	  1	
464	248	765	  1	
464	255	765	  1	
464	303	765	  1	
466	104	765	  1	
466	169	765	  1	
467	 24	765	  1	
467	 79	765	  1	
467	112	765	  1	
467	152	765	  1	
467	184	765	  1	
467	195	765	  1	
467	280	765	  1	
467	296	765	  1	
468	 32	765	  1	
468	 39	765	  1	
468	144	765	  1	
468	240	765	  1	
469	  8	765	  1	
469	 15	765	  1	
469	 23	765	  1	
469	232	765	  1	
469	264	765	  1	
470	 72	765	  1	
470	128	765	  1	
470	135	765	  1	
470	328	765	  1	
471	110	765	  1	
471	176	765	  1	
471	183	765	  1	
471	203	765	  1	
471	303	765	  1	
471	378	765	  1	
472	  3	765	  1	
472	 88	765	  1	
472	156	765	  1	
472	211	765	  1	
472	222	765	  1	
472	245	765	  1	
472	344	765	  1	
472	359	765	  1	
474	 78	765	  1	
474	141	765	  1	
474	199	765	  1	
474	232	765	  1	
474	239	765	  1	
474	420	765	  1	
475	 94	765	  1	
475	248	765	  1	
475	272	765	  1	
477	 48	765	  1	
477	 64	765	  1	
477	223	765	  1	
477	280	765	  1	
478	 72	765	  1	
478	 80	765	  1	
478	 87	765	  1	
478	187	765	  1	
478	212	765	  1	
478	335	765	  1	
479	 26	765	  1	
480	 56	765	  1	
480	 63	765	  1	
480	 75	765	  1	
480	 99	765	  1	
480	104	765	  1	
480	128	765	  1	
480	168	765	  1	
480	174	765	  1	
480	179	765	  1	
480	319	765	  1	
481	 80	765	  1	
481	416	765	  1	
482	155	765	  1	
483	 32	765	  1	
483	172	765	  1	
483	184	765	  1	
483	190	765	  1	
483	312	765	  1	
485	 14	765	  1	
485	230	765	  1	
486	 74	765	  1	
486	347	765	  1	
487	 96	765	  1	
487	103	765	  1	
487	152	765	  1	
487	319	765	  1	
488	  3	765	  1	
488	 40	765	  1	
488	 84	765	  1	
488	119	765	  1	
488	158	765	  1	
488	192	765	  1	
488	205	765	  1	
488	232	765	  1	
488	248	765	  1	
488	253	765	  1	
488	276	765	  1	
488	282	765	  1	
488	306	765	  1	
489	104	765	  1	
490	200	765	  1	
491	273	765	  1	
491	320	765	  1	
492	 56	765	  1	
492	205	765	  1	
493	144	765	  1	
494	 24	765	  1	
496	 69	765	  1	
496	 72	765	  1	
496	170	765	  1	
496	175	765	  1	
496	195	765	  1	
496	208	765	  1	
496	221	765	  1	
496	320	765	  1	
496	336	765	  1	
496	359	765	  1	
497	232	765	  1	
498	 37	765	  1	
498	104	765	  1	
498	296	765	  1	
499	 32	765	  1	
499	176	765	  1	
499	272	765	  1	
499	343	765	  1	
499	352	765	  1	
500	 56	765	  1	
500	327	765	  1	
501	 46	765	  1	
501	200	765	  1	
503	 62	765	  1	
503	336	765	  1	
503	344	765	  1	
503	359	765	  1	
503	459	765	  1	
504	  8	765	  1	
504	 14	765	  1	
504	 42	765	  1	
504	 48	765	  1	
504	103	765	  1	
504	144	765	  1	
504	152	765	  1	
504	167	765	  1	
504	176	765	  1	
504	208	765	  1	
504	237	765	  1	
504	273	765	  1	
504	286	765	  1	
504	307	765	  1	
504	431	765	  1	
506	146	765	  1	
506	312	765	  1	
507	 29	765	  1	
507	 36	765	  1	
507	248	765	  1	
507	264	765	  1	
507	296	765	  1	
508	278	765	  1	
510	 34	765	  1	
510	195	765	  1	
511	 48	765	  1	
511	162	765	  1	
511	189	765	  1	
511	216	765	  1	
511	254	765	  1	
511	272	765	  1	
511	424	765	  1	
512	  0	765	  1	
512	  8	765	  1	
512	 19	765	  1	
512	 55	765	  1	
512	 75	765	  1	
512	 90	765	  1	
512	109	765	  1	
512	158	765	  1	
512	212	765	  1	
512	352	765	  1	
512	392	765	  1	
512	397	765	  1	
514	155	765	  1	
514	274	765	  1	
515	208	765	  1	
515	279	765	  1	
516	101	765	  1	
517	116	765	  1	
517	144	765	  1	
518	 96	765	  1	
519	 16	765	  1	
519	 23	765	  1	
519	 69	765	  1	
519	 72	765	  1	
519	 79	765	  1	
519	150	765	  1	
519	192	765	  1	
519	201	765	  1	
519	222	765	  1	
520	144	765	  1	
520	163	765	  1	
520	176	765	  1	
520	256	765	  1	
521	262	765	  1	
523	 72	765	  1	
525	 96	765	  1	
525	103	765	  1	
525	111	765	  1	
527	 40	765	  1	
527	160	765	  1	
527	167	765	  1	
527	176	765	  1	
527	223	765	  1	
527	262	765	  1	
527	293	765	  1	
528	 67	765	  1	
528	 91	765	  1	
528	 96	765	  1	
528	201	765	  1	
528	208	765	  1	
528	240	765	  1	
528	343	765	  1	
528	372	765	  1	
528	386	765	  1	
529	329	765	  1	
529	335	765	  1	
530	213	765	  1	
530	368	765	  1	
532	391	765	  1	
533	328	765	  1	
533	334	765	  1	
533	366	765	  1	
533	372	765	  1	
533	387	765	  1	
533	434	765	  1	
534	400	765	  1	
535	 64	765	  1	
535	 71	765	  1	
535	 88	765	  1	
535	208	765	  1	
535	336	765	  1	
535	376	765	  1	
536	 11	765	  1	
536	 84	765	  1	
536	120	765	  1	
536	142	765	  1	
536	152	765	  1	
536	184	765	  1	
536	190	765	  1	
536	235	765	  1	
536	416	765	  1	
538	157	765	  1	
538	421	765	  1	
539	 79	765	  1	
539	339	765	  1	
541	 87	765	  1	
541	126	765	  1	
541	226	765	  1	
541	231	765	  1	
541	352	765	  1	
542	234	765	  1	
543	152	765	  1	
543	303	765	  1	
544	 80	765	  1	
544	 93	765	  1	
544	106	765	  1	
544	111	765	  1	
544	144	765	  1	
544	151	765	  1	
544	168	765	  1	
544	179	765	  1	
544	208	765	  1	
544	216	765	  1	
544	240	765	  1	
544	247	765	  1	
544	314	765	  1	
544	384	765	  1	
544	432	765	  1	
547	 87	765	  1	
548	220	765	  1	
549	158	765	  1	
549	174	765	  1	
549	184	765	  1	
550	 24	765	  1	
550	147	765	  1	
550	208	765	  1	
551	 47	765	  1	
551	 80	765	  1	
551	243	765	  1	
551	272	765	  1	
551	374	765	  1	
551	384	765	  1	
551	412	765	  1	
551	439	765	  1	
552	102	765	  1	
552	127	765	  1	
552	132	765	  1	
552	144	765	  1	
552	163	765	  1	
552	488	765	  1	
554	208	765	  1	
554	212	765	  1	
554	319	765	  1	
554	328	765	  1	
555	104	765	  1	
555	128	765	  1	
555	213	765	  1	
555	235	765	  1	
556	 24	765	  1	
556	251	765	  1	
556	366	765	  1	
556	408	765	  1	
557	160	765	  1	
558	135	765	  1	
558	172	765	  1	
558	247	765	  1	
559	111	765	  1	
559	213	765	  1	
559	304	765	  1	
560	168	765	  1	
560	175	765	  1	
560	203	765	  1	
560	224	765	  1	
560	272	765	  1	
560	301	765	  1	
560	321	765	  1	
560	384	765	  1	
562	 82	765	  1	
562	309	765	  1	
562	312	765	  1	
563	183	765	  1	
563	256	765	  1	
563	279	765	  1	
563	335	765	  1	
567	171	765	  1	
567	176	765	  1	
567	247	765	  1	
567	272	765	  1	
567	301	765	  1	
567	320	765	  1	
567	381	765	  1	
568	 48	765	  1	
568	112	765	  1	
568	173	765	  1	
568	216	765	  1	
568	296	765	  1	
568	328	765	  1	
568	351	765	  1	
568	413	765	  1	
569	  6	765	  1	
570	344	765	  1	
571	128	765	  1	
571	244	765	  1	
571	327	765	  1	
572	  0	765	  1	
572	319	765	  1	
572	408	765	  1	
572	535	765	  1	
573	235	765	  1	
575	112	765	  1	
575	320	765	  1	
575	349	765	  1	
575	399	765	  1	
575	520	765	  1	
576	 12	765	  1	
576	 93	765	  1	
576	166	765	  1	
576	195	765	  1	
576	210	765	  1	
576	216	765	  1	
576	264	765	  1	
576	271	765	  1	
576	352	765	  1	
578	245	765	  1	
579	 96	765	  1	
579	222	765	  1	
579	248	765	  1	
579	255	765	  1	
580	336	765	  1	
581	104	765	  1	
581	208	765	  1	
581	215	765	  1	
582	199	765	  1	
583	267	765	  1	
584	  0	765	  1	
584	 72	765	  1	
584	 79	765	  1	
584	227	765	  1	
584	248	765	  1	
584	255	765	  1	
584	300	765	  1	
584	360	765	  1	
587	256	765	  1	
590	 47	765	  1	
590	184	765	  1	
590	191	765	  1	
590	212	765	  1	
591	 36	765	  1	
591	 56	765	  1	
591	224	765	  1	
591	231	765	  1	
591	533	765	  1	
592	 49	765	  1	
592	 53	765	  1	
592	 71	765	  1	
592	 88	765	  1	
592	159	765	  1	
592	272	765	  1	
592	276	765	  1	
592	416	765	  1	
595	 96	765	  1	
595	182	765	  1	
596	263	765	  1	
596	381	765	  1	
597	  0	765	  1	
598	102	765	  1	
598	370	765	  1	
599	  7	765	  1	
599	 63	765	  1	
599	307	765	  1	
599	328	765	  1	
599	367	765	  1	
599	400	765	  1	
600	 40	765	  1	
600	 47	765	  1	
600	136	765	  1	
600	192	765	  1	
600	488	765	  1	
600	522	765	  1	
601	 48	765	  1	
601	 64	765	  1	
603	196	765	  1	
603	411	765	  1	
604	 39	765	  1	
605	332	765	  1	
606	262	765	  1	
607	 69	765	  1	
607	246	765	  1	
607	422	765	  1	
607	520	765	  1	
608	 32	765	  1	
608	416	765	  1	
608	420	765	  1	
610	 67	765	  1	
611	124	765	  1	
611	284	765	  1	
612	359	765	  1	
614	427	765	  1	
616	 96	765	  1	
616	483	765	  1	
617	367	765	  1	
618	 55	765	  1	
619	120	765	  1	
619	296	765	  1	
623	291	765	  1	
623	527	765	  1	
624	 16	765	  1	
624	 56	765	  1	
624	272	765	  1	
624	314	765	  1	
624	351	765	  1	
624	400	765	  1	
627	344	765	  1	
630	 88	765	  1	
630	170	765	  1	
630	285	765	  1	
630	295	765	  1	
631	383	765	  1	
632	335	765	  1	
632	352	765	  1	
634	416	765	  1	
636	197	765	  1	
637	494	765	  1	
638	328	765	  1	
639	198	765	  1	
640	232	765	  1	
646	128	765	  1	
647	 66	765	  1	
650	319	765	  1	
653	 56	765	  1	
655	114	765	  1	
655	251	765	  1	
656	 96	765	  1	
656	582	765	  1	
658	223	765	  1	
663	 72	765	  1	
663	115	765	  1	
663	216	765	  1	
664	376	765	  1	
666	104	765	  1	
678	416	765	  1	
679	111	765	  1	
679	152	765	  1	
683	375	765	  1	
688	383	765	  1	
698	254	765	  1	
701	134	765	  1	
711	227	765	  1	
724	112	765	  1	
