# 
#  Image file: Goad1_T0166.jpg
#  Applied threshold: 575
#  Algorithm used: fill2                 
#  Particle count: 2040
#  Location (x,y), max luminance, and mass:
# 
  0	335	765	  1	
  5	447	765	  1	
  7	360	765	  1	
  7	372	765	  1	
  7	434	765	  1	
  8	108	765	  1	
  8	261	765	  1	
  8	368	765	  1	
  8	485	765	  1	
 11	256	765	  1	
 12	268	765	  1	
 16	190	765	  1	
 18	312	765	  1	
 20	184	765	  1	
 23	320	765	  1	
 24	263	765	  1	
 31	152	765	  1	
 32	275	765	  1	
 35	304	765	  1	
 43	444	765	  1	
 47	272	765	  1	
 48	135	765	  1	
 48	262	765	  1	
 55	320	765	  1	
 56	104	765	  1	
 56	575	765	  1	
 62	250	765	  1	
 63	111	765	  1	
 63	456	765	  1	
 68	209	765	  1	
 69	148	765	  1	
 72	368	765	  1	
 76	534	765	  1	
 87	380	765	  1	
 87	448	765	  1	
 88	305	765	  1	
 88	343	765	  1	
 90	167	765	  1	
 91	189	765	  1	
 92	392	765	  1	
 95	183	765	  1	
 96	284	765	  1	
 96	337	765	  1	
 96	568	765	  1	
 98	294	765	  1	
 99	 66	765	  1	
102	240	765	  1	
103	 15	765	  1	
103	282	765	  1	
104	176	765	  1	
104	300	765	  1	
104	584	765	  1	
106	303	765	  1	
107	139	765	  1	
108	301	765	  1	
111	180	765	  1	
111	298	765	  1	
111	535	765	  1	
112	167	765	  1	
112	190	765	  1	
112	271	765	  1	
112	336	765	  1	
112	386	765	  1	
112	391	765	  1	
112	487	765	  1	
113	157	765	  1	
114	392	765	  1	
116	391	765	  1	
119	 20	765	  1	
120	176	765	  1	
120	187	765	  1	
120	271	765	  1	
120	288	765	  1	
120	320	765	  1	
123	279	765	  1	
123	456	765	  1	
124	  2	765	  1	
124	182	765	  1	
125	160	765	  1	
125	511	765	  1	
126	167	765	  1	
127	 40	765	  1	
127	140	765	  1	
127	264	765	  1	
127	272	765	  1	
128	344	765	  1	
128	380	765	  1	
128	504	765	  1	
131	136	765	  1	
132	304	765	  1	
133	151	765	  1	
133	195	765	  1	
133	382	765	  1	
135	351	765	  1	
136	158	765	  1	
136	167	765	  1	
136	175	765	  1	
136	215	765	  1	
138	199	765	  1	
138	203	765	  1	
140	285	765	  1	
141	144	765	  1	
142	205	765	  1	
143	 71	765	  1	
143	163	765	  1	
143	171	765	  1	
143	215	765	  1	
143	263	765	  1	
144	  2	765	  1	
144	150	765	  1	
144	159	765	  1	
144	224	765	  1	
144	231	765	  1	
144	480	765	  1	
147	165	765	  1	
147	284	765	  1	
149	154	765	  1	
149	255	765	  1	
149	383	765	  1	
150	216	765	  1	
151	227	765	  1	
151	379	765	  1	
152	  3	765	  1	
152	143	765	  1	
152	262	765	  1	
152	315	765	  1	
152	581	765	  1	
154	259	765	  1	
154	288	765	  1	
155	 96	765	  1	
155	103	765	  1	
155	136	765	  1	
155	344	765	  1	
156	189	765	  1	
157	371	765	  1	
157	583	765	  1	
158	160	765	  1	
158	276	765	  1	
158	303	765	  1	
159	  0	765	  1	
159	  7	765	  1	
159	143	765	  1	
159	262	765	  1	
159	292	765	  1	
159	312	765	  1	
159	319	765	  1	
160	  3	765	  1	
160	 44	765	  1	
160	 48	765	  1	
160	 55	765	  1	
160	128	765	  1	
160	133	765	  1	
160	152	765	  1	
160	159	765	  1	
160	304	765	  1	
160	345	765	  1	
160	535	765	  1	
161	100	765	  1	
162	248	765	  1	
163	255	765	  1	
163	311	765	  1	
164	320	765	  1	
165	 63	765	  1	
166	 47	765	  1	
166	130	765	  1	
166	135	765	  1	
166	392	765	  1	
166	525	765	  1	
167	 51	765	  1	
167	100	765	  1	
167	152	765	  1	
167	159	765	  1	
167	304	765	  1	
167	535	765	  1	
167	559	765	  1	
168	106	765	  1	
168	113	765	  1	
168	147	765	  1	
168	165	765	  1	
168	182	765	  1	
168	205	765	  1	
168	216	765	  1	
168	231	765	  1	
168	241	765	  1	
168	246	765	  1	
168	274	765	  1	
168	325	765	  1	
170	111	765	  1	
170	123	765	  1	
170	144	765	  1	
170	223	765	  1	
172	104	765	  1	
172	160	765	  1	
172	344	765	  1	
173	242	765	  1	
173	247	765	  1	
173	322	765	  1	
174	216	765	  1	
175	127	765	  1	
175	147	765	  1	
176	 94	765	  1	
176	 99	765	  1	
176	120	765	  1	
176	165	765	  1	
176	232	765	  1	
176	321	765	  1	
176	427	765	  1	
177	 88	765	  1	
178	503	765	  1	
180	 85	765	  1	
180	176	765	  1	
180	328	765	  1	
180	479	765	  1	
181	 80	765	  1	
181	 96	765	  1	
181	280	765	  1	
181	324	765	  1	
182	127	765	  1	
182	160	765	  1	
182	295	765	  1	
182	335	765	  1	
183	  5	765	  1	
183	 93	765	  1	
183	107	765	  1	
183	112	765	  1	
184	  4	765	  1	
184	133	765	  1	
184	141	765	  1	
184	208	765	  1	
184	213	765	  1	
184	231	765	  1	
184	251	765	  1	
184	303	765	  1	
184	336	765	  1	
184	343	765	  1	
184	414	765	  1	
184	424	765	  1	
184	439	765	  1	
184	520	765	  1	
185	433	765	  1	
186	183	765	  1	
186	264	765	  1	
187	 82	765	  1	
187	224	765	  1	
187	266	765	  1	
187	296	765	  1	
187	439	765	  1	
187	455	765	  1	
188	 95	765	  1	
188	184	765	  1	
189	125	765	  1	
189	375	765	  1	
189	408	765	  1	
189	432	765	  1	
190	142	765	  1	
190	210	765	  1	
190	215	765	  1	
191	 93	765	  1	
191	183	765	  1	
191	231	765	  1	
191	248	765	  1	
191	255	765	  1	
191	266	765	  1	
191	303	765	  1	
191	339	765	  1	
191	400	765	  1	
191	407	765	  1	
191	424	765	  1	
192	 15	765	  1	
192	 60	765	  1	
192	 72	765	  1	
192	104	765	  1	
192	120	765	  1	
192	128	765	  1	
192	144	765	  1	
192	179	765	  1	
192	202	765	  1	
192	257	765	  1	
192	312	765	  1	
192	375	765	  1	
194	383	765	  1	
195	  8	765	  1	
195	 56	765	  1	
195	 74	765	  1	
195	127	765	  1	
195	135	765	  1	
195	240	765	  1	
195	408	765	  1	
195	415	765	  1	
196	189	765	  1	
196	527	765	  1	
197	539	765	  1	
199	 15	765	  1	
199	 60	765	  1	
199	 80	765	  1	
199	 87	765	  1	
199	 93	765	  1	
199	104	765	  1	
199	120	765	  1	
199	128	765	  1	
199	176	765	  1	
199	183	765	  1	
199	212	765	  1	
199	232	765	  1	
199	280	765	  1	
199	369	765	  1	
199	475	765	  1	
200	123	765	  1	
200	140	765	  1	
200	152	765	  1	
200	194	765	  1	
200	243	765	  1	
200	286	765	  1	
200	320	765	  1	
200	435	765	  1	
200	519	765	  1	
201	 92	765	  1	
202	132	765	  1	
202	231	765	  1	
202	352	765	  1	
203	112	765	  1	
203	119	765	  1	
203	254	765	  1	
203	327	765	  1	
204	136	765	  1	
205	 72	765	  1	
205	157	765	  1	
205	224	765	  1	
206	  5	765	  1	
206	196	765	  1	
207	 14	765	  1	
207	 24	765	  1	
207	143	765	  1	
207	287	765	  1	
207	320	765	  1	
207	373	765	  1	
207	391	765	  1	
207	432	765	  1	
207	439	765	  1	
207	472	765	  1	
207	479	765	  1	
207	512	765	  1	
208	 98	765	  1	
208	112	765	  1	
208	116	765	  1	
208	208	765	  1	
208	231	765	  1	
208	251	765	  1	
208	333	765	  1	
208	456	765	  1	
210	126	765	  1	
210	240	765	  1	
211	343	765	  1	
211	463	765	  1	
212	134	765	  1	
212	328	765	  1	
212	511	765	  1	
213	  6	765	  1	
213	184	765	  1	
213	506	765	  1	
214	118	765	  1	
214	247	765	  1	
215	 48	765	  1	
215	279	765	  1	
215	336	765	  1	
215	381	765	  1	
215	456	765	  1	
216	 21	765	  1	
216	 64	765	  1	
216	 72	765	  1	
216	 79	765	  1	
216	 88	765	  1	
216	141	765	  1	
216	352	765	  1	
216	504	765	  1	
216	515	765	  1	
218	104	765	  1	
218	117	765	  1	
219	359	765	  1	
220	184	765	  1	
220	240	765	  1	
221	 16	765	  1	
221	 27	765	  1	
221	 96	765	  1	
221	152	765	  1	
221	198	765	  1	
222	247	765	  1	
223	 36	765	  1	
223	190	765	  1	
223	352	765	  1	
223	506	765	  1	
224	  7	765	  1	
224	139	765	  1	
224	176	765	  1	
224	240	765	  1	
224	250	765	  1	
224	325	765	  1	
224	328	765	  1	
224	334	765	  1	
224	439	765	  1	
224	463	765	  1	
224	552	765	  1	
224	559	765	  1	
225	320	765	  1	
226	 96	765	  1	
226	271	765	  1	
227	  1	765	  1	
227	 16	765	  1	
227	128	765	  1	
227	455	765	  1	
227	458	765	  1	
228	143	765	  1	
228	184	765	  1	
229	182	765	  1	
229	266	765	  1	
229	322	765	  1	
230	191	765	  1	
230	211	765	  1	
231	243	765	  1	
231	258	765	  1	
231	275	765	  1	
231	287	765	  1	
231	328	765	  1	
231	555	765	  1	
232	109	765	  1	
232	114	765	  1	
232	122	765	  1	
232	140	765	  1	
232	148	765	  1	
232	159	765	  1	
232	162	765	  1	
232	167	765	  1	
232	184	765	  1	
232	216	765	  1	
232	223	765	  1	
232	237	765	  1	
232	245	765	  1	
232	327	765	  1	
232	355	765	  1	
232	376	765	  1	
232	382	765	  1	
232	463	765	  1	
232	470	765	  1	
232	520	765	  1	
232	527	765	  1	
233	199	765	  1	
233	464	765	  1	
234	104	765	  1	
234	112	765	  1	
235	  2	765	  1	
235	 88	765	  1	
235	312	765	  1	
235	552	765	  1	
237	 72	765	  1	
237	239	765	  1	
238	234	765	  1	
238	384	765	  1	
238	558	765	  1	
239	 27	765	  1	
239	159	765	  1	
239	187	765	  1	
239	192	765	  1	
239	219	765	  1	
239	319	765	  1	
239	352	765	  1	
239	359	765	  1	
239	469	765	  1	
239	520	765	  1	
239	527	765	  1	
240	 56	765	  1	
240	 63	765	  1	
240	111	765	  1	
240	174	765	  1	
240	178	765	  1	
240	227	765	  1	
240	245	765	  1	
240	392	765	  1	
240	560	765	  1	
242	118	765	  1	
242	148	765	  1	
243	168	765	  1	
243	244	765	  1	
243	399	765	  1	
244	  0	765	  1	
244	  7	765	  1	
244	240	765	  1	
244	468	765	  1	
244	543	765	  1	
245	  2	765	  1	
245	 70	765	  1	
245	111	765	  1	
245	183	765	  1	
245	408	765	  1	
246	104	765	  1	
247	141	765	  1	
247	392	765	  1	
248	  8	765	  1	
248	 48	765	  1	
248	 55	765	  1	
248	110	765	  1	
248	136	765	  1	
248	144	765	  1	
248	152	765	  1	
248	159	765	  1	
248	184	765	  1	
248	200	765	  1	
248	206	765	  1	
248	214	765	  1	
248	231	765	  1	
248	247	765	  1	
248	255	765	  1	
248	272	765	  1	
248	349	765	  1	
248	379	765	  1	
248	464	765	  1	
249	195	765	  1	
249	248	765	  1	
250	479	765	  1	
251	 61	765	  1	
251	105	765	  1	
251	190	765	  1	
251	528	765	  1	
253	 40	765	  1	
253	211	765	  1	
253	268	765	  1	
253	468	765	  1	
254	164	765	  1	
254	204	765	  1	
254	540	765	  1	
254	560	765	  1	
255	 18	765	  1	
255	 55	765	  1	
255	311	765	  1	
255	379	765	  1	
255	392	765	  1	
255	534	765	  1	
256	 23	765	  1	
256	 29	765	  1	
256	120	765	  1	
256	136	765	  1	
256	152	765	  1	
256	184	765	  1	
256	191	765	  1	
256	214	765	  1	
256	232	765	  1	
256	280	765	  1	
256	287	765	  1	
256	328	765	  1	
256	386	765	  1	
256	455	765	  1	
256	472	765	  1	
256	488	765	  1	
256	527	765	  1	
256	544	765	  1	
258	 83	765	  1	
259	 58	765	  1	
259	 64	765	  1	
259	477	765	  1	
259	520	765	  1	
259	591	765	  1	
260	104	765	  1	
260	362	765	  1	
261	472	765	  1	
262	328	765	  1	
262	503	765	  1	
263	  8	765	  1	
263	 23	765	  1	
263	254	765	  1	
263	283	765	  1	
263	527	765	  1	
264	  0	765	  1	
264	 29	765	  1	
264	 51	765	  1	
264	112	765	  1	
264	144	765	  1	
264	150	765	  1	
264	176	765	  1	
264	216	765	  1	
264	304	765	  1	
264	525	765	  1	
264	536	765	  1	
265	 88	765	  1	
265	520	765	  1	
266	 23	765	  1	
266	104	765	  1	
266	234	765	  1	
267	 40	765	  1	
268	310	765	  1	
268	498	765	  1	
269	 56	765	  1	
269	 63	765	  1	
269	 72	765	  1	
269	123	765	  1	
269	147	765	  1	
269	457	765	  1	
269	480	765	  1	
270	332	765	  1	
270	415	765	  1	
270	471	765	  1	
270	487	765	  1	
271	  0	765	  1	
271	 18	765	  1	
271	403	765	  1	
272	 16	765	  1	
272	 64	765	  1	
272	 96	765	  1	
272	128	765	  1	
272	152	765	  1	
272	264	765	  1	
272	269	765	  1	
272	272	765	  1	
272	352	765	  1	
272	384	765	  1	
272	391	765	  1	
272	474	765	  1	
272	528	765	  1	
272	552	765	  1	
273	471	765	  1	
274	208	765	  1	
274	215	765	  1	
275	 23	765	  1	
275	512	765	  1	
276	463	765	  1	
276	522	765	  1	
278	 75	765	  1	
278	152	765	  1	
278	517	765	  1	
279	 16	765	  1	
279	240	765	  1	
279	246	765	  1	
279	278	765	  1	
279	352	765	  1	
279	387	765	  1	
280	 44	765	  1	
280	 64	765	  1	
280	117	765	  1	
280	163	765	  1	
280	216	765	  1	
280	238	765	  1	
280	373	765	  1	
280	480	765	  1	
280	504	765	  1	
281	 96	765	  1	
281	279	765	  1	
283	 40	765	  1	
283	 86	765	  1	
283	222	765	  1	
283	408	765	  1	
285	176	765	  1	
285	232	765	  1	
286	135	765	  1	
287	244	765	  1	
287	373	765	  1	
287	512	765	  1	
287	519	765	  1	
288	 16	765	  1	
288	 28	765	  1	
288	 50	765	  1	
288	 64	765	  1	
288	 69	765	  1	
288	 77	765	  1	
288	 88	765	  1	
288	128	765	  1	
288	144	765	  1	
288	189	765	  1	
288	199	765	  1	
288	201	765	  1	
288	253	765	  1	
288	342	765	  1	
288	406	765	  1	
289	207	765	  1	
290	157	765	  1	
291	  7	765	  1	
291	 95	765	  1	
293	 30	765	  1	
293	 56	765	  1	
293	248	765	  1	
293	496	765	  1	
294	120	765	  1	
294	458	765	  1	
295	  2	765	  1	
295	 23	765	  1	
295	 74	765	  1	
295	104	765	  1	
295	131	765	  1	
295	152	765	  1	
295	195	765	  1	
295	320	765	  1	
295	342	765	  1	
295	403	765	  1	
295	528	765	  1	
296	  0	765	  1	
296	  9	765	  1	
296	 16	765	  1	
296	 24	765	  1	
296	 88	765	  1	
296	208	765	  1	
296	232	765	  1	
296	238	765	  1	
296	373	765	  1	
296	381	765	  1	
296	479	765	  1	
297	287	765	  1	
297	471	765	  1	
298	190	765	  1	
298	200	765	  1	
298	311	765	  1	
298	384	765	  1	
298	541	765	  1	
299	 93	765	  1	
299	103	765	  1	
299	120	765	  1	
299	376	765	  1	
299	398	765	  1	
299	544	765	  1	
300	211	765	  1	
300	352	765	  1	
301	 79	765	  1	
301	430	765	  1	
302	 28	765	  1	
302	287	765	  1	
302	359	765	  1	
302	543	765	  1	
303	 73	765	  1	
303	144	765	  1	
303	320	765	  1	
304	  0	765	  1	
304	 16	765	  1	
304	 23	765	  1	
304	 32	765	  1	
304	 56	765	  1	
304	 80	765	  1	
304	112	765	  1	
304	136	765	  1	
304	200	765	  1	
304	336	765	  1	
304	379	765	  1	
304	398	765	  1	
304	405	765	  1	
304	515	765	  1	
306	 86	765	  1	
306	118	765	  1	
306	372	765	  1	
307	 63	765	  1	
307	128	765	  1	
307	304	765	  1	
307	376	765	  1	
307	384	765	  1	
308	292	765	  1	
308	343	765	  1	
309	168	765	  1	
309	191	765	  1	
309	285	765	  1	
310	  7	765	  1	
310	 80	765	  1	
310	112	765	  1	
310	184	765	  1	
311	 56	765	  1	
311	312	765	  1	
311	358	765	  1	
311	420	765	  1	
311	519	765	  1	
312	 27	765	  1	
312	 69	765	  1	
312	104	765	  1	
312	118	765	  1	
312	152	765	  1	
312	159	765	  1	
312	200	765	  1	
312	237	765	  1	
312	276	765	  1	
312	288	765	  1	
312	294	765	  1	
312	311	765	  1	
312	335	765	  1	
312	371	765	  1	
312	384	765	  1	
312	392	765	  1	
312	474	765	  1	
312	480	765	  1	
314	232	765	  1	
314	470	765	  1	
315	128	765	  1	
315	256	765	  1	
315	388	765	  1	
316	262	765	  1	
316	272	765	  1	
316	318	765	  1	
316	456	765	  1	
316	463	765	  1	
317	110	765	  1	
317	115	765	  1	
317	174	765	  1	
317	279	765	  1	
317	291	765	  1	
317	296	765	  1	
317	303	765	  1	
317	306	765	  1	
317	495	765	  1	
318	  1	765	  1	
318	238	765	  1	
318	444	765	  1	
318	453	765	  1	
318	483	765	  1	
319	 24	765	  1	
319	 31	765	  1	
319	155	765	  1	
319	312	765	  1	
319	368	765	  1	
319	375	765	  1	
319	434	765	  1	
319	466	765	  1	
320	  5	765	  1	
320	 77	765	  1	
320	 88	765	  1	
320	124	765	  1	
320	130	765	  1	
320	146	765	  1	
320	160	765	  1	
320	176	765	  1	
320	191	765	  1	
320	253	765	  1	
320	280	765	  1	
320	284	765	  1	
320	339	765	  1	
320	348	765	  1	
320	355	765	  1	
320	511	765	  1	
322	206	765	  1	
323	344	765	  1	
323	463	765	  1	
324	131	765	  1	
324	135	765	  1	
325	132	765	  1	
325	144	765	  1	
325	151	765	  1	
325	408	765	  1	
325	472	765	  1	
326	172	765	  1	
326	200	765	  1	
326	323	765	  1	
326	343	765	  1	
326	349	765	  1	
327	176	765	  1	
327	187	765	  1	
327	328	765	  1	
327	456	765	  1	
327	511	765	  1	
328	133	765	  1	
328	279	765	  1	
328	291	765	  1	
328	304	765	  1	
328	310	765	  1	
328	370	765	  1	
328	448	765	  1	
328	461	765	  1	
328	516	765	  1	
329	 88	765	  1	
329	 95	765	  1	
329	132	765	  1	
330	 16	765	  1	
330	299	765	  1	
330	355	765	  1	
330	479	765	  1	
331	 23	765	  1	
331	285	765	  1	
331	307	765	  1	
333	472	765	  1	
333	591	765	  1	
334	157	765	  1	
334	220	765	  1	
334	295	765	  1	
334	304	765	  1	
334	310	765	  1	
334	336	765	  1	
335	 16	765	  1	
335	 94	765	  1	
335	128	765	  1	
335	411	765	  1	
335	515	765	  1	
335	586	765	  1	
336	 32	765	  1	
336	 38	765	  1	
336	 58	765	  1	
336	 67	765	  1	
336	 99	765	  1	
336	165	765	  1	
336	168	765	  1	
336	174	765	  1	
336	184	765	  1	
336	188	765	  1	
336	210	765	  1	
336	215	765	  1	
336	269	765	  1	
336	272	765	  1	
336	420	765	  1	
336	431	765	  1	
336	527	765	  1	
338	312	765	  1	
338	319	765	  1	
338	454	765	  1	
339	118	765	  1	
339	352	765	  1	
340	307	765	  1	
340	370	765	  1	
341	171	765	  1	
341	264	765	  1	
341	288	765	  1	
341	295	765	  1	
343	184	765	  1	
343	408	765	  1	
343	427	765	  1	
343	527	765	  1	
344	  1	765	  1	
344	 26	765	  1	
344	 31	765	  1	
344	 64	765	  1	
344	 75	765	  1	
344	 85	765	  1	
344	220	765	  1	
344	235	765	  1	
344	248	765	  1	
344	320	765	  1	
344	335	765	  1	
344	344	765	  1	
344	351	765	  1	
344	359	765	  1	
344	371	765	  1	
344	440	765	  1	
344	455	765	  1	
344	594	765	  1	
346	 70	765	  1	
346	 91	765	  1	
346	272	765	  1	
346	445	765	  1	
347	112	765	  1	
347	136	765	  1	
347	152	765	  1	
347	208	765	  1	
347	296	765	  1	
347	328	765	  1	
348	  7	765	  1	
349	 80	765	  1	
349	127	765	  1	
349	160	765	  1	
349	219	765	  1	
349	239	765	  1	
349	288	765	  1	
349	564	765	  1	
350	 64	765	  1	
350	200	765	  1	
350	375	765	  1	
351	227	765	  1	
351	335	765	  1	
351	347	765	  1	
351	355	765	  1	
351	440	765	  1	
351	455	765	  1	
351	487	765	  1	
352	  0	765	  1	
352	 48	765	  1	
352	149	765	  1	
352	158	765	  1	
352	178	765	  1	
352	197	765	  1	
352	240	765	  1	
352	247	765	  1	
352	300	765	  1	
352	336	765	  1	
352	407	765	  1	
352	424	765	  1	
352	488	765	  1	
353	107	765	  1	
355	 16	765	  1	
355	 72	765	  1	
355	136	765	  1	
355	365	765	  1	
355	437	765	  1	
355	495	765	  1	
357	 11	765	  1	
357	184	765	  1	
357	296	765	  1	
357	386	765	  1	
357	391	765	  1	
357	397	765	  1	
358	 69	765	  1	
358	109	765	  1	
358	155	765	  1	
358	269	765	  1	
358	340	765	  1	
359	 48	765	  1	
359	258	765	  1	
359	488	765	  1	
360	  4	765	  1	
360	 31	765	  1	
360	123	765	  1	
360	154	765	  1	
360	248	765	  1	
360	255	765	  1	
360	294	765	  1	
360	304	765	  1	
360	314	765	  1	
360	358	765	  1	
360	384	765	  1	
360	392	765	  1	
360	399	765	  1	
360	422	765	  1	
360	446	765	  1	
361	212	765	  1	
361	368	765	  1	
361	416	765	  1	
362	238	765	  1	
363	 21	765	  1	
363	319	765	  1	
363	360	765	  1	
363	391	765	  1	
363	472	765	  1	
365	  0	765	  1	
365	  8	765	  1	
365	 88	765	  1	
365	 95	765	  1	
365	187	765	  1	
366	208	765	  1	
366	215	765	  1	
366	291	765	  1	
367	 31	765	  1	
367	120	765	  1	
367	127	765	  1	
367	204	765	  1	
367	251	765	  1	
367	314	765	  1	
367	376	765	  1	
367	384	765	  1	
367	395	765	  1	
367	408	765	  1	
368	 68	765	  1	
368	 80	765	  1	
368	 86	765	  1	
368	 96	765	  1	
368	110	765	  1	
368	128	765	  1	
368	139	765	  1	
368	144	765	  1	
368	160	765	  1	
368	168	765	  1	
368	326	765	  1	
368	400	765	  1	
368	416	765	  1	
368	427	765	  1	
368	571	765	  1	
371	  7	765	  1	
371	 56	765	  1	
371	135	765	  1	
371	258	765	  1	
372	364	765	  1	
373	123	765	  1	
373	383	765	  1	
374	 70	765	  1	
374	172	765	  1	
374	264	765	  1	
374	424	765	  1	
374	431	765	  1	
374	437	765	  1	
375	  0	765	  1	
375	130	765	  1	
375	144	765	  1	
375	279	765	  1	
375	443	765	  1	
376	  5	765	  1	
376	 22	765	  1	
376	 48	765	  1	
376	 72	765	  1	
376	 82	765	  1	
376	 89	765	  1	
376	102	765	  1	
376	161	765	  1	
376	168	765	  1	
376	183	765	  1	
376	192	765	  1	
376	220	765	  1	
376	237	765	  1	
376	248	765	  1	
376	368	765	  1	
376	402	765	  1	
376	411	765	  1	
376	426	765	  1	
376	455	765	  1	
376	458	765	  1	
376	462	765	  1	
376	523	765	  1	
378	  0	765	  1	
378	 16	765	  1	
378	120	765	  1	
378	158	765	  1	
378	457	765	  1	
379	 56	765	  1	
379	130	765	  1	
379	142	765	  1	
379	255	765	  1	
379	283	765	  1	
379	353	765	  1	
379	448	765	  1	
379	536	765	  1	
380	127	765	  1	
382	  6	765	  1	
382	 23	765	  1	
382	152	765	  1	
382	463	765	  1	
383	101	765	  1	
383	120	765	  1	
383	176	765	  1	
383	220	765	  1	
383	248	765	  1	
383	408	765	  1	
383	415	765	  1	
383	455	765	  1	
383	488	765	  1	
383	520	765	  1	
383	527	765	  1	
383	598	765	  1	
384	 13	765	  1	
384	149	765	  1	
384	174	765	  1	
384	204	765	  1	
384	245	765	  1	
384	280	765	  1	
384	287	765	  1	
384	323	765	  1	
384	336	765	  1	
384	363	765	  1	
385	138	765	  1	
386	303	765	  1	
387	128	765	  1	
388	 34	765	  1	
388	143	765	  1	
388	206	765	  1	
388	467	765	  1	
390	123	765	  1	
390	192	765	  1	
391	133	765	  1	
391	136	765	  1	
391	140	765	  1	
391	168	765	  1	
391	283	765	  1	
392	 11	765	  1	
392	 43	765	  1	
392	 53	765	  1	
392	227	765	  1	
392	320	765	  1	
392	440	765	  1	
392	491	765	  1	
393	327	765	  1	
393	391	765	  1	
394	120	765	  1	
394	258	765	  1	
394	267	765	  1	
394	299	765	  1	
395	184	765	  1	
395	200	765	  1	
395	515	765	  1	
396	536	765	  1	
398	 48	765	  1	
398	126	765	  1	
398	295	765	  1	
399	302	765	  1	
400	  9	765	  1	
400	 30	765	  1	
400	 40	765	  1	
400	128	765	  1	
400	132	765	  1	
400	136	765	  1	
400	163	765	  1	
400	208	765	  1	
400	213	765	  1	
400	244	765	  1	
400	304	765	  1	
400	378	765	  1	
400	390	765	  1	
400	439	765	  1	
400	464	765	  1	
402	139	765	  1	
402	288	765	  1	
403	127	765	  1	
403	302	765	  1	
404	192	765	  1	
405	 24	765	  1	
405	 48	765	  1	
405	 55	765	  1	
405	118	765	  1	
405	240	765	  1	
405	307	765	  1	
406	136	765	  1	
406	143	765	  1	
406	471	765	  1	
406	495	765	  1	
407	199	765	  1	
407	248	765	  1	
407	288	765	  1	
407	466	765	  1	
407	535	765	  1	
408	  7	765	  1	
408	 21	765	  1	
408	 32	765	  1	
408	 36	765	  1	
408	 86	765	  1	
408	 99	765	  1	
408	152	765	  1	
408	180	765	  1	
408	224	765	  1	
408	304	765	  1	
408	351	765	  1	
408	384	765	  1	
409	 79	765	  1	
410	222	765	  1	
410	328	765	  1	
410	428	765	  1	
412	 30	765	  1	
412	 96	765	  1	
412	162	765	  1	
412	308	765	  1	
412	319	765	  1	
413	  2	765	  1	
413	128	765	  1	
413	182	765	  1	
414	 21	765	  1	
414	 87	765	  1	
415	312	765	  1	
415	349	765	  1	
415	376	765	  1	
416	 40	765	  1	
416	 49	765	  1	
416	 64	765	  1	
416	 80	765	  1	
416	108	765	  1	
416	124	765	  1	
416	139	765	  1	
416	144	765	  1	
416	155	765	  1	
416	168	765	  1	
416	192	765	  1	
416	227	765	  1	
416	243	765	  1	
416	296	765	  1	
418	  4	765	  1	
418	 96	765	  1	
418	111	765	  1	
418	343	765	  1	
419	 19	765	  1	
419	216	765	  1	
420	431	765	  1	
420	591	765	  1	
421	 48	765	  1	
421	106	765	  1	
421	127	765	  1	
421	160	765	  1	
421	176	765	  1	
421	200	765	  1	
421	213	765	  1	
421	328	765	  1	
422	155	765	  1	
422	296	765	  1	
422	337	765	  1	
422	377	765	  1	
422	523	765	  1	
423	 82	765	  1	
423	166	765	  1	
423	224	765	  1	
423	240	765	  1	
423	247	765	  1	
423	343	765	  1	
424	 24	765	  1	
424	 64	765	  1	
424	 68	765	  1	
424	 78	765	  1	
424	 98	765	  1	
424	187	765	  1	
424	215	765	  1	
424	221	765	  1	
424	228	765	  1	
424	279	765	  1	
424	310	765	  1	
424	352	765	  1	
425	 16	765	  1	
427	 48	765	  1	
427	115	765	  1	
427	136	765	  1	
427	199	765	  1	
427	224	765	  1	
427	305	765	  1	
427	359	765	  1	
428	  4	765	  1	
428	169	765	  1	
428	279	765	  1	
428	288	765	  1	
428	294	765	  1	
430	231	765	  1	
430	296	765	  1	
431	 77	765	  1	
431	143	765	  1	
431	211	765	  1	
431	352	765	  1	
432	  8	765	  1	
432	 27	765	  1	
432	 59	765	  1	
432	128	765	  1	
432	138	765	  1	
432	152	765	  1	
432	166	765	  1	
432	221	765	  1	
432	247	765	  1	
432	272	765	  1	
432	323	765	  1	
433	210	765	  1	
434	 14	765	  1	
434	106	765	  1	
435	176	765	  1	
435	270	765	  1	
436	163	765	  1	
437	216	765	  1	
438	152	765	  1	
440	 19	765	  1	
440	 72	765	  1	
440	 80	765	  1	
440	 90	765	  1	
440	 96	765	  1	
440	168	765	  1	
440	174	765	  1	
440	192	765	  1	
440	211	765	  1	
440	224	765	  1	
440	248	765	  1	
440	254	765	  1	
440	272	765	  1	
440	439	765	  1	
440	443	765	  1	
440	559	765	  1	
441	127	765	  1	
442	 86	765	  1	
442	102	765	  1	
442	403	765	  1	
443	136	765	  1	
444	248	765	  1	
445	 40	765	  1	
445	 47	765	  1	
445	 64	765	  1	
445	 95	765	  1	
445	119	765	  1	
445	144	765	  1	
446	 80	765	  1	
446	216	765	  1	
447	 75	765	  1	
447	171	765	  1	
447	208	765	  1	
448	  4	765	  1	
448	 14	765	  1	
448	 19	765	  1	
448	 32	765	  1	
448	 48	765	  1	
448	103	765	  1	
448	125	765	  1	
448	152	765	  1	
448	170	765	  1	
448	175	765	  1	
448	194	765	  1	
448	238	765	  1	
449	 35	765	  1	
449	248	765	  1	
450	171	765	  1	
450	220	765	  1	
451	176	765	  1	
451	212	765	  1	
452	 99	765	  1	
452	110	765	  1	
452	136	765	  1	
452	143	765	  1	
453	 15	765	  1	
453	 55	765	  1	
453	 79	765	  1	
453	175	765	  1	
453	254	765	  1	
454	122	765	  1	
454	208	765	  1	
454	224	765	  1	
455	 34	765	  1	
455	 47	765	  1	
455	170	765	  1	
455	248	765	  1	
455	271	765	  1	
456	 10	765	  1	
456	 32	765	  1	
456	 90	765	  1	
456	111	765	  1	
456	149	765	  1	
456	159	765	  1	
456	210	765	  1	
456	220	765	  1	
456	240	765	  1	
456	312	765	  1	
456	415	765	  1	
457	 44	765	  1	
458	359	765	  1	
459	 40	765	  1	
459	143	765	  1	
459	154	765	  1	
459	184	765	  1	
460	  0	765	  1	
460	 95	765	  1	
461	 32	765	  1	
461	141	765	  1	
461	144	765	  1	
461	160	765	  1	
461	167	765	  1	
461	192	765	  1	
461	199	765	  1	
461	243	765	  1	
462	 51	765	  1	
462	132	765	  1	
462	140	765	  1	
463	 44	765	  1	
463	139	765	  1	
463	223	765	  1	
464	 31	765	  1	
464	 48	765	  1	
464	 80	765	  1	
464	127	765	  1	
464	168	765	  1	
464	174	765	  1	
464	183	765	  1	
464	186	765	  1	
464	291	765	  1	
466	111	765	  1	
466	176	765	  1	
467	  0	765	  1	
467	 24	765	  1	
467	 88	765	  1	
468	 15	765	  1	
468	 95	765	  1	
469	 72	765	  1	
469	135	765	  1	
469	216	765	  1	
469	288	765	  1	
471	 31	765	  1	
471	 40	765	  1	
471	 47	765	  1	
471	187	765	  1	
471	232	765	  1	
472	  1	765	  1	
472	 58	765	  1	
472	 82	765	  1	
472	 86	765	  1	
472	 96	765	  1	
472	120	765	  1	
472	155	765	  1	
472	208	765	  1	
472	229	765	  1	
472	256	765	  1	
472	279	765	  1	
472	286	765	  1	
474	 27	765	  1	
474	 48	765	  1	
474	142	765	  1	
474	213	765	  1	
474	223	765	  1	
476	 92	765	  1	
476	 96	765	  1	
477	 64	765	  1	
477	 78	765	  1	
477	126	765	  1	
477	176	765	  1	
477	232	765	  1	
478	149	765	  1	
478	182	765	  1	
478	208	765	  1	
479	 81	765	  1	
479	218	765	  1	
479	358	765	  1	
480	 40	765	  1	
480	 55	765	  1	
480	102	765	  1	
480	117	765	  1	
480	139	765	  1	
480	253	765	  1	
480	290	765	  1	
480	304	765	  1	
480	328	765	  1	
480	384	765	  1	
480	455	765	  1	
481	  0	765	  1	
481	192	765	  1	
481	311	765	  1	
482	 63	765	  1	
482	183	765	  1	
482	262	765	  1	
483	405	765	  1	
483	599	765	  1	
484	 15	765	  1	
484	136	765	  1	
485	 23	765	  1	
485	152	765	  1	
485	198	765	  1	
485	210	765	  1	
485	215	765	  1	
486	 71	765	  1	
487	 56	765	  1	
487	 65	765	  1	
487	192	765	  1	
487	232	765	  1	
488	  4	765	  1	
488	 61	765	  1	
488	111	765	  1	
488	203	765	  1	
488	208	765	  1	
488	250	765	  1	
488	277	765	  1	
489	 38	765	  1	
491	 54	765	  1	
491	168	765	  1	
491	307	765	  1	
492	104	765	  1	
493	 92	765	  1	
493	 96	765	  1	
493	112	765	  1	
493	272	765	  1	
493	319	765	  1	
494	 70	765	  1	
494	134	765	  1	
494	207	765	  1	
494	211	765	  1	
496	 27	765	  1	
496	 48	765	  1	
496	 96	765	  1	
496	109	765	  1	
496	114	765	  1	
496	123	765	  1	
496	149	765	  1	
496	157	765	  1	
496	174	765	  1	
496	224	765	  1	
496	228	765	  1	
496	237	765	  1	
496	240	765	  1	
496	252	765	  1	
496	262	765	  1	
496	287	765	  1	
496	320	765	  1	
496	326	765	  1	
496	440	765	  1	
498	256	765	  1	
499	206	765	  1	
499	280	765	  1	
500	 24	765	  1	
500	 31	765	  1	
500	312	765	  1	
501	112	765	  1	
501	119	765	  1	
501	142	765	  1	
501	163	765	  1	
501	171	765	  1	
501	176	765	  1	
501	323	765	  1	
501	382	765	  1	
502	 11	765	  1	
502	158	765	  1	
502	182	765	  1	
502	319	765	  1	
503	127	765	  1	
503	240	765	  1	
503	287	765	  1	
503	354	765	  1	
504	  0	765	  1	
504	  5	765	  1	
504	 15	765	  1	
504	 56	765	  1	
504	 62	765	  1	
504	 83	765	  1	
504	104	765	  1	
504	178	765	  1	
504	184	765	  1	
504	253	765	  1	
504	262	765	  1	
504	310	765	  1	
504	336	765	  1	
506	248	765	  1	
507	 64	765	  1	
507	224	765	  1	
508	342	765	  1	
509	 59	765	  1	
509	 88	765	  1	
509	110	765	  1	
509	168	765	  1	
509	260	765	  1	
509	328	765	  1	
510	189	765	  1	
510	254	765	  1	
510	311	765	  1	
511	 15	765	  1	
512	 16	765	  1	
512	 36	765	  1	
512	 43	765	  1	
512	 72	765	  1	
512	 78	765	  1	
512	120	765	  1	
512	124	765	  1	
512	200	765	  1	
512	212	765	  1	
512	239	765	  1	
512	339	765	  1	
513	162	765	  1	
513	223	765	  1	
515	 29	765	  1	
515	232	765	  1	
515	268	765	  1	
516	 93	765	  1	
516	152	765	  1	
516	336	765	  1	
516	343	765	  1	
518	 16	765	  1	
518	167	765	  1	
518	211	765	  1	
518	263	765	  1	
519	 83	765	  1	
519	 88	765	  1	
519	223	765	  1	
519	239	765	  1	
519	328	765	  1	
519	591	765	  1	
520	127	765	  1	
520	160	765	  1	
520	208	765	  1	
520	296	765	  1	
520	303	765	  1	
520	407	765	  1	
520	464	765	  1	
520	468	765	  1	
521	153	765	  1	
522	  8	765	  1	
522	 41	765	  1	
522	135	765	  1	
522	271	765	  1	
523	112	765	  1	
523	216	765	  1	
523	227	765	  1	
523	256	765	  1	
523	335	765	  1	
524	 96	765	  1	
524	264	765	  1	
524	392	765	  1	
525	 88	765	  1	
525	156	765	  1	
525	200	765	  1	
525	207	765	  1	
525	310	765	  1	
526	271	765	  1	
527	223	765	  1	
527	263	765	  1	
527	299	765	  1	
527	328	765	  1	
527	392	765	  1	
527	397	765	  1	
527	400	765	  1	
528	 72	765	  1	
528	104	765	  1	
528	139	765	  1	
528	176	765	  1	
528	272	765	  1	
528	315	765	  1	
528	347	765	  1	
530	277	765	  1	
531	 96	765	  1	
531	128	765	  1	
531	152	765	  1	
531	319	765	  1	
531	358	765	  1	
531	376	765	  1	
532	244	765	  1	
533	115	765	  1	
533	232	765	  1	
533	296	765	  1	
533	327	765	  1	
534	383	765	  1	
534	387	765	  1	
535	 19	765	  1	
535	 63	765	  1	
535	123	765	  1	
535	176	765	  1	
535	272	765	  1	
535	344	765	  1	
535	351	765	  1	
535	439	765	  1	
536	 14	765	  1	
536	 48	765	  1	
536	 98	765	  1	
536	109	765	  1	
536	128	765	  1	
536	189	765	  1	
536	200	765	  1	
536	206	765	  1	
536	256	765	  1	
536	263	765	  1	
536	275	765	  1	
536	375	765	  1	
537	 56	765	  1	
538	147	765	  1	
539	 24	765	  1	
539	 86	765	  1	
539	368	765	  1	
540	272	765	  1	
542	 11	765	  1	
542	408	765	  1	
543	 48	765	  1	
543	109	765	  1	
543	287	765	  1	
543	375	765	  1	
544	  8	765	  1	
544	 81	765	  1	
544	 96	765	  1	
544	117	765	  1	
544	152	765	  1	
544	224	765	  1	
544	352	765	  1	
546	154	765	  1	
547	408	765	  1	
547	463	765	  1	
548	194	765	  1	
548	427	765	  1	
549	112	765	  1	
549	128	765	  1	
549	179	765	  1	
549	395	765	  1	
550	167	765	  1	
551	 72	765	  1	
552	 56	765	  1	
552	 87	765	  1	
552	120	765	  1	
552	127	765	  1	
552	136	765	  1	
552	144	765	  1	
552	224	765	  1	
552	228	765	  1	
552	301	765	  1	
552	344	765	  1	
553	 72	765	  1	
553	107	765	  1	
553	143	765	  1	
554	158	765	  1	
555	400	765	  1	
556	224	765	  1	
556	229	765	  1	
556	460	765	  1	
557	240	765	  1	
558	 81	765	  1	
558	138	765	  1	
559	144	765	  1	
559	406	765	  1	
560	 66	765	  1	
560	104	765	  1	
560	131	765	  1	
560	157	765	  1	
560	192	765	  1	
560	197	765	  1	
560	238	765	  1	
560	352	765	  1	
560	376	765	  1	
560	394	765	  1	
561	387	765	  1	
562	  8	765	  1	
562	144	765	  1	
562	150	765	  1	
562	272	765	  1	
563	118	765	  1	
563	327	765	  1	
564	110	765	  1	
564	182	765	  1	
564	296	765	  1	
566	158	765	  1	
566	176	765	  1	
566	236	765	  1	
566	352	765	  1	
567	  8	765	  1	
567	 71	765	  1	
567	376	765	  1	
568	  5	765	  1	
568	 78	765	  1	
568	 89	765	  1	
568	112	765	  1	
568	120	765	  1	
568	127	765	  1	
568	174	765	  1	
568	198	765	  1	
568	202	765	  1	
568	243	765	  1	
568	344	765	  1	
568	395	765	  1	
568	400	765	  1	
569	208	765	  1	
569	215	765	  1	
569	277	765	  1	
570	192	765	  1	
570	248	765	  1	
571	136	765	  1	
571	376	765	  1	
573	  0	765	  1	
574	 15	765	  1	
574	223	765	  1	
575	 78	765	  1	
575	123	765	  1	
575	254	765	  1	
575	344	765	  1	
575	392	765	  1	
575	399	765	  1	
575	488	765	  1	
576	 32	765	  1	
576	 88	765	  1	
576	 95	765	  1	
576	109	765	  1	
576	155	765	  1	
576	176	765	  1	
576	184	765	  1	
576	200	765	  1	
576	211	765	  1	
576	237	765	  1	
576	264	765	  1	
576	412	765	  1	
577	224	765	  1	
577	229	765	  1	
577	320	765	  1	
578	576	765	  1	
579	150	765	  1	
579	207	765	  1	
579	272	765	  1	
580	268	765	  1	
581	 96	765	  1	
581	262	765	  1	
581	266	765	  1	
583	 91	765	  1	
583	152	765	  1	
583	159	765	  1	
583	200	765	  1	
583	208	765	  1	
583	215	765	  1	
583	326	765	  1	
583	503	765	  1	
584	  1	765	  1	
584	  7	765	  1	
584	 80	765	  1	
584	141	765	  1	
584	192	765	  1	
584	218	765	  1	
584	235	765	  1	
584	264	765	  1	
584	301	765	  1	
584	386	765	  1	
586	138	765	  1	
586	200	765	  1	
587	  3	765	  1	
587	121	765	  1	
588	216	765	  1	
589	 80	765	  1	
589	402	765	  1	
590	227	765	  1	
590	232	765	  1	
590	298	765	  1	
590	352	765	  1	
590	358	765	  1	
590	433	765	  1	
591	192	765	  1	
591	384	765	  1	
592	160	765	  1	
592	166	765	  1	
592	210	765	  1	
592	240	765	  1	
592	251	765	  1	
592	280	765	  1	
592	333	765	  1	
595	  0	765	  1	
595	287	765	  1	
597	104	765	  1	
597	432	765	  1	
598	224	765	  1	
599	 36	765	  1	
599	280	765	  1	
599	333	765	  1	
599	395	765	  1	
600	 53	765	  1	
600	166	765	  1	
600	206	765	  1	
600	232	765	  1	
600	263	765	  1	
600	266	765	  1	
600	278	765	  1	
600	304	765	  1	
600	320	765	  1	
600	326	765	  1	
600	348	765	  1	
600	360	765	  1	
600	367	765	  1	
600	376	765	  1	
600	382	765	  1	
600	387	765	  1	
600	437	765	  1	
603	227	765	  1	
604	234	765	  1	
605	336	765	  1	
605	341	765	  1	
605	351	765	  1	
606	162	765	  1	
606	248	765	  1	
606	275	765	  1	
606	311	765	  1	
606	363	765	  1	
606	376	765	  1	
607	 71	765	  1	
607	239	765	  1	
608	114	765	  1	
608	119	765	  1	
608	221	765	  1	
608	272	765	  1	
608	285	765	  1	
608	352	765	  1	
608	371	765	  1	
609	231	765	  1	
609	269	765	  1	
610	  8	765	  1	
610	399	765	  1	
611	 32	765	  1	
611	264	765	  1	
611	359	765	  1	
611	389	765	  1	
612	 71	765	  1	
613	231	765	  1	
614	376	765	  1	
614	431	765	  1	
615	  8	765	  1	
615	320	765	  1	
615	327	765	  1	
615	352	765	  1	
615	368	765	  1	
616	  0	765	  1	
616	 70	765	  1	
616	104	765	  1	
616	230	765	  1	
616	322	765	  1	
616	383	765	  1	
616	410	765	  1	
616	415	765	  1	
616	424	765	  1	
618	227	765	  1	
620	268	765	  1	
621	264	765	  1	
621	272	765	  1	
621	277	765	  1	
621	312	765	  1	
622	  7	765	  1	
623	152	765	  1	
623	376	765	  1	
623	383	765	  1	
623	404	765	  1	
624	 52	765	  1	
624	287	765	  1	
626	414	765	  1	
629	108	765	  1	
631	 59	765	  1	
631	 71	765	  1	
631	420	765	  1	
632	168	765	  1	
632	288	765	  1	
632	320	765	  1	
632	373	765	  1	
639	 79	765	  1	
639	270	765	  1	
640	151	765	  1	
640	296	765	  1	
640	320	765	  1	
640	328	765	  1	
643	 55	765	  1	
644	429	765	  1	
645	139	765	  1	
645	405	765	  1	
647	 78	765	  1	
647	245	765	  1	
647	271	765	  1	
648	 64	765	  1	
648	227	765	  1	
648	288	765	  1	
648	295	765	  1	
649	280	765	  1	
651	203	765	  1	
652	374	765	  1	
654	 68	765	  1	
655	150	765	  1	
655	280	765	  1	
655	291	765	  1	
656	168	765	  1	
656	255	765	  1	
659	336	765	  1	
663	 73	765	  1	
663	 88	765	  1	
663	139	765	  1	
663	343	765	  1	
663	355	765	  1	
664	104	765	  1	
664	147	765	  1	
664	192	765	  1	
664	216	765	  1	
670	144	765	  1	
670	151	765	  1	
671	  6	765	  1	
672	251	765	  1	
677	 69	765	  1	
677	104	765	  1	
678	147	765	  1	
679	263	765	  1	
680	 18	765	  1	
680	498	765	  1	
682	565	765	  1	
684	 55	765	  1	
687	175	765	  1	
688	130	765	  1	
688	176	765	  1	
688	216	765	  1	
688	484	765	  1	
694	200	765	  1	
694	207	765	  1	
695	176	765	  1	
696	160	765	  1	
698	207	765	  1	
702	164	765	  1	
711	176	765	  1	
715	295	765	  1	
720	225	765	  1	
720	248	765	  1	
720	280	765	  1	
735	182	765	  1	
743	391	765	  1	
747	 47	765	  1	
751	335	765	  1	
758	287	765	  1	
767	167	765	  1	
768	168	765	  1	
793	186	765	  1	
