# 
#  Image file: Goad1_T0075.jpg
#  Applied threshold: 575
#  Algorithm used: fill2                 
#  Particle count: 1844
#  Location (x,y), max luminance, and mass:
# 
  0	146	765	  1	
  0	192	765	  1	
  0	319	765	  1	
  3	144	765	  1	
  3	192	765	  1	
  8	243	765	  1	
  8	527	765	  1	
 16	312	765	  1	
 31	355	765	  1	
 41	106	765	  1	
 47	  8	765	  1	
 48	347	765	  1	
 50	 92	765	  1	
 55	  4	765	  1	
 55	283	765	  1	
 63	191	765	  1	
 63	202	765	  1	
 68	224	765	  1	
 71	239	765	  1	
 80	  8	765	  1	
 80	402	765	  1	
 83	193	765	  1	
 86	235	765	  1	
 86	365	765	  1	
 88	 54	765	  1	
 88	239	765	  1	
 91	415	765	  1	
 93	344	765	  1	
 96	123	765	  1	
 96	128	765	  1	
 96	136	765	  1	
 96	296	765	  1	
 98	321	765	  1	
 98	368	765	  1	
 99	143	765	  1	
100	 92	765	  1	
100	531	765	  1	
102	131	765	  1	
103	 79	765	  1	
103	188	765	  1	
106	183	765	  1	
110	178	765	  1	
112	 32	765	  1	
114	146	765	  1	
114	159	765	  1	
115	 88	765	  1	
117	 10	765	  1	
118	223	765	  1	
120	153	765	  1	
120	322	765	  1	
121	175	765	  1	
123	  0	765	  1	
123	528	765	  1	
127	  8	765	  1	
127	103	765	  1	
127	155	765	  1	
127	178	765	  1	
128	 57	765	  1	
128	312	765	  1	
129	400	765	  1	
129	471	765	  1	
130	405	765	  1	
131	280	765	  1	
131	287	765	  1	
131	304	765	  1	
132	 63	765	  1	
132	315	765	  1	
134	288	765	  1	
134	520	765	  1	
134	527	765	  1	
136	 88	765	  1	
136	127	765	  1	
136	167	765	  1	
136	200	765	  1	
136	279	765	  1	
136	488	765	  1	
137	111	765	  1	
139	120	765	  1	
139	219	765	  1	
141	104	765	  1	
141	207	765	  1	
143	127	765	  1	
143	140	765	  1	
143	312	765	  1	
144	  1	765	  1	
144	245	765	  1	
144	265	765	  1	
144	276	765	  1	
146	432	765	  1	
148	360	765	  1	
148	367	765	  1	
151	162	765	  1	
152	106	765	  1	
152	179	765	  1	
152	204	765	  1	
152	276	765	  1	
152	294	765	  1	
152	434	765	  1	
153	351	765	  1	
154	 95	765	  1	
154	227	765	  1	
154	234	765	  1	
155	  0	765	  1	
155	  7	765	  1	
155	134	765	  1	
155	215	765	  1	
156	272	765	  1	
157	 97	765	  1	
157	344	765	  1	
157	360	765	  1	
157	367	765	  1	
157	439	765	  1	
158	128	765	  1	
158	292	765	  1	
159	106	765	  1	
159	199	765	  1	
159	275	765	  1	
159	543	765	  1	
160	  8	765	  1	
160	127	765	  1	
160	176	765	  1	
160	223	765	  1	
160	359	765	  1	
160	415	765	  1	
160	506	765	  1	
163	148	765	  1	
163	216	765	  1	
163	295	765	  1	
163	384	765	  1	
164	360	765	  1	
164	376	765	  1	
165	208	765	  1	
165	355	765	  1	
167	 24	765	  1	
167	223	765	  1	
167	419	765	  1	
168	  7	765	  1	
168	 63	765	  1	
168	 80	765	  1	
168	130	765	  1	
168	183	765	  1	
168	269	765	  1	
168	280	765	  1	
168	334	765	  1	
168	349	765	  1	
168	511	765	  1	
168	531	765	  1	
170	340	765	  1	
171	  0	765	  1	
171	336	765	  1	
171	376	765	  1	
173	104	765	  1	
173	111	765	  1	
173	199	765	  1	
174	 51	765	  1	
174	 83	765	  1	
175	  7	765	  1	
175	136	765	  1	
175	139	765	  1	
176	 22	765	  1	
176	 27	765	  1	
176	 72	765	  1	
176	101	765	  1	
176	172	765	  1	
176	210	765	  1	
176	246	765	  1	
176	279	765	  1	
176	389	765	  1	
178	182	765	  1	
178	199	765	  1	
179	 79	765	  1	
179	264	765	  1	
180	 56	765	  1	
180	 96	765	  1	
180	111	765	  1	
181	224	765	  1	
182	346	765	  1	
183	 72	765	  1	
183	175	765	  1	
183	210	765	  1	
183	230	765	  1	
183	407	765	  1	
183	487	765	  1	
184	 63	765	  1	
184	192	765	  1	
184	357	765	  1	
186	 84	765	  1	
186	 99	765	  1	
187	 56	765	  1	
187	332	765	  1	
188	107	765	  1	
189	103	765	  1	
189	340	765	  1	
189	552	765	  1	
190	111	765	  1	
190	398	765	  1	
191	 63	765	  1	
191	328	765	  1	
191	456	765	  1	
191	463	765	  1	
192	 17	765	  1	
192	 43	765	  1	
192	 64	765	  1	
192	 71	765	  1	
192	108	765	  1	
192	117	765	  1	
192	148	765	  1	
192	238	765	  1	
192	260	765	  1	
192	299	765	  1	
192	363	765	  1	
192	472	765	  1	
193	282	765	  1	
194	 47	765	  1	
194	358	765	  1	
195	 37	765	  1	
195	104	765	  1	
196	440	765	  1	
197	106	765	  1	
197	144	765	  1	
197	155	765	  1	
197	341	765	  1	
198	163	765	  1	
199	 32	765	  1	
199	256	765	  1	
199	282	765	  1	
199	288	765	  1	
199	360	765	  1	
199	367	765	  1	
199	497	765	  1	
200	 63	765	  1	
200	 68	765	  1	
200	 96	765	  1	
200	104	765	  1	
200	151	765	  1	
200	160	765	  1	
200	167	765	  1	
200	174	765	  1	
200	216	765	  1	
201	252	765	  1	
202	223	765	  1	
203	120	765	  1	
203	262	765	  1	
203	352	765	  1	
203	367	765	  1	
203	403	765	  1	
203	431	765	  1	
203	480	765	  1	
204	 80	765	  1	
204	147	765	  1	
204	368	765	  1	
205	 72	765	  1	
205	128	765	  1	
205	160	765	  1	
205	280	765	  1	
205	287	765	  1	
205	364	765	  1	
206	 69	765	  1	
206	 87	765	  1	
206	319	765	  1	
207	 56	765	  1	
207	 64	765	  1	
207	 96	765	  1	
207	213	765	  1	
207	359	765	  1	
208	 47	765	  1	
208	 63	765	  1	
208	100	765	  1	
208	141	765	  1	
208	163	765	  1	
208	275	765	  1	
208	280	765	  1	
208	336	765	  1	
210	136	765	  1	
210	308	765	  1	
211	 56	765	  1	
212	160	765	  1	
213	144	765	  1	
213	256	765	  1	
213	295	765	  1	
213	343	765	  1	
214	 66	765	  1	
214	165	765	  1	
214	188	765	  1	
214	283	765	  1	
214	315	765	  1	
215	 47	765	  1	
215	 63	765	  1	
215	 72	765	  1	
215	272	765	  1	
215	279	765	  1	
215	431	765	  1	
216	152	765	  1	
216	216	765	  1	
216	504	765	  1	
217	189	765	  1	
217	455	765	  1	
218	 96	765	  1	
218	128	765	  1	
218	397	765	  1	
219	 72	765	  1	
219	118	765	  1	
219	336	765	  1	
220	160	765	  1	
220	167	765	  1	
220	344	765	  1	
221	  0	765	  1	
222	351	765	  1	
222	455	765	  1	
223	397	765	  1	
224	 53	765	  1	
224	 64	765	  1	
224	150	765	  1	
224	203	765	  1	
224	371	765	  1	
224	399	765	  1	
224	416	765	  1	
224	448	765	  1	
225	 48	765	  1	
226	423	765	  1	
227	160	765	  1	
227	239	765	  1	
227	392	765	  1	
229	  0	765	  1	
229	112	765	  1	
229	168	765	  1	
229	416	765	  1	
230	 99	765	  1	
230	223	765	  1	
230	291	765	  1	
231	 53	765	  1	
231	 64	765	  1	
231	147	765	  1	
231	350	765	  1	
231	368	765	  1	
231	375	765	  1	
231	399	765	  1	
231	435	765	  1	
231	448	765	  1	
232	 80	765	  1	
232	 91	765	  1	
232	128	765	  1	
232	140	765	  1	
232	151	765	  1	
232	153	765	  1	
232	183	765	  1	
232	192	765	  1	
232	208	765	  1	
232	262	765	  1	
232	277	765	  1	
232	295	765	  1	
232	333	765	  1	
232	354	765	  1	
232	431	765	  1	
234	272	765	  1	
235	 45	765	  1	
235	 63	765	  1	
235	 96	765	  1	
235	144	765	  1	
235	344	765	  1	
235	424	765	  1	
236	259	765	  1	
237	104	765	  1	
237	159	765	  1	
237	208	765	  1	
238	 87	765	  1	
238	138	765	  1	
238	143	765	  1	
238	176	765	  1	
238	227	765	  1	
238	290	765	  1	
238	357	765	  1	
239	151	765	  1	
239	192	765	  1	
239	295	765	  1	
239	351	765	  1	
239	365	765	  1	
239	375	765	  1	
239	431	765	  1	
240	 59	765	  1	
240	 64	765	  1	
240	 72	765	  1	
240	 96	765	  1	
240	168	765	  1	
240	184	765	  1	
240	200	765	  1	
240	288	765	  1	
240	352	765	  1	
240	401	765	  1	
240	407	765	  1	
242	358	765	  1	
243	  0	765	  1	
243	 23	765	  1	
243	178	765	  1	
245	134	765	  1	
245	190	765	  1	
246	352	765	  1	
247	 39	765	  1	
247	 56	765	  1	
247	183	765	  1	
247	304	765	  1	
248	  8	765	  1	
248	 80	765	  1	
248	160	765	  1	
248	213	765	  1	
248	232	765	  1	
248	239	765	  1	
248	256	765	  1	
248	392	765	  1	
248	430	765	  1	
248	451	765	  1	
250	 88	765	  1	
250	414	765	  1	
251	144	765	  1	
251	310	765	  1	
252	193	765	  1	
252	375	765	  1	
252	421	765	  1	
253	199	765	  1	
253	203	765	  1	
253	408	765	  1	
253	416	765	  1	
254	 80	765	  1	
254	170	765	  1	
255	  8	765	  1	
255	 44	765	  1	
255	167	765	  1	
255	235	765	  1	
255	359	765	  1	
255	448	765	  1	
255	455	765	  1	
256	  4	765	  1	
256	 48	765	  1	
256	 75	765	  1	
256	152	765	  1	
256	160	765	  1	
256	208	765	  1	
256	238	765	  1	
256	263	765	  1	
256	278	765	  1	
256	288	765	  1	
256	326	765	  1	
256	344	765	  1	
256	350	765	  1	
256	360	765	  1	
256	413	765	  1	
256	443	765	  1	
256	479	765	  1	
256	512	765	  1	
256	521	765	  1	
256	535	765	  1	
258	 14	765	  1	
258	503	765	  1	
259	256	765	  1	
259	335	765	  1	
259	454	765	  1	
259	463	765	  1	
259	472	765	  1	
259	496	765	  1	
261	167	765	  1	
261	440	765	  1	
262	236	765	  1	
262	277	765	  1	
263	 75	765	  1	
263	263	765	  1	
263	328	765	  1	
263	479	765	  1	
263	500	765	  1	
263	560	765	  1	
264	 16	765	  1	
264	 37	765	  1	
264	 53	765	  1	
264	 65	765	  1	
264	128	765	  1	
264	135	765	  1	
264	139	765	  1	
264	144	765	  1	
264	231	765	  1	
264	248	765	  1	
264	304	765	  1	
264	312	765	  1	
264	397	765	  1	
264	525	765	  1	
265	 13	765	  1	
265	 88	765	  1	
266	174	765	  1	
266	264	765	  1	
266	294	765	  1	
267	224	765	  1	
267	311	765	  1	
267	319	765	  1	
267	408	765	  1	
268	  5	765	  1	
268	183	765	  1	
268	206	765	  1	
268	368	765	  1	
269	 80	765	  1	
269	145	765	  1	
269	254	765	  1	
269	392	765	  1	
269	480	765	  1	
269	498	765	  1	
270	 47	765	  1	
270	106	765	  1	
270	200	765	  1	
270	413	765	  1	
271	 16	765	  1	
271	231	765	  1	
271	304	765	  1	
271	312	765	  1	
271	375	765	  1	
272	184	765	  1	
272	189	765	  1	
272	208	765	  1	
272	277	765	  1	
272	311	765	  1	
272	343	765	  1	
272	401	765	  1	
272	536	765	  1	
273	123	765	  1	
274	 77	765	  1	
274	303	765	  1	
275	 48	765	  1	
275	151	765	  1	
275	215	765	  1	
275	224	765	  1	
275	231	765	  1	
275	272	765	  1	
275	336	765	  1	
276	164	765	  1	
277	 32	765	  1	
277	 45	765	  1	
277	130	765	  1	
277	175	765	  1	
277	297	765	  1	
278	104	765	  1	
278	120	765	  1	
278	289	765	  1	
279	208	765	  1	
280	  0	765	  1	
280	 63	765	  1	
280	 83	765	  1	
280	 93	765	  1	
280	 98	765	  1	
280	147	765	  1	
280	168	765	  1	
280	216	765	  1	
280	240	765	  1	
280	342	765	  1	
280	393	765	  1	
280	421	765	  1	
280	512	765	  1	
281	131	765	  1	
282	 15	765	  1	
282	288	765	  1	
282	399	765	  1	
283	127	765	  1	
283	136	765	  1	
283	141	765	  1	
283	344	765	  1	
283	408	765	  1	
283	519	765	  1	
283	547	765	  1	
284	367	765	  1	
284	407	765	  1	
284	415	765	  1	
286	  3	765	  1	
286	 32	765	  1	
286	 39	765	  1	
286	394	765	  1	
286	400	765	  1	
287	 74	765	  1	
287	103	765	  1	
287	144	765	  1	
287	151	765	  1	
287	216	765	  1	
287	288	765	  1	
287	421	765	  1	
287	512	765	  1	
288	112	765	  1	
288	160	765	  1	
288	237	765	  1	
288	351	765	  1	
288	383	765	  1	
288	398	765	  1	
288	426	765	  1	
289	142	765	  1	
290	407	765	  1	
291	  0	765	  1	
292	 15	765	  1	
293	232	765	  1	
293	384	765	  1	
294	 72	765	  1	
294	331	765	  1	
294	427	765	  1	
295	 23	765	  1	
295	 95	765	  1	
295	311	765	  1	
295	351	765	  1	
295	499	765	  1	
296	 56	765	  1	
296	 62	765	  1	
296	 83	765	  1	
296	128	765	  1	
296	136	765	  1	
296	156	765	  1	
296	203	765	  1	
296	240	765	  1	
296	341	765	  1	
296	372	765	  1	
298	 70	765	  1	
298	 88	765	  1	
299	133	765	  1	
299	192	765	  1	
300	368	765	  1	
301	 59	765	  1	
301	112	765	  1	
301	142	765	  1	
301	246	765	  1	
302	 64	765	  1	
302	 80	765	  1	
302	 94	765	  1	
302	375	765	  1	
302	495	765	  1	
303	168	765	  1	
303	480	765	  1	
304	 48	765	  1	
304	104	765	  1	
304	162	765	  1	
304	214	765	  1	
304	243	765	  1	
304	248	765	  1	
304	286	765	  1	
304	300	765	  1	
304	333	765	  1	
304	354	765	  1	
304	360	765	  1	
304	459	765	  1	
304	509	765	  1	
306	208	765	  1	
306	254	765	  1	
307	128	765	  1	
307	336	765	  1	
308	 54	765	  1	
308	305	765	  1	
309	 76	765	  1	
309	293	765	  1	
309	359	765	  1	
309	384	765	  1	
310	240	765	  1	
310	247	765	  1	
310	312	765	  1	
310	319	765	  1	
310	344	765	  1	
311	 14	765	  1	
311	256	765	  1	
311	598	765	  1	
312	  4	765	  1	
312	 53	765	  1	
312	 80	765	  1	
312	109	765	  1	
312	125	765	  1	
312	152	765	  1	
312	168	765	  1	
312	188	765	  1	
312	232	765	  1	
312	237	765	  1	
312	304	765	  1	
312	371	765	  1	
312	381	765	  1	
312	405	765	  1	
312	512	765	  1	
312	558	765	  1	
313	136	765	  1	
313	391	765	  1	
314	 48	765	  1	
314	376	765	  1	
314	448	765	  1	
314	464	765	  1	
315	  5	765	  1	
315	272	765	  1	
315	312	765	  1	
316	384	765	  1	
317	158	765	  1	
317	174	765	  1	
317	262	765	  1	
318	  0	765	  1	
318	 54	765	  1	
319	143	765	  1	
319	319	765	  1	
319	512	765	  1	
320	 16	765	  1	
320	 20	765	  1	
320	 28	765	  1	
320	123	765	  1	
320	132	765	  1	
320	160	765	  1	
320	226	765	  1	
320	272	765	  1	
320	288	765	  1	
320	328	765	  1	
320	344	765	  1	
320	349	765	  1	
320	352	765	  1	
320	408	765	  1	
320	416	765	  1	
320	428	765	  1	
320	458	765	  1	
321	164	765	  1	
322	  6	765	  1	
322	239	765	  1	
322	334	765	  1	
322	356	765	  1	
322	456	765	  1	
323	158	765	  1	
323	303	765	  1	
323	415	765	  1	
324	128	765	  1	
325	168	765	  1	
325	175	765	  1	
325	280	765	  1	
325	287	765	  1	
326	  0	765	  1	
326	203	765	  1	
326	226	765	  1	
326	232	765	  1	
326	328	765	  1	
326	344	765	  1	
326	397	765	  1	
327	408	765	  1	
327	428	765	  1	
327	464	765	  1	
327	559	765	  1	
328	 13	765	  1	
328	 74	765	  1	
328	 80	765	  1	
328	 87	765	  1	
328	 94	765	  1	
328	112	765	  1	
328	125	765	  1	
328	176	765	  1	
328	195	765	  1	
328	221	765	  1	
328	312	765	  1	
328	440	765	  1	
330	135	765	  1	
330	407	765	  1	
331	 25	765	  1	
331	120	765	  1	
331	264	765	  1	
331	487	765	  1	
332	354	765	  1	
333	  8	765	  1	
333	 64	765	  1	
333	384	765	  1	
334	130	765	  1	
334	342	765	  1	
335	112	765	  1	
335	440	765	  1	
335	475	765	  1	
336	  7	765	  1	
336	 20	765	  1	
336	103	765	  1	
336	126	765	  1	
336	136	765	  1	
336	234	765	  1	
336	248	765	  1	
336	252	765	  1	
336	261	765	  1	
336	270	765	  1	
336	276	765	  1	
336	280	765	  1	
336	304	765	  1	
336	312	765	  1	
336	403	765	  1	
338	  4	765	  1	
338	 86	765	  1	
338	208	765	  1	
338	246	765	  1	
338	256	765	  1	
338	287	765	  1	
338	311	765	  1	
338	571	765	  1	
339	 89	765	  1	
339	110	765	  1	
339	326	765	  1	
339	472	765	  1	
339	487	765	  1	
340	192	765	  1	
340	235	765	  1	
340	239	765	  1	
341	190	765	  1	
341	226	765	  1	
342	 80	765	  1	
342	199	765	  1	
342	231	765	  1	
342	262	765	  1	
342	276	765	  1	
343	  7	765	  1	
343	 97	765	  1	
343	208	765	  1	
343	315	765	  1	
343	400	765	  1	
343	407	765	  1	
344	  2	765	  1	
344	 19	765	  1	
344	 24	765	  1	
344	 40	765	  1	
344	 76	765	  1	
344	140	765	  1	
344	157	765	  1	
344	226	765	  1	
344	264	765	  1	
344	299	765	  1	
344	318	765	  1	
344	359	765	  1	
344	388	765	  1	
344	424	765	  1	
344	488	765	  1	
344	495	765	  1	
344	528	765	  1	
345	311	765	  1	
345	368	765	  1	
345	373	765	  1	
346	 30	765	  1	
347	 70	765	  1	
347	111	765	  1	
347	152	765	  1	
347	352	765	  1	
347	392	765	  1	
348	  0	765	  1	
348	  5	765	  1	
348	138	765	  1	
348	419	765	  1	
348	448	765	  1	
349	 54	765	  1	
349	 88	765	  1	
349	267	765	  1	
349	288	765	  1	
349	304	765	  1	
349	323	765	  1	
349	376	765	  1	
350	 24	765	  1	
350	 96	765	  1	
350	224	765	  1	
350	229	765	  1	
350	335	765	  1	
350	397	765	  1	
351	 64	765	  1	
351	303	765	  1	
351	319	765	  1	
351	359	765	  1	
351	491	765	  1	
352	  8	765	  1	
352	 23	765	  1	
352	 30	765	  1	
352	 36	765	  1	
352	 47	765	  1	
352	 80	765	  1	
352	 98	765	  1	
352	178	765	  1	
352	216	765	  1	
352	282	765	  1	
352	368	765	  1	
352	378	765	  1	
352	419	765	  1	
352	428	765	  1	
352	543	765	  1	
353	408	765	  1	
354	 97	765	  1	
354	152	765	  1	
355	 86	765	  1	
355	314	765	  1	
355	319	765	  1	
356	159	765	  1	
356	311	765	  1	
357	 42	765	  1	
357	223	765	  1	
357	255	765	  1	
358	 28	765	  1	
358	 98	765	  1	
358	106	765	  1	
358	277	765	  1	
359	212	765	  1	
359	309	765	  1	
359	374	765	  1	
359	378	765	  1	
359	408	765	  1	
360	 31	765	  1	
360	 51	765	  1	
360	 59	765	  1	
360	 66	765	  1	
360	 71	765	  1	
360	110	765	  1	
360	116	765	  1	
360	123	765	  1	
360	144	765	  1	
360	154	765	  1	
360	164	765	  1	
360	176	765	  1	
360	183	765	  1	
360	219	765	  1	
360	269	765	  1	
360	287	765	  1	
360	328	765	  1	
360	335	765	  1	
360	347	765	  1	
360	448	765	  1	
360	475	765	  1	
360	599	765	  1	
361	 21	765	  1	
361	135	765	  1	
362	104	765	  1	
362	303	765	  1	
363	  0	765	  1	
363	 24	765	  1	
363	247	765	  1	
363	279	765	  1	
364	298	765	  1	
364	360	765	  1	
365	 72	765	  1	
365	103	765	  1	
366	 59	765	  1	
366	 67	765	  1	
366	266	765	  1	
366	418	765	  1	
367	 31	765	  1	
367	216	765	  1	
367	223	765	  1	
367	256	765	  1	
367	272	765	  1	
367	287	765	  1	
367	300	765	  1	
367	331	765	  1	
367	392	765	  1	
368	105	765	  1	
368	119	765	  1	
368	195	765	  1	
368	234	765	  1	
368	247	765	  1	
368	282	765	  1	
368	312	765	  1	
368	344	765	  1	
368	355	765	  1	
370	 96	765	  1	
371	105	765	  1	
371	120	765	  1	
371	351	765	  1	
372	160	765	  1	
372	480	765	  1	
373	114	765	  1	
373	159	765	  1	
373	264	765	  1	
374	144	765	  1	
374	280	765	  1	
374	285	765	  1	
375	 72	765	  1	
375	163	765	  1	
375	175	765	  1	
375	344	765	  1	
375	352	765	  1	
375	359	765	  1	
375	483	765	  1	
376	  2	765	  1	
376	  7	765	  1	
376	 21	765	  1	
376	 49	765	  1	
376	 85	765	  1	
376	208	765	  1	
376	222	765	  1	
376	274	765	  1	
376	336	765	  1	
376	400	765	  1	
376	435	765	  1	
376	448	765	  1	
376	463	765	  1	
378	152	765	  1	
379	 16	765	  1	
379	 40	765	  1	
380	123	765	  1	
380	512	765	  1	
381	 30	765	  1	
381	 63	765	  1	
381	226	765	  1	
381	287	765	  1	
382	340	765	  1	
382	389	765	  1	
382	439	765	  1	
383	 96	765	  1	
383	133	765	  1	
383	360	765	  1	
384	 12	765	  1	
384	 20	765	  1	
384	 92	765	  1	
384	192	765	  1	
384	220	765	  1	
384	349	765	  1	
384	463	765	  1	
384	492	765	  1	
385	479	765	  1	
386	 88	765	  1	
386	488	765	  1	
387	  8	765	  1	
387	 80	765	  1	
387	331	765	  1	
388	368	765	  1	
389	 24	765	  1	
389	 51	765	  1	
389	 91	765	  1	
389	223	765	  1	
390	 13	765	  1	
390	192	765	  1	
390	335	765	  1	
390	462	765	  1	
391	 55	765	  1	
391	230	765	  1	
391	320	765	  1	
391	330	765	  1	
391	432	765	  1	
391	447	765	  1	
391	456	765	  1	
392	 10	765	  1	
392	 67	765	  1	
392	106	765	  1	
392	132	765	  1	
392	155	765	  1	
392	168	765	  1	
392	227	765	  1	
392	240	765	  1	
392	247	765	  1	
392	283	765	  1	
392	296	765	  1	
392	431	765	  1	
392	464	765	  1	
392	479	765	  1	
392	503	765	  1	
393	279	765	  1	
393	310	765	  1	
394	 39	765	  1	
394	 46	765	  1	
394	286	765	  1	
394	392	765	  1	
395	  2	765	  1	
395	 63	765	  1	
395	 72	765	  1	
395	 96	765	  1	
395	122	765	  1	
395	192	765	  1	
395	208	765	  1	
395	256	765	  1	
395	327	765	  1	
395	352	765	  1	
395	359	765	  1	
395	383	765	  1	
395	471	765	  1	
396	200	765	  1	
396	299	765	  1	
396	496	765	  1	
397	152	765	  1	
398	 11	765	  1	
398	426	765	  1	
399	 15	765	  1	
399	 24	765	  1	
399	127	765	  1	
399	243	765	  1	
399	304	765	  1	
399	319	765	  1	
399	335	765	  1	
399	392	765	  1	
399	464	765	  1	
400	 40	765	  1	
400	 72	765	  1	
400	 83	765	  1	
400	122	765	  1	
400	136	765	  1	
400	234	765	  1	
400	283	765	  1	
400	342	765	  1	
400	544	765	  1	
403	273	765	  1	
403	279	765	  1	
404	 63	765	  1	
404	176	765	  1	
405	  0	765	  1	
405	226	765	  1	
405	239	765	  1	
405	296	765	  1	
406	184	765	  1	
406	247	765	  1	
406	315	765	  1	
406	461	765	  1	
407	280	765	  1	
407	287	765	  1	
407	352	765	  1	
408	  0	765	  1	
408	 80	765	  1	
408	 88	765	  1	
408	 95	765	  1	
408	104	765	  1	
408	131	765	  1	
408	142	765	  1	
408	155	765	  1	
408	171	765	  1	
408	210	765	  1	
408	312	765	  1	
408	320	765	  1	
408	327	765	  1	
408	348	765	  1	
408	364	765	  1	
408	384	765	  1	
408	391	765	  1	
408	396	765	  1	
408	421	765	  1	
410	 29	765	  1	
410	139	765	  1	
410	318	765	  1	
411	 24	765	  1	
411	416	765	  1	
412	147	765	  1	
412	235	765	  1	
412	351	765	  1	
412	432	765	  1	
413	  3	765	  1	
413	 56	765	  1	
413	111	765	  1	
413	120	765	  1	
413	200	765	  1	
414	136	765	  1	
414	143	765	  1	
414	384	765	  1	
414	397	765	  1	
414	439	765	  1	
415	 39	765	  1	
415	 91	765	  1	
415	159	765	  1	
415	240	765	  1	
415	312	765	  1	
415	323	765	  1	
415	392	765	  1	
416	 11	765	  1	
416	 31	765	  1	
416	 40	765	  1	
416	 51	765	  1	
416	 72	765	  1	
416	144	765	  1	
416	194	765	  1	
416	208	765	  1	
416	215	765	  1	
416	249	765	  1	
416	287	765	  1	
417	396	765	  1	
418	 36	765	  1	
418	 89	765	  1	
418	322	765	  1	
418	395	765	  1	
419	 55	765	  1	
419	173	765	  1	
420	284	765	  1	
421	 62	765	  1	
421	112	765	  1	
421	119	765	  1	
421	238	765	  1	
421	343	765	  1	
422	 96	765	  1	
422	200	765	  1	
423	 72	765	  1	
423	144	765	  1	
423	192	765	  1	
423	288	765	  1	
423	295	765	  1	
423	393	765	  1	
423	415	765	  1	
424	  7	765	  1	
424	 34	765	  1	
424	 56	765	  1	
424	 64	765	  1	
424	 77	765	  1	
424	120	765	  1	
424	167	765	  1	
424	212	765	  1	
424	267	765	  1	
424	310	765	  1	
424	328	765	  1	
424	365	765	  1	
424	381	765	  1	
425	  1	765	  1	
425	178	765	  1	
427	 15	765	  1	
427	 28	765	  1	
427	 32	765	  1	
427	 37	765	  1	
427	183	765	  1	
427	376	765	  1	
429	 70	765	  1	
429	248	765	  1	
430	311	765	  1	
430	392	765	  1	
431	  1	765	  1	
431	  8	765	  1	
431	 40	765	  1	
431	264	765	  1	
431	271	765	  1	
432	  5	765	  1	
432	 26	765	  1	
432	 43	765	  1	
432	 80	765	  1	
432	 94	765	  1	
432	120	765	  1	
432	138	765	  1	
432	149	765	  1	
432	155	765	  1	
432	172	765	  1	
432	182	765	  1	
432	190	765	  1	
432	200	765	  1	
432	207	765	  1	
432	284	765	  1	
434	 56	765	  1	
435	215	765	  1	
436	 62	765	  1	
436	 91	765	  1	
436	146	765	  1	
436	287	765	  1	
436	472	765	  1	
437	 71	765	  1	
437	104	765	  1	
437	176	765	  1	
438	100	765	  1	
438	173	765	  1	
438	222	765	  1	
438	285	765	  1	
439	 24	765	  1	
439	 39	765	  1	
439	203	765	  1	
439	278	765	  1	
439	368	765	  1	
440	 15	765	  1	
440	 20	765	  1	
440	120	765	  1	
440	158	765	  1	
440	160	765	  1	
440	192	765	  1	
440	212	765	  1	
440	220	765	  1	
440	238	765	  1	
440	248	765	  1	
440	336	765	  1	
440	387	765	  1	
441	136	765	  1	
441	143	765	  1	
441	147	765	  1	
442	 51	765	  1	
442	 88	765	  1	
442	125	765	  1	
442	352	765	  1	
442	368	765	  1	
443	 43	765	  1	
443	102	765	  1	
443	188	765	  1	
443	202	765	  1	
443	343	765	  1	
443	359	765	  1	
444	109	765	  1	
445	 67	765	  1	
445	180	765	  1	
445	208	765	  1	
446	 16	765	  1	
446	 61	765	  1	
446	160	765	  1	
446	167	765	  1	
447	 39	765	  1	
447	144	765	  1	
447	229	765	  1	
447	238	765	  1	
447	336	765	  1	
447	410	765	  1	
448	  8	765	  1	
448	 23	765	  1	
448	 30	765	  1	
448	 41	765	  1	
448	112	765	  1	
448	127	765	  1	
448	129	765	  1	
448	134	765	  1	
448	203	765	  1	
448	217	765	  1	
448	272	765	  1	
449	168	765	  1	
449	354	765	  1	
450	165	765	  1	
451	 96	765	  1	
451	149	765	  1	
451	158	765	  1	
451	256	765	  1	
451	279	765	  1	
451	327	765	  1	
451	343	765	  1	
452	437	765	  1	
453	130	765	  1	
453	135	765	  1	
454	 51	765	  1	
454	320	765	  1	
455	 16	765	  1	
455	 23	765	  1	
455	 44	765	  1	
455	121	765	  1	
455	272	765	  1	
456	 85	765	  1	
456	203	765	  1	
456	218	765	  1	
458	175	765	  1	
458	242	765	  1	
459	 40	765	  1	
459	128	765	  1	
459	312	765	  1	
460	119	765	  1	
460	160	765	  1	
461	112	765	  1	
461	125	765	  1	
461	142	765	  1	
461	168	765	  1	
461	216	765	  1	
463	120	765	  1	
463	152	765	  1	
463	175	765	  1	
464	  0	765	  1	
464	 30	765	  1	
464	 67	765	  1	
464	 77	765	  1	
464	224	765	  1	
464	288	765	  1	
465	183	765	  1	
466	 24	765	  1	
466	178	765	  1	
466	277	765	  1	
467	 37	765	  1	
467	 64	765	  1	
467	198	765	  1	
467	272	765	  1	
467	341	765	  1	
469	 14	765	  1	
469	 82	765	  1	
469	112	765	  1	
469	264	765	  1	
470	 91	765	  1	
470	114	765	  1	
471	  0	765	  1	
471	 28	765	  1	
471	171	765	  1	
471	179	765	  1	
471	192	765	  1	
472	 31	765	  1	
472	104	765	  1	
472	112	765	  1	
472	119	765	  1	
472	141	765	  1	
472	147	765	  1	
472	195	765	  1	
472	295	765	  1	
472	344	765	  1	
472	351	765	  1	
472	353	765	  1	
472	387	765	  1	
472	417	765	  1	
472	423	765	  1	
474	114	765	  1	
474	122	765	  1	
474	278	765	  1	
475	 24	765	  1	
475	 91	765	  1	
475	223	765	  1	
476	135	765	  1	
477	198	765	  1	
477	222	765	  1	
478	151	765	  1	
478	179	765	  1	
478	216	765	  1	
478	221	765	  1	
478	229	765	  1	
479	 31	765	  1	
479	 80	765	  1	
479	331	765	  1	
480	  8	765	  1	
480	 96	765	  1	
480	113	765	  1	
480	128	765	  1	
480	206	765	  1	
480	226	765	  1	
480	243	765	  1	
480	248	765	  1	
480	263	765	  1	
480	271	765	  1	
482	304	765	  1	
482	310	765	  1	
483	 71	765	  1	
483	334	765	  1	
485	 91	765	  1	
485	110	765	  1	
485	163	765	  1	
486	101	765	  1	
486	134	765	  1	
486	207	765	  1	
486	267	765	  1	
487	 96	765	  1	
487	104	765	  1	
487	240	765	  1	
487	247	765	  1	
487	304	765	  1	
487	310	765	  1	
487	328	765	  1	
487	347	765	  1	
488	 48	765	  1	
488	 56	765	  1	
488	 78	765	  1	
488	187	765	  1	
488	215	765	  1	
488	252	765	  1	
488	288	765	  1	
488	295	765	  1	
488	344	765	  1	
488	363	765	  1	
490	144	765	  1	
490	150	765	  1	
490	184	765	  1	
490	190	765	  1	
491	120	765	  1	
491	210	765	  1	
491	224	765	  1	
491	280	765	  1	
491	287	765	  1	
493	248	765	  1	
495	 48	765	  1	
495	 78	765	  1	
495	136	765	  1	
495	291	765	  1	
495	328	765	  1	
495	344	765	  1	
495	390	765	  1	
496	  7	765	  1	
496	 23	765	  1	
496	 76	765	  1	
496	 80	765	  1	
496	110	765	  1	
496	117	765	  1	
496	133	765	  1	
496	159	765	  1	
496	184	765	  1	
496	216	765	  1	
496	222	765	  1	
496	256	765	  1	
496	286	765	  1	
496	303	765	  1	
497	136	765	  1	
497	143	765	  1	
498	 16	765	  1	
499	 83	765	  1	
499	176	765	  1	
499	191	765	  1	
499	294	765	  1	
500	152	765	  1	
501	 71	765	  1	
501	147	765	  1	
501	216	765	  1	
501	223	765	  1	
502	 91	765	  1	
502	260	765	  1	
502	539	765	  1	
503	 23	765	  1	
503	112	765	  1	
503	129	765	  1	
503	303	765	  1	
503	366	765	  1	
503	400	765	  1	
503	407	765	  1	
504	  8	765	  1	
504	 27	765	  1	
504	 80	765	  1	
504	 96	765	  1	
504	103	765	  1	
504	119	765	  1	
504	154	765	  1	
504	272	765	  1	
504	294	765	  1	
504	309	765	  1	
507	247	765	  1	
507	280	765	  1	
507	288	765	  1	
507	347	765	  1	
507	352	765	  1	
508	 99	765	  1	
508	110	765	  1	
509	152	765	  1	
509	159	765	  1	
509	190	765	  1	
510	 59	765	  1	
510	311	765	  1	
510	331	765	  1	
512	 74	765	  1	
512	 78	765	  1	
512	 80	765	  1	
512	112	765	  1	
512	128	765	  1	
512	145	765	  1	
512	184	765	  1	
512	251	765	  1	
512	266	765	  1	
512	274	765	  1	
512	293	765	  1	
512	389	765	  1	
513	208	765	  1	
514	126	765	  1	
514	134	765	  1	
514	144	765	  1	
514	168	765	  1	
515	 72	765	  1	
515	156	765	  1	
515	288	765	  1	
517	187	765	  1	
517	200	765	  1	
517	210	765	  1	
517	346	765	  1	
518	128	765	  1	
518	169	765	  1	
519	 74	765	  1	
519	222	765	  1	
519	255	765	  1	
519	279	765	  1	
520	112	765	  1	
520	184	765	  1	
520	199	765	  1	
520	208	765	  1	
520	220	765	  1	
520	224	765	  1	
520	256	765	  1	
520	338	765	  1	
520	354	765	  1	
520	360	765	  1	
520	560	765	  1	
522	151	765	  1	
522	196	765	  1	
522	364	765	  1	
522	367	765	  1	
523	239	765	  1	
523	264	765	  1	
523	296	765	  1	
523	303	765	  1	
523	488	765	  1	
524	 36	765	  1	
525	 96	765	  1	
525	168	765	  1	
525	175	765	  1	
525	240	765	  1	
525	344	765	  1	
525	455	765	  1	
527	199	765	  1	
527	263	765	  1	
527	391	765	  1	
528	 32	765	  1	
528	320	765	  1	
528	352	765	  1	
528	365	765	  1	
529	104	765	  1	
529	122	765	  1	
529	127	765	  1	
530	  4	765	  1	
530	147	765	  1	
530	357	765	  1	
531	 38	765	  1	
531	136	765	  1	
532	288	765	  1	
533	112	765	  1	
533	208	765	  1	
533	216	765	  1	
533	223	765	  1	
535	 80	765	  1	
535	197	765	  1	
535	296	765	  1	
535	349	765	  1	
536	 40	765	  1	
536	 47	765	  1	
536	127	765	  1	
536	163	765	  1	
536	168	765	  1	
536	176	765	  1	
536	187	765	  1	
536	232	765	  1	
536	247	765	  1	
536	288	765	  1	
536	415	765	  1	
537	239	765	  1	
537	327	765	  1	
538	180	765	  1	
538	265	765	  1	
539	136	765	  1	
539	208	765	  1	
539	286	765	  1	
539	295	765	  1	
539	316	765	  1	
540	234	765	  1	
541	104	765	  1	
541	111	765	  1	
541	135	765	  1	
541	371	765	  1	
542	171	765	  1	
542	301	765	  1	
542	312	765	  1	
543	163	765	  1	
543	176	765	  1	
543	288	765	  1	
544	 86	765	  1	
544	178	765	  1	
544	190	765	  1	
544	199	765	  1	
544	232	765	  1	
544	314	765	  1	
544	376	765	  1	
544	383	765	  1	
544	407	765	  1	
547	118	765	  1	
547	192	765	  1	
547	327	765	  1	
548	184	765	  1	
549	 80	765	  1	
549	120	765	  1	
549	127	765	  1	
550	183	765	  1	
550	232	765	  1	
551	199	765	  1	
551	243	765	  1	
552	 14	765	  1	
552	 72	765	  1	
552	 79	765	  1	
552	115	765	  1	
552	163	765	  1	
552	276	765	  1	
552	296	765	  1	
552	328	765	  1	
552	353	765	  1	
552	360	765	  1	
554	106	765	  1	
554	402	765	  1	
555	335	765	  1	
556	272	765	  1	
558	279	765	  1	
558	354	765	  1	
559	 14	765	  1	
559	 75	765	  1	
559	112	765	  1	
559	119	765	  1	
559	160	765	  1	
559	167	765	  1	
559	328	765	  1	
560	171	765	  1	
560	259	765	  1	
560	272	765	  1	
560	376	765	  1	
560	392	765	  1	
560	419	765	  1	
561	224	765	  1	
562	190	765	  1	
562	256	765	  1	
562	336	765	  1	
563	263	765	  1	
564	248	765	  1	
565	168	765	  1	
566	124	765	  1	
566	407	765	  1	
567	163	765	  1	
567	183	765	  1	
567	342	765	  1	
567	382	765	  1	
567	402	765	  1	
567	416	765	  1	
567	423	765	  1	
567	496	765	  1	
568	264	765	  1	
568	318	765	  1	
568	352	765	  1	
568	359	765	  1	
571	261	765	  1	
574	277	765	  1	
575	255	765	  1	
575	355	765	  1	
575	382	765	  1	
576	 71	765	  1	
576	107	765	  1	
576	144	765	  1	
576	166	765	  1	
576	224	765	  1	
576	231	765	  1	
576	248	765	  1	
576	259	765	  1	
576	280	765	  1	
576	358	765	  1	
576	466	765	  1	
576	535	765	  1	
578	256	765	  1	
578	262	765	  1	
578	312	765	  1	
579	251	765	  1	
581	104	765	  1	
581	288	765	  1	
581	295	765	  1	
583	227	765	  1	
583	247	765	  1	
583	255	765	  1	
583	280	765	  1	
584	 92	765	  1	
584	100	765	  1	
584	205	765	  1	
584	272	765	  1	
584	328	765	  1	
584	384	765	  1	
586	111	765	  1	
587	312	765	  1	
588	120	765	  1	
590	127	765	  1	
590	259	765	  1	
591	536	765	  1	
592	 44	765	  1	
592	184	765	  1	
592	191	765	  1	
592	234	765	  1	
592	252	765	  1	
592	266	765	  1	
592	288	765	  1	
592	392	765	  1	
592	527	765	  1	
593	270	765	  1	
593	299	765	  1	
594	 55	765	  1	
594	143	765	  1	
594	360	765	  1	
594	439	765	  1	
595	107	765	  1	
596	  7	765	  1	
596	 98	765	  1	
596	291	765	  1	
596	367	765	  1	
597	136	765	  1	
597	328	765	  1	
598	 99	765	  1	
598	307	765	  1	
599	  0	765	  1	
599	 50	765	  1	
599	 63	765	  1	
599	192	765	  1	
599	360	765	  1	
600	111	765	  1	
600	120	765	  1	
600	279	765	  1	
600	320	765	  1	
602	127	765	  1	
602	365	765	  1	
603	272	765	  1	
604	303	765	  1	
607	 80	765	  1	
607	 87	765	  1	
607	279	765	  1	
607	360	765	  1	
608	240	765	  1	
608	317	765	  1	
608	368	765	  1	
611	112	765	  1	
611	312	765	  1	
611	375	765	  1	
613	407	765	  1	
614	104	765	  1	
614	119	765	  1	
615	112	765	  1	
615	248	765	  1	
615	283	765	  1	
615	368	765	  1	
615	423	765	  1	
615	431	765	  1	
616	167	765	  1	
616	259	765	  1	
616	286	765	  1	
616	304	765	  1	
616	392	765	  1	
616	424	765	  1	
620	  6	765	  1	
620	310	765	  1	
620	326	765	  1	
621	263	765	  1	
621	391	765	  1	
621	455	765	  1	
622	  0	765	  1	
622	  8	765	  1	
622	 15	765	  1	
622	 70	765	  1	
624	  6	765	  1	
624	156	765	  1	
626	472	765	  1	
628	270	765	  1	
630	379	765	  1	
631	371	765	  1	
632	  2	765	  1	
632	232	765	  1	
632	283	765	  1	
632	495	765	  1	
635	 15	765	  1	
637	183	765	  1	
638	271	765	  1	
638	344	765	  1	
639	 95	765	  1	
639	232	765	  1	
639	256	765	  1	
640	274	765	  1	
641	290	765	  1	
643	320	765	  1	
643	327	765	  1	
644	376	765	  1	
644	567	765	  1	
647	191	765	  1	
648	276	765	  1	
648	320	765	  1	
648	440	765	  1	
658	337	765	  1	
660	343	765	  1	
663	127	765	  1	
663	285	765	  1	
664	128	765	  1	
667	  8	765	  1	
668	298	765	  1	
669	160	765	  1	
671	  7	765	  1	
671	491	765	  1	
672	360	765	  1	
672	365	765	  1	
676	416	765	  1	
679	362	765	  1	
679	367	765	  1	
679	559	765	  1	
680	152	765	  1	
682	264	765	  1	
686	152	765	  1	
688	163	765	  1	
688	304	765	  1	
692	216	765	  1	
716	128	765	  1	
723	 99	765	  1	
728	 76	765	  1	
776	143	765	  1	
