# 
#  Image file: Goad1_T0025.jpg
#  Applied threshold: 575
#  Algorithm used: fill2                 
#  Particle count: 2028
#  Location (x,y), max luminance, and mass:
# 
  0	256	765	  1	
  1	434	765	  1	
  2	104	765	  1	
  8	127	765	  1	
  8	487	765	  1	
  8	535	765	  1	
 11	144	765	  1	
 15	232	765	  1	
 27	455	765	  1	
 31	272	765	  1	
 32	107	765	  1	
 34	 59	765	  1	
 35	230	765	  1	
 40	  1	765	  1	
 40	275	765	  1	
 45	384	765	  1	
 47	107	765	  1	
 56	 96	765	  1	
 57	  8	765	  1	
 60	143	765	  1	
 60	164	765	  1	
 61	248	765	  1	
 68	390	765	  1	
 70	180	765	  1	
 71	 88	765	  1	
 72	304	765	  1	
 74	274	765	  1	
 76	359	765	  1	
 79	215	765	  1	
 80	 29	765	  1	
 80	367	765	  1	
 81	576	765	  1	
 84	356	765	  1	
 87	144	765	  1	
 87	236	765	  1	
 87	365	765	  1	
 88	 32	765	  1	
 92	255	765	  1	
 92	257	765	  1	
 93	427	765	  1	
 94	384	765	  1	
 95	168	765	  1	
 95	328	765	  1	
 95	335	765	  1	
 96	  2	765	  1	
 96	 96	765	  1	
 96	116	765	  1	
 96	350	765	  1	
 96	372	765	  1	
 96	576	765	  1	
100	368	765	  1	
101	248	765	  1	
101	280	765	  1	
102	356	765	  1	
103	 53	765	  1	
103	 56	765	  1	
103	207	765	  1	
103	255	765	  1	
103	295	765	  1	
104	132	765	  1	
104	178	765	  1	
106	128	765	  1	
107	130	765	  1	
110	176	765	  1	
110	439	765	  1	
110	535	765	  1	
111	128	765	  1	
112	  8	765	  1	
112	104	765	  1	
112	143	765	  1	
112	271	765	  1	
112	279	765	  1	
112	300	765	  1	
112	384	765	  1	
112	533	765	  1	
114	274	765	  1	
114	432	765	  1	
115	348	765	  1	
117	463	765	  1	
117	599	765	  1	
118	162	765	  1	
118	296	765	  1	
118	311	765	  1	
118	424	765	  1	
119	221	765	  1	
119	340	765	  1	
120	165	765	  1	
120	201	765	  1	
120	291	765	  1	
120	375	765	  1	
120	431	765	  1	
122	  0	765	  1	
123	109	765	  1	
123	318	765	  1	
123	391	765	  1	
125	176	765	  1	
125	208	765	  1	
125	213	765	  1	
126	  7	765	  1	
126	295	765	  1	
126	427	765	  1	
127	 96	765	  1	
128	  8	765	  1	
128	120	765	  1	
131	 32	765	  1	
131	400	765	  1	
133	198	765	  1	
134	372	765	  1	
134	407	765	  1	
134	490	765	  1	
135	 12	765	  1	
135	 79	765	  1	
136	 96	765	  1	
136	181	765	  1	
136	352	765	  1	
136	416	765	  1	
138	150	765	  1	
138	159	765	  1	
138	330	765	  1	
139	120	765	  1	
139	128	765	  1	
139	208	765	  1	
140	  7	765	  1	
141	144	765	  1	
141	278	765	  1	
141	448	765	  1	
142	199	765	  1	
143	 48	765	  1	
143	140	765	  1	
143	151	765	  1	
144	136	765	  1	
144	143	765	  1	
144	160	765	  1	
144	179	765	  1	
144	184	765	  1	
144	365	765	  1	
144	375	765	  1	
144	463	765	  1	
147	190	765	  1	
148	128	765	  1	
148	360	765	  1	
149	370	765	  1	
150	103	765	  1	
150	135	765	  1	
150	248	765	  1	
150	297	765	  1	
151	139	765	  1	
151	179	765	  1	
151	184	765	  1	
151	216	765	  1	
151	455	765	  1	
152	 48	765	  1	
152	119	765	  1	
152	167	765	  1	
152	174	765	  1	
152	192	765	  1	
152	203	765	  1	
152	366	765	  1	
152	384	765	  1	
154	  2	765	  1	
154	 98	765	  1	
154	249	765	  1	
154	260	765	  1	
157	176	765	  1	
157	181	765	  1	
158	  7	765	  1	
159	 88	765	  1	
159	 95	765	  1	
159	163	765	  1	
159	200	765	  1	
159	207	765	  1	
159	343	765	  1	
159	366	765	  1	
159	424	765	  1	
159	592	765	  1	
160	150	765	  1	
160	360	765	  1	
160	376	765	  1	
160	382	765	  1	
160	480	765	  1	
162	108	765	  1	
162	216	765	  1	
162	434	765	  1	
165	168	765	  1	
165	231	765	  1	
165	266	765	  1	
165	271	765	  1	
165	344	765	  1	
166	147	765	  1	
166	512	765	  1	
167	 66	765	  1	
167	104	765	  1	
167	176	765	  1	
167	291	765	  1	
167	427	765	  1	
168	 96	765	  1	
168	136	765	  1	
168	140	765	  1	
168	264	765	  1	
168	272	765	  1	
168	280	765	  1	
168	374	765	  1	
168	400	765	  1	
168	407	765	  1	
168	496	765	  1	
170	442	765	  1	
171	543	765	  1	
172	331	765	  1	
172	400	765	  1	
173	370	765	  1	
173	496	765	  1	
173	509	765	  1	
174	181	765	  1	
174	232	765	  1	
174	242	765	  1	
175	 59	765	  1	
175	471	765	  1	
175	473	765	  1	
176	 21	765	  1	
176	 79	765	  1	
176	 98	765	  1	
176	119	765	  1	
176	146	765	  1	
176	160	765	  1	
176	445	765	  1	
176	482	765	  1	
176	543	765	  1	
177	 88	765	  1	
177	199	765	  1	
178	144	765	  1	
178	151	765	  1	
178	166	765	  1	
178	568	765	  1	
179	264	765	  1	
179	352	765	  1	
180	543	765	  1	
181	255	765	  1	
181	263	765	  1	
182	147	765	  1	
182	160	765	  1	
183	 98	765	  1	
183	192	765	  1	
183	239	765	  1	
184	103	765	  1	
184	131	765	  1	
184	139	765	  1	
184	154	765	  1	
184	225	765	  1	
184	245	765	  1	
184	309	765	  1	
186	141	765	  1	
187	 56	765	  1	
187	256	765	  1	
188	 70	765	  1	
188	136	765	  1	
188	296	765	  1	
188	364	765	  1	
188	575	765	  1	
189	152	765	  1	
189	295	765	  1	
190	239	765	  1	
191	 96	765	  1	
191	216	765	  1	
191	231	765	  1	
191	234	765	  1	
191	263	765	  1	
191	302	765	  1	
191	360	765	  1	
191	366	765	  1	
192	120	765	  1	
192	147	765	  1	
192	170	765	  1	
192	175	765	  1	
192	184	765	  1	
192	372	765	  1	
192	389	765	  1	
192	432	765	  1	
192	480	765	  1	
193	242	765	  1	
193	247	765	  1	
195	191	765	  1	
195	424	765	  1	
195	543	765	  1	
196	312	765	  1	
196	325	765	  1	
196	439	765	  1	
197	  2	765	  1	
197	272	765	  1	
197	283	765	  1	
197	368	765	  1	
198	145	765	  1	
198	151	765	  1	
198	495	765	  1	
199	184	765	  1	
199	232	765	  1	
199	437	765	  1	
199	528	765	  1	
200	  0	765	  1	
200	112	765	  1	
200	135	765	  1	
200	143	765	  1	
200	160	765	  1	
200	187	765	  1	
200	266	765	  1	
200	291	765	  1	
200	296	765	  1	
200	312	765	  1	
200	319	765	  1	
200	421	765	  1	
200	449	765	  1	
202	304	765	  1	
203	166	765	  1	
205	160	765	  1	
205	168	765	  1	
205	192	765	  1	
205	264	765	  1	
207	288	765	  1	
207	295	765	  1	
207	315	765	  1	
207	417	765	  1	
208	 74	765	  1	
208	 79	765	  1	
208	 87	765	  1	
208	116	765	  1	
208	149	765	  1	
208	176	765	  1	
208	191	765	  1	
208	218	765	  1	
208	223	765	  1	
208	249	765	  1	
208	287	765	  1	
208	350	765	  1	
209	527	765	  1	
210	112	765	  1	
210	274	765	  1	
210	344	765	  1	
211	135	765	  1	
211	143	765	  1	
211	160	765	  1	
211	211	765	  1	
211	279	765	  1	
212	 12	765	  1	
213	116	765	  1	
213	124	765	  1	
213	176	765	  1	
213	187	765	  1	
213	502	765	  1	
214	 72	765	  1	
214	 77	765	  1	
214	129	765	  1	
214	218	765	  1	
214	248	765	  1	
215	223	765	  1	
215	287	765	  1	
215	348	765	  1	
215	423	765	  1	
216	 70	765	  1	
216	 80	765	  1	
216	149	765	  1	
216	199	765	  1	
216	208	765	  1	
216	215	765	  1	
216	246	765	  1	
216	264	765	  1	
216	277	765	  1	
216	310	765	  1	
218	143	765	  1	
218	237	765	  1	
218	240	765	  1	
218	304	765	  1	
218	369	765	  1	
219	192	765	  1	
219	271	765	  1	
219	370	765	  1	
219	375	765	  1	
219	428	765	  1	
219	435	765	  1	
219	560	765	  1	
220	  0	765	  1	
220	 23	765	  1	
220	110	765	  1	
220	450	765	  1	
221	 86	765	  1	
221	152	765	  1	
222	247	765	  1	
222	382	765	  1	
223	 58	765	  1	
223	 70	765	  1	
223	211	765	  1	
223	308	765	  1	
223	368	765	  1	
223	375	765	  1	
223	567	765	  1	
224	 78	765	  1	
224	117	765	  1	
224	206	765	  1	
224	455	765	  1	
224	525	765	  1	
225	128	765	  1	
226	440	765	  1	
227	104	765	  1	
228	 88	765	  1	
229	  2	765	  1	
229	  7	765	  1	
229	192	765	  1	
229	205	765	  1	
229	407	765	  1	
230	 95	765	  1	
230	520	765	  1	
231	279	765	  1	
231	440	765	  1	
232	 68	765	  1	
232	101	765	  1	
232	120	765	  1	
232	141	765	  1	
232	168	765	  1	
232	176	765	  1	
232	183	765	  1	
232	200	765	  1	
232	204	765	  1	
232	224	765	  1	
232	378	765	  1	
232	392	765	  1	
232	398	765	  1	
232	416	765	  1	
232	503	765	  1	
234	 96	765	  1	
234	152	765	  1	
234	190	765	  1	
235	  0	765	  1	
235	 54	765	  1	
235	166	765	  1	
235	320	765	  1	
235	446	765	  1	
235	480	765	  1	
237	  8	765	  1	
237	 64	765	  1	
237	 86	765	  1	
237	136	765	  1	
237	202	765	  1	
237	207	765	  1	
237	395	765	  1	
238	 22	765	  1	
238	102	765	  1	
238	112	765	  1	
238	184	765	  1	
238	307	765	  1	
238	312	765	  1	
239	 48	765	  1	
239	 72	765	  1	
239	176	765	  1	
240	 18	765	  1	
240	 32	765	  1	
240	 45	765	  1	
240	 73	765	  1	
240	120	765	  1	
240	141	765	  1	
240	166	765	  1	
240	192	765	  1	
240	290	765	  1	
240	301	765	  1	
240	319	765	  1	
240	392	765	  1	
240	399	765	  1	
240	424	765	  1	
240	446	765	  1	
241	 96	765	  1	
242	328	765	  1	
243	 40	765	  1	
243	 79	765	  1	
243	104	765	  1	
243	152	765	  1	
243	168	765	  1	
243	312	765	  1	
243	431	765	  1	
243	448	765	  1	
245	 16	765	  1	
245	 23	765	  1	
245	408	765	  1	
246	 32	765	  1	
246	 64	765	  1	
247	 72	765	  1	
247	319	765	  1	
247	365	765	  1	
247	424	765	  1	
247	446	765	  1	
248	 24	765	  1	
248	 90	765	  1	
248	146	765	  1	
248	152	765	  1	
248	158	765	  1	
248	283	765	  1	
248	323	765	  1	
248	328	765	  1	
248	400	765	  1	
248	448	765	  1	
248	474	765	  1	
248	479	765	  1	
248	486	765	  1	
248	551	765	  1	
250	 75	765	  1	
250	111	765	  1	
250	240	765	  1	
251	 39	765	  1	
251	101	765	  1	
251	335	765	  1	
251	379	765	  1	
252	 24	765	  1	
252	 34	765	  1	
252	145	765	  1	
252	293	765	  1	
253	  7	765	  1	
253	151	765	  1	
253	155	765	  1	
253	208	765	  1	
253	455	765	  1	
253	504	765	  1	
254	 31	765	  1	
254	512	765	  1	
254	519	765	  1	
255	 95	765	  1	
255	319	765	  1	
255	400	765	  1	
255	474	765	  1	
255	479	765	  1	
255	486	765	  1	
256	 10	765	  1	
256	 15	765	  1	
256	 38	765	  1	
256	107	765	  1	
256	113	765	  1	
256	171	765	  1	
256	182	765	  1	
256	184	765	  1	
256	200	765	  1	
256	367	765	  1	
256	389	765	  1	
256	413	765	  1	
256	461	765	  1	
256	483	765	  1	
256	488	765	  1	
256	494	765	  1	
256	502	765	  1	
256	528	765	  1	
256	559	765	  1	
257	400	765	  1	
257	471	765	  1	
259	327	765	  1	
260	120	765	  1	
260	168	765	  1	
261	 35	765	  1	
261	 72	765	  1	
261	155	765	  1	
261	501	765	  1	
262	448	765	  1	
263	181	765	  1	
263	200	765	  1	
263	216	765	  1	
263	480	765	  1	
263	528	765	  1	
264	  0	765	  1	
264	 53	765	  1	
264	 75	765	  1	
264	124	765	  1	
264	189	765	  1	
264	224	765	  1	
264	267	765	  1	
264	395	765	  1	
264	440	765	  1	
264	449	765	  1	
264	456	765	  1	
264	506	765	  1	
264	551	765	  1	
265	403	765	  1	
266	391	765	  1	
266	408	765	  1	
266	444	765	  1	
266	464	765	  1	
266	503	765	  1	
267	176	765	  1	
267	384	765	  1	
268	146	765	  1	
269	222	765	  1	
269	291	765	  1	
269	336	765	  1	
269	343	765	  1	
269	355	765	  1	
269	424	765	  1	
269	490	765	  1	
269	504	765	  1	
269	511	765	  1	
270	414	765	  1	
270	530	765	  1	
271	264	765	  1	
271	271	765	  1	
271	279	765	  1	
271	284	765	  1	
271	456	765	  1	
271	464	765	  1	
272	 19	765	  1	
272	 42	765	  1	
272	163	765	  1	
272	235	765	  1	
272	296	765	  1	
272	338	765	  1	
272	347	765	  1	
272	360	765	  1	
272	371	765	  1	
272	432	765	  1	
272	439	765	  1	
272	469	765	  1	
272	484	765	  1	
272	506	765	  1	
273	144	765	  1	
274	216	765	  1	
275	  8	765	  1	
276	332	765	  1	
276	400	765	  1	
277	184	765	  1	
277	302	765	  1	
278	 16	765	  1	
278	 23	765	  1	
278	360	765	  1	
278	464	765	  1	
278	519	765	  1	
279	 50	765	  1	
279	181	765	  1	
279	222	765	  1	
279	279	765	  1	
279	368	765	  1	
279	375	765	  1	
279	435	765	  1	
280	  5	765	  1	
280	  8	765	  1	
280	 66	765	  1	
280	136	765	  1	
280	152	765	  1	
280	215	765	  1	
280	248	765	  1	
280	288	765	  1	
280	329	765	  1	
280	336	765	  1	
280	386	765	  1	
280	415	765	  1	
280	501	765	  1	
280	544	765	  1	
280	562	765	  1	
282	  1	765	  1	
282	 14	765	  1	
283	 55	765	  1	
283	208	765	  1	
283	330	765	  1	
283	409	765	  1	
284	412	765	  1	
285	 52	765	  1	
285	 64	765	  1	
285	 71	765	  1	
285	184	765	  1	
285	404	765	  1	
285	423	765	  1	
286	  8	765	  1	
286	173	765	  1	
286	337	765	  1	
286	388	765	  1	
287	 40	765	  1	
287	120	765	  1	
287	200	765	  1	
287	215	765	  1	
288	  7	765	  1	
288	 16	765	  1	
288	 82	765	  1	
288	133	765	  1	
288	241	765	  1	
288	249	765	  1	
288	254	765	  1	
288	343	765	  1	
288	389	765	  1	
288	415	765	  1	
288	440	765	  1	
288	475	765	  1	
288	598	765	  1	
289	  0	765	  1	
290	  8	765	  1	
290	 48	765	  1	
291	161	765	  1	
291	167	765	  1	
291	488	765	  1	
291	511	765	  1	
291	560	765	  1	
292	 82	765	  1	
292	159	765	  1	
292	341	765	  1	
293	 67	765	  1	
293	384	765	  1	
294	 87	765	  1	
294	184	765	  1	
294	251	765	  1	
295	198	765	  1	
295	328	765	  1	
295	342	765	  1	
295	472	765	  1	
295	479	765	  1	
295	509	765	  1	
295	536	765	  1	
295	598	765	  1	
296	 24	765	  1	
296	 55	765	  1	
296	 80	765	  1	
296	133	765	  1	
296	148	765	  1	
296	293	765	  1	
296	303	765	  1	
296	322	765	  1	
296	363	765	  1	
296	376	765	  1	
296	466	765	  1	
299	  0	765	  1	
299	 48	765	  1	
299	104	765	  1	
299	144	765	  1	
299	174	765	  1	
299	296	765	  1	
299	416	765	  1	
299	423	765	  1	
300	127	765	  1	
301	112	765	  1	
301	192	765	  1	
301	287	765	  1	
301	360	765	  1	
302	149	765	  1	
302	324	765	  1	
302	466	765	  1	
303	496	765	  1	
303	506	765	  1	
304	  0	765	  1	
304	 96	765	  1	
304	110	765	  1	
304	136	765	  1	
304	165	765	  1	
304	210	765	  1	
304	368	765	  1	
304	472	765	  1	
304	563	765	  1	
304	573	765	  1	
304	584	765	  1	
306	304	765	  1	
306	591	765	  1	
307	190	765	  1	
307	222	765	  1	
307	374	765	  1	
309	 22	765	  1	
309	111	765	  1	
309	128	765	  1	
309	160	765	  1	
310	 77	765	  1	
310	282	765	  1	
310	312	765	  1	
310	568	765	  1	
311	101	765	  1	
311	320	765	  1	
311	376	765	  1	
311	419	765	  1	
311	472	765	  1	
311	499	765	  1	
311	584	765	  1	
312	 18	765	  1	
312	 78	765	  1	
312	120	765	  1	
312	126	765	  1	
312	181	765	  1	
312	216	765	  1	
312	248	765	  1	
312	255	765	  1	
312	328	765	  1	
312	335	765	  1	
312	368	765	  1	
312	375	765	  1	
312	383	765	  1	
312	394	765	  1	
312	428	765	  1	
314	  0	765	  1	
314	147	765	  1	
314	343	765	  1	
314	528	765	  1	
315	  9	765	  1	
315	200	765	  1	
315	262	765	  1	
315	536	765	  1	
316	387	765	  1	
316	393	765	  1	
316	483	765	  1	
317	123	765	  1	
317	176	765	  1	
317	304	765	  1	
318	 77	765	  1	
318	336	765	  1	
319	 18	765	  1	
319	 68	765	  1	
319	184	765	  1	
319	241	765	  1	
319	251	765	  1	
319	331	765	  1	
319	435	765	  1	
319	533	765	  1	
319	560	765	  1	
320	 14	765	  1	
320	102	765	  1	
320	156	765	  1	
320	168	765	  1	
320	172	765	  1	
320	179	765	  1	
320	206	765	  1	
320	219	765	  1	
320	224	765	  1	
320	231	765	  1	
320	288	765	  1	
320	399	765	  1	
320	416	765	  1	
320	423	765	  1	
320	439	765	  1	
320	445	765	  1	
320	450	765	  1	
320	512	765	  1	
321	 98	765	  1	
321	376	765	  1	
322	  8	765	  1	
322	 83	765	  1	
322	287	765	  1	
323	 56	765	  1	
323	123	765	  1	
323	167	765	  1	
323	262	765	  1	
323	381	765	  1	
324	227	765	  1	
324	424	765	  1	
325	 79	765	  1	
325	181	765	  1	
325	200	765	  1	
325	207	765	  1	
325	512	765	  1	
326	 69	765	  1	
326	387	765	  1	
327	144	765	  1	
327	288	765	  1	
327	376	765	  1	
328	  0	765	  1	
328	 21	765	  1	
328	 31	765	  1	
328	 39	765	  1	
328	 75	765	  1	
328	120	765	  1	
328	130	765	  1	
328	141	765	  1	
328	173	765	  1	
328	314	765	  1	
328	371	765	  1	
328	392	765	  1	
328	401	765	  1	
328	463	765	  1	
328	489	765	  1	
330	230	765	  1	
330	415	765	  1	
331	 15	765	  1	
331	 24	765	  1	
331	 32	765	  1	
331	184	765	  1	
331	378	765	  1	
332	 72	765	  1	
332	 79	765	  1	
332	451	765	  1	
333	 86	765	  1	
333	131	765	  1	
333	152	765	  1	
333	328	765	  1	
333	355	765	  1	
333	447	765	  1	
334	174	765	  1	
334	224	765	  1	
334	368	765	  1	
335	 21	765	  1	
335	 31	765	  1	
335	 39	765	  1	
335	216	765	  1	
335	312	765	  1	
335	344	765	  1	
335	392	765	  1	
335	406	765	  1	
335	480	765	  1	
335	539	765	  1	
336	  4	765	  1	
336	 55	765	  1	
336	 89	765	  1	
336	 98	765	  1	
336	163	765	  1	
336	205	765	  1	
336	234	765	  1	
336	248	765	  1	
336	255	765	  1	
336	320	765	  1	
336	383	765	  1	
336	408	765	  1	
336	491	765	  1	
337	112	765	  1	
337	536	765	  1	
338	214	765	  1	
338	379	765	  1	
338	423	765	  1	
338	495	765	  1	
339	  8	765	  1	
339	 48	765	  1	
339	 61	765	  1	
339	119	765	  1	
340	156	765	  1	
340	159	765	  1	
340	244	765	  1	
340	311	765	  1	
341	 95	765	  1	
341	 99	765	  1	
341	112	765	  1	
341	190	765	  1	
341	195	765	  1	
341	200	765	  1	
341	260	765	  1	
341	373	765	  1	
342	152	765	  1	
342	208	765	  1	
342	416	765	  1	
343	 55	765	  1	
343	251	765	  1	
343	266	765	  1	
343	344	765	  1	
343	543	765	  1	
344	 75	765	  1	
344	151	765	  1	
344	193	765	  1	
344	198	765	  1	
344	288	765	  1	
344	365	765	  1	
344	383	765	  1	
344	424	765	  1	
344	456	765	  1	
344	592	765	  1	
345	264	765	  1	
346	232	765	  1	
346	246	765	  1	
346	341	765	  1	
347	 94	765	  1	
347	136	765	  1	
347	178	765	  1	
347	239	765	  1	
347	271	765	  1	
347	392	765	  1	
347	495	765	  1	
349	  0	765	  1	
349	390	765	  1	
349	430	765	  1	
350	120	765	  1	
350	193	765	  1	
350	199	765	  1	
350	267	765	  1	
350	378	765	  1	
351	151	765	  1	
351	234	765	  1	
351	295	765	  1	
352	 10	765	  1	
352	 23	765	  1	
352	 39	765	  1	
352	 69	765	  1	
352	 88	765	  1	
352	112	765	  1	
352	119	765	  1	
352	133	765	  1	
352	144	765	  1	
352	155	765	  1	
352	163	765	  1	
352	216	765	  1	
352	232	765	  1	
352	411	765	  1	
352	512	765	  1	
352	544	765	  1	
352	564	765	  1	
353	 25	765	  1	
353	 29	765	  1	
353	128	765	  1	
354	239	765	  1	
355	 32	765	  1	
355	375	765	  1	
356	  0	765	  1	
357	 72	765	  1	
357	120	765	  1	
357	147	765	  1	
357	222	765	  1	
357	240	765	  1	
357	398	765	  1	
358	 48	765	  1	
358	320	765	  1	
359	 39	765	  1	
359	 41	765	  1	
359	115	765	  1	
359	429	765	  1	
359	566	765	  1	
360	112	765	  1	
360	122	765	  1	
360	183	765	  1	
360	208	765	  1	
360	248	765	  1	
360	303	765	  1	
360	368	765	  1	
360	375	765	  1	
360	456	765	  1	
361	345	765	  1	
362	118	765	  1	
362	131	765	  1	
362	135	765	  1	
362	231	765	  1	
362	351	765	  1	
362	448	765	  1	
363	376	765	  1	
363	436	765	  1	
364	331	765	  1	
364	470	765	  1	
365	 88	765	  1	
365	172	765	  1	
365	466	765	  1	
366	 16	765	  1	
366	 48	765	  1	
366	112	765	  1	
366	120	765	  1	
366	168	765	  1	
366	463	765	  1	
367	271	765	  1	
367	343	765	  1	
367	371	765	  1	
367	384	765	  1	
368	 39	765	  1	
368	 80	765	  1	
368	 86	765	  1	
368	 99	765	  1	
368	109	765	  1	
368	122	765	  1	
368	136	765	  1	
368	188	765	  1	
368	207	765	  1	
368	213	765	  1	
368	252	765	  1	
368	385	765	  1	
368	395	765	  1	
368	405	765	  1	
368	427	765	  1	
368	442	765	  1	
368	478	765	  1	
369	112	765	  1	
370	 23	765	  1	
370	 84	765	  1	
371	 95	765	  1	
371	183	765	  1	
371	200	765	  1	
371	208	765	  1	
371	439	765	  1	
371	528	765	  1	
372	172	765	  1	
372	176	765	  1	
373	120	765	  1	
373	127	765	  1	
373	144	765	  1	
373	388	765	  1	
374	 16	765	  1	
374	217	765	  1	
374	262	765	  1	
374	427	765	  1	
374	432	765	  1	
375	 32	765	  1	
375	207	765	  1	
375	255	765	  1	
376	 44	765	  1	
376	 50	765	  1	
376	136	765	  1	
376	154	765	  1	
376	168	765	  1	
376	240	765	  1	
376	303	765	  1	
376	327	765	  1	
376	356	765	  1	
376	410	765	  1	
376	438	765	  1	
377	146	765	  1	
377	359	765	  1	
378	  8	765	  1	
378	 15	765	  1	
378	127	765	  1	
379	158	765	  1	
379	160	765	  1	
379	296	765	  1	
379	320	765	  1	
379	368	765	  1	
379	552	765	  1	
380	112	765	  1	
380	247	765	  1	
381	 66	765	  1	
381	 71	765	  1	
381	235	765	  1	
381	359	765	  1	
382	 32	765	  1	
382	 55	765	  1	
382	114	765	  1	
382	150	765	  1	
382	295	765	  1	
382	391	765	  1	
382	426	765	  1	
383	 40	765	  1	
383	224	765	  1	
383	303	765	  1	
383	327	765	  1	
383	356	765	  1	
383	438	765	  1	
384	  0	765	  1	
384	  4	765	  1	
384	 24	765	  1	
384	 47	765	  1	
384	176	765	  1	
384	192	765	  1	
384	197	765	  1	
384	208	765	  1	
384	215	765	  1	
384	219	765	  1	
384	343	765	  1	
384	352	765	  1	
384	370	765	  1	
384	375	765	  1	
384	416	765	  1	
384	488	765	  1	
385	415	765	  1	
386	 63	765	  1	
386	144	765	  1	
387	 71	765	  1	
387	 80	765	  1	
387	336	765	  1	
388	344	765	  1	
388	357	765	  1	
389	240	765	  1	
390	151	765	  1	
390	348	765	  1	
390	514	765	  1	
391	 60	765	  1	
391	211	765	  1	
391	343	765	  1	
391	384	765	  1	
391	416	765	  1	
391	527	765	  1	
392	 58	765	  1	
392	 96	765	  1	
392	216	765	  1	
392	312	765	  1	
392	365	765	  1	
392	420	765	  1	
394	144	765	  1	
394	151	765	  1	
394	205	765	  1	
394	223	765	  1	
395	  0	765	  1	
395	184	765	  1	
395	227	765	  1	
395	358	765	  1	
396	431	765	  1	
397	160	765	  1	
397	176	765	  1	
398	  0	765	  1	
398	 37	765	  1	
398	349	765	  1	
398	359	765	  1	
398	507	765	  1	
399	  9	765	  1	
399	218	765	  1	
399	263	765	  1	
399	407	765	  1	
399	439	765	  1	
399	560	765	  1	
400	 46	765	  1	
400	 72	765	  1	
400	134	765	  1	
400	173	765	  1	
400	177	765	  1	
400	182	765	  1	
400	205	765	  1	
400	214	765	  1	
400	243	765	  1	
400	364	765	  1	
400	385	765	  1	
400	390	765	  1	
400	411	765	  1	
400	416	765	  1	
400	488	765	  1	
401	320	765	  1	
402	141	765	  1	
402	168	765	  1	
403	136	765	  1	
403	280	765	  1	
404	147	765	  1	
404	327	765	  1	
405	  6	765	  1	
406	 31	765	  1	
407	 26	765	  1	
407	123	765	  1	
407	168	765	  1	
407	205	765	  1	
407	240	765	  1	
407	247	765	  1	
407	405	765	  1	
407	411	765	  1	
408	  0	765	  1	
408	 24	765	  1	
408	 48	765	  1	
408	 63	765	  1	
408	 70	765	  1	
408	152	765	  1	
408	163	765	  1	
408	193	765	  1	
408	227	765	  1	
408	352	765	  1	
408	384	765	  1	
408	480	765	  1	
408	494	765	  1	
409	  8	765	  1	
410	168	765	  1	
410	426	765	  1	
411	 15	765	  1	
411	 78	765	  1	
411	 94	765	  1	
411	161	765	  1	
411	248	765	  1	
411	399	765	  1	
412	  0	765	  1	
413	 54	765	  1	
413	150	765	  1	
413	375	765	  1	
413	440	765	  1	
414	169	765	  1	
414	175	765	  1	
414	194	765	  1	
414	200	765	  1	
414	487	765	  1	
415	  9	765	  1	
415	178	765	  1	
415	352	765	  1	
415	394	765	  1	
415	408	765	  1	
415	415	765	  1	
415	551	765	  1	
416	 48	765	  1	
416	104	765	  1	
416	152	765	  1	
416	184	765	  1	
416	191	765	  1	
416	240	765	  1	
416	247	765	  1	
416	264	765	  1	
416	279	765	  1	
416	285	765	  1	
416	306	765	  1	
416	311	765	  1	
416	328	765	  1	
416	350	765	  1	
416	366	765	  1	
416	472	765	  1	
417	119	765	  1	
418	 64	765	  1	
418	139	765	  1	
418	234	765	  1	
418	299	765	  1	
418	335	765	  1	
418	344	765	  1	
419	189	765	  1	
419	271	765	  1	
420	125	765	  1	
421	 88	765	  1	
421	155	765	  1	
421	309	765	  1	
421	392	765	  1	
422	210	765	  1	
422	431	765	  1	
423	 12	765	  1	
423	114	765	  1	
423	183	765	  1	
423	264	765	  1	
424	 10	765	  1	
424	 91	765	  1	
424	104	765	  1	
424	145	765	  1	
424	173	765	  1	
424	192	765	  1	
424	263	765	  1	
424	342	765	  1	
424	455	765	  1	
424	463	765	  1	
424	552	765	  1	
425	126	765	  1	
425	320	765	  1	
427	230	765	  1	
429	  0	765	  1	
429	112	765	  1	
429	120	765	  1	
430	 13	765	  1	
430	199	765	  1	
430	340	765	  1	
431	344	765	  1	
431	432	765	  1	
432	 34	765	  1	
432	 39	765	  1	
432	 42	765	  1	
432	 47	765	  1	
432	 58	765	  1	
432	 82	765	  1	
432	144	765	  1	
432	151	765	  1	
432	178	765	  1	
432	195	765	  1	
432	207	765	  1	
432	321	765	  1	
433	 64	765	  1	
434	  8	765	  1	
434	128	765	  1	
434	264	765	  1	
434	344	765	  1	
434	490	765	  1	
435	360	765	  1	
435	527	765	  1	
436	 70	765	  1	
436	254	765	  1	
436	399	765	  1	
436	464	765	  1	
437	174	765	  1	
437	252	765	  1	
437	346	765	  1	
438	 87	765	  1	
438	231	765	  1	
438	443	765	  1	
439	 14	765	  1	
439	144	765	  1	
439	151	765	  1	
439	195	765	  1	
439	331	765	  1	
439	456	765	  1	
440	 40	765	  1	
440	 75	765	  1	
440	120	765	  1	
440	153	765	  1	
440	167	765	  1	
440	212	765	  1	
440	229	765	  1	
440	241	765	  1	
440	253	765	  1	
440	261	765	  1	
440	270	765	  1	
440	288	765	  1	
440	335	765	  1	
440	536	765	  1	
441	149	765	  1	
441	222	765	  1	
443	 24	765	  1	
443	 88	765	  1	
443	102	765	  1	
443	295	765	  1	
443	313	765	  1	
443	397	765	  1	
444	240	765	  1	
444	245	765	  1	
445	 43	765	  1	
445	 80	765	  1	
445	120	765	  1	
446	  8	765	  1	
446	 30	765	  1	
446	 87	765	  1	
446	143	765	  1	
446	162	765	  1	
446	191	765	  1	
446	258	765	  1	
447	270	765	  1	
447	288	765	  1	
447	392	765	  1	
448	 52	765	  1	
448	 64	765	  1	
448	 96	765	  1	
448	111	765	  1	
448	113	765	  1	
448	138	765	  1	
448	150	765	  1	
448	176	765	  1	
448	216	765	  1	
448	240	765	  1	
448	287	765	  1	
448	371	765	  1	
448	382	765	  1	
448	416	765	  1	
448	448	765	  1	
450	 11	765	  1	
451	 48	765	  1	
451	147	765	  1	
451	159	765	  1	
451	247	765	  1	
451	280	765	  1	
452	135	765	  1	
452	182	765	  1	
452	318	765	  1	
453	126	765	  1	
453	272	765	  1	
453	320	765	  1	
453	335	765	  1	
454	 53	765	  1	
454	106	765	  1	
454	254	765	  1	
454	312	765	  1	
455	  8	765	  1	
455	 64	765	  1	
455	129	765	  1	
455	287	765	  1	
455	392	765	  1	
455	423	765	  1	
456	  7	765	  1	
456	 11	765	  1	
456	 47	765	  1	
456	 74	765	  1	
456	 81	765	  1	
456	 88	765	  1	
456	 94	765	  1	
456	115	765	  1	
456	147	765	  1	
456	170	765	  1	
456	193	765	  1	
456	214	765	  1	
456	232	765	  1	
456	319	765	  1	
456	414	765	  1	
457	 79	765	  1	
457	 87	765	  1	
457	 91	765	  1	
458	174	765	  1	
458	264	765	  1	
458	351	765	  1	
459	  0	765	  1	
459	167	765	  1	
459	170	765	  1	
459	210	765	  1	
459	239	765	  1	
459	360	765	  1	
460	 73	765	  1	
460	269	765	  1	
461	160	765	  1	
461	344	765	  1	
462	 47	765	  1	
462	315	765	  1	
463	 64	765	  1	
463	 88	765	  1	
463	 94	765	  1	
463	144	765	  1	
463	232	765	  1	
463	264	765	  1	
463	463	765	  1	
464	128	765	  1	
464	231	765	  1	
464	237	765	  1	
464	280	765	  1	
464	323	765	  1	
464	371	765	  1	
464	379	765	  1	
464	385	765	  1	
464	488	765	  1	
464	527	765	  1	
465	287	765	  1	
467	  0	765	  1	
467	215	765	  1	
469	 64	765	  1	
469	200	765	  1	
469	288	765	  1	
469	328	765	  1	
470	152	765	  1	
470	347	765	  1	
471	128	765	  1	
471	171	765	  1	
471	210	765	  1	
471	219	765	  1	
471	237	765	  1	
472	  8	765	  1	
472	 14	765	  1	
472	 19	765	  1	
472	 34	765	  1	
472	 38	765	  1	
472	 85	765	  1	
472	199	765	  1	
472	263	765	  1	
472	296	765	  1	
472	331	765	  1	
472	353	765	  1	
474	 11	765	  1	
474	272	765	  1	
474	303	765	  1	
475	192	765	  1	
475	416	765	  1	
477	285	765	  1	
478	  8	765	  1	
478	 15	765	  1	
478	 34	765	  1	
478	187	765	  1	
479	167	765	  1	
479	199	765	  1	
479	296	765	  1	
479	328	765	  1	
479	335	765	  1	
479	431	765	  1	
480	  0	765	  1	
480	 26	765	  1	
480	 53	765	  1	
480	 75	765	  1	
480	104	765	  1	
480	144	765	  1	
480	179	765	  1	
480	234	765	  1	
480	239	765	  1	
480	248	765	  1	
480	253	765	  1	
480	298	765	  1	
480	304	765	  1	
480	322	765	  1	
482	  5	765	  1	
482	 82	765	  1	
482	115	765	  1	
482	128	765	  1	
482	376	765	  1	
483	 16	765	  1	
483	120	765	  1	
483	312	765	  1	
485	 24	765	  1	
485	 31	765	  1	
485	 48	765	  1	
485	110	765	  1	
485	144	765	  1	
485	192	765	  1	
485	236	765	  1	
485	444	765	  1	
486	 72	765	  1	
486	334	765	  1	
487	  0	765	  1	
487	311	765	  1	
487	344	765	  1	
487	351	765	  1	
488	 19	765	  1	
488	 45	765	  1	
488	 51	765	  1	
488	 64	765	  1	
488	102	765	  1	
488	112	765	  1	
488	119	765	  1	
488	136	765	  1	
488	254	765	  1	
488	308	765	  1	
488	576	765	  1	
489	152	765	  1	
490	 38	765	  1	
491	  0	765	  1	
491	 81	765	  1	
491	184	765	  1	
491	191	765	  1	
491	264	765	  1	
494	 77	765	  1	
495	 16	765	  1	
495	 23	765	  1	
495	383	765	  1	
495	431	765	  1	
496	 10	765	  1	
496	 45	765	  1	
496	 55	765	  1	
496	 69	765	  1	
496	192	765	  1	
496	224	765	  1	
496	228	765	  1	
496	235	765	  1	
496	256	765	  1	
496	262	765	  1	
497	 77	765	  1	
499	199	765	  1	
499	272	765	  1	
501	143	765	  1	
501	196	765	  1	
501	259	765	  1	
501	312	765	  1	
501	319	765	  1	
503	112	765	  1	
503	152	765	  1	
503	156	765	  1	
503	552	765	  1	
504	  0	765	  1	
504	 24	765	  1	
504	 62	765	  1	
504	245	765	  1	
504	264	765	  1	
504	272	765	  1	
504	288	765	  1	
505	124	765	  1	
505	167	765	  1	
505	184	765	  1	
506	 30	765	  1	
507	295	765	  1	
508	158	765	  1	
508	163	765	  1	
509	 58	765	  1	
509	208	765	  1	
509	350	765	  1	
510	 24	765	  1	
510	163	765	  1	
510	344	765	  1	
511	139	765	  1	
511	189	765	  1	
511	264	765	  1	
511	288	765	  1	
511	320	765	  1	
512	 11	765	  1	
512	 35	765	  1	
512	 45	765	  1	
512	 96	765	  1	
512	109	765	  1	
512	128	765	  1	
512	225	765	  1	
512	231	765	  1	
512	248	765	  1	
512	253	765	  1	
512	256	765	  1	
512	270	765	  1	
512	290	765	  1	
512	388	765	  1	
512	535	765	  1	
513	 92	765	  1	
514	101	765	  1	
514	134	765	  1	
514	176	765	  1	
515	  8	765	  1	
515	 56	765	  1	
515	263	765	  1	
516	208	765	  1	
517	 51	765	  1	
517	112	765	  1	
517	232	765	  1	
517	253	765	  1	
517	288	765	  1	
518	128	765	  1	
518	152	765	  1	
518	312	765	  1	
518	399	765	  1	
520	 88	765	  1	
520	 93	765	  1	
520	102	765	  1	
520	124	765	  1	
520	160	765	  1	
520	175	765	  1	
520	182	765	  1	
520	242	765	  1	
520	247	765	  1	
521	198	765	  1	
522	 11	765	  1	
522	218	765	  1	
522	322	765	  1	
523	 47	765	  1	
523	142	765	  1	
523	168	765	  1	
523	249	765	  1	
524	214	765	  1	
524	388	765	  1	
525	 72	765	  1	
525	112	765	  1	
525	362	765	  1	
525	399	765	  1	
527	 40	765	  1	
527	 90	765	  1	
527	175	765	  1	
527	218	765	  1	
527	247	765	  1	
527	424	765	  1	
528	 86	765	  1	
528	 95	765	  1	
528	104	765	  1	
528	176	765	  1	
528	183	765	  1	
528	189	765	  1	
528	196	765	  1	
528	201	765	  1	
528	227	765	  1	
528	248	765	  1	
528	275	765	  1	
528	290	765	  1	
528	351	765	  1	
528	357	765	  1	
529	150	765	  1	
530	  8	765	  1	
530	392	765	  1	
531	 88	765	  1	
532	329	765	  1	
532	351	765	  1	
533	110	765	  1	
533	397	765	  1	
534	383	765	  1	
535	 95	765	  1	
535	272	765	  1	
535	279	765	  1	
535	296	765	  1	
536	 56	765	  1	
536	 85	765	  1	
536	131	765	  1	
536	136	765	  1	
536	143	765	  1	
536	187	765	  1	
536	224	765	  1	
536	291	765	  1	
536	384	765	  1	
537	 93	765	  1	
538	144	765	  1	
538	160	765	  1	
539	 81	765	  1	
539	216	765	  1	
540	232	765	  1	
541	112	765	  1	
541	119	765	  1	
542	108	765	  1	
542	351	765	  1	
543	128	765	  1	
543	135	765	  1	
543	139	765	  1	
543	224	765	  1	
543	238	765	  1	
543	384	765	  1	
544	136	765	  1	
544	167	765	  1	
544	177	765	  1	
544	218	765	  1	
544	242	765	  1	
544	278	765	  1	
544	303	765	  1	
544	312	765	  1	
544	343	765	  1	
544	351	765	  1	
545	399	765	  1	
546	128	765	  1	
546	260	765	  1	
546	296	765	  1	
547	160	765	  1	
547	252	765	  1	
549	 15	765	  1	
549	158	765	  1	
549	191	765	  1	
549	391	765	  1	
550	243	765	  1	
551	149	765	  1	
551	167	765	  1	
551	223	765	  1	
551	312	765	  1	
551	347	765	  1	
551	397	765	  1	
551	432	765	  1	
552	 56	765	  1	
552	 64	765	  1	
552	108	765	  1	
552	112	765	  1	
552	184	765	  1	
552	192	765	  1	
552	199	765	  1	
552	279	765	  1	
552	282	765	  1	
552	336	765	  1	
552	352	765	  1	
553	119	765	  1	
553	143	765	  1	
553	287	765	  1	
554	205	765	  1	
554	363	765	  1	
555	 71	765	  1	
555	 96	765	  1	
555	103	765	  1	
555	200	765	  1	
555	272	765	  1	
556	112	765	  1	
556	302	765	  1	
556	320	765	  1	
556	336	765	  1	
557	132	765	  1	
557	158	765	  1	
557	280	765	  1	
558	120	765	  1	
558	195	765	  1	
558	296	765	  1	
559	 64	765	  1	
559	136	765	  1	
559	144	765	  1	
559	260	765	  1	
559	279	765	  1	
559	287	765	  1	
559	352	765	  1	
560	  6	765	  1	
560	 67	765	  1	
560	 96	765	  1	
560	152	765	  1	
560	176	765	  1	
560	245	765	  1	
560	310	765	  1	
560	316	765	  1	
560	331	765	  1	
560	400	765	  1	
560	467	765	  1	
562	240	765	  1	
563	131	765	  1	
563	144	765	  1	
563	190	765	  1	
563	312	765	  1	
563	407	765	  1	
564	182	765	  1	
565	 71	765	  1	
566	 28	765	  1	
566	 47	765	  1	
567	  6	765	  1	
567	 99	765	  1	
567	155	765	  1	
567	310	765	  1	
567	331	765	  1	
567	400	765	  1	
567	476	765	  1	
568	 15	765	  1	
568	 90	765	  1	
568	128	765	  1	
568	173	765	  1	
568	190	765	  1	
568	197	765	  1	
568	271	765	  1	
568	276	765	  1	
568	302	765	  1	
568	423	765	  1	
568	430	765	  1	
569	206	765	  1	
571	  0	765	  1	
571	  8	765	  1	
571	224	765	  1	
571	231	765	  1	
571	316	765	  1	
573	192	765	  1	
573	283	765	  1	
574	300	765	  1	
575	  7	765	  1	
575	 15	765	  1	
575	128	765	  1	
575	184	765	  1	
575	248	765	  1	
575	344	765	  1	
575	430	765	  1	
576	 13	765	  1	
576	 44	765	  1	
576	115	765	  1	
576	123	765	  1	
576	152	765	  1	
576	176	765	  1	
576	183	765	  1	
576	195	765	  1	
576	205	765	  1	
576	221	765	  1	
576	239	765	  1	
576	264	765	  1	
576	392	765	  1	
576	544	765	  1	
578	109	765	  1	
579	232	765	  1	
579	271	765	  1	
581	  2	765	  1	
581	  8	765	  1	
583	112	765	  1	
583	119	765	  1	
583	127	765	  1	
583	179	765	  1	
583	239	765	  1	
583	264	765	  1	
584	 24	765	  1	
584	 94	765	  1	
584	 99	765	  1	
584	178	765	  1	
584	208	765	  1	
584	215	765	  1	
584	248	765	  1	
584	486	765	  1	
586	440	765	  1	
587	296	765	  1	
587	312	765	  1	
588	256	765	  1	
588	263	765	  1	
589	248	765	  1	
590	 27	765	  1	
590	109	765	  1	
590	231	765	  1	
591	 47	765	  1	
591	211	765	  1	
591	299	765	  1	
591	310	765	  1	
592	 14	765	  1	
592	 71	765	  1	
592	114	765	  1	
592	222	765	  1	
592	235	765	  1	
592	266	765	  1	
592	279	765	  1	
592	315	765	  1	
592	328	765	  1	
592	424	765	  1	
593	  7	765	  1	
594	  2	765	  1	
594	224	765	  1	
595	335	765	  1	
595	351	765	  1	
596	264	765	  1	
597	 91	765	  1	
597	103	765	  1	
597	208	765	  1	
598	304	765	  1	
598	464	765	  1	
599	 51	765	  1	
599	222	765	  1	
599	239	765	  1	
599	328	765	  1	
599	344	765	  1	
599	363	765	  1	
599	400	765	  1	
600	 79	765	  1	
600	 88	765	  1	
600	161	765	  1	
600	189	765	  1	
600	194	765	  1	
600	216	765	  1	
600	256	765	  1	
601	  0	765	  1	
603	184	765	  1	
604	 15	765	  1	
605	255	765	  1	
607	  2	765	  1	
607	 67	765	  1	
607	 77	765	  1	
607	160	765	  1	
607	288	765	  1	
607	507	765	  1	
608	228	765	  1	
608	506	765	  1	
610	280	765	  1	
612	144	765	  1	
612	387	765	  1	
613	 88	765	  1	
613	259	765	  1	
613	291	765	  1	
614	447	765	  1	
615	159	765	  1	
615	336	765	  1	
615	431	765	  1	
616	 52	765	  1	
616	307	765	  1	
622	 53	765	  1	
622	128	765	  1	
623	435	765	  1	
624	 70	765	  1	
624	 82	765	  1	
624	114	765	  1	
624	228	765	  1	
624	320	765	  1	
624	352	765	  1	
624	452	765	  1	
624	519	765	  1	
626	 35	765	  1	
627	472	765	  1	
631	 69	765	  1	
631	320	765	  1	
632	 16	765	  1	
632	296	765	  1	
632	336	765	  1	
633	391	765	  1	
635	 55	765	  1	
636	415	765	  1	
637	108	765	  1	
639	 48	765	  1	
640	  0	765	  1	
640	311	765	  1	
640	336	765	  1	
640	415	765	  1	
644	115	765	  1	
644	319	765	  1	
647	  0	765	  1	
647	104	765	  1	
651	159	765	  1	
651	335	765	  1	
652	415	765	  1	
653	 47	765	  1	
653	288	765	  1	
653	312	765	  1	
655	 67	765	  1	
655	147	765	  1	
656	 93	765	  1	
656	144	765	  1	
656	151	765	  1	
658	  0	765	  1	
658	216	765	  1	
659	207	765	  1	
662	  7	765	  1	
662	 27	765	  1	
662	 88	765	  1	
663	269	765	  1	
664	127	765	  1	
664	344	765	  1	
667	 40	765	  1	
667	 63	765	  1	
671	120	765	  1	
672	128	765	  1	
672	135	765	  1	
672	445	765	  1	
675	351	765	  1	
679	136	765	  1	
679	223	765	  1	
679	248	765	  1	
680	147	765	  1	
680	455	765	  1	
687	290	765	  1	
687	456	765	  1	
688	416	765	  1	
693	295	765	  1	
696	415	765	  1	
699	408	765	  1	
700	161	765	  1	
703	415	765	  1	
710	448	765	  1	
711	266	765	  1	
720	 24	765	  1	
728	472	765	  1	
