# 
#  Image file: Goad1_T0167.jpg
#  Applied threshold: 575
#  Algorithm used: fill2                 
#  Particle count: 1972
#  Location (x,y), max luminance, and mass:
# 
  0	164	765	  1	
  2	333	765	  1	
  7	364	765	  1	
  7	372	765	  1	
  8	128	765	  1	
  8	189	765	  1	
  8	309	765	  1	
  8	485	765	  1	
 11	184	765	  1	
 12	268	765	  1	
 13	246	765	  1	
 16	175	765	  1	
 20	168	765	  1	
 22	320	765	  1	
 23	155	765	  1	
 24	136	765	  1	
 32	319	765	  1	
 37	304	765	  1	
 38	399	765	  1	
 39	107	765	  1	
 39	298	765	  1	
 43	443	765	  1	
 47	312	765	  1	
 48	260	765	  1	
 48	287	765	  1	
 55	  0	765	  1	
 55	  8	765	  1	
 56	111	765	  1	
 62	249	765	  1	
 64	384	765	  1	
 67	130	765	  1	
 69	207	765	  1	
 72	223	765	  1	
 72	366	765	  1	
 72	439	765	  1	
 76	532	765	  1	
 78	384	765	  1	
 79	223	765	  1	
 79	396	765	  1	
 80	192	765	  1	
 80	448	765	  1	
 83	455	765	  1	
 85	144	765	  1	
 86	599	765	  1	
 87	448	765	  1	
 91	164	765	  1	
 95	335	765	  1	
 95	389	765	  1	
 95	398	765	  1	
 96	120	765	  1	
 98	288	765	  1	
 99	303	765	  1	
103	  7	765	  1	
103	104	765	  1	
103	342	765	  1	
104	256	765	  1	
104	456	765	  1	
106	139	765	  1	
109	284	765	  1	
110	 32	765	  1	
110	303	765	  1	
111	118	765	  1	
111	179	765	  1	
111	288	765	  1	
111	535	765	  1	
112	111	765	  1	
112	176	765	  1	
112	269	765	  1	
112	426	765	  1	
112	487	765	  1	
113	157	765	  1	
116	173	765	  1	
118	480	765	  1	
119	 19	765	  1	
119	323	765	  1	
119	396	765	  1	
119	424	765	  1	
120	 51	765	  1	
120	117	765	  1	
120	177	765	  1	
120	187	765	  1	
120	244	765	  1	
120	279	765	  1	
120	288	765	  1	
120	300	765	  1	
123	  0	765	  1	
123	296	765	  1	
123	392	765	  1	
123	424	765	  1	
125	167	765	  1	
125	263	765	  1	
127	114	765	  1	
127	177	765	  1	
127	272	765	  1	
128	183	765	  1	
128	288	765	  1	
129	407	765	  1	
131	150	765	  1	
131	176	765	  1	
133	303	765	  1	
134	187	765	  1	
134	216	765	  1	
135	156	765	  1	
135	183	765	  1	
135	399	765	  1	
136	 87	765	  1	
136	283	765	  1	
136	362	765	  1	
136	384	765	  1	
136	424	765	  1	
138	200	765	  1	
139	160	765	  1	
139	167	765	  1	
140	  7	765	  1	
141	139	765	  1	
142	206	765	  1	
143	 56	765	  1	
143	147	765	  1	
143	237	765	  1	
143	297	765	  1	
143	368	765	  1	
143	391	765	  1	
143	520	765	  1	
144	 40	765	  1	
144	 53	765	  1	
144	154	765	  1	
144	159	765	  1	
144	168	765	  1	
144	174	765	  1	
144	208	765	  1	
144	259	765	  1	
144	312	765	  1	
146	371	765	  1	
146	449	765	  1	
148	282	765	  1	
150	255	765	  1	
151	 44	765	  1	
151	136	765	  1	
151	208	765	  1	
151	263	765	  1	
152	 75	765	  1	
152	364	765	  1	
152	531	765	  1	
155	188	765	  1	
157	 93	765	  1	
157	200	765	  1	
157	207	765	  1	
157	368	765	  1	
157	375	765	  1	
158	292	765	  1	
159	 72	765	  1	
159	 79	765	  1	
159	151	765	  1	
159	274	765	  1	
159	456	765	  1	
159	519	765	  1	
160	 96	765	  1	
160	115	765	  1	
162	144	765	  1	
162	248	765	  1	
162	254	765	  1	
163	519	765	  1	
165	 72	765	  1	
165	 79	765	  1	
165	216	765	  1	
165	231	765	  1	
165	328	765	  1	
166	100	765	  1	
167	 63	765	  1	
167	112	765	  1	
167	119	765	  1	
167	222	765	  1	
167	248	765	  1	
167	254	765	  1	
167	272	765	  1	
167	279	765	  1	
167	333	765	  1	
167	486	765	  1	
168	168	765	  1	
168	203	765	  1	
168	234	765	  1	
168	239	765	  1	
168	280	765	  1	
168	336	765	  1	
169	120	765	  1	
169	380	765	  1	
170	255	765	  1	
173	100	765	  1	
173	224	765	  1	
173	231	765	  1	
173	302	765	  1	
174	127	765	  1	
175	120	765	  1	
175	168	765	  1	
175	200	765	  1	
175	207	765	  1	
175	320	765	  1	
175	338	765	  1	
175	567	765	  1	
176	 48	765	  1	
176	264	765	  1	
176	312	765	  1	
176	319	765	  1	
176	520	765	  1	
177	 80	765	  1	
177	168	765	  1	
178	 95	765	  1	
180	 84	765	  1	
180	326	765	  1	
180	376	765	  1	
181	176	765	  1	
181	280	765	  1	
182	 77	765	  1	
182	117	765	  1	
183	 93	765	  1	
183	107	765	  1	
183	315	765	  1	
183	383	765	  1	
184	  4	765	  1	
184	203	765	  1	
184	304	765	  1	
186	 82	765	  1	
186	183	765	  1	
187	310	765	  1	
187	511	765	  1	
189	 72	765	  1	
189	256	765	  1	
190	447	765	  1	
191	 94	765	  1	
191	183	765	  1	
191	200	765	  1	
191	207	765	  1	
192	  0	765	  1	
192	  7	765	  1	
192	 30	765	  1	
192	 59	765	  1	
192	 79	765	  1	
192	102	765	  1	
192	136	765	  1	
192	149	765	  1	
192	191	765	  1	
192	209	765	  1	
192	288	765	  1	
192	312	765	  1	
192	373	765	  1	
192	383	765	  1	
192	385	765	  1	
192	389	765	  1	
192	395	765	  1	
192	420	765	  1	
193	239	765	  1	
194	141	765	  1	
194	224	765	  1	
195	259	765	  1	
195	432	765	  1	
196	 95	765	  1	
196	215	765	  1	
196	368	765	  1	
196	416	765	  1	
196	440	765	  1	
196	530	765	  1	
197	 99	765	  1	
197	184	765	  1	
198	211	765	  1	
198	423	765	  1	
199	  3	765	  1	
199	 90	765	  1	
199	136	765	  1	
199	200	765	  1	
199	392	765	  1	
199	399	765	  1	
199	432	765	  1	
199	438	765	  1	
200	 59	765	  1	
200	 64	765	  1	
200	 80	765	  1	
200	 87	765	  1	
200	108	765	  1	
200	112	765	  1	
200	124	765	  1	
200	152	765	  1	
200	168	765	  1	
200	175	765	  1	
200	192	765	  1	
200	197	765	  1	
200	232	765	  1	
200	240	765	  1	
200	299	765	  1	
200	352	765	  1	
201	120	765	  1	
201	314	765	  1	
201	386	765	  1	
202	304	765	  1	
203	116	765	  1	
203	416	765	  1	
204	 53	765	  1	
204	130	765	  1	
205	383	765	  1	
205	448	765	  1	
206	 96	765	  1	
206	112	765	  1	
206	154	765	  1	
206	192	765	  1	
206	197	765	  1	
206	319	765	  1	
206	376	765	  1	
206	458	765	  1	
207	171	765	  1	
207	235	765	  1	
207	286	765	  1	
207	296	765	  1	
207	303	765	  1	
207	369	765	  1	
207	389	765	  1	
207	423	765	  1	
207	477	765	  1	
208	 67	765	  1	
208	 92	765	  1	
208	102	765	  1	
208	109	765	  1	
208	114	765	  1	
208	131	765	  1	
208	181	765	  1	
208	310	765	  1	
208	376	765	  1	
208	407	765	  1	
210	247	765	  1	
210	504	765	  1	
211	 89	765	  1	
211	104	765	  1	
211	125	765	  1	
211	184	765	  1	
212	159	765	  1	
213	168	765	  1	
213	181	765	  1	
213	344	765	  1	
214	 47	765	  1	
215	 67	765	  1	
215	 99	765	  1	
215	124	765	  1	
215	128	765	  1	
215	135	765	  1	
215	176	765	  1	
216	119	765	  1	
216	139	765	  1	
216	147	765	  1	
216	165	765	  1	
216	236	765	  1	
216	279	765	  1	
216	303	765	  1	
216	336	765	  1	
216	383	765	  1	
216	406	765	  1	
216	419	765	  1	
218	391	765	  1	
219	296	765	  1	
220	136	765	  1	
220	251	765	  1	
221	 39	765	  1	
221	144	765	  1	
222	 96	765	  1	
222	108	765	  1	
222	117	765	  1	
223	176	765	  1	
223	183	765	  1	
223	236	765	  1	
223	303	765	  1	
224	 84	765	  1	
224	111	765	  1	
224	122	765	  1	
224	127	765	  1	
224	174	765	  1	
224	197	765	  1	
224	201	765	  1	
224	214	765	  1	
224	318	765	  1	
224	328	765	  1	
224	344	765	  1	
224	376	765	  1	
224	383	765	  1	
224	598	765	  1	
227	 27	765	  1	
227	 56	765	  1	
227	 63	765	  1	
227	392	765	  1	
228	106	765	  1	
228	192	765	  1	
228	207	765	  1	
228	315	765	  1	
228	455	765	  1	
229	431	765	  1	
230	327	765	  1	
230	406	765	  1	
231	214	765	  1	
231	256	765	  1	
231	352	765	  1	
231	395	765	  1	
232	  2	765	  1	
232	 64	765	  1	
232	 71	765	  1	
232	 91	765	  1	
232	 96	765	  1	
232	110	765	  1	
232	141	765	  1	
232	201	765	  1	
232	243	765	  1	
232	259	765	  1	
232	272	765	  1	
232	279	765	  1	
232	291	765	  1	
232	365	765	  1	
232	379	765	  1	
232	392	765	  1	
232	427	765	  1	
232	461	765	  1	
232	469	765	  1	
232	487	765	  1	
233	104	765	  1	
234	296	765	  1	
235	  0	765	  1	
235	112	765	  1	
235	160	765	  1	
235	360	765	  1	
235	375	765	  1	
235	480	765	  1	
237	224	765	  1	
237	239	765	  1	
237	312	765	  1	
237	376	765	  1	
237	392	765	  1	
237	456	765	  1	
238	176	765	  1	
238	247	765	  1	
239	232	765	  1	
239	256	765	  1	
239	263	765	  1	
239	275	765	  1	
239	288	765	  1	
239	295	765	  1	
239	326	765	  1	
239	368	765	  1	
239	424	765	  1	
239	431	765	  1	
239	487	765	  1	
239	519	765	  1	
240	  8	765	  1	
240	 25	765	  1	
240	 34	765	  1	
240	 42	765	  1	
240	120	765	  1	
240	183	765	  1	
240	187	765	  1	
240	228	765	  1	
240	373	765	  1	
240	460	765	  1	
240	469	765	  1	
240	552	765	  1	
241	470	765	  1	
242	191	765	  1	
242	195	765	  1	
242	232	765	  1	
242	240	765	  1	
243	  6	765	  1	
243	 64	765	  1	
243	534	765	  1	
245	 40	765	  1	
245	 47	765	  1	
245	163	765	  1	
245	468	765	  1	
246	239	765	  1	
246	459	765	  1	
247	  8	765	  1	
247	373	765	  1	
247	463	765	  1	
248	 12	765	  1	
248	 19	765	  1	
248	 48	765	  1	
248	 72	765	  1	
248	 90	765	  1	
248	104	765	  1	
248	155	765	  1	
248	207	765	  1	
248	351	765	  1	
248	567	765	  1	
249	168	765	  1	
249	184	765	  1	
250	  5	765	  1	
250	248	765	  1	
251	  0	765	  1	
251	 56	765	  1	
251	194	765	  1	
251	202	765	  1	
251	560	765	  1	
253	 86	765	  1	
253	 96	765	  1	
253	111	765	  1	
253	176	765	  1	
253	387	765	  1	
254	 12	765	  1	
254	 48	765	  1	
254	269	765	  1	
254	299	765	  1	
254	512	765	  1	
255	  8	765	  1	
255	155	765	  1	
256	 27	765	  1	
256	 34	765	  1	
256	 62	765	  1	
256	 80	765	  1	
256	 88	765	  1	
256	222	765	  1	
256	260	765	  1	
256	325	765	  1	
256	338	765	  1	
256	469	765	  1	
256	482	765	  1	
256	519	765	  1	
259	168	765	  1	
259	392	765	  1	
259	477	765	  1	
259	591	765	  1	
260	104	765	  1	
261	  0	765	  1	
261	 40	765	  1	
261	 58	765	  1	
261	 64	765	  1	
261	 72	765	  1	
261	 91	765	  1	
261	158	765	  1	
261	343	765	  1	
261	516	765	  1	
262	 36	765	  1	
262	200	765	  1	
262	220	765	  1	
262	322	765	  1	
262	528	765	  1	
263	107	765	  1	
263	255	765	  1	
263	496	765	  1	
263	503	765	  1	
263	560	765	  1	
264	 48	765	  1	
264	 55	765	  1	
264	128	765	  1	
264	168	765	  1	
264	216	765	  1	
264	243	765	  1	
264	277	765	  1	
264	317	765	  1	
264	479	765	  1	
264	515	765	  1	
264	546	765	  1	
264	551	765	  1	
266	230	765	  1	
266	448	765	  1	
267	471	765	  1	
268	241	765	  1	
268	456	765	  1	
268	494	765	  1	
269	 59	765	  1	
269	134	765	  1	
269	291	765	  1	
269	313	765	  1	
269	392	765	  1	
269	480	765	  1	
270	488	765	  1	
270	546	765	  1	
271	512	765	  1	
271	519	765	  1	
271	527	765	  1	
271	551	765	  1	
272	  0	765	  1	
272	  7	765	  1	
272	 19	765	  1	
272	 64	765	  1	
272	125	765	  1	
272	160	765	  1	
272	176	765	  1	
272	190	765	  1	
272	198	765	  1	
272	208	765	  1	
272	303	765	  1	
272	322	765	  1	
272	328	765	  1	
272	401	765	  1	
272	413	765	  1	
272	484	765	  1	
273	 96	765	  1	
273	216	765	  1	
274	 61	765	  1	
274	210	765	  1	
274	474	765	  1	
274	551	765	  1	
275	 80	765	  1	
275	264	765	  1	
277	480	765	  1	
278	244	765	  1	
278	520	765	  1	
279	 16	765	  1	
279	 23	765	  1	
279	196	765	  1	
279	392	765	  1	
279	478	765	  1	
279	546	765	  1	
280	  4	765	  1	
280	 96	765	  1	
280	112	765	  1	
280	131	765	  1	
280	144	765	  1	
280	200	765	  1	
280	264	765	  1	
280	278	765	  1	
280	285	765	  1	
280	295	765	  1	
280	339	765	  1	
280	364	765	  1	
282	176	765	  1	
282	478	765	  1	
282	503	765	  1	
282	535	765	  1	
283	 15	765	  1	
283	111	765	  1	
283	256	765	  1	
283	407	765	  1	
284	218	765	  1	
284	336	765	  1	
284	402	765	  1	
285	115	765	  1	
285	123	765	  1	
285	150	765	  1	
286	 67	765	  1	
286	182	765	  1	
287	  8	765	  1	
287	 48	765	  1	
287	200	765	  1	
287	242	765	  1	
287	343	765	  1	
287	472	765	  1	
288	 16	765	  1	
288	 40	765	  1	
288	 47	765	  1	
288	 56	765	  1	
288	 79	765	  1	
288	 88	765	  1	
288	 94	765	  1	
288	152	765	  1	
288	188	765	  1	
288	202	765	  1	
288	231	765	  1	
288	249	765	  1	
288	456	765	  1	
288	499	765	  1	
288	504	765	  1	
288	511	765	  1	
288	520	765	  1	
288	524	765	  1	
288	544	765	  1	
290	335	765	  1	
291	 39	765	  1	
291	208	765	  1	
292	201	765	  1	
293	 27	765	  1	
293	 48	765	  1	
294	 95	765	  1	
294	127	765	  1	
294	496	765	  1	
294	525	765	  1	
295	131	765	  1	
295	231	765	  1	
295	456	765	  1	
295	507	765	  1	
295	520	765	  1	
295	599	765	  1	
296	  8	765	  1	
296	 14	765	  1	
296	117	765	  1	
296	133	765	  1	
296	173	765	  1	
296	251	765	  1	
296	287	765	  1	
296	320	765	  1	
296	338	765	  1	
296	344	765	  1	
296	383	765	  1	
296	467	765	  1	
296	528	765	  1	
296	535	765	  1	
296	568	765	  1	
296	572	765	  1	
298	200	765	  1	
298	362	765	  1	
299	 48	765	  1	
299	210	765	  1	
299	367	765	  1	
299	464	765	  1	
300	296	765	  1	
300	350	765	  1	
301	102	765	  1	
301	128	765	  1	
301	391	765	  1	
302	 19	765	  1	
302	303	765	  1	
302	378	765	  1	
303	531	765	  1	
303	536	765	  1	
303	543	765	  1	
304	 16	765	  1	
304	 64	765	  1	
304	 96	765	  1	
304	136	765	  1	
304	144	765	  1	
304	176	765	  1	
304	184	765	  1	
304	215	765	  1	
304	248	765	  1	
304	286	765	  1	
304	367	765	  1	
304	370	765	  1	
304	380	765	  1	
305	 48	765	  1	
306	238	765	  1	
307	 88	765	  1	
307	191	765	  1	
307	222	765	  1	
307	246	765	  1	
307	255	765	  1	
307	360	765	  1	
308	230	765	  1	
308	368	765	  1	
308	384	765	  1	
309	  6	765	  1	
309	 23	765	  1	
309	102	765	  1	
309	232	765	  1	
309	456	765	  1	
310	151	765	  1	
310	160	765	  1	
310	205	765	  1	
310	372	765	  1	
311	 64	765	  1	
311	248	765	  1	
311	423	765	  1	
311	519	765	  1	
312	  3	765	  1	
312	 24	765	  1	
312	 47	765	  1	
312	141	765	  1	
312	166	765	  1	
312	184	765	  1	
312	195	765	  1	
312	210	765	  1	
312	254	765	  1	
312	333	765	  1	
312	389	765	  1	
312	400	765	  1	
313	  7	765	  1	
313	471	765	  1	
314	378	765	  1	
314	440	765	  1	
314	447	765	  1	
315	 40	765	  1	
315	 96	765	  1	
315	191	765	  1	
315	246	765	  1	
316	480	765	  1	
317	 56	765	  1	
317	144	765	  1	
317	162	765	  1	
317	174	765	  1	
317	264	765	  1	
318	  0	765	  1	
318	  4	765	  1	
318	 24	765	  1	
318	192	765	  1	
318	240	765	  1	
318	252	765	  1	
318	314	765	  1	
319	 47	765	  1	
319	184	765	  1	
319	304	765	  1	
319	376	765	  1	
320	 88	765	  1	
320	156	765	  1	
320	200	765	  1	
320	228	765	  1	
320	239	765	  1	
320	272	765	  1	
320	280	765	  1	
320	292	765	  1	
320	348	765	  1	
320	357	765	  1	
322	 21	765	  1	
323	 31	765	  1	
323	142	765	  1	
323	207	765	  1	
323	344	765	  1	
323	384	765	  1	
324	132	765	  1	
324	378	765	  1	
324	568	765	  1	
325	  0	765	  1	
325	262	765	  1	
325	352	765	  1	
325	365	765	  1	
326	171	765	  1	
326	243	765	  1	
326	307	765	  1	
326	328	765	  1	
327	176	765	  1	
327	200	765	  1	
327	392	765	  1	
328	  8	765	  1	
328	 16	765	  1	
328	 32	765	  1	
328	 64	765	  1	
328	152	765	  1	
328	157	765	  1	
328	203	765	  1	
328	208	765	  1	
328	224	765	  1	
328	287	765	  1	
328	291	765	  1	
328	360	765	  1	
328	367	765	  1	
328	443	765	  1	
328	451	765	  1	
328	459	765	  1	
328	464	765	  1	
328	583	765	  1	
330	 69	765	  1	
330	160	765	  1	
331	 20	765	  1	
331	 88	765	  1	
331	200	765	  1	
331	207	765	  1	
331	231	765	  1	
331	280	765	  1	
332	 93	765	  1	
333	152	765	  1	
333	212	765	  1	
333	296	765	  1	
333	312	765	  1	
333	352	765	  1	
333	514	765	  1	
334	167	765	  1	
334	437	765	  1	
335	  8	765	  1	
335	 64	765	  1	
335	128	765	  1	
335	203	765	  1	
335	227	765	  1	
335	287	765	  1	
335	447	765	  1	
335	471	765	  1	
336	  0	765	  1	
336	 29	765	  1	
336	 67	765	  1	
336	 93	765	  1	
336	 96	765	  1	
336	103	765	  1	
336	208	765	  1	
336	320	765	  1	
336	341	765	  1	
336	421	765	  1	
336	491	765	  1	
336	528	765	  1	
336	535	765	  1	
337	215	765	  1	
337	313	765	  1	
337	455	765	  1	
338	 98	765	  1	
338	126	765	  1	
338	280	765	  1	
338	327	765	  1	
339	191	765	  1	
339	288	765	  1	
339	295	765	  1	
339	305	765	  1	
340	373	765	  1	
341	 14	765	  1	
341	119	765	  1	
341	235	765	  1	
342	248	765	  1	
342	286	765	  1	
342	319	765	  1	
343	 95	765	  1	
343	480	765	  1	
343	495	765	  1	
343	531	765	  1	
344	  0	765	  1	
344	 19	765	  1	
344	 77	765	  1	
344	136	765	  1	
344	222	765	  1	
344	231	765	  1	
344	262	765	  1	
344	291	765	  1	
344	335	765	  1	
344	344	765	  1	
344	423	765	  1	
345	192	765	  1	
345	280	765	  1	
346	 16	765	  1	
347	 80	765	  1	
347	124	765	  1	
347	144	765	  1	
347	216	765	  1	
347	232	765	  1	
347	272	765	  1	
347	328	765	  1	
347	472	765	  1	
348	220	765	  1	
348	228	765	  1	
348	295	765	  1	
349	 72	765	  1	
349	448	765	  1	
350	197	765	  1	
350	376	765	  1	
350	383	765	  1	
351	 19	765	  1	
351	104	765	  1	
351	118	765	  1	
351	335	765	  1	
352	  0	765	  1	
352	  8	765	  1	
352	 56	765	  1	
352	 83	765	  1	
352	128	765	  1	
352	152	765	  1	
352	159	765	  1	
352	170	765	  1	
352	200	765	  1	
352	214	765	  1	
352	240	765	  1	
352	247	765	  1	
352	320	765	  1	
352	375	765	  1	
352	398	765	  1	
352	408	765	  1	
352	435	765	  1	
352	531	765	  1	
353	 96	765	  1	
353	117	765	  1	
354	327	765	  1	
354	429	765	  1	
355	 16	765	  1	
355	 22	765	  1	
355	232	765	  1	
356	478	765	  1	
357	168	765	  1	
357	268	765	  1	
357	287	765	  1	
357	384	765	  1	
358	104	765	  1	
358	472	765	  1	
359	116	765	  1	
359	152	765	  1	
359	159	765	  1	
359	214	765	  1	
359	256	765	  1	
359	320	765	  1	
359	496	765	  1	
360	 42	765	  1	
360	 81	765	  1	
360	101	765	  1	
360	184	765	  1	
360	192	765	  1	
360	232	765	  1	
360	246	765	  1	
360	362	765	  1	
360	479	765	  1	
362	239	765	  1	
362	380	765	  1	
362	446	765	  1	
363	150	765	  1	
363	327	765	  1	
363	415	765	  1	
363	432	765	  1	
364	 80	765	  1	
364	 85	765	  1	
364	201	765	  1	
365	  0	765	  1	
365	 40	765	  1	
365	 47	765	  1	
365	128	765	  1	
365	135	765	  1	
365	448	765	  1	
365	455	765	  1	
366	394	765	  1	
366	399	765	  1	
367	245	765	  1	
367	320	765	  1	
367	375	765	  1	
367	475	765	  1	
368	  4	765	  1	
368	 75	765	  1	
368	243	765	  1	
368	365	765	  1	
368	464	765	  1	
368	514	765	  1	
369	 55	765	  1	
370	 96	765	  1	
371	 87	765	  1	
371	104	765	  1	
371	448	765	  1	
372	543	765	  1	
372	576	765	  1	
373	 68	765	  1	
373	150	765	  1	
373	184	765	  1	
373	464	765	  1	
373	480	765	  1	
374	102	765	  1	
374	599	765	  1	
375	 48	765	  1	
375	125	765	  1	
375	135	765	  1	
375	272	765	  1	
376	 22	765	  1	
376	 45	765	  1	
376	 50	765	  1	
376	 80	765	  1	
376	112	765	  1	
376	116	765	  1	
376	142	765	  1	
376	160	765	  1	
376	237	765	  1	
376	300	765	  1	
376	407	765	  1	
376	427	765	  1	
376	440	765	  1	
376	497	765	  1	
376	568	765	  1	
377	107	765	  1	
377	136	765	  1	
378	 16	765	  1	
378	401	765	  1	
379	103	765	  1	
379	230	765	  1	
379	264	765	  1	
379	349	765	  1	
379	438	765	  1	
379	570	765	  1	
380	568	765	  1	
381	 55	765	  1	
381	131	765	  1	
381	150	765	  1	
381	200	765	  1	
382	270	765	  1	
383	 45	765	  1	
383	 98	765	  1	
383	103	765	  1	
383	120	765	  1	
383	138	765	  1	
383	187	765	  1	
383	303	765	  1	
383	344	765	  1	
383	407	765	  1	
383	424	765	  1	
383	431	765	  1	
384	  8	765	  1	
384	 56	765	  1	
384	 63	765	  1	
384	 75	765	  1	
384	112	765	  1	
384	173	765	  1	
384	197	765	  1	
384	208	765	  1	
384	290	765	  1	
384	295	765	  1	
384	306	765	  1	
384	312	765	  1	
384	360	765	  1	
384	471	765	  1	
385	168	765	  1	
386	 48	765	  1	
386	 80	765	  1	
386	127	765	  1	
386	195	765	  1	
387	 88	765	  1	
388	 31	765	  1	
388	464	765	  1	
389	391	765	  1	
390	207	765	  1	
391	 55	765	  1	
391	115	765	  1	
391	124	765	  1	
391	136	765	  1	
391	303	765	  1	
392	  0	765	  1	
392	 40	765	  1	
392	 47	765	  1	
392	106	765	  1	
392	151	765	  1	
392	233	765	  1	
392	300	765	  1	
392	312	765	  1	
392	320	765	  1	
392	389	765	  1	
392	398	765	  1	
392	438	765	  1	
393	 88	765	  1	
394	111	765	  1	
395	144	765	  1	
395	184	765	  1	
395	200	765	  1	
395	256	765	  1	
397	120	765	  1	
397	127	765	  1	
397	136	765	  1	
397	143	765	  1	
398	104	765	  1	
398	375	765	  1	
398	408	765	  1	
398	436	765	  1	
399	 39	765	  1	
399	 43	765	  1	
399	 51	765	  1	
399	151	765	  1	
399	206	765	  1	
399	398	765	  1	
400	 47	765	  1	
400	 64	765	  1	
400	 70	765	  1	
400	110	765	  1	
400	114	765	  1	
400	123	765	  1	
400	128	765	  1	
400	139	765	  1	
400	160	765	  1	
400	168	765	  1	
400	182	765	  1	
400	192	765	  1	
400	198	765	  1	
400	208	765	  1	
400	216	765	  1	
400	220	765	  1	
400	224	765	  1	
400	240	765	  1	
400	268	765	  1	
400	303	765	  1	
400	387	765	  1	
400	395	765	  1	
400	405	765	  1	
400	446	765	  1	
401	  8	765	  1	
403	 26	765	  1	
403	152	765	  1	
403	167	765	  1	
403	299	765	  1	
403	543	765	  1	
404	 32	765	  1	
404	200	765	  1	
405	172	765	  1	
405	199	765	  1	
405	383	765	  1	
405	495	765	  1	
406	 39	765	  1	
406	116	765	  1	
406	180	765	  1	
406	207	765	  1	
407	 10	765	  1	
407	 31	765	  1	
407	128	765	  1	
407	446	765	  1	
408	 16	765	  1	
408	 72	765	  1	
408	 96	765	  1	
408	112	765	  1	
408	136	765	  1	
408	141	765	  1	
408	151	765	  1	
408	216	765	  1	
408	224	765	  1	
408	296	765	  1	
408	300	765	  1	
408	339	765	  1	
408	351	765	  1	
408	429	765	  1	
410	 32	765	  1	
410	163	765	  1	
410	231	765	  1	
410	428	765	  1	
412	160	765	  1	
412	378	765	  1	
412	431	765	  1	
413	 23	765	  1	
413	217	765	  1	
413	508	765	  1	
413	554	765	  1	
414	  8	765	  1	
414	140	765	  1	
414	304	765	  1	
415	317	765	  1	
415	320	765	  1	
415	374	765	  1	
416	  3	765	  1	
416	 48	765	  1	
416	 96	765	  1	
416	110	765	  1	
416	155	765	  1	
416	195	765	  1	
416	233	765	  1	
416	277	765	  1	
416	296	765	  1	
416	303	765	  1	
416	343	765	  1	
416	382	765	  1	
416	447	765	  1	
418	 97	765	  1	
418	190	765	  1	
419	 27	765	  1	
419	 32	765	  1	
419	 88	765	  1	
419	127	765	  1	
419	163	765	  1	
419	175	765	  1	
419	271	765	  1	
420	  0	765	  1	
420	343	765	  1	
420	424	765	  1	
420	591	765	  1	
421	 23	765	  1	
421	105	765	  1	
421	144	765	  1	
421	216	765	  1	
422	141	765	  1	
422	162	765	  1	
422	184	765	  1	
422	192	765	  1	
422	235	765	  1	
422	263	765	  1	
422	383	765	  1	
423	 38	765	  1	
423	120	765	  1	
423	155	765	  1	
423	167	765	  1	
424	  5	765	  1	
424	 34	765	  1	
424	 54	765	  1	
424	173	765	  1	
424	181	765	  1	
424	278	765	  1	
424	288	765	  1	
424	293	765	  1	
424	304	765	  1	
424	311	765	  1	
424	366	765	  1	
424	455	765	  1	
425	 50	765	  1	
425	488	765	  1	
426	197	765	  1	
427	 64	765	  1	
427	126	765	  1	
427	146	765	  1	
427	292	765	  1	
428	106	765	  1	
428	112	765	  1	
429	 30	765	  1	
429	 86	765	  1	
429	360	765	  1	
430	 78	765	  1	
430	 96	765	  1	
430	100	765	  1	
430	151	765	  1	
430	182	765	  1	
430	223	765	  1	
431	 34	765	  1	
431	307	765	  1	
432	 66	765	  1	
432	 75	765	  1	
432	135	765	  1	
432	138	765	  1	
432	163	765	  1	
432	171	765	  1	
432	208	765	  1	
432	269	765	  1	
433	156	765	  1	
433	232	765	  1	
433	239	765	  1	
434	  1	765	  1	
434	 96	765	  1	
434	264	765	  1	
434	295	765	  1	
435	215	765	  1	
435	278	765	  1	
436	120	765	  1	
437	  2	765	  1	
437	  7	765	  1	
437	 16	765	  1	
437	 64	765	  1	
437	 71	765	  1	
437	154	765	  1	
437	288	765	  1	
437	310	765	  1	
437	421	765	  1	
438	 23	765	  1	
438	127	765	  1	
438	455	765	  1	
439	103	765	  1	
440	 15	765	  1	
440	 48	765	  1	
440	 59	765	  1	
440	 66	765	  1	
440	 75	765	  1	
440	 98	765	  1	
440	136	765	  1	
440	219	765	  1	
440	251	765	  1	
441	 24	765	  1	
442	110	765	  1	
442	155	765	  1	
442	402	765	  1	
443	143	765	  1	
443	248	765	  1	
444	152	765	  1	
445	 96	765	  1	
445	100	765	  1	
445	208	765	  1	
445	215	765	  1	
446	  3	765	  1	
446	 75	765	  1	
446	104	765	  1	
446	134	765	  1	
446	232	765	  1	
447	263	765	  1	
447	367	765	  1	
447	446	765	  1	
447	551	765	  1	
448	 13	765	  1	
448	 83	765	  1	
448	120	765	  1	
448	128	765	  1	
448	144	765	  1	
448	152	765	  1	
448	160	765	  1	
448	168	765	  1	
448	224	765	  1	
448	231	765	  1	
448	242	765	  1	
448	247	765	  1	
448	456	765	  1	
448	480	765	  1	
448	501	765	  1	
450	150	765	  1	
450	259	765	  1	
452	 10	765	  1	
452	172	765	  1	
452	208	765	  1	
453	 59	765	  1	
453	114	765	  1	
453	163	765	  1	
453	244	765	  1	
454	 13	765	  1	
454	122	765	  1	
454	144	765	  1	
454	152	765	  1	
454	227	765	  1	
454	252	765	  1	
454	488	765	  1	
455	 50	765	  1	
455	127	765	  1	
455	131	765	  1	
455	248	765	  1	
455	270	765	  1	
455	397	765	  1	
455	559	765	  1	
456	 90	765	  1	
456	 94	765	  1	
456	105	765	  1	
456	194	765	  1	
456	360	765	  1	
456	456	765	  1	
456	543	765	  1	
457	 47	765	  1	
457	152	765	  1	
458	111	765	  1	
458	142	765	  1	
458	184	765	  1	
459	  2	765	  1	
459	216	765	  1	
459	240	765	  1	
460	 94	765	  1	
461	 34	765	  1	
461	 40	765	  1	
461	176	765	  1	
461	192	765	  1	
461	199	765	  1	
461	248	765	  1	
462	 50	765	  1	
462	254	765	  1	
463	 44	765	  1	
463	136	765	  1	
463	224	765	  1	
463	279	765	  1	
463	544	765	  1	
464	118	765	  1	
464	487	765	  1	
466	110	765	  1	
466	191	765	  1	
466	376	765	  1	
467	 72	765	  1	
468	 37	765	  1	
468	 95	765	  1	
468	441	765	  1	
469	  8	765	  1	
469	 47	765	  1	
469	 56	765	  1	
469	135	765	  1	
469	439	765	  1	
471	116	765	  1	
472	 29	765	  1	
472	 43	765	  1	
472	 59	765	  1	
472	100	765	  1	
472	120	765	  1	
472	126	765	  1	
472	140	765	  1	
472	144	765	  1	
472	150	765	  1	
472	194	765	  1	
472	222	765	  1	
472	288	765	  1	
474	 79	765	  1	
474	147	765	  1	
475	 90	765	  1	
477	 24	765	  1	
477	134	765	  1	
477	255	765	  1	
477	272	765	  1	
477	299	765	  1	
478	144	765	  1	
478	151	765	  1	
478	359	765	  1	
479	 40	765	  1	
479	 47	765	  1	
479	 56	765	  1	
479	 63	765	  1	
479	 74	765	  1	
479	194	765	  1	
479	222	765	  1	
480	 27	765	  1	
480	 65	765	  1	
480	 90	765	  1	
480	 94	765	  1	
480	104	765	  1	
480	117	765	  1	
480	263	765	  1	
480	280	765	  1	
480	284	765	  1	
481	 71	765	  1	
482	 54	765	  1	
482	 80	765	  1	
482	224	765	  1	
483	 32	765	  1	
483	184	765	  1	
483	191	765	  1	
484	160	765	  1	
484	344	765	  1	
485	 72	765	  1	
485	 79	765	  1	
485	 86	765	  1	
485	128	765	  1	
485	248	765	  1	
485	597	765	  1	
486	 12	765	  1	
486	 54	765	  1	
486	167	765	  1	
486	231	765	  1	
487	 60	765	  1	
487	259	765	  1	
487	287	765	  1	
488	  0	765	  1	
488	 18	765	  1	
488	 32	765	  1	
488	 66	765	  1	
488	 71	765	  1	
488	136	765	  1	
488	152	765	  1	
488	156	765	  1	
488	176	765	  1	
488	208	765	  1	
488	214	765	  1	
488	219	765	  1	
488	224	765	  1	
488	228	765	  1	
488	240	765	  1	
488	246	765	  1	
488	306	765	  1	
489	267	765	  1	
491	 47	765	  1	
491	120	765	  1	
491	272	765	  1	
492	101	765	  1	
493	 16	765	  1	
493	 23	765	  1	
493	208	765	  1	
493	215	765	  1	
493	243	765	  1	
493	320	765	  1	
495	 32	765	  1	
495	 96	765	  1	
495	200	765	  1	
496	  8	765	  1	
496	 72	765	  1	
496	 89	765	  1	
496	104	765	  1	
496	111	765	  1	
496	114	765	  1	
496	141	765	  1	
496	240	765	  1	
496	293	765	  1	
496	343	765	  1	
497	135	765	  1	
498	237	765	  1	
499	124	765	  1	
499	178	765	  1	
499	232	765	  1	
499	280	765	  1	
500	125	765	  1	
500	290	765	  1	
501	 64	765	  1	
501	112	765	  1	
501	148	765	  1	
501	160	765	  1	
502	104	765	  1	
502	352	765	  1	
503	 22	765	  1	
503	 40	765	  1	
503	286	765	  1	
503	359	765	  1	
504	  0	765	  1	
504	 29	765	  1	
504	 56	765	  1	
504	 83	765	  1	
504	125	765	  1	
504	155	765	  1	
504	176	765	  1	
504	200	765	  1	
504	222	765	  1	
504	250	765	  1	
504	274	765	  1	
504	320	765	  1	
504	336	765	  1	
504	360	765	  1	
505	243	765	  1	
506	261	765	  1	
506	280	765	  1	
507	 98	765	  1	
509	159	765	  1	
509	210	765	  1	
509	258	765	  1	
510	126	765	  1	
511	 59	765	  1	
511	 80	765	  1	
511	 87	765	  1	
511	222	765	  1	
511	254	765	  1	
511	320	765	  1	
511	340	765	  1	
511	348	765	  1	
511	360	765	  1	
512	 62	765	  1	
512	103	765	  1	
512	136	765	  1	
512	160	765	  1	
512	166	765	  1	
512	183	765	  1	
512	208	765	  1	
512	219	765	  1	
512	227	765	  1	
512	239	765	  1	
512	251	765	  1	
512	262	765	  1	
512	330	765	  1	
512	335	765	  1	
514	176	765	  1	
514	190	765	  1	
514	296	765	  1	
514	303	765	  1	
514	471	765	  1	
515	 83	765	  1	
515	 92	765	  1	
515	232	765	  1	
515	240	765	  1	
515	271	765	  1	
517	163	765	  1	
517	263	765	  1	
517	362	765	  1	
518	 80	765	  1	
518	184	765	  1	
518	330	765	  1	
519	143	765	  1	
519	211	765	  1	
519	248	765	  1	
519	255	765	  1	
519	264	765	  1	
519	335	765	  1	
520	  5	765	  1	
520	 16	765	  1	
520	112	765	  1	
520	117	765	  1	
520	265	765	  1	
520	279	765	  1	
521	 58	765	  1	
521	120	765	  1	
521	125	765	  1	
521	134	765	  1	
522	 40	765	  1	
522	 48	765	  1	
523	240	765	  1	
523	272	765	  1	
523	288	765	  1	
525	  0	765	  1	
525	 89	765	  1	
525	 95	765	  1	
525	215	765	  1	
525	328	765	  1	
526	 63	765	  1	
526	128	765	  1	
526	226	765	  1	
527	 16	765	  1	
527	184	765	  1	
527	279	765	  1	
528	  3	765	  1	
528	104	765	  1	
528	122	765	  1	
528	127	765	  1	
528	149	765	  1	
528	288	765	  1	
528	312	765	  1	
528	336	765	  1	
529	136	765	  1	
530	108	765	  1	
530	235	765	  1	
530	253	765	  1	
530	279	765	  1	
532	126	765	  1	
533	154	765	  1	
533	159	765	  1	
533	220	765	  1	
533	245	765	  1	
533	293	765	  1	
533	359	765	  1	
534	 92	765	  1	
534	142	765	  1	
534	272	765	  1	
535	 51	765	  1	
535	 56	765	  1	
535	121	765	  1	
535	133	765	  1	
536	 88	765	  1	
536	128	765	  1	
536	168	765	  1	
536	181	765	  1	
536	191	765	  1	
536	303	765	  1	
536	312	765	  1	
536	317	765	  1	
536	375	765	  1	
538	158	765	  1	
539	 80	765	  1	
539	 95	765	  1	
539	295	765	  1	
539	368	765	  1	
542	195	765	  1	
542	352	765	  1	
543	 88	765	  1	
543	189	765	  1	
543	243	765	  1	
543	303	765	  1	
543	312	765	  1	
543	317	765	  1	
543	375	765	  1	
544	 10	765	  1	
544	 15	765	  1	
544	 82	765	  1	
544	104	765	  1	
544	112	765	  1	
544	116	765	  1	
544	160	765	  1	
544	256	765	  1	
544	263	765	  1	
544	280	765	  1	
544	328	765	  1	
544	343	765	  1	
544	360	765	  1	
544	384	765	  1	
545	155	765	  1	
545	462	765	  1	
547	 87	765	  1	
547	178	765	  1	
547	335	765	  1	
547	368	765	  1	
547	391	765	  1	
550	 10	765	  1	
550	 82	765	  1	
551	 15	765	  1	
551	106	765	  1	
551	147	765	  1	
551	259	765	  1	
551	328	765	  1	
551	375	765	  1	
551	384	765	  1	
552	 79	765	  1	
552	200	765	  1	
552	294	765	  1	
552	312	765	  1	
552	414	765	  1	
554	 56	765	  1	
554	142	765	  1	
554	231	765	  1	
554	459	765	  1	
555	104	765	  1	
555	187	765	  1	
555	304	765	  1	
556	408	765	  1	
558	119	765	  1	
558	136	765	  1	
558	156	765	  1	
559	208	765	  1	
559	312	765	  1	
560	 96	765	  1	
560	100	765	  1	
560	120	765	  1	
560	144	765	  1	
560	176	765	  1	
560	250	765	  1	
560	255	765	  1	
560	264	765	  1	
560	270	765	  1	
560	275	765	  1	
560	326	765	  1	
560	376	765	  1	
561	389	765	  1	
562	384	765	  1	
563	107	765	  1	
563	150	765	  1	
563	181	765	  1	
563	224	765	  1	
563	311	765	  1	
563	383	765	  1	
564	292	765	  1	
564	332	765	  1	
565	136	765	  1	
565	143	765	  1	
565	455	765	  1	
567	120	765	  1	
567	230	765	  1	
567	376	765	  1	
567	426	765	  1	
568	  5	765	  1	
568	 70	765	  1	
568	 88	765	  1	
568	133	765	  1	
568	152	765	  1	
568	156	765	  1	
568	160	765	  1	
568	167	765	  1	
568	192	765	  1	
568	243	765	  1	
568	275	765	  1	
568	423	765	  1	
570	128	765	  1	
570	232	765	  1	
571	112	765	  1	
571	136	765	  1	
572	239	765	  1	
573	  0	765	  1	
573	224	765	  1	
573	255	765	  1	
574	134	765	  1	
574	431	765	  1	
575	 14	765	  1	
575	163	765	  1	
575	232	765	  1	
575	276	765	  1	
575	576	765	  1	
576	  7	765	  1	
576	 83	765	  1	
576	168	765	  1	
576	184	765	  1	
576	200	765	  1	
576	221	765	  1	
576	238	765	  1	
576	256	765	  1	
576	279	765	  1	
576	319	765	  1	
576	364	765	  1	
577	312	765	  1	
578	  9	765	  1	
578	114	765	  1	
578	232	765	  1	
579	102	765	  1	
579	207	765	  1	
579	272	765	  1	
579	311	765	  1	
581	216	765	  1	
581	367	765	  1	
582	  2	765	  1	
582	263	765	  1	
583	 83	765	  1	
583	200	765	  1	
583	279	765	  1	
583	300	765	  1	
583	443	765	  1	
584	 80	765	  1	
584	 92	765	  1	
584	112	765	  1	
584	147	765	  1	
584	189	765	  1	
584	226	765	  1	
584	302	765	  1	
584	386	765	  1	
586	236	765	  1	
588	119	765	  1	
589	216	765	  1	
589	403	765	  1	
590	184	765	  1	
590	192	765	  1	
590	274	765	  1	
590	384	765	  1	
590	432	765	  1	
591	 80	765	  1	
591	264	765	  1	
591	315	765	  1	
592	183	765	  1	
592	209	765	  1	
592	243	765	  1	
592	275	765	  1	
592	360	765	  1	
592	368	765	  1	
593	 91	765	  1	
594	439	765	  1	
595	 96	765	  1	
595	375	765	  1	
595	416	765	  1	
596	105	765	  1	
596	229	765	  1	
596	389	765	  1	
597	 99	765	  1	
597	199	765	  1	
597	567	765	  1	
598	 35	765	  1	
598	280	765	  1	
598	286	765	  1	
598	367	765	  1	
599	247	765	  1	
600	192	765	  1	
600	216	765	  1	
600	263	765	  1	
600	267	765	  1	
600	272	765	  1	
600	279	765	  1	
600	296	765	  1	
600	375	765	  1	
603	280	765	  1	
604	232	765	  1	
605	243	765	  1	
605	255	765	  1	
605	303	765	  1	
606	286	765	  1	
607	234	765	  1	
607	275	765	  1	
607	371	765	  1	
608	221	765	  1	
608	227	765	  1	
608	241	765	  1	
608	256	765	  1	
608	288	765	  1	
608	295	765	  1	
608	328	765	  1	
608	351	765	  1	
608	367	765	  1	
608	404	765	  1	
611	  2	765	  1	
611	335	765	  1	
611	383	765	  1	
612	 71	765	  1	
613	260	765	  1	
614	323	765	  1	
615	291	765	  1	
615	348	765	  1	
615	367	765	  1	
615	394	765	  1	
616	 88	765	  1	
616	230	765	  1	
616	287	765	  1	
616	410	765	  1	
616	415	765	  1	
619	 54	765	  1	
619	223	765	  1	
621	 72	765	  1	
621	284	765	  1	
622	 91	765	  1	
622	213	765	  1	
622	253	765	  1	
622	275	765	  1	
623	  7	765	  1	
624	 53	765	  1	
624	 87	765	  1	
624	119	765	  1	
624	176	765	  1	
624	203	765	  1	
624	272	765	  1	
624	279	765	  1	
626	285	765	  1	
630	 87	765	  1	
630	280	765	  1	
631	419	765	  1	
632	  8	765	  1	
632	266	765	  1	
632	317	765	  1	
634	 77	765	  1	
634	391	765	  1	
638	152	765	  1	
638	159	765	  1	
639	 79	765	  1	
639	102	765	  1	
639	202	765	  1	
640	280	765	  1	
640	287	765	  1	
644	167	765	  1	
644	429	765	  1	
645	129	765	  1	
646	136	765	  1	
647	 23	765	  1	
647	 79	765	  1	
647	283	765	  1	
648	 91	765	  1	
648	192	765	  1	
648	241	765	  1	
648	256	765	  1	
648	315	765	  1	
650	224	765	  1	
652	372	765	  1	
654	176	765	  1	
655	192	765	  1	
656	 87	765	  1	
656	258	765	  1	
663	 75	765	  1	
663	 87	765	  1	
663	139	765	  1	
664	  7	765	  1	
664	144	765	  1	
664	282	765	  1	
667	131	765	  1	
667	151	765	  1	
671	144	765	  1	
672	 68	765	  1	
674	392	765	  1	
677	111	765	  1	
679	102	765	  1	
680	248	765	  1	
680	564	765	  1	
688	144	765	  1	
688	483	765	  1	
694	464	765	  1	
696	204	765	  1	
696	215	765	  1	
702	 12	765	  1	
702	162	765	  1	
704	413	765	  1	
711	176	765	  1	
714	216	765	  1	
720	431	765	  1	
730	556	765	  1	
735	182	765	  1	
740	369	765	  1	
760	287	765	  1	
767	167	765	  1	
795	184	765	  1	
