# 
#  Image file: Goad1_T0097.jpg
#  Applied threshold: 575
#  Algorithm used: fill2                 
#  Particle count: 1928
#  Location (x,y), max luminance, and mass:
# 
  0	155	765	  1	
  0	160	765	  1	
  4	192	765	  1	
  7	248	765	  1	
  7	360	765	  1	
 12	375	765	  1	
 13	 15	765	  1	
 13	183	765	  1	
 18	234	765	  1	
 19	496	765	  1	
 32	312	765	  1	
 40	128	765	  1	
 47	128	765	  1	
 48	119	765	  1	
 48	200	765	  1	
 48	256	765	  1	
 56	103	765	  1	
 71	 95	765	  1	
 71	202	765	  1	
 71	363	765	  1	
 72	435	765	  1	
 77	 12	765	  1	
 77	360	765	  1	
 77	595	765	  1	
 79	200	765	  1	
 80	243	765	  1	
 83	 96	765	  1	
 83	342	765	  1	
 84	176	765	  1	
 84	210	765	  1	
 87	283	765	  1	
 88	151	765	  1	
 88	232	765	  1	
 88	239	765	  1	
 88	311	765	  1	
 88	396	765	  1	
 91	215	765	  1	
 94	322	765	  1	
 95	 87	765	  1	
 95	224	765	  1	
 96	120	765	  1	
 96	352	765	  1	
 96	543	765	  1	
 99	367	765	  1	
100	370	765	  1	
101	104	765	  1	
101	226	765	  1	
101	361	765	  1	
102	123	765	  1	
103	164	765	  1	
103	590	765	  1	
104	404	765	  1	
104	588	765	  1	
104	592	765	  1	
108	448	765	  1	
109	215	765	  1	
111	404	765	  1	
111	413	765	  1	
111	438	765	  1	
111	463	765	  1	
112	 95	765	  1	
114	376	765	  1	
117	383	765	  1	
120	400	765	  1	
123	  0	765	  1	
123	126	765	  1	
123	215	765	  1	
125	 66	765	  1	
125	168	765	  1	
126	167	765	  1	
127	535	765	  1	
128	  8	765	  1	
128	136	765	  1	
128	152	765	  1	
128	176	765	  1	
128	187	765	  1	
128	209	765	  1	
128	504	765	  1	
130	128	765	  1	
131	220	765	  1	
131	304	765	  1	
133	135	765	  1	
133	344	765	  1	
134	179	765	  1	
136	 80	765	  1	
136	 95	765	  1	
136	120	765	  1	
136	159	765	  1	
136	374	765	  1	
139	152	765	  1	
140	111	765	  1	
141	140	765	  1	
141	173	765	  1	
141	256	765	  1	
142	223	765	  1	
143	 41	765	  1	
143	136	765	  1	
143	147	765	  1	
143	159	765	  1	
143	399	765	  1	
144	229	765	  1	
144	371	765	  1	
144	390	765	  1	
144	427	765	  1	
144	471	765	  1	
148	224	765	  1	
149	154	765	  1	
149	223	765	  1	
150	132	765	  1	
150	357	765	  1	
150	471	765	  1	
151	139	765	  1	
151	368	765	  1	
151	375	765	  1	
151	494	765	  1	
152	104	765	  1	
152	248	765	  1	
152	287	765	  1	
152	360	765	  1	
152	365	765	  1	
152	439	765	  1	
152	455	765	  1	
152	496	765	  1	
154	232	765	  1	
154	332	765	  1	
157	200	765	  1	
157	275	765	  1	
158	503	765	  1	
159	  0	765	  1	
159	 71	765	  1	
159	263	765	  1	
159	455	765	  1	
160	358	765	  1	
162	347	765	  1	
163	 39	765	  1	
163	 95	765	  1	
164	240	765	  1	
165	168	765	  1	
165	173	765	  1	
167	 63	765	  1	
167	183	765	  1	
167	272	765	  1	
167	279	765	  1	
167	287	765	  1	
167	335	765	  1	
167	337	765	  1	
167	479	765	  1	
168	 19	765	  1	
168	 40	765	  1	
168	 94	765	  1	
168	163	765	  1	
168	196	765	  1	
168	211	765	  1	
168	240	765	  1	
168	262	765	  1	
168	276	765	  1	
168	288	765	  1	
168	320	765	  1	
168	333	765	  1	
168	408	765	  1	
169	328	765	  1	
170	 71	765	  1	
170	140	765	  1	
170	193	765	  1	
170	254	765	  1	
171	 23	765	  1	
171	 57	765	  1	
171	335	765	  1	
172	322	765	  1	
173	196	765	  1	
175	 19	765	  1	
175	 38	765	  1	
175	104	765	  1	
175	194	765	  1	
175	208	765	  1	
175	215	765	  1	
175	224	765	  1	
175	240	765	  1	
175	408	765	  1	
176	152	765	  1	
176	271	765	  1	
176	280	765	  1	
176	287	765	  1	
176	338	765	  1	
176	376	765	  1	
178	230	765	  1	
178	592	765	  1	
179	 16	765	  1	
179	399	765	  1	
180	167	765	  1	
182	 48	765	  1	
182	320	765	  1	
183	 90	765	  1	
183	283	765	  1	
183	324	765	  1	
183	334	765	  1	
183	366	765	  1	
184	103	765	  1	
184	105	765	  1	
184	291	765	  1	
185	223	765	  1	
187	 53	765	  1	
188	216	765	  1	
188	495	765	  1	
189	239	765	  1	
189	426	765	  1	
190	208	765	  1	
190	397	765	  1	
190	464	765	  1	
191	  0	765	  1	
191	 23	765	  1	
191	 96	765	  1	
191	152	765	  1	
191	288	765	  1	
191	295	765	  1	
191	377	765	  1	
191	488	765	  1	
192	 45	765	  1	
192	108	765	  1	
192	120	765	  1	
192	136	765	  1	
192	160	765	  1	
192	199	765	  1	
192	331	765	  1	
192	479	765	  1	
192	503	765	  1	
194	165	765	  1	
195	101	765	  1	
196	 39	765	  1	
196	156	765	  1	
198	310	765	  1	
199	111	765	  1	
199	120	765	  1	
199	152	765	  1	
199	423	765	  1	
199	503	765	  1	
200	 50	765	  1	
200	 56	765	  1	
200	 63	765	  1	
200	142	765	  1	
200	144	765	  1	
200	168	765	  1	
200	175	765	  1	
200	195	765	  1	
200	221	765	  1	
200	328	765	  1	
200	471	765	  1	
203	102	765	  1	
203	166	765	  1	
203	304	765	  1	
203	416	765	  1	
204	132	765	  1	
205	 32	765	  1	
205	376	765	  1	
206	 96	765	  1	
206	160	765	  1	
206	171	765	  1	
207	 38	765	  1	
207	195	765	  1	
207	221	765	  1	
207	374	765	  1	
207	471	765	  1	
208	 24	765	  1	
208	 35	765	  1	
208	 51	765	  1	
208	138	765	  1	
208	159	765	  1	
208	216	765	  1	
208	294	765	  1	
208	335	765	  1	
208	372	765	  1	
208	405	765	  1	
208	433	765	  1	
208	437	765	  1	
210	 40	765	  1	
210	 88	765	  1	
210	238	765	  1	
210	253	765	  1	
210	328	765	  1	
211	  8	765	  1	
211	 31	765	  1	
211	128	765	  1	
211	152	765	  1	
211	248	765	  1	
211	415	765	  1	
212	123	765	  1	
212	375	765	  1	
213	 53	765	  1	
213	143	765	  1	
213	187	765	  1	
213	203	765	  1	
213	368	765	  1	
214	 43	765	  1	
214	 48	765	  1	
214	120	765	  1	
214	388	765	  1	
214	416	765	  1	
214	433	765	  1	
214	456	765	  1	
215	 24	765	  1	
215	 32	765	  1	
215	 39	765	  1	
215	 64	765	  1	
215	511	765	  1	
216	  0	765	  1	
216	104	765	  1	
216	163	765	  1	
216	230	765	  1	
216	246	765	  1	
216	248	765	  1	
216	264	765	  1	
216	343	765	  1	
218	254	765	  1	
219	 72	765	  1	
219	331	765	  1	
219	367	765	  1	
219	488	765	  1	
220	189	765	  1	
221	  8	765	  1	
221	110	765	  1	
222	248	765	  1	
222	267	765	  1	
223	 88	765	  1	
223	160	765	  1	
223	167	765	  1	
223	183	765	  1	
223	245	765	  1	
224	152	765	  1	
224	176	765	  1	
224	219	765	  1	
224	256	765	  1	
224	263	765	  1	
224	271	765	  1	
224	344	765	  1	
224	376	765	  1	
224	383	765	  1	
224	416	765	  1	
225	 56	765	  1	
226	 24	765	  1	
226	 80	765	  1	
227	215	765	  1	
227	264	765	  1	
228	 86	765	  1	
228	 90	765	  1	
228	338	765	  1	
230	182	765	  1	
231	 71	765	  1	
231	 80	765	  1	
231	216	765	  1	
231	223	765	  1	
231	259	765	  1	
231	271	765	  1	
231	379	765	  1	
231	416	765	  1	
231	480	765	  1	
232	 24	765	  1	
232	 31	765	  1	
232	 56	765	  1	
232	 60	765	  1	
232	 99	765	  1	
232	122	765	  1	
232	168	765	  1	
232	192	765	  1	
232	305	765	  1	
232	320	765	  1	
232	328	765	  1	
232	364	765	  1	
232	371	765	  1	
232	393	765	  1	
232	398	765	  1	
232	456	765	  1	
232	464	765	  1	
232	594	765	  1	
233	 14	765	  1	
233	379	765	  1	
234	 86	765	  1	
234	334	765	  1	
236	 72	765	  1	
236	152	765	  1	
237	174	765	  1	
237	326	765	  1	
237	394	765	  1	
237	399	765	  1	
237	599	765	  1	
238	 64	765	  1	
238	 93	765	  1	
238	165	765	  1	
238	376	765	  1	
238	382	765	  1	
239	  8	765	  1	
239	 13	765	  1	
239	 27	765	  1	
239	368	765	  1	
240	  5	765	  1	
240	 24	765	  1	
240	 37	765	  1	
240	 41	765	  1	
240	148	765	  1	
240	195	765	  1	
240	200	765	  1	
240	264	765	  1	
240	267	765	  1	
240	286	765	  1	
240	352	765	  1	
240	453	765	  1	
240	462	765	  1	
241	 64	765	  1	
242	 72	765	  1	
242	 79	765	  1	
242	112	765	  1	
242	279	765	  1	
242	360	765	  1	
243	376	765	  1	
243	400	765	  1	
245	  0	765	  1	
245	148	765	  1	
245	156	765	  1	
245	440	765	  1	
246	 75	765	  1	
246	366	765	  1	
246	459	765	  1	
246	464	765	  1	
246	596	765	  1	
247	 39	765	  1	
247	286	765	  1	
247	352	765	  1	
248	  8	765	  1	
248	 14	765	  1	
248	 18	765	  1	
248	 47	765	  1	
248	 61	765	  1	
248	 79	765	  1	
248	 88	765	  1	
248	 96	765	  1	
248	160	765	  1	
248	184	765	  1	
248	190	765	  1	
248	261	765	  1	
248	277	765	  1	
248	304	765	  1	
248	320	765	  1	
248	344	765	  1	
248	350	765	  1	
248	389	765	  1	
248	400	765	  1	
248	435	765	  1	
249	 72	765	  1	
250	 56	765	  1	
250	256	765	  1	
250	288	765	  1	
251	272	765	  1	
251	311	765	  1	
251	327	765	  1	
251	384	765	  1	
252	584	765	  1	
253	120	765	  1	
253	131	765	  1	
253	166	765	  1	
253	324	765	  1	
254	 62	765	  1	
254	 87	765	  1	
254	187	765	  1	
254	261	765	  1	
255	158	765	  1	
255	290	765	  1	
255	366	765	  1	
255	432	765	  1	
255	439	765	  1	
256	 64	765	  1	
256	108	765	  1	
256	115	765	  1	
256	168	765	  1	
256	175	765	  1	
256	184	765	  1	
256	208	765	  1	
256	214	765	  1	
256	232	765	  1	
256	239	765	  1	
256	272	765	  1	
256	277	765	  1	
256	312	765	  1	
256	316	765	  1	
256	338	765	  1	
256	358	765	  1	
256	447	765	  1	
256	487	765	  1	
256	504	765	  1	
257	344	765	  1	
258	170	765	  1	
258	296	765	  1	
258	352	765	  1	
259	136	765	  1	
259	389	765	  1	
260	440	765	  1	
261	144	765	  1	
261	224	765	  1	
261	376	765	  1	
262	  8	765	  1	
262	126	765	  1	
262	177	765	  1	
262	274	765	  1	
262	279	765	  1	
263	168	765	  1	
263	175	765	  1	
263	235	765	  1	
263	349	765	  1	
263	356	765	  1	
263	535	765	  1	
264	 29	765	  1	
264	 42	765	  1	
264	 48	765	  1	
264	 54	765	  1	
264	 74	765	  1	
264	129	765	  1	
264	133	765	  1	
264	136	765	  1	
264	161	765	  1	
264	216	765	  1	
264	240	765	  1	
264	246	765	  1	
264	256	765	  1	
264	264	765	  1	
264	270	765	  1	
264	275	765	  1	
264	280	765	  1	
264	325	765	  1	
264	408	765	  1	
264	476	765	  1	
264	528	765	  1	
266	350	765	  1	
267	 15	765	  1	
267	 45	765	  1	
267	232	765	  1	
267	312	765	  1	
268	 71	765	  1	
268	256	765	  1	
269	  0	765	  1	
269	 78	765	  1	
269	100	765	  1	
269	115	765	  1	
269	143	765	  1	
269	243	765	  1	
269	400	765	  1	
269	414	765	  1	
270	325	765	  1	
271	 51	765	  1	
271	466	765	  1	
271	479	765	  1	
271	519	765	  1	
272	 27	765	  1	
272	181	765	  1	
272	191	765	  1	
272	229	765	  1	
272	238	765	  1	
272	322	765	  1	
272	330	765	  1	
272	357	765	  1	
272	384	765	  1	
272	394	765	  1	
272	421	765	  1	
272	464	765	  1	
272	471	765	  1	
272	496	765	  1	
272	536	765	  1	
273	138	765	  1	
273	264	765	  1	
273	271	765	  1	
274	224	765	  1	
275	 39	765	  1	
275	248	765	  1	
275	294	765	  1	
276	285	765	  1	
277	240	765	  1	
277	256	765	  1	
277	303	765	  1	
278	230	765	  1	
278	352	765	  1	
278	467	765	  1	
278	540	765	  1	
279	 24	765	  1	
279	 31	765	  1	
279	 72	765	  1	
279	394	765	  1	
279	519	765	  1	
280	 16	765	  1	
280	 83	765	  1	
280	 91	765	  1	
280	104	765	  1	
280	153	765	  1	
280	163	765	  1	
280	216	765	  1	
280	224	765	  1	
280	264	765	  1	
280	292	765	  1	
280	295	765	  1	
280	299	765	  1	
280	308	765	  1	
280	312	765	  1	
280	350	765	  1	
280	368	765	  1	
280	375	765	  1	
280	386	765	  1	
280	391	765	  1	
280	417	765	  1	
280	439	765	  1	
281	353	765	  1	
283	  0	765	  1	
283	159	765	  1	
283	284	765	  1	
283	409	765	  1	
283	442	765	  1	
284	136	765	  1	
284	439	765	  1	
284	443	765	  1	
285	 50	765	  1	
285	168	765	  1	
285	239	765	  1	
285	296	765	  1	
285	344	765	  1	
285	415	765	  1	
286	386	765	  1	
286	511	765	  1	
287	104	765	  1	
287	312	765	  1	
287	359	765	  1	
287	391	765	  1	
288	 63	765	  1	
288	213	765	  1	
288	355	765	  1	
288	384	765	  1	
288	392	765	  1	
288	452	765	  1	
289	200	765	  1	
289	207	765	  1	
290	 54	765	  1	
290	 80	765	  1	
290	296	765	  1	
290	399	765	  1	
290	472	765	  1	
290	520	765	  1	
291	 48	765	  1	
291	 57	765	  1	
291	160	765	  1	
291	299	765	  1	
291	359	765	  1	
291	414	765	  1	
291	555	765	  1	
291	574	765	  1	
293	  0	765	  1	
293	 63	765	  1	
293	128	765	  1	
293	136	765	  1	
293	143	765	  1	
293	291	765	  1	
293	527	765	  1	
294	 27	765	  1	
294	 86	765	  1	
294	349	765	  1	
295	 95	765	  1	
295	311	765	  1	
295	398	765	  1	
295	472	765	  1	
296	  8	765	  1	
296	 24	765	  1	
296	 59	765	  1	
296	101	765	  1	
296	112	765	  1	
296	151	765	  1	
296	184	765	  1	
296	218	765	  1	
296	232	765	  1	
296	293	765	  1	
296	318	765	  1	
296	355	765	  1	
296	383	765	  1	
297	 63	765	  1	
298	 49	765	  1	
298	190	765	  1	
298	216	765	  1	
298	223	765	  1	
299	144	765	  1	
299	344	765	  1	
299	376	765	  1	
300	 58	765	  1	
300	492	765	  1	
301	 29	765	  1	
301	160	765	  1	
301	315	765	  1	
301	352	765	  1	
301	455	765	  1	
301	495	765	  1	
302	 48	765	  1	
302	184	765	  1	
302	219	765	  1	
302	386	765	  1	
302	491	765	  1	
303	  2	765	  1	
303	151	765	  1	
303	383	765	  1	
304	 96	765	  1	
304	131	765	  1	
304	142	765	  1	
304	200	765	  1	
304	226	765	  1	
304	231	765	  1	
304	238	765	  1	
304	246	765	  1	
304	286	765	  1	
304	320	765	  1	
304	327	765	  1	
304	334	765	  1	
304	344	765	  1	
304	410	765	  1	
304	472	765	  1	
304	496	765	  1	
305	293	765	  1	
306	234	765	  1	
306	409	765	  1	
306	528	765	  1	
307	 56	765	  1	
307	184	765	  1	
307	371	765	  1	
307	408	765	  1	
307	592	765	  1	
308	  6	765	  1	
308	221	765	  1	
308	419	765	  1	
309	 15	765	  1	
309	203	765	  1	
309	216	765	  1	
309	302	765	  1	
309	349	765	  1	
310	  0	765	  1	
310	225	765	  1	
310	598	765	  1	
311	 23	765	  1	
311	128	765	  1	
311	135	765	  1	
311	399	765	  1	
311	450	765	  1	
311	472	765	  1	
311	488	765	  1	
312	 69	765	  1	
312	 76	765	  1	
312	104	765	  1	
312	123	765	  1	
312	133	765	  1	
312	158	765	  1	
312	187	765	  1	
312	216	765	  1	
312	239	765	  1	
312	253	765	  1	
312	304	765	  1	
312	332	765	  1	
312	439	765	  1	
312	474	765	  1	
313	152	765	  1	
314	128	765	  1	
314	223	765	  1	
314	310	765	  1	
315	234	765	  1	
315	240	765	  1	
315	278	765	  1	
315	392	765	  1	
315	432	765	  1	
317	 56	765	  1	
317	160	765	  1	
317	326	765	  1	
317	435	765	  1	
318	304	765	  1	
319	184	765	  1	
319	219	765	  1	
319	294	765	  1	
320	  8	765	  1	
320	 21	765	  1	
320	 31	765	  1	
320	101	765	  1	
320	120	765	  1	
320	126	765	  1	
320	171	765	  1	
320	179	765	  1	
320	226	765	  1	
320	250	765	  1	
320	269	765	  1	
320	278	765	  1	
320	299	765	  1	
320	328	765	  1	
320	352	765	  1	
320	384	765	  1	
320	481	765	  1	
320	487	765	  1	
322	288	765	  1	
323	 15	765	  1	
323	165	765	  1	
323	362	765	  1	
323	432	765	  1	
324	296	765	  1	
325	 96	765	  1	
325	119	765	  1	
325	123	765	  1	
325	200	765	  1	
326	451	765	  1	
326	482	765	  1	
327	  8	765	  1	
327	 29	765	  1	
327	278	765	  1	
327	511	765	  1	
328	  2	765	  1	
328	 30	765	  1	
328	128	765	  1	
328	144	765	  1	
328	158	765	  1	
328	219	765	  1	
328	288	765	  1	
328	296	765	  1	
328	312	765	  1	
328	352	765	  1	
328	367	765	  1	
328	408	765	  1	
328	447	765	  1	
328	552	765	  1	
328	555	765	  1	
328	560	765	  1	
330	287	765	  1	
330	432	765	  1	
330	496	765	  1	
331	 27	765	  1	
331	 94	765	  1	
331	224	765	  1	
331	301	765	  1	
331	433	765	  1	
331	440	765	  1	
332	 72	765	  1	
332	354	765	  1	
332	364	765	  1	
333	  0	765	  1	
333	  7	765	  1	
333	 87	765	  1	
333	102	765	  1	
333	134	765	  1	
333	223	765	  1	
333	414	765	  1	
333	456	765	  1	
333	567	765	  1	
334	 35	765	  1	
334	 80	765	  1	
334	156	765	  1	
334	312	765	  1	
334	439	765	  1	
335	 16	765	  1	
335	 28	765	  1	
335	232	765	  1	
335	447	765	  1	
335	468	765	  1	
336	 64	765	  1	
336	 70	765	  1	
336	112	765	  1	
336	155	765	  1	
336	159	765	  1	
336	192	765	  1	
336	208	765	  1	
336	215	765	  1	
336	224	765	  1	
336	294	765	  1	
336	391	765	  1	
336	395	765	  1	
336	424	765	  1	
336	443	765	  1	
336	459	765	  1	
336	472	765	  1	
336	547	765	  1	
337	145	765	  1	
337	235	765	  1	
337	280	765	  1	
338	199	765	  1	
338	288	765	  1	
338	448	765	  1	
339	 72	765	  1	
339	231	765	  1	
339	384	765	  1	
339	405	765	  1	
339	543	765	  1	
340	  0	765	  1	
340	100	765	  1	
340	112	765	  1	
340	511	765	  1	
341	480	765	  1	
341	524	765	  1	
342	  7	765	  1	
342	152	765	  1	
342	544	765	  1	
343	211	765	  1	
343	294	765	  1	
343	505	765	  1	
343	535	765	  1	
343	560	765	  1	
344	 14	765	  1	
344	 29	765	  1	
344	 43	765	  1	
344	 50	765	  1	
344	139	765	  1	
344	144	765	  1	
344	168	765	  1	
344	234	765	  1	
344	288	765	  1	
344	293	765	  1	
344	297	765	  1	
344	301	765	  1	
344	313	765	  1	
344	370	765	  1	
344	382	765	  1	
344	432	765	  1	
344	568	765	  1	
346	230	765	  1	
347	187	765	  1	
347	280	765	  1	
347	316	765	  1	
347	567	765	  1	
347	575	765	  1	
349	 48	765	  1	
349	 55	765	  1	
349	114	765	  1	
349	239	765	  1	
349	264	765	  1	
349	284	765	  1	
350	205	765	  1	
350	323	765	  1	
351	 96	765	  1	
351	100	765	  1	
351	110	765	  1	
351	121	765	  1	
351	439	765	  1	
351	560	765	  1	
351	568	765	  1	
351	591	765	  1	
352	 59	765	  1	
352	 82	765	  1	
352	187	765	  1	
352	192	765	  1	
352	219	765	  1	
352	227	765	  1	
352	373	765	  1	
352	387	765	  1	
352	400	765	  1	
352	414	765	  1	
352	442	765	  1	
352	456	765	  1	
352	471	765	  1	
355	 32	765	  1	
355	152	765	  1	
355	463	765	  1	
356	297	765	  1	
356	317	765	  1	
356	406	765	  1	
356	413	765	  1	
357	 40	765	  1	
357	 47	765	  1	
357	 56	765	  1	
357	215	765	  1	
357	230	765	  1	
357	248	765	  1	
357	319	765	  1	
357	382	765	  1	
358	 66	765	  1	
358	315	765	  1	
359	 71	765	  1	
359	184	765	  1	
359	191	765	  1	
359	223	765	  1	
359	300	765	  1	
359	424	765	  1	
359	456	765	  1	
359	471	765	  1	
359	511	765	  1	
360	  5	765	  1	
360	 42	765	  1	
360	 67	765	  1	
360	101	765	  1	
360	131	765	  1	
360	152	765	  1	
360	167	765	  1	
360	219	765	  1	
360	232	765	  1	
360	270	765	  1	
360	368	765	  1	
360	383	765	  1	
360	400	765	  1	
361	 55	765	  1	
361	432	765	  1	
362	  0	765	  1	
362	155	765	  1	
363	376	765	  1	
363	416	765	  1	
364	267	765	  1	
365	 96	765	  1	
365	135	765	  1	
365	379	765	  1	
365	440	765	  1	
366	 65	765	  1	
366	187	765	  1	
366	216	765	  1	
366	223	765	  1	
366	236	765	  1	
366	304	765	  1	
366	371	765	  1	
366	547	765	  1	
367	407	765	  1	
368	 37	765	  1	
368	 56	765	  1	
368	111	765	  1	
368	136	765	  1	
368	143	765	  1	
368	207	765	  1	
368	288	765	  1	
368	307	765	  1	
368	315	765	  1	
368	400	765	  1	
368	503	765	  1	
370	 21	765	  1	
370	191	765	  1	
370	353	765	  1	
371	176	765	  1	
371	200	765	  1	
371	280	765	  1	
371	287	765	  1	
371	422	765	  1	
372	 73	765	  1	
372	 94	765	  1	
373	 96	765	  1	
374	 16	765	  1	
374	 44	765	  1	
374	 88	765	  1	
374	154	765	  1	
374	259	765	  1	
375	 28	765	  1	
375	139	765	  1	
375	162	765	  1	
375	207	765	  1	
375	216	765	  1	
375	264	765	  1	
375	304	765	  1	
375	311	765	  1	
375	319	765	  1	
375	400	765	  1	
375	422	765	  1	
375	428	765	  1	
376	  0	765	  1	
376	 56	765	  1	
376	 63	765	  1	
376	 81	765	  1	
376	104	765	  1	
376	116	765	  1	
376	231	765	  1	
376	240	765	  1	
376	302	765	  1	
376	392	765	  1	
376	459	765	  1	
376	467	765	  1	
377	105	765	  1	
377	423	765	  1	
378	 29	765	  1	
378	 36	765	  1	
378	205	765	  1	
379	 64	765	  1	
379	 71	765	  1	
379	184	765	  1	
379	262	765	  1	
380	  0	765	  1	
380	 59	765	  1	
380	 87	765	  1	
380	228	765	  1	
380	455	765	  1	
381	200	765	  1	
381	416	765	  1	
382	 47	765	  1	
382	118	765	  1	
382	300	765	  1	
383	 11	765	  1	
383	 80	765	  1	
383	162	765	  1	
383	207	765	  1	
383	220	765	  1	
383	413	765	  1	
383	456	765	  1	
383	463	765	  1	
384	 24	765	  1	
384	 71	765	  1	
384	 83	765	  1	
384	 96	765	  1	
384	117	765	  1	
384	123	765	  1	
384	193	765	  1	
384	216	765	  1	
384	232	765	  1	
384	239	765	  1	
384	256	765	  1	
384	311	765	  1	
384	328	765	  1	
384	339	765	  1	
384	352	765	  1	
384	358	765	  1	
384	363	765	  1	
384	426	765	  1	
384	590	765	  1	
385	  2	765	  1	
385	  7	765	  1	
385	129	765	  1	
386	110	765	  1	
386	188	765	  1	
386	197	765	  1	
386	240	765	  1	
386	335	765	  1	
386	534	765	  1	
387	 64	765	  1	
387	 72	765	  1	
387	263	765	  1	
387	288	765	  1	
387	408	765	  1	
388	 24	765	  1	
389	378	765	  1	
390	356	765	  1	
391	 71	765	  1	
391	206	765	  1	
391	235	765	  1	
391	256	765	  1	
391	320	765	  1	
391	327	765	  1	
391	335	765	  1	
391	343	765	  1	
391	367	765	  1	
391	415	765	  1	
391	451	765	  1	
391	584	765	  1	
392	 10	765	  1	
392	 52	765	  1	
392	 60	765	  1	
392	 76	765	  1	
392	248	765	  1	
392	255	765	  1	
392	376	765	  1	
392	396	765	  1	
393	 48	765	  1	
393	 88	765	  1	
394	 79	765	  1	
395	182	765	  1	
395	206	765	  1	
395	306	765	  1	
396	  4	765	  1	
396	243	765	  1	
396	327	765	  1	
397	 56	765	  1	
397	194	765	  1	
397	347	765	  1	
399	 15	765	  1	
399	 49	765	  1	
399	168	765	  1	
399	316	765	  1	
399	376	765	  1	
399	392	765	  1	
399	397	765	  1	
399	402	765	  1	
399	408	765	  1	
400	 11	765	  1	
400	 21	765	  1	
400	 40	765	  1	
400	 47	765	  1	
400	184	765	  1	
400	239	765	  1	
400	426	765	  1	
400	554	765	  1	
402	 63	765	  1	
402	312	765	  1	
403	 75	765	  1	
403	232	765	  1	
403	256	765	  1	
404	  6	765	  1	
404	 79	765	  1	
404	122	765	  1	
405	207	765	  1	
406	240	765	  1	
406	262	765	  1	
407	 40	765	  1	
407	 47	765	  1	
407	 72	765	  1	
407	125	765	  1	
407	168	765	  1	
407	199	765	  1	
407	347	765	  1	
407	371	765	  1	
407	424	765	  1	
408	 50	765	  1	
408	 56	765	  1	
408	101	765	  1	
408	110	765	  1	
408	117	765	  1	
408	142	765	  1	
408	186	765	  1	
408	213	765	  1	
408	252	765	  1	
408	300	765	  1	
408	349	765	  1	
408	370	765	  1	
408	431	765	  1	
408	439	765	  1	
408	456	765	  1	
410	255	765	  1	
411	 24	765	  1	
411	208	765	  1	
411	312	765	  1	
411	424	765	  1	
412	 37	765	  1	
412	248	765	  1	
413	 48	765	  1	
413	 72	765	  1	
413	120	765	  1	
413	323	765	  1	
414	240	765	  1	
414	344	765	  1	
414	354	765	  1	
415	250	765	  1	
415	391	765	  1	
415	435	765	  1	
416	  0	765	  1	
416	 37	765	  1	
416	 41	765	  1	
416	 80	765	  1	
416	 87	765	  1	
416	162	765	  1	
416	192	765	  1	
416	256	765	  1	
416	296	765	  1	
416	330	765	  1	
416	347	765	  1	
416	418	765	  1	
416	472	765	  1	
416	496	765	  1	
417	 99	765	  1	
417	285	765	  1	
418	 44	765	  1	
418	312	765	  1	
418	322	765	  1	
419	 32	765	  1	
419	 64	765	  1	
419	 95	765	  1	
419	168	765	  1	
419	199	765	  1	
419	356	765	  1	
419	367	765	  1	
420	 33	765	  1	
420	302	765	  1	
420	360	765	  1	
421	112	765	  1	
421	128	765	  1	
421	363	765	  1	
421	428	765	  1	
422	 39	765	  1	
422	211	765	  1	
422	352	765	  1	
423	192	765	  1	
423	312	765	  1	
423	333	765	  1	
423	366	765	  1	
423	472	765	  1	
424	 24	765	  1	
424	 44	765	  1	
424	 64	765	  1	
424	 96	765	  1	
424	110	765	  1	
424	139	765	  1	
424	157	765	  1	
424	170	765	  1	
424	189	765	  1	
424	240	765	  1	
424	247	765	  1	
424	287	765	  1	
424	310	765	  1	
424	368	765	  1	
424	375	765	  1	
424	488	765	  1	
425	132	765	  1	
426	331	765	  1	
427	280	765	  1	
427	326	765	  1	
428	106	765	  1	
428	320	765	  1	
429	 30	765	  1	
429	 88	765	  1	
429	152	765	  1	
429	200	765	  1	
430	 80	765	  1	
430	122	765	  1	
430	149	765	  1	
431	110	765	  1	
431	167	765	  1	
431	243	765	  1	
431	287	765	  1	
431	314	765	  1	
431	325	765	  1	
431	334	765	  1	
431	371	765	  1	
432	 59	765	  1	
432	135	765	  1	
432	185	765	  1	
432	208	765	  1	
432	248	765	  1	
432	252	765	  1	
432	261	765	  1	
432	264	765	  1	
432	268	765	  1	
432	368	765	  1	
432	400	765	  1	
433	 16	765	  1	
434	 39	765	  1	
434	256	765	  1	
435	128	765	  1	
435	373	765	  1	
436	  5	765	  1	
436	 12	765	  1	
437	 62	765	  1	
437	143	765	  1	
437	174	765	  1	
437	214	765	  1	
437	368	765	  1	
438	253	765	  1	
438	271	765	  1	
438	498	765	  1	
439	 32	765	  1	
439	 56	765	  1	
439	192	765	  1	
439	248	765	  1	
440	 50	765	  1	
440	 74	765	  1	
440	 79	765	  1	
440	104	765	  1	
440	112	765	  1	
440	153	765	  1	
440	157	765	  1	
440	164	765	  1	
441	 39	765	  1	
441	175	765	  1	
442	 16	765	  1	
443	183	765	  1	
444	 76	765	  1	
445	 25	765	  1	
445	256	765	  1	
446	 14	765	  1	
446	112	765	  1	
446	200	765	  1	
446	275	765	  1	
447	 31	765	  1	
447	 72	765	  1	
447	104	765	  1	
447	173	765	  1	
447	346	765	  1	
448	 11	765	  1	
448	 34	765	  1	
448	 46	765	  1	
448	 82	765	  1	
448	 87	765	  1	
448	 90	765	  1	
448	 95	765	  1	
448	117	765	  1	
448	133	765	  1	
448	144	765	  1	
448	194	765	  1	
448	208	765	  1	
448	216	765	  1	
448	231	765	  1	
448	239	765	  1	
448	242	765	  1	
448	247	765	  1	
448	271	765	  1	
448	278	765	  1	
448	375	765	  1	
450	 28	765	  1	
450	397	765	  1	
451	 16	765	  1	
451	264	765	  1	
451	368	765	  1	
452	160	765	  1	
452	228	765	  1	
453	 80	765	  1	
453	134	765	  1	
453	280	765	  1	
454	107	765	  1	
454	165	765	  1	
455	 26	765	  1	
455	 37	765	  1	
455	156	765	  1	
455	160	765	  1	
455	170	765	  1	
455	235	765	  1	
455	271	765	  1	
455	375	765	  1	
455	397	765	  1	
456	  2	765	  1	
456	 16	765	  1	
456	 59	765	  1	
456	 77	765	  1	
456	115	765	  1	
456	123	765	  1	
456	152	765	  1	
456	173	765	  1	
456	181	765	  1	
456	294	765	  1	
456	459	765	  1	
458	 40	765	  1	
459	144	765	  1	
459	240	765	  1	
460	165	765	  1	
460	288	765	  1	
461	  0	765	  1	
461	  7	765	  1	
461	 72	765	  1	
461	115	765	  1	
461	176	765	  1	
462	 46	765	  1	
463	158	765	  1	
463	223	765	  1	
463	328	765	  1	
463	335	765	  1	
464	 10	765	  1	
464	 15	765	  1	
464	 23	765	  1	
464	 43	765	  1	
464	 71	765	  1	
464	141	765	  1	
464	214	765	  1	
464	227	765	  1	
464	248	765	  1	
464	255	765	  1	
464	303	765	  1	
465	 79	765	  1	
466	166	765	  1	
466	271	765	  1	
467	  2	765	  1	
467	 15	765	  1	
467	 64	765	  1	
467	251	765	  1	
467	323	765	  1	
468	264	765	  1	
469	112	765	  1	
469	231	765	  1	
469	260	765	  1	
470	344	765	  1	
470	375	765	  1	
471	 40	765	  1	
471	 47	765	  1	
471	 71	765	  1	
471	167	765	  1	
471	248	765	  1	
471	255	765	  1	
471	269	765	  1	
471	303	765	  1	
472	 24	765	  1	
472	 73	765	  1	
472	 88	765	  1	
472	100	765	  1	
472	144	765	  1	
472	156	765	  1	
472	192	765	  1	
472	243	765	  1	
472	280	765	  1	
472	287	765	  1	
472	347	765	  1	
472	351	765	  1	
472	399	765	  1	
473	112	765	  1	
474	 58	765	  1	
475	  8	765	  1	
475	 80	765	  1	
475	 96	765	  1	
475	215	765	  1	
477	396	765	  1	
477	402	765	  1	
478	 67	765	  1	
478	102	765	  1	
478	221	765	  1	
479	 56	765	  1	
479	240	765	  1	
479	247	765	  1	
480	  8	765	  1	
480	 21	765	  1	
480	100	765	  1	
480	112	765	  1	
480	136	765	  1	
480	168	765	  1	
480	187	765	  1	
480	205	765	  1	
480	251	765	  1	
480	284	765	  1	
480	314	765	  1	
480	368	765	  1	
482	 88	765	  1	
482	 95	765	  1	
482	117	765	  1	
482	122	765	  1	
482	127	765	  1	
482	192	765	  1	
483	103	765	  1	
485	 14	765	  1	
485	142	765	  1	
485	156	765	  1	
485	167	765	  1	
485	335	765	  1	
486	160	765	  1	
486	248	765	  1	
486	267	765	  1	
487	 88	765	  1	
487	112	765	  1	
487	176	765	  1	
487	191	765	  1	
487	312	765	  1	
487	317	765	  1	
487	347	765	  1	
487	415	765	  1	
487	480	765	  1	
488	  2	765	  1	
488	  8	765	  1	
488	 43	765	  1	
488	 56	765	  1	
488	 63	765	  1	
488	130	765	  1	
488	187	765	  1	
488	214	765	  1	
488	229	765	  1	
488	258	765	  1	
488	271	765	  1	
488	296	765	  1	
490	160	765	  1	
491	142	765	  1	
491	288	765	  1	
492	 31	765	  1	
492	 52	765	  1	
492	176	765	  1	
493	 40	765	  1	
493	 98	765	  1	
493	200	765	  1	
493	224	765	  1	
493	263	765	  1	
493	272	765	  1	
494	257	765	  1	
495	  0	765	  1	
495	  7	765	  1	
495	 56	765	  1	
495	 94	765	  1	
495	167	765	  1	
495	408	765	  1	
496	 19	765	  1	
496	 88	765	  1	
496	113	765	  1	
496	134	765	  1	
496	165	765	  1	
496	168	765	  1	
496	174	765	  1	
496	178	765	  1	
496	255	765	  1	
496	264	765	  1	
496	287	765	  1	
497	232	765	  1	
498	280	765	  1	
499	 99	765	  1	
499	138	765	  1	
499	148	765	  1	
499	188	765	  1	
499	192	765	  1	
502	128	765	  1	
502	581	765	  1	
503	 91	765	  1	
503	123	765	  1	
503	271	765	  1	
503	407	765	  1	
504	 88	765	  1	
504	239	765	  1	
504	247	765	  1	
505	 64	765	  1	
505	200	765	  1	
505	215	765	  1	
507	119	765	  1	
507	146	765	  1	
507	269	765	  1	
507	391	765	  1	
508	111	765	  1	
510	107	765	  1	
511	168	765	  1	
512	 48	765	  1	
512	 55	765	  1	
512	 79	765	  1	
512	103	765	  1	
512	136	765	  1	
512	315	765	  1	
512	352	765	  1	
512	396	765	  1	
514	104	765	  1	
515	121	765	  1	
515	168	765	  1	
515	296	765	  1	
516	 96	765	  1	
517	239	765	  1	
518	 12	765	  1	
518	280	765	  1	
518	311	765	  1	
519	  3	765	  1	
519	 51	765	  1	
519	 80	765	  1	
519	144	765	  1	
519	151	765	  1	
519	211	765	  1	
519	247	765	  1	
519	319	765	  1	
520	 40	765	  1	
520	100	765	  1	
520	152	765	  1	
520	158	765	  1	
520	168	765	  1	
520	181	765	  1	
520	192	765	  1	
520	265	765	  1	
520	301	765	  1	
520	344	765	  1	
520	539	765	  1	
521	 72	765	  1	
521	288	765	  1	
522	216	765	  1	
523	 47	765	  1	
523	128	765	  1	
523	200	765	  1	
523	320	765	  1	
524	  2	765	  1	
524	 66	765	  1	
524	 77	765	  1	
524	144	765	  1	
525	126	765	  1	
525	155	765	  1	
525	176	765	  1	
526	250	765	  1	
526	309	765	  1	
527	 40	765	  1	
527	243	765	  1	
528	 24	765	  1	
528	 48	765	  1	
528	 77	765	  1	
528	 88	765	  1	
528	104	765	  1	
528	128	765	  1	
528	133	765	  1	
528	139	765	  1	
528	257	765	  1	
528	296	765	  1	
528	336	765	  1	
528	341	765	  1	
528	402	765	  1	
528	407	765	  1	
528	575	765	  1	
529	 67	765	  1	
529	109	765	  1	
530	  0	765	  1	
530	  2	765	  1	
530	246	765	  1	
530	267	765	  1	
530	320	765	  1	
531	153	765	  1	
531	349	765	  1	
533	  7	765	  1	
533	279	765	  1	
533	338	765	  1	
534	159	765	  1	
534	200	765	  1	
534	240	765	  1	
535	  0	765	  1	
535	  4	765	  1	
535	 47	765	  1	
535	 72	765	  1	
535	176	765	  1	
535	252	765	  1	
535	296	765	  1	
535	376	765	  1	
535	436	765	  1	
536	 75	765	  1	
536	 97	765	  1	
536	168	765	  1	
536	175	765	  1	
536	186	765	  1	
536	216	765	  1	
536	226	765	  1	
538	335	765	  1	
539	152	765	  1	
539	296	765	  1	
539	303	765	  1	
540	111	765	  1	
540	191	765	  1	
541	178	765	  1	
541	224	765	  1	
542	128	765	  1	
543	 11	765	  1	
543	 72	765	  1	
543	 79	765	  1	
543	171	765	  1	
543	259	765	  1	
543	407	765	  1	
544	  0	765	  1	
544	  8	765	  1	
544	115	765	  1	
544	144	765	  1	
544	160	765	  1	
544	233	765	  1	
544	242	765	  1	
544	288	765	  1	
544	314	765	  1	
544	318	765	  1	
544	327	765	  1	
544	479	765	  1	
547	295	765	  1	
549	247	765	  1	
550	  4	765	  1	
550	 96	765	  1	
550	213	765	  1	
550	232	765	  1	
551	218	765	  1	
551	288	765	  1	
551	328	765	  1	
552	 80	765	  1	
553	104	765	  1	
553	248	765	  1	
553	255	765	  1	
554	326	765	  1	
554	532	765	  1	
555	 87	765	  1	
555	120	765	  1	
555	292	765	  1	
555	360	765	  1	
555	382	765	  1	
558	136	765	  1	
559	 40	765	  1	
559	 80	765	  1	
560	  8	765	  1	
560	 31	765	  1	
560	160	765	  1	
560	200	765	  1	
560	222	765	  1	
560	229	765	  1	
560	274	765	  1	
560	288	765	  1	
563	182	765	  1	
563	224	765	  1	
563	248	765	  1	
563	280	765	  1	
564	166	765	  1	
566	200	765	  1	
567	207	765	  1	
567	273	765	  1	
567	303	765	  1	
567	316	765	  1	
567	328	765	  1	
567	376	765	  1	
568	120	765	  1	
568	160	765	  1	
568	221	765	  1	
568	255	765	  1	
568	352	765	  1	
568	512	765	  1	
570	 83	765	  1	
570	167	765	  1	
570	327	765	  1	
571	126	765	  1	
571	222	765	  1	
571	495	765	  1	
572	511	765	  1	
573	255	765	  1	
574	160	765	  1	
574	223	765	  1	
574	277	765	  1	
575	176	765	  1	
575	183	765	  1	
575	232	765	  1	
575	291	765	  1	
576	 40	765	  1	
576	 75	765	  1	
576	109	765	  1	
576	143	765	  1	
576	216	765	  1	
576	256	765	  1	
576	280	765	  1	
576	288	765	  1	
576	311	765	  1	
579	 96	765	  1	
579	319	765	  1	
581	208	765	  1	
581	215	765	  1	
581	240	765	  1	
581	520	765	  1	
582	  3	765	  1	
582	104	765	  1	
582	290	765	  1	
582	344	765	  1	
583	311	765	  1	
584	 72	765	  1	
584	231	765	  1	
584	235	765	  1	
584	263	765	  1	
584	302	765	  1	
584	328	765	  1	
588	200	765	  1	
589	327	765	  1	
590	 63	765	  1	
590	310	765	  1	
591	135	765	  1	
591	206	765	  1	
591	290	765	  1	
592	 28	765	  1	
592	234	765	  1	
592	244	765	  1	
592	270	765	  1	
592	282	765	  1	
592	287	765	  1	
592	322	765	  1	
592	384	765	  1	
592	407	765	  1	
592	477	765	  1	
594	261	765	  1	
594	410	765	  1	
595	226	765	  1	
595	299	765	  1	
597	256	765	  1	
597	388	765	  1	
598	307	765	  1	
598	331	765	  1	
599	270	765	  1	
599	400	765	  1	
600	 52	765	  1	
600	216	765	  1	
600	320	765	  1	
600	328	765	  1	
600	336	765	  1	
600	351	765	  1	
600	374	765	  1	
600	392	765	  1	
601	245	765	  1	
602	 64	765	  1	
603	335	765	  1	
605	242	765	  1	
605	247	765	  1	
605	256	765	  1	
606	343	765	  1	
606	372	765	  1	
607	 22	765	  1	
607	135	765	  1	
607	219	765	  1	
607	328	765	  1	
608	  3	765	  1	
608	 66	765	  1	
608	223	765	  1	
608	288	765	  1	
608	295	765	  1	
610	240	765	  1	
611	 29	765	  1	
613	255	765	  1	
615	103	765	  1	
615	291	765	  1	
616	  7	765	  1	
616	240	765	  1	
616	247	765	  1	
616	312	765	  1	
616	424	765	  1	
619	 55	765	  1	
619	223	765	  1	
619	249	765	  1	
619	260	765	  1	
619	392	765	  1	
620	250	765	  1	
620	272	765	  1	
622	279	765	  1	
622	384	765	  1	
623	  7	765	  1	
623	240	765	  1	
623	247	765	  1	
623	255	765	  1	
623	332	765	  1	
624	 51	765	  1	
624	 56	765	  1	
624	334	765	  1	
624	402	765	  1	
628	318	765	  1	
629	439	765	  1	
631	 64	765	  1	
631	 70	765	  1	
631	352	765	  1	
631	359	765	  1	
632	123	765	  1	
636	280	765	  1	
636	292	765	  1	
637	111	765	  1	
637	182	765	  1	
638	 86	765	  1	
638	135	765	  1	
638	463	765	  1	
639	168	765	  1	
639	391	765	  1	
640	294	765	  1	
640	301	765	  1	
644	294	765	  1	
645	 31	765	  1	
648	 91	765	  1	
648	223	765	  1	
648	311	765	  1	
648	450	765	  1	
648	455	765	  1	
656	224	765	  1	
656	352	765	  1	
661	368	765	  1	
662	348	765	  1	
663	239	765	  1	
669	236	765	  1	
671	174	765	  1	
672	376	765	  1	
672	423	765	  1	
672	456	765	  1	
672	509	765	  1	
679	216	765	  1	
700	367	765	  1	
703	192	765	  1	
706	482	765	  1	
708	232	765	  1	
720	191	765	  1	
723	 92	765	  1	
736	256	765	  1	
744	588	765	  1	
787	524	765	  1	
