# 
#  Image file: Goad1_T0134.jpg
#  Applied threshold: 575
#  Algorithm used: fill2                 
#  Particle count: 1772
#  Location (x,y), max luminance, and mass:
# 
  5	 96	765	  1	
  6	103	765	  1	
  7	183	765	  1	
  8	135	765	  1	
  8	168	765	  1	
  8	544	765	  1	
 11	143	765	  1	
 11	359	765	  1	
 12	310	765	  1	
 23	112	765	  1	
 45	464	765	  1	
 47	272	765	  1	
 50	134	765	  1	
 63	111	765	  1	
 64	312	765	  1	
 71	111	765	  1	
 71	190	765	  1	
 72	229	765	  1	
 72	370	765	  1	
 76	239	765	  1	
 79	570	765	  1	
 80	 39	765	  1	
 82	  2	765	  1	
 86	544	765	  1	
 87	189	765	  1	
 88	384	765	  1	
 89	203	765	  1	
 92	 48	765	  1	
 92	160	765	  1	
 96	 12	765	  1	
 99	392	765	  1	
102	123	765	  1	
103	152	765	  1	
103	291	765	  1	
103	591	765	  1	
104	392	765	  1	
104	448	765	  1	
106	384	765	  1	
107	255	765	  1	
109	571	765	  1	
111	 76	765	  1	
112	160	765	  1	
112	216	765	  1	
112	263	765	  1	
112	376	765	  1	
113	 95	765	  1	
114	159	765	  1	
114	268	765	  1	
117	122	765	  1	
119	 95	765	  1	
119	161	765	  1	
120	171	765	  1	
120	375	765	  1	
120	458	765	  1	
124	213	765	  1	
124	318	765	  1	
126	152	765	  1	
126	168	765	  1	
127	460	765	  1	
128	 96	765	  1	
128	194	765	  1	
128	383	765	  1	
128	498	765	  1	
133	128	765	  1	
133	133	765	  1	
135	194	765	  1	
136	 55	765	  1	
136	 79	765	  1	
136	120	765	  1	
139	  7	765	  1	
139	384	765	  1	
140	224	765	  1	
140	295	765	  1	
141	 55	765	  1	
141	205	765	  1	
142	208	765	  1	
142	231	765	  1	
143	 40	765	  1	
143	136	765	  1	
144	131	765	  1	
144	154	765	  1	
144	198	765	  1	
144	224	765	  1	
144	245	765	  1	
144	472	765	  1	
145	223	765	  1	
146	240	765	  1	
147	126	765	  1	
149	120	765	  1	
149	247	765	  1	
149	306	765	  1	
149	496	765	  1	
150	184	765	  1	
150	472	765	  1	
151	 99	765	  1	
151	194	765	  1	
151	287	765	  1	
151	303	765	  1	
152	128	765	  1	
152	135	765	  1	
152	203	765	  1	
152	231	765	  1	
152	322	765	  1	
154	125	765	  1	
154	314	765	  1	
154	408	765	  1	
155	464	765	  1	
157	243	765	  1	
159	120	765	  1	
159	131	765	  1	
160	 97	765	  1	
160	144	765	  1	
160	188	765	  1	
160	264	765	  1	
163	136	765	  1	
163	218	765	  1	
164	326	765	  1	
165	265	765	  1	
165	280	765	  1	
165	376	765	  1	
166	191	765	  1	
166	397	765	  1	
167	100	765	  1	
167	144	765	  1	
167	223	765	  1	
167	271	765	  1	
167	314	765	  1	
168	 63	765	  1	
168	 88	765	  1	
168	146	765	  1	
168	200	765	  1	
168	274	765	  1	
168	464	765	  1	
168	469	765	  1	
168	594	765	  1	
170	480	765	  1	
171	198	765	  1	
171	239	765	  1	
171	341	765	  1	
173	103	765	  1	
173	242	765	  1	
173	247	765	  1	
173	360	765	  1	
173	422	765	  1	
174	331	765	  1	
175	303	765	  1	
175	466	765	  1	
175	471	765	  1	
176	 88	765	  1	
176	 99	765	  1	
176	147	765	  1	
176	195	765	  1	
176	394	765	  1	
177	127	765	  1	
178	264	765	  1	
179	184	765	  1	
179	208	765	  1	
180	144	765	  1	
181	388	765	  1	
182	194	765	  1	
183	135	765	  1	
183	257	765	  1	
183	279	765	  1	
183	344	765	  1	
183	354	765	  1	
184	 93	765	  1	
184	 96	765	  1	
184	171	765	  1	
184	246	765	  1	
184	269	765	  1	
184	360	765	  1	
184	416	765	  1	
185	382	765	  1	
186	103	765	  1	
187	136	765	  1	
187	266	765	  1	
187	467	765	  1	
188	260	765	  1	
188	376	765	  1	
189	167	765	  1	
189	371	765	  1	
191	147	765	  1	
191	175	765	  1	
191	264	765	  1	
191	402	765	  1	
192	160	765	  1	
192	223	765	  1	
192	278	765	  1	
193	259	765	  1	
194	 88	765	  1	
195	  0	765	  1	
195	 76	765	  1	
195	103	765	  1	
195	243	765	  1	
196	 72	765	  1	
196	 93	765	  1	
196	390	765	  1	
197	163	765	  1	
198	232	765	  1	
199	  6	765	  1	
199	 85	765	  1	
199	250	765	  1	
199	272	765	  1	
199	312	765	  1	
199	352	765	  1	
199	359	765	  1	
199	423	765	  1	
199	499	765	  1	
200	 61	765	  1	
200	 99	765	  1	
200	109	765	  1	
200	114	765	  1	
200	138	765	  1	
200	146	765	  1	
200	320	765	  1	
200	408	765	  1	
200	420	765	  1	
203	127	765	  1	
203	200	765	  1	
203	253	765	  1	
203	368	765	  1	
203	415	765	  1	
204	276	765	  1	
205	 24	765	  1	
205	104	765	  1	
206	143	765	  1	
206	248	765	  1	
206	304	765	  1	
206	380	765	  1	
207	 61	765	  1	
207	 75	765	  1	
207	 96	765	  1	
207	391	765	  1	
207	408	765	  1	
208	 95	765	  1	
208	136	765	  1	
208	173	765	  1	
208	214	765	  1	
208	239	765	  1	
208	527	765	  1	
210	142	765	  1	
211	 88	765	  1	
211	280	765	  1	
211	328	765	  1	
212	 40	765	  1	
212	116	765	  1	
212	127	765	  1	
212	551	765	  1	
214	124	765	  1	
214	132	765	  1	
214	155	765	  1	
214	160	765	  1	
214	167	765	  1	
215	 48	765	  1	
215	 95	765	  1	
215	304	765	  1	
216	  8	765	  1	
216	 38	765	  1	
216	104	765	  1	
216	120	765	  1	
216	143	765	  1	
216	275	765	  1	
216	287	765	  1	
216	343	765	  1	
216	397	765	  1	
216	515	765	  1	
217	 96	765	  1	
218	236	765	  1	
218	576	765	  1	
219	111	765	  1	
219	160	765	  1	
219	167	765	  1	
219	323	765	  1	
220	240	765	  1	
221	 30	765	  1	
221	104	765	  1	
221	362	765	  1	
221	400	765	  1	
222	 39	765	  1	
222	141	765	  1	
222	247	765	  1	
223	272	765	  1	
223	336	765	  1	
224	 23	765	  1	
224	 83	765	  1	
224	145	765	  1	
224	157	765	  1	
224	176	765	  1	
224	208	765	  1	
224	219	765	  1	
224	288	765	  1	
224	304	765	  1	
224	413	765	  1	
226	223	765	  1	
227	 16	765	  1	
227	 24	765	  1	
227	151	765	  1	
227	256	765	  1	
227	295	765	  1	
228	167	765	  1	
228	371	765	  1	
228	591	765	  1	
229	 86	765	  1	
229	218	765	  1	
229	406	765	  1	
230	143	765	  1	
231	 23	765	  1	
231	180	765	  1	
231	211	765	  1	
231	288	765	  1	
232	  5	765	  1	
232	 96	765	  1	
232	111	765	  1	
232	119	765	  1	
232	128	765	  1	
232	144	765	  1	
232	200	765	  1	
232	205	765	  1	
232	242	765	  1	
232	247	765	  1	
232	255	765	  1	
232	272	765	  1	
232	279	765	  1	
232	356	765	  1	
235	150	765	  1	
235	416	765	  1	
236	140	765	  1	
237	 78	765	  1	
237	160	765	  1	
237	359	765	  1	
238	 29	765	  1	
238	202	765	  1	
238	240	765	  1	
238	245	765	  1	
238	445	765	  1	
239	219	765	  1	
239	275	765	  1	
239	435	765	  1	
240	 23	765	  1	
240	 44	765	  1	
240	 68	765	  1	
240	104	765	  1	
240	115	765	  1	
240	128	765	  1	
240	147	765	  1	
240	155	765	  1	
240	180	765	  1	
240	192	765	  1	
240	232	765	  1	
240	289	765	  1	
240	301	765	  1	
240	315	765	  1	
240	360	765	  1	
240	400	765	  1	
240	427	765	  1	
242	117	765	  1	
242	120	765	  1	
242	271	765	  1	
242	277	765	  1	
242	365	765	  1	
243	  0	765	  1	
243	 56	765	  1	
243	 77	765	  1	
245	  8	765	  1	
245	 96	765	  1	
245	406	765	  1	
246	 48	765	  1	
246	296	765	  1	
246	469	765	  1	
247	 31	765	  1	
247	 44	765	  1	
247	 70	765	  1	
247	115	765	  1	
247	197	765	  1	
247	312	765	  1	
247	319	765	  1	
247	360	765	  1	
247	416	765	  1	
248	  0	765	  1	
248	 59	765	  1	
248	 76	765	  1	
248	 82	765	  1	
248	 87	765	  1	
248	112	765	  1	
248	130	765	  1	
248	157	765	  1	
248	168	765	  1	
248	178	765	  1	
248	183	765	  1	
248	187	765	  1	
248	204	765	  1	
248	265	765	  1	
248	279	765	  1	
248	352	765	  1	
248	362	765	  1	
248	379	765	  1	
248	424	765	  1	
248	440	765	  1	
249	 96	765	  1	
250	342	765	  1	
251	 72	765	  1	
251	272	765	  1	
252	  5	765	  1	
252	367	765	  1	
253	214	765	  1	
253	255	765	  1	
254	 18	765	  1	
254	 23	765	  1	
254	360	765	  1	
254	375	765	  1	
254	440	765	  1	
255	121	765	  1	
255	269	765	  1	
255	279	765	  1	
255	343	765	  1	
255	352	765	  1	
255	447	765	  1	
256	  8	765	  1	
256	 48	765	  1	
256	 56	765	  1	
256	 63	765	  1	
256	 84	765	  1	
256	106	765	  1	
256	160	765	  1	
256	194	765	  1	
256	207	765	  1	
256	232	765	  1	
256	239	765	  1	
256	317	765	  1	
256	325	765	  1	
256	369	765	  1	
256	454	765	  1	
259	 96	765	  1	
259	104	765	  1	
260	375	765	  1	
261	 87	765	  1	
261	199	765	  1	
261	203	765	  1	
261	208	765	  1	
261	370	765	  1	
262	 15	765	  1	
263	 48	765	  1	
263	235	765	  1	
263	312	765	  1	
264	 68	765	  1	
264	 83	765	  1	
264	 88	765	  1	
264	160	765	  1	
264	189	765	  1	
264	200	765	  1	
264	207	765	  1	
264	224	765	  1	
264	248	765	  1	
264	263	765	  1	
264	380	765	  1	
264	413	765	  1	
264	480	765	  1	
266	 75	765	  1	
266	104	765	  1	
266	111	765	  1	
266	370	765	  1	
266	408	765	  1	
266	498	765	  1	
267	 62	765	  1	
268	254	765	  1	
268	303	765	  1	
269	368	765	  1	
270	 52	765	  1	
270	 56	765	  1	
270	376	765	  1	
270	414	765	  1	
270	543	765	  1	
271	240	765	  1	
271	247	765	  1	
271	506	765	  1	
271	531	765	  1	
272	  0	765	  1	
272	 72	765	  1	
272	 78	765	  1	
272	107	765	  1	
272	122	765	  1	
272	126	765	  1	
272	152	765	  1	
272	160	765	  1	
272	208	765	  1	
272	215	765	  1	
272	226	765	  1	
272	256	765	  1	
272	301	765	  1	
272	402	765	  1	
272	463	765	  1	
274	389	765	  1	
274	458	765	  1	
275	 15	765	  1	
275	295	765	  1	
275	384	765	  1	
277	 46	765	  1	
277	 75	765	  1	
277	104	765	  1	
277	122	765	  1	
277	240	765	  1	
277	283	765	  1	
277	415	765	  1	
278	 86	765	  1	
278	232	765	  1	
278	288	765	  1	
278	435	765	  1	
279	  8	765	  1	
279	126	765	  1	
279	271	765	  1	
280	 15	765	  1	
280	 44	765	  1	
280	 60	765	  1	
280	 69	765	  1	
280	 80	765	  1	
280	118	765	  1	
280	131	765	  1	
280	137	765	  1	
280	563	765	  1	
281	535	765	  1	
282	114	765	  1	
282	256	765	  1	
282	411	765	  1	
283	383	765	  1	
284	  0	765	  1	
284	219	765	  1	
284	413	765	  1	
285	 86	765	  1	
286	459	765	  1	
286	487	765	  1	
287	119	765	  1	
287	235	765	  1	
287	376	765	  1	
287	408	765	  1	
288	 23	765	  1	
288	 40	765	  1	
288	115	765	  1	
288	120	765	  1	
288	136	765	  1	
288	160	765	  1	
288	170	765	  1	
288	192	765	  1	
288	198	765	  1	
288	213	765	  1	
288	232	765	  1	
288	238	765	  1	
288	255	765	  1	
288	292	765	  1	
288	303	765	  1	
288	333	765	  1	
288	389	765	  1	
288	400	765	  1	
288	407	765	  1	
288	450	765	  1	
288	480	765	  1	
289	105	765	  1	
290	248	765	  1	
290	328	765	  1	
291	  0	765	  1	
291	  7	765	  1	
291	 47	765	  1	
291	 72	765	  1	
291	 83	765	  1	
291	286	765	  1	
291	296	765	  1	
291	511	765	  1	
292	 96	765	  1	
292	551	765	  1	
293	 63	765	  1	
293	166	765	  1	
293	175	765	  1	
293	235	765	  1	
294	  2	765	  1	
294	 87	765	  1	
294	314	765	  1	
295	240	765	  1	
295	248	765	  1	
295	303	765	  1	
295	310	765	  1	
295	403	765	  1	
295	419	765	  1	
296	 24	765	  1	
296	136	765	  1	
296	384	765	  1	
296	437	765	  1	
298	220	765	  1	
298	251	765	  1	
298	287	765	  1	
299	296	765	  1	
299	333	765	  1	
299	429	765	  1	
299	579	765	  1	
300	 27	765	  1	
301	 70	765	  1	
301	 83	765	  1	
301	 91	765	  1	
301	168	765	  1	
301	200	765	  1	
301	347	765	  1	
302	223	765	  1	
302	315	765	  1	
302	467	765	  1	
303	328	765	  1	
304	  2	765	  1	
304	  8	765	  1	
304	 79	765	  1	
304	 96	765	  1	
304	104	765	  1	
304	159	765	  1	
304	215	765	  1	
304	246	765	  1	
304	383	765	  1	
304	560	765	  1	
306	171	765	  1	
306	491	765	  1	
307	 15	765	  1	
307	208	765	  1	
307	254	765	  1	
307	352	765	  1	
307	359	765	  1	
307	376	765	  1	
309	  0	765	  1	
309	311	765	  1	
309	368	765	  1	
310	407	765	  1	
311	  8	765	  1	
311	 75	765	  1	
311	100	765	  1	
311	158	765	  1	
311	215	765	  1	
311	319	765	  1	
311	383	765	  1	
312	  5	765	  1	
312	 77	765	  1	
312	117	765	  1	
312	136	765	  1	
312	160	765	  1	
312	211	765	  1	
312	227	765	  1	
312	351	765	  1	
312	376	765	  1	
312	392	765	  1	
312	408	765	  1	
312	576	765	  1	
313	110	765	  1	
313	147	765	  1	
313	344	765	  1	
315	176	765	  1	
315	358	765	  1	
315	384	765	  1	
315	415	765	  1	
316	328	765	  1	
317	  0	765	  1	
317	152	765	  1	
317	192	765	  1	
317	199	765	  1	
317	456	765	  1	
318	272	765	  1	
318	320	765	  1	
319	 96	765	  1	
319	168	765	  1	
319	208	765	  1	
319	215	765	  1	
319	301	765	  1	
319	399	765	  1	
319	408	765	  1	
320	  2	765	  1	
320	 15	765	  1	
320	 82	765	  1	
320	131	765	  1	
320	144	765	  1	
320	229	765	  1	
320	240	765	  1	
320	248	765	  1	
320	277	765	  1	
320	288	765	  1	
320	358	765	  1	
320	400	765	  1	
320	404	765	  1	
320	410	765	  1	
320	414	765	  1	
320	456	765	  1	
320	488	765	  1	
322	  8	765	  1	
322	150	765	  1	
322	327	765	  1	
322	352	765	  1	
323	 67	765	  1	
323	197	765	  1	
323	260	765	  1	
324	168	765	  1	
325	 80	765	  1	
325	 87	765	  1	
325	244	765	  1	
326	144	765	  1	
326	202	765	  1	
326	346	765	  1	
327	  2	765	  1	
327	 15	765	  1	
327	 96	765	  1	
327	103	765	  1	
327	288	765	  1	
327	322	765	  1	
327	448	765	  1	
328	  0	765	  1	
328	 64	765	  1	
328	 83	765	  1	
328	 97	765	  1	
328	104	765	  1	
328	108	765	  1	
328	112	765	  1	
328	128	765	  1	
328	135	765	  1	
328	152	765	  1	
328	216	765	  1	
328	223	765	  1	
328	248	765	  1	
328	280	765	  1	
328	287	765	  1	
328	368	765	  1	
328	400	765	  1	
328	442	765	  1	
329	 88	765	  1	
329	131	765	  1	
329	408	765	  1	
330	421	765	  1	
331	 72	765	  1	
331	311	765	  1	
331	344	765	  1	
331	471	765	  1	
332	475	765	  1	
333	 67	765	  1	
333	254	765	  1	
333	376	765	  1	
334	 78	765	  1	
334	283	765	  1	
334	412	765	  1	
334	446	765	  1	
334	476	765	  1	
335	 87	765	  1	
335	128	765	  1	
335	219	765	  1	
335	400	765	  1	
335	422	765	  1	
335	510	765	  1	
336	 18	765	  1	
336	 90	765	  1	
336	144	765	  1	
336	206	765	  1	
336	214	765	  1	
336	269	765	  1	
336	358	765	  1	
336	370	765	  1	
336	397	765	  1	
338	226	765	  1	
339	170	765	  1	
339	235	765	  1	
339	245	765	  1	
339	254	765	  1	
339	416	765	  1	
341	 18	765	  1	
341	112	765	  1	
341	166	765	  1	
341	200	765	  1	
341	352	765	  1	
341	368	765	  1	
341	375	765	  1	
342	103	765	  1	
342	504	765	  1	
343	 23	765	  1	
343	 96	765	  1	
343	128	765	  1	
343	509	765	  1	
344	  0	765	  1	
344	  6	765	  1	
344	 10	765	  1	
344	 54	765	  1	
344	 80	765	  1	
344	 87	765	  1	
344	 95	765	  1	
344	127	765	  1	
344	139	765	  1	
344	153	765	  1	
344	224	765	  1	
344	271	765	  1	
344	312	765	  1	
344	322	765	  1	
344	412	765	  1	
345	117	765	  1	
345	124	765	  1	
346	 71	765	  1	
346	 88	765	  1	
346	228	765	  1	
346	319	765	  1	
347	 40	765	  1	
347	160	765	  1	
347	184	765	  1	
347	207	765	  1	
347	408	765	  1	
348	112	765	  1	
348	447	765	  1	
349	268	765	  1	
349	344	765	  1	
350	  0	765	  1	
350	 92	765	  1	
350	154	765	  1	
350	312	765	  1	
351	136	765	  1	
351	167	765	  1	
351	200	765	  1	
351	230	765	  1	
351	386	765	  1	
351	598	765	  1	
352	 50	765	  1	
352	 68	765	  1	
352	101	765	  1	
352	125	765	  1	
352	144	765	  1	
352	218	765	  1	
352	240	765	  1	
352	256	765	  1	
352	281	765	  1	
352	288	765	  1	
352	308	765	  1	
352	311	765	  1	
352	482	765	  1	
353	 16	765	  1	
354	374	765	  1	
355	136	765	  1	
355	151	765	  1	
355	456	765	  1	
355	463	765	  1	
355	531	765	  1	
356	256	765	  1	
357	  0	765	  1	
357	 88	765	  1	
357	125	765	  1	
357	504	765	  1	
357	511	765	  1	
357	544	765	  1	
358	102	765	  1	
358	223	765	  1	
358	228	765	  1	
359	120	765	  1	
359	144	765	  1	
359	247	765	  1	
359	272	765	  1	
359	309	765	  1	
359	368	765	  1	
359	397	765	  1	
360	  5	765	  1	
360	 16	765	  1	
360	 43	765	  1	
360	 96	765	  1	
360	136	765	  1	
360	143	765	  1	
360	183	765	  1	
360	200	765	  1	
360	207	765	  1	
360	256	765	  1	
360	328	765	  1	
360	429	765	  1	
360	456	765	  1	
360	543	765	  1	
362	 22	765	  1	
362	283	765	  1	
362	335	765	  1	
362	376	765	  1	
363	176	765	  1	
365	 48	765	  1	
365	 80	765	  1	
365	 87	765	  1	
365	112	765	  1	
366	 16	765	  1	
366	 69	765	  1	
366	264	765	  1	
366	360	765	  1	
366	371	765	  1	
367	 40	765	  1	
367	139	765	  1	
367	183	765	  1	
367	256	765	  1	
367	330	765	  1	
367	410	765	  1	
367	543	765	  1	
368	 60	765	  1	
368	 77	765	  1	
368	 88	765	  1	
368	104	765	  1	
368	114	765	  1	
368	122	765	  1	
368	168	765	  1	
368	235	765	  1	
368	320	765	  1	
368	354	765	  1	
368	363	765	  1	
368	392	765	  1	
368	460	765	  1	
369	303	765	  1	
369	367	765	  1	
370	 93	765	  1	
370	174	765	  1	
371	192	765	  1	
371	350	765	  1	
371	560	765	  1	
372	405	765	  1	
373	 40	765	  1	
373	 56	765	  1	
373	153	765	  1	
373	176	765	  1	
373	191	765	  1	
373	303	765	  1	
373	332	765	  1	
373	363	765	  1	
373	431	765	  1	
374	445	765	  1	
375	 88	765	  1	
375	128	765	  1	
375	223	765	  1	
376	 50	765	  1	
376	103	765	  1	
376	144	765	  1	
376	160	765	  1	
376	180	765	  1	
376	210	765	  1	
376	283	765	  1	
376	376	765	  1	
376	439	765	  1	
376	455	765	  1	
376	580	765	  1	
378	 16	765	  1	
378	 96	765	  1	
378	320	765	  1	
378	354	765	  1	
378	367	765	  1	
379	 39	765	  1	
379	379	765	  1	
379	432	765	  1	
379	440	765	  1	
380	164	765	  1	
380	176	765	  1	
380	183	765	  1	
380	215	765	  1	
380	362	765	  1	
381	  8	765	  1	
382	 80	765	  1	
382	119	765	  1	
382	123	765	  1	
382	172	765	  1	
382	208	765	  1	
382	271	765	  1	
382	352	765	  1	
383	280	765	  1	
383	287	765	  1	
383	363	765	  1	
383	439	765	  1	
384	 10	765	  1	
384	 39	765	  1	
384	120	765	  1	
384	127	765	  1	
384	160	765	  1	
384	167	765	  1	
384	192	765	  1	
384	200	765	  1	
384	205	765	  1	
384	288	765	  1	
384	302	765	  1	
384	320	765	  1	
384	404	765	  1	
384	508	765	  1	
384	552	765	  1	
385	144	765	  1	
385	152	765	  1	
385	392	765	  1	
387	  8	765	  1	
387	190	765	  1	
387	206	765	  1	
388	358	765	  1	
390	360	765	  1	
391	 31	765	  1	
391	123	765	  1	
391	163	765	  1	
391	392	765	  1	
392	109	765	  1	
392	113	765	  1	
392	138	765	  1	
392	142	765	  1	
392	168	765	  1	
392	175	765	  1	
392	208	765	  1	
392	228	765	  1	
392	240	765	  1	
392	247	765	  1	
392	295	765	  1	
392	373	765	  1	
392	570	765	  1	
393	 47	765	  1	
394	 37	765	  1	
394	104	765	  1	
394	224	765	  1	
394	237	765	  1	
395	496	765	  1	
396	227	765	  1	
397	112	765	  1	
397	119	765	  1	
397	127	765	  1	
397	160	765	  1	
397	200	765	  1	
398	109	765	  1	
398	211	765	  1	
399	  3	765	  1	
399	 45	765	  1	
399	224	765	  1	
399	243	765	  1	
399	288	765	  1	
399	396	765	  1	
399	400	765	  1	
400	  8	765	  1	
400	 47	765	  1	
400	208	765	  1	
400	212	765	  1	
400	248	765	  1	
400	255	765	  1	
400	264	765	  1	
400	272	765	  1	
400	386	765	  1	
400	456	765	  1	
401	345	765	  1	
403	 30	765	  1	
403	 64	765	  1	
403	232	765	  1	
403	463	765	  1	
405	 14	765	  1	
406	213	765	  1	
406	226	765	  1	
407	 32	765	  1	
407	208	765	  1	
407	231	765	  1	
407	251	765	  1	
407	270	765	  1	
407	456	765	  1	
408	  6	765	  1	
408	 24	765	  1	
408	112	765	  1	
408	116	765	  1	
408	130	765	  1	
408	135	765	  1	
408	149	765	  1	
408	156	765	  1	
408	160	765	  1	
408	171	765	  1	
408	256	765	  1	
408	342	765	  1	
411	 72	765	  1	
411	 79	765	  1	
412	160	765	  1	
412	182	765	  1	
413	  2	765	  1	
414	113	765	  1	
414	176	765	  1	
414	240	765	  1	
414	267	765	  1	
414	363	765	  1	
415	135	765	  1	
415	168	765	  1	
415	256	765	  1	
415	275	765	  1	
415	338	765	  1	
416	 40	765	  1	
416	 47	765	  1	
416	101	765	  1	
416	120	765	  1	
416	167	765	  1	
416	184	765	  1	
416	311	765	  1	
417	178	765	  1	
417	183	765	  1	
417	306	765	  1	
418	 80	765	  1	
418	 87	765	  1	
418	 96	765	  1	
418	142	765	  1	
419	 64	765	  1	
419	125	765	  1	
419	219	765	  1	
421	 26	765	  1	
421	351	765	  1	
422	 55	765	  1	
422	 75	765	  1	
422	102	765	  1	
422	133	765	  1	
422	551	765	  1	
423	  0	765	  1	
423	 43	765	  1	
423	121	765	  1	
423	136	765	  1	
423	343	765	  1	
423	380	765	  1	
424	 52	765	  1	
424	 64	765	  1	
424	 90	765	  1	
424	170	765	  1	
424	180	765	  1	
424	197	765	  1	
424	215	765	  1	
424	240	765	  1	
424	255	765	  1	
424	365	765	  1	
424	419	765	  1	
425	275	765	  1	
425	303	765	  1	
426	 55	765	  1	
426	160	765	  1	
426	245	765	  1	
427	 23	765	  1	
427	 93	765	  1	
427	176	765	  1	
428	360	765	  1	
429	  0	765	  1	
429	 70	765	  1	
429	120	765	  1	
429	192	765	  1	
430	198	765	  1	
430	283	765	  1	
431	  8	765	  1	
431	 52	765	  1	
431	119	765	  1	
431	183	765	  1	
431	191	765	  1	
431	240	765	  1	
431	255	765	  1	
431	296	765	  1	
431	303	765	  1	
431	306	765	  1	
431	472	765	  1	
432	  3	765	  1	
432	 40	765	  1	
432	 77	765	  1	
432	 85	765	  1	
432	 98	765	  1	
432	114	765	  1	
432	128	765	  1	
432	136	765	  1	
432	157	765	  1	
432	173	765	  1	
432	184	765	  1	
432	192	765	  1	
432	227	765	  1	
432	264	765	  1	
432	342	765	  1	
432	392	765	  1	
433	130	765	  1	
433	143	765	  1	
433	152	765	  1	
433	270	765	  1	
434	 16	765	  1	
434	 80	765	  1	
434	131	765	  1	
434	160	765	  1	
434	256	765	  1	
435	 72	765	  1	
435	216	765	  1	
436	 85	765	  1	
436	264	765	  1	
437	 27	765	  1	
437	187	765	  1	
437	200	765	  1	
438	 71	765	  1	
438	196	765	  1	
439	 80	765	  1	
439	227	765	  1	
439	256	765	  1	
439	269	765	  1	
440	 19	765	  1	
440	 36	765	  1	
440	 40	765	  1	
440	 51	765	  1	
440	129	765	  1	
440	147	765	  1	
440	293	765	  1	
440	333	765	  1	
440	343	765	  1	
442	 23	765	  1	
442	 98	765	  1	
442	160	765	  1	
443	106	765	  1	
443	112	765	  1	
443	120	765	  1	
443	187	765	  1	
443	246	765	  1	
444	294	765	  1	
445	 16	765	  1	
445	 80	765	  1	
445	 87	765	  1	
445	136	765	  1	
445	271	765	  1	
446	178	765	  1	
447	 14	765	  1	
447	183	765	  1	
447	266	765	  1	
447	339	765	  1	
448	 10	765	  1	
448	 30	765	  1	
448	 35	765	  1	
448	 64	765	  1	
448	141	765	  1	
448	168	765	  1	
448	175	765	  1	
448	216	765	  1	
448	261	765	  1	
450	126	765	  1	
450	140	765	  1	
451	159	765	  1	
452	216	765	  1	
453	 30	765	  1	
453	 70	765	  1	
453	 96	765	  1	
453	223	765	  1	
453	320	765	  1	
454	 32	765	  1	
454	 53	765	  1	
454	120	765	  1	
455	 18	765	  1	
455	136	765	  1	
455	171	765	  1	
456	  1	765	  1	
456	 56	765	  1	
456	 63	765	  1	
456	 74	765	  1	
456	 78	765	  1	
456	 87	765	  1	
456	 95	765	  1	
456	114	765	  1	
456	150	765	  1	
456	154	765	  1	
456	175	765	  1	
456	184	765	  1	
456	203	765	  1	
456	208	765	  1	
456	214	765	  1	
456	224	765	  1	
456	278	765	  1	
456	283	765	  1	
459	128	765	  1	
459	259	765	  1	
460	416	765	  1	
461	 16	765	  1	
461	112	765	  1	
461	119	765	  1	
461	159	765	  1	
462	 79	765	  1	
462	188	765	  1	
462	472	765	  1	
463	 32	765	  1	
463	 59	765	  1	
463	200	765	  1	
463	224	765	  1	
463	278	765	  1	
463	287	765	  1	
464	 23	765	  1	
464	 26	765	  1	
464	 31	765	  1	
464	 64	765	  1	
464	 80	765	  1	
464	103	765	  1	
464	167	765	  1	
464	192	765	  1	
464	199	765	  1	
464	234	765	  1	
464	350	765	  1	
464	367	765	  1	
465	 18	765	  1	
466	216	765	  1	
468	151	765	  1	
468	234	765	  1	
469	 91	765	  1	
469	115	765	  1	
471	 83	765	  1	
471	102	765	  1	
471	195	765	  1	
471	227	765	  1	
471	266	765	  1	
472	  0	765	  1	
472	 73	765	  1	
472	160	765	  1	
472	167	765	  1	
472	176	765	  1	
472	189	765	  1	
472	210	765	  1	
472	223	765	  1	
472	231	765	  1	
472	296	765	  1	
472	300	765	  1	
472	312	765	  1	
472	319	765	  1	
472	344	765	  1	
473	  7	765	  1	
474	389	765	  1	
475	 27	765	  1	
475	 64	765	  1	
475	 79	765	  1	
476	  0	765	  1	
477	136	765	  1	
477	182	765	  1	
477	208	765	  1	
477	215	765	  1	
478	 74	765	  1	
479	104	765	  1	
479	149	765	  1	
479	163	765	  1	
479	231	765	  1	
479	315	765	  1	
479	336	765	  1	
479	416	765	  1	
480	 32	765	  1	
480	 47	765	  1	
480	 56	765	  1	
480	 72	765	  1	
480	 76	765	  1	
480	 88	765	  1	
480	106	765	  1	
480	192	765	  1	
480	198	765	  1	
480	205	765	  1	
480	224	765	  1	
480	253	765	  1	
480	304	765	  1	
480	328	765	  1	
480	334	765	  1	
482	102	765	  1	
482	118	765	  1	
482	311	765	  1	
483	 35	765	  1	
483	 48	765	  1	
484	143	765	  1	
484	248	765	  1	
485	 79	765	  1	
485	104	765	  1	
485	195	765	  1	
485	230	765	  1	
485	272	765	  1	
485	331	765	  1	
486	108	765	  1	
486	206	765	  1	
486	304	765	  1	
487	112	765	  1	
488	 35	765	  1	
488	128	765	  1	
488	142	765	  1	
488	150	765	  1	
488	179	765	  1	
488	280	765	  1	
489	 62	765	  1	
489	120	765	  1	
490	144	765	  1	
490	351	765	  1	
491	216	765	  1	
491	232	765	  1	
491	287	765	  1	
491	407	765	  1	
493	 72	765	  1	
493	110	765	  1	
493	132	765	  1	
494	139	765	  1	
494	179	765	  1	
495	 32	765	  1	
495	 39	765	  1	
495	280	765	  1	
495	359	765	  1	
496	 40	765	  1	
496	 83	765	  1	
496	 88	765	  1	
496	151	765	  1	
496	174	765	  1	
496	192	765	  1	
496	224	765	  1	
496	230	765	  1	
496	235	765	  1	
496	240	765	  1	
496	247	765	  1	
496	314	765	  1	
496	360	765	  1	
498	140	765	  1	
499	 47	765	  1	
499	 56	765	  1	
499	168	765	  1	
499	228	765	  1	
500	127	765	  1	
501	 94	765	  1	
501	144	765	  1	
501	319	765	  1	
502	134	765	  1	
502	224	765	  1	
503	 40	765	  1	
503	120	765	  1	
503	240	765	  1	
503	285	765	  1	
503	399	765	  1	
503	404	765	  1	
504	 15	765	  1	
504	 96	765	  1	
504	112	765	  1	
504	152	765	  1	
504	342	765	  1	
504	568	765	  1	
505	447	765	  1	
507	  8	765	  1	
507	 72	765	  1	
507	104	765	  1	
507	111	765	  1	
507	198	765	  1	
509	 58	765	  1	
509	208	765	  1	
510	159	765	  1	
510	192	765	  1	
510	340	765	  1	
511	 15	765	  1	
511	152	765	  1	
512	  8	765	  1	
512	 35	765	  1	
512	 42	765	  1	
512	 55	765	  1	
512	 91	765	  1	
512	101	765	  1	
512	115	765	  1	
512	117	765	  1	
512	131	765	  1	
512	138	765	  1	
512	143	765	  1	
512	167	765	  1	
512	176	765	  1	
512	189	765	  1	
512	220	765	  1	
512	232	765	  1	
512	236	765	  1	
512	266	765	  1	
512	322	765	  1	
512	349	765	  1	
512	396	765	  1	
513	 96	765	  1	
514	 87	765	  1	
514	256	765	  1	
514	271	765	  1	
515	 65	765	  1	
515	160	765	  1	
515	183	765	  1	
515	208	765	  1	
516	 77	765	  1	
516	327	765	  1	
517	211	765	  1	
517	233	765	  1	
517	248	765	  1	
517	270	765	  1	
517	287	765	  1	
518	 50	765	  1	
518	 88	765	  1	
518	114	765	  1	
518	143	765	  1	
518	184	765	  1	
518	263	765	  1	
518	320	765	  1	
518	328	765	  1	
519	 40	765	  1	
519	 47	765	  1	
519	 83	765	  1	
519	167	765	  1	
519	176	765	  1	
519	256	765	  1	
519	269	765	  1	
519	399	765	  1	
520	120	765	  1	
520	220	765	  1	
520	244	765	  1	
520	347	765	  1	
520	398	765	  1	
521	 64	765	  1	
521	 88	765	  1	
522	354	765	  1	
523	 54	765	  1	
523	326	765	  1	
523	359	765	  1	
523	392	765	  1	
524	130	765	  1	
525	 92	765	  1	
525	100	765	  1	
525	104	765	  1	
525	240	765	  1	
525	500	765	  1	
526	 48	765	  1	
526	 76	765	  1	
526	 88	765	  1	
526	127	765	  1	
526	344	765	  1	
526	351	765	  1	
527	139	765	  1	
527	247	765	  1	
527	392	765	  1	
528	 64	765	  1	
528	 85	765	  1	
528	 98	765	  1	
528	128	765	  1	
528	143	765	  1	
528	183	765	  1	
528	195	765	  1	
528	200	765	  1	
528	214	765	  1	
528	254	765	  1	
528	336	765	  1	
529	249	765	  1	
530	163	765	  1	
531	176	765	  1	
532	296	765	  1	
533	110	765	  1	
533	243	765	  1	
533	434	765	  1	
534	224	765	  1	
534	285	765	  1	
535	 56	765	  1	
535	183	765	  1	
535	192	765	  1	
535	199	765	  1	
535	303	765	  1	
536	 50	765	  1	
536	 59	765	  1	
536	104	765	  1	
536	122	765	  1	
536	184	765	  1	
536	188	765	  1	
536	205	765	  1	
536	208	765	  1	
536	416	765	  1	
537	150	765	  1	
538	343	765	  1	
539	 23	765	  1	
539	204	765	  1	
539	304	765	  1	
539	368	765	  1	
539	487	765	  1	
541	110	765	  1	
541	295	765	  1	
542	247	765	  1	
543	 56	765	  1	
543	240	765	  1	
543	251	765	  1	
543	264	765	  1	
543	271	765	  1	
544	 79	765	  1	
544	 85	765	  1	
544	104	765	  1	
544	397	765	  1	
545	 80	765	  1	
547	343	765	  1	
549	 51	765	  1	
549	 87	765	  1	
549	107	765	  1	
549	190	765	  1	
551	 83	765	  1	
551	120	765	  1	
551	184	765	  1	
552	 67	765	  1	
552	 85	765	  1	
552	118	765	  1	
552	144	765	  1	
552	163	765	  1	
552	176	765	  1	
552	456	765	  1	
552	498	765	  1	
553	183	765	  1	
554	  7	765	  1	
554	112	765	  1	
555	359	765	  1	
555	376	765	  1	
557	 76	765	  1	
557	 80	765	  1	
557	160	765	  1	
557	171	765	  1	
558	 86	765	  1	
558	119	765	  1	
559	 64	765	  1	
559	 71	765	  1	
559	336	765	  1	
560	112	765	  1	
560	155	765	  1	
560	192	765	  1	
560	198	765	  1	
560	224	765	  1	
560	232	765	  1	
560	239	765	  1	
560	264	765	  1	
560	270	765	  1	
560	274	765	  1	
560	279	765	  1	
560	295	765	  1	
560	298	765	  1	
560	322	765	  1	
560	327	765	  1	
560	407	765	  1	
561	245	765	  1	
562	216	765	  1	
562	240	765	  1	
563	182	765	  1	
563	315	765	  1	
565	191	765	  1	
565	344	765	  1	
566	127	765	  1	
567	235	765	  1	
568	 10	765	  1	
568	 78	765	  1	
568	 93	765	  1	
568	114	765	  1	
568	176	765	  1	
569	  5	765	  1	
569	110	765	  1	
572	295	765	  1	
572	298	765	  1	
574	  0	765	  1	
574	303	765	  1	
575	126	765	  1	
575	240	765	  1	
575	247	765	  1	
576	  4	765	  1	
576	 12	765	  1	
576	 78	765	  1	
576	103	765	  1	
576	171	765	  1	
576	176	765	  1	
576	223	765	  1	
576	333	765	  1	
576	352	765	  1	
577	247	765	  1	
578	216	765	  1	
579	183	765	  1	
579	272	765	  1	
580	513	765	  1	
581	334	765	  1	
582	102	765	  1	
583	 63	765	  1	
583	168	765	  1	
583	175	765	  1	
583	499	765	  1	
583	512	765	  1	
584	 80	765	  1	
584	248	765	  1	
584	254	765	  1	
584	259	765	  1	
584	284	765	  1	
584	299	765	  1	
584	455	765	  1	
585	 90	765	  1	
586	247	765	  1	
586	296	765	  1	
587	240	765	  1	
587	463	765	  1	
588	447	765	  1	
589	311	765	  1	
591	216	765	  1	
591	300	765	  1	
592	111	765	  1	
592	136	765	  1	
592	193	765	  1	
592	275	765	  1	
592	424	765	  1	
594	 61	765	  1	
594	107	765	  1	
594	432	765	  1	
595	328	765	  1	
595	335	765	  1	
596	240	765	  1	
596	427	765	  1	
597	426	765	  1	
598	 91	765	  1	
598	 95	765	  1	
598	196	765	  1	
598	261	765	  1	
599	228	765	  1	
599	264	765	  1	
600	 52	765	  1	
600	266	765	  1	
600	307	765	  1	
600	320	765	  1	
600	456	765	  1	
603	326	765	  1	
606	244	765	  1	
607	304	765	  1	
607	311	765	  1	
608	  8	765	  1	
608	240	765	  1	
609	296	765	  1	
609	303	765	  1	
611	  0	765	  1	
616	257	765	  1	
616	297	765	  1	
616	384	765	  1	
616	391	765	  1	
616	463	765	  1	
617	308	765	  1	
619	 20	765	  1	
619	263	765	  1	
621	223	765	  1	
621	244	765	  1	
623	216	765	  1	
623	302	765	  1	
623	311	765	  1	
623	316	765	  1	
624	 52	765	  1	
624	 56	765	  1	
624	128	765	  1	
624	200	765	  1	
624	213	765	  1	
624	291	765	  1	
624	383	765	  1	
627	 63	765	  1	
631	 58	765	  1	
631	119	765	  1	
631	138	765	  1	
631	202	765	  1	
631	288	765	  1	
631	295	765	  1	
632	  8	765	  1	
632	307	765	  1	
632	376	765	  1	
632	383	765	  1	
635	239	765	  1	
635	304	765	  1	
635	311	765	  1	
635	368	765	  1	
636	 91	765	  1	
639	152	765	  1	
639	291	765	  1	
639	307	765	  1	
639	379	765	  1	
640	151	765	  1	
640	335	765	  1	
643	412	765	  1	
645	330	765	  1	
648	331	765	  1	
653	375	765	  1	
654	269	765	  1	
654	370	765	  1	
654	376	765	  1	
655	118	765	  1	
655	359	765	  1	
658	279	765	  1	
661	 77	765	  1	
662	139	765	  1	
663	192	765	  1	
663	204	765	  1	
664	111	765	  1	
672	279	765	  1	
673	263	765	  1	
674	208	765	  1	
679	131	765	  1	
679	215	765	  1	
679	279	765	  1	
680	 71	765	  1	
680	191	765	  1	
681	131	765	  1	
685	391	765	  1	
696	196	765	  1	
696	247	765	  1	
707	271	765	  1	
712	176	765	  1	
712	191	765	  1	
722	592	765	  1	
727	 29	765	  1	
728	127	765	  1	
728	336	765	  1	
731	393	765	  1	
732	 63	765	  1	
736	344	765	  1	
756	 71	765	  1	
764	203	765	  1	
