# 
#  Image file: Goad1_T0174.jpg
#  Applied threshold: 575
#  Algorithm used: fill2                 
#  Particle count: 1899
#  Location (x,y), max luminance, and mass:
# 
  4	163	765	  1	
  5	427	765	  1	
  7	358	765	  1	
  7	394	765	  1	
 15	152	765	  1	
 15	171	765	  1	
 16	312	765	  1	
 39	480	765	  1	
 40	106	765	  1	
 40	276	765	  1	
 40	298	765	  1	
 42	435	765	  1	
 52	255	765	  1	
 56	100	765	  1	
 56	104	765	  1	
 62	240	765	  1	
 63	384	765	  1	
 64	176	765	  1	
 70	207	765	  1	
 72	119	765	  1	
 75	528	765	  1	
 76	112	765	  1	
 80	160	765	  1	
 80	327	765	  1	
 80	384	765	  1	
 82	373	765	  1	
 85	 63	765	  1	
 85	127	765	  1	
 85	368	765	  1	
 87	112	765	  1	
 87	143	765	  1	
 90	158	765	  1	
 93	 32	765	  1	
 93	184	765	  1	
 93	325	765	  1	
 94	379	765	  1	
 95	396	765	  1	
 97	292	765	  1	
 97	543	765	  1	
 99	295	765	  1	
101	280	765	  1	
101	367	765	  1	
104	413	765	  1	
105	132	765	  1	
106	423	765	  1	
107	472	765	  1	
108	282	765	  1	
109	416	765	  1	
110	280	765	  1	
110	284	765	  1	
111	195	765	  1	
111	287	765	  1	
111	294	765	  1	
112	151	765	  1	
112	168	765	  1	
112	232	765	  1	
112	246	765	  1	
112	427	765	  1	
115	144	765	  1	
115	383	765	  1	
119	383	765	  1	
119	397	765	  1	
119	442	765	  1	
119	479	765	  1	
120	103	765	  1	
120	136	765	  1	
120	151	765	  1	
120	220	765	  1	
120	368	765	  1	
120	395	765	  1	
123	 11	765	  1	
123	214	765	  1	
126	222	765	  1	
127	144	765	  1	
128	239	765	  1	
128	248	765	  1	
128	256	765	  1	
128	272	765	  1	
128	279	765	  1	
130	128	765	  1	
130	357	765	  1	
131	 63	765	  1	
131	263	765	  1	
131	304	765	  1	
131	352	765	  1	
135	149	765	  1	
135	171	765	  1	
135	256	765	  1	
135	344	765	  1	
135	371	765	  1	
135	382	765	  1	
136	111	765	  1	
136	125	765	  1	
136	175	765	  1	
136	191	765	  1	
136	199	765	  1	
136	250	765	  1	
138	120	765	  1	
139	104	765	  1	
139	168	765	  1	
140	258	765	  1	
141	136	765	  1	
142	 63	765	  1	
142	126	765	  1	
143	111	765	  1	
143	175	765	  1	
143	240	765	  1	
143	247	765	  1	
143	536	765	  1	
144	  0	765	  1	
144	 59	765	  1	
144	123	765	  1	
144	144	765	  1	
144	226	765	  1	
144	251	765	  1	
144	346	765	  1	
145	256	765	  1	
146	259	765	  1	
146	266	765	  1	
146	279	765	  1	
147	168	765	  1	
147	184	765	  1	
147	207	765	  1	
147	399	765	  1	
148	148	765	  1	
149	360	765	  1	
151	175	765	  1	
151	225	765	  1	
151	256	765	  1	
151	346	765	  1	
151	423	765	  1	
151	584	765	  1	
152	 71	765	  1	
152	176	765	  1	
152	181	765	  1	
152	184	765	  1	
152	203	765	  1	
152	240	765	  1	
154	138	765	  1	
155	112	765	  1	
155	375	765	  1	
157	  0	765	  1	
157	370	765	  1	
158	185	765	  1	
158	280	765	  1	
159	200	765	  1	
159	207	765	  1	
159	240	765	  1	
159	334	765	  1	
159	360	765	  1	
160	120	765	  1	
160	135	765	  1	
163	192	765	  1	
165	312	765	  1	
165	317	765	  1	
166	199	765	  1	
166	247	765	  1	
167	375	765	  1	
167	384	765	  1	
168	  8	765	  1	
168	116	765	  1	
168	266	765	  1	
168	365	765	  1	
169	315	765	  1	
170	 40	765	  1	
170	360	765	  1	
171	258	765	  1	
173	 47	765	  1	
173	 56	765	  1	
173	136	765	  1	
173	179	765	  1	
173	231	765	  1	
173	304	765	  1	
173	309	765	  1	
174	  7	765	  1	
176	175	765	  1	
176	192	765	  1	
176	242	765	  1	
176	252	765	  1	
176	256	765	  1	
176	287	765	  1	
176	312	765	  1	
176	464	765	  1	
177	181	765	  1	
178	599	765	  1	
179	  8	765	  1	
179	261	765	  1	
179	271	765	  1	
179	391	765	  1	
180	 83	765	  1	
180	326	765	  1	
181	  4	765	  1	
181	112	765	  1	
181	119	765	  1	
182	 69	765	  1	
182	256	765	  1	
182	367	765	  1	
183	103	765	  1	
183	176	765	  1	
183	192	765	  1	
183	312	765	  1	
183	320	765	  1	
183	354	765	  1	
183	386	765	  1	
184	 48	765	  1	
184	 63	765	  1	
184	160	765	  1	
184	302	765	  1	
184	325	765	  1	
184	424	765	  1	
184	439	765	  1	
186	 58	765	  1	
187	 80	765	  1	
187	 82	765	  1	
187	 96	765	  1	
187	232	765	  1	
189	 55	765	  1	
189	 99	765	  1	
189	120	765	  1	
189	152	765	  1	
189	168	765	  1	
189	287	765	  1	
189	451	765	  1	
190	295	765	  1	
190	299	765	  1	
191	167	765	  1	
191	239	765	  1	
191	462	765	  1	
192	 16	765	  1	
192	128	765	  1	
192	135	765	  1	
192	195	765	  1	
192	198	765	  1	
192	377	765	  1	
192	381	765	  1	
192	408	765	  1	
192	423	765	  1	
193	239	765	  1	
195	192	765	  1	
195	204	765	  1	
195	240	765	  1	
195	416	765	  1	
195	455	765	  1	
196	 48	765	  1	
196	 60	765	  1	
196	 90	765	  1	
196	407	765	  1	
197	 94	765	  1	
197	152	765	  1	
197	352	765	  1	
198	 32	765	  1	
198	131	765	  1	
198	400	765	  1	
198	495	765	  1	
199	 16	765	  1	
199	 55	765	  1	
199	 87	765	  1	
199	163	765	  1	
199	423	765	  1	
200	 27	765	  1	
200	 64	765	  1	
200	116	765	  1	
200	123	765	  1	
200	144	765	  1	
200	264	765	  1	
200	270	765	  1	
200	456	765	  1	
201	304	765	  1	
202	335	765	  1	
203	128	765	  1	
203	416	765	  1	
203	463	765	  1	
205	 24	765	  1	
206	392	765	  1	
206	432	765	  1	
207	 31	765	  1	
207	144	765	  1	
207	205	765	  1	
207	361	765	  1	
207	373	765	  1	
207	377	765	  1	
207	423	765	  1	
207	456	765	  1	
208	 61	765	  1	
208	 96	765	  1	
208	120	765	  1	
208	133	765	  1	
208	376	765	  1	
208	444	765	  1	
208	450	765	  1	
208	488	765	  1	
208	504	765	  1	
208	536	765	  1	
209	279	765	  1	
211	104	765	  1	
211	383	765	  1	
211	495	765	  1	
212	310	765	  1	
212	455	765	  1	
213	111	765	  1	
214	 99	765	  1	
214	124	765	  1	
214	304	765	  1	
214	351	765	  1	
215	264	765	  1	
215	376	765	  1	
215	432	765	  1	
215	488	765	  1	
216	  8	765	  1	
216	127	765	  1	
216	154	765	  1	
216	303	765	  1	
216	320	765	  1	
216	324	765	  1	
216	336	765	  1	
217	190	765	  1	
218	343	765	  1	
219	  0	765	  1	
219	 64	765	  1	
219	104	765	  1	
219	229	765	  1	
219	296	765	  1	
219	335	765	  1	
220	447	765	  1	
221	152	765	  1	
221	159	765	  1	
222	 71	765	  1	
222	317	765	  1	
223	120	765	  1	
223	303	765	  1	
224	  8	765	  1	
224	104	765	  1	
224	128	765	  1	
224	189	765	  1	
224	195	765	  1	
224	288	765	  1	
224	295	765	  1	
224	309	765	  1	
224	312	765	  1	
224	326	765	  1	
224	344	765	  1	
224	355	765	  1	
224	439	765	  1	
224	463	765	  1	
224	470	765	  1	
226	176	765	  1	
226	400	765	  1	
227	111	765	  1	
227	304	765	  1	
227	432	765	  1	
227	456	765	  1	
228	 24	765	  1	
229	 88	765	  1	
229	191	765	  1	
229	287	765	  1	
229	320	765	  1	
229	383	765	  1	
229	406	765	  1	
229	576	765	  1	
229	581	765	  1	
230	  8	765	  1	
230	104	765	  1	
231	 36	765	  1	
231	176	765	  1	
231	258	765	  1	
231	291	765	  1	
231	352	765	  1	
231	359	765	  1	
231	439	765	  1	
231	463	765	  1	
231	470	765	  1	
232	  0	765	  1	
232	112	765	  1	
232	122	765	  1	
232	144	765	  1	
232	151	765	  1	
232	159	765	  1	
232	224	765	  1	
232	240	765	  1	
232	277	765	  1	
232	312	765	  1	
232	451	765	  1	
233	138	765	  1	
234	104	765	  1	
234	111	765	  1	
234	334	765	  1	
235	 64	765	  1	
235	 80	765	  1	
235	123	765	  1	
237	166	765	  1	
237	332	765	  1	
237	594	765	  1	
237	599	765	  1	
238	 23	765	  1	
238	 56	765	  1	
238	112	765	  1	
238	139	765	  1	
238	436	765	  1	
239	128	765	  1	
239	159	765	  1	
239	176	765	  1	
239	232	765	  1	
239	288	765	  1	
239	448	765	  1	
239	455	765	  1	
240	 31	765	  1	
240	 88	765	  1	
240	 92	765	  1	
240	 98	765	  1	
240	136	765	  1	
240	205	765	  1	
240	261	765	  1	
240	399	765	  1	
240	456	765	  1	
240	463	765	  1	
240	488	765	  1	
240	552	765	  1	
241	128	765	  1	
241	236	765	  1	
242	103	765	  1	
242	256	765	  1	
243	184	765	  1	
243	191	765	  1	
243	248	765	  1	
244	  0	765	  1	
245	136	765	  1	
245	200	765	  1	
246	 92	765	  1	
246	173	765	  1	
246	260	765	  1	
246	274	765	  1	
247	  7	765	  1	
247	 98	765	  1	
247	536	765	  1	
248	 69	765	  1	
248	 75	765	  1	
248	 80	765	  1	
248	117	765	  1	
248	155	765	  1	
248	184	765	  1	
248	187	765	  1	
248	216	765	  1	
248	248	765	  1	
248	308	765	  1	
248	323	765	  1	
248	352	765	  1	
248	363	765	  1	
248	448	765	  1	
249	 87	765	  1	
250	112	765	  1	
251	 15	765	  1	
251	 55	765	  1	
251	223	765	  1	
251	359	765	  1	
253	 56	765	  1	
253	 82	765	  1	
253	166	765	  1	
253	208	765	  1	
253	555	765	  1	
254	  8	765	  1	
254	 46	765	  1	
254	118	765	  1	
255	200	765	  1	
255	367	765	  1	
255	448	765	  1	
256	  4	765	  1	
256	 54	765	  1	
256	 93	765	  1	
256	 96	765	  1	
256	100	765	  1	
256	261	765	  1	
257	 72	765	  1	
257	110	765	  1	
257	588	765	  1	
258	  8	765	  1	
259	  0	765	  1	
259	 40	765	  1	
259	 99	765	  1	
259	182	765	  1	
259	192	765	  1	
259	251	765	  1	
259	461	765	  1	
259	471	765	  1	
259	505	765	  1	
260	 15	765	  1	
261	 11	765	  1	
261	 39	765	  1	
261	123	765	  1	
261	487	765	  1	
262	176	765	  1	
262	207	765	  1	
262	262	765	  1	
263	100	765	  1	
263	199	765	  1	
263	427	765	  1	
263	464	765	  1	
263	488	765	  1	
263	536	765	  1	
264	 18	765	  1	
264	 27	765	  1	
264	 72	765	  1	
264	 77	765	  1	
264	228	765	  1	
264	237	765	  1	
264	240	765	  1	
264	299	765	  1	
264	304	765	  1	
264	328	765	  1	
264	335	765	  1	
264	440	765	  1	
264	448	765	  1	
264	463	765	  1	
264	518	765	  1	
264	544	765	  1	
265	275	765	  1	
266	 14	765	  1	
267	311	765	  1	
267	431	765	  1	
267	448	765	  1	
267	512	765	  1	
268	254	765	  1	
268	486	765	  1	
269	480	765	  1	
270	  8	765	  1	
270	 19	765	  1	
270	 31	765	  1	
270	234	765	  1	
270	248	765	  1	
270	523	765	  1	
271	296	765	  1	
271	303	765	  1	
271	331	765	  1	
271	424	765	  1	
271	452	765	  1	
271	544	765	  1	
272	  0	765	  1	
272	 11	765	  1	
272	 16	765	  1	
272	 58	765	  1	
272	133	765	  1	
272	172	765	  1	
272	184	765	  1	
272	246	765	  1	
272	264	765	  1	
272	275	765	  1	
272	376	765	  1	
272	383	765	  1	
272	536	765	  1	
274	 78	765	  1	
274	213	765	  1	
275	359	765	  1	
277	 22	765	  1	
277	168	765	  1	
277	173	765	  1	
278	 72	765	  1	
278	126	765	  1	
278	237	765	  1	
278	247	765	  1	
278	278	765	  1	
279	  8	765	  1	
279	379	765	  1	
279	387	765	  1	
280	 48	765	  1	
280	 67	765	  1	
280	 80	765	  1	
280	141	765	  1	
280	189	765	  1	
280	212	765	  1	
280	271	765	  1	
280	319	765	  1	
280	334	765	  1	
280	464	765	  1	
280	468	765	  1	
280	482	765	  1	
280	527	765	  1	
280	592	765	  1	
281	478	765	  1	
281	503	765	  1	
282	184	765	  1	
283	286	765	  1	
283	312	765	  1	
283	520	765	  1	
285	 53	765	  1	
285	432	765	  1	
286	 88	765	  1	
286	120	765	  1	
286	190	765	  1	
286	331	765	  1	
287	 67	765	  1	
287	206	765	  1	
287	256	765	  1	
287	319	765	  1	
287	501	765	  1	
287	527	765	  1	
288	  0	765	  1	
288	 16	765	  1	
288	 24	765	  1	
288	 63	765	  1	
288	 74	765	  1	
288	107	765	  1	
288	240	765	  1	
288	328	765	  1	
288	357	765	  1	
288	384	765	  1	
288	389	765	  1	
288	424	765	  1	
288	504	765	  1	
288	511	765	  1	
288	563	765	  1	
289	 10	765	  1	
290	 99	765	  1	
290	247	765	  1	
290	333	765	  1	
290	440	765	  1	
293	447	765	  1	
294	215	765	  1	
294	328	765	  1	
295	 10	765	  1	
295	 24	765	  1	
295	 95	765	  1	
295	424	765	  1	
295	507	765	  1	
296	  7	765	  1	
296	 22	765	  1	
296	 37	765	  1	
296	 79	765	  1	
296	 87	765	  1	
296	251	765	  1	
296	292	765	  1	
296	384	765	  1	
296	459	765	  1	
296	463	765	  1	
298	311	765	  1	
298	379	765	  1	
299	456	765	  1	
300	200	765	  1	
301	 21	765	  1	
301	287	765	  1	
301	350	765	  1	
302	 16	765	  1	
302	 32	765	  1	
302	303	765	  1	
304	 47	765	  1	
304	133	765	  1	
304	163	765	  1	
304	186	765	  1	
304	215	765	  1	
304	218	765	  1	
304	224	765	  1	
304	229	765	  1	
304	248	765	  1	
304	304	765	  1	
304	368	765	  1	
304	376	765	  1	
306	  6	765	  1	
306	 88	765	  1	
306	142	765	  1	
306	210	765	  1	
306	375	765	  1	
307	 40	765	  1	
307	152	765	  1	
307	344	765	  1	
307	389	765	  1	
308	229	765	  1	
309	 16	765	  1	
309	 23	765	  1	
309	192	765	  1	
309	216	765	  1	
309	223	765	  1	
309	432	765	  1	
310	  0	765	  1	
310	256	765	  1	
310	280	765	  1	
310	291	765	  1	
311	 38	765	  1	
311	 47	765	  1	
311	112	765	  1	
311	308	765	  1	
311	312	765	  1	
311	319	765	  1	
311	467	765	  1	
312	 43	765	  1	
312	 72	765	  1	
312	 79	765	  1	
312	 81	765	  1	
312	 87	765	  1	
312	143	765	  1	
312	168	765	  1	
312	203	765	  1	
312	224	765	  1	
312	287	765	  1	
312	301	765	  1	
312	395	765	  1	
312	400	765	  1	
312	474	765	  1	
313	199	765	  1	
314	230	765	  1	
314	255	765	  1	
314	340	765	  1	
314	518	765	  1	
315	 23	765	  1	
315	 64	765	  1	
315	261	765	  1	
315	328	765	  1	
315	494	765	  1	
316	397	765	  1	
316	446	765	  1	
317	 87	765	  1	
317	 91	765	  1	
317	296	765	  1	
317	360	765	  1	
318	216	765	  1	
318	224	765	  1	
318	272	765	  1	
318	408	765	  1	
318	456	765	  1	
319	 16	765	  1	
319	 40	765	  1	
319	 75	765	  1	
319	 80	765	  1	
319	193	765	  1	
319	200	765	  1	
319	207	765	  1	
319	338	765	  1	
319	400	765	  1	
319	438	765	  1	
320	  0	765	  1	
320	 13	765	  1	
320	 21	765	  1	
320	 64	765	  1	
320	 99	765	  1	
320	112	765	  1	
320	128	765	  1	
320	132	765	  1	
320	157	765	  1	
320	179	765	  1	
320	192	765	  1	
320	264	765	  1	
320	314	765	  1	
320	319	765	  1	
320	351	765	  1	
320	357	765	  1	
320	368	765	  1	
320	382	765	  1	
320	413	765	  1	
320	448	765	  1	
321	136	765	  1	
321	143	765	  1	
321	304	765	  1	
323	 47	765	  1	
323	120	765	  1	
323	199	765	  1	
323	344	765	  1	
325	368	765	  1	
325	448	765	  1	
326	204	765	  1	
326	296	765	  1	
326	312	765	  1	
326	317	765	  1	
327	 40	765	  1	
327	112	765	  1	
327	192	765	  1	
327	320	765	  1	
327	351	765	  1	
327	373	765	  1	
327	381	765	  1	
328	  8	765	  1	
328	 19	765	  1	
328	 24	765	  1	
328	 31	765	  1	
328	 82	765	  1	
328	190	765	  1	
328	208	765	  1	
328	212	765	  1	
328	238	765	  1	
328	280	765	  1	
328	287	765	  1	
328	291	765	  1	
328	464	765	  1	
328	556	765	  1	
329	360	765	  1	
330	135	765	  1	
330	453	765	  1	
330	508	765	  1	
331	128	765	  1	
331	227	765	  1	
332	 15	765	  1	
333	 87	765	  1	
333	190	765	  1	
333	367	765	  1	
333	379	765	  1	
334	296	765	  1	
335	 10	765	  1	
335	 27	765	  1	
335	283	765	  1	
335	561	765	  1	
336	 32	765	  1	
336	 36	765	  1	
336	 92	765	  1	
336	138	765	  1	
336	144	765	  1	
336	195	765	  1	
336	203	765	  1	
336	256	765	  1	
336	286	765	  1	
336	300	765	  1	
336	307	765	  1	
336	344	765	  1	
336	401	765	  1	
336	424	765	  1	
336	431	765	  1	
336	449	765	  1	
336	459	765	  1	
338	280	765	  1	
338	575	765	  1	
339	  0	765	  1	
339	154	765	  1	
339	165	765	  1	
339	405	765	  1	
340	 99	765	  1	
341	128	765	  1	
341	136	765	  1	
341	208	765	  1	
341	262	765	  1	
341	303	765	  1	
341	435	765	  1	
342	 16	765	  1	
342	 23	765	  1	
342	 93	765	  1	
342	108	765	  1	
342	192	765	  1	
342	199	765	  1	
342	328	765	  1	
342	335	765	  1	
342	344	765	  1	
342	575	765	  1	
343	288	765	  1	
343	459	765	  1	
343	561	765	  1	
344	  0	765	  1	
344	 10	765	  1	
344	 45	765	  1	
344	176	765	  1	
344	181	765	  1	
344	216	765	  1	
344	264	765	  1	
344	298	765	  1	
344	380	765	  1	
344	413	765	  1	
344	440	765	  1	
346	104	765	  1	
346	524	765	  1	
347	 88	765	  1	
347	272	765	  1	
347	297	765	  1	
347	408	765	  1	
347	424	765	  1	
348	108	765	  1	
348	399	765	  1	
349	 86	765	  1	
349	280	765	  1	
349	291	765	  1	
349	303	765	  1	
349	376	765	  1	
351	223	765	  1	
352	 39	765	  1	
352	 56	765	  1	
352	110	765	  1	
352	120	765	  1	
352	146	765	  1	
352	163	765	  1	
352	189	765	  1	
352	248	765	  1	
352	278	765	  1	
352	309	765	  1	
352	336	765	  1	
352	347	765	  1	
352	352	765	  1	
352	392	765	  1	
352	440	765	  1	
352	586	765	  1	
354	127	765	  1	
354	219	765	  1	
354	304	765	  1	
354	368	765	  1	
354	437	765	  1	
355	 32	765	  1	
355	 72	765	  1	
355	344	765	  1	
355	408	765	  1	
355	422	765	  1	
355	432	765	  1	
355	443	765	  1	
356	374	765	  1	
357	 96	765	  1	
357	144	765	  1	
357	184	765	  1	
357	260	765	  1	
357	448	765	  1	
358	102	765	  1	
358	310	765	  1	
358	350	765	  1	
358	391	765	  1	
358	395	765	  1	
358	400	765	  1	
359	 39	765	  1	
359	120	765	  1	
359	160	765	  1	
359	167	765	  1	
360	  0	765	  1	
360	 59	765	  1	
360	 79	765	  1	
360	 99	765	  1	
360	112	765	  1	
360	128	765	  1	
360	136	765	  1	
360	143	765	  1	
360	223	765	  1	
360	236	765	  1	
360	304	765	  1	
360	327	765	  1	
360	332	765	  1	
360	360	765	  1	
360	432	765	  1	
360	455	765	  1	
361	230	765	  1	
361	260	765	  1	
362	424	765	  1	
363	176	765	  1	
363	320	765	  1	
363	443	765	  1	
364	 79	765	  1	
364	139	765	  1	
365	192	765	  1	
365	199	765	  1	
367	 72	765	  1	
367	201	765	  1	
367	304	765	  1	
367	311	765	  1	
367	327	765	  1	
367	570	765	  1	
368	 36	765	  1	
368	 69	765	  1	
368	106	765	  1	
368	119	765	  1	
368	238	765	  1	
368	289	765	  1	
368	298	765	  1	
368	303	765	  1	
368	352	765	  1	
368	375	765	  1	
368	387	765	  1	
368	444	765	  1	
368	475	765	  1	
369	367	765	  1	
371	283	765	  1	
371	488	765	  1	
372	 56	765	  1	
372	 61	765	  1	
372	351	765	  1	
372	438	765	  1	
373	  0	765	  1	
373	  7	765	  1	
373	 32	765	  1	
373	 96	765	  1	
373	103	765	  1	
373	111	765	  1	
373	288	765	  1	
373	295	765	  1	
373	379	765	  1	
373	451	765	  1	
374	173	765	  1	
374	432	765	  1	
374	552	765	  1	
375	115	765	  1	
375	141	765	  1	
375	352	765	  1	
376	 48	765	  1	
376	 80	765	  1	
376	112	765	  1	
376	118	765	  1	
376	138	765	  1	
376	184	765	  1	
376	190	765	  1	
376	202	765	  1	
376	227	765	  1	
376	258	765	  1	
376	304	765	  1	
376	420	765	  1	
376	427	765	  1	
376	459	765	  1	
377	130	765	  1	
378	 58	765	  1	
378	 72	765	  1	
378	125	765	  1	
378	264	765	  1	
378	342	765	  1	
378	392	765	  1	
379	 16	765	  1	
379	 63	765	  1	
379	310	765	  1	
379	354	765	  1	
379	375	765	  1	
379	536	765	  1	
381	 54	765	  1	
381	187	765	  1	
381	421	765	  1	
382	176	765	  1	
382	183	765	  1	
382	219	765	  1	
383	202	765	  1	
383	456	765	  1	
383	463	765	  1	
383	598	765	  1	
384	 40	765	  1	
384	 46	765	  1	
384	 64	765	  1	
384	 78	765	  1	
384	 90	765	  1	
384	 94	765	  1	
384	 98	765	  1	
384	113	765	  1	
384	150	765	  1	
384	192	765	  1	
384	231	765	  1	
384	295	765	  1	
384	323	765	  1	
384	360	765	  1	
384	386	765	  1	
384	448	765	  1	
384	511	765	  1	
384	527	765	  1	
385	140	765	  1	
385	480	765	  1	
386	 72	765	  1	
386	376	765	  1	
386	576	765	  1	
387	 80	765	  1	
387	104	765	  1	
387	144	765	  1	
387	504	765	  1	
388	128	765	  1	
388	192	765	  1	
390	 22	765	  1	
390	240	765	  1	
390	354	765	  1	
390	520	765	  1	
391	 64	765	  1	
391	 78	765	  1	
391	120	765	  1	
391	176	765	  1	
391	382	765	  1	
391	461	765	  1	
391	511	765	  1	
392	 40	765	  1	
392	 47	765	  1	
392	 96	765	  1	
392	138	765	  1	
392	153	765	  1	
392	170	765	  1	
392	208	765	  1	
392	232	765	  1	
392	397	765	  1	
392	423	765	  1	
392	440	765	  1	
392	483	765	  1	
393	192	765	  1	
394	 48	765	  1	
394	212	765	  1	
394	238	765	  1	
394	298	765	  1	
395	128	765	  1	
395	175	765	  1	
395	219	765	  1	
395	416	765	  1	
396	 55	765	  1	
396	111	765	  1	
396	143	765	  1	
397	135	765	  1	
397	203	765	  1	
398	232	765	  1	
398	297	765	  1	
399	 11	765	  1	
399	 43	765	  1	
399	 48	765	  1	
399	256	765	  1	
399	280	765	  1	
399	291	765	  1	
399	384	765	  1	
399	423	765	  1	
399	583	765	  1	
400	 58	765	  1	
400	 72	765	  1	
400	166	765	  1	
400	191	765	  1	
400	199	765	  1	
400	208	765	  1	
400	222	765	  1	
400	371	765	  1	
400	392	765	  1	
400	520	765	  1	
401	 96	765	  1	
402	480	765	  1	
403	  3	765	  1	
403	120	765	  1	
405	 48	765	  1	
405	184	765	  1	
405	224	765	  1	
405	304	765	  1	
406	 24	765	  1	
406	116	765	  1	
407	 16	765	  1	
407	212	765	  1	
407	464	765	  1	
407	520	765	  1	
408	 37	765	  1	
408	 66	765	  1	
408	 95	765	  1	
408	110	765	  1	
408	121	765	  1	
408	131	765	  1	
408	152	765	  1	
408	182	765	  1	
408	194	765	  1	
408	265	765	  1	
408	338	765	  1	
408	347	765	  1	
408	392	765	  1	
410	 28	765	  1	
410	 87	765	  1	
410	172	765	  1	
410	271	765	  1	
410	351	765	  1	
411	184	765	  1	
412	219	765	  1	
413	111	765	  1	
413	152	765	  1	
413	192	765	  1	
413	199	765	  1	
413	397	765	  1	
414	  0	765	  1	
414	128	765	  1	
414	266	765	  1	
415	335	765	  1	
415	351	765	  1	
416	 41	765	  1	
416	 50	765	  1	
416	 57	765	  1	
416	171	765	  1	
416	176	765	  1	
416	205	765	  1	
416	287	765	  1	
416	348	765	  1	
416	406	765	  1	
416	419	765	  1	
416	432	765	  1	
416	439	765	  1	
417	 55	765	  1	
417	 67	765	  1	
418	 86	765	  1	
418	200	765	  1	
419	 16	765	  1	
419	280	765	  1	
419	343	765	  1	
419	559	765	  1	
420	 32	765	  1	
420	 92	765	  1	
420	160	765	  1	
420	344	765	  1	
421	 99	765	  1	
421	170	765	  1	
421	184	765	  1	
421	208	765	  1	
421	215	765	  1	
421	335	765	  1	
421	383	765	  1	
421	430	765	  1	
422	167	765	  1	
422	261	765	  1	
423	287	765	  1	
423	324	765	  1	
423	355	765	  1	
423	435	765	  1	
423	574	765	  1	
424	  0	765	  1	
424	 22	765	  1	
424	 34	765	  1	
424	 66	765	  1	
424	272	765	  1	
424	283	765	  1	
424	423	765	  1	
424	599	765	  1	
425	150	765	  1	
426	 16	765	  1	
426	120	765	  1	
426	418	765	  1	
426	456	765	  1	
427	134	765	  1	
427	200	765	  1	
427	280	765	  1	
427	304	765	  1	
428	 96	765	  1	
428	125	765	  1	
428	144	765	  1	
429	 88	765	  1	
429	184	765	  1	
429	191	765	  1	
429	223	765	  1	
430	463	765	  1	
431	 28	765	  1	
431	100	765	  1	
431	120	765	  1	
431	271	765	  1	
431	472	765	  1	
431	599	765	  1	
432	 13	765	  1	
432	 64	765	  1	
432	122	765	  1	
432	140	765	  1	
432	153	765	  1	
432	173	765	  1	
432	207	765	  1	
432	212	765	  1	
432	221	765	  1	
432	227	765	  1	
432	423	765	  1	
433	160	765	  1	
433	165	765	  1	
434	 54	765	  1	
434	136	765	  1	
434	400	765	  1	
435	 22	765	  1	
435	216	765	  1	
436	120	765	  1	
436	258	765	  1	
437	  2	765	  1	
438	 26	765	  1	
438	 48	765	  1	
438	132	765	  1	
438	166	765	  1	
438	520	765	  1	
439	 13	765	  1	
439	144	765	  1	
439	151	765	  1	
439	271	765	  1	
440	  5	765	  1	
440	 24	765	  1	
440	 80	765	  1	
440	128	765	  1	
440	187	765	  1	
440	221	765	  1	
440	288	765	  1	
440	392	765	  1	
440	403	765	  1	
443	 88	765	  1	
443	137	765	  1	
443	200	765	  1	
443	295	765	  1	
444	 69	765	  1	
445	143	765	  1	
447	  5	765	  1	
447	192	765	  1	
447	288	765	  1	
448	  6	765	  1	
448	 16	765	  1	
448	 28	765	  1	
448	 51	765	  1	
448	 96	765	  1	
448	106	765	  1	
448	115	765	  1	
448	121	765	  1	
448	134	765	  1	
448	156	765	  1	
448	165	765	  1	
448	175	765	  1	
448	212	765	  1	
448	227	765	  1	
448	235	765	  1	
448	272	765	  1	
448	295	765	  1	
448	432	765	  1	
449	216	765	  1	
450	208	765	  1	
451	  3	765	  1	
451	 23	765	  1	
451	 86	765	  1	
451	108	765	  1	
452	 35	765	  1	
452	 44	765	  1	
452	 48	765	  1	
452	 70	765	  1	
452	219	765	  1	
452	416	765	  1	
453	163	765	  1	
453	198	765	  1	
454	 60	765	  1	
454	 78	765	  1	
454	124	765	  1	
454	220	765	  1	
454	268	765	  1	
454	279	765	  1	
455	 16	765	  1	
455	 28	765	  1	
455	 55	765	  1	
455	128	765	  1	
455	152	765	  1	
455	159	765	  1	
455	208	765	  1	
455	291	765	  1	
456	  0	765	  1	
456	  7	765	  1	
456	 61	765	  1	
456	116	765	  1	
456	136	765	  1	
456	147	765	  1	
456	176	765	  1	
456	184	765	  1	
456	224	765	  1	
456	255	765	  1	
456	269	765	  1	
456	483	765	  1	
457	166	765	  1	
458	128	765	  1	
458	223	765	  1	
458	264	765	  1	
460	 30	765	  1	
460	176	765	  1	
460	210	765	  1	
460	218	765	  1	
461	  0	765	  1	
461	  7	765	  1	
461	 88	765	  1	
461	142	765	  1	
461	190	765	  1	
461	199	765	  1	
461	215	765	  1	
461	226	765	  1	
461	232	765	  1	
462	 24	765	  1	
462	104	765	  1	
462	270	765	  1	
463	288	765	  1	
463	519	765	  1	
464	 30	765	  1	
464	 47	765	  1	
464	 95	765	  1	
464	171	765	  1	
464	182	765	  1	
464	296	765	  1	
464	359	765	  1	
465	 14	765	  1	
466	111	765	  1	
467	  0	765	  1	
467	 40	765	  1	
467	 72	765	  1	
467	319	765	  1	
469	216	765	  1	
469	232	765	  1	
470	 80	765	  1	
470	112	765	  1	
470	122	765	  1	
470	238	765	  1	
470	245	765	  1	
470	264	765	  1	
471	 47	765	  1	
471	133	765	  1	
471	180	765	  1	
471	288	765	  1	
471	351	765	  1	
471	426	765	  1	
472	  8	765	  1	
472	 56	765	  1	
472	 64	765	  1	
472	 71	765	  1	
472	 96	765	  1	
472	190	765	  1	
472	198	765	  1	
472	204	765	  1	
472	208	765	  1	
472	234	765	  1	
472	256	765	  1	
473	120	765	  1	
475	142	765	  1	
475	153	765	  1	
475	248	765	  1	
475	272	765	  1	
476	139	765	  1	
477	128	765	  1	
477	232	765	  1	
477	239	765	  1	
478	205	765	  1	
478	212	765	  1	
479	  8	765	  1	
479	 67	765	  1	
479	175	765	  1	
479	190	765	  1	
479	200	765	  1	
479	256	765	  1	
480	132	765	  1	
480	203	765	  1	
480	250	765	  1	
480	264	765	  1	
480	270	765	  1	
480	282	765	  1	
481	 22	765	  1	
481	 48	765	  1	
481	 80	765	  1	
481	376	765	  1	
482	 93	765	  1	
483	158	765	  1	
483	174	765	  1	
483	198	765	  1	
485	 14	765	  1	
485	207	765	  1	
485	267	765	  1	
486	 40	765	  1	
486	 53	765	  1	
486	192	765	  1	
487	 72	765	  1	
487	152	765	  1	
488	  2	765	  1	
488	  8	765	  1	
488	 18	765	  1	
488	 37	765	  1	
488	 56	765	  1	
488	173	765	  1	
488	183	765	  1	
488	195	765	  1	
488	213	765	  1	
488	224	765	  1	
488	291	765	  1	
490	 51	765	  1	
490	 61	765	  1	
490	208	765	  1	
490	391	765	  1	
491	 47	765	  1	
492	 56	765	  1	
492	200	765	  1	
493	  0	765	  1	
493	 16	765	  1	
493	 23	765	  1	
493	 84	765	  1	
494	 76	765	  1	
494	214	765	  1	
494	291	765	  1	
495	104	765	  1	
495	179	765	  1	
495	383	765	  1	
496	  7	765	  1	
496	 32	765	  1	
496	 64	765	  1	
496	122	765	  1	
496	152	765	  1	
496	175	765	  1	
496	207	765	  1	
496	218	765	  1	
496	235	765	  1	
496	248	765	  1	
496	254	765	  1	
496	263	765	  1	
496	310	765	  1	
496	346	765	  1	
498	 46	765	  1	
498	150	765	  1	
499	 90	765	  1	
499	 99	765	  1	
500	106	765	  1	
500	223	765	  1	
500	370	765	  1	
501	 70	765	  1	
501	171	765	  1	
501	308	765	  1	
502	 40	765	  1	
502	 92	765	  1	
502	216	765	  1	
503	152	765	  1	
503	211	765	  1	
503	260	765	  1	
504	  0	765	  1	
504	 12	765	  1	
504	 48	765	  1	
504	362	765	  1	
504	424	765	  1	
506	  5	765	  1	
506	108	765	  1	
506	120	765	  1	
506	127	765	  1	
507	184	765	  1	
507	270	765	  1	
508	216	765	  1	
510	257	765	  1	
511	  0	765	  1	
511	263	765	  1	
512	 35	765	  1	
512	 58	765	  1	
512	 81	765	  1	
512	 85	765	  1	
512	 92	765	  1	
512	120	765	  1	
512	124	765	  1	
512	133	765	  1	
512	152	765	  1	
512	160	765	  1	
512	168	765	  1	
512	211	765	  1	
512	218	765	  1	
512	264	765	  1	
512	311	765	  1	
512	395	765	  1	
512	408	765	  1	
513	 82	765	  1	
513	 95	765	  1	
514	173	765	  1	
514	210	765	  1	
514	269	765	  1	
515	 64	765	  1	
515	119	765	  1	
515	304	765	  1	
516	 90	765	  1	
517	 80	765	  1	
517	139	765	  1	
517	221	765	  1	
517	312	765	  1	
517	317	765	  1	
518	 51	765	  1	
518	264	765	  1	
519	 82	765	  1	
519	144	765	  1	
519	168	765	  1	
519	327	765	  1	
519	388	765	  1	
519	415	765	  1	
520	 42	765	  1	
520	 66	765	  1	
520	 96	765	  1	
520	147	765	  1	
520	200	765	  1	
520	275	765	  1	
520	399	765	  1	
521	 26	765	  1	
522	 47	765	  1	
522	133	765	  1	
522	327	765	  1	
523	  2	765	  1	
523	114	765	  1	
523	152	765	  1	
523	207	765	  1	
524	 13	765	  1	
524	 63	765	  1	
525	  8	765	  1	
525	 55	765	  1	
527	 48	765	  1	
527	 56	765	  1	
527	 88	765	  1	
527	200	765	  1	
527	272	765	  1	
527	279	765	  1	
527	394	765	  1	
528	 75	765	  1	
528	 95	765	  1	
528	101	765	  1	
528	128	765	  1	
528	189	765	  1	
528	330	765	  1	
528	335	765	  1	
528	344	765	  1	
529	 89	765	  1	
529	 97	765	  1	
531	233	765	  1	
531	280	765	  1	
531	407	765	  1	
532	102	765	  1	
532	112	765	  1	
532	135	765	  1	
532	399	765	  1	
532	596	765	  1	
533	 47	765	  1	
533	127	765	  1	
533	130	765	  1	
534	 56	765	  1	
534	115	765	  1	
534	439	765	  1	
535	 98	765	  1	
535	347	765	  1	
536	 59	765	  1	
536	 88	765	  1	
536	107	765	  1	
536	141	765	  1	
536	146	765	  1	
536	152	765	  1	
536	176	765	  1	
536	180	765	  1	
536	185	765	  1	
536	267	765	  1	
536	352	765	  1	
536	359	765	  1	
536	440	765	  1	
537	 99	765	  1	
537	159	765	  1	
537	318	765	  1	
538	 93	765	  1	
538	136	765	  1	
538	295	765	  1	
539	 79	765	  1	
541	144	765	  1	
541	151	765	  1	
541	264	765	  1	
541	372	765	  1	
541	453	765	  1	
542	226	765	  1	
543	 32	765	  1	
543	355	765	  1	
544	 66	765	  1	
544	 79	765	  1	
544	 94	765	  1	
544	 97	765	  1	
544	109	765	  1	
544	176	765	  1	
544	183	765	  1	
544	200	765	  1	
544	233	765	  1	
544	251	765	  1	
544	319	765	  1	
544	326	765	  1	
544	330	765	  1	
544	352	765	  1	
545	103	765	  1	
547	 56	765	  1	
547	144	765	  1	
547	207	765	  1	
547	312	765	  1	
547	322	765	  1	
547	368	765	  1	
548	168	765	  1	
548	239	765	  1	
548	330	765	  1	
549	339	765	  1	
550	 79	765	  1	
550	 92	765	  1	
551	 96	765	  1	
551	134	765	  1	
551	175	765	  1	
551	179	765	  1	
551	200	765	  1	
551	232	765	  1	
551	319	765	  1	
551	375	765	  1	
552	 90	765	  1	
552	186	765	  1	
552	190	765	  1	
552	290	765	  1	
552	300	765	  1	
552	450	765	  1	
554	119	765	  1	
554	128	765	  1	
554	296	765	  1	
555	175	765	  1	
557	190	765	  1	
557	247	765	  1	
558	134	765	  1	
558	145	765	  1	
558	149	765	  1	
559	296	765	  1	
560	112	765	  1	
560	189	765	  1	
560	192	765	  1	
560	200	765	  1	
560	245	765	  1	
560	260	765	  1	
560	327	765	  1	
560	352	765	  1	
560	376	765	  1	
562	264	765	  1	
562	269	765	  1	
562	272	765	  1	
562	381	765	  1	
563	119	765	  1	
563	207	765	  1	
563	221	765	  1	
563	320	765	  1	
565	352	765	  1	
565	367	765	  1	
566	 69	765	  1	
566	192	765	  1	
566	235	765	  1	
566	376	765	  1	
567	112	765	  1	
567	164	765	  1	
567	200	765	  1	
567	265	765	  1	
567	347	765	  1	
568	 93	765	  1	
568	106	765	  1	
568	111	765	  1	
568	115	765	  1	
568	133	765	  1	
568	139	765	  1	
568	152	765	  1	
568	159	765	  1	
568	167	765	  1	
568	184	765	  1	
568	230	765	  1	
568	255	765	  1	
568	327	765	  1	
568	360	765	  1	
569	495	765	  1	
570	208	765	  1	
571	128	765	  1	
571	248	765	  1	
573	224	765	  1	
574	 32	765	  1	
574	 39	765	  1	
574	376	765	  1	
575	155	765	  1	
575	255	765	  1	
575	432	765	  1	
576	  3	765	  1	
576	 66	765	  1	
576	 88	765	  1	
576	 95	765	  1	
576	171	765	  1	
576	197	765	  1	
576	240	765	  1	
576	256	765	  1	
576	312	765	  1	
576	319	765	  1	
579	247	765	  1	
581	192	765	  1	
582	280	765	  1	
582	287	765	  1	
583	  3	765	  1	
583	 91	765	  1	
583	240	765	  1	
583	256	765	  1	
583	315	765	  1	
584	 37	765	  1	
584	 72	765	  1	
584	 96	765	  1	
584	160	765	  1	
584	208	765	  1	
584	298	765	  1	
584	363	765	  1	
586	 93	765	  1	
587	 79	765	  1	
587	167	765	  1	
587	199	765	  1	
587	399	765	  1	
588	424	765	  1	
589	150	765	  1	
590	 85	765	  1	
590	211	765	  1	
591	  8	765	  1	
591	 62	765	  1	
591	 72	765	  1	
591	119	765	  1	
591	160	765	  1	
591	192	765	  1	
591	300	765	  1	
591	360	765	  1	
591	367	765	  1	
592	108	765	  1	
592	168	765	  1	
592	194	765	  1	
592	275	765	  1	
592	399	765	  1	
592	440	765	  1	
593	236	765	  1	
594	296	765	  1	
595	  8	765	  1	
595	 96	765	  1	
595	232	765	  1	
596	 63	765	  1	
596	171	765	  1	
597	100	765	  1	
598	272	765	  1	
598	279	765	  1	
599	216	765	  1	
599	304	765	  1	
600	152	765	  1	
600	159	765	  1	
600	168	765	  1	
600	226	765	  1	
600	306	765	  1	
600	328	765	  1	
602	365	765	  1	
603	155	765	  1	
603	312	765	  1	
604	333	765	  1	
605	304	765	  1	
605	311	765	  1	
606	239	765	  1	
606	261	765	  1	
607	152	765	  1	
607	159	765	  1	
607	168	765	  1	
607	230	765	  1	
607	336	765	  1	
607	360	765	  1	
608	216	765	  1	
608	276	765	  1	
608	372	765	  1	
608	407	765	  1	
609	 68	765	  1	
610	  4	765	  1	
610	279	765	  1	
611	223	765	  1	
611	374	765	  1	
612	272	765	  1	
612	368	765	  1	
612	426	765	  1	
612	443	765	  1	
613	264	765	  1	
613	269	765	  1	
614	 75	765	  1	
614	258	765	  1	
614	365	765	  1	
615	274	765	  1	
615	309	765	  1	
615	320	765	  1	
616	 71	765	  1	
616	112	765	  1	
616	176	765	  1	
616	238	765	  1	
616	270	765	  1	
616	296	765	  1	
616	303	765	  1	
616	415	765	  1	
616	456	765	  1	
618	408	765	  1	
618	463	765	  1	
620	223	765	  1	
621	264	765	  1	
622	128	765	  1	
623	 68	765	  1	
623	278	765	  1	
624	203	765	  1	
624	256	765	  1	
624	263	765	  1	
624	400	765	  1	
624	413	765	  1	
626	265	765	  1	
629	271	765	  1	
631	 71	765	  1	
631	168	765	  1	
631	259	765	  1	
631	413	765	  1	
632	 64	765	  1	
632	 72	765	  1	
632	 96	765	  1	
632	234	765	  1	
632	308	765	  1	
636	191	765	  1	
637	304	765	  1	
638	260	765	  1	
639	104	765	  1	
639	234	765	  1	
640	 64	765	  1	
640	 79	765	  1	
640	192	765	  1	
640	232	765	  1	
640	280	765	  1	
640	287	765	  1	
640	299	765	  1	
640	328	765	  1	
642	296	765	  1	
643	424	765	  1	
645	320	765	  1	
645	327	765	  1	
647	283	765	  1	
648	127	765	  1	
648	129	765	  1	
648	436	765	  1	
649	236	765	  1	
651	 96	765	  1	
651	103	765	  1	
651	212	765	  1	
652	360	765	  1	
654	183	765	  1	
654	191	765	  1	
655	112	765	  1	
656	264	765	  1	
662	120	765	  1	
664	 38	765	  1	
666	186	765	  1	
672	133	765	  1	
677	 79	765	  1	
678	 94	765	  1	
679	554	765	  1	
680	416	765	  1	
686	  7	765	  1	
687	447	765	  1	
696	280	765	  1	
704	392	765	  1	
706	162	765	  1	
719	183	765	  1	
719	280	765	  1	
736	312	765	  1	
763	282	765	  1	
797	176	765	  1	
