# 
#  Image file: Goad1_T0118.jpg
#  Applied threshold: 575
#  Algorithm used: fill2                 
#  Particle count: 1970
#  Location (x,y), max luminance, and mass:
# 
  0	183	765	  1	
  0	185	765	  1	
  5	136	765	  1	
  8	131	765	  1	
 11	359	765	  1	
 15	392	765	  1	
 23	135	765	  1	
 31	127	765	  1	
 32	 94	765	  1	
 32	349	765	  1	
 39	346	765	  1	
 40	270	765	  1	
 55	111	765	  1	
 61	191	765	  1	
 64	311	765	  1	
 69	383	765	  1	
 71	304	765	  1	
 78	579	765	  1	
 81	214	765	  1	
 82	197	765	  1	
 82	232	765	  1	
 87	235	765	  1	
 88	 83	765	  1	
 90	151	765	  1	
 90	210	765	  1	
 93	174	765	  1	
 95	200	765	  1	
 96	 31	765	  1	
 96	 63	765	  1	
 96	 94	765	  1	
 96	383	765	  1	
 96	416	765	  1	
 97	576	765	  1	
 99	 88	765	  1	
101	 84	765	  1	
102	355	765	  1	
103	104	765	  1	
103	304	765	  1	
103	312	765	  1	
103	423	765	  1	
104	303	765	  1	
104	583	765	  1	
107	 71	765	  1	
108	375	765	  1	
109	392	765	  1	
110	203	765	  1	
111	464	765	  1	
112	 66	765	  1	
112	 79	765	  1	
112	128	765	  1	
112	160	765	  1	
112	264	765	  1	
112	271	765	  1	
112	376	765	  1	
112	399	765	  1	
114	102	765	  1	
115	499	765	  1	
116	175	765	  1	
119	102	765	  1	
119	267	765	  1	
119	543	765	  1	
120	 84	765	  1	
120	104	765	  1	
120	140	765	  1	
120	152	765	  1	
120	159	765	  1	
120	272	765	  1	
120	279	765	  1	
120	471	765	  1	
122	175	765	  1	
122	403	765	  1	
123	  0	765	  1	
123	119	765	  1	
123	155	765	  1	
125	136	765	  1	
125	167	765	  1	
125	216	765	  1	
125	335	765	  1	
125	376	765	  1	
127	104	765	  1	
127	152	765	  1	
127	159	765	  1	
127	275	765	  1	
127	383	765	  1	
127	407	765	  1	
127	414	765	  1	
127	471	765	  1	
128	182	765	  1	
128	259	765	  1	
128	283	765	  1	
128	427	765	  1	
130	176	765	  1	
130	231	765	  1	
131	400	765	  1	
133	143	765	  1	
134	168	765	  1	
134	198	765	  1	
135	256	765	  1	
135	263	765	  1	
135	344	765	  1	
135	568	765	  1	
136	 31	765	  1	
136	117	765	  1	
136	264	765	  1	
136	280	765	  1	
136	367	765	  1	
139	  8	765	  1	
139	114	765	  1	
140	103	765	  1	
140	256	765	  1	
140	263	765	  1	
141	271	765	  1	
143	142	765	  1	
143	200	765	  1	
143	365	765	  1	
144	106	765	  1	
144	244	765	  1	
144	296	765	  1	
144	368	765	  1	
144	421	765	  1	
147	108	765	  1	
147	160	765	  1	
147	305	765	  1	
148	109	765	  1	
148	224	765	  1	
149	256	765	  1	
149	263	765	  1	
151	104	765	  1	
151	431	765	  1	
152	155	765	  1	
152	232	765	  1	
152	288	765	  1	
152	344	765	  1	
152	479	765	  1	
152	496	765	  1	
152	503	765	  1	
155	335	765	  1	
155	472	765	  1	
156	446	765	  1	
157	200	765	  1	
157	275	765	  1	
157	288	765	  1	
158	173	765	  1	
159	 23	765	  1	
159	152	765	  1	
159	159	765	  1	
159	168	765	  1	
159	199	765	  1	
159	479	765	  1	
160	  4	765	  1	
160	144	765	  1	
160	160	765	  1	
160	224	765	  1	
160	231	765	  1	
160	272	765	  1	
160	327	765	  1	
160	340	765	  1	
160	360	765	  1	
160	416	765	  1	
161	344	765	  1	
162	  6	765	  1	
162	266	765	  1	
162	332	765	  1	
163	280	765	  1	
164	279	765	  1	
164	368	765	  1	
164	535	765	  1	
165	272	765	  1	
167	291	765	  1	
167	333	765	  1	
167	399	765	  1	
167	416	765	  1	
168	107	765	  1	
168	115	765	  1	
168	124	765	  1	
168	128	765	  1	
168	140	765	  1	
168	192	765	  1	
168	199	765	  1	
168	208	765	  1	
168	240	765	  1	
168	264	765	  1	
168	274	765	  1	
170	358	765	  1	
171	256	765	  1	
171	347	765	  1	
172	352	765	  1	
174	243	765	  1	
175	  7	765	  1	
175	 51	765	  1	
175	104	765	  1	
175	111	765	  1	
175	133	765	  1	
175	195	765	  1	
175	232	765	  1	
176	 55	765	  1	
176	 90	765	  1	
176	152	765	  1	
176	156	765	  1	
176	318	765	  1	
176	336	765	  1	
178	144	765	  1	
179	 16	765	  1	
179	 88	765	  1	
179	184	765	  1	
180	 95	765	  1	
180	240	765	  1	
180	478	765	  1	
181	159	765	  1	
182	216	765	  1	
183	439	765	  1	
183	487	765	  1	
184	 10	765	  1	
184	112	765	  1	
184	119	765	  1	
184	127	765	  1	
184	151	765	  1	
184	186	765	  1	
184	191	765	  1	
184	253	765	  1	
184	367	765	  1	
186	288	765	  1	
187	152	765	  1	
187	232	765	  1	
188	139	765	  1	
188	271	765	  1	
189	158	765	  1	
189	200	765	  1	
189	307	765	  1	
190	 71	765	  1	
190	149	765	  1	
190	186	765	  1	
190	237	765	  1	
191	 92	765	  1	
191	115	765	  1	
191	123	765	  1	
191	265	765	  1	
191	292	765	  1	
191	323	765	  1	
191	399	765	  1	
192	 60	765	  1	
192	118	765	  1	
192	206	765	  1	
192	255	765	  1	
192	280	765	  1	
192	331	765	  1	
192	371	765	  1	
195	112	765	  1	
195	203	765	  1	
195	232	765	  1	
197	144	765	  1	
197	218	765	  1	
197	335	765	  1	
197	384	765	  1	
197	559	765	  1	
198	 87	765	  1	
198	311	765	  1	
198	320	765	  1	
198	423	765	  1	
199	 39	765	  1	
199	 56	765	  1	
199	 61	765	  1	
199	 96	765	  1	
199	280	765	  1	
200	 31	765	  1	
200	 64	765	  1	
200	 93	765	  1	
200	115	765	  1	
200	124	765	  1	
200	184	765	  1	
200	229	765	  1	
200	271	765	  1	
200	384	765	  1	
200	432	765	  1	
200	503	765	  1	
200	518	765	  1	
201	421	765	  1	
202	112	765	  1	
203	 24	765	  1	
203	264	765	  1	
203	304	765	  1	
204	 70	765	  1	
205	 15	765	  1	
205	 88	765	  1	
205	184	765	  1	
205	552	765	  1	
206	125	765	  1	
206	224	765	  1	
206	397	765	  1	
207	 31	765	  1	
207	271	765	  1	
207	439	765	  1	
208	  0	765	  1	
208	  5	765	  1	
208	 24	765	  1	
208	 47	765	  1	
208	 59	765	  1	
208	 96	765	  1	
208	111	765	  1	
208	141	765	  1	
208	146	765	  1	
208	151	765	  1	
208	208	765	  1	
208	336	765	  1	
208	375	765	  1	
208	427	765	  1	
210	136	765	  1	
210	423	765	  1	
211	 15	765	  1	
211	 40	765	  1	
211	224	765	  1	
211	231	765	  1	
211	328	765	  1	
212	107	765	  1	
212	308	765	  1	
213	436	765	  1	
215	 47	765	  1	
215	 56	765	  1	
215	 63	765	  1	
215	416	765	  1	
216	 16	765	  1	
216	 23	765	  1	
216	 48	765	  1	
216	 58	765	  1	
216	152	765	  1	
216	208	765	  1	
216	216	765	  1	
216	235	765	  1	
216	254	765	  1	
216	283	765	  1	
216	292	765	  1	
216	381	765	  1	
216	407	765	  1	
216	411	765	  1	
216	475	765	  1	
218	 47	765	  1	
218	204	765	  1	
218	214	765	  1	
219	167	765	  1	
219	184	765	  1	
219	374	765	  1	
219	400	765	  1	
219	408	765	  1	
219	415	765	  1	
219	424	765	  1	
220	251	765	  1	
221	 63	765	  1	
221	 80	765	  1	
221	 95	765	  1	
221	118	765	  1	
222	 54	765	  1	
222	151	765	  1	
222	171	765	  1	
222	208	765	  1	
222	239	765	  1	
223	 19	765	  1	
223	104	765	  1	
223	216	765	  1	
223	407	765	  1	
223	411	765	  1	
224	115	765	  1	
224	159	765	  1	
224	224	765	  1	
224	269	765	  1	
224	295	765	  1	
224	344	765	  1	
224	414	765	  1	
224	439	765	  1	
225	576	765	  1	
226	160	765	  1	
226	192	765	  1	
226	250	765	  1	
227	231	765	  1	
227	424	765	  1	
227	432	765	  1	
228	264	765	  1	
228	332	765	  1	
230	144	765	  1	
230	172	765	  1	
230	415	765	  1	
230	463	765	  1	
231	 48	765	  1	
231	155	765	  1	
231	224	765	  1	
231	439	765	  1	
232	  3	765	  1	
232	 40	765	  1	
232	141	765	  1	
232	181	765	  1	
232	197	765	  1	
232	208	765	  1	
232	287	765	  1	
232	304	765	  1	
232	442	765	  1	
232	599	765	  1	
234	 63	765	  1	
234	192	765	  1	
234	224	765	  1	
235	238	765	  1	
235	280	765	  1	
235	455	765	  1	
236	166	765	  1	
236	197	765	  1	
236	262	765	  1	
237	 47	765	  1	
237	152	765	  1	
237	310	765	  1	
237	440	765	  1	
237	583	765	  1	
238	 56	765	  1	
238	 81	765	  1	
238	160	765	  1	
238	176	765	  1	
238	325	765	  1	
239	192	765	  1	
239	250	765	  1	
239	257	765	  1	
239	287	765	  1	
239	445	765	  1	
239	450	765	  1	
239	592	765	  1	
240	144	765	  1	
240	163	765	  1	
240	168	765	  1	
240	172	765	  1	
240	208	765	  1	
240	215	765	  1	
240	230	765	  1	
240	264	765	  1	
240	387	765	  1	
240	437	765	  1	
240	455	765	  1	
240	467	765	  1	
241	184	765	  1	
242	127	765	  1	
242	479	765	  1	
243	 94	765	  1	
243	104	765	  1	
243	239	765	  1	
244	  3	765	  1	
245	  0	765	  1	
245	136	765	  1	
245	159	765	  1	
245	384	765	  1	
246	197	765	  1	
246	373	765	  1	
247	230	765	  1	
248	 12	765	  1	
248	 16	765	  1	
248	 30	765	  1	
248	 48	765	  1	
248	 55	765	  1	
248	112	765	  1	
248	123	765	  1	
248	241	765	  1	
248	263	765	  1	
248	286	765	  1	
248	295	765	  1	
248	308	765	  1	
248	323	765	  1	
248	333	765	  1	
248	364	765	  1	
248	458	765	  1	
248	463	765	  1	
248	571	765	  1	
249	479	765	  1	
250	272	765	  1	
250	279	765	  1	
250	391	765	  1	
251	176	765	  1	
251	230	765	  1	
251	256	765	  1	
251	299	765	  1	
251	464	765	  1	
252	 32	765	  1	
252	 39	765	  1	
253	 64	765	  1	
253	 75	765	  1	
253	205	765	  1	
253	328	765	  1	
253	339	765	  1	
253	371	765	  1	
254	  7	765	  1	
254	  9	765	  1	
254	 15	765	  1	
254	 82	765	  1	
254	264	765	  1	
254	421	765	  1	
254	456	765	  1	
254	461	765	  1	
255	 48	765	  1	
255	 55	765	  1	
255	200	765	  1	
255	286	765	  1	
255	386	765	  1	
256	  4	765	  1	
256	109	765	  1	
256	155	765	  1	
256	160	765	  1	
256	176	765	  1	
256	216	765	  1	
256	237	765	  1	
256	288	765	  1	
256	295	765	  1	
256	305	765	  1	
256	376	765	  1	
256	384	765	  1	
256	477	765	  1	
256	483	765	  1	
256	496	765	  1	
256	597	765	  1	
257	 99	765	  1	
257	110	765	  1	
257	183	765	  1	
258	 16	765	  1	
258	 20	765	  1	
259	120	765	  1	
259	248	765	  1	
259	464	765	  1	
260	  0	765	  1	
261	  7	765	  1	
261	 39	765	  1	
261	304	765	  1	
261	312	765	  1	
262	 27	765	  1	
262	104	765	  1	
262	220	765	  1	
262	309	765	  1	
262	416	765	  1	
263	 16	765	  1	
263	296	765	  1	
263	320	765	  1	
263	336	765	  1	
263	343	765	  1	
263	380	765	  1	
263	480	765	  1	
263	487	765	  1	
264	 48	765	  1	
264	 55	765	  1	
264	 76	765	  1	
264	 88	765	  1	
264	119	765	  1	
264	123	765	  1	
264	183	765	  1	
264	216	765	  1	
264	276	765	  1	
264	300	765	  1	
264	400	765	  1	
264	472	765	  1	
264	528	765	  1	
264	535	765	  1	
265	235	765	  1	
266	269	765	  1	
266	506	765	  1	
267	282	765	  1	
267	350	765	  1	
267	407	765	  1	
270	414	765	  1	
270	432	765	  1	
271	 51	765	  1	
271	119	765	  1	
271	127	765	  1	
271	221	765	  1	
271	400	765	  1	
271	472	765	  1	
272	  3	765	  1	
272	 57	765	  1	
272	 72	765	  1	
272	 97	765	  1	
272	240	765	  1	
272	243	765	  1	
272	252	765	  1	
272	328	765	  1	
272	402	765	  1	
272	458	765	  1	
272	463	765	  1	
273	 82	765	  1	
273	122	765	  1	
274	303	765	  1	
274	430	765	  1	
275	 77	765	  1	
275	131	765	  1	
275	270	765	  1	
275	400	765	  1	
277	139	765	  1	
277	432	765	  1	
278	232	765	  1	
278	239	765	  1	
278	245	765	  1	
278	335	765	  1	
278	479	765	  1	
279	168	765	  1	
279	223	765	  1	
279	262	765	  1	
279	424	765	  1	
280	  0	765	  1	
280	 16	765	  1	
280	 23	765	  1	
280	 63	765	  1	
280	 66	765	  1	
280	 75	765	  1	
280	112	765	  1	
280	116	765	  1	
280	160	765	  1	
280	190	765	  1	
280	196	765	  1	
280	253	765	  1	
280	276	765	  1	
280	301	765	  1	
280	315	765	  1	
280	330	765	  1	
280	426	765	  1	
280	441	765	  1	
281	  8	765	  1	
281	 55	765	  1	
281	288	765	  1	
282	296	765	  1	
282	424	765	  1	
283	 71	765	  1	
283	312	765	  1	
284	125	765	  1	
284	317	765	  1	
284	405	765	  1	
285	222	765	  1	
285	256	765	  1	
286	  0	765	  1	
286	117	765	  1	
286	197	765	  1	
286	301	765	  1	
286	415	765	  1	
286	496	765	  1	
287	 19	765	  1	
287	 48	765	  1	
287	112	765	  1	
287	134	765	  1	
287	176	765	  1	
287	190	765	  1	
288	 64	765	  1	
288	 71	765	  1	
288	 80	765	  1	
288	 93	765	  1	
288	144	765	  1	
288	174	765	  1	
288	207	765	  1	
288	211	765	  1	
288	231	765	  1	
288	237	765	  1	
288	251	765	  1	
288	290	765	  1	
288	295	765	  1	
288	306	765	  1	
288	359	765	  1	
288	440	765	  1	
288	595	765	  1	
290	 32	765	  1	
290	355	765	  1	
290	534	765	  1	
291	  0	765	  1	
291	199	765	  1	
291	224	765	  1	
291	285	765	  1	
292	144	765	  1	
293	 38	765	  1	
293	344	765	  1	
293	528	765	  1	
294	 16	765	  1	
294	 84	765	  1	
294	 95	765	  1	
294	371	765	  1	
295	  1	765	  1	
295	 32	765	  1	
295	 67	765	  1	
295	174	765	  1	
295	182	765	  1	
295	231	765	  1	
295	304	765	  1	
295	312	765	  1	
295	359	765	  1	
295	535	765	  1	
295	592	765	  1	
295	599	765	  1	
296	 24	765	  1	
296	 88	765	  1	
296	136	765	  1	
296	144	765	  1	
296	287	765	  1	
296	391	765	  1	
296	490	765	  1	
296	524	765	  1	
296	528	765	  1	
296	568	765	  1	
296	575	765	  1	
297	296	765	  1	
299	 16	765	  1	
299	 23	765	  1	
299	184	765	  1	
299	216	765	  1	
300	 91	765	  1	
301	142	765	  1	
301	214	765	  1	
301	376	765	  1	
302	 31	765	  1	
302	 35	765	  1	
302	165	765	  1	
303	571	765	  1	
304	 26	765	  1	
304	 48	765	  1	
304	 72	765	  1	
304	100	765	  1	
304	104	765	  1	
304	117	765	  1	
304	123	765	  1	
304	176	765	  1	
304	183	765	  1	
304	192	765	  1	
304	216	765	  1	
304	285	765	  1	
304	303	765	  1	
304	344	765	  1	
304	399	765	  1	
304	535	765	  1	
304	599	765	  1	
306	168	765	  1	
306	255	765	  1	
306	492	765	  1	
306	511	765	  1	
306	527	765	  1	
307	 79	765	  1	
307	152	765	  1	
307	311	765	  1	
307	351	765	  1	
309	 15	765	  1	
309	112	765	  1	
309	160	765	  1	
310	 31	765	  1	
310	395	765	  1	
310	421	765	  1	
310	456	765	  1	
311	 72	765	  1	
311	120	765	  1	
311	127	765	  1	
311	144	765	  1	
311	344	765	  1	
311	376	765	  1	
311	487	765	  1	
311	490	765	  1	
311	535	765	  1	
311	576	765	  1	
312	 16	765	  1	
312	 22	765	  1	
312	152	765	  1	
312	200	765	  1	
312	223	765	  1	
312	248	765	  1	
312	255	765	  1	
312	293	765	  1	
312	309	765	  1	
312	367	765	  1	
312	416	765	  1	
313	354	765	  1	
314	472	765	  1	
315	 32	765	  1	
315	128	765	  1	
315	228	765	  1	
315	360	765	  1	
316	155	765	  1	
316	367	765	  1	
317	263	765	  1	
317	275	765	  1	
317	304	765	  1	
317	384	765	  1	
318	218	765	  1	
318	248	765	  1	
318	255	765	  1	
318	284	765	  1	
318	294	765	  1	
318	423	765	  1	
319	400	765	  1	
319	404	765	  1	
319	464	765	  1	
320	  0	765	  1	
320	  8	765	  1	
320	 21	765	  1	
320	 53	765	  1	
320	 88	765	  1	
320	112	765	  1	
320	120	765	  1	
320	130	765	  1	
320	144	765	  1	
320	208	765	  1	
320	231	765	  1	
320	266	765	  1	
320	279	765	  1	
320	311	765	  1	
320	320	765	  1	
320	328	765	  1	
320	424	765	  1	
320	488	765	  1	
321	 67	765	  1	
321	300	765	  1	
322	  5	765	  1	
322	166	765	  1	
323	 94	765	  1	
323	288	765	  1	
323	304	765	  1	
323	344	765	  1	
323	408	765	  1	
323	432	765	  1	
324	353	765	  1	
325	218	765	  1	
325	275	765	  1	
326	 15	765	  1	
326	168	765	  1	
326	208	765	  1	
326	270	765	  1	
326	335	765	  1	
326	439	765	  1	
327	280	765	  1	
327	311	765	  1	
327	320	765	  1	
328	 78	765	  1	
328	 88	765	  1	
328	123	765	  1	
328	135	765	  1	
328	143	765	  1	
328	199	765	  1	
328	245	765	  1	
328	255	765	  1	
328	289	765	  1	
328	400	765	  1	
328	419	765	  1	
328	429	765	  1	
328	579	765	  1	
329	152	765	  1	
329	194	765	  1	
329	264	765	  1	
330	 94	765	  1	
331	184	765	  1	
331	278	765	  1	
331	287	765	  1	
331	576	765	  1	
332	159	765	  1	
332	267	765	  1	
332	295	765	  1	
333	 71	765	  1	
333	199	765	  1	
333	226	765	  1	
333	231	765	  1	
333	359	765	  1	
333	479	765	  1	
334	 21	765	  1	
334	 68	765	  1	
334	 88	765	  1	
335	 96	765	  1	
335	112	765	  1	
335	128	765	  1	
335	135	765	  1	
335	280	765	  1	
335	355	765	  1	
335	400	765	  1	
335	416	765	  1	
335	583	765	  1	
336	 40	765	  1	
336	 47	765	  1	
336	105	765	  1	
336	170	765	  1	
336	178	765	  1	
336	189	765	  1	
336	219	765	  1	
336	240	765	  1	
336	276	765	  1	
336	343	765	  1	
336	360	765	  1	
336	367	765	  1	
336	387	765	  1	
336	414	765	  1	
336	427	765	  1	
336	431	765	  1	
336	440	765	  1	
336	480	765	  1	
337	244	765	  1	
337	372	765	  1	
338	144	765	  1	
338	167	765	  1	
339	230	765	  1	
339	256	765	  1	
339	311	765	  1	
339	336	765	  1	
339	419	765	  1	
340	 96	765	  1	
340	263	765	  1	
340	327	765	  1	
340	552	765	  1	
341	  0	765	  1	
341	188	765	  1	
341	195	765	  1	
341	286	765	  1	
341	331	765	  1	
342	 16	765	  1	
342	108	765	  1	
342	268	765	  1	
342	278	765	  1	
342	368	765	  1	
342	384	765	  1	
342	423	765	  1	
342	544	765	  1	
342	559	765	  1	
343	 43	765	  1	
343	216	765	  1	
343	223	765	  1	
343	264	765	  1	
343	304	765	  1	
343	343	765	  1	
344	 26	765	  1	
344	112	765	  1	
344	144	765	  1	
344	162	765	  1	
344	202	765	  1	
344	296	765	  1	
344	455	765	  1	
347	  8	765	  1	
347	103	765	  1	
347	150	765	  1	
347	182	765	  1	
347	253	765	  1	
347	291	765	  1	
347	296	765	  1	
347	423	765	  1	
349	 56	765	  1	
349	176	765	  1	
349	270	765	  1	
349	400	765	  1	
350	168	765	  1	
351	 96	765	  1	
352	  8	765	  1	
352	 24	765	  1	
352	112	765	  1	
352	116	765	  1	
352	192	765	  1	
352	198	765	  1	
352	211	765	  1	
352	219	765	  1	
352	279	765	  1	
352	327	765	  1	
352	376	765	  1	
352	382	765	  1	
352	392	765	  1	
352	442	765	  1	
353	240	765	  1	
353	261	765	  1	
354	182	765	  1	
354	302	765	  1	
354	404	765	  1	
355	 31	765	  1	
355	 33	765	  1	
355	288	765	  1	
355	461	765	  1	
356	252	765	  1	
356	324	765	  1	
356	368	765	  1	
357	223	765	  1	
357	352	765	  1	
357	379	765	  1	
357	412	765	  1	
358	 71	765	  1	
358	275	765	  1	
358	375	765	  1	
358	496	765	  1	
358	503	765	  1	
359	 15	765	  1	
359	 63	765	  1	
359	176	765	  1	
359	208	765	  1	
359	215	765	  1	
360	 46	765	  1	
360	 56	765	  1	
360	 99	765	  1	
360	183	765	  1	
360	189	765	  1	
360	236	765	  1	
360	269	765	  1	
360	282	765	  1	
360	295	765	  1	
360	370	765	  1	
360	427	765	  1	
360	527	765	  1	
361	296	765	  1	
362	245	765	  1	
362	310	765	  1	
363	352	765	  1	
363	360	765	  1	
364	 24	765	  1	
364	295	765	  1	
364	395	765	  1	
364	406	765	  1	
365	112	765	  1	
365	119	765	  1	
365	227	765	  1	
365	423	765	  1	
366	 31	765	  1	
366	 41	765	  1	
366	266	765	  1	
366	271	765	  1	
367	190	765	  1	
367	240	765	  1	
367	287	765	  1	
367	289	765	  1	
367	300	765	  1	
367	359	765	  1	
367	362	765	  1	
368	  1	765	  1	
368	 24	765	  1	
368	160	765	  1	
368	175	765	  1	
368	211	765	  1	
368	253	765	  1	
368	263	765	  1	
368	367	765	  1	
368	383	765	  1	
368	387	765	  1	
368	431	765	  1	
370	 80	765	  1	
370	376	765	  1	
371	 71	765	  1	
371	172	765	  1	
371	176	765	  1	
372	212	765	  1	
372	260	765	  1	
372	315	765	  1	
373	338	765	  1	
373	348	765	  1	
373	367	765	  1	
373	576	765	  1	
374	 66	765	  1	
374	130	765	  1	
374	175	765	  1	
374	248	765	  1	
374	551	765	  1	
375	  1	765	  1	
375	239	765	  1	
375	361	765	  1	
375	383	765	  1	
375	392	765	  1	
375	399	765	  1	
376	 27	765	  1	
376	 47	765	  1	
376	 80	765	  1	
376	104	765	  1	
376	119	765	  1	
376	136	765	  1	
376	192	765	  1	
376	196	765	  1	
376	224	765	  1	
376	271	765	  1	
376	304	765	  1	
376	428	765	  1	
376	504	765	  1	
376	567	765	  1	
376	596	765	  1	
377	379	765	  1	
378	 95	765	  1	
379	159	765	  1	
379	264	765	  1	
379	311	765	  1	
379	317	765	  1	
379	368	765	  1	
379	488	765	  1	
380	 78	765	  1	
380	197	765	  1	
380	215	765	  1	
381	 35	765	  1	
381	111	765	  1	
382	  7	765	  1	
382	 72	765	  1	
382	128	765	  1	
382	340	765	  1	
383	 27	765	  1	
383	107	765	  1	
383	119	765	  1	
383	183	765	  1	
383	200	765	  1	
383	224	765	  1	
383	271	765	  1	
383	304	765	  1	
383	567	765	  1	
384	  8	765	  1	
384	 15	765	  1	
384	 18	765	  1	
384	131	765	  1	
384	165	765	  1	
384	176	765	  1	
384	192	765	  1	
384	208	765	  1	
384	223	765	  1	
384	247	765	  1	
385	197	765	  1	
386	 24	765	  1	
386	206	765	  1	
386	568	765	  1	
387	  6	765	  1	
387	 72	765	  1	
387	110	765	  1	
387	216	765	  1	
387	240	765	  1	
387	335	765	  1	
388	136	765	  1	
388	184	765	  1	
390	 90	765	  1	
391	 11	765	  1	
391	223	765	  1	
391	247	765	  1	
391	568	765	  1	
391	574	765	  1	
392	 32	765	  1	
392	 40	765	  1	
392	 46	765	  1	
392	 64	765	  1	
392	120	765	  1	
392	139	765	  1	
392	152	765	  1	
392	168	765	  1	
392	338	765	  1	
392	354	765	  1	
392	359	765	  1	
392	392	765	  1	
392	396	765	  1	
392	422	765	  1	
394	319	765	  1	
394	502	765	  1	
395	 40	765	  1	
395	 96	765	  1	
395	191	765	  1	
395	247	765	  1	
395	347	765	  1	
395	496	765	  1	
397	309	765	  1	
397	416	765	  1	
398	  0	765	  1	
398	  5	765	  1	
398	172	765	  1	
398	291	765	  1	
399	136	765	  1	
399	143	765	  1	
399	237	765	  1	
399	393	765	  1	
399	496	765	  1	
400	 16	765	  1	
400	 21	765	  1	
400	 48	765	  1	
400	 54	765	  1	
400	 72	765	  1	
400	 82	765	  1	
400	112	765	  1	
400	117	765	  1	
400	126	765	  1	
400	208	765	  1	
400	246	765	  1	
400	258	765	  1	
400	299	765	  1	
400	334	765	  1	
401	121	765	  1	
401	255	765	  1	
403	 32	765	  1	
403	 56	765	  1	
403	 87	765	  1	
403	427	765	  1	
404	 46	765	  1	
404	232	765	  1	
404	296	765	  1	
405	  6	765	  1	
405	 16	765	  1	
405	 51	765	  1	
405	 88	765	  1	
405	184	765	  1	
405	203	765	  1	
406	 74	765	  1	
406	 82	765	  1	
407	 21	765	  1	
407	 25	765	  1	
407	 40	765	  1	
407	 79	765	  1	
407	226	765	  1	
407	308	765	  1	
407	334	765	  1	
407	392	765	  1	
408	  8	765	  1	
408	 46	765	  1	
408	 72	765	  1	
408	104	765	  1	
408	163	765	  1	
408	190	765	  1	
408	248	765	  1	
408	319	765	  1	
408	359	765	  1	
408	384	765	  1	
408	391	765	  1	
408	502	765	  1	
409	 32	765	  1	
410	 15	765	  1	
410	311	765	  1	
410	427	765	  1	
411	 36	765	  1	
411	141	765	  1	
411	320	765	  1	
412	  4	765	  1	
412	367	765	  1	
413	110	765	  1	
413	343	765	  1	
413	443	765	  1	
414	133	765	  1	
414	166	765	  1	
414	173	765	  1	
415	248	765	  1	
415	346	765	  1	
416	 37	765	  1	
416	 50	765	  1	
416	 82	765	  1	
416	102	765	  1	
416	142	765	  1	
416	160	765	  1	
416	178	765	  1	
416	205	765	  1	
416	242	765	  1	
416	305	765	  1	
416	367	765	  1	
416	376	765	  1	
416	383	765	  1	
417	 64	765	  1	
418	 96	765	  1	
418	104	765	  1	
418	140	765	  1	
418	152	765	  1	
418	172	765	  1	
418	191	765	  1	
418	200	765	  1	
419	 16	765	  1	
419	344	765	  1	
419	408	765	  1	
420	 33	765	  1	
420	359	765	  1	
420	395	765	  1	
421	  8	765	  1	
421	112	765	  1	
421	319	765	  1	
421	431	765	  1	
422	206	765	  1	
422	351	765	  1	
422	355	765	  1	
423	 53	765	  1	
423	 80	765	  1	
423	102	765	  1	
423	136	765	  1	
423	186	765	  1	
423	341	765	  1	
423	360	765	  1	
423	416	765	  1	
424	 37	765	  1	
424	 63	765	  1	
424	115	765	  1	
424	120	765	  1	
424	128	765	  1	
424	134	765	  1	
424	156	765	  1	
424	164	765	  1	
424	229	765	  1	
424	266	765	  1	
424	296	765	  1	
424	331	765	  1	
424	347	765	  1	
424	448	765	  1	
426	160	765	  1	
426	239	765	  1	
426	280	765	  1	
427	  0	765	  1	
428	223	765	  1	
429	131	765	  1	
429	264	765	  1	
429	315	765	  1	
430	 32	765	  1	
430	181	765	  1	
430	243	765	  1	
430	344	765	  1	
430	440	765	  1	
431	 40	765	  1	
431	389	765	  1	
432	  3	765	  1	
432	 74	765	  1	
432	 96	765	  1	
432	128	765	  1	
432	138	765	  1	
432	159	765	  1	
432	171	765	  1	
432	182	765	  1	
432	190	765	  1	
432	309	765	  1	
432	333	765	  1	
432	352	765	  1	
432	359	765	  1	
432	383	765	  1	
432	432	765	  1	
432	439	765	  1	
433	168	765	  1	
433	197	765	  1	
434	131	765	  1	
434	143	765	  1	
434	185	765	  1	
435	 39	765	  1	
435	232	765	  1	
435	304	765	  1	
435	328	765	  1	
435	355	765	  1	
435	376	765	  1	
436	216	765	  1	
437	 12	765	  1	
437	 20	765	  1	
437	 72	765	  1	
437	 79	765	  1	
437	115	765	  1	
437	182	765	  1	
438	133	765	  1	
438	223	765	  1	
438	368	765	  1	
439	 32	765	  1	
439	137	765	  1	
439	155	765	  1	
439	197	765	  1	
439	352	765	  1	
439	359	765	  1	
439	383	765	  1	
440	 27	765	  1	
440	 51	765	  1	
440	 74	765	  1	
440	 80	765	  1	
440	 93	765	  1	
440	171	765	  1	
440	200	765	  1	
440	207	765	  1	
440	264	765	  1	
440	267	765	  1	
440	394	765	  1	
441	 59	765	  1	
442	117	765	  1	
442	149	765	  1	
443	 72	765	  1	
443	277	765	  1	
445	 20	765	  1	
445	 86	765	  1	
447	 74	765	  1	
447	140	765	  1	
447	167	765	  1	
447	203	765	  1	
447	312	765	  1	
448	 16	765	  1	
448	 31	765	  1	
448	 90	765	  1	
448	176	765	  1	
448	194	765	  1	
448	214	765	  1	
448	288	765	  1	
448	295	765	  1	
448	382	765	  1	
450	192	765	  1	
450	199	765	  1	
450	208	765	  1	
450	271	765	  1	
451	104	765	  1	
451	256	765	  1	
452	 16	765	  1	
452	 47	765	  1	
452	 86	765	  1	
453	128	765	  1	
454	195	765	  1	
454	334	765	  1	
455	 18	765	  1	
455	264	765	  1	
455	291	765	  1	
456	 53	765	  1	
456	 96	765	  1	
456	115	765	  1	
456	171	765	  1	
456	178	765	  1	
456	203	765	  1	
456	249	765	  1	
456	254	765	  1	
456	413	765	  1	
458	 31	765	  1	
458	155	765	  1	
459	 19	765	  1	
460	 24	765	  1	
461	176	765	  1	
461	250	765	  1	
461	255	765	  1	
462	 79	765	  1	
462	149	765	  1	
462	218	765	  1	
463	 26	765	  1	
463	 96	765	  1	
463	112	765	  1	
463	168	765	  1	
463	215	765	  1	
464	 21	765	  1	
464	 50	765	  1	
464	 58	765	  1	
464	 80	765	  1	
464	 86	765	  1	
464	120	765	  1	
464	184	765	  1	
464	200	765	  1	
464	207	765	  1	
464	216	765	  1	
464	226	765	  1	
464	259	765	  1	
464	280	765	  1	
464	303	765	  1	
466	107	765	  1	
467	190	765	  1	
467	287	765	  1	
467	296	765	  1	
468	340	765	  1	
469	 72	765	  1	
469	 99	765	  1	
469	112	765	  1	
469	216	765	  1	
470	 63	765	  1	
470	256	765	  1	
470	263	765	  1	
471	 91	765	  1	
471	203	765	  1	
471	303	765	  1	
471	336	765	  1	
472	 32	765	  1	
472	 39	765	  1	
472	156	765	  1	
472	166	765	  1	
472	184	765	  1	
472	188	765	  1	
472	248	765	  1	
472	291	765	  1	
472	297	765	  1	
472	344	765	  1	
474	142	765	  1	
475	 59	765	  1	
475	 62	765	  1	
475	231	765	  1	
477	 10	765	  1	
477	251	765	  1	
477	376	765	  1	
478	 72	765	  1	
478	 95	765	  1	
478	100	765	  1	
478	109	765	  1	
478	164	765	  1	
478	189	765	  1	
479	 35	765	  1	
479	 54	765	  1	
479	 88	765	  1	
479	184	765	  1	
479	200	765	  1	
479	216	765	  1	
479	291	765	  1	
479	297	765	  1	
479	303	765	  1	
480	 48	765	  1	
480	 75	765	  1	
480	 96	765	  1	
480	112	765	  1	
480	202	765	  1	
480	218	765	  1	
480	232	765	  1	
480	264	765	  1	
481	122	765	  1	
482	151	765	  1	
483	 43	765	  1	
483	205	765	  1	
483	248	765	  1	
484	334	765	  1	
485	 54	765	  1	
485	102	765	  1	
485	128	765	  1	
486	 78	765	  1	
486	268	765	  1	
486	328	765	  1	
487	 39	765	  1	
488	  0	765	  1	
488	  8	765	  1	
488	 12	765	  1	
488	 52	765	  1	
488	 65	765	  1	
488	 88	765	  1	
488	147	765	  1	
488	152	765	  1	
488	194	765	  1	
488	230	765	  1	
488	299	765	  1	
490	 98	765	  1	
490	208	765	  1	
491	160	765	  1	
491	240	765	  1	
492	 58	765	  1	
493	 30	765	  1	
493	138	765	  1	
493	347	765	  1	
494	  0	765	  1	
494	143	765	  1	
494	156	765	  1	
494	214	765	  1	
494	248	765	  1	
495	192	765	  1	
495	199	765	  1	
496	 21	765	  1	
496	 42	765	  1	
496	 70	765	  1	
496	 89	765	  1	
496	121	765	  1	
496	237	765	  1	
496	256	765	  1	
496	262	765	  1	
496	290	765	  1	
496	304	765	  1	
496	312	765	  1	
498	111	765	  1	
498	208	765	  1	
499	 16	765	  1	
499	160	765	  1	
499	232	765	  1	
499	243	765	  1	
500	 31	765	  1	
500	115	765	  1	
500	128	765	  1	
500	310	765	  1	
501	275	765	  1	
502	 25	765	  1	
502	175	765	  1	
502	299	765	  1	
503	104	765	  1	
503	152	765	  1	
504	 76	765	  1	
504	 99	765	  1	
504	160	765	  1	
504	205	765	  1	
504	281	765	  1	
504	339	765	  1	
505	 72	765	  1	
505	165	765	  1	
505	347	765	  1	
506	295	765	  1	
507	111	765	  1	
507	220	765	  1	
508	160	765	  1	
509	104	765	  1	
509	118	765	  1	
510	168	765	  1	
510	218	765	  1	
510	343	765	  1	
511	 40	765	  1	
511	 72	765	  1	
512	 39	765	  1	
512	 54	765	  1	
512	 80	765	  1	
512	 90	765	  1	
512	125	765	  1	
512	146	765	  1	
512	161	765	  1	
512	197	765	  1	
512	240	765	  1	
512	263	765	  1	
512	288	765	  1	
512	293	765	  1	
512	323	765	  1	
512	390	765	  1	
513	136	765	  1	
513	269	765	  1	
515	 32	765	  1	
515	 64	765	  1	
515	151	765	  1	
515	296	765	  1	
515	320	765	  1	
515	327	765	  1	
516	107	765	  1	
516	128	765	  1	
516	230	765	  1	
516	244	765	  1	
516	519	765	  1	
516	521	765	  1	
517	 43	765	  1	
517	 96	765	  1	
517	407	765	  1	
518	148	765	  1	
518	224	765	  1	
518	290	765	  1	
518	295	765	  1	
519	 39	765	  1	
519	 89	765	  1	
519	103	765	  1	
519	136	765	  1	
519	211	765	  1	
519	323	765	  1	
519	432	765	  1	
520	 64	765	  1	
520	 69	765	  1	
520	124	765	  1	
520	160	765	  1	
520	167	765	  1	
520	184	765	  1	
520	190	765	  1	
520	219	765	  1	
520	229	765	  1	
520	248	765	  1	
520	259	765	  1	
520	266	765	  1	
520	296	765	  1	
521	255	765	  1	
522	 76	765	  1	
522	261	765	  1	
523	120	765	  1	
523	137	765	  1	
523	303	765	  1	
524	 88	765	  1	
524	 95	765	  1	
524	240	765	  1	
524	318	765	  1	
525	 83	765	  1	
525	151	765	  1	
525	186	765	  1	
525	264	765	  1	
526	136	765	  1	
526	168	765	  1	
526	175	765	  1	
526	235	765	  1	
526	312	765	  1	
527	104	765	  1	
527	263	765	  1	
527	270	765	  1	
528	 76	765	  1	
528	112	765	  1	
528	160	765	  1	
528	164	765	  1	
528	176	765	  1	
528	239	765	  1	
528	303	765	  1	
528	358	765	  1	
528	410	765	  1	
529	183	765	  1	
530	 99	765	  1	
530	210	765	  1	
530	280	765	  1	
531	136	765	  1	
531	215	765	  1	
531	256	765	  1	
531	294	765	  1	
532	 16	765	  1	
532	493	765	  1	
533	 19	765	  1	
533	 77	765	  1	
533	319	765	  1	
534	176	765	  1	
534	238	765	  1	
534	263	765	  1	
535	303	765	  1	
535	439	765	  1	
536	119	765	  1	
536	122	765	  1	
536	133	765	  1	
536	157	765	  1	
536	186	765	  1	
536	191	765	  1	
536	264	765	  1	
536	286	765	  1	
536	325	765	  1	
538	292	765	  1	
538	312	765	  1	
538	318	765	  1	
539	213	765	  1	
541	  8	765	  1	
541	127	765	  1	
541	152	765	  1	
542	280	765	  1	
543	 21	765	  1	
544	 32	765	  1	
544	 80	765	  1	
544	 96	765	  1	
544	155	765	  1	
544	167	765	  1	
544	224	765	  1	
544	255	765	  1	
544	277	765	  1	
544	307	765	  1	
544	317	765	  1	
545	208	765	  1	
546	368	765	  1	
548	344	765	  1	
549	  7	765	  1	
549	166	765	  1	
549	256	765	  1	
550	304	765	  1	
551	158	765	  1	
551	349	765	  1	
551	519	765	  1	
552	 56	765	  1	
552	 64	765	  1	
552	 72	765	  1	
552	 79	765	  1	
552	 92	765	  1	
552	109	765	  1	
552	116	765	  1	
552	133	765	  1	
552	152	765	  1	
552	230	765	  1	
552	250	765	  1	
552	296	765	  1	
552	376	765	  1	
554	104	765	  1	
554	383	765	  1	
555	 80	765	  1	
555	112	765	  1	
555	160	765	  1	
556	155	765	  1	
557	 95	765	  1	
557	128	765	  1	
557	232	765	  1	
557	383	765	  1	
558	  8	765	  1	
558	110	765	  1	
558	117	765	  1	
558	227	765	  1	
559	 75	765	  1	
559	136	765	  1	
559	315	765	  1	
559	376	765	  1	
560	 80	765	  1	
560	 96	765	  1	
560	103	765	  1	
560	112	765	  1	
560	191	765	  1	
560	200	765	  1	
560	207	765	  1	
560	210	765	  1	
560	216	765	  1	
560	288	765	  1	
560	296	765	  1	
560	301	765	  1	
560	309	765	  1	
560	320	765	  1	
562	248	765	  1	
563	  8	765	  1	
563	 16	765	  1	
563	118	765	  1	
563	203	765	  1	
564	382	765	  1	
565	 84	765	  1	
565	104	765	  1	
565	111	765	  1	
565	222	765	  1	
565	238	765	  1	
566	254	765	  1	
567	 99	765	  1	
567	200	765	  1	
567	207	765	  1	
568	 15	765	  1	
568	 38	765	  1	
568	 72	765	  1	
568	 77	765	  1	
568	 80	765	  1	
568	113	765	  1	
568	152	765	  1	
568	159	765	  1	
568	215	765	  1	
568	368	765	  1	
570	200	765	  1	
570	261	765	  1	
571	 87	765	  1	
571	244	765	  1	
572	202	765	  1	
572	215	765	  1	
573	203	765	  1	
573	235	765	  1	
573	240	765	  1	
573	255	765	  1	
574	 74	765	  1	
574	 79	765	  1	
575	155	765	  1	
575	288	765	  1	
576	 19	765	  1	
576	107	765	  1	
576	112	765	  1	
576	243	765	  1	
576	255	765	  1	
576	263	765	  1	
576	463	765	  1	
576	533	765	  1	
578	101	765	  1	
579	 96	765	  1	
579	131	765	  1	
579	176	765	  1	
580	252	765	  1	
580	534	765	  1	
581	104	765	  1	
581	280	765	  1	
581	359	765	  1	
581	535	765	  1	
582	115	765	  1	
583	288	765	  1	
583	360	765	  1	
583	367	765	  1	
583	447	765	  1	
583	499	765	  1	
584	 63	765	  1	
584	 93	765	  1	
584	106	765	  1	
584	111	765	  1	
584	216	765	  1	
584	227	765	  1	
584	249	765	  1	
584	254	765	  1	
584	258	765	  1	
584	299	765	  1	
585	263	765	  1	
588	136	765	  1	
588	151	765	  1	
588	224	765	  1	
588	544	765	  1	
589	298	765	  1	
589	311	765	  1	
590	248	765	  1	
590	288	765	  1	
590	295	765	  1	
590	335	765	  1	
590	347	765	  1	
591	112	765	  1	
591	119	765	  1	
592	  8	765	  1	
592	 60	765	  1	
592	 69	765	  1	
592	117	765	  1	
592	136	765	  1	
592	270	765	  1	
592	312	765	  1	
594	263	765	  1	
594	432	765	  1	
595	 56	765	  1	
595	296	765	  1	
596	 97	765	  1	
596	246	765	  1	
597	263	765	  1	
598	 64	765	  1	
598	304	765	  1	
599	  0	765	  1	
599	104	765	  1	
599	258	765	  1	
599	278	765	  1	
599	392	765	  1	
599	400	765	  1	
599	512	765	  1	
600	 51	765	  1	
600	216	765	  1	
600	255	765	  1	
600	322	765	  1	
600	328	765	  1	
600	332	765	  1	
600	368	765	  1	
600	416	765	  1	
600	423	765	  1	
603	268	765	  1	
603	474	765	  1	
604	303	765	  1	
604	333	765	  1	
606	 51	765	  1	
606	244	765	  1	
606	259	765	  1	
606	279	765	  1	
607	155	765	  1	
607	264	765	  1	
608	112	765	  1	
608	143	765	  1	
608	212	765	  1	
608	221	765	  1	
608	267	765	  1	
608	306	765	  1	
608	320	765	  1	
608	336	765	  1	
608	347	765	  1	
608	384	765	  1	
610	304	765	  1	
611	 68	765	  1	
613	 31	765	  1	
613	223	765	  1	
614	216	765	  1	
614	311	765	  1	
614	339	765	  1	
615	112	765	  1	
615	138	765	  1	
615	307	765	  1	
616	323	765	  1	
616	373	765	  1	
620	368	765	  1	
620	479	765	  1	
621	248	765	  1	
621	255	765	  1	
621	263	765	  1	
622	 56	765	  1	
623	 72	765	  1	
623	 79	765	  1	
623	128	765	  1	
624	136	765	  1	
624	343	765	  1	
624	527	765	  1	
627	 63	765	  1	
630	 71	765	  1	
630	295	765	  1	
630	375	765	  1	
631	109	765	  1	
631	338	765	  1	
632	214	765	  1	
632	328	765	  1	
634	209	765	  1	
634	294	765	  1	
634	431	765	  1	
635	293	765	  1	
636	 96	765	  1	
637	201	765	  1	
639	335	765	  1	
640	143	765	  1	
640	336	765	  1	
640	470	765	  1	
642	167	765	  1	
643	391	765	  1	
647	356	765	  1	
647	378	765	  1	
648	383	765	  1	
651	333	765	  1	
655	273	765	  1	
655	383	765	  1	
656	187	765	  1	
660	 80	765	  1	
663	 87	765	  1	
664	 56	765	  1	
664	264	765	  1	
669	  8	765	  1	
669	 31	765	  1	
670	407	765	  1	
672	132	765	  1	
672	311	765	  1	
672	408	765	  1	
672	422	765	  1	
675	412	765	  1	
676	418	765	  1	
676	544	765	  1	
678	404	765	  1	
679	459	765	  1	
680	 79	765	  1	
680	399	765	  1	
681	150	765	  1	
681	212	765	  1	
682	422	765	  1	
685	417	765	  1	
686	203	765	  1	
687	 63	765	  1	
687	392	765	  1	
687	408	765	  1	
687	422	765	  1	
696	430	765	  1	
696	439	765	  1	
696	528	765	  1	
703	144	765	  1	
703	352	765	  1	
703	439	765	  1	
704	327	765	  1	
705	191	765	  1	
728	 40	765	  1	
730	 77	765	  1	
