# 
#  Image file: Goad1_T0071.jpg
#  Applied threshold: 575
#  Algorithm used: fill2                 
#  Particle count: 1794
#  Location (x,y), max luminance, and mass:
# 
  7	192	765	  1	
  8	359	765	  1	
 10	199	765	  1	
 15	 32	765	  1	
 15	194	765	  1	
 15	235	765	  1	
 15	264	765	  1	
 16	240	765	  1	
 16	303	765	  1	
 16	339	765	  1	
 32	358	765	  1	
 38	 77	765	  1	
 42	128	765	  1	
 45	311	765	  1	
 48	 98	765	  1	
 56	112	765	  1	
 56	264	765	  1	
 56	351	765	  1	
 64	172	765	  1	
 71	240	765	  1	
 72	109	765	  1	
 72	368	765	  1	
 79	109	765	  1	
 80	  8	765	  1	
 83	 59	765	  1	
 83	402	765	  1	
 87	 16	765	  1	
 87	152	765	  1	
 88	237	765	  1	
 92	370	765	  1	
 93	342	765	  1	
 95	237	765	  1	
 96	139	765	  1	
 96	387	765	  1	
 99	376	765	  1	
100	320	765	  1	
102	 97	765	  1	
102	154	765	  1	
103	178	765	  1	
103	191	765	  1	
103	224	765	  1	
103	360	765	  1	
103	399	765	  1	
104	248	765	  1	
109	151	765	  1	
110	296	765	  1	
111	511	765	  1	
112	 14	765	  1	
112	264	765	  1	
112	408	765	  1	
118	408	765	  1	
120	  4	765	  1	
120	178	765	  1	
124	  2	765	  1	
124	172	765	  1	
127	  6	765	  1	
127	268	765	  1	
127	303	765	  1	
127	403	765	  1	
128	 18	765	  1	
128	102	765	  1	
128	256	765	  1	
128	399	765	  1	
130	200	765	  1	
131	315	765	  1	
135	240	765	  1	
136	 10	765	  1	
136	110	765	  1	
136	168	765	  1	
136	175	765	  1	
136	208	765	  1	
136	375	765	  1	
139	 90	765	  1	
140	270	765	  1	
142	144	765	  1	
143	171	765	  1	
143	225	765	  1	
143	396	765	  1	
144	  0	765	  1	
144	 48	765	  1	
144	361	765	  1	
144	388	765	  1	
144	448	765	  1	
145	303	765	  1	
147	367	765	  1	
149	447	765	  1	
150	 80	765	  1	
151	 88	765	  1	
152	130	765	  1	
152	179	765	  1	
152	207	765	  1	
152	273	765	  1	
154	108	765	  1	
154	135	765	  1	
154	176	765	  1	
155	370	765	  1	
156	183	765	  1	
157	272	765	  1	
158	191	765	  1	
159	 56	765	  1	
159	223	765	  1	
159	279	765	  1	
159	384	765	  1	
160	 18	765	  1	
160	118	765	  1	
160	213	765	  1	
160	226	765	  1	
160	238	765	  1	
164	384	765	  1	
165	112	765	  1	
165	238	765	  1	
165	267	765	  1	
166	156	765	  1	
166	199	765	  1	
166	359	765	  1	
167	 12	765	  1	
167	 19	765	  1	
167	223	765	  1	
167	232	765	  1	
167	372	765	  1	
167	378	765	  1	
167	527	765	  1	
168	 44	765	  1	
168	 60	765	  1	
168	 63	765	  1	
168	103	765	  1	
168	282	765	  1	
168	328	765	  1	
168	375	765	  1	
168	418	765	  1	
169	341	765	  1	
170	336	765	  1	
171	 89	765	  1	
171	331	765	  1	
172	330	765	  1	
172	352	765	  1	
173	 80	765	  1	
173	120	765	  1	
173	136	765	  1	
174	103	765	  1	
174	224	765	  1	
175	 51	765	  1	
175	328	765	  1	
175	348	765	  1	
175	423	765	  1	
176	 48	765	  1	
176	 86	765	  1	
176	100	765	  1	
176	104	765	  1	
176	157	765	  1	
176	175	765	  1	
176	198	765	  1	
176	250	765	  1	
176	363	765	  1	
176	384	765	  1	
176	403	765	  1	
177	  4	765	  1	
177	506	765	  1	
178	 80	765	  1	
179	 55	765	  1	
179	 62	765	  1	
182	160	765	  1	
182	196	765	  1	
182	518	765	  1	
183	  6	765	  1	
183	 23	765	  1	
183	 48	765	  1	
183	 82	765	  1	
183	157	765	  1	
183	328	765	  1	
183	333	765	  1	
183	346	765	  1	
183	424	765	  1	
183	504	765	  1	
184	126	765	  1	
184	147	765	  1	
184	439	765	  1	
185	111	765	  1	
186	 58	765	  1	
186	336	765	  1	
186	343	765	  1	
187	 63	765	  1	
187	183	765	  1	
188	112	765	  1	
188	367	765	  1	
188	448	765	  1	
189	104	765	  1	
189	136	765	  1	
189	216	765	  1	
189	240	765	  1	
190	100	765	  1	
190	288	765	  1	
190	295	765	  1	
190	399	765	  1	
190	407	765	  1	
191	110	765	  1	
191	144	765	  1	
191	151	765	  1	
191	176	765	  1	
191	338	765	  1	
192	 64	765	  1	
192	312	765	  1	
194	125	765	  1	
194	176	765	  1	
195	 75	765	  1	
195	295	765	  1	
195	319	765	  1	
195	599	765	  1	
197	  4	765	  1	
197	 58	765	  1	
197	160	765	  1	
197	175	765	  1	
198	 16	765	  1	
198	258	765	  1	
198	263	765	  1	
199	 28	765	  1	
199	116	765	  1	
199	288	765	  1	
200	 55	765	  1	
200	 67	765	  1	
200	 93	765	  1	
200	104	765	  1	
200	126	765	  1	
200	144	765	  1	
200	157	765	  1	
200	163	765	  1	
200	178	765	  1	
200	366	765	  1	
200	456	765	  1	
200	476	765	  1	
202	 88	765	  1	
202	168	765	  1	
202	344	765	  1	
202	351	765	  1	
203	391	765	  1	
203	434	765	  1	
204	272	765	  1	
204	407	765	  1	
205	  7	765	  1	
205	150	765	  1	
205	352	765	  1	
205	472	765	  1	
206	 78	765	  1	
206	 94	765	  1	
206	279	765	  1	
206	358	765	  1	
207	 16	765	  1	
207	 46	765	  1	
207	 53	765	  1	
207	126	765	  1	
207	456	765	  1	
208	 96	765	  1	
208	123	765	  1	
208	128	765	  1	
208	162	765	  1	
208	175	765	  1	
208	216	765	  1	
208	238	765	  1	
208	287	765	  1	
208	363	765	  1	
208	368	765	  1	
208	376	765	  1	
208	386	765	  1	
208	496	765	  1	
209	152	765	  1	
209	183	765	  1	
209	191	765	  1	
210	232	765	  1	
211	223	765	  1	
211	272	765	  1	
211	279	765	  1	
213	160	765	  1	
214	 96	765	  1	
214	168	765	  1	
214	368	765	  1	
214	383	765	  1	
215	 64	765	  1	
215	175	765	  1	
215	216	765	  1	
215	236	765	  1	
215	287	765	  1	
215	360	765	  1	
215	503	765	  1	
216	 22	765	  1	
216	 72	765	  1	
216	120	765	  1	
216	134	765	  1	
216	322	765	  1	
216	344	765	  1	
218	125	765	  1	
219	  0	765	  1	
220	135	765	  1	
220	184	765	  1	
221	  8	765	  1	
221	120	765	  1	
221	144	765	  1	
221	159	765	  1	
221	191	765	  1	
221	230	765	  1	
221	274	765	  1	
221	360	765	  1	
221	368	765	  1	
223	 72	765	  1	
223	311	765	  1	
223	427	765	  1	
224	 39	765	  1	
224	 88	765	  1	
224	128	765	  1	
224	192	765	  1	
224	207	765	  1	
224	295	765	  1	
224	317	765	  1	
224	352	765	  1	
224	398	765	  1	
225	356	765	  1	
226	330	765	  1	
227	152	765	  1	
227	200	765	  1	
227	335	765	  1	
229	  0	765	  1	
229	198	765	  1	
229	227	765	  1	
229	406	765	  1	
230	161	765	  1	
231	207	765	  1	
232	 14	765	  1	
232	 54	765	  1	
232	 82	765	  1	
232	 95	765	  1	
232	107	765	  1	
232	144	765	  1	
232	168	765	  1	
232	182	765	  1	
232	256	765	  1	
232	264	765	  1	
232	291	765	  1	
232	328	765	  1	
232	334	765	  1	
232	415	765	  1	
232	440	765	  1	
232	447	765	  1	
232	464	765	  1	
232	471	765	  1	
233	 88	765	  1	
233	149	765	  1	
234	 90	765	  1	
234	150	765	  1	
234	190	765	  1	
235	152	765	  1	
235	216	765	  1	
235	358	765	  1	
236	 95	765	  1	
237	  8	765	  1	
237	 72	765	  1	
237	174	765	  1	
237	203	765	  1	
238	 55	765	  1	
238	151	765	  1	
238	184	765	  1	
238	240	765	  1	
238	276	765	  1	
239	288	765	  1	
239	295	765	  1	
239	443	765	  1	
240	 18	765	  1	
240	 24	765	  1	
240	 69	765	  1	
240	 88	765	  1	
240	 96	765	  1	
240	112	765	  1	
240	118	765	  1	
240	138	765	  1	
240	165	765	  1	
240	181	765	  1	
240	190	765	  1	
240	286	765	  1	
240	291	765	  1	
240	455	765	  1	
242	 82	765	  1	
242	232	765	  1	
242	450	765	  1	
243	  8	765	  1	
245	 40	765	  1	
245	 55	765	  1	
245	143	765	  1	
245	160	765	  1	
245	176	765	  1	
245	195	765	  1	
245	287	765	  1	
246	 47	765	  1	
246	 94	765	  1	
246	137	765	  1	
246	440	765	  1	
246	447	765	  1	
247	190	765	  1	
247	263	765	  1	
247	368	765	  1	
247	378	765	  1	
247	455	765	  1	
248	  8	765	  1	
248	 56	765	  1	
248	168	765	  1	
248	182	765	  1	
248	192	765	  1	
248	200	765	  1	
248	205	765	  1	
248	329	765	  1	
248	352	765	  1	
248	359	765	  1	
248	379	765	  1	
248	387	765	  1	
248	432	765	  1	
248	465	765	  1	
248	472	765	  1	
248	488	765	  1	
248	527	765	  1	
250	 14	765	  1	
250	 64	765	  1	
250	128	765	  1	
251	 88	765	  1	
251	112	765	  1	
251	457	765	  1	
253	  6	765	  1	
253	 80	765	  1	
253	179	765	  1	
253	208	765	  1	
253	248	765	  1	
253	255	765	  1	
254	 70	765	  1	
254	313	765	  1	
254	438	765	  1	
254	468	765	  1	
254	520	765	  1	
255	 14	765	  1	
255	200	765	  1	
255	355	765	  1	
256	  9	765	  1	
256	 98	765	  1	
256	103	765	  1	
256	158	765	  1	
256	170	765	  1	
256	175	765	  1	
256	183	765	  1	
256	221	765	  1	
256	238	765	  1	
256	256	765	  1	
256	260	765	  1	
256	272	765	  1	
256	323	765	  1	
256	338	765	  1	
256	350	765	  1	
256	398	765	  1	
256	416	765	  1	
256	423	765	  1	
257	  3	765	  1	
257	120	765	  1	
257	135	765	  1	
257	268	765	  1	
258	  2	765	  1	
258	 58	765	  1	
258	131	765	  1	
258	160	765	  1	
258	392	765	  1	
258	424	765	  1	
258	432	765	  1	
259	 11	765	  1	
259	 63	765	  1	
259	125	765	  1	
260	 39	765	  1	
260	155	765	  1	
261	 80	765	  1	
261	 87	765	  1	
261	168	765	  1	
261	172	765	  1	
261	192	765	  1	
261	199	765	  1	
261	355	765	  1	
262	135	765	  1	
262	303	765	  1	
262	326	765	  1	
263	132	765	  1	
263	143	765	  1	
263	162	765	  1	
263	238	765	  1	
263	264	765	  1	
263	278	765	  1	
263	399	765	  1	
263	528	765	  1	
264	 53	765	  1	
264	144	765	  1	
264	150	765	  1	
264	200	765	  1	
264	227	765	  1	
264	288	765	  1	
264	298	765	  1	
264	368	765	  1	
264	375	765	  1	
264	423	765	  1	
264	540	765	  1	
265	111	765	  1	
266	  0	765	  1	
266	103	765	  1	
266	391	765	  1	
267	207	765	  1	
267	271	765	  1	
269	231	765	  1	
269	254	765	  1	
270	 96	765	  1	
271	  5	765	  1	
271	105	765	  1	
271	147	765	  1	
271	200	765	  1	
271	301	765	  1	
271	371	765	  1	
271	400	765	  1	
271	416	765	  1	
271	535	765	  1	
272	 15	765	  1	
272	 28	765	  1	
272	 70	765	  1	
272	 91	765	  1	
272	112	765	  1	
272	115	765	  1	
272	124	765	  1	
272	156	765	  1	
272	192	765	  1	
272	198	765	  1	
272	240	765	  1	
272	256	765	  1	
272	288	765	  1	
272	402	765	  1	
273	128	765	  1	
273	208	765	  1	
274	276	765	  1	
275	 64	765	  1	
275	264	765	  1	
276	 44	765	  1	
276	528	765	  1	
277	 31	765	  1	
277	 48	765	  1	
277	195	765	  1	
278	271	765	  1	
278	523	765	  1	
279	152	765	  1	
280	  0	765	  1	
280	 59	765	  1	
280	 84	765	  1	
280	155	765	  1	
280	189	765	  1	
280	200	765	  1	
280	207	765	  1	
280	288	765	  1	
280	291	765	  1	
280	346	765	  1	
280	351	765	  1	
280	360	765	  1	
280	427	765	  1	
280	495	765	  1	
281	 96	765	  1	
281	254	765	  1	
282	 23	765	  1	
283	127	765	  1	
283	149	765	  1	
283	410	765	  1	
284	 87	765	  1	
284	360	765	  1	
285	 72	765	  1	
285	184	765	  1	
285	224	765	  1	
285	370	765	  1	
286	 81	765	  1	
286	120	765	  1	
286	237	765	  1	
286	346	765	  1	
287	  0	765	  1	
287	 19	765	  1	
287	 31	765	  1	
287	 40	765	  1	
287	 47	765	  1	
287	290	765	  1	
287	351	765	  1	
287	447	765	  1	
288	 63	765	  1	
288	 88	765	  1	
288	126	765	  1	
288	160	765	  1	
288	176	765	  1	
288	180	765	  1	
288	247	765	  1	
288	357	765	  1	
288	382	765	  1	
288	425	765	  1	
288	451	765	  1	
288	458	765	  1	
289	136	765	  1	
289	491	765	  1	
290	214	765	  1	
291	150	765	  1	
292	296	765	  1	
292	300	765	  1	
292	484	765	  1	
293	206	765	  1	
293	232	765	  1	
293	295	765	  1	
293	310	765	  1	
293	399	765	  1	
293	471	765	  1	
294	 82	765	  1	
295	243	765	  1	
295	298	765	  1	
295	303	765	  1	
296	  8	765	  1	
296	 45	765	  1	
296	 55	765	  1	
296	 71	765	  1	
296	 96	765	  1	
296	112	765	  1	
296	133	765	  1	
296	150	765	  1	
296	184	765	  1	
296	224	765	  1	
296	240	765	  1	
296	311	765	  1	
296	376	765	  1	
296	384	765	  1	
296	399	765	  1	
296	503	765	  1	
296	599	765	  1	
297	 64	765	  1	
297	295	765	  1	
297	344	765	  1	
298	128	765	  1	
298	190	765	  1	
298	287	765	  1	
298	408	765	  1	
298	500	765	  1	
299	200	765	  1	
301	356	765	  1	
302	 15	765	  1	
302	 40	765	  1	
302	 91	765	  1	
302	100	765	  1	
302	184	765	  1	
302	528	765	  1	
303	160	765	  1	
303	302	765	  1	
303	411	765	  1	
304	 64	765	  1	
304	 78	765	  1	
304	104	765	  1	
304	123	765	  1	
304	158	765	  1	
304	162	765	  1	
304	221	765	  1	
304	294	765	  1	
304	387	765	  1	
304	392	765	  1	
304	416	765	  1	
306	 71	765	  1	
306	344	765	  1	
306	461	765	  1	
307	 48	765	  1	
308	152	765	  1	
309	  8	765	  1	
309	 15	765	  1	
309	210	765	  1	
309	352	765	  1	
309	417	765	  1	
310	205	765	  1	
310	256	765	  1	
310	307	765	  1	
310	312	765	  1	
310	474	765	  1	
310	508	765	  1	
310	567	765	  1	
311	 71	765	  1	
311	120	765	  1	
311	127	765	  1	
311	144	765	  1	
311	415	765	  1	
311	463	765	  1	
311	520	765	  1	
312	  4	765	  1	
312	 22	765	  1	
312	 39	765	  1	
312	 96	765	  1	
312	192	765	  1	
312	224	765	  1	
312	232	765	  1	
312	240	765	  1	
312	318	765	  1	
312	328	765	  1	
312	391	765	  1	
313	278	765	  1	
314	227	765	  1	
315	  8	765	  1	
315	 32	765	  1	
315	144	765	  1	
315	264	765	  1	
315	376	765	  1	
315	392	765	  1	
315	461	765	  1	
316	245	765	  1	
316	456	765	  1	
316	465	765	  1	
317	 23	765	  1	
317	120	765	  1	
317	152	765	  1	
317	192	765	  1	
317	214	765	  1	
317	218	765	  1	
317	223	765	  1	
317	294	765	  1	
317	315	765	  1	
317	358	765	  1	
319	 39	765	  1	
319	234	765	  1	
319	328	765	  1	
319	391	765	  1	
320	  7	765	  1	
320	 15	765	  1	
320	 72	765	  1	
320	 79	765	  1	
320	 91	765	  1	
320	 98	765	  1	
320	138	765	  1	
320	146	765	  1	
320	232	765	  1	
320	248	765	  1	
320	271	765	  1	
320	352	765	  1	
320	416	765	  1	
320	502	765	  1	
321	342	765	  1	
322	335	765	  1	
322	368	765	  1	
323	 56	765	  1	
323	205	765	  1	
323	239	765	  1	
323	264	765	  1	
323	318	765	  1	
323	407	765	  1	
324	 72	765	  1	
324	226	765	  1	
324	352	765	  1	
325	136	765	  1	
325	143	765	  1	
325	151	765	  1	
325	183	765	  1	
325	288	765	  1	
325	330	765	  1	
325	384	765	  1	
326	251	765	  1	
326	401	765	  1	
326	467	765	  1	
327	 96	765	  1	
327	103	765	  1	
327	120	765	  1	
327	195	765	  1	
327	232	765	  1	
327	271	765	  1	
327	360	765	  1	
327	416	765	  1	
327	461	765	  1	
327	502	765	  1	
327	560	765	  1	
328	 39	765	  1	
328	247	765	  1	
328	267	765	  1	
328	280	765	  1	
328	291	765	  1	
328	323	765	  1	
328	336	765	  1	
328	372	765	  1	
328	378	765	  1	
328	408	765	  1	
329	120	765	  1	
330	232	765	  1	
331	 36	765	  1	
331	286	765	  1	
331	391	765	  1	
331	406	765	  1	
332	302	765	  1	
332	354	765	  1	
332	414	765	  1	
333	  8	765	  1	
333	295	765	  1	
333	311	765	  1	
334	333	765	  1	
334	576	765	  1	
334	591	765	  1	
335	200	765	  1	
335	264	765	  1	
335	327	765	  1	
335	343	765	  1	
335	471	765	  1	
336	  0	765	  1	
336	 48	765	  1	
336	 67	765	  1	
336	117	765	  1	
336	125	765	  1	
336	165	765	  1	
336	208	765	  1	
336	242	765	  1	
336	300	765	  1	
336	304	765	  1	
336	334	765	  1	
336	380	765	  1	
336	392	765	  1	
336	516	765	  1	
339	 55	765	  1	
339	328	765	  1	
339	344	765	  1	
339	399	765	  1	
339	416	765	  1	
340	304	765	  1	
341	 30	765	  1	
341	120	765	  1	
341	427	765	  1	
342	235	765	  1	
343	 13	765	  1	
343	 48	765	  1	
343	221	765	  1	
343	280	765	  1	
343	287	765	  1	
343	334	765	  1	
343	368	765	  1	
343	392	765	  1	
344	 59	765	  1	
344	 67	765	  1	
344	183	765	  1	
344	255	765	  1	
344	264	765	  1	
344	288	765	  1	
344	296	765	  1	
344	344	765	  1	
344	376	765	  1	
344	472	765	  1	
345	274	765	  1	
345	279	765	  1	
346	  3	765	  1	
346	136	765	  1	
346	159	765	  1	
347	 32	765	  1	
347	 39	765	  1	
347	176	765	  1	
347	351	765	  1	
348	 17	765	  1	
348	319	765	  1	
349	 23	765	  1	
349	352	765	  1	
349	376	765	  1	
349	429	765	  1	
350	120	765	  1	
350	128	765	  1	
351	 59	765	  1	
351	 64	765	  1	
351	 71	765	  1	
351	104	765	  1	
351	183	765	  1	
351	335	765	  1	
351	344	765	  1	
351	530	765	  1	
352	 24	765	  1	
352	 28	765	  1	
352	 72	765	  1	
352	107	765	  1	
352	131	765	  1	
352	165	765	  1	
352	231	765	  1	
352	259	765	  1	
352	338	765	  1	
352	419	765	  1	
352	428	765	  1	
352	499	765	  1	
353	266	765	  1	
355	152	765	  1	
355	159	765	  1	
355	259	765	  1	
355	320	765	  1	
355	327	765	  1	
355	493	765	  1	
355	528	765	  1	
356	116	765	  1	
356	314	765	  1	
357	228	765	  1	
357	278	765	  1	
357	372	765	  1	
357	408	765	  1	
358	112	765	  1	
358	296	765	  1	
358	301	765	  1	
358	311	765	  1	
358	368	765	  1	
358	420	765	  1	
358	424	765	  1	
358	456	765	  1	
359	 39	765	  1	
359	 96	765	  1	
359	103	765	  1	
359	211	765	  1	
360	 14	765	  1	
360	 40	765	  1	
360	122	765	  1	
360	165	765	  1	
360	184	765	  1	
360	191	765	  1	
360	256	765	  1	
360	269	765	  1	
360	298	765	  1	
360	352	765	  1	
360	359	765	  1	
360	380	765	  1	
360	388	765	  1	
360	411	765	  1	
360	487	765	  1	
361	117	765	  1	
362	 64	765	  1	
362	175	765	  1	
362	278	765	  1	
362	423	765	  1	
363	 88	765	  1	
363	136	765	  1	
363	160	765	  1	
363	432	765	  1	
363	488	765	  1	
364	 24	765	  1	
364	 86	765	  1	
365	 10	765	  1	
365	303	765	  1	
365	312	765	  1	
366	 31	765	  1	
366	 40	765	  1	
366	 70	765	  1	
366	 80	765	  1	
366	127	765	  1	
366	264	765	  1	
366	272	765	  1	
366	414	765	  1	
367	170	765	  1	
367	187	765	  1	
367	248	765	  1	
367	355	765	  1	
367	380	765	  1	
367	400	765	  1	
368	 98	765	  1	
368	134	765	  1	
368	144	765	  1	
368	319	765	  1	
368	599	765	  1	
369	112	765	  1	
369	280	765	  1	
370	229	765	  1	
371	 64	765	  1	
371	118	765	  1	
373	 87	765	  1	
373	103	765	  1	
373	150	765	  1	
373	224	765	  1	
373	493	765	  1	
374	 69	765	  1	
376	 27	765	  1	
376	 72	765	  1	
376	113	765	  1	
376	165	765	  1	
376	175	765	  1	
376	303	765	  1	
376	400	765	  1	
376	418	765	  1	
376	431	765	  1	
377	 47	765	  1	
378	 96	765	  1	
378	110	765	  1	
378	337	765	  1	
379	240	765	  1	
379	355	765	  1	
379	379	765	  1	
380	 40	765	  1	
380	 78	765	  1	
381	124	765	  1	
381	219	765	  1	
381	343	765	  1	
381	456	765	  1	
382	 55	765	  1	
382	102	765	  1	
382	504	765	  1	
383	 86	765	  1	
383	303	765	  1	
384	  8	765	  1	
384	 31	765	  1	
384	 62	765	  1	
384	 70	765	  1	
384	139	765	  1	
384	160	765	  1	
384	168	765	  1	
384	182	765	  1	
384	226	765	  1	
384	232	765	  1	
384	251	765	  1	
384	272	765	  1	
384	323	765	  1	
384	358	765	  1	
384	382	765	  1	
384	455	765	  1	
384	493	765	  1	
385	  3	765	  1	
385	488	765	  1	
386	376	765	  1	
387	 94	765	  1	
387	104	765	  1	
388	  6	765	  1	
388	192	765	  1	
389	 96	765	  1	
389	183	765	  1	
389	224	765	  1	
389	343	765	  1	
390	 29	765	  1	
391	232	765	  1	
391	248	765	  1	
391	255	765	  1	
391	339	765	  1	
391	358	765	  1	
391	380	765	  1	
392	 46	765	  1	
392	 67	765	  1	
392	 74	765	  1	
392	143	765	  1	
392	264	765	  1	
392	280	765	  1	
392	334	765	  1	
392	376	765	  1	
392	463	765	  1	
392	488	765	  1	
394	 40	765	  1	
394	 63	765	  1	
394	 88	765	  1	
394	 94	765	  1	
394	254	765	  1	
394	273	765	  1	
394	314	765	  1	
394	368	765	  1	
395	190	765	  1	
395	200	765	  1	
395	338	765	  1	
395	502	765	  1	
395	535	765	  1	
396	  3	765	  1	
397	 96	765	  1	
397	103	765	  1	
397	212	765	  1	
397	271	765	  1	
398	 52	765	  1	
398	 64	765	  1	
398	117	765	  1	
398	227	765	  1	
398	248	765	  1	
398	331	765	  1	
398	340	765	  1	
398	424	765	  1	
398	463	765	  1	
399	 44	765	  1	
399	 72	765	  1	
399	 79	765	  1	
399	 88	765	  1	
399	206	765	  1	
399	383	765	  1	
399	488	765	  1	
400	 16	765	  1	
400	 37	765	  1	
400	 47	765	  1	
400	 81	765	  1	
400	120	765	  1	
400	133	765	  1	
400	184	765	  1	
400	240	765	  1	
400	244	765	  1	
400	256	765	  1	
400	287	765	  1	
400	320	765	  1	
400	352	765	  1	
400	358	765	  1	
400	370	765	  1	
400	391	765	  1	
400	402	765	  1	
400	551	765	  1	
400	568	765	  1	
400	599	765	  1	
401	 63	765	  1	
401	167	765	  1	
401	272	765	  1	
402	  0	765	  1	
402	  7	765	  1	
402	 22	765	  1	
402	 32	765	  1	
402	282	765	  1	
402	368	765	  1	
403	 94	765	  1	
403	190	765	  1	
403	365	765	  1	
404	494	765	  1	
405	126	765	  1	
405	382	765	  1	
405	492	765	  1	
406	  1	765	  1	
406	 16	765	  1	
406	 38	765	  1	
406	 56	765	  1	
406	357	765	  1	
407	 47	765	  1	
407	200	765	  1	
407	206	765	  1	
407	287	765	  1	
407	320	765	  1	
407	394	765	  1	
407	535	765	  1	
408	 72	765	  1	
408	 95	765	  1	
408	101	765	  1	
408	136	765	  1	
408	144	765	  1	
408	186	765	  1	
408	219	765	  1	
408	255	765	  1	
408	282	765	  1	
408	327	765	  1	
408	360	765	  1	
408	415	765	  1	
408	423	765	  1	
410	336	765	  1	
411	 88	765	  1	
411	118	765	  1	
411	264	765	  1	
411	416	765	  1	
412	162	765	  1	
412	287	765	  1	
413	  0	765	  1	
413	104	765	  1	
413	111	765	  1	
413	212	765	  1	
414	248	765	  1	
414	280	765	  1	
415	 95	765	  1	
415	323	765	  1	
415	348	765	  1	
415	374	765	  1	
415	400	765	  1	
415	423	765	  1	
416	 43	765	  1	
416	 56	765	  1	
416	 72	765	  1	
416	 78	765	  1	
416	128	765	  1	
416	144	765	  1	
416	151	765	  1	
416	175	765	  1	
416	210	765	  1	
416	231	765	  1	
416	235	765	  1	
416	419	765	  1	
418	 27	765	  1	
418	170	765	  1	
418	372	765	  1	
419	 35	765	  1	
419	 96	765	  1	
419	167	765	  1	
419	219	765	  1	
419	224	765	  1	
420	147	765	  1	
421	  8	765	  1	
421	595	765	  1	
422	208	765	  1	
422	379	765	  1	
422	422	765	  1	
423	156	765	  1	
423	164	765	  1	
423	231	765	  1	
423	239	765	  1	
423	427	765	  1	
423	488	765	  1	
424	  6	765	  1	
424	 32	765	  1	
424	 38	765	  1	
424	 64	765	  1	
424	 88	765	  1	
424	 98	765	  1	
424	104	765	  1	
424	136	765	  1	
424	176	765	  1	
424	192	765	  1	
424	245	765	  1	
424	320	765	  1	
424	327	765	  1	
424	382	765	  1	
424	464	765	  1	
425	157	765	  1	
426	 35	765	  1	
426	 50	765	  1	
426	256	765	  1	
426	416	765	  1	
427	224	765	  1	
427	247	765	  1	
428	 32	765	  1	
429	  2	765	  1	
429	 70	765	  1	
429	 96	765	  1	
429	103	765	  1	
429	110	765	  1	
429	168	765	  1	
430	 80	765	  1	
430	223	765	  1	
431	192	765	  1	
431	206	765	  1	
431	231	765	  1	
431	323	765	  1	
432	 16	765	  1	
432	104	765	  1	
432	112	765	  1	
432	120	765	  1	
432	127	765	  1	
432	132	765	  1	
432	152	765	  1	
432	166	765	  1	
432	170	765	  1	
432	379	765	  1	
432	400	765	  1	
432	421	765	  1	
434	 59	765	  1	
434	212	765	  1	
435	 26	765	  1	
435	 36	765	  1	
435	112	765	  1	
435	163	765	  1	
435	232	765	  1	
435	408	765	  1	
436	  8	765	  1	
436	 57	765	  1	
437	 16	765	  1	
437	181	765	  1	
437	216	765	  1	
437	223	765	  1	
437	422	765	  1	
438	 69	765	  1	
438	247	765	  1	
438	278	765	  1	
439	 59	765	  1	
439	160	765	  1	
440	  0	765	  1	
440	107	765	  1	
440	122	765	  1	
440	128	765	  1	
440	140	765	  1	
440	144	765	  1	
440	171	765	  1	
440	184	765	  1	
440	232	765	  1	
440	263	765	  1	
440	293	765	  1	
440	352	765	  1	
440	413	765	  1	
441	159	765	  1	
441	191	765	  1	
442	150	765	  1	
443	162	765	  1	
443	256	765	  1	
444	 24	765	  1	
444	408	765	  1	
445	206	765	  1	
445	224	765	  1	
446	144	765	  1	
446	152	765	  1	
446	235	765	  1	
446	356	765	  1	
446	551	765	  1	
447	 31	765	  1	
447	120	765	  1	
447	171	765	  1	
447	263	765	  1	
448	 16	765	  1	
448	 40	765	  1	
448	 52	765	  1	
448	112	765	  1	
448	184	765	  1	
448	208	765	  1	
448	248	765	  1	
448	256	765	  1	
448	287	765	  1	
448	336	765	  1	
449	439	765	  1	
451	151	765	  1	
451	192	765	  1	
451	470	765	  1	
452	182	765	  1	
453	 55	765	  1	
453	123	765	  1	
453	136	765	  1	
453	283	765	  1	
454	 52	765	  1	
454	213	765	  1	
454	248	765	  1	
455	112	765	  1	
455	320	765	  1	
456	  3	765	  1	
456	 23	765	  1	
456	 32	765	  1	
456	 39	765	  1	
456	 79	765	  1	
456	116	765	  1	
456	160	765	  1	
456	204	765	  1	
456	218	765	  1	
456	237	765	  1	
456	243	765	  1	
456	259	765	  1	
456	277	765	  1	
456	310	765	  1	
457	112	765	  1	
457	144	765	  1	
457	151	765	  1	
458	 14	765	  1	
458	181	765	  1	
458	304	765	  1	
459	 72	765	  1	
459	167	765	  1	
459	200	765	  1	
461	263	765	  1	
461	286	765	  1	
461	296	765	  1	
462	 69	765	  1	
462	120	765	  1	
462	175	765	  1	
462	335	765	  1	
463	 23	765	  1	
463	 35	765	  1	
463	 79	765	  1	
463	160	765	  1	
463	311	765	  1	
464	 24	765	  1	
464	 61	765	  1	
464	 82	765	  1	
464	 92	765	  1	
464	106	765	  1	
464	151	765	  1	
464	155	765	  1	
464	211	765	  1	
464	224	765	  1	
465	146	765	  1	
465	191	765	  1	
465	203	765	  1	
466	 88	765	  1	
467	231	765	  1	
467	359	765	  1	
468	116	765	  1	
469	  8	765	  1	
469	 13	765	  1	
469	 80	765	  1	
469	104	765	  1	
469	111	765	  1	
470	 71	765	  1	
470	 92	765	  1	
470	173	765	  1	
471	 27	765	  1	
471	 40	765	  1	
472	128	765	  1	
472	135	765	  1	
472	204	765	  1	
472	216	765	  1	
472	223	765	  1	
472	237	765	  1	
472	248	765	  1	
472	280	765	  1	
472	285	765	  1	
472	344	765	  1	
472	351	765	  1	
472	363	765	  1	
472	396	765	  1	
474	 71	765	  1	
474	120	765	  1	
475	 47	765	  1	
475	274	765	  1	
475	303	765	  1	
475	423	765	  1	
477	  0	765	  1	
477	144	765	  1	
477	182	765	  1	
477	232	765	  1	
478	 35	765	  1	
478	 64	765	  1	
478	208	765	  1	
479	 40	765	  1	
479	125	765	  1	
479	223	765	  1	
479	296	765	  1	
480	  8	765	  1	
480	 82	765	  1	
480	 87	765	  1	
480	112	765	  1	
480	239	765	  1	
480	269	765	  1	
480	291	765	  1	
480	328	765	  1	
480	408	765	  1	
481	143	765	  1	
482	 51	765	  1	
482	111	765	  1	
483	248	765	  1	
485	208	765	  1	
486	  0	765	  1	
486	 82	765	  1	
486	132	765	  1	
486	137	765	  1	
487	 71	765	  1	
487	 87	765	  1	
487	291	765	  1	
487	328	765	  1	
487	407	765	  1	
488	 19	765	  1	
488	 32	765	  1	
488	179	765	  1	
488	194	765	  1	
488	258	765	  1	
488	305	765	  1	
489	137	765	  1	
489	280	765	  1	
490	118	765	  1	
490	135	765	  1	
491	  4	765	  1	
491	 39	765	  1	
491	232	765	  1	
491	239	765	  1	
491	368	765	  1	
492	 16	765	  1	
492	 61	765	  1	
493	158	765	  1	
493	214	765	  1	
494	 96	765	  1	
494	112	765	  1	
494	143	765	  1	
494	248	765	  1	
495	 32	765	  1	
495	 71	765	  1	
495	184	765	  1	
495	200	765	  1	
495	386	765	  1	
495	423	765	  1	
496	107	765	  1	
496	232	765	  1	
496	307	765	  1	
496	315	765	  1	
496	343	765	  1	
498	119	765	  1	
499	 86	765	  1	
499	208	765	  1	
499	224	765	  1	
500	328	765	  1	
501	  0	765	  1	
501	 91	765	  1	
501	123	765	  1	
501	176	765	  1	
501	192	765	  1	
501	280	765	  1	
502	187	765	  1	
502	343	765	  1	
503	114	765	  1	
503	304	765	  1	
503	311	765	  1	
503	360	765	  1	
503	542	765	  1	
504	  8	765	  1	
504	146	765	  1	
504	153	765	  1	
504	232	765	  1	
504	247	765	  1	
504	338	765	  1	
505	198	765	  1	
506	120	765	  1	
506	168	765	  1	
507	159	765	  1	
507	239	765	  1	
507	269	765	  1	
507	352	765	  1	
507	376	765	  1	
508	 87	765	  1	
508	149	765	  1	
509	 58	765	  1	
509	 63	765	  1	
509	 99	765	  1	
509	111	765	  1	
510	144	765	  1	
511	 55	765	  1	
511	328	765	  1	
512	 47	765	  1	
512	 64	765	  1	
512	 88	765	  1	
512	103	765	  1	
512	109	765	  1	
512	125	765	  1	
512	136	765	  1	
512	175	765	  1	
512	186	765	  1	
512	211	765	  1	
512	219	765	  1	
512	235	765	  1	
512	256	765	  1	
512	274	765	  1	
512	280	765	  1	
512	287	765	  1	
512	396	765	  1	
513	192	765	  1	
514	 69	765	  1	
515	 40	765	  1	
515	224	765	  1	
517	117	765	  1	
517	120	765	  1	
517	157	765	  1	
517	168	765	  1	
517	351	765	  1	
519	 47	765	  1	
519	 64	765	  1	
519	103	765	  1	
519	145	765	  1	
519	155	765	  1	
519	232	765	  1	
519	239	765	  1	
519	304	765	  1	
519	366	765	  1	
520	 63	765	  1	
520	130	765	  1	
520	205	765	  1	
520	320	765	  1	
520	340	765	  1	
520	344	765	  1	
520	432	765	  1	
521	 64	765	  1	
523	 56	765	  1	
523	 80	765	  1	
523	144	765	  1	
524	 96	765	  1	
525	128	765	  1	
525	135	765	  1	
525	192	765	  1	
525	198	765	  1	
525	216	765	  1	
525	223	765	  1	
526	343	765	  1	
527	 63	765	  1	
527	395	765	  1	
528	103	765	  1	
528	176	765	  1	
528	184	765	  1	
528	191	765	  1	
528	232	765	  1	
528	296	765	  1	
528	312	765	  1	
528	318	765	  1	
528	384	765	  1	
530	108	765	  1	
530	112	765	  1	
531	 98	765	  1	
531	160	765	  1	
531	358	765	  1	
532	303	765	  1	
533	120	765	  1	
533	127	765	  1	
534	351	765	  1	
534	387	765	  1	
535	176	765	  1	
535	184	765	  1	
535	439	765	  1	
536	  8	765	  1	
536	 59	765	  1	
536	 88	765	  1	
536	141	765	  1	
536	180	765	  1	
536	191	765	  1	
536	252	765	  1	
536	264	765	  1	
536	316	765	  1	
536	375	765	  1	
537	416	765	  1	
538	 13	765	  1	
538	312	765	  1	
539	 95	765	  1	
539	 99	765	  1	
539	128	765	  1	
539	223	765	  1	
539	293	765	  1	
539	368	765	  1	
541	170	765	  1	
541	271	765	  1	
542	  8	765	  1	
543	 88	765	  1	
543	375	765	  1	
544	  3	765	  1	
544	 10	765	  1	
544	125	765	  1	
544	136	765	  1	
544	147	765	  1	
544	152	765	  1	
544	160	765	  1	
544	167	765	  1	
544	200	765	  1	
544	236	765	  1	
544	307	765	  1	
544	381	765	  1	
544	453	765	  1	
544	479	765	  1	
546	370	765	  1	
547	184	765	  1	
547	207	765	  1	
548	232	765	  1	
548	320	765	  1	
549	158	765	  1	
549	176	765	  1	
550	  0	765	  1	
550	110	765	  1	
550	163	765	  1	
550	216	765	  1	
550	375	765	  1	
550	418	765	  1	
551	 10	765	  1	
551	200	765	  1	
551	288	765	  1	
552	 96	765	  1	
552	202	765	  1	
552	207	765	  1	
552	252	765	  1	
552	301	765	  1	
552	391	765	  1	
552	405	765	  1	
553	379	765	  1	
553	400	765	  1	
554	103	765	  1	
554	304	765	  1	
554	311	765	  1	
555	128	765	  1	
555	357	765	  1	
555	368	765	  1	
557	255	765	  1	
558	 96	765	  1	
560	  8	765	  1	
560	304	765	  1	
560	320	765	  1	
561	240	765	  1	
561	244	765	  1	
563	203	765	  1	
563	228	765	  1	
563	343	765	  1	
564	131	765	  1	
564	256	765	  1	
564	262	765	  1	
566	  8	765	  1	
566	351	765	  1	
567	123	765	  1	
567	246	765	  1	
567	374	765	  1	
567	415	765	  1	
568	 80	765	  1	
568	104	765	  1	
568	111	765	  1	
568	189	765	  1	
568	207	765	  1	
568	307	765	  1	
568	328	765	  1	
570	 56	765	  1	
570	202	765	  1	
570	466	765	  1	
571	  8	765	  1	
571	 87	765	  1	
572	280	765	  1	
573	358	765	  1	
574	104	765	  1	
574	207	765	  1	
574	256	765	  1	
574	263	765	  1	
574	287	765	  1	
574	319	765	  1	
575	 56	765	  1	
575	 80	765	  1	
575	259	765	  1	
576	 75	765	  1	
576	119	765	  1	
576	168	765	  1	
576	232	765	  1	
576	238	765	  1	
576	258	765	  1	
576	383	765	  1	
578	 96	765	  1	
579	112	765	  1	
579	208	765	  1	
579	227	765	  1	
579	245	765	  1	
582	343	765	  1	
583	119	765	  1	
583	255	765	  1	
584	  2	765	  1	
584	 96	765	  1	
584	184	765	  1	
584	191	765	  1	
587	312	765	  1	
590	  8	765	  1	
591	184	765	  1	
591	191	765	  1	
591	324	765	  1	
591	479	765	  1	
592	 58	765	  1	
592	 90	765	  1	
592	204	765	  1	
592	276	765	  1	
592	316	765	  1	
592	336	765	  1	
595	128	765	  1	
595	296	765	  1	
595	340	765	  1	
596	366	765	  1	
598	 95	765	  1	
598	104	765	  1	
598	207	765	  1	
598	317	765	  1	
598	360	765	  1	
599	258	765	  1	
599	306	765	  1	
600	 32	765	  1	
600	216	765	  1	
600	299	765	  1	
600	424	765	  1	
601	367	765	  1	
601	480	765	  1	
603	114	765	  1	
604	310	765	  1	
605	351	765	  1	
607	 52	765	  1	
607	346	765	  1	
607	365	765	  1	
608	 79	765	  1	
608	479	765	  1	
615	120	765	  1	
616	 69	765	  1	
616	248	765	  1	
616	280	765	  1	
616	371	765	  1	
618	456	765	  1	
622	252	765	  1	
622	280	765	  1	
622	328	765	  1	
623	 69	765	  1	
623	336	765	  1	
623	343	765	  1	
623	368	765	  1	
623	375	765	  1	
624	  5	765	  1	
624	117	765	  1	
624	263	765	  1	
624	367	765	  1	
624	370	765	  1	
627	109	765	  1	
627	320	765	  1	
627	360	765	  1	
628	108	765	  1	
630	424	765	  1	
631	367	765	  1	
632	136	765	  1	
632	143	765	  1	
635	412	765	  1	
636	119	765	  1	
637	294	765	  1	
638	333	765	  1	
639	287	765	  1	
639	477	765	  1	
640	329	765	  1	
645	352	765	  1	
645	359	765	  1	
648	320	765	  1	
655	 68	765	  1	
655	335	765	  1	
655	350	765	  1	
660	203	765	  1	
660	406	765	  1	
663	 75	765	  1	
663	139	765	  1	
664	 74	765	  1	
667	302	765	  1	
671	 87	765	  1	
671	279	765	  1	
675	374	765	  1	
675	555	765	  1	
686	279	765	  1	
688	304	765	  1	
690	219	765	  1	
704	248	765	  1	
707	272	765	  1	
718	100	765	  1	
736	316	765	  1	
738	312	765	  1	
776	144	765	  1	
