# 
#  Image file: Goad1_T0196.jpg
#  Applied threshold: 575
#  Algorithm used: fill2                 
#  Particle count: 1918
#  Location (x,y), max luminance, and mass:
# 
  0	296	765	  1	
  7	119	765	  1	
  8	130	765	  1	
  8	232	765	  1	
 12	456	765	  1	
 14	176	765	  1	
 15	195	765	  1	
 15	232	765	  1	
 15	343	765	  1	
 16	312	765	  1	
 16	319	765	  1	
 20	303	765	  1	
 20	555	765	  1	
 23	181	765	  1	
 24	491	765	  1	
 30	127	765	  1	
 32	111	765	  1	
 35	 88	765	  1	
 38	299	765	  1	
 39	344	765	  1	
 47	103	765	  1	
 47	106	765	  1	
 49	264	765	  1	
 51	593	765	  1	
 54	272	765	  1	
 55	235	765	  1	
 56	 96	765	  1	
 56	487	765	  1	
 63	552	765	  1	
 64	543	765	  1	
 68	240	765	  1	
 68	248	765	  1	
 71	140	765	  1	
 72	199	765	  1	
 72	260	765	  1	
 72	368	765	  1	
 75	144	765	  1	
 75	374	765	  1	
 80	224	765	  1	
 85	359	765	  1	
 87	148	765	  1	
 87	153	765	  1	
 87	157	765	  1	
 87	231	765	  1	
 88	375	765	  1	
 91	125	765	  1	
 91	368	765	  1	
 95	335	765	  1	
 95	375	765	  1	
 96	155	765	  1	
 96	274	765	  1	
 96	336	765	  1	
101	292	765	  1	
103	152	765	  1	
103	159	765	  1	
104	 71	765	  1	
104	246	765	  1	
104	270	765	  1	
105	272	765	  1	
106	479	765	  1	
108	108	765	  1	
108	376	765	  1	
109	389	765	  1	
109	456	765	  1	
111	124	765	  1	
111	203	765	  1	
111	272	765	  1	
111	285	765	  1	
111	344	765	  1	
111	519	765	  1	
112	152	765	  1	
114	158	765	  1	
114	373	765	  1	
116	410	765	  1	
116	495	765	  1	
116	498	765	  1	
117	152	765	  1	
117	456	765	  1	
119	192	765	  1	
120	154	765	  1	
120	159	765	  1	
120	184	765	  1	
120	367	765	  1	
120	402	765	  1	
120	503	765	  1	
123	143	765	  1	
125	112	765	  1	
125	128	765	  1	
125	216	765	  1	
125	221	765	  1	
127	 96	765	  1	
127	136	765	  1	
127	152	765	  1	
127	157	765	  1	
127	496	765	  1	
128	328	765	  1	
131	333	765	  1	
133	 79	765	  1	
133	186	765	  1	
133	382	765	  1	
135	 32	765	  1	
136	155	765	  1	
136	168	765	  1	
136	176	765	  1	
136	376	765	  1	
137	195	765	  1	
138	 75	765	  1	
139	180	765	  1	
139	256	765	  1	
140	112	765	  1	
140	171	765	  1	
141	144	765	  1	
142	116	765	  1	
143	  4	765	  1	
144	 59	765	  1	
144	154	765	  1	
144	192	765	  1	
144	206	765	  1	
144	255	765	  1	
144	353	765	  1	
146	 95	765	  1	
146	197	765	  1	
147	117	765	  1	
149	183	765	  1	
149	206	765	  1	
151	150	765	  1	
151	176	765	  1	
151	192	765	  1	
151	200	765	  1	
151	235	765	  1	
152	 11	765	  1	
152	135	765	  1	
152	141	765	  1	
152	160	765	  1	
152	175	765	  1	
152	194	765	  1	
152	276	765	  1	
152	400	765	  1	
152	407	765	  1	
154	114	765	  1	
155	119	765	  1	
155	136	765	  1	
157	168	765	  1	
157	360	765	  1	
158	264	765	  1	
158	288	765	  1	
158	293	765	  1	
159	194	765	  1	
159	275	765	  1	
159	528	765	  1	
159	571	765	  1	
160	102	765	  1	
160	112	765	  1	
160	179	765	  1	
160	250	765	  1	
160	320	765	  1	
160	367	765	  1	
160	435	765	  1	
160	440	765	  1	
160	479	765	  1	
162	175	765	  1	
163	 68	765	  1	
165	112	765	  1	
165	135	765	  1	
167	 15	765	  1	
167	 99	765	  1	
167	175	765	  1	
167	183	765	  1	
167	264	765	  1	
167	367	765	  1	
167	472	765	  1	
168	  0	765	  1	
168	  7	765	  1	
168	 75	765	  1	
168	 80	765	  1	
168	 87	765	  1	
168	154	765	  1	
168	208	765	  1	
168	232	765	  1	
168	240	765	  1	
168	260	765	  1	
168	280	765	  1	
168	296	765	  1	
169	252	765	  1	
170	 88	765	  1	
171	303	765	  1	
172	 86	765	  1	
172	240	765	  1	
173	152	765	  1	
173	159	765	  1	
173	214	765	  1	
174	224	765	  1	
174	230	765	  1	
174	279	765	  1	
175	  3	765	  1	
175	  8	765	  1	
175	 72	765	  1	
175	 79	765	  1	
175	 92	765	  1	
175	296	765	  1	
176	 19	765	  1	
176	 36	765	  1	
176	 80	765	  1	
176	 95	765	  1	
176	150	765	  1	
176	157	765	  1	
176	160	765	  1	
176	176	765	  1	
176	180	765	  1	
176	221	765	  1	
176	304	765	  1	
176	555	765	  1	
176	597	765	  1	
177	360	765	  1	
178	144	765	  1	
178	167	765	  1	
179	 13	765	  1	
179	199	765	  1	
179	248	765	  1	
179	376	765	  1	
180	245	765	  1	
180	249	765	  1	
180	351	765	  1	
182	 92	765	  1	
182	 95	765	  1	
183	 16	765	  1	
183	 23	765	  1	
183	162	765	  1	
183	176	765	  1	
183	365	765	  1	
183	543	765	  1	
184	101	765	  1	
184	112	765	  1	
184	126	765	  1	
184	144	765	  1	
184	168	765	  1	
184	184	765	  1	
184	264	765	  1	
184	368	765	  1	
184	375	765	  1	
184	396	765	  1	
184	408	765	  1	
184	496	765	  1	
186	 85	765	  1	
186	 96	765	  1	
186	152	765	  1	
186	183	765	  1	
186	271	765	  1	
186	510	765	  1	
187	 80	765	  1	
187	352	765	  1	
190	 31	765	  1	
190	102	765	  1	
190	112	765	  1	
190	264	765	  1	
191	120	765	  1	
191	145	765	  1	
191	224	765	  1	
191	371	765	  1	
191	396	765	  1	
192	  0	765	  1	
192	104	765	  1	
192	133	765	  1	
192	176	765	  1	
192	227	765	  1	
192	261	765	  1	
192	327	765	  1	
192	364	765	  1	
195	 64	765	  1	
195	 85	765	  1	
195	218	765	  1	
195	320	765	  1	
195	368	765	  1	
195	375	765	  1	
195	504	765	  1	
196	144	765	  1	
196	312	765	  1	
196	420	765	  1	
197	295	765	  1	
198	355	765	  1	
199	151	765	  1	
199	183	765	  1	
199	224	765	  1	
199	231	765	  1	
199	327	765	  1	
199	507	765	  1	
200	121	765	  1	
200	135	765	  1	
200	174	765	  1	
200	226	765	  1	
200	251	765	  1	
200	376	765	  1	
200	382	765	  1	
200	386	765	  1	
200	392	765	  1	
200	403	765	  1	
200	538	765	  1	
200	560	765	  1	
201	134	765	  1	
202	118	765	  1	
202	307	765	  1	
203	 99	765	  1	
203	128	765	  1	
203	152	765	  1	
203	168	765	  1	
203	364	765	  1	
204	368	765	  1	
205	 11	765	  1	
205	 64	765	  1	
205	 72	765	  1	
205	112	765	  1	
205	198	765	  1	
206	119	765	  1	
206	218	765	  1	
206	345	765	  1	
206	375	765	  1	
206	384	765	  1	
207	 77	765	  1	
207	111	765	  1	
207	322	765	  1	
207	362	765	  1	
207	367	765	  1	
207	400	765	  1	
207	407	765	  1	
208	 86	765	  1	
208	150	765	  1	
208	164	765	  1	
208	371	765	  1	
208	376	765	  1	
208	414	765	  1	
208	430	765	  1	
210	400	765	  1	
211	128	765	  1	
211	184	765	  1	
211	347	765	  1	
211	383	765	  1	
211	408	765	  1	
211	536	765	  1	
213	 66	765	  1	
213	111	765	  1	
213	142	765	  1	
213	520	765	  1	
214	160	765	  1	
214	167	765	  1	
214	406	765	  1	
214	415	765	  1	
214	431	765	  1	
215	 22	765	  1	
215	315	765	  1	
215	368	765	  1	
215	375	765	  1	
216	 86	765	  1	
216	 96	765	  1	
216	246	765	  1	
216	382	765	  1	
216	388	765	  1	
216	395	765	  1	
216	400	765	  1	
216	519	765	  1	
218	474	765	  1	
219	  8	765	  1	
219	200	765	  1	
219	207	765	  1	
220	 80	765	  1	
220	240	765	  1	
221	160	765	  1	
221	167	765	  1	
221	346	765	  1	
221	403	765	  1	
222	 76	765	  1	
223	 19	765	  1	
223	392	765	  1	
223	399	765	  1	
223	472	765	  1	
224	 79	765	  1	
224	103	765	  1	
224	122	765	  1	
224	136	765	  1	
224	158	765	  1	
224	176	765	  1	
224	360	765	  1	
224	439	765	  1	
224	544	765	  1	
224	569	765	  1	
226	 72	765	  1	
226	182	765	  1	
226	240	765	  1	
227	 48	765	  1	
227	 55	765	  1	
227	231	765	  1	
227	367	765	  1	
227	434	765	  1	
227	560	765	  1	
228	247	765	  1	
228	446	765	  1	
229	176	765	  1	
229	416	765	  1	
230	 88	765	  1	
230	144	765	  1	
230	168	765	  1	
230	439	765	  1	
231	 79	765	  1	
231	182	765	  1	
231	360	765	  1	
231	456	765	  1	
231	488	765	  1	
232	 16	765	  1	
232	 31	765	  1	
232	 53	765	  1	
232	 63	765	  1	
232	 70	765	  1	
232	103	765	  1	
232	105	765	  1	
232	115	765	  1	
232	191	765	  1	
232	400	765	  1	
232	431	765	  1	
232	451	765	  1	
234	 98	765	  1	
234	426	765	  1	
235	  0	765	  1	
235	 95	765	  1	
235	312	765	  1	
235	314	765	  1	
235	445	765	  1	
236	226	765	  1	
237	 48	765	  1	
237	152	765	  1	
237	160	765	  1	
237	392	765	  1	
238	 19	765	  1	
238	263	765	  1	
238	431	765	  1	
239	187	765	  1	
239	219	765	  1	
239	318	765	  1	
239	339	765	  1	
239	448	765	  1	
239	455	765	  1	
240	  0	765	  1	
240	  4	765	  1	
240	 16	765	  1	
240	 24	765	  1	
240	 31	765	  1	
240	 82	765	  1	
240	125	765	  1	
240	136	765	  1	
240	173	765	  1	
240	346	765	  1	
240	408	765	  1	
240	416	765	  1	
240	423	765	  1	
240	450	765	  1	
240	552	765	  1	
240	568	765	  1	
240	572	765	  1	
241	399	765	  1	
242	 23	765	  1	
242	359	765	  1	
243	151	765	  1	
243	413	765	  1	
244	419	765	  1	
245	124	765	  1	
246	 45	765	  1	
246	352	765	  1	
247	 27	765	  1	
247	135	765	  1	
247	256	765	  1	
247	392	765	  1	
248	 40	765	  1	
248	 58	765	  1	
248	 66	765	  1	
248	 88	765	  1	
248	168	765	  1	
248	240	765	  1	
248	280	765	  1	
248	287	765	  1	
248	290	765	  1	
248	304	765	  1	
248	308	765	  1	
248	384	765	  1	
248	390	765	  1	
248	403	765	  1	
248	464	765	  1	
248	515	765	  1	
250	400	765	  1	
251	255	765	  1	
252	455	765	  1	
253	 64	765	  1	
253	 71	765	  1	
253	190	765	  1	
253	387	765	  1	
253	408	765	  1	
253	422	765	  1	
253	440	765	  1	
254	 80	765	  1	
254	128	765	  1	
254	240	765	  1	
254	315	765	  1	
254	403	765	  1	
255	232	765	  1	
255	247	765	  1	
255	512	765	  1	
255	519	765	  1	
256	  8	765	  1	
256	 22	765	  1	
256	 94	765	  1	
256	123	765	  1	
256	433	765	  1	
256	439	765	  1	
256	480	765	  1	
256	498	765	  1	
256	504	765	  1	
256	544	765	  1	
256	558	765	  1	
259	128	765	  1	
259	503	765	  1	
259	552	765	  1	
260	 88	765	  1	
260	302	765	  1	
261	144	765	  1	
262	  8	765	  1	
262	 23	765	  1	
262	296	765	  1	
262	541	765	  1	
263	376	765	  1	
263	456	765	  1	
263	498	765	  1	
263	555	765	  1	
264	 55	765	  1	
264	 61	765	  1	
264	 88	765	  1	
264	100	765	  1	
264	104	765	  1	
264	141	765	  1	
264	154	765	  1	
264	232	765	  1	
264	240	765	  1	
264	307	765	  1	
264	397	765	  1	
264	421	765	  1	
264	494	765	  1	
264	536	765	  1	
265	468	765	  1	
266	464	765	  1	
266	519	765	  1	
267	 64	765	  1	
267	160	765	  1	
267	239	765	  1	
267	408	765	  1	
268	209	765	  1	
269	 52	765	  1	
269	 56	765	  1	
269	136	765	  1	
269	152	765	  1	
269	159	765	  1	
269	320	765	  1	
269	367	765	  1	
269	392	765	  1	
269	416	765	  1	
270	492	765	  1	
271	232	765	  1	
271	240	765	  1	
271	304	765	  1	
271	311	765	  1	
271	336	765	  1	
271	427	765	  1	
271	464	765	  1	
271	469	765	  1	
271	543	765	  1	
272	 30	765	  1	
272	 43	765	  1	
272	 48	765	  1	
272	 64	765	  1	
272	143	765	  1	
272	145	765	  1	
272	165	765	  1	
272	192	765	  1	
272	196	765	  1	
272	279	765	  1	
272	384	765	  1	
272	390	765	  1	
272	402	765	  1	
272	439	765	  1	
272	463	765	  1	
272	480	765	  1	
272	504	765	  1	
272	568	765	  1	
273	536	765	  1	
274	156	765	  1	
274	272	765	  1	
274	276	765	  1	
274	400	765	  1	
275	 55	765	  1	
275	194	765	  1	
275	456	765	  1	
276	278	765	  1	
277	 62	765	  1	
277	 80	765	  1	
277	204	765	  1	
277	520	765	  1	
278	152	765	  1	
279	 48	765	  1	
279	196	765	  1	
279	275	765	  1	
279	312	765	  1	
279	434	765	  1	
279	463	765	  1	
279	591	765	  1	
280	  6	765	  1	
280	 19	765	  1	
280	128	765	  1	
280	141	765	  1	
280	169	765	  1	
280	221	765	  1	
280	247	765	  1	
280	255	765	  1	
280	286	765	  1	
280	294	765	  1	
280	299	765	  1	
280	384	765	  1	
280	495	765	  1	
280	535	765	  1	
281	152	765	  1	
282	  0	765	  1	
282	216	765	  1	
282	312	765	  1	
282	388	765	  1	
283	 55	765	  1	
283	304	765	  1	
283	376	765	  1	
283	408	765	  1	
285	118	765	  1	
285	224	765	  1	
285	443	765	  1	
285	542	765	  1	
286	 80	765	  1	
287	 48	765	  1	
287	 61	765	  1	
287	176	765	  1	
287	240	765	  1	
287	315	765	  1	
287	384	765	  1	
288	 72	765	  1	
288	 88	765	  1	
288	120	765	  1	
288	160	765	  1	
288	192	765	  1	
288	230	765	  1	
288	248	765	  1	
288	306	765	  1	
288	311	765	  1	
288	341	765	  1	
288	391	765	  1	
288	424	765	  1	
288	431	765	  1	
288	439	765	  1	
288	549	765	  1	
290	  8	765	  1	
290	128	765	  1	
290	301	765	  1	
290	436	765	  1	
291	296	765	  1	
291	427	765	  1	
291	437	765	  1	
292	328	765	  1	
292	439	765	  1	
292	575	765	  1	
293	104	765	  1	
293	291	765	  1	
293	407	765	  1	
294	134	765	  1	
294	196	765	  1	
294	306	765	  1	
295	251	765	  1	
295	311	765	  1	
295	384	765	  1	
295	391	765	  1	
295	434	765	  1	
296	  0	765	  1	
296	  7	765	  1	
296	 11	765	  1	
296	 47	765	  1	
296	 80	765	  1	
296	 95	765	  1	
296	112	765	  1	
296	204	765	  1	
296	312	765	  1	
296	344	765	  1	
296	375	765	  1	
296	472	765	  1	
296	572	765	  1	
297	434	765	  1	
298	176	765	  1	
298	416	765	  1	
298	463	765	  1	
299	103	765	  1	
299	167	765	  1	
299	296	765	  1	
299	479	765	  1	
301	 42	765	  1	
301	198	765	  1	
301	288	765	  1	
302	160	765	  1	
302	320	765	  1	
303	 15	765	  1	
303	176	765	  1	
303	304	765	  1	
303	472	765	  1	
304	 32	765	  1	
304	 39	765	  1	
304	 67	765	  1	
304	 78	765	  1	
304	247	765	  1	
304	325	765	  1	
304	341	765	  1	
304	388	765	  1	
304	400	765	  1	
306	448	765	  1	
307	 56	765	  1	
307	120	765	  1	
307	127	765	  1	
307	152	765	  1	
307	191	765	  1	
307	304	765	  1	
307	384	765	  1	
308	254	765	  1	
308	344	765	  1	
309	406	765	  1	
309	480	765	  1	
310	 53	765	  1	
310	133	765	  1	
310	171	765	  1	
310	216	765	  1	
310	223	765	  1	
310	419	765	  1	
311	 35	765	  1	
311	338	765	  1	
311	351	765	  1	
311	455	765	  1	
312	 40	765	  1	
312	 64	765	  1	
312	 70	765	  1	
312	 78	765	  1	
312	 83	765	  1	
312	136	765	  1	
312	160	765	  1	
312	187	765	  1	
312	212	765	  1	
312	238	765	  1	
312	243	765	  1	
312	256	765	  1	
312	305	765	  1	
312	410	765	  1	
314	232	765	  1	
314	472	765	  1	
315	144	765	  1	
315	320	765	  1	
315	336	765	  1	
316	415	765	  1	
317	 75	765	  1	
317	200	765	  1	
317	207	765	  1	
317	210	765	  1	
317	238	765	  1	
317	327	765	  1	
318	162	765	  1	
318	190	765	  1	
318	247	765	  1	
318	274	765	  1	
318	408	765	  1	
319	216	765	  1	
319	320	765	  1	
319	432	765	  1	
320	  4	765	  1	
320	 72	765	  1	
320	 79	765	  1	
320	 96	765	  1	
320	114	765	  1	
320	119	765	  1	
320	309	765	  1	
320	326	765	  1	
320	390	765	  1	
320	400	765	  1	
320	407	765	  1	
320	416	765	  1	
320	591	765	  1	
321	 56	765	  1	
321	398	765	  1	
322	384	765	  1	
325	168	765	  1	
325	254	765	  1	
325	288	765	  1	
325	392	765	  1	
325	480	765	  1	
326	296	765	  1	
326	324	765	  1	
326	389	765	  1	
327	416	765	  1	
327	455	765	  1	
328	 10	765	  1	
328	 96	765	  1	
328	102	765	  1	
328	112	765	  1	
328	125	765	  1	
328	136	765	  1	
328	147	765	  1	
328	158	765	  1	
328	166	765	  1	
328	184	765	  1	
328	200	765	  1	
328	264	765	  1	
328	271	765	  1	
328	277	765	  1	
328	355	765	  1	
328	391	765	  1	
328	399	765	  1	
328	410	765	  1	
328	520	765	  1	
330	 55	765	  1	
330	272	765	  1	
330	367	765	  1	
331	455	765	  1	
332	118	765	  1	
332	448	765	  1	
333	 15	765	  1	
333	 99	765	  1	
333	163	765	  1	
333	216	765	  1	
333	227	765	  1	
333	440	765	  1	
334	278	765	  1	
334	352	765	  1	
334	413	765	  1	
335	200	765	  1	
335	240	765	  1	
335	264	765	  1	
335	271	765	  1	
335	357	765	  1	
335	363	765	  1	
335	395	765	  1	
335	459	765	  1	
336	  6	765	  1	
336	 16	765	  1	
336	 20	765	  1	
336	 82	765	  1	
336	 86	765	  1	
336	119	765	  1	
336	136	765	  1	
336	208	765	  1	
336	214	765	  1	
336	231	765	  1	
336	248	765	  1	
336	257	765	  1	
336	272	765	  1	
336	312	765	  1	
336	320	765	  1	
336	406	765	  1	
336	414	765	  1	
338	 99	765	  1	
338	111	765	  1	
339	 87	765	  1	
339	224	765	  1	
339	294	765	  1	
339	327	765	  1	
339	389	765	  1	
339	401	765	  1	
341	211	765	  1	
341	254	765	  1	
342	 53	765	  1	
343	119	765	  1	
343	204	765	  1	
343	231	765	  1	
343	240	765	  1	
343	320	765	  1	
343	488	765	  1	
344	  5	765	  1	
344	 16	765	  1	
344	 40	765	  1	
344	128	765	  1	
344	136	765	  1	
344	149	765	  1	
344	176	765	  1	
344	216	765	  1	
344	292	765	  1	
344	310	765	  1	
344	322	765	  1	
344	332	765	  1	
344	365	765	  1	
344	398	765	  1	
344	424	765	  1	
345	288	765	  1	
346	 85	765	  1	
347	142	765	  1	
347	215	765	  1	
348	360	765	  1	
349	268	765	  1	
349	293	765	  1	
349	320	765	  1	
349	327	765	  1	
349	344	765	  1	
349	357	765	  1	
349	397	765	  1	
350	210	765	  1	
350	311	765	  1	
350	408	765	  1	
351	128	765	  1	
351	200	765	  1	
351	392	765	  1	
351	424	765	  1	
352	 16	765	  1	
352	 35	765	  1	
352	 46	765	  1	
352	 59	765	  1	
352	 96	765	  1	
352	127	765	  1	
352	136	765	  1	
352	143	765	  1	
352	160	765	  1	
352	166	765	  1	
352	184	765	  1	
352	192	765	  1	
352	232	765	  1	
352	240	765	  1	
352	288	765	  1	
352	368	765	  1	
352	398	765	  1	
352	412	765	  1	
352	420	765	  1	
352	427	765	  1	
352	435	765	  1	
352	528	765	  1	
352	532	765	  1	
353	 24	765	  1	
353	111	765	  1	
354	238	765	  1	
354	242	765	  1	
354	319	765	  1	
355	 42	765	  1	
355	139	765	  1	
355	151	765	  1	
355	206	765	  1	
355	374	765	  1	
355	461	765	  1	
355	493	765	  1	
356	120	765	  1	
356	255	765	  1	
356	279	765	  1	
356	373	765	  1	
357	 80	765	  1	
357	 87	765	  1	
357	294	765	  1	
357	395	765	  1	
357	408	765	  1	
358	 16	765	  1	
358	 38	765	  1	
358	357	765	  1	
358	376	765	  1	
359	 46	765	  1	
359	 56	765	  1	
359	 63	765	  1	
359	136	765	  1	
359	143	765	  1	
359	168	765	  1	
359	200	765	  1	
359	232	765	  1	
359	429	765	  1	
359	439	765	  1	
359	568	765	  1	
360	  0	765	  1	
360	 59	765	  1	
360	 69	765	  1	
360	123	765	  1	
360	147	765	  1	
360	153	765	  1	
360	158	765	  1	
360	247	765	  1	
360	315	765	  1	
360	325	765	  1	
360	336	765	  1	
360	342	765	  1	
360	472	765	  1	
362	216	765	  1	
362	278	765	  1	
362	335	765	  1	
362	416	765	  1	
362	440	765	  1	
362	528	765	  1	
362	591	765	  1	
363	176	765	  1	
363	245	765	  1	
363	378	765	  1	
363	408	765	  1	
364	 64	765	  1	
364	336	765	  1	
365	 55	765	  1	
365	 69	765	  1	
365	136	765	  1	
365	232	765	  1	
365	264	765	  1	
365	299	765	  1	
365	319	765	  1	
365	324	765	  1	
365	329	765	  1	
365	390	765	  1	
365	423	765	  1	
365	456	765	  1	
365	599	765	  1	
366	411	765	  1	
366	424	765	  1	
367	240	765	  1	
367	416	765	  1	
368	 31	765	  1	
368	 37	765	  1	
368	 96	765	  1	
368	156	765	  1	
368	162	765	  1	
368	189	765	  1	
368	234	765	  1	
368	255	765	  1	
368	285	765	  1	
368	355	765	  1	
368	387	765	  1	
368	394	765	  1	
368	482	765	  1	
368	512	765	  1	
369	 80	765	  1	
369	 85	765	  1	
370	147	765	  1	
370	241	765	  1	
370	340	765	  1	
371	112	765	  1	
373	 40	765	  1	
373	160	765	  1	
373	167	765	  1	
373	312	765	  1	
374	 88	765	  1	
374	240	765	  1	
374	259	765	  1	
374	266	765	  1	
374	351	765	  1	
375	 19	765	  1	
375	103	765	  1	
375	244	765	  1	
375	251	765	  1	
375	328	765	  1	
375	359	765	  1	
375	392	765	  1	
375	399	765	  1	
375	427	765	  1	
375	432	765	  1	
376	 32	765	  1	
376	 64	765	  1	
376	 73	765	  1	
376	 80	765	  1	
376	 86	765	  1	
376	110	765	  1	
376	117	765	  1	
376	176	765	  1	
376	181	765	  1	
376	212	765	  1	
376	381	765	  1	
376	384	765	  1	
376	400	765	  1	
376	424	765	  1	
376	429	765	  1	
376	440	765	  1	
376	455	765	  1	
376	459	765	  1	
376	528	765	  1	
378	 17	765	  1	
378	 38	765	  1	
378	106	765	  1	
379	 30	765	  1	
379	320	765	  1	
379	382	765	  1	
380	189	765	  1	
381	119	765	  1	
381	158	765	  1	
381	344	765	  1	
381	390	765	  1	
382	 32	765	  1	
382	112	765	  1	
382	176	765	  1	
383	184	765	  1	
383	378	765	  1	
383	455	765	  1	
383	463	765	  1	
383	559	765	  1	
383	599	765	  1	
384	 16	765	  1	
384	 20	765	  1	
384	 98	765	  1	
384	130	765	  1	
384	136	765	  1	
384	151	765	  1	
384	182	765	  1	
384	197	765	  1	
384	269	765	  1	
384	326	765	  1	
384	360	765	  1	
384	413	765	  1	
384	426	765	  1	
384	438	765	  1	
384	479	765	  1	
384	488	765	  1	
384	500	765	  1	
384	552	765	  1	
386	 28	765	  1	
386	128	765	  1	
386	192	765	  1	
386	408	765	  1	
386	494	765	  1	
387	119	765	  1	
387	144	765	  1	
387	264	765	  1	
387	432	765	  1	
387	484	765	  1	
389	  4	765	  1	
389	 48	765	  1	
389	 67	765	  1	
389	 77	765	  1	
389	 84	765	  1	
390	 20	765	  1	
390	131	765	  1	
390	414	765	  1	
391	151	765	  1	
391	192	765	  1	
392	 30	765	  1	
392	 45	765	  1	
392	 64	765	  1	
392	120	765	  1	
392	147	765	  1	
392	168	765	  1	
392	281	765	  1	
392	312	765	  1	
392	352	765	  1	
392	387	765	  1	
392	408	765	  1	
392	487	765	  1	
393	239	765	  1	
394	 16	765	  1	
394	159	765	  1	
394	222	765	  1	
394	292	765	  1	
395	145	765	  1	
395	415	765	  1	
395	480	765	  1	
396	202	765	  1	
397	  0	765	  1	
397	 70	765	  1	
398	 80	765	  1	
398	347	765	  1	
398	357	765	  1	
399	159	765	  1	
399	312	765	  1	
399	408	765	  1	
399	487	765	  1	
400	 36	765	  1	
400	 93	765	  1	
400	112	765	  1	
400	136	765	  1	
400	177	765	  1	
400	184	765	  1	
400	224	765	  1	
400	304	765	  1	
400	309	765	  1	
400	418	765	  1	
400	472	765	  1	
400	479	765	  1	
400	512	765	  1	
401	239	765	  1	
402	 24	765	  1	
402	194	765	  1	
402	282	765	  1	
403	102	765	  1	
403	382	765	  1	
403	391	765	  1	
403	439	765	  1	
403	559	765	  1	
404	232	765	  1	
404	334	765	  1	
405	160	765	  1	
405	213	765	  1	
405	220	765	  1	
405	227	765	  1	
406	116	765	  1	
407	239	765	  1	
407	475	765	  1	
408	 64	765	  1	
408	 71	765	  1	
408	 86	765	  1	
408	111	765	  1	
408	129	765	  1	
408	151	765	  1	
408	181	765	  1	
408	192	765	  1	
408	224	765	  1	
408	320	765	  1	
408	372	765	  1	
408	392	765	  1	
408	399	765	  1	
408	456	765	  1	
408	463	765	  1	
409	 80	765	  1	
410	 96	765	  1	
410	163	765	  1	
410	427	765	  1	
411	 39	765	  1	
411	 72	765	  1	
412	230	765	  1	
413	144	765	  1	
413	176	765	  1	
413	375	765	  1	
414	 88	765	  1	
414	288	765	  1	
414	295	765	  1	
414	344	765	  1	
414	351	765	  1	
415	 67	765	  1	
415	143	765	  1	
415	200	765	  1	
415	207	765	  1	
415	395	765	  1	
415	459	765	  1	
416	 37	765	  1	
416	 59	765	  1	
416	 74	765	  1	
416	 99	765	  1	
416	158	765	  1	
416	199	765	  1	
416	230	765	  1	
416	233	765	  1	
416	296	765	  1	
416	418	765	  1	
416	451	765	  1	
416	469	765	  1	
417	 28	765	  1	
417	152	765	  1	
418	126	765	  1	
419	 32	765	  1	
419	224	765	  1	
420	104	765	  1	
420	215	765	  1	
420	424	765	  1	
421	431	765	  1	
422	 55	765	  1	
422	 70	765	  1	
422	116	765	  1	
422	192	765	  1	
422	232	765	  1	
423	 89	765	  1	
423	296	765	  1	
423	327	765	  1	
423	335	765	  1	
424	 35	765	  1	
424	 80	765	  1	
424	 84	765	  1	
424	 88	765	  1	
424	 98	765	  1	
424	117	765	  1	
424	128	765	  1	
424	134	765	  1	
424	168	765	  1	
424	187	765	  1	
424	219	765	  1	
424	285	765	  1	
424	379	765	  1	
424	425	765	  1	
426	192	765	  1	
427	312	765	  1	
427	358	765	  1	
429	 28	765	  1	
429	112	765	  1	
429	133	765	  1	
429	319	765	  1	
430	  0	765	  1	
430	247	765	  1	
430	427	765	  1	
431	 39	765	  1	
431	 71	765	  1	
431	103	765	  1	
431	168	765	  1	
431	400	765	  1	
432	 36	765	  1	
432	 51	765	  1	
432	 69	765	  1	
432	122	765	  1	
432	134	765	  1	
432	136	765	  1	
432	146	765	  1	
432	152	765	  1	
432	200	765	  1	
432	207	765	  1	
432	270	765	  1	
432	344	765	  1	
432	351	765	  1	
432	535	765	  1	
433	394	765	  1	
434	126	765	  1	
435	227	765	  1	
435	528	765	  1	
437	  0	765	  1	
437	 39	765	  1	
437	 86	765	  1	
437	122	765	  1	
437	264	765	  1	
437	399	765	  1	
439	 29	765	  1	
439	152	765	  1	
439	207	765	  1	
439	368	765	  1	
439	444	765	  1	
439	535	765	  1	
440	 61	765	  1	
440	190	765	  1	
440	239	765	  1	
440	248	765	  1	
440	261	765	  1	
440	386	765	  1	
440	456	765	  1	
442	 19	765	  1	
442	 36	765	  1	
442	 72	765	  1	
442	184	765	  1	
442	224	765	  1	
442	291	765	  1	
443	237	765	  1	
444	 56	765	  1	
444	112	765	  1	
445	142	765	  1	
445	258	765	  1	
446	 78	765	  1	
446	248	765	  1	
446	402	765	  1	
447	 36	765	  1	
447	263	765	  1	
448	 19	765	  1	
448	 59	765	  1	
448	131	765	  1	
448	144	765	  1	
448	160	765	  1	
448	176	765	  1	
448	183	765	  1	
448	191	765	  1	
448	208	765	  1	
448	237	765	  1	
448	264	765	  1	
448	408	765	  1	
448	414	765	  1	
450	 11	765	  1	
450	 40	765	  1	
450	 84	765	  1	
450	120	765	  1	
450	384	765	  1	
450	397	765	  1	
450	535	765	  1	
452	 45	765	  1	
452	 59	765	  1	
452	104	765	  1	
452	127	765	  1	
453	 27	765	  1	
455	 80	765	  1	
455	131	765	  1	
456	 44	765	  1	
456	 87	765	  1	
456	165	765	  1	
456	179	765	  1	
456	200	765	  1	
456	352	765	  1	
456	543	765	  1	
456	576	765	  1	
457	 40	765	  1	
457	136	765	  1	
458	160	765	  1	
458	196	765	  1	
459	  0	765	  1	
459	 59	765	  1	
460	 47	765	  1	
460	 72	765	  1	
460	 82	765	  1	
460	112	765	  1	
461	 30	765	  1	
462	 23	765	  1	
462	119	765	  1	
462	143	765	  1	
463	 41	765	  1	
463	 56	765	  1	
464	 50	765	  1	
464	 64	765	  1	
464	 88	765	  1	
464	128	765	  1	
464	188	765	  1	
464	192	765	  1	
464	208	765	  1	
464	355	765	  1	
464	400	765	  1	
464	415	765	  1	
467	153	765	  1	
467	162	765	  1	
468	 38	765	  1	
469	 48	765	  1	
469	 55	765	  1	
469	134	765	  1	
469	171	765	  1	
470	310	765	  1	
471	 71	765	  1	
471	 74	765	  1	
471	160	765	  1	
471	400	765	  1	
471	512	765	  1	
471	563	765	  1	
472	 80	765	  1	
472	 86	765	  1	
472	115	765	  1	
472	120	765	  1	
472	148	765	  1	
472	222	765	  1	
472	344	765	  1	
472	351	765	  1	
473	 75	765	  1	
473	 93	765	  1	
475	107	765	  1	
475	136	765	  1	
476	 82	765	  1	
477	155	765	  1	
478	 24	765	  1	
478	 66	765	  1	
478	115	765	  1	
478	280	765	  1	
479	104	765	  1	
479	200	765	  1	
479	207	765	  1	
479	334	765	  1	
480	  8	765	  1	
480	178	765	  1	
480	343	765	  1	
480	399	765	  1	
480	451	765	  1	
482	310	765	  1	
483	 32	765	  1	
483	168	765	  1	
483	200	765	  1	
483	264	765	  1	
484	 80	765	  1	
484	136	765	  1	
484	158	765	  1	
485	120	765	  1	
485	192	765	  1	
485	560	765	  1	
486	143	765	  1	
486	152	765	  1	
486	211	765	  1	
487	176	765	  1	
487	207	765	  1	
487	310	765	  1	
488	 31	765	  1	
488	 36	765	  1	
488	 71	765	  1	
488	104	765	  1	
488	259	765	  1	
490	 87	765	  1	
490	128	765	  1	
491	130	765	  1	
491	160	765	  1	
492	114	765	  1	
492	176	765	  1	
493	 16	765	  1	
493	 39	765	  1	
493	 51	765	  1	
493	 78	765	  1	
494	 82	765	  1	
494	272	765	  1	
495	 30	765	  1	
495	 66	765	  1	
495	256	765	  1	
495	263	765	  1	
496	 72	765	  1	
496	103	765	  1	
496	112	765	  1	
496	151	765	  1	
496	155	765	  1	
496	240	765	  1	
496	247	765	  1	
496	335	765	  1	
496	343	765	  1	
496	408	765	  1	
496	416	765	  1	
497	239	765	  1	
498	 96	765	  1	
499	296	765	  1	
500	 24	765	  1	
501	118	765	  1	
501	158	765	  1	
502	 31	765	  1	
502	120	765	  1	
502	127	765	  1	
502	136	765	  1	
503	103	765	  1	
503	216	765	  1	
503	312	765	  1	
503	415	765	  1	
504	  0	765	  1	
504	 54	765	  1	
504	 62	765	  1	
504	 93	765	  1	
504	112	765	  1	
504	165	765	  1	
504	250	765	  1	
504	296	765	  1	
504	327	765	  1	
504	360	765	  1	
504	410	765	  1	
505	107	765	  1	
506	 48	765	  1	
506	 79	765	  1	
506	146	765	  1	
506	352	765	  1	
507	320	765	  1	
508	424	765	  1	
509	  6	765	  1	
509	 59	765	  1	
509	156	765	  1	
509	160	765	  1	
509	184	765	  1	
509	200	765	  1	
511	 52	765	  1	
511	151	765	  1	
511	248	765	  1	
511	264	765	  1	
511	327	765	  1	
512	  0	765	  1	
512	104	765	  1	
512	111	765	  1	
512	146	765	  1	
512	170	765	  1	
512	175	765	  1	
512	183	765	  1	
512	199	765	  1	
512	212	765	  1	
512	339	765	  1	
512	349	765	  1	
512	392	765	  1	
515	 66	765	  1	
515	118	765	  1	
516	136	765	  1	
516	208	765	  1	
517	  4	765	  1	
517	184	765	  1	
517	328	765	  1	
517	344	765	  1	
517	360	765	  1	
518	211	765	  1	
518	224	765	  1	
519	 13	765	  1	
519	 79	765	  1	
519	140	765	  1	
519	192	765	  1	
519	199	765	  1	
519	336	765	  1	
520	 40	765	  1	
520	 55	765	  1	
520	 63	765	  1	
520	120	765	  1	
520	132	765	  1	
520	312	765	  1	
520	408	765	  1	
521	144	765	  1	
522	 94	765	  1	
522	216	765	  1	
522	231	765	  1	
523	104	765	  1	
523	306	765	  1	
525	 58	765	  1	
525	 96	765	  1	
525	111	765	  1	
525	168	765	  1	
525	191	765	  1	
525	319	765	  1	
526	 40	765	  1	
526	419	765	  1	
527	  0	765	  1	
527	 88	765	  1	
527	224	765	  1	
528	 23	765	  1	
528	 26	765	  1	
528	104	765	  1	
528	135	765	  1	
528	144	765	  1	
528	151	765	  1	
528	215	765	  1	
528	238	765	  1	
528	254	765	  1	
528	268	765	  1	
528	315	765	  1	
530	 24	765	  1	
530	 44	765	  1	
531	 31	765	  1	
531	 96	765	  1	
531	277	765	  1	
531	296	765	  1	
531	304	765	  1	
532	 55	765	  1	
532	271	765	  1	
533	110	765	  1	
533	376	765	  1	
533	383	765	  1	
534	 46	765	  1	
534	 50	765	  1	
535	 40	765	  1	
535	 80	765	  1	
535	 93	765	  1	
535	115	765	  1	
535	147	765	  1	
535	254	765	  1	
535	312	765	  1	
535	319	765	  1	
535	347	765	  1	
536	130	765	  1	
536	166	765	  1	
536	176	765	  1	
536	190	765	  1	
536	199	765	  1	
536	248	765	  1	
536	272	765	  1	
536	307	765	  1	
536	328	765	  1	
537	 64	765	  1	
538	160	765	  1	
538	254	765	  1	
539	 85	765	  1	
539	 96	765	  1	
540	 80	765	  1	
541	110	765	  1	
541	151	765	  1	
541	296	765	  1	
542	218	765	  1	
542	248	765	  1	
542	276	765	  1	
542	333	765	  1	
542	375	765	  1	
543	 70	765	  1	
543	164	765	  1	
543	487	765	  1	
543	496	765	  1	
544	  8	765	  1	
544	107	765	  1	
544	114	765	  1	
544	168	765	  1	
544	174	765	  1	
544	208	765	  1	
544	320	765	  1	
544	327	765	  1	
544	382	765	  1	
546	 96	765	  1	
546	420	765	  1	
547	133	765	  1	
547	152	765	  1	
547	184	765	  1	
547	191	765	  1	
547	206	765	  1	
547	238	765	  1	
549	171	765	  1	
550	 15	765	  1	
550	143	765	  1	
550	211	765	  1	
550	232	765	  1	
551	 96	765	  1	
551	187	765	  1	
551	219	765	  1	
551	264	765	  1	
552	 67	765	  1	
552	104	765	  1	
552	149	765	  1	
552	159	765	  1	
552	164	765	  1	
552	175	765	  1	
552	221	765	  1	
554	 56	765	  1	
554	170	765	  1	
554	288	765	  1	
555	 71	765	  1	
555	112	765	  1	
555	254	765	  1	
555	272	765	  1	
557	  8	765	  1	
557	144	765	  1	
558	118	765	  1	
558	180	765	  1	
558	222	765	  1	
558	303	765	  1	
559	155	765	  1	
559	288	765	  1	
559	428	765	  1	
560	  3	765	  1	
560	 67	765	  1	
560	240	765	  1	
560	255	765	  1	
560	280	765	  1	
560	324	765	  1	
560	328	765	  1	
560	335	765	  1	
561	204	765	  1	
563	347	765	  1	
563	447	765	  1	
564	  0	765	  1	
564	240	765	  1	
564	300	765	  1	
564	408	765	  1	
565	112	765	  1	
565	180	765	  1	
566	382	765	  1	
567	  7	765	  1	
567	 71	765	  1	
567	160	765	  1	
567	320	765	  1	
567	331	765	  1	
568	 10	765	  1	
568	 19	765	  1	
568	 64	765	  1	
568	 88	765	  1	
568	 95	765	  1	
568	134	765	  1	
568	168	765	  1	
568	240	765	  1	
568	307	765	  1	
568	317	765	  1	
568	328	765	  1	
568	336	765	  1	
568	343	765	  1	
568	404	765	  1	
570	200	765	  1	
571	 16	765	  1	
571	 23	765	  1	
571	120	765	  1	
572	375	765	  1	
574	387	765	  1	
574	402	765	  1	
575	 19	765	  1	
575	 67	765	  1	
575	 91	765	  1	
575	304	765	  1	
575	311	765	  1	
575	339	765	  1	
576	 51	765	  1	
576	109	765	  1	
576	211	765	  1	
576	223	765	  1	
576	240	765	  1	
576	278	765	  1	
576	283	765	  1	
579	247	765	  1	
581	 96	765	  1	
581	215	765	  1	
581	280	765	  1	
582	155	765	  1	
582	276	765	  1	
582	469	765	  1	
583	240	765	  1	
584	 93	765	  1	
584	186	765	  1	
584	195	765	  1	
584	294	765	  1	
584	300	765	  1	
584	328	765	  1	
584	384	765	  1	
586	111	765	  1	
587	 88	765	  1	
587	150	765	  1	
587	288	765	  1	
587	319	765	  1	
587	352	765	  1	
587	391	765	  1	
589	 72	765	  1	
589	 79	765	  1	
589	136	765	  1	
590	194	765	  1	
590	309	765	  1	
590	331	765	  1	
591	384	765	  1	
592	 90	765	  1	
592	111	765	  1	
592	208	765	  1	
592	224	765	  1	
592	230	765	  1	
592	266	765	  1	
592	276	765	  1	
592	295	765	  1	
592	311	765	  1	
592	344	765	  1	
594	282	765	  1	
594	563	765	  1	
595	 56	765	  1	
595	 96	765	  1	
596	106	765	  1	
597	239	765	  1	
597	304	765	  1	
598	280	765	  1	
598	344	765	  1	
599	407	765	  1	
600	 63	765	  1	
600	103	765	  1	
600	207	765	  1	
600	215	765	  1	
600	239	765	  1	
600	263	765	  1	
600	278	765	  1	
600	316	765	  1	
601	256	765	  1	
603	156	765	  1	
603	312	765	  1	
604	275	765	  1	
605	 71	765	  1	
606	198	765	  1	
606	250	765	  1	
606	260	765	  1	
606	285	765	  1	
606	394	765	  1	
607	239	765	  1	
608	 79	765	  1	
608	248	765	  1	
608	272	765	  1	
608	279	765	  1	
608	323	765	  1	
608	466	765	  1	
610	215	765	  1	
610	269	765	  1	
611	123	765	  1	
611	136	765	  1	
611	264	765	  1	
613	273	765	  1	
613	283	765	  1	
614	 79	765	  1	
614	143	765	  1	
614	256	765	  1	
614	296	765	  1	
616	200	765	  1	
616	240	765	  1	
616	259	765	  1	
616	308	765	  1	
616	312	765	  1	
618	280	765	  1	
618	287	765	  1	
619	247	765	  1	
621	 83	765	  1	
621	311	765	  1	
621	318	765	  1	
622	279	765	  1	
623	200	765	  1	
624	 52	765	  1	
624	 68	765	  1	
624	 80	765	  1	
624	143	765	  1	
624	342	765	  1	
626	119	765	  1	
629	112	765	  1	
629	212	765	  1	
629	392	765	  1	
630	352	765	  1	
631	135	765	  1	
631	260	765	  1	
632	 71	765	  1	
632	344	765	  1	
632	375	765	  1	
634	391	765	  1	
635	 51	765	  1	
635	296	765	  1	
636	 87	765	  1	
637	382	765	  1	
639	 48	765	  1	
640	107	765	  1	
640	295	765	  1	
641	359	765	  1	
645	352	765	  1	
646	216	765	  1	
647	 66	765	  1	
647	 74	765	  1	
647	395	765	  1	
648	144	765	  1	
648	151	765	  1	
648	348	765	  1	
650	133	765	  1	
651	108	765	  1	
652	179	765	  1	
652	323	765	  1	
652	350	765	  1	
653	152	765	  1	
654	344	765	  1	
655	147	765	  1	
656	355	765	  1	
662	 68	765	  1	
662	347	765	  1	
662	356	765	  1	
663	 73	765	  1	
663	402	765	  1	
668	495	765	  1	
671	202	765	  1	
671	365	765	  1	
680	135	765	  1	
684	107	765	  1	
687	128	765	  1	
690	136	765	  1	
692	 63	765	  1	
695	244	765	  1	
696	165	765	  1	
703	170	765	  1	
703	191	765	  1	
708	151	765	  1	
728	512	765	  1	
733	391	765	  1	
736	  7	765	  1	
744	306	765	  1	
767	 72	765	  1	
771	262	765	  1	
774	122	765	  1	
797	151	765	  1	
797	157	765	  1	
798	152	765	  1	
