# 
#  Image file: Goad1_T0175.jpg
#  Applied threshold: 575
#  Algorithm used: fill2                 
#  Particle count: 1842
#  Location (x,y), max luminance, and mass:
# 
  0	355	765	  1	
  3	191	765	  1	
  3	427	765	  1	
  7	192	765	  1	
  7	360	765	  1	
  8	127	765	  1	
  8	257	765	  1	
  8	369	765	  1	
  8	375	765	  1	
 12	311	765	  1	
 15	305	765	  1	
 32	213	765	  1	
 37	107	765	  1	
 40	 96	765	  1	
 40	435	765	  1	
 47	 96	765	  1	
 48	304	765	  1	
 48	348	765	  1	
 56	 98	765	  1	
 56	104	765	  1	
 66	245	765	  1	
 71	548	765	  1	
 74	 67	765	  1	
 74	362	765	  1	
 76	112	765	  1	
 76	195	765	  1	
 76	525	765	  1	
 79	199	765	  1	
 80	216	765	  1	
 80	568	765	  1	
 84	124	765	  1	
 86	287	765	  1	
 87	359	765	  1	
 88	173	765	  1	
 92	155	765	  1	
 92	415	765	  1	
 93	325	765	  1	
 94	324	765	  1	
 95	172	765	  1	
 95	376	765	  1	
 95	397	765	  1	
 96	223	765	  1	
 96	304	765	  1	
100	184	765	  1	
101	167	765	  1	
103	189	765	  1	
103	216	765	  1	
103	243	765	  1	
103	599	765	  1	
104	131	765	  1	
104	163	765	  1	
104	200	765	  1	
104	280	765	  1	
104	344	765	  1	
107	192	765	  1	
107	281	765	  1	
108	280	765	  1	
108	520	765	  1	
110	403	765	  1	
111	 23	765	  1	
111	160	765	  1	
111	167	765	  1	
111	281	765	  1	
112	305	765	  1	
112	376	765	  1	
112	418	765	  1	
114	383	765	  1	
115	146	765	  1	
116	311	765	  1	
119	269	765	  1	
119	368	765	  1	
119	464	765	  1	
119	535	765	  1	
120	301	765	  1	
120	441	765	  1	
123	296	765	  1	
124	 11	765	  1	
127	  7	765	  1	
127	136	765	  1	
127	144	765	  1	
128	183	765	  1	
128	224	765	  1	
128	239	765	  1	
128	416	765	  1	
129	176	765	  1	
130	136	765	  1	
132	227	765	  1	
134	360	765	  1	
135	180	765	  1	
136	 72	765	  1	
136	 80	765	  1	
136	 96	765	  1	
136	110	765	  1	
136	120	765	  1	
136	256	765	  1	
137	125	765	  1	
139	128	765	  1	
140	104	765	  1	
140	168	765	  1	
141	111	765	  1	
141	187	765	  1	
142	 92	765	  1	
142	175	765	  1	
142	231	765	  1	
143	415	765	  1	
144	 66	765	  1	
144	 71	765	  1	
144	128	765	  1	
144	168	765	  1	
144	276	765	  1	
144	370	765	  1	
144	392	765	  1	
144	431	765	  1	
145	368	765	  1	
147	190	765	  1	
147	195	765	  1	
147	207	765	  1	
150	248	765	  1	
150	256	765	  1	
151	171	765	  1	
151	184	765	  1	
151	296	765	  1	
151	392	765	  1	
152	160	765	  1	
152	176	765	  1	
152	215	765	  1	
152	224	765	  1	
152	258	765	  1	
152	307	765	  1	
152	471	765	  1	
152	487	765	  1	
154	151	765	  1	
155	 59	765	  1	
155	167	765	  1	
155	208	765	  1	
157	184	765	  1	
157	279	765	  1	
158	224	765	  1	
158	344	765	  1	
159	 72	765	  1	
159	 86	765	  1	
159	160	765	  1	
159	215	765	  1	
159	248	765	  1	
159	307	765	  1	
159	492	765	  1	
160	 63	765	  1	
160	 71	765	  1	
160	104	765	  1	
160	111	765	  1	
160	128	765	  1	
160	151	765	  1	
160	184	765	  1	
160	261	765	  1	
160	312	765	  1	
160	319	765	  1	
160	432	765	  1	
160	487	765	  1	
160	512	765	  1	
162	191	765	  1	
162	256	765	  1	
163	320	765	  1	
164	  0	765	  1	
165	375	765	  1	
166	 63	765	  1	
166	262	765	  1	
167	  8	765	  1	
167	 67	765	  1	
167	 88	765	  1	
167	107	765	  1	
167	144	765	  1	
167	183	765	  1	
167	315	765	  1	
167	512	765	  1	
168	 31	765	  1	
168	106	765	  1	
168	121	765	  1	
168	165	765	  1	
168	264	765	  1	
168	267	765	  1	
168	479	765	  1	
170	311	765	  1	
170	416	765	  1	
170	559	765	  1	
171	316	765	  1	
171	358	765	  1	
172	160	765	  1	
174	123	765	  1	
175	112	765	  1	
175	367	765	  1	
175	403	765	  1	
175	448	765	  1	
176	106	765	  1	
176	157	765	  1	
176	181	765	  1	
176	253	765	  1	
176	288	765	  1	
176	326	765	  1	
178	270	765	  1	
179	199	765	  1	
180	 88	765	  1	
180	105	765	  1	
180	185	765	  1	
180	294	765	  1	
181	 80	765	  1	
181	 96	765	  1	
181	307	765	  1	
181	326	765	  1	
181	391	765	  1	
182	101	765	  1	
182	109	765	  1	
182	127	765	  1	
182	312	765	  1	
183	 93	765	  1	
183	320	765	  1	
183	357	765	  1	
184	 46	765	  1	
184	 67	765	  1	
184	136	765	  1	
184	160	765	  1	
184	256	765	  1	
184	347	765	  1	
184	361	765	  1	
184	424	765	  1	
186	320	765	  1	
189	120	765	  1	
189	170	765	  1	
189	239	765	  1	
191	 95	765	  1	
191	272	765	  1	
191	287	765	  1	
191	344	765	  1	
191	351	765	  1	
191	527	765	  1	
192	 96	765	  1	
192	142	765	  1	
192	192	765	  1	
192	203	765	  1	
192	298	765	  1	
192	335	765	  1	
192	412	765	  1	
192	426	765	  1	
192	460	765	  1	
193	126	765	  1	
193	232	765	  1	
194	 48	765	  1	
195	 95	765	  1	
195	208	765	  1	
196	 59	765	  1	
196	192	765	  1	
197	 16	765	  1	
197	139	765	  1	
197	299	765	  1	
197	424	765	  1	
198	 90	765	  1	
198	 96	765	  1	
198	173	765	  1	
199	 31	765	  1	
199	 80	765	  1	
199	162	765	  1	
199	195	765	  1	
199	199	765	  1	
199	215	765	  1	
199	343	765	  1	
200	  0	765	  1	
200	  4	765	  1	
200	 79	765	  1	
200	 87	765	  1	
200	108	765	  1	
200	151	765	  1	
200	319	765	  1	
200	402	765	  1	
200	450	765	  1	
200	456	765	  1	
200	528	765	  1	
201	332	765	  1	
203	 80	765	  1	
203	119	765	  1	
203	126	765	  1	
203	312	765	  1	
204	168	765	  1	
205	136	765	  1	
205	286	765	  1	
205	383	765	  1	
206	175	765	  1	
206	388	765	  1	
206	447	765	  1	
206	459	765	  1	
206	528	765	  1	
207	 87	765	  1	
207	319	765	  1	
207	328	765	  1	
207	372	765	  1	
207	443	765	  1	
207	450	765	  1	
208	 99	765	  1	
208	140	765	  1	
208	146	765	  1	
208	160	765	  1	
208	171	765	  1	
208	276	765	  1	
208	288	765	  1	
208	295	765	  1	
208	312	765	  1	
208	396	765	  1	
208	510	765	  1	
210	 87	765	  1	
210	175	765	  1	
210	407	765	  1	
211	  8	765	  1	
211	 56	765	  1	
211	104	765	  1	
211	188	765	  1	
211	200	765	  1	
212	397	765	  1	
213	504	765	  1	
214	248	765	  1	
214	264	765	  1	
214	291	765	  1	
214	316	765	  1	
215	 72	765	  1	
215	388	765	  1	
216	 37	765	  1	
216	104	765	  1	
216	132	765	  1	
216	274	765	  1	
216	311	765	  1	
216	319	765	  1	
216	441	765	  1	
216	503	765	  1	
218	 64	765	  1	
218	 95	765	  1	
219	 72	765	  1	
219	168	765	  1	
219	175	765	  1	
219	227	765	  1	
219	304	765	  1	
221	135	765	  1	
221	152	765	  1	
222	170	765	  1	
223	 68	765	  1	
223	 79	765	  1	
223	 96	765	  1	
223	114	765	  1	
223	248	765	  1	
223	311	765	  1	
223	315	765	  1	
223	360	765	  1	
223	440	765	  1	
223	508	765	  1	
224	  0	765	  1	
224	  7	765	  1	
224	 16	765	  1	
224	 23	765	  1	
224	123	765	  1	
224	168	765	  1	
224	176	765	  1	
224	181	765	  1	
224	186	765	  1	
224	208	765	  1	
224	269	765	  1	
224	322	765	  1	
224	327	765	  1	
224	330	765	  1	
225	119	765	  1	
225	335	765	  1	
226	111	765	  1	
227	 13	765	  1	
227	309	765	  1	
227	326	765	  1	
227	384	765	  1	
227	527	765	  1	
228	103	765	  1	
228	191	765	  1	
228	330	765	  1	
229	 80	765	  1	
229	320	765	  1	
230	215	765	  1	
230	264	765	  1	
231	 19	765	  1	
231	120	765	  1	
231	407	765	  1	
232	 44	765	  1	
232	 70	765	  1	
232	 96	765	  1	
232	152	765	  1	
232	187	765	  1	
232	234	765	  1	
232	271	765	  1	
232	279	765	  1	
232	304	765	  1	
232	332	765	  1	
232	392	765	  1	
232	424	765	  1	
234	  3	765	  1	
234	 88	765	  1	
235	168	765	  1	
235	312	765	  1	
236	 55	765	  1	
236	528	765	  1	
237	  8	765	  1	
237	 47	765	  1	
237	110	765	  1	
237	114	765	  1	
237	136	765	  1	
237	164	765	  1	
237	294	765	  1	
238	265	765	  1	
238	311	765	  1	
239	232	765	  1	
239	239	765	  1	
239	271	765	  1	
239	330	765	  1	
240	 64	765	  1	
240	 71	765	  1	
240	226	765	  1	
240	386	765	  1	
240	392	765	  1	
240	462	765	  1	
240	531	765	  1	
240	579	765	  1	
241	 20	765	  1	
241	110	765	  1	
241	194	765	  1	
241	199	765	  1	
242	136	765	  1	
242	143	765	  1	
242	232	765	  1	
243	471	765	  1	
244	543	765	  1	
245	443	765	  1	
245	456	765	  1	
246	 96	765	  1	
246	296	765	  1	
246	392	765	  1	
246	486	765	  1	
247	 28	765	  1	
247	464	765	  1	
247	528	765	  1	
247	535	765	  1	
248	 75	765	  1	
248	 80	765	  1	
248	103	765	  1	
248	120	765	  1	
248	155	765	  1	
248	171	765	  1	
248	202	765	  1	
248	240	765	  1	
248	256	765	  1	
248	304	765	  1	
248	376	765	  1	
248	448	765	  1	
250	 93	765	  1	
251	 56	765	  1	
251	 88	765	  1	
251	224	765	  1	
251	456	765	  1	
251	480	765	  1	
252	299	765	  1	
253	 80	765	  1	
253	200	765	  1	
253	207	765	  1	
253	232	765	  1	
253	239	765	  1	
253	264	765	  1	
253	454	765	  1	
253	513	765	  1	
253	519	765	  1	
254	 93	765	  1	
254	179	765	  1	
255	  0	765	  1	
255	 99	765	  1	
255	168	765	  1	
255	175	765	  1	
255	311	765	  1	
255	376	765	  1	
255	487	765	  1	
256	 14	765	  1	
256	 43	765	  1	
256	106	765	  1	
256	110	765	  1	
256	120	765	  1	
256	184	765	  1	
256	195	765	  1	
256	202	765	  1	
256	315	765	  1	
256	439	765	  1	
256	541	765	  1	
256	599	765	  1	
257	108	765	  1	
257	589	765	  1	
258	 98	765	  1	
258	519	765	  1	
259	136	765	  1	
259	471	765	  1	
260	 52	765	  1	
261	  8	765	  1	
261	 32	765	  1	
261	110	765	  1	
261	168	765	  1	
261	255	765	  1	
261	542	765	  1	
262	 72	765	  1	
262	207	765	  1	
262	215	765	  1	
262	487	765	  1	
262	514	765	  1	
263	 43	765	  1	
263	109	765	  1	
263	192	765	  1	
264	  0	765	  1	
264	 14	765	  1	
264	 23	765	  1	
264	131	765	  1	
264	176	765	  1	
264	240	765	  1	
264	248	765	  1	
264	264	765	  1	
264	271	765	  1	
264	339	765	  1	
264	360	765	  1	
264	399	765	  1	
264	432	765	  1	
264	442	765	  1	
264	454	765	  1	
264	515	765	  1	
264	541	765	  1	
266	228	765	  1	
266	438	765	  1	
267	240	765	  1	
267	255	765	  1	
267	462	765	  1	
267	536	765	  1	
268	344	765	  1	
268	480	765	  1	
269	 77	765	  1	
269	274	765	  1	
269	284	765	  1	
269	336	765	  1	
269	431	765	  1	
269	472	765	  1	
270	242	765	  1	
270	351	765	  1	
270	367	765	  1	
271	  0	765	  1	
271	 17	765	  1	
271	 40	765	  1	
271	248	765	  1	
271	399	765	  1	
271	415	765	  1	
271	438	765	  1	
272	 31	765	  1	
272	168	765	  1	
272	189	765	  1	
272	208	765	  1	
272	215	765	  1	
272	288	765	  1	
272	301	765	  1	
272	326	765	  1	
272	352	765	  1	
272	371	765	  1	
272	451	765	  1	
272	464	765	  1	
272	486	765	  1	
272	497	765	  1	
274	184	765	  1	
275	295	765	  1	
275	343	765	  1	
275	536	765	  1	
277	136	765	  1	
277	463	765	  1	
277	527	765	  1	
278	189	765	  1	
278	344	765	  1	
278	484	765	  1	
279	236	765	  1	
279	271	765	  1	
279	288	765	  1	
279	336	765	  1	
279	368	765	  1	
279	375	765	  1	
279	467	765	  1	
279	515	765	  1	
280	 55	765	  1	
280	 96	765	  1	
280	120	765	  1	
280	133	765	  1	
280	161	765	  1	
280	248	765	  1	
280	256	765	  1	
280	277	765	  1	
280	284	765	  1	
280	315	765	  1	
280	325	765	  1	
280	328	765	  1	
280	335	765	  1	
280	363	765	  1	
280	424	765	  1	
280	459	765	  1	
280	496	765	  1	
281	  5	765	  1	
281	472	765	  1	
281	479	765	  1	
282	124	765	  1	
282	411	765	  1	
282	520	765	  1	
283	 86	765	  1	
283	255	765	  1	
283	368	765	  1	
283	407	765	  1	
283	423	765	  1	
283	431	765	  1	
284	  3	765	  1	
284	284	765	  1	
285	 27	765	  1	
286	303	765	  1	
286	360	765	  1	
286	415	765	  1	
286	525	765	  1	
287	 50	765	  1	
287	202	765	  1	
287	312	765	  1	
287	319	765	  1	
287	331	765	  1	
287	375	765	  1	
287	408	765	  1	
287	456	765	  1	
287	463	765	  1	
287	472	765	  1	
287	499	765	  1	
288	 10	765	  1	
288	 16	765	  1	
288	 32	765	  1	
288	 63	765	  1	
288	 72	765	  1	
288	 88	765	  1	
288	170	765	  1	
288	175	765	  1	
288	181	765	  1	
288	215	765	  1	
288	223	765	  1	
288	227	765	  1	
288	238	765	  1	
288	311	765	  1	
288	344	765	  1	
288	351	765	  1	
288	358	765	  1	
288	390	765	  1	
288	560	765	  1	
288	568	765	  1	
290	 96	765	  1	
290	232	765	  1	
290	247	765	  1	
290	327	765	  1	
291	 31	765	  1	
291	120	765	  1	
291	430	765	  1	
293	446	765	  1	
294	 95	765	  1	
294	102	765	  1	
294	119	765	  1	
295	 24	765	  1	
295	123	765	  1	
295	216	765	  1	
295	347	765	  1	
296	  8	765	  1	
296	120	765	  1	
296	165	765	  1	
296	288	765	  1	
296	328	765	  1	
296	333	765	  1	
296	360	765	  1	
296	468	765	  1	
297	  0	765	  1	
298	160	765	  1	
298	203	765	  1	
299	 95	765	  1	
299	367	765	  1	
299	392	765	  1	
299	456	765	  1	
301	123	765	  1	
301	299	765	  1	
302	 63	765	  1	
302	166	765	  1	
302	330	765	  1	
302	335	765	  1	
302	469	765	  1	
303	288	765	  1	
303	360	765	  1	
304	 12	765	  1	
304	 72	765	  1	
304	215	765	  1	
304	323	765	  1	
304	343	765	  1	
304	490	765	  1	
304	495	765	  1	
304	520	765	  1	
304	527	765	  1	
304	535	765	  1	
304	587	765	  1	
305	247	765	  1	
307	 13	765	  1	
307	184	765	  1	
307	208	765	  1	
307	231	765	  1	
307	304	765	  1	
307	376	765	  1	
307	378	765	  1	
307	470	765	  1	
308	311	765	  1	
309	 76	765	  1	
309	320	765	  1	
309	352	765	  1	
310	  8	765	  1	
310	 22	765	  1	
311	120	765	  1	
311	127	765	  1	
311	215	765	  1	
311	256	765	  1	
311	383	765	  1	
311	466	765	  1	
311	471	765	  1	
312	 40	765	  1	
312	 57	765	  1	
312	 80	765	  1	
312	149	765	  1	
312	160	765	  1	
312	167	765	  1	
312	175	765	  1	
312	208	765	  1	
312	337	765	  1	
312	439	765	  1	
312	445	765	  1	
314	155	765	  1	
314	327	765	  1	
314	342	765	  1	
314	375	765	  1	
315	 45	765	  1	
315	120	765	  1	
315	264	765	  1	
315	519	765	  1	
316	163	765	  1	
316	197	765	  1	
316	400	765	  1	
316	532	765	  1	
317	  0	765	  1	
317	 48	765	  1	
317	144	765	  1	
317	176	765	  1	
317	214	765	  1	
317	338	765	  1	
317	360	765	  1	
318	 36	765	  1	
318	169	765	  1	
319	175	765	  1	
319	320	765	  1	
320	 14	765	  1	
320	 20	765	  1	
320	 24	765	  1	
320	 51	765	  1	
320	 77	765	  1	
320	126	765	  1	
320	130	765	  1	
320	141	765	  1	
320	173	765	  1	
320	206	765	  1	
320	244	765	  1	
320	253	765	  1	
320	295	765	  1	
320	302	765	  1	
320	326	765	  1	
320	329	765	  1	
320	370	765	  1	
320	380	765	  1	
320	407	765	  1	
320	416	765	  1	
320	432	765	  1	
320	440	765	  1	
320	456	765	  1	
320	520	765	  1	
320	591	765	  1	
321	135	765	  1	
322	 72	765	  1	
322	335	765	  1	
323	  8	765	  1	
323	 31	765	  1	
323	158	765	  1	
323	232	765	  1	
323	239	765	  1	
323	288	765	  1	
324	381	765	  1	
324	461	765	  1	
325	343	765	  1	
325	432	765	  1	
326	 78	765	  1	
326	204	765	  1	
326	280	765	  1	
326	419	765	  1	
326	447	765	  1	
327	 14	765	  1	
327	 24	765	  1	
327	308	765	  1	
327	370	765	  1	
328	 16	765	  1	
328	 96	765	  1	
328	110	765	  1	
328	135	765	  1	
328	165	765	  1	
328	198	765	  1	
328	210	765	  1	
328	216	765	  1	
328	248	765	  1	
328	254	765	  1	
328	271	765	  1	
328	352	765	  1	
328	363	765	  1	
328	388	765	  1	
328	464	765	  1	
329	123	765	  1	
330	264	765	  1	
331	160	765	  1	
331	232	765	  1	
331	274	765	  1	
332	 27	765	  1	
332	508	765	  1	
333	107	765	  1	
333	155	765	  1	
333	251	765	  1	
333	294	765	  1	
334	196	765	  1	
334	280	765	  1	
335	112	765	  1	
335	216	765	  1	
335	271	765	  1	
335	343	765	  1	
335	358	765	  1	
335	480	765	  1	
335	568	765	  1	
336	 19	765	  1	
336	 32	765	  1	
336	 53	765	  1	
336	 72	765	  1	
336	 79	765	  1	
336	 88	765	  1	
336	 95	765	  1	
336	100	765	  1	
336	144	765	  1	
336	399	765	  1	
336	440	765	  1	
339	448	765	  1	
340	393	765	  1	
340	573	765	  1	
341	 48	765	  1	
341	208	765	  1	
341	416	765	  1	
342	358	765	  1	
342	435	765	  1	
343	104	765	  1	
343	288	765	  1	
343	575	765	  1	
344	  0	765	  1	
344	  9	765	  1	
344	 59	765	  1	
344	 69	765	  1	
344	128	765	  1	
344	147	765	  1	
344	176	765	  1	
344	206	765	  1	
344	218	765	  1	
344	223	765	  1	
344	233	765	  1	
344	298	765	  1	
344	303	765	  1	
344	376	765	  1	
344	408	765	  1	
344	448	765	  1	
344	472	765	  1	
346	108	765	  1	
347	 82	765	  1	
347	216	765	  1	
347	391	765	  1	
347	471	765	  1	
348	  0	765	  1	
348	 87	765	  1	
348	 98	765	  1	
348	378	765	  1	
349	199	765	  1	
349	432	765	  1	
350	388	765	  1	
350	404	765	  1	
350	479	765	  1	
351	109	765	  1	
351	214	765	  1	
351	218	765	  1	
351	223	765	  1	
351	232	765	  1	
351	298	765	  1	
351	303	765	  1	
352	  0	765	  1	
352	 44	765	  1	
352	 64	765	  1	
352	111	765	  1	
352	120	765	  1	
352	139	765	  1	
352	163	765	  1	
352	176	765	  1	
352	192	765	  1	
352	208	765	  1	
352	248	765	  1	
352	271	765	  1	
352	312	765	  1	
352	319	765	  1	
352	331	765	  1	
352	344	765	  1	
352	391	765	  1	
352	400	765	  1	
352	440	765	  1	
352	587	765	  1	
354	 67	765	  1	
354	119	765	  1	
354	125	765	  1	
355	200	765	  1	
355	207	765	  1	
355	375	765	  1	
357	 15	765	  1	
357	 30	765	  1	
357	 99	765	  1	
357	128	765	  1	
357	214	765	  1	
357	259	765	  1	
357	399	765	  1	
358	 40	765	  1	
358	115	765	  1	
358	221	765	  1	
358	389	765	  1	
359	120	765	  1	
359	136	765	  1	
359	143	765	  1	
359	315	765	  1	
360	 42	765	  1	
360	 47	765	  1	
360	 64	765	  1	
360	 71	765	  1	
360	 79	765	  1	
360	182	765	  1	
360	191	765	  1	
360	307	765	  1	
360	366	765	  1	
360	411	765	  1	
360	479	765	  1	
360	495	765	  1	
360	543	765	  1	
361	472	765	  1	
362	176	765	  1	
362	436	765	  1	
363	207	765	  1	
363	296	765	  1	
363	416	765	  1	
363	488	765	  1	
363	536	765	  1	
363	568	765	  1	
364	 67	765	  1	
364	237	765	  1	
365	 31	765	  1	
365	127	765	  1	
365	152	765	  1	
365	188	765	  1	
365	447	765	  1	
366	308	765	  1	
367	182	765	  1	
367	203	765	  1	
367	208	765	  1	
367	408	765	  1	
367	415	765	  1	
367	442	765	  1	
367	479	765	  1	
367	495	765	  1	
367	543	765	  1	
368	  0	765	  1	
368	 37	765	  1	
368	 57	765	  1	
368	139	765	  1	
368	176	765	  1	
368	237	765	  1	
368	287	765	  1	
368	303	765	  1	
368	324	765	  1	
368	349	765	  1	
368	364	765	  1	
368	467	765	  1	
369	424	765	  1	
371	 88	765	  1	
371	152	765	  1	
371	173	765	  1	
371	296	765	  1	
373	 64	765	  1	
373	322	765	  1	
373	427	765	  1	
374	112	765	  1	
374	239	765	  1	
375	  0	765	  1	
375	200	765	  1	
375	207	765	  1	
375	234	765	  1	
375	264	765	  1	
375	303	765	  1	
375	351	765	  1	
375	464	765	  1	
375	471	765	  1	
376	  8	765	  1	
376	 16	765	  1	
376	 24	765	  1	
376	 96	765	  1	
376	107	765	  1	
376	116	765	  1	
376	135	765	  1	
376	143	765	  1	
376	184	765	  1	
376	195	765	  1	
376	287	765	  1	
376	320	765	  1	
376	327	765	  1	
376	355	765	  1	
376	402	765	  1	
376	431	765	  1	
376	466	765	  1	
376	478	765	  1	
376	552	765	  1	
378	112	765	  1	
378	338	765	  1	
378	426	765	  1	
379	240	765	  1	
379	280	765	  1	
379	371	765	  1	
379	414	765	  1	
379	422	765	  1	
379	559	765	  1	
381	 56	765	  1	
381	 72	765	  1	
381	160	765	  1	
382	323	765	  1	
382	431	765	  1	
382	527	765	  1	
383	 31	765	  1	
383	132	765	  1	
383	192	765	  1	
383	199	765	  1	
383	287	765	  1	
383	352	765	  1	
383	359	765	  1	
383	552	765	  1	
384	  0	765	  1	
384	 16	765	  1	
384	 69	765	  1	
384	 94	765	  1	
384	 98	765	  1	
384	119	765	  1	
384	143	765	  1	
384	154	765	  1	
384	176	765	  1	
384	184	765	  1	
384	208	765	  1	
384	215	765	  1	
384	467	765	  1	
384	503	765	  1	
384	546	765	  1	
384	595	765	  1	
385	  7	765	  1	
385	 59	765	  1	
386	 64	765	  1	
386	336	765	  1	
388	128	765	  1	
388	138	765	  1	
388	439	765	  1	
389	119	765	  1	
389	368	765	  1	
389	390	765	  1	
390	 70	765	  1	
390	164	765	  1	
390	471	765	  1	
391	211	765	  1	
391	341	765	  1	
391	358	765	  1	
391	575	765	  1	
392	 56	765	  1	
392	 63	765	  1	
392	119	765	  1	
392	143	765	  1	
392	149	765	  1	
392	184	765	  1	
392	194	765	  1	
392	206	765	  1	
392	213	765	  1	
392	220	765	  1	
392	260	765	  1	
392	365	765	  1	
392	391	765	  1	
392	422	765	  1	
393	111	765	  1	
393	170	765	  1	
393	216	765	  1	
394	 20	765	  1	
394	200	765	  1	
395	360	765	  1	
395	448	765	  1	
395	502	765	  1	
396	175	765	  1	
396	221	765	  1	
396	488	765	  1	
397	135	765	  1	
397	152	765	  1	
397	383	765	  1	
398	 12	765	  1	
398	208	765	  1	
399	 88	765	  1	
399	119	765	  1	
399	184	765	  1	
399	256	765	  1	
399	456	765	  1	
400	 40	765	  1	
400	 45	765	  1	
400	 64	765	  1	
400	 70	765	  1	
400	136	765	  1	
400	140	765	  1	
400	149	765	  1	
400	171	765	  1	
400	188	765	  1	
400	222	765	  1	
400	263	765	  1	
400	390	765	  1	
401	109	765	  1	
403	  0	765	  1	
403	104	765	  1	
403	226	765	  1	
403	296	765	  1	
404	 64	765	  1	
404	221	765	  1	
405	144	765	  1	
405	152	765	  1	
406	391	765	  1	
407	115	765	  1	
407	256	765	  1	
407	332	765	  1	
408	  5	765	  1	
408	 13	765	  1	
408	 24	765	  1	
408	 37	765	  1	
408	 64	765	  1	
408	 74	765	  1	
408	 79	765	  1	
408	119	765	  1	
408	192	765	  1	
408	208	765	  1	
408	222	765	  1	
408	266	765	  1	
408	271	765	  1	
408	295	765	  1	
408	320	765	  1	
408	388	765	  1	
408	467	765	  1	
408	528	765	  1	
409	214	765	  1	
409	328	765	  1	
410	 29	765	  1	
410	335	765	  1	
410	427	765	  1	
411	  0	765	  1	
411	176	765	  1	
411	288	765	  1	
412	173	765	  1	
413	 56	765	  1	
415	 24	765	  1	
415	295	765	  1	
415	335	765	  1	
415	348	765	  1	
416	106	765	  1	
416	124	765	  1	
416	131	765	  1	
416	145	765	  1	
416	151	765	  1	
416	173	765	  1	
416	304	765	  1	
416	367	765	  1	
416	472	765	  1	
416	544	765	  1	
417	187	765	  1	
417	220	765	  1	
418	 62	765	  1	
418	250	765	  1	
419	343	765	  1	
420	 99	765	  1	
420	335	765	  1	
421	 40	765	  1	
421	 92	765	  1	
421	155	765	  1	
421	558	765	  1	
422	 99	765	  1	
422	160	765	  1	
422	472	765	  1	
423	149	765	  1	
423	167	765	  1	
423	311	765	  1	
423	327	765	  1	
423	343	765	  1	
423	464	765	  1	
424	 28	765	  1	
424	 65	765	  1	
424	126	765	  1	
424	134	765	  1	
424	151	765	  1	
424	181	765	  1	
424	189	765	  1	
424	202	765	  1	
424	227	765	  1	
424	302	765	  1	
424	423	765	  1	
425	116	765	  1	
425	120	765	  1	
426	208	765	  1	
426	287	765	  1	
427	  0	765	  1	
427	 27	765	  1	
427	144	765	  1	
427	418	765	  1	
428	130	765	  1	
429	 88	765	  1	
429	152	765	  1	
429	157	765	  1	
429	168	765	  1	
429	184	765	  1	
429	223	765	  1	
429	280	765	  1	
429	296	765	  1	
429	343	765	  1	
430	104	765	  1	
431	 31	765	  1	
431	231	765	  1	
431	271	765	  1	
432	  5	765	  1	
432	  8	765	  1	
432	 45	765	  1	
432	139	765	  1	
432	146	765	  1	
432	164	765	  1	
432	176	765	  1	
432	190	765	  1	
432	200	765	  1	
432	206	765	  1	
432	227	765	  1	
432	232	765	  1	
435	 16	765	  1	
436	120	765	  1	
436	258	765	  1	
437	104	765	  1	
437	176	765	  1	
437	183	765	  1	
437	186	765	  1	
437	203	765	  1	
438	  3	765	  1	
438	131	765	  1	
438	419	765	  1	
439	 88	765	  1	
439	143	765	  1	
439	222	765	  1	
439	269	765	  1	
440	  7	765	  1	
440	 43	765	  1	
440	 50	765	  1	
440	 61	765	  1	
440	 80	765	  1	
440	255	765	  1	
440	327	765	  1	
442	141	765	  1	
442	240	765	  1	
442	403	765	  1	
443	 24	765	  1	
445	232	765	  1	
446	 71	765	  1	
447	 40	765	  1	
447	 47	765	  1	
447	 55	765	  1	
447	 80	765	  1	
447	135	765	  1	
448	  4	765	  1	
448	 16	765	  1	
448	 28	765	  1	
448	 38	765	  1	
448	122	765	  1	
448	144	765	  1	
448	174	765	  1	
448	192	765	  1	
448	202	765	  1	
448	213	765	  1	
448	272	765	  1	
448	456	765	  1	
449	 24	765	  1	
449	168	765	  1	
450	 43	765	  1	
450	108	765	  1	
450	216	765	  1	
451	151	765	  1	
451	154	765	  1	
451	248	765	  1	
452	 34	765	  1	
452	 71	765	  1	
452	164	765	  1	
453	  7	765	  1	
454	132	765	  1	
454	320	765	  1	
455	 98	765	  1	
455	144	765	  1	
455	222	765	  1	
455	412	765	  1	
456	  3	765	  1	
456	  8	765	  1	
456	 54	765	  1	
456	 59	765	  1	
456	104	765	  1	
456	124	765	  1	
456	184	765	  1	
456	219	765	  1	
456	251	765	  1	
456	272	765	  1	
456	279	765	  1	
458	  0	765	  1	
458	114	765	  1	
459	 86	765	  1	
459	168	765	  1	
459	176	765	  1	
459	208	765	  1	
459	224	765	  1	
459	528	765	  1	
460	 48	765	  1	
460	128	765	  1	
460	263	765	  1	
461	 26	765	  1	
461	 31	765	  1	
461	104	765	  1	
461	229	765	  1	
462	119	765	  1	
462	135	765	  1	
462	223	765	  1	
462	280	765	  1	
463	111	765	  1	
463	272	765	  1	
464	  0	765	  1	
464	 15	765	  1	
464	 22	765	  1	
464	 53	765	  1	
464	 80	765	  1	
464	 87	765	  1	
464	136	765	  1	
464	170	765	  1	
464	192	765	  1	
464	312	765	  1	
467	111	765	  1	
467	197	765	  1	
467	375	765	  1	
469	 48	765	  1	
469	 81	765	  1	
469	224	765	  1	
469	264	765	  1	
470	 27	765	  1	
470	 87	765	  1	
470	135	765	  1	
470	299	765	  1	
471	104	765	  1	
471	124	765	  1	
471	128	765	  1	
471	132	765	  1	
472	 53	765	  1	
472	 63	765	  1	
472	 75	765	  1	
472	103	765	  1	
472	126	765	  1	
472	149	765	  1	
472	154	765	  1	
472	184	765	  1	
472	191	765	  1	
472	216	765	  1	
472	223	765	  1	
472	348	765	  1	
474	 48	765	  1	
474	 72	765	  1	
474	 79	765	  1	
475	136	765	  1	
477	 64	765	  1	
477	115	765	  1	
477	144	765	  1	
477	248	765	  1	
477	276	765	  1	
478	  0	765	  1	
478	 54	765	  1	
478	155	765	  1	
479	187	765	  1	
479	216	765	  1	
479	223	765	  1	
480	  8	765	  1	
480	 83	765	  1	
480	215	765	  1	
480	267	765	  1	
480	388	765	  1	
481	376	765	  1	
482	 24	765	  1	
482	 27	765	  1	
482	 31	765	  1	
482	 93	765	  1	
483	 40	765	  1	
483	224	765	  1	
484	 51	765	  1	
484	103	765	  1	
485	229	765	  1	
487	 64	765	  1	
487	 86	765	  1	
487	128	765	  1	
488	 19	765	  1	
488	 56	765	  1	
488	152	765	  1	
488	158	765	  1	
488	184	765	  1	
489	103	765	  1	
490	 47	765	  1	
490	 62	765	  1	
490	224	765	  1	
490	391	765	  1	
491	131	765	  1	
491	136	765	  1	
491	191	765	  1	
491	306	765	  1	
491	519	765	  1	
492	 75	765	  1	
493	155	765	  1	
494	 40	765	  1	
494	 56	765	  1	
495	 16	765	  1	
495	 23	765	  1	
495	184	765	  1	
495	224	765	  1	
496	  8	765	  1	
496	 12	765	  1	
496	 47	765	  1	
496	109	765	  1	
496	135	765	  1	
496	175	765	  1	
496	200	765	  1	
496	207	765	  1	
496	221	765	  1	
496	237	765	  1	
496	303	765	  1	
499	278	765	  1	
499	296	765	  1	
499	368	765	  1	
501	 62	765	  1	
501	128	765	  1	
501	351	765	  1	
502	 91	765	  1	
502	120	765	  1	
502	131	765	  1	
502	171	765	  1	
503	 43	765	  1	
503	 72	765	  1	
503	200	765	  1	
503	303	765	  1	
504	 32	765	  1	
504	 56	765	  1	
504	 83	765	  1	
504	112	765	  1	
504	144	765	  1	
504	210	765	  1	
504	226	765	  1	
504	256	765	  1	
504	296	765	  1	
504	360	765	  1	
504	582	765	  1	
505	 31	765	  1	
505	 63	765	  1	
505	121	765	  1	
507	  0	765	  1	
507	104	765	  1	
508	126	765	  1	
508	157	765	  1	
509	208	765	  1	
509	215	765	  1	
510	160	765	  1	
511	224	765	  1	
511	231	765	  1	
512	  8	765	  1	
512	 24	765	  1	
512	 72	765	  1	
512	 79	765	  1	
512	 95	765	  1	
512	220	765	  1	
512	264	765	  1	
512	269	765	  1	
512	285	765	  1	
512	396	765	  1	
512	416	765	  1	
513	150	765	  1	
514	 80	765	  1	
515	 64	765	  1	
515	103	765	  1	
516	144	765	  1	
516	325	765	  1	
517	 83	765	  1	
517	280	765	  1	
517	388	765	  1	
518	245	765	  1	
518	399	765	  1	
518	416	765	  1	
519	 72	765	  1	
519	 79	765	  1	
519	 96	765	  1	
519	211	765	  1	
520	 24	765	  1	
520	 38	765	  1	
520	 45	765	  1	
520	104	765	  1	
520	119	765	  1	
520	132	765	  1	
520	179	765	  1	
520	220	765	  1	
520	224	765	  1	
520	296	765	  1	
520	303	765	  1	
520	340	765	  1	
520	355	765	  1	
520	397	765	  1	
521	400	765	  1	
523	 84	765	  1	
523	149	765	  1	
523	336	765	  1	
524	114	765	  1	
524	216	765	  1	
525	 48	765	  1	
525	350	765	  1	
525	400	765	  1	
526	 39	765	  1	
526	108	765	  1	
526	176	765	  1	
526	223	765	  1	
527	239	765	  1	
527	575	765	  1	
528	 64	765	  1	
528	100	765	  1	
528	125	765	  1	
528	151	765	  1	
528	158	765	  1	
528	184	765	  1	
528	195	765	  1	
528	254	765	  1	
528	266	765	  1	
528	352	765	  1	
528	359	765	  1	
529	141	765	  1	
530	 41	765	  1	
531	 47	765	  1	
531	 99	765	  1	
531	160	765	  1	
531	167	765	  1	
531	191	765	  1	
531	231	765	  1	
533	 70	765	  1	
533	 89	765	  1	
533	107	765	  1	
533	147	765	  1	
533	155	765	  1	
533	596	765	  1	
534	163	765	  1	
535	143	765	  1	
535	184	765	  1	
535	254	765	  1	
535	355	765	  1	
535	439	765	  1	
535	464	765	  1	
536	 61	765	  1	
536	168	765	  1	
536	176	765	  1	
536	180	765	  1	
536	186	765	  1	
536	317	765	  1	
536	488	765	  1	
538	191	765	  1	
538	207	765	  1	
538	255	765	  1	
538	368	765	  1	
539	 95	765	  1	
540	134	765	  1	
541	 56	765	  1	
541	 88	765	  1	
541	223	765	  1	
541	280	765	  1	
542	103	765	  1	
542	128	765	  1	
542	452	765	  1	
543	189	765	  1	
543	286	765	  1	
544	  0	765	  1	
544	  6	765	  1	
544	 72	765	  1	
544	104	765	  1	
544	110	765	  1	
544	191	765	  1	
544	200	765	  1	
544	247	765	  1	
544	262	765	  1	
544	288	765	  1	
544	319	765	  1	
544	328	765	  1	
544	352	765	  1	
544	359	765	  1	
545	120	765	  1	
545	254	765	  1	
547	152	765	  1	
547	184	765	  1	
547	295	765	  1	
547	312	765	  1	
548	206	765	  1	
548	334	765	  1	
549	107	765	  1	
549	167	765	  1	
550	 93	765	  1	
550	144	765	  1	
551	134	765	  1	
551	139	765	  1	
551	191	765	  1	
551	288	765	  1	
551	319	765	  1	
551	359	765	  1	
551	448	765	  1	
552	 56	765	  1	
552	 63	765	  1	
552	 91	765	  1	
552	184	765	  1	
552	211	765	  1	
552	222	765	  1	
552	248	765	  1	
552	254	765	  1	
552	279	765	  1	
552	310	765	  1	
552	344	765	  1	
554	190	765	  1	
554	274	765	  1	
555	175	765	  1	
555	247	765	  1	
555	368	765	  1	
557	  8	765	  1	
557	 72	765	  1	
557	 79	765	  1	
557	176	765	  1	
558	146	765	  1	
558	242	765	  1	
558	279	765	  1	
558	352	765	  1	
558	374	765	  1	
559	 51	765	  1	
559	 59	765	  1	
559	 91	765	  1	
559	135	765	  1	
559	171	765	  1	
559	208	765	  1	
559	215	765	  1	
560	106	765	  1	
560	141	765	  1	
560	376	765	  1	
560	391	765	  1	
561	264	765	  1	
563	287	765	  1	
563	352	765	  1	
565	136	765	  1	
565	182	765	  1	
565	271	765	  1	
565	379	765	  1	
566	219	765	  1	
567	167	765	  1	
567	272	765	  1	
567	302	765	  1	
567	359	765	  1	
568	  6	765	  1	
568	113	765	  1	
568	131	765	  1	
568	144	765	  1	
568	184	765	  1	
568	248	765	  1	
568	264	765	  1	
568	480	765	  1	
570	327	765	  1	
571	 40	765	  1	
571	 48	765	  1	
571	119	765	  1	
571	246	765	  1	
571	291	765	  1	
571	359	765	  1	
572	151	765	  1	
573	  0	765	  1	
574	 47	765	  1	
574	131	765	  1	
575	248	765	  1	
576	  3	765	  1	
576	160	765	  1	
576	197	765	  1	
576	211	765	  1	
576	256	765	  1	
576	363	765	  1	
576	375	765	  1	
577	167	765	  1	
579	368	765	  1	
579	439	765	  1	
581	294	765	  1	
581	367	765	  1	
582	192	765	  1	
582	387	765	  1	
583	160	765	  1	
583	208	765	  1	
583	215	765	  1	
583	267	765	  1	
583	375	765	  1	
584	 38	765	  1	
584	 88	765	  1	
584	 96	765	  1	
584	137	765	  1	
584	216	765	  1	
584	297	765	  1	
584	301	765	  1	
584	343	765	  1	
584	360	765	  1	
585	 93	765	  1	
587	336	765	  1	
587	367	765	  1	
588	422	765	  1	
590	136	765	  1	
590	311	765	  1	
591	301	765	  1	
591	343	765	  1	
591	360	765	  1	
592	 16	765	  1	
592	 90	765	  1	
592	107	765	  1	
592	231	765	  1	
592	247	765	  1	
592	285	765	  1	
592	385	765	  1	
595	 96	765	  1	
595	143	765	  1	
596	374	765	  1	
597	200	765	  1	
597	242	765	  1	
598	 63	765	  1	
598	280	765	  1	
598	368	765	  1	
599	 88	765	  1	
599	136	765	  1	
599	307	765	  1	
600	 26	765	  1	
600	 64	765	  1	
600	399	765	  1	
600	424	765	  1	
602	367	765	  1	
605	242	765	  1	
605	255	765	  1	
605	296	765	  1	
606	261	765	  1	
607	423	765	  1	
608	214	765	  1	
608	372	765	  1	
608	406	765	  1	
610	375	765	  1	
612	368	765	  1	
612	438	765	  1	
613	315	765	  1	
613	360	765	  1	
616	198	765	  1	
616	223	765	  1	
616	286	765	  1	
616	304	765	  1	
616	408	765	  1	
616	424	765	  1	
618	280	765	  1	
619	317	765	  1	
623	 16	765	  1	
623	 68	765	  1	
623	187	765	  1	
623	271	765	  1	
623	284	765	  1	
624	248	765	  1	
624	288	765	  1	
624	304	765	  1	
624	354	765	  1	
627	255	765	  1	
627	311	765	  1	
628	 96	765	  1	
628	220	765	  1	
631	133	765	  1	
631	248	765	  1	
631	304	765	  1	
632	234	765	  1	
632	409	765	  1	
636	359	765	  1	
639	120	765	  1	
639	166	765	  1	
640	 77	765	  1	
640	186	765	  1	
640	191	765	  1	
640	271	765	  1	
640	304	765	  1	
640	391	765	  1	
641	135	765	  1	
643	264	765	  1	
644	421	765	  1	
645	135	765	  1	
647	271	765	  1	
647	312	765	  1	
647	388	765	  1	
648	234	765	  1	
649	127	765	  1	
649	208	765	  1	
652	361	765	  1	
655	327	765	  1	
656	183	765	  1	
659	160	765	  1	
663	183	765	  1	
664	 91	765	  1	
666	184	765	  1	
672	103	765	  1	
672	128	765	  1	
672	203	765	  1	
676	111	765	  1	
679	 93	765	  1	
680	168	765	  1	
680	172	765	  1	
680	248	765	  1	
686	168	765	  1	
687	176	765	  1	
688	488	765	  1	
695	208	765	  1	
704	183	765	  1	
708	200	765	  1	
717	280	765	  1	
736	316	765	  1	
738	 94	765	  1	
763	280	765	  1	
796	174	765	  1	
