# 
#  Image file: Goad1_T0155.jpg
#  Applied threshold: 575
#  Algorithm used: fill2                 
#  Particle count: 1949
#  Location (x,y), max luminance, and mass:
# 
  0	176	765	  1	
  0	247	765	  1	
  5	232	765	  1	
 11	453	765	  1	
 14	272	765	  1	
 16	264	765	  1	
 20	298	765	  1	
 23	188	765	  1	
 23	272	765	  1	
 23	343	765	  1	
 35	274	765	  1	
 36	118	765	  1	
 39	328	765	  1	
 40	112	765	  1	
 40	255	765	  1	
 43	327	765	  1	
 44	112	765	  1	
 46	320	765	  1	
 47	122	765	  1	
 60	263	765	  1	
 64	211	765	  1	
 66	280	765	  1	
 68	287	765	  1	
 72	 82	765	  1	
 72	416	765	  1	
 75	543	765	  1	
 76	144	765	  1	
 79	169	765	  1	
 79	377	765	  1	
 79	416	765	  1	
 80	431	765	  1	
 82	416	765	  1	
 87	336	765	  1	
 88	256	765	  1	
 90	351	765	  1	
 90	407	765	  1	
 93	175	765	  1	
 94	 87	765	  1	
 95	 68	765	  1	
 95	147	765	  1	
 95	370	765	  1	
 95	431	765	  1	
 96	296	765	  1	
 96	480	765	  1	
 99	349	765	  1	
101	271	765	  1	
103	 67	765	  1	
103	 71	765	  1	
103	264	765	  1	
104	127	765	  1	
104	487	765	  1	
105	264	765	  1	
106	122	765	  1	
106	288	765	  1	
109	131	765	  1	
109	152	765	  1	
110	127	765	  1	
111	151	765	  1	
112	198	765	  1	
112	204	765	  1	
112	335	765	  1	
112	360	765	  1	
114	545	765	  1	
115	347	765	  1	
117	440	765	  1	
119	391	765	  1	
120	115	765	  1	
120	183	765	  1	
120	187	765	  1	
120	192	765	  1	
120	285	765	  1	
120	296	765	  1	
120	488	765	  1	
123	  0	765	  1	
123	184	765	  1	
123	191	765	  1	
124	 32	765	  1	
125	  5	765	  1	
125	180	765	  1	
127	127	765	  1	
127	187	765	  1	
127	528	765	  1	
128	194	765	  1	
128	287	765	  1	
128	295	765	  1	
128	408	765	  1	
128	415	765	  1	
131	 91	765	  1	
132	163	765	  1	
132	193	765	  1	
132	240	765	  1	
132	335	765	  1	
134	205	765	  1	
134	247	765	  1	
134	386	765	  1	
135	150	765	  1	
135	277	765	  1	
135	315	765	  1	
135	383	765	  1	
135	536	765	  1	
136	 14	765	  1	
136	 96	765	  1	
136	216	765	  1	
136	226	765	  1	
137	117	765	  1	
137	296	765	  1	
138	192	765	  1	
139	  9	765	  1	
139	112	765	  1	
139	203	765	  1	
139	280	765	  1	
140	 15	765	  1	
140	199	765	  1	
140	226	765	  1	
141	103	765	  1	
142	248	765	  1	
143	  4	765	  1	
143	141	765	  1	
143	263	765	  1	
144	  8	765	  1	
144	104	765	  1	
144	110	765	  1	
144	197	765	  1	
144	230	765	  1	
144	312	765	  1	
144	399	765	  1	
147	224	765	  1	
147	334	765	  1	
148	 95	765	  1	
148	143	765	  1	
148	295	765	  1	
149	202	765	  1	
149	396	765	  1	
150	247	765	  1	
151	285	765	  1	
152	125	765	  1	
152	159	765	  1	
152	176	765	  1	
152	258	765	  1	
152	295	765	  1	
152	398	765	  1	
152	550	765	  1	
154	120	765	  1	
157	248	765	  1	
158	183	765	  1	
158	207	765	  1	
158	243	765	  1	
158	292	765	  1	
158	306	765	  1	
159	125	765	  1	
159	350	765	  1	
159	383	765	  1	
159	439	765	  1	
160	 64	765	  1	
160	103	765	  1	
160	151	765	  1	
160	246	765	  1	
160	318	765	  1	
160	338	765	  1	
160	416	765	  1	
160	423	765	  1	
162	 96	765	  1	
162	232	765	  1	
163	 88	765	  1	
163	403	765	  1	
165	167	765	  1	
165	219	765	  1	
166	152	765	  1	
166	239	765	  1	
166	266	765	  1	
167	 64	765	  1	
167	 80	765	  1	
167	103	765	  1	
167	144	765	  1	
167	246	765	  1	
168	106	765	  1	
168	118	765	  1	
168	170	765	  1	
168	274	765	  1	
168	367	765	  1	
169	114	765	  1	
169	325	765	  1	
170	111	765	  1	
171	  0	765	  1	
171	104	765	  1	
172	472	765	  1	
173	 88	765	  1	
173	 93	765	  1	
173	152	765	  1	
173	380	765	  1	
174	108	765	  1	
174	224	765	  1	
175	400	765	  1	
176	 95	765	  1	
176	130	765	  1	
176	136	765	  1	
176	157	765	  1	
176	176	765	  1	
176	180	765	  1	
176	216	765	  1	
176	251	765	  1	
176	360	765	  1	
176	376	765	  1	
176	431	765	  1	
178	142	765	  1	
179	 84	765	  1	
179	223	765	  1	
179	303	765	  1	
179	347	765	  1	
179	471	765	  1	
180	185	765	  1	
180	255	765	  1	
181	286	765	  1	
182	136	765	  1	
182	251	765	  1	
183	  0	765	  1	
183	114	765	  1	
183	191	765	  1	
183	216	765	  1	
183	431	765	  1	
184	101	765	  1	
184	141	765	  1	
184	176	765	  1	
184	206	765	  1	
184	215	765	  1	
184	221	765	  1	
184	252	765	  1	
184	304	765	  1	
184	311	765	  1	
184	392	765	  1	
184	416	765	  1	
184	533	765	  1	
186	383	765	  1	
187	 81	765	  1	
188	 82	765	  1	
188	 96	765	  1	
188	352	765	  1	
189	 95	765	  1	
189	104	765	  1	
189	216	765	  1	
189	240	765	  1	
189	295	765	  1	
189	448	765	  1	
191	 88	765	  1	
191	208	765	  1	
191	307	765	  1	
191	392	765	  1	
192	 82	765	  1	
192	102	765	  1	
192	112	765	  1	
192	149	765	  1	
192	160	765	  1	
192	167	765	  1	
192	210	765	  1	
192	232	765	  1	
192	328	765	  1	
192	373	765	  1	
192	376	765	  1	
192	385	765	  1	
192	464	765	  1	
194	583	765	  1	
195	143	765	  1	
195	242	765	  1	
195	338	765	  1	
195	534	765	  1	
197	 80	765	  1	
197	112	765	  1	
197	232	765	  1	
197	334	765	  1	
198	185	765	  1	
198	304	765	  1	
198	343	765	  1	
199	 32	765	  1	
199	 39	765	  1	
199	 95	765	  1	
199	163	765	  1	
199	240	765	  1	
199	391	765	  1	
199	414	765	  1	
199	471	765	  1	
200	 63	765	  1	
200	 82	765	  1	
200	122	765	  1	
200	133	765	  1	
200	143	765	  1	
200	165	765	  1	
200	195	765	  1	
200	218	765	  1	
200	288	765	  1	
200	368	765	  1	
200	456	765	  1	
202	215	765	  1	
202	240	765	  1	
202	247	765	  1	
203	144	765	  1	
203	304	765	  1	
203	311	765	  1	
203	328	765	  1	
203	463	765	  1	
204	358	765	  1	
204	386	765	  1	
205	 72	765	  1	
205	 79	765	  1	
205	198	765	  1	
206	 87	765	  1	
206	112	765	  1	
206	379	765	  1	
207	 63	765	  1	
207	456	765	  1	
208	  1	765	  1	
208	 95	765	  1	
208	144	765	  1	
208	228	765	  1	
208	371	765	  1	
209	519	765	  1	
210	199	765	  1	
211	253	765	  1	
211	279	765	  1	
211	367	765	  1	
212	 88	765	  1	
212	514	765	  1	
213	121	765	  1	
213	376	765	  1	
214	  4	765	  1	
214	554	765	  1	
215	116	765	  1	
215	368	765	  1	
215	519	765	  1	
216	 23	765	  1	
216	 38	765	  1	
216	 51	765	  1	
216	 79	765	  1	
216	 96	765	  1	
216	111	765	  1	
216	131	765	  1	
216	141	765	  1	
216	162	765	  1	
216	167	765	  1	
216	184	765	  1	
216	268	765	  1	
216	315	765	  1	
216	381	765	  1	
217	336	765	  1	
218	376	765	  1	
219	 16	765	  1	
219	 72	765	  1	
219	235	765	  1	
219	272	765	  1	
219	419	765	  1	
220	104	765	  1	
220	270	765	  1	
220	279	765	  1	
221	190	765	  1	
221	359	765	  1	
222	 55	765	  1	
222	176	765	  1	
223	 23	765	  1	
223	 47	765	  1	
223	 79	765	  1	
223	109	765	  1	
223	128	765	  1	
223	135	765	  1	
223	298	765	  1	
223	303	765	  1	
223	315	765	  1	
223	383	765	  1	
223	511	765	  1	
224	  2	765	  1	
224	  8	765	  1	
224	 40	765	  1	
224	 53	765	  1	
224	 96	765	  1	
224	100	765	  1	
224	200	765	  1	
224	212	765	  1	
224	232	765	  1	
224	256	765	  1	
224	307	765	  1	
224	376	765	  1	
225	122	765	  1	
226	296	765	  1	
226	303	765	  1	
227	 15	765	  1	
227	 56	765	  1	
227	 63	765	  1	
227	 72	765	  1	
227	263	765	  1	
227	331	765	  1	
228	240	765	  1	
228	339	765	  1	
228	390	765	  1	
229	 43	765	  1	
229	 87	765	  1	
229	157	765	  1	
230	152	765	  1	
230	247	765	  1	
230	351	765	  1	
230	379	765	  1	
231	  8	765	  1	
231	 78	765	  1	
231	212	765	  1	
231	256	765	  1	
231	264	765	  1	
231	272	765	  1	
231	304	765	  1	
231	311	765	  1	
231	328	765	  1	
231	424	765	  1	
231	579	765	  1	
232	 75	765	  1	
232	132	765	  1	
232	141	765	  1	
232	145	765	  1	
232	160	765	  1	
232	181	765	  1	
232	189	765	  1	
232	199	765	  1	
232	235	765	  1	
232	252	765	  1	
232	354	765	  1	
232	359	765	  1	
232	415	765	  1	
232	471	765	  1	
232	496	765	  1	
232	564	765	  1	
233	110	765	  1	
233	224	765	  1	
234	173	765	  1	
235	 80	765	  1	
235	479	765	  1	
236	 72	765	  1	
237	136	765	  1	
237	145	765	  1	
237	190	765	  1	
237	326	765	  1	
237	403	765	  1	
237	411	765	  1	
237	560	765	  1	
238	152	765	  1	
238	159	765	  1	
238	455	765	  1	
239	176	765	  1	
239	183	765	  1	
239	195	765	  1	
239	287	765	  1	
239	351	765	  1	
240	 13	765	  1	
240	 56	765	  1	
240	 64	765	  1	
240	 88	765	  1	
240	160	765	  1	
240	229	765	  1	
240	243	765	  1	
240	253	765	  1	
240	275	765	  1	
240	315	765	  1	
240	352	765	  1	
240	384	765	  1	
240	394	765	  1	
240	400	765	  1	
240	407	765	  1	
240	503	765	  1	
240	552	765	  1	
241	328	765	  1	
242	104	765	  1	
242	392	765	  1	
243	 32	765	  1	
243	200	765	  1	
243	260	765	  1	
243	359	765	  1	
244	160	765	  1	
245	 70	765	  1	
246	244	765	  1	
246	323	765	  1	
246	395	765	  1	
246	556	765	  1	
247	240	765	  1	
247	248	765	  1	
247	312	765	  1	
247	319	765	  1	
247	352	765	  1	
248	 54	765	  1	
248	 77	765	  1	
248	139	765	  1	
248	144	765	  1	
248	221	765	  1	
248	267	765	  1	
248	304	765	  1	
248	365	765	  1	
248	378	765	  1	
248	510	765	  1	
248	575	765	  1	
250	 72	765	  1	
250	192	765	  1	
250	496	765	  1	
250	568	765	  1	
251	104	765	  1	
251	109	765	  1	
251	320	765	  1	
252	100	765	  1	
252	360	765	  1	
253	 40	765	  1	
253	216	765	  1	
253	291	765	  1	
253	296	765	  1	
253	301	765	  1	
253	399	765	  1	
254	 16	765	  1	
254	 78	765	  1	
254	 84	765	  1	
254	198	765	  1	
255	111	765	  1	
255	263	765	  1	
255	279	765	  1	
256	 39	765	  1	
256	 64	765	  1	
256	 75	765	  1	
256	113	765	  1	
256	155	765	  1	
256	190	765	  1	
256	208	765	  1	
256	221	765	  1	
256	304	765	  1	
256	319	765	  1	
256	410	765	  1	
256	504	765	  1	
257	 24	765	  1	
258	143	765	  1	
259	 79	765	  1	
259	 88	765	  1	
259	168	765	  1	
259	246	765	  1	
259	311	765	  1	
259	392	765	  1	
259	399	765	  1	
260	288	765	  1	
260	303	765	  1	
260	508	765	  1	
261	 39	765	  1	
261	 48	765	  1	
261	187	765	  1	
261	268	765	  1	
261	376	765	  1	
262	 73	765	  1	
262	174	765	  1	
262	208	765	  1	
262	240	765	  1	
262	295	765	  1	
263	119	765	  1	
263	319	765	  1	
263	368	765	  1	
264	  0	765	  1	
264	 13	765	  1	
264	 56	765	  1	
264	 76	765	  1	
264	112	765	  1	
264	133	765	  1	
264	166	765	  1	
264	176	765	  1	
264	199	765	  1	
264	205	765	  1	
264	216	765	  1	
264	280	765	  1	
264	520	765	  1	
265	526	765	  1	
266	 62	765	  1	
266	352	765	  1	
267	248	765	  1	
267	271	765	  1	
267	392	765	  1	
267	408	765	  1	
268	195	765	  1	
268	264	765	  1	
268	521	765	  1	
269	  6	765	  1	
269	163	765	  1	
269	263	765	  1	
269	474	765	  1	
269	504	765	  1	
270	 56	765	  1	
270	149	765	  1	
270	414	765	  1	
271	446	765	  1	
272	 64	765	  1	
272	 78	765	  1	
272	152	765	  1	
272	239	765	  1	
272	304	765	  1	
272	375	765	  1	
272	401	765	  1	
272	520	765	  1	
272	558	765	  1	
273	255	765	  1	
274	 47	765	  1	
275	 15	765	  1	
275	159	765	  1	
275	302	765	  1	
276	526	765	  1	
277	 35	765	  1	
277	139	765	  1	
277	352	765	  1	
277	512	765	  1	
278	 56	765	  1	
278	528	765	  1	
279	  8	765	  1	
279	152	765	  1	
279	414	765	  1	
279	504	765	  1	
280	 24	765	  1	
280	 48	765	  1	
280	123	765	  1	
280	247	765	  1	
280	285	765	  1	
280	309	765	  1	
280	319	765	  1	
280	365	765	  1	
280	460	765	  1	
280	482	765	  1	
280	500	765	  1	
280	511	765	  1	
283	174	765	  1	
283	232	765	  1	
283	262	765	  1	
283	409	765	  1	
283	504	765	  1	
283	528	765	  1	
284	242	765	  1	
284	383	765	  1	
284	456	765	  1	
285	 56	765	  1	
285	255	765	  1	
285	304	765	  1	
285	368	765	  1	
285	400	765	  1	
285	415	765	  1	
287	405	765	  1	
287	500	765	  1	
287	511	765	  1	
288	  6	765	  1	
288	 16	765	  1	
288	 32	765	  1	
288	 88	765	  1	
288	 96	765	  1	
288	127	765	  1	
288	133	765	  1	
288	143	765	  1	
288	150	765	  1	
288	200	765	  1	
288	291	765	  1	
288	309	765	  1	
288	312	765	  1	
288	384	765	  1	
288	400	765	  1	
288	416	765	  1	
289	 81	765	  1	
289	304	765	  1	
290	128	765	  1	
291	 38	765	  1	
291	391	765	  1	
292	143	765	  1	
293	147	765	  1	
294	  4	765	  1	
295	120	765	  1	
295	308	765	  1	
295	384	765	  1	
296	  0	765	  1	
296	 24	765	  1	
296	 94	765	  1	
296	116	765	  1	
296	140	765	  1	
296	152	765	  1	
296	184	765	  1	
296	189	765	  1	
296	214	765	  1	
296	229	765	  1	
296	249	765	  1	
296	293	765	  1	
296	304	765	  1	
296	318	765	  1	
296	339	765	  1	
296	383	765	  1	
296	400	765	  1	
296	411	765	  1	
296	424	765	  1	
296	471	765	  1	
296	512	765	  1	
296	518	765	  1	
296	524	765	  1	
298	301	765	  1	
298	367	765	  1	
299	102	765	  1	
299	245	765	  1	
299	296	765	  1	
299	376	765	  1	
300	 88	765	  1	
300	312	765	  1	
301	  4	765	  1	
301	 71	765	  1	
301	 80	765	  1	
301	144	765	  1	
301	151	765	  1	
301	176	765	  1	
301	287	765	  1	
301	355	765	  1	
302	 28	765	  1	
302	226	765	  1	
302	415	765	  1	
303	 85	765	  1	
303	200	765	  1	
303	304	765	  1	
303	383	765	  1	
303	402	765	  1	
303	407	765	  1	
304	 79	765	  1	
304	194	765	  1	
304	207	765	  1	
304	216	765	  1	
304	295	765	  1	
304	320	765	  1	
304	327	765	  1	
304	343	765	  1	
304	377	765	  1	
304	490	765	  1	
306	 55	765	  1	
306	285	765	  1	
306	301	765	  1	
306	395	765	  1	
307	371	765	  1	
308	  0	765	  1	
308	 22	765	  1	
308	247	765	  1	
309	175	765	  1	
309	188	765	  1	
309	231	765	  1	
309	239	765	  1	
309	423	765	  1	
310	 16	765	  1	
310	199	765	  1	
310	203	765	  1	
311	248	765	  1	
311	343	765	  1	
311	400	765	  1	
311	407	765	  1	
311	413	765	  1	
312	 12	765	  1	
312	 82	765	  1	
312	 88	765	  1	
312	105	765	  1	
312	112	765	  1	
312	125	765	  1	
312	139	765	  1	
312	149	765	  1	
312	357	765	  1	
312	365	765	  1	
312	388	765	  1	
312	416	765	  1	
312	550	765	  1	
313	 15	765	  1	
313	144	765	  1	
314	352	765	  1	
314	397	765	  1	
314	474	765	  1	
315	232	765	  1	
315	255	765	  1	
315	326	765	  1	
315	592	765	  1	
316	199	765	  1	
317	136	765	  1	
317	184	765	  1	
317	360	765	  1	
318	 87	765	  1	
318	148	765	  1	
318	158	765	  1	
318	320	765	  1	
318	349	765	  1	
318	386	765	  1	
318	454	765	  1	
318	598	765	  1	
319	  7	765	  1	
319	  9	765	  1	
319	248	765	  1	
319	343	765	  1	
319	416	765	  1	
319	423	765	  1	
319	439	765	  1	
319	445	765	  1	
319	495	765	  1	
320	  0	765	  1	
320	 21	765	  1	
320	 53	765	  1	
320	 72	765	  1	
320	 91	765	  1	
320	123	765	  1	
320	178	765	  1	
320	183	765	  1	
320	200	765	  1	
320	224	765	  1	
320	288	765	  1	
320	295	765	  1	
320	400	765	  1	
320	407	765	  1	
320	412	765	  1	
321	131	765	  1	
321	352	765	  1	
322	  7	765	  1	
322	136	765	  1	
322	230	765	  1	
322	330	765	  1	
322	373	765	  1	
323	 79	765	  1	
323	388	765	  1	
323	392	765	  1	
324	384	765	  1	
325	203	765	  1	
325	224	765	  1	
325	280	765	  1	
325	287	765	  1	
325	368	765	  1	
326	  0	765	  1	
326	176	765	  1	
326	181	765	  1	
326	512	765	  1	
327	152	765	  1	
327	208	765	  1	
327	230	765	  1	
328	  3	765	  1	
328	 39	765	  1	
328	 76	765	  1	
328	 82	765	  1	
328	 87	765	  1	
328	 96	765	  1	
328	104	765	  1	
328	136	765	  1	
328	197	765	  1	
328	277	765	  1	
328	291	765	  1	
328	299	765	  1	
328	309	765	  1	
328	360	765	  1	
328	379	765	  1	
328	448	765	  1	
328	456	765	  1	
328	460	765	  1	
328	464	765	  1	
329	103	765	  1	
329	128	765	  1	
330	 68	765	  1	
330	139	765	  1	
331	174	765	  1	
331	287	765	  1	
331	312	765	  1	
331	326	765	  1	
331	455	765	  1	
331	584	765	  1	
333	 56	765	  1	
333	 79	765	  1	
333	211	765	  1	
333	227	765	  1	
333	245	765	  1	
333	304	765	  1	
333	320	765	  1	
333	344	765	  1	
333	447	765	  1	
333	480	765	  1	
334	128	765	  1	
334	272	765	  1	
334	288	765	  1	
334	367	765	  1	
334	591	765	  1	
335	 96	765	  1	
335	104	765	  1	
335	136	765	  1	
335	152	765	  1	
335	280	765	  1	
335	376	765	  1	
335	383	765	  1	
335	440	765	  1	
335	544	765	  1	
335	551	765	  1	
336	 16	765	  1	
336	 37	765	  1	
336	 46	765	  1	
336	138	765	  1	
336	171	765	  1	
336	232	765	  1	
336	239	765	  1	
336	358	765	  1	
336	371	765	  1	
336	471	765	  1	
336	482	765	  1	
337	328	765	  1	
338	 40	765	  1	
338	160	765	  1	
338	310	765	  1	
338	463	765	  1	
339	111	765	  1	
339	336	765	  1	
339	352	765	  1	
340	 99	765	  1	
340	235	765	  1	
340	471	765	  1	
341	  0	765	  1	
341	 54	765	  1	
341	128	765	  1	
341	165	765	  1	
341	283	765	  1	
341	416	765	  1	
341	480	765	  1	
342	 47	765	  1	
342	106	765	  1	
342	304	765	  1	
342	458	765	  1	
343	208	765	  1	
343	320	765	  1	
343	356	765	  1	
343	368	765	  1	
343	375	765	  1	
343	410	765	  1	
343	443	765	  1	
343	488	765	  1	
344	  3	765	  1	
344	 32	765	  1	
344	 39	765	  1	
344	 44	765	  1	
344	 69	765	  1	
344	 83	765	  1	
344	104	765	  1	
344	167	765	  1	
344	170	765	  1	
344	191	765	  1	
344	224	765	  1	
344	254	765	  1	
344	344	765	  1	
344	367	765	  1	
344	400	765	  1	
346	109	765	  1	
346	230	765	  1	
347	  8	765	  1	
347	 72	765	  1	
347	128	765	  1	
347	160	765	  1	
347	184	765	  1	
347	248	765	  1	
347	272	765	  1	
347	304	765	  1	
348	528	765	  1	
348	591	765	  1	
349	 88	765	  1	
349	415	765	  1	
349	423	765	  1	
349	428	765	  1	
349	480	765	  1	
350	224	765	  1	
350	271	765	  1	
350	344	765	  1	
350	535	765	  1	
351	 35	765	  1	
351	143	765	  1	
351	167	765	  1	
351	191	765	  1	
351	256	765	  1	
351	260	765	  1	
352	  7	765	  1	
352	 22	765	  1	
352	177	765	  1	
352	211	765	  1	
352	218	765	  1	
352	223	765	  1	
352	272	765	  1	
352	301	765	  1	
352	309	765	  1	
352	360	765	  1	
352	453	765	  1	
352	499	765	  1	
354	240	765	  1	
354	262	765	  1	
354	423	765	  1	
354	448	765	  1	
355	208	765	  1	
355	215	765	  1	
355	328	765	  1	
355	367	765	  1	
357	  3	765	  1	
357	 56	765	  1	
357	 71	765	  1	
357	168	765	  1	
357	175	765	  1	
357	184	765	  1	
357	245	765	  1	
358	 28	765	  1	
358	240	765	  1	
358	256	765	  1	
358	454	765	  1	
359	211	765	  1	
359	274	765	  1	
359	283	765	  1	
359	360	765	  1	
359	496	765	  1	
359	503	765	  1	
360	 48	765	  1	
360	121	765	  1	
360	146	765	  1	
360	216	765	  1	
360	232	765	  1	
360	309	765	  1	
360	334	765	  1	
360	421	765	  1	
360	460	765	  1	
360	495	765	  1	
361	112	765	  1	
361	448	765	  1	
362	221	765	  1	
362	496	765	  1	
363	136	765	  1	
363	216	765	  1	
363	245	765	  1	
363	399	765	  1	
363	488	765	  1	
364	378	765	  1	
364	389	765	  1	
365	  0	765	  1	
365	318	765	  1	
365	416	765	  1	
365	583	765	  1	
366	114	765	  1	
366	264	765	  1	
367	221	765	  1	
367	331	765	  1	
367	400	765	  1	
367	456	765	  1	
367	495	765	  1	
367	599	765	  1	
368	 54	765	  1	
368	 78	765	  1	
368	131	765	  1	
368	295	765	  1	
368	440	765	  1	
368	475	765	  1	
368	503	765	  1	
368	517	765	  1	
368	596	765	  1	
369	467	765	  1	
370	  6	765	  1	
370	 92	765	  1	
370	291	765	  1	
371	398	765	  1	
371	407	765	  1	
371	451	765	  1	
372	 64	765	  1	
372	150	765	  1	
372	440	765	  1	
373	168	765	  1	
373	259	765	  1	
373	264	765	  1	
373	272	765	  1	
374	  0	765	  1	
374	 71	765	  1	
374	 88	765	  1	
374	429	765	  1	
374	455	765	  1	
374	459	765	  1	
375	280	765	  1	
375	287	765	  1	
375	355	765	  1	
375	445	765	  1	
375	465	765	  1	
375	472	765	  1	
375	479	765	  1	
375	503	765	  1	
375	596	765	  1	
376	 22	765	  1	
376	 31	765	  1	
376	 98	765	  1	
376	154	765	  1	
376	182	765	  1	
376	224	765	  1	
376	231	765	  1	
376	303	765	  1	
376	320	765	  1	
376	336	765	  1	
376	354	765	  1	
376	387	765	  1	
376	398	765	  1	
376	507	765	  1	
377	 16	765	  1	
377	136	765	  1	
377	143	765	  1	
378	103	765	  1	
378	158	765	  1	
379	208	765	  1	
379	296	765	  1	
379	327	765	  1	
379	343	765	  1	
379	424	765	  1	
379	527	765	  1	
381	176	765	  1	
381	362	765	  1	
382	391	765	  1	
382	503	765	  1	
383	215	765	  1	
383	227	765	  1	
383	336	765	  1	
383	396	765	  1	
383	431	765	  1	
383	507	765	  1	
384	 10	765	  1	
384	 20	765	  1	
384	138	765	  1	
384	168	765	  1	
384	189	765	  1	
384	205	765	  1	
384	256	765	  1	
384	273	765	  1	
384	288	765	  1	
384	323	765	  1	
384	344	765	  1	
384	350	765	  1	
384	359	765	  1	
384	392	765	  1	
384	416	765	  1	
384	456	765	  1	
384	492	765	  1	
386	 61	765	  1	
387	 80	765	  1	
387	279	765	  1	
387	408	765	  1	
387	446	765	  1	
387	463	765	  1	
388	184	765	  1	
388	192	765	  1	
388	235	765	  1	
388	274	765	  1	
389	 49	765	  1	
389	215	765	  1	
389	256	765	  1	
390	 12	765	  1	
390	296	765	  1	
390	380	765	  1	
391	142	765	  1	
392	  2	765	  1	
392	 15	765	  1	
392	 76	765	  1	
392	 80	765	  1	
392	116	765	  1	
392	120	765	  1	
392	155	765	  1	
392	187	765	  1	
392	221	765	  1	
392	240	765	  1	
392	320	765	  1	
392	338	765	  1	
392	440	765	  1	
392	446	765	  1	
392	489	765	  1	
394	152	765	  1	
394	158	765	  1	
395	  8	765	  1	
395	175	765	  1	
395	200	765	  1	
395	256	765	  1	
395	443	765	  1	
395	496	765	  1	
397	216	765	  1	
398	416	765	  1	
398	459	765	  1	
399	 15	765	  1	
399	184	765	  1	
399	191	765	  1	
399	421	765	  1	
399	575	765	  1	
400	 16	765	  1	
400	 46	765	  1	
400	136	765	  1	
400	151	765	  1	
400	153	765	  1	
400	163	765	  1	
400	180	765	  1	
400	194	765	  1	
400	242	765	  1	
400	309	765	  1	
400	344	765	  1	
402	336	765	  1	
402	350	765	  1	
403	183	765	  1	
403	504	765	  1	
405	  6	765	  1	
405	146	765	  1	
405	184	765	  1	
405	191	765	  1	
405	197	765	  1	
405	488	765	  1	
406	167	765	  1	
406	178	765	  1	
406	200	765	  1	
407	 46	765	  1	
407	503	765	  1	
407	519	765	  1	
408	 61	765	  1	
408	152	765	  1	
408	168	765	  1	
408	203	765	  1	
408	238	765	  1	
408	256	765	  1	
408	264	765	  1	
408	271	765	  1	
408	291	765	  1	
408	305	765	  1	
408	359	765	  1	
408	416	765	  1	
408	424	765	  1	
408	480	765	  1	
409	319	765	  1	
409	338	765	  1	
410	427	765	  1	
410	559	765	  1	
411	  8	765	  1	
411	192	765	  1	
411	311	765	  1	
411	423	765	  1	
412	232	765	  1	
412	554	765	  1	
413	  0	765	  1	
413	 56	765	  1	
413	179	765	  1	
414	160	765	  1	
414	245	765	  1	
414	306	765	  1	
414	352	765	  1	
414	487	765	  1	
414	491	765	  1	
414	564	765	  1	
415	111	765	  1	
415	203	765	  1	
415	267	765	  1	
415	272	765	  1	
415	288	765	  1	
415	295	765	  1	
415	328	765	  1	
415	416	765	  1	
416	 38	765	  1	
416	 51	765	  1	
416	119	765	  1	
416	175	765	  1	
416	186	765	  1	
416	211	765	  1	
416	243	765	  1	
416	286	765	  1	
417	 64	765	  1	
417	126	765	  1	
418	235	765	  1	
419	191	765	  1	
420	 32	765	  1	
420	113	765	  1	
420	424	765	  1	
420	431	765	  1	
421	 98	765	  1	
421	200	765	  1	
421	207	765	  1	
421	488	765	  1	
422	  8	765	  1	
422	122	765	  1	
422	186	765	  1	
422	232	765	  1	
422	240	765	  1	
422	247	765	  1	
423	 19	765	  1	
423	178	765	  1	
423	343	765	  1	
423	345	765	  1	
423	502	765	  1	
424	  5	765	  1	
424	 16	765	  1	
424	 23	765	  1	
424	 72	765	  1	
424	133	765	  1	
424	139	765	  1	
424	152	765	  1	
424	156	765	  1	
424	166	765	  1	
424	171	765	  1	
424	216	765	  1	
424	283	765	  1	
424	288	765	  1	
424	301	765	  1	
424	328	765	  1	
424	464	765	  1	
424	504	765	  1	
427	351	765	  1	
428	122	765	  1	
428	223	765	  1	
429	200	765	  1	
429	237	765	  1	
429	240	765	  1	
431	  0	765	  1	
431	 19	765	  1	
431	272	765	  1	
431	388	765	  1	
432	 11	765	  1	
432	 23	765	  1	
432	 46	765	  1	
432	160	765	  1	
432	167	765	  1	
432	173	765	  1	
432	208	765	  1	
432	212	765	  1	
432	268	765	  1	
432	282	765	  1	
432	304	765	  1	
432	342	765	  1	
432	352	765	  1	
432	395	765	  1	
432	527	765	  1	
433	159	765	  1	
433	253	765	  1	
434	 80	765	  1	
434	216	765	  1	
435	 16	765	  1	
435	128	765	  1	
435	357	765	  1	
435	520	765	  1	
436	136	765	  1	
436	163	765	  1	
436	264	765	  1	
436	287	765	  1	
436	336	765	  1	
437	 15	765	  1	
437	 64	765	  1	
437	 71	765	  1	
437	196	765	  1	
438	  7	765	  1	
438	222	765	  1	
438	248	765	  1	
439	 23	765	  1	
439	 39	765	  1	
439	152	765	  1	
439	284	765	  1	
439	527	765	  1	
440	 51	765	  1	
440	 87	765	  1	
440	156	765	  1	
440	228	765	  1	
440	260	765	  1	
441	168	765	  1	
442	144	765	  1	
442	208	765	  1	
442	414	765	  1	
445	 88	765	  1	
445	175	765	  1	
445	228	765	  1	
445	364	765	  1	
446	  0	765	  1	
446	 80	765	  1	
446	101	765	  1	
446	120	765	  1	
446	152	765	  1	
446	214	765	  1	
446	248	765	  1	
446	261	765	  1	
446	307	765	  1	
447	252	765	  1	
447	568	765	  1	
447	575	765	  1	
448	 20	765	  1	
448	 46	765	  1	
448	 56	765	  1	
448	 64	765	  1	
448	 71	765	  1	
448	243	765	  1	
448	270	765	  1	
448	312	765	  1	
449	115	765	  1	
449	151	765	  1	
451	107	765	  1	
451	160	765	  1	
451	179	765	  1	
451	192	765	  1	
451	286	765	  1	
451	319	765	  1	
452	  0	765	  1	
452	  9	765	  1	
452	123	765	  1	
452	183	765	  1	
453	 43	765	  1	
453	 51	765	  1	
453	158	765	  1	
453	352	765	  1	
453	384	765	  1	
453	391	765	  1	
454	 60	765	  1	
454	223	765	  1	
454	256	765	  1	
454	268	765	  1	
454	280	765	  1	
455	 32	765	  1	
455	 67	765	  1	
455	134	765	  1	
455	150	765	  1	
455	183	765	  1	
455	227	765	  1	
455	312	765	  1	
456	 26	765	  1	
456	 72	765	  1	
456	115	765	  1	
456	140	765	  1	
456	192	765	  1	
456	203	765	  1	
456	303	765	  1	
457	130	765	  1	
457	296	765	  1	
458	 38	765	  1	
458	106	765	  1	
458	212	765	  1	
459	240	765	  1	
460	  0	765	  1	
460	 96	765	  1	
460	102	765	  1	
460	168	765	  1	
461	119	765	  1	
461	248	765	  1	
461	327	765	  1	
462	 35	765	  1	
462	206	765	  1	
463	 88	765	  1	
463	175	765	  1	
463	300	765	  1	
464	 43	765	  1	
464	 61	765	  1	
464	 67	765	  1	
464	 77	765	  1	
464	130	765	  1	
464	193	765	  1	
464	213	765	  1	
464	237	765	  1	
464	264	765	  1	
465	141	765	  1	
466	 56	765	  1	
467	 27	765	  1	
467	271	765	  1	
468	 23	765	  1	
469	 72	765	  1	
469	 80	765	  1	
470	 16	765	  1	
470	 62	765	  1	
470	139	765	  1	
471	  0	765	  1	
471	  7	765	  1	
471	 40	765	  1	
471	 47	765	  1	
471	237	765	  1	
471	264	765	  1	
472	 39	765	  1	
472	 96	765	  1	
472	112	765	  1	
472	122	765	  1	
472	176	765	  1	
472	216	765	  1	
472	223	765	  1	
472	293	765	  1	
474	 88	765	  1	
474	288	765	  1	
475	  6	765	  1	
477	 32	765	  1	
477	 48	765	  1	
477	272	765	  1	
478	115	765	  1	
478	294	765	  1	
479	 99	765	  1	
479	176	765	  1	
480	 16	765	  1	
480	 23	765	  1	
480	 66	765	  1	
480	 78	765	  1	
480	168	765	  1	
480	174	765	  1	
480	188	765	  1	
480	280	765	  1	
480	299	765	  1	
481	254	765	  1	
481	384	765	  1	
482	 34	765	  1	
482	 88	765	  1	
482	 99	765	  1	
482	338	765	  1	
482	366	765	  1	
483	 39	765	  1	
483	 59	765	  1	
483	125	765	  1	
483	263	765	  1	
484	 92	765	  1	
485	 64	765	  1	
485	 74	765	  1	
486	 71	765	  1	
486	127	765	  1	
487	 56	765	  1	
487	 88	765	  1	
487	 94	765	  1	
487	122	765	  1	
487	171	765	  1	
488	  3	765	  1	
488	 24	765	  1	
488	131	765	  1	
488	136	765	  1	
488	144	765	  1	
488	176	765	  1	
488	194	765	  1	
488	213	765	  1	
488	307	765	  1	
488	323	765	  1	
488	448	765	  1	
489	282	765	  1	
489	287	765	  1	
490	 40	765	  1	
490	 86	765	  1	
490	124	765	  1	
490	150	765	  1	
490	304	765	  1	
491	 96	765	  1	
491	143	765	  1	
491	208	765	  1	
492	342	765	  1	
493	 24	765	  1	
493	192	765	  1	
493	199	765	  1	
493	213	765	  1	
494	 72	765	  1	
494	 88	765	  1	
494	 95	765	  1	
494	114	765	  1	
494	119	765	  1	
494	144	765	  1	
495	103	765	  1	
495	306	765	  1	
495	336	765	  1	
496	 16	765	  1	
496	 48	765	  1	
496	 52	765	  1	
496	 67	765	  1	
496	111	765	  1	
496	149	765	  1	
496	176	765	  1	
496	224	765	  1	
496	256	765	  1	
496	286	765	  1	
496	312	765	  1	
498	280	765	  1	
499	 80	765	  1	
499	160	765	  1	
499	208	765	  1	
499	366	765	  1	
501	124	765	  1	
501	136	765	  1	
501	399	765	  1	
502	 40	765	  1	
503	 64	765	  1	
503	176	765	  1	
503	215	765	  1	
503	286	765	  1	
503	407	765	  1	
504	  8	765	  1	
504	 32	765	  1	
504	 56	765	  1	
504	112	765	  1	
504	128	765	  1	
504	152	765	  1	
504	173	765	  1	
504	200	765	  1	
504	206	765	  1	
504	288	765	  1	
504	296	765	  1	
504	312	765	  1	
505	136	765	  1	
506	 64	765	  1	
507	 22	765	  1	
509	 54	765	  1	
509	203	765	  1	
509	216	765	  1	
510	 70	765	  1	
510	104	765	  1	
510	131	765	  1	
511	271	765	  1	
512	 46	765	  1	
512	 72	765	  1	
512	 78	765	  1	
512	 88	765	  1	
512	 93	765	  1	
512	103	765	  1	
512	110	765	  1	
512	244	765	  1	
512	261	765	  1	
512	322	765	  1	
512	392	765	  1	
514	120	765	  1	
514	343	765	  1	
515	128	765	  1	
515	208	765	  1	
515	327	765	  1	
516	135	765	  1	
516	175	765	  1	
517	 14	765	  1	
517	 23	765	  1	
517	211	765	  1	
517	360	765	  1	
518	 88	765	  1	
518	108	765	  1	
519	168	765	  1	
519	222	765	  1	
519	240	765	  1	
519	256	765	  1	
519	262	765	  1	
519	280	765	  1	
520	136	765	  1	
520	150	765	  1	
520	205	765	  1	
520	224	765	  1	
520	271	765	  1	
520	273	765	  1	
520	279	765	  1	
520	288	765	  1	
520	306	765	  1	
521	 48	765	  1	
521	103	765	  1	
521	133	765	  1	
522	218	765	  1	
523	231	765	  1	
524	 96	765	  1	
524	240	765	  1	
524	264	765	  1	
525	159	765	  1	
525	167	765	  1	
526	 88	765	  1	
526	103	765	  1	
526	114	765	  1	
526	215	765	  1	
527	 99	765	  1	
527	122	765	  1	
527	218	765	  1	
527	224	765	  1	
528	  2	765	  1	
528	 32	765	  1	
528	 72	765	  1	
528	 89	765	  1	
528	136	765	  1	
528	176	765	  1	
528	314	765	  1	
528	378	765	  1	
528	383	765	  1	
530	103	765	  1	
530	245	765	  1	
531	 36	765	  1	
531	 95	765	  1	
531	120	765	  1	
531	160	765	  1	
531	206	765	  1	
531	384	765	  1	
532	 88	765	  1	
532	234	765	  1	
533	  3	765	  1	
533	144	765	  1	
533	224	765	  1	
534	 99	765	  1	
534	200	765	  1	
534	253	765	  1	
534	378	765	  1	
535	176	765	  1	
535	383	765	  1	
536	186	765	  1	
536	191	765	  1	
536	199	765	  1	
536	206	765	  1	
536	375	765	  1	
536	440	765	  1	
537	 56	765	  1	
538	120	765	  1	
538	255	765	  1	
539	 24	765	  1	
539	160	765	  1	
539	368	765	  1	
539	479	765	  1	
541	128	765	  1	
542	379	765	  1	
543	 32	765	  1	
543	375	765	  1	
543	440	765	  1	
544	 96	765	  1	
544	103	765	  1	
544	120	765	  1	
544	141	765	  1	
544	171	765	  1	
544	248	765	  1	
544	261	765	  1	
545	 72	765	  1	
545	 79	765	  1	
546	560	765	  1	
547	  3	765	  1	
547	194	765	  1	
547	207	765	  1	
547	368	765	  1	
548	152	765	  1	
548	184	765	  1	
548	426	765	  1	
549	136	765	  1	
549	253	765	  1	
549	256	765	  1	
549	439	765	  1	
550	127	765	  1	
551	144	765	  1	
551	158	765	  1	
552	 64	765	  1	
552	112	765	  1	
552	128	765	  1	
552	170	765	  1	
552	216	765	  1	
552	220	765	  1	
552	274	765	  1	
552	295	765	  1	
553	304	765	  1	
554	 55	765	  1	
554	 80	765	  1	
554	179	765	  1	
555	206	765	  1	
555	472	765	  1	
556	 75	765	  1	
557	240	765	  1	
558	 86	765	  1	
558	181	765	  1	
558	221	765	  1	
558	552	765	  1	
559	119	765	  1	
559	216	765	  1	
559	309	765	  1	
560	 55	765	  1	
560	136	765	  1	
560	160	765	  1	
560	194	765	  1	
560	274	765	  1	
560	408	765	  1	
562	119	765	  1	
562	272	765	  1	
563	170	765	  1	
563	190	765	  1	
565	180	765	  1	
565	199	765	  1	
566	164	765	  1	
566	303	765	  1	
567	 23	765	  1	
567	 48	765	  1	
567	114	765	  1	
567	285	765	  1	
568	 88	765	  1	
568	141	765	  1	
568	152	765	  1	
568	166	765	  1	
568	216	765	  1	
568	230	765	  1	
568	245	765	  1	
568	250	765	  1	
568	391	765	  1	
569	208	765	  1	
570	197	765	  1	
570	224	765	  1	
570	319	765	  1	
571	 95	765	  1	
571	278	765	  1	
572	376	765	  1	
573	168	765	  1	
573	236	765	  1	
573	242	765	  1	
573	296	765	  1	
573	301	765	  1	
575	 88	765	  1	
575	287	765	  1	
576	 45	765	  1	
576	170	765	  1	
576	223	765	  1	
576	264	765	  1	
576	279	765	  1	
578	229	765	  1	
578	272	765	  1	
579	134	765	  1	
579	216	765	  1	
579	224	765	  1	
581	143	765	  1	
581	208	765	  1	
581	215	765	  1	
581	240	765	  1	
581	247	765	  1	
582	181	765	  1	
583	223	765	  1	
583	264	765	  1	
584	  5	765	  1	
584	 93	765	  1	
584	 96	765	  1	
584	105	765	  1	
584	190	765	  1	
584	193	765	  1	
584	238	765	  1	
584	302	765	  1	
584	351	765	  1	
584	360	765	  1	
584	400	765	  1	
584	419	765	  1	
586	205	765	  1	
587	324	765	  1	
588	200	765	  1	
589	184	765	  1	
589	352	765	  1	
590	347	765	  1	
591	193	765	  1	
591	211	765	  1	
591	251	765	  1	
592	  6	765	  1	
592	187	765	  1	
592	216	765	  1	
592	223	765	  1	
592	259	765	  1	
592	311	765	  1	
592	424	765	  1	
593	 56	765	  1	
593	445	765	  1	
596	  7	765	  1	
596	236	765	  1	
597	240	765	  1	
599	100	765	  1	
599	184	765	  1	
599	191	765	  1	
599	208	765	  1	
599	215	765	  1	
600	 64	765	  1	
600	 88	765	  1	
600	 96	765	  1	
600	103	765	  1	
600	232	765	  1	
600	253	765	  1	
600	272	765	  1	
600	279	765	  1	
600	286	765	  1	
603	104	765	  1	
603	257	765	  1	
604	234	765	  1	
604	254	765	  1	
604	288	765	  1	
606	141	765	  1	
606	199	765	  1	
607	 99	765	  1	
607	251	765	  1	
607	275	765	  1	
608	196	765	  1	
608	262	765	  1	
608	351	765	  1	
608	478	765	  1	
609	237	765	  1	
611	 87	765	  1	
611	127	765	  1	
611	344	765	  1	
611	407	765	  1	
612	256	765	  1	
613	 88	765	  1	
613	 93	765	  1	
614	235	765	  1	
615	351	765	  1	
615	360	765	  1	
616	280	765	  1	
616	286	765	  1	
616	296	765	  1	
619	 55	765	  1	
619	 88	765	  1	
621	283	765	  1	
623	 68	765	  1	
623	219	765	  1	
624	 70	765	  1	
624	 80	765	  1	
624	 98	765	  1	
624	103	765	  1	
624	168	765	  1	
626	269	765	  1	
627	264	765	  1	
627	434	765	  1	
629	 63	765	  1	
629	 85	765	  1	
630	 71	765	  1	
631	167	765	  1	
631	408	765	  1	
632	151	765	  1	
632	288	765	  1	
632	344	765	  1	
633	208	765	  1	
634	215	765	  1	
635	 79	765	  1	
635	295	765	  1	
635	315	765	  1	
635	350	765	  1	
639	167	765	  1	
639	232	765	  1	
639	288	765	  1	
640	296	765	  1	
640	303	765	  1	
640	312	765	  1	
640	336	765	  1	
640	359	765	  1	
645	389	765	  1	
645	441	765	  1	
646	347	765	  1	
646	423	765	  1	
647	 83	765	  1	
647	255	765	  1	
647	299	765	  1	
647	339	765	  1	
648	301	765	  1	
650	334	765	  1	
652	301	765	  1	
654	118	765	  1	
655	147	765	  1	
655	352	765	  1	
655	360	765	  1	
656	 91	765	  1	
656	101	765	  1	
656	120	765	  1	
656	144	765	  1	
659	127	765	  1	
659	224	765	  1	
659	424	765	  1	
661	361	765	  1	
662	339	765	  1	
662	368	765	  1	
663	 76	765	  1	
663	101	765	  1	
663	120	765	  1	
663	144	765	  1	
663	192	765	  1	
675	 96	765	  1	
677	584	765	  1	
679	115	765	  1	
679	240	765	  1	
680	148	765	  1	
680	366	765	  1	
687	133	765	  1	
687	256	765	  1	
696	287	765	  1	
703	181	765	  1	
704	159	765	  1	
704	213	765	  1	
712	309	765	  1	
727	408	765	  1	
733	198	765	  1	
734	333	765	  1	
743	352	765	  1	
751	300	765	  1	
783	559	765	  1	
790	194	765	  1	
