# 
#  Image file: Goad1_T0107.jpg
#  Applied threshold: 575
#  Algorithm used: fill2                 
#  Particle count: 2013
#  Location (x,y), max luminance, and mass:
# 
  0	535	765	  1	
  2	180	765	  1	
  5	144	765	  1	
 11	184	765	  1	
 14	  7	765	  1	
 16	194	765	  1	
 16	423	765	  1	
 24	143	765	  1	
 27	 64	765	  1	
 28	480	765	  1	
 32	343	765	  1	
 37	107	765	  1	
 40	 53	765	  1	
 47	128	765	  1	
 64	 76	765	  1	
 64	232	765	  1	
 64	311	765	  1	
 68	281	765	  1	
 71	295	765	  1	
 71	304	765	  1	
 72	107	765	  1	
 74	152	765	  1	
 76	239	765	  1	
 78	586	765	  1	
 79	259	765	  1	
 86	210	765	  1	
 86	212	765	  1	
 87	411	765	  1	
 88	176	765	  1	
 88	192	765	  1	
 88	211	765	  1	
 88	224	765	  1	
 88	295	765	  1	
 88	352	765	  1	
 91	288	765	  1	
 92	316	765	  1	
 94	 82	765	  1	
 94	 96	765	  1	
 94	136	765	  1	
 94	143	765	  1	
 95	295	765	  1	
 95	314	765	  1	
 95	327	765	  1	
 95	535	765	  1	
 99	143	765	  1	
102	585	765	  1	
103	136	765	  1	
103	200	765	  1	
103	319	765	  1	
104	127	765	  1	
104	188	765	  1	
104	214	765	  1	
105	587	765	  1	
107	400	765	  1	
107	502	765	  1	
108	184	765	  1	
109	107	765	  1	
111	127	765	  1	
112	102	765	  1	
112	191	765	  1	
112	384	765	  1	
113	165	765	  1	
114	163	765	  1	
114	335	765	  1	
114	407	765	  1	
114	419	765	  1	
115	103	765	  1	
116	162	765	  1	
117	161	765	  1	
118	191	765	  1	
119	368	765	  1	
120	219	765	  1	
120	271	765	  1	
120	290	765	  1	
123	172	765	  1	
126	165	765	  1	
127	160	765	  1	
127	216	765	  1	
127	223	765	  1	
127	256	765	  1	
127	271	765	  1	
127	391	765	  1	
127	487	765	  1	
127	522	765	  1	
128	152	765	  1	
128	202	765	  1	
130	295	765	  1	
131	192	765	  1	
133	 79	765	  1	
133	303	765	  1	
134	144	765	  1	
135	160	765	  1	
135	167	765	  1	
136	110	765	  1	
136	119	765	  1	
136	157	765	  1	
136	368	765	  1	
136	427	765	  1	
136	552	765	  1	
139	104	765	  1	
139	231	765	  1	
139	359	765	  1	
139	455	765	  1	
142	368	765	  1	
142	439	765	  1	
143	109	765	  1	
143	115	765	  1	
143	288	765	  1	
143	296	765	  1	
144	 24	765	  1	
144	100	765	  1	
144	247	765	  1	
144	328	765	  1	
144	335	765	  1	
144	367	765	  1	
144	395	765	  1	
144	416	765	  1	
147	110	765	  1	
147	151	765	  1	
147	360	765	  1	
147	434	765	  1	
147	455	765	  1	
147	471	765	  1	
151	  0	765	  1	
151	224	765	  1	
151	331	765	  1	
151	367	765	  1	
151	384	765	  1	
151	423	765	  1	
152	104	765	  1	
152	199	765	  1	
152	219	765	  1	
152	234	765	  1	
152	352	765	  1	
152	416	765	  1	
152	480	765	  1	
154	334	765	  1	
155	192	765	  1	
155	208	765	  1	
155	376	765	  1	
157	163	765	  1	
157	248	765	  1	
157	264	765	  1	
157	271	765	  1	
158	220	765	  1	
159	199	765	  1	
159	239	765	  1	
159	241	765	  1	
159	340	765	  1	
160	187	765	  1	
160	223	765	  1	
160	384	765	  1	
160	434	765	  1	
160	508	765	  1	
162	551	765	  1	
163	216	765	  1	
164	 16	765	  1	
165	 51	765	  1	
165	280	765	  1	
165	285	765	  1	
165	386	765	  1	
166	255	765	  1	
167	 86	765	  1	
167	168	765	  1	
167	223	765	  1	
167	528	765	  1	
167	550	765	  1	
168	  6	765	  1	
168	 28	765	  1	
168	224	765	  1	
168	231	765	  1	
168	240	765	  1	
168	312	765	  1	
168	335	765	  1	
168	367	765	  1	
168	480	765	  1	
168	510	765	  1	
170	138	765	  1	
171	247	765	  1	
173	303	765	  1	
174	279	765	  1	
175	 63	765	  1	
175	240	765	  1	
175	360	765	  1	
176	  8	765	  1	
176	243	765	  1	
176	248	765	  1	
176	325	765	  1	
176	398	765	  1	
177	387	765	  1	
178	199	765	  1	
178	536	765	  1	
179	  7	765	  1	
179	312	765	  1	
180	 12	765	  1	
180	 82	765	  1	
181	 80	765	  1	
182	162	765	  1	
182	223	765	  1	
183	140	765	  1	
183	243	765	  1	
183	256	765	  1	
183	363	765	  1	
184	 86	765	  1	
184	 95	765	  1	
184	101	765	  1	
184	112	765	  1	
184	116	765	  1	
184	127	765	  1	
184	144	765	  1	
184	200	765	  1	
184	209	765	  1	
184	215	765	  1	
184	232	765	  1	
184	271	765	  1	
184	358	765	  1	
184	511	765	  1	
186	110	765	  1	
186	256	765	  1	
188	 16	765	  1	
190	117	765	  1	
190	208	765	  1	
190	377	765	  1	
191	112	765	  1	
191	120	765	  1	
191	151	765	  1	
191	200	765	  1	
191	335	765	  1	
191	393	765	  1	
192	 32	765	  1	
192	 50	765	  1	
192	111	765	  1	
192	176	765	  1	
192	184	765	  1	
192	211	765	  1	
192	225	765	  1	
192	230	765	  1	
192	234	765	  1	
192	246	765	  1	
192	295	765	  1	
192	330	765	  1	
192	344	765	  1	
192	437	765	  1	
194	  8	765	  1	
194	240	765	  1	
194	431	765	  1	
195	 96	765	  1	
195	104	765	  1	
195	109	765	  1	
195	351	765	  1	
196	232	765	  1	
197	 21	765	  1	
197	164	765	  1	
197	168	765	  1	
197	383	765	  1	
197	434	765	  1	
198	 10	765	  1	
198	 32	765	  1	
198	187	765	  1	
198	226	765	  1	
198	229	765	  1	
198	291	765	  1	
199	 99	765	  1	
199	214	765	  1	
199	328	765	  1	
199	333	765	  1	
199	344	765	  1	
199	368	765	  1	
199	528	765	  1	
199	558	765	  1	
200	 64	765	  1	
200	 96	765	  1	
200	112	765	  1	
200	127	765	  1	
200	136	765	  1	
200	141	765	  1	
200	152	765	  1	
200	240	765	  1	
200	251	765	  1	
200	400	765	  1	
200	512	765	  1	
200	519	765	  1	
202	159	765	  1	
203	 24	765	  1	
203	 78	765	  1	
204	404	765	  1	
205	104	765	  1	
205	111	765	  1	
205	176	765	  1	
205	391	765	  1	
206	 72	765	  1	
206	330	765	  1	
206	544	765	  1	
207	248	765	  1	
207	255	765	  1	
207	384	765	  1	
208	 31	765	  1	
208	 59	765	  1	
208	100	765	  1	
208	199	765	  1	
208	206	765	  1	
208	215	765	  1	
208	232	765	  1	
208	322	765	  1	
208	334	765	  1	
208	383	765	  1	
208	446	765	  1	
208	456	765	  1	
208	488	765	  1	
210	328	765	  1	
210	463	765	  1	
211	 54	765	  1	
211	151	765	  1	
211	222	765	  1	
212	 56	765	  1	
212	239	765	  1	
212	308	765	  1	
213	 96	765	  1	
213	101	765	  1	
214	 48	765	  1	
214	 64	765	  1	
214	157	765	  1	
214	207	765	  1	
214	320	765	  1	
214	335	765	  1	
214	456	765	  1	
215	404	765	  1	
215	441	765	  1	
216	 45	765	  1	
216	 88	765	  1	
216	128	765	  1	
216	136	765	  1	
216	155	765	  1	
216	183	765	  1	
216	246	765	  1	
216	330	765	  1	
216	568	765	  1	
216	582	765	  1	
218	168	765	  1	
218	433	765	  1	
219	384	765	  1	
220	152	765	  1	
220	159	765	  1	
220	408	765	  1	
220	415	765	  1	
221	 40	765	  1	
221	291	765	  1	
221	403	765	  1	
222	168	765	  1	
222	203	765	  1	
222	335	765	  1	
223	173	765	  1	
223	246	765	  1	
224	  2	765	  1	
224	 50	765	  1	
224	 79	765	  1	
224	 96	765	  1	
224	103	765	  1	
224	128	765	  1	
224	144	765	  1	
224	156	765	  1	
224	177	765	  1	
224	188	765	  1	
224	194	765	  1	
224	199	765	  1	
224	207	765	  1	
224	224	765	  1	
224	250	765	  1	
224	255	765	  1	
224	290	765	  1	
224	302	765	  1	
224	320	765	  1	
224	346	765	  1	
224	416	765	  1	
224	422	765	  1	
224	442	765	  1	
224	447	765	  1	
225	 71	765	  1	
226	  7	765	  1	
226	119	765	  1	
227	 65	765	  1	
227	230	765	  1	
228	391	765	  1	
229	134	765	  1	
229	152	765	  1	
229	176	765	  1	
229	183	765	  1	
229	322	765	  1	
229	419	765	  1	
230	168	765	  1	
230	301	765	  1	
230	426	765	  1	
231	 79	765	  1	
231	 99	765	  1	
231	207	765	  1	
231	296	765	  1	
231	368	765	  1	
231	384	765	  1	
231	584	765	  1	
232	 43	765	  1	
232	123	765	  1	
232	197	765	  1	
232	237	765	  1	
232	263	765	  1	
232	432	765	  1	
232	448	765	  1	
232	469	765	  1	
232	488	765	  1	
233	 88	765	  1	
234	194	765	  1	
234	480	765	  1	
235	 63	765	  1	
235	152	765	  1	
235	200	765	  1	
237	 48	765	  1	
237	119	765	  1	
237	164	765	  1	
237	172	765	  1	
237	252	765	  1	
237	260	765	  1	
237	326	765	  1	
237	422	765	  1	
238	 72	765	  1	
238	256	765	  1	
239	262	765	  1	
239	488	765	  1	
240	 24	765	  1	
240	 31	765	  1	
240	122	765	  1	
240	136	765	  1	
240	148	765	  1	
240	152	765	  1	
240	191	765	  1	
240	208	765	  1	
240	239	765	  1	
240	306	765	  1	
240	386	765	  1	
240	397	765	  1	
240	408	765	  1	
240	413	765	  1	
240	432	765	  1	
241	232	765	  1	
241	274	765	  1	
242	 78	765	  1	
242	 94	765	  1	
242	270	765	  1	
243	  0	765	  1	
243	128	765	  1	
243	144	765	  1	
243	215	765	  1	
243	442	765	  1	
244	 24	765	  1	
244	 31	765	  1	
245	 44	765	  1	
245	305	765	  1	
245	392	765	  1	
245	415	765	  1	
245	452	765	  1	
246	 72	765	  1	
246	432	765	  1	
247	208	765	  1	
247	264	765	  1	
248	  0	765	  1	
248	 12	765	  1	
248	 48	765	  1	
248	 56	765	  1	
248	 78	765	  1	
248	 88	765	  1	
248	112	765	  1	
248	168	765	  1	
248	203	765	  1	
248	288	765	  1	
248	295	765	  1	
248	323	765	  1	
248	352	765	  1	
248	405	765	  1	
248	448	765	  1	
250	 45	765	  1	
250	200	765	  1	
251	 40	765	  1	
251	101	765	  1	
251	207	765	  1	
251	279	765	  1	
251	458	765	  1	
252	268	765	  1	
252	341	765	  1	
253	  5	765	  1	
253	 71	765	  1	
253	 80	765	  1	
253	 91	765	  1	
253	115	765	  1	
253	219	765	  1	
253	299	765	  1	
253	336	765	  1	
253	454	765	  1	
254	 24	765	  1	
254	152	765	  1	
254	256	765	  1	
255	 48	765	  1	
256	 72	765	  1	
256	 95	765	  1	
256	104	765	  1	
256	147	765	  1	
256	176	765	  1	
256	192	765	  1	
256	199	765	  1	
256	208	765	  1	
256	214	765	  1	
256	226	765	  1	
256	260	765	  1	
256	360	765	  1	
256	432	765	  1	
256	440	765	  1	
256	445	765	  1	
256	481	765	  1	
256	485	765	  1	
256	504	765	  1	
257	 42	765	  1	
257	128	765	  1	
257	336	765	  1	
258	 15	765	  1	
258	112	765	  1	
258	183	765	  1	
258	439	765	  1	
259	168	765	  1	
259	289	765	  1	
259	376	765	  1	
260	 75	765	  1	
260	127	765	  1	
261	120	765	  1	
261	178	765	  1	
262	219	765	  1	
262	432	765	  1	
262	442	765	  1	
262	447	765	  1	
263	 14	765	  1	
263	144	765	  1	
263	224	765	  1	
263	231	765	  1	
263	295	765	  1	
264	  0	765	  1	
264	 87	765	  1	
264	165	765	  1	
264	184	765	  1	
264	213	765	  1	
264	222	765	  1	
264	272	765	  1	
264	277	765	  1	
264	321	765	  1	
264	329	765	  1	
264	399	765	  1	
264	440	765	  1	
264	471	765	  1	
264	498	765	  1	
265	131	765	  1	
265	266	765	  1	
266	111	765	  1	
266	343	765	  1	
266	408	765	  1	
267	224	765	  1	
267	270	765	  1	
267	327	765	  1	
267	360	765	  1	
267	392	765	  1	
267	445	765	  1	
267	496	765	  1	
268	  4	765	  1	
269	 11	765	  1	
269	104	765	  1	
269	147	765	  1	
270	166	765	  1	
270	208	765	  1	
270	366	765	  1	
271	 72	765	  1	
271	 79	765	  1	
271	175	765	  1	
271	312	765	  1	
271	399	765	  1	
271	469	765	  1	
271	498	765	  1	
272	  0	765	  1	
272	 32	765	  1	
272	116	765	  1	
272	259	765	  1	
272	311	765	  1	
272	532	765	  1	
273	 71	765	  1	
273	264	765	  1	
274	128	765	  1	
274	142	765	  1	
274	280	765	  1	
275	 39	765	  1	
275	104	765	  1	
275	184	765	  1	
275	304	765	  1	
276	512	765	  1	
277	192	765	  1	
277	263	765	  1	
277	520	765	  1	
277	536	765	  1	
278	291	765	  1	
279	 32	765	  1	
279	134	765	  1	
279	270	765	  1	
279	311	765	  1	
279	400	765	  1	
280	 16	765	  1	
280	 48	765	  1	
280	 88	765	  1	
280	120	765	  1	
280	146	765	  1	
280	152	765	  1	
280	171	765	  1	
280	205	765	  1	
280	317	765	  1	
280	334	765	  1	
280	344	765	  1	
280	358	765	  1	
280	361	765	  1	
280	494	765	  1	
280	504	765	  1	
280	526	765	  1	
281	328	765	  1	
282	 79	765	  1	
282	 93	765	  1	
282	264	765	  1	
282	368	765	  1	
283	141	765	  1	
283	280	765	  1	
283	352	765	  1	
283	408	765	  1	
284	126	765	  1	
284	349	765	  1	
285	216	765	  1	
285	348	765	  1	
285	423	765	  1	
286	 64	765	  1	
286	168	765	  1	
286	175	765	  1	
286	200	765	  1	
286	290	765	  1	
286	319	765	  1	
287	 24	765	  1	
287	 48	765	  1	
287	 72	765	  1	
287	 88	765	  1	
287	133	765	  1	
287	136	765	  1	
287	144	765	  1	
287	344	765	  1	
287	360	765	  1	
288	  0	765	  1	
288	 81	765	  1	
288	 94	765	  1	
288	135	765	  1	
288	231	765	  1	
288	234	765	  1	
288	239	765	  1	
288	296	765	  1	
288	302	765	  1	
288	336	765	  1	
288	340	765	  1	
288	357	765	  1	
288	419	765	  1	
288	427	765	  1	
288	544	765	  1	
289	158	765	  1	
290	384	765	  1	
290	574	765	  1	
291	128	765	  1	
291	136	765	  1	
291	143	765	  1	
291	224	765	  1	
291	287	765	  1	
291	326	765	  1	
293	 96	765	  1	
293	208	765	  1	
293	299	765	  1	
293	306	765	  1	
293	358	765	  1	
293	551	765	  1	
294	 15	765	  1	
294	 37	765	  1	
294	 56	765	  1	
294	 60	765	  1	
294	353	765	  1	
295	 24	765	  1	
295	135	765	  1	
295	231	765	  1	
295	341	765	  1	
295	452	765	  1	
296	  0	765	  1	
296	 55	765	  1	
296	139	765	  1	
296	147	765	  1	
296	160	765	  1	
296	197	765	  1	
296	252	765	  1	
296	311	765	  1	
296	319	765	  1	
296	427	765	  1	
296	463	765	  1	
296	544	765	  1	
298	144	765	  1	
298	192	765	  1	
299	 48	765	  1	
299	200	765	  1	
299	216	765	  1	
299	576	765	  1	
300	495	765	  1	
301	 30	765	  1	
301	112	765	  1	
301	224	765	  1	
301	239	765	  1	
301	246	765	  1	
301	431	765	  1	
302	 88	765	  1	
302	147	765	  1	
302	198	765	  1	
302	288	765	  1	
302	472	765	  1	
303	463	765	  1	
303	491	765	  1	
304	 40	765	  1	
304	 47	765	  1	
304	 80	765	  1	
304	 93	765	  1	
304	103	765	  1	
304	141	765	  1	
304	216	765	  1	
304	240	765	  1	
304	423	765	  1	
304	469	765	  1	
305	131	765	  1	
306	 15	765	  1	
306	118	765	  1	
306	220	765	  1	
306	246	765	  1	
306	432	765	  1	
306	495	765	  1	
309	 54	765	  1	
309	150	765	  1	
309	160	765	  1	
309	182	765	  1	
309	207	765	  1	
309	255	765	  1	
309	291	765	  1	
309	296	765	  1	
310	  0	765	  1	
310	 80	765	  1	
310	112	765	  1	
310	216	765	  1	
310	235	765	  1	
310	240	765	  1	
310	344	765	  1	
310	419	765	  1	
310	439	765	  1	
310	591	765	  1	
311	 16	765	  1	
311	 43	765	  1	
312	 40	765	  1	
312	104	765	  1	
312	128	765	  1	
312	131	765	  1	
312	144	765	  1	
312	152	765	  1	
312	158	765	  1	
312	186	765	  1	
312	192	765	  1	
312	312	765	  1	
312	346	765	  1	
312	392	765	  1	
312	427	765	  1	
314	443	765	  1	
314	519	765	  1	
315	  8	765	  1	
315	 96	765	  1	
315	103	765	  1	
315	197	765	  1	
315	224	765	  1	
315	342	765	  1	
315	459	765	  1	
315	467	765	  1	
316	471	765	  1	
317	111	765	  1	
317	155	765	  1	
317	184	765	  1	
317	294	765	  1	
317	451	765	  1	
319	 99	765	  1	
319	251	765	  1	
319	392	765	  1	
319	424	765	  1	
319	431	765	  1	
320	 24	765	  1	
320	 56	765	  1	
320	 88	765	  1	
320	102	765	  1	
320	107	765	  1	
320	162	765	  1	
320	176	765	  1	
320	229	765	  1	
320	271	765	  1	
320	274	765	  1	
320	304	765	  1	
320	320	765	  1	
320	325	765	  1	
320	399	765	  1	
320	416	765	  1	
320	440	765	  1	
320	447	765	  1	
320	582	765	  1	
322	 61	765	  1	
322	311	765	  1	
323	 30	765	  1	
323	203	765	  1	
323	264	765	  1	
323	423	765	  1	
325	 96	765	  1	
325	296	765	  1	
325	323	765	  1	
326	 15	765	  1	
326	216	765	  1	
327	 56	765	  1	
327	104	765	  1	
327	176	765	  1	
327	271	765	  1	
327	392	765	  1	
327	399	765	  1	
327	416	765	  1	
327	599	765	  1	
328	 23	765	  1	
328	 27	765	  1	
328	 48	765	  1	
328	 76	765	  1	
328	169	765	  1	
328	175	765	  1	
328	184	765	  1	
328	192	765	  1	
328	208	765	  1	
328	212	765	  1	
328	241	765	  1	
328	291	765	  1	
328	309	765	  1	
328	374	765	  1	
328	426	765	  1	
328	449	765	  1	
329	224	765	  1	
329	320	765	  1	
330	152	765	  1	
330	304	765	  1	
331	 64	765	  1	
331	247	765	  1	
331	392	765	  1	
331	423	765	  1	
333	 72	765	  1	
333	139	765	  1	
334	166	765	  1	
334	310	765	  1	
334	397	765	  1	
334	459	765	  1	
334	562	765	  1	
335	175	765	  1	
335	238	765	  1	
335	357	765	  1	
335	416	765	  1	
335	553	765	  1	
336	 20	765	  1	
336	 48	765	  1	
336	101	765	  1	
336	120	765	  1	
336	159	765	  1	
336	176	765	  1	
336	190	765	  1	
336	202	765	  1	
336	215	765	  1	
336	223	765	  1	
336	246	765	  1	
336	270	765	  1	
336	278	765	  1	
336	341	765	  1	
336	367	765	  1	
336	408	765	  1	
336	412	765	  1	
336	477	765	  1	
337	288	765	  1	
337	397	765	  1	
338	 11	765	  1	
338	135	765	  1	
338	144	765	  1	
339	232	765	  1	
339	360	765	  1	
339	422	765	  1	
340	125	765	  1	
340	152	765	  1	
340	211	765	  1	
340	284	765	  1	
340	387	765	  1	
340	519	765	  1	
341	182	765	  1	
341	200	765	  1	
341	207	765	  1	
341	320	765	  1	
342	188	765	  1	
342	244	765	  1	
342	268	765	  1	
342	272	765	  1	
342	336	765	  1	
342	413	765	  1	
342	480	765	  1	
343	239	765	  1	
343	367	765	  1	
343	408	765	  1	
343	472	765	  1	
343	527	765	  1	
344	 24	765	  1	
344	 35	765	  1	
344	 88	765	  1	
344	 95	765	  1	
344	111	765	  1	
344	136	765	  1	
344	176	765	  1	
344	247	765	  1	
344	301	765	  1	
344	307	765	  1	
344	368	765	  1	
344	400	765	  1	
344	406	765	  1	
344	434	765	  1	
344	583	765	  1	
345	272	765	  1	
345	310	765	  1	
345	413	765	  1	
346	  5	765	  1	
346	 23	765	  1	
346	240	765	  1	
347	  0	765	  1	
347	 80	765	  1	
347	184	765	  1	
347	326	765	  1	
347	576	765	  1	
348	109	765	  1	
349	179	765	  1	
349	431	765	  1	
350	 67	765	  1	
350	129	765	  1	
350	247	765	  1	
350	261	765	  1	
350	320	765	  1	
351	 88	765	  1	
351	 95	765	  1	
351	102	765	  1	
351	191	765	  1	
351	255	765	  1	
351	304	765	  1	
351	583	765	  1	
352	  8	765	  1	
352	 99	765	  1	
352	110	765	  1	
352	117	765	  1	
352	132	765	  1	
352	192	765	  1	
352	224	765	  1	
352	240	765	  1	
352	279	765	  1	
352	282	765	  1	
352	292	765	  1	
352	332	765	  1	
352	400	765	  1	
352	442	765	  1	
353	259	765	  1	
354	197	765	  1	
354	205	765	  1	
355	128	765	  1	
355	368	765	  1	
355	575	765	  1	
356	326	765	  1	
356	424	765	  1	
357	 14	765	  1	
357	 40	765	  1	
357	250	765	  1	
357	408	765	  1	
358	320	765	  1	
358	372	765	  1	
359	 32	765	  1	
359	 37	765	  1	
359	110	765	  1	
359	192	765	  1	
359	270	765	  1	
359	296	765	  1	
359	311	765	  1	
360	  0	765	  1	
360	 24	765	  1	
360	 30	765	  1	
360	123	765	  1	
360	136	765	  1	
360	158	765	  1	
360	166	765	  1	
360	175	765	  1	
360	186	765	  1	
360	191	765	  1	
360	214	765	  1	
360	246	765	  1	
360	288	765	  1	
360	328	765	  1	
360	335	765	  1	
360	343	765	  1	
360	366	765	  1	
360	379	765	  1	
360	408	765	  1	
360	511	765	  1	
360	568	765	  1	
360	592	765	  1	
362	 60	765	  1	
362	296	765	  1	
363	128	765	  1	
363	308	765	  1	
363	428	765	  1	
364	240	765	  1	
365	 30	765	  1	
365	 80	765	  1	
365	 87	765	  1	
365	311	765	  1	
366	136	765	  1	
366	299	765	  1	
366	596	765	  1	
367	 70	765	  1	
367	126	765	  1	
367	168	765	  1	
367	175	765	  1	
367	306	765	  1	
367	368	765	  1	
367	372	765	  1	
367	379	765	  1	
367	400	765	  1	
367	440	765	  1	
368	  3	765	  1	
368	 38	765	  1	
368	 48	765	  1	
368	104	765	  1	
368	128	765	  1	
368	239	765	  1	
368	256	765	  1	
368	263	765	  1	
368	312	765	  1	
368	317	765	  1	
368	320	765	  1	
368	327	765	  1	
368	392	765	  1	
368	466	765	  1	
369	224	765	  1	
370	109	765	  1	
370	208	765	  1	
370	446	765	  1	
371	168	765	  1	
372	215	765	  1	
372	259	765	  1	
372	338	765	  1	
372	408	765	  1	
373	  0	765	  1	
373	128	765	  1	
373	151	765	  1	
373	423	765	  1	
374	167	765	  1	
374	208	765	  1	
374	354	765	  1	
374	392	765	  1	
375	135	765	  1	
375	175	765	  1	
375	239	765	  1	
375	323	765	  1	
375	445	765	  1	
376	 23	765	  1	
376	 48	765	  1	
376	 84	765	  1	
376	 99	765	  1	
376	110	765	  1	
376	120	765	  1	
376	176	765	  1	
376	183	765	  1	
376	215	765	  1	
376	363	765	  1	
376	400	765	  1	
376	422	765	  1	
376	454	765	  1	
377	378	765	  1	
377	383	765	  1	
377	407	765	  1	
378	247	765	  1	
378	448	765	  1	
379	 72	765	  1	
379	239	765	  1	
379	422	765	  1	
380	200	765	  1	
381	 56	765	  1	
381	 87	765	  1	
381	126	765	  1	
381	131	765	  1	
381	411	765	  1	
381	535	765	  1	
382	207	765	  1	
382	402	765	  1	
382	437	765	  1	
382	455	765	  1	
383	108	765	  1	
383	144	765	  1	
383	176	765	  1	
383	360	765	  1	
383	367	765	  1	
383	423	765	  1	
383	583	765	  1	
384	 44	765	  1	
384	117	765	  1	
384	191	765	  1	
384	218	765	  1	
384	295	765	  1	
384	386	765	  1	
384	392	765	  1	
384	501	765	  1	
386	179	765	  1	
386	186	765	  1	
386	453	765	  1	
387	  0	765	  1	
387	 72	765	  1	
387	192	765	  1	
387	367	765	  1	
388	  8	765	  1	
388	238	765	  1	
388	590	765	  1	
389	111	765	  1	
389	231	765	  1	
389	408	765	  1	
389	451	765	  1	
390	  6	765	  1	
390	 15	765	  1	
390	384	765	  1	
391	182	765	  1	
391	185	765	  1	
391	216	765	  1	
391	320	765	  1	
391	358	765	  1	
392	 61	765	  1	
392	 72	765	  1	
392	 96	765	  1	
392	120	765	  1	
392	126	765	  1	
392	195	765	  1	
392	247	765	  1	
392	280	765	  1	
392	292	765	  1	
392	416	765	  1	
392	423	765	  1	
393	 48	765	  1	
393	 80	765	  1	
393	239	765	  1	
394	123	765	  1	
394	218	765	  1	
394	241	765	  1	
394	308	765	  1	
394	355	765	  1	
395	 19	765	  1	
395	 24	765	  1	
395	152	765	  1	
395	326	765	  1	
395	352	765	  1	
395	496	765	  1	
396	 55	765	  1	
396	535	765	  1	
397	  7	765	  1	
397	 78	765	  1	
397	118	765	  1	
397	184	765	  1	
397	200	765	  1	
397	205	765	  1	
398	127	765	  1	
398	234	765	  1	
399	 27	765	  1	
399	 37	765	  1	
400	 15	765	  1	
400	 42	765	  1	
400	 64	765	  1	
400	 93	765	  1	
400	 98	765	  1	
400	144	765	  1	
400	254	765	  1	
400	451	765	  1	
401	 55	765	  1	
402	  5	765	  1	
402	 70	765	  1	
402	199	765	  1	
403	151	765	  1	
403	172	765	  1	
403	360	765	  1	
404	112	765	  1	
404	184	765	  1	
404	250	765	  1	
404	300	765	  1	
405	 24	765	  1	
405	 50	765	  1	
405	 80	765	  1	
405	246	765	  1	
405	344	765	  1	
406	 64	765	  1	
406	 78	765	  1	
406	 85	765	  1	
406	163	765	  1	
406	188	765	  1	
406	255	765	  1	
406	296	765	  1	
407	  0	765	  1	
407	  4	765	  1	
407	 15	765	  1	
407	 47	765	  1	
407	 54	765	  1	
407	119	765	  1	
407	123	765	  1	
407	128	765	  1	
407	144	765	  1	
407	194	765	  1	
407	211	765	  1	
407	448	765	  1	
407	455	765	  1	
408	 32	765	  1	
408	 36	765	  1	
408	 43	765	  1	
408	 75	765	  1	
408	 88	765	  1	
408	109	765	  1	
408	120	765	  1	
408	142	765	  1	
408	152	765	  1	
408	248	765	  1	
408	336	765	  1	
408	384	765	  1	
408	424	765	  1	
408	440	765	  1	
408	447	765	  1	
409	157	765	  1	
410	 47	765	  1	
410	 80	765	  1	
410	426	765	  1	
411	 64	765	  1	
411	136	765	  1	
412	335	765	  1	
413	  3	765	  1	
413	 16	765	  1	
414	 42	765	  1	
414	 92	765	  1	
414	173	765	  1	
414	363	765	  1	
414	384	765	  1	
414	391	765	  1	
415	 72	765	  1	
415	 79	765	  1	
415	120	765	  1	
415	248	765	  1	
415	336	765	  1	
415	443	765	  1	
416	 15	765	  1	
416	 56	765	  1	
416	 88	765	  1	
416	 95	765	  1	
416	105	765	  1	
416	143	765	  1	
416	152	765	  1	
416	211	765	  1	
416	272	765	  1	
416	288	765	  1	
416	347	765	  1	
416	389	765	  1	
416	394	765	  1	
416	400	765	  1	
416	407	765	  1	
416	438	765	  1	
418	 39	765	  1	
418	 71	765	  1	
418	334	765	  1	
418	352	765	  1	
419	195	765	  1	
419	219	765	  1	
421	120	765	  1	
421	157	765	  1	
421	344	765	  1	
421	356	765	  1	
421	384	765	  1	
422	 80	765	  1	
422	189	765	  1	
422	216	765	  1	
422	329	765	  1	
422	358	765	  1	
422	435	765	  1	
423	208	765	  1	
423	280	765	  1	
423	403	765	  1	
423	428	765	  1	
424	 16	765	  1	
424	 32	765	  1	
424	 36	765	  1	
424	 50	765	  1	
424	 55	765	  1	
424	104	765	  1	
424	126	765	  1	
424	139	765	  1	
424	232	765	  1	
424	336	765	  1	
424	343	765	  1	
425	134	765	  1	
426	 64	765	  1	
426	143	765	  1	
427	168	765	  1	
428	  3	765	  1	
428	 71	765	  1	
429	 88	765	  1	
429	256	765	  1	
429	384	765	  1	
431	 37	765	  1	
431	131	765	  1	
431	152	765	  1	
431	232	765	  1	
431	339	765	  1	
431	398	765	  1	
431	407	765	  1	
432	 83	765	  1	
432	105	765	  1	
432	116	765	  1	
432	128	765	  1	
432	147	765	  1	
432	162	765	  1	
432	179	765	  1	
432	210	765	  1	
432	314	765	  1	
432	328	765	  1	
432	421	765	  1	
432	475	765	  1	
433	192	765	  1	
433	232	765	  1	
433	271	765	  1	
435	256	765	  1	
436	160	765	  1	
436	199	765	  1	
437	 12	765	  1	
437	184	765	  1	
437	208	765	  1	
437	215	765	  1	
438	 72	765	  1	
438	176	765	  1	
439	 96	765	  1	
439	105	765	  1	
439	112	765	  1	
439	136	765	  1	
439	236	765	  1	
440	 28	765	  1	
440	 36	765	  1	
440	 50	765	  1	
440	122	765	  1	
440	127	765	  1	
440	270	765	  1	
440	451	765	  1	
441	 32	765	  1	
441	152	765	  1	
441	199	765	  1	
442	 24	765	  1	
442	 39	765	  1	
442	140	765	  1	
442	156	765	  1	
442	188	765	  1	
443	256	765	  1	
443	269	765	  1	
444	 76	765	  1	
445	110	765	  1	
445	208	765	  1	
445	263	765	  1	
446	 14	765	  1	
446	 72	765	  1	
447	141	765	  1	
447	268	765	  1	
448	 16	765	  1	
448	 20	765	  1	
448	 55	765	  1	
448	 80	765	  1	
448	 93	765	  1	
448	112	765	  1	
448	133	765	  1	
448	144	765	  1	
448	176	765	  1	
448	195	765	  1	
448	240	765	  1	
448	247	765	  1	
448	280	765	  1	
450	 28	765	  1	
450	 48	765	  1	
450	 72	765	  1	
450	 88	765	  1	
450	180	765	  1	
451	162	765	  1	
453	 16	765	  1	
453	 20	765	  1	
453	 39	765	  1	
453	 44	765	  1	
453	176	765	  1	
453	184	765	  1	
454	 43	765	  1	
454	 51	765	  1	
454	 94	765	  1	
454	243	765	  1	
454	283	765	  1	
455	 40	765	  1	
455	152	765	  1	
455	338	765	  1	
455	351	765	  1	
456	 16	765	  1	
456	 72	765	  1	
456	114	765	  1	
456	123	765	  1	
456	171	765	  1	
456	181	765	  1	
456	216	765	  1	
456	227	765	  1	
456	245	765	  1	
456	258	765	  1	
456	287	765	  1	
456	320	765	  1	
457	 82	765	  1	
457	 87	765	  1	
458	223	765	  1	
458	240	765	  1	
458	295	765	  1	
459	120	765	  1	
459	144	765	  1	
459	280	765	  1	
460	162	765	  1	
461	 96	765	  1	
461	112	765	  1	
461	232	765	  1	
461	288	765	  1	
462	229	765	  1	
463	 48	765	  1	
463	156	765	  1	
463	287	765	  1	
463	350	765	  1	
464	  8	765	  1	
464	 31	765	  1	
464	 55	765	  1	
464	 61	765	  1	
464	 77	765	  1	
464	 88	765	  1	
464	107	765	  1	
464	136	765	  1	
464	144	765	  1	
464	270	765	  1	
464	353	765	  1	
465	 80	765	  1	
465	175	765	  1	
465	202	765	  1	
466	 38	765	  1	
466	124	765	  1	
466	240	765	  1	
466	264	765	  1	
467	 24	765	  1	
467	 81	765	  1	
467	143	765	  1	
467	207	765	  1	
468	 72	765	  1	
468	247	765	  1	
469	112	765	  1	
469	152	765	  1	
470	  5	765	  1	
470	 32	765	  1	
470	136	765	  1	
470	232	765	  1	
471	120	765	  1	
471	353	765	  1	
472	 55	765	  1	
472	 93	765	  1	
472	101	765	  1	
472	175	765	  1	
472	177	765	  1	
472	222	765	  1	
472	259	765	  1	
472	280	765	  1	
472	287	765	  1	
474	 66	765	  1	
474	 88	765	  1	
474	256	765	  1	
475	  0	765	  1	
477	 16	765	  1	
477	 23	765	  1	
477	 78	765	  1	
477	123	765	  1	
477	242	765	  1	
477	247	765	  1	
478	183	765	  1	
479	222	765	  1	
479	259	765	  1	
479	356	765	  1	
480	 63	765	  1	
480	 82	765	  1	
480	 88	765	  1	
480	165	765	  1	
480	192	765	  1	
480	199	765	  1	
480	218	765	  1	
480	229	765	  1	
480	248	765	  1	
480	264	765	  1	
480	272	765	  1	
480	279	765	  1	
480	284	765	  1	
480	299	765	  1	
480	328	765	  1	
480	335	765	  1	
481	173	765	  1	
481	291	765	  1	
482	 94	765	  1	
482	224	765	  1	
483	 44	765	  1	
483	 63	765	  1	
483	 96	765	  1	
483	112	765	  1	
484	344	765	  1	
484	351	765	  1	
485	 34	765	  1	
485	 92	765	  1	
485	152	765	  1	
485	280	765	  1	
486	 46	765	  1	
486	103	765	  1	
486	230	765	  1	
486	347	765	  1	
487	195	765	  1	
487	275	765	  1	
487	331	765	  1	
488	  8	765	  1	
488	 71	765	  1	
488	 77	765	  1	
488	120	765	  1	
488	130	765	  1	
488	150	765	  1	
488	160	765	  1	
488	200	765	  1	
488	245	765	  1	
488	254	765	  1	
488	264	765	  1	
488	311	765	  1	
488	354	765	  1	
489	216	765	  1	
491	207	765	  1	
492	 64	765	  1	
493	 91	765	  1	
493	148	765	  1	
493	306	765	  1	
493	355	765	  1	
493	380	765	  1	
493	415	765	  1	
495	160	765	  1	
495	192	765	  1	
495	199	765	  1	
495	455	765	  1	
496	 32	765	  1	
496	 80	765	  1	
496	 86	765	  1	
496	104	765	  1	
496	112	765	  1	
496	152	765	  1	
496	162	765	  1	
496	207	765	  1	
496	287	765	  1	
496	295	765	  1	
496	304	765	  1	
496	311	765	  1	
496	344	765	  1	
498	119	765	  1	
498	423	765	  1	
499	 30	765	  1	
499	 56	765	  1	
499	144	765	  1	
499	280	765	  1	
500	104	765	  1	
501	 38	765	  1	
501	 83	765	  1	
501	130	765	  1	
502	114	765	  1	
502	160	765	  1	
502	224	765	  1	
503	115	765	  1	
503	287	765	  1	
503	294	765	  1	
503	336	765	  1	
503	352	765	  1	
503	359	765	  1	
503	583	765	  1	
504	101	765	  1	
504	123	765	  1	
504	137	765	  1	
504	143	765	  1	
504	148	765	  1	
504	155	765	  1	
504	165	765	  1	
504	176	765	  1	
504	189	765	  1	
504	246	765	  1	
504	272	765	  1	
505	 64	765	  1	
506	107	765	  1	
506	160	765	  1	
507	136	765	  1	
507	208	765	  1	
507	296	765	  1	
507	352	765	  1	
508	127	765	  1	
508	151	765	  1	
508	244	765	  1	
508	343	765	  1	
509	 91	765	  1	
509	119	765	  1	
510	114	765	  1	
510	166	765	  1	
510	259	765	  1	
511	336	765	  1	
512	  3	765	  1	
512	 55	765	  1	
512	160	765	  1	
512	192	765	  1	
512	198	765	  1	
512	209	765	  1	
512	213	765	  1	
512	240	765	  1	
512	251	765	  1	
512	264	765	  1	
512	349	765	  1	
512	396	765	  1	
514	104	765	  1	
514	110	765	  1	
514	222	765	  1	
515	232	765	  1	
515	318	765	  1	
515	536	765	  1	
516	136	765	  1	
516	152	765	  1	
516	268	765	  1	
517	 52	765	  1	
517	176	765	  1	
517	195	765	  1	
517	256	765	  1	
517	360	765	  1	
518	240	765	  1	
519	248	765	  1	
519	399	765	  1	
520	123	765	  1	
520	187	765	  1	
520	219	765	  1	
520	280	765	  1	
520	284	765	  1	
520	303	765	  1	
520	336	765	  1	
521	266	765	  1	
522	 99	765	  1	
523	 86	765	  1	
523	159	765	  1	
523	311	765	  1	
523	328	765	  1	
524	 78	765	  1	
525	154	765	  1	
525	342	765	  1	
526	151	765	  1	
526	298	765	  1	
527	 84	765	  1	
527	279	765	  1	
528	 26	765	  1	
528	179	765	  1	
528	202	765	  1	
528	352	765	  1	
528	359	765	  1	
529	320	765	  1	
530	 30	765	  1	
530	 74	765	  1	
530	266	765	  1	
531	 40	765	  1	
531	120	765	  1	
531	168	765	  1	
531	247	765	  1	
532	  8	765	  1	
532	 78	765	  1	
532	207	765	  1	
533	 96	765	  1	
533	160	765	  1	
533	184	765	  1	
533	191	765	  1	
534	200	765	  1	
534	295	765	  1	
534	303	765	  1	
534	336	765	  1	
534	387	765	  1	
535	256	765	  1	
535	264	765	  1	
535	355	765	  1	
536	152	765	  1	
536	168	765	  1	
536	320	765	  1	
536	335	765	  1	
537	176	765	  1	
537	200	765	  1	
539	191	765	  1	
539	255	765	  1	
540	216	765	  1	
542	152	765	  1	
542	223	765	  1	
542	264	765	  1	
543	 27	765	  1	
543	247	765	  1	
543	251	765	  1	
543	496	765	  1	
544	  2	765	  1	
544	112	765	  1	
544	116	765	  1	
544	144	765	  1	
544	178	765	  1	
544	200	765	  1	
544	214	765	  1	
544	229	765	  1	
544	277	765	  1	
544	290	765	  1	
544	308	765	  1	
546	 15	765	  1	
546	223	765	  1	
546	237	765	  1	
547	195	765	  1	
547	207	765	  1	
548	334	765	  1	
549	272	765	  1	
549	304	765	  1	
550	  2	765	  1	
551	144	765	  1	
551	183	765	  1	
551	200	765	  1	
551	212	765	  1	
552	224	765	  1	
552	245	765	  1	
552	280	765	  1	
552	296	765	  1	
552	352	765	  1	
553	 82	765	  1	
554	 98	765	  1	
554	112	765	  1	
554	198	765	  1	
554	240	765	  1	
554	312	765	  1	
555	103	765	  1	
555	128	765	  1	
555	359	765	  1	
557	119	765	  1	
557	312	765	  1	
558	133	765	  1	
558	246	765	  1	
559	183	765	  1	
559	296	765	  1	
559	324	765	  1	
559	352	765	  1	
560	192	765	  1	
560	199	765	  1	
560	218	765	  1	
560	264	765	  1	
560	271	765	  1	
561	336	765	  1	
562	240	765	  1	
563	 94	765	  1	
563	320	765	  1	
564	206	765	  1	
565	280	765	  1	
566	246	765	  1	
567	342	765	  1	
568	 90	765	  1	
568	139	765	  1	
568	170	765	  1	
568	216	765	  1	
568	248	765	  1	
568	290	765	  1	
568	360	765	  1	
568	367	765	  1	
568	402	765	  1	
570	240	765	  1	
571	187	765	  1	
571	223	765	  1	
571	255	765	  1	
573	184	765	  1	
573	352	765	  1	
574	 64	765	  1	
574	 71	765	  1	
574	244	765	  1	
575	136	765	  1	
575	143	765	  1	
575	255	765	  1	
575	575	765	  1	
576	 83	765	  1	
576	130	765	  1	
576	164	765	  1	
576	229	765	  1	
576	269	765	  1	
576	272	765	  1	
576	288	765	  1	
576	383	765	  1	
576	479	765	  1	
579	 47	765	  1	
579	247	765	  1	
580	110	765	  1	
580	359	765	  1	
581	 96	765	  1	
581	104	765	  1	
581	167	765	  1	
581	269	765	  1	
581	379	765	  1	
582	275	765	  1	
582	360	765	  1	
582	367	765	  1	
583	 80	765	  1	
583	 87	765	  1	
584	 16	765	  1	
584	131	765	  1	
584	232	765	  1	
584	248	765	  1	
584	255	765	  1	
584	266	765	  1	
584	300	765	  1	
584	408	765	  1	
586	282	765	  1	
587	200	765	  1	
587	224	765	  1	
587	243	765	  1	
587	352	765	  1	
589	239	765	  1	
589	309	765	  1	
590	248	765	  1	
591	128	765	  1	
591	135	765	  1	
591	360	765	  1	
591	408	765	  1	
592	115	765	  1	
592	186	765	  1	
592	228	765	  1	
592	280	765	  1	
592	336	765	  1	
592	343	765	  1	
592	364	765	  1	
592	432	765	  1	
594	 56	765	  1	
595	271	765	  1	
595	287	765	  1	
595	296	765	  1	
595	339	765	  1	
595	439	765	  1	
595	544	765	  1	
595	564	765	  1	
596	 94	765	  1	
596	263	765	  1	
597	384	765	  1	
597	389	765	  1	
598	 63	765	  1	
598	 88	765	  1	
598	208	765	  1	
598	215	765	  1	
598	307	765	  1	
598	362	765	  1	
598	367	765	  1	
599	 50	765	  1	
599	186	765	  1	
599	280	765	  1	
599	336	765	  1	
599	343	765	  1	
599	400	765	  1	
599	515	765	  1	
600	 39	765	  1	
600	 96	765	  1	
600	100	765	  1	
600	168	765	  1	
600	264	765	  1	
600	299	765	  1	
600	365	765	  1	
600	416	765	  1	
600	423	765	  1	
600	439	765	  1	
602	 64	765	  1	
602	 87	765	  1	
602	183	765	  1	
603	258	765	  1	
603	432	765	  1	
604	 16	765	  1	
604	 23	765	  1	
604	213	765	  1	
604	270	765	  1	
604	335	765	  1	
605	 80	765	  1	
605	352	765	  1	
605	360	765	  1	
606	 71	765	  1	
606	103	765	  1	
606	260	765	  1	
607	 87	765	  1	
607	160	765	  1	
607	181	765	  1	
607	296	765	  1	
607	303	765	  1	
607	416	765	  1	
607	423	765	  1	
607	472	765	  1	
607	476	765	  1	
608	214	765	  1	
608	223	765	  1	
608	269	765	  1	
608	312	765	  1	
608	336	765	  1	
609	317	765	  1	
610	 35	765	  1	
610	343	765	  1	
611	119	765	  1	
611	136	765	  1	
613	 68	765	  1	
613	231	765	  1	
615	338	765	  1	
616	112	765	  1	
616	248	765	  1	
616	269	765	  1	
616	280	765	  1	
616	287	765	  1	
616	326	765	  1	
616	471	765	  1	
619	 55	765	  1	
619	224	765	  1	
620	264	765	  1	
622	255	765	  1	
623	231	765	  1	
623	283	765	  1	
624	  0	765	  1	
624	  4	765	  1	
624	 52	765	  1	
624	173	765	  1	
624	280	765	  1	
624	328	765	  1	
624	335	765	  1	
626	392	765	  1	
627	 96	765	  1	
627	240	765	  1	
627	255	765	  1	
627	272	765	  1	
627	287	765	  1	
629	262	765	  1	
631	280	765	  1	
631	331	765	  1	
632	 79	765	  1	
632	 96	765	  1	
632	264	765	  1	
632	283	765	  1	
632	296	765	  1	
632	344	765	  1	
632	439	765	  1	
633	304	765	  1	
634	360	765	  1	
634	436	765	  1	
635	 96	765	  1	
639	 79	765	  1	
639	304	765	  1	
639	344	765	  1	
640	 48	765	  1	
640	 62	765	  1	
640	280	765	  1	
640	484	765	  1	
642	169	765	  1	
643	 55	765	  1	
643	342	765	  1	
645	115	765	  1	
645	287	765	  1	
647	 48	765	  1	
647	271	765	  1	
647	279	765	  1	
647	469	765	  1	
648	328	765	  1	
651	319	765	  1	
651	335	765	  1	
653	 77	765	  1	
655	328	765	  1	
656	416	765	  1	
659	 79	765	  1	
662	140	765	  1	
663	368	765	  1	
663	375	765	  1	
664	103	765	  1	
664	320	765	  1	
664	440	765	  1	
666	368	765	  1	
671	143	765	  1	
671	279	765	  1	
671	368	765	  1	
671	376	765	  1	
672	 79	765	  1	
672	352	765	  1	
672	408	765	  1	
672	448	765	  1	
679	408	765	  1	
679	460	765	  1	
683	162	765	  1	
685	128	765	  1	
685	410	765	  1	
685	415	765	  1	
687	255	765	  1	
688	205	765	  1	
699	400	765	  1	
701	330	765	  1	
703	203	765	  1	
703	528	765	  1	
704	194	765	  1	
712	192	765	  1	
723	 90	765	  1	
724	399	765	  1	
728	 72	765	  1	
