# 
#  Image file: Goad1_T0164.jpg
#  Applied threshold: 575
#  Algorithm used: fill2                 
#  Particle count: 1868
#  Location (x,y), max luminance, and mass:
# 
  0	200	765	  1	
  0	207	765	  1	
  8	128	765	  1	
  8	437	765	  1	
 16	312	765	  1	
 18	199	765	  1	
 19	258	765	  1	
 24	499	765	  1	
 29	 56	765	  1	
 31	302	765	  1	
 31	312	765	  1	
 32	123	765	  1	
 40	160	765	  1	
 40	296	765	  1	
 43	448	765	  1	
 45	504	765	  1	
 47	118	765	  1	
 53	  8	765	  1	
 55	142	765	  1	
 56	263	765	  1	
 62	252	765	  1	
 64	274	765	  1	
 64	348	765	  1	
 64	400	765	  1	
 67	407	765	  1	
 69	212	765	  1	
 70	319	765	  1	
 71	400	765	  1	
 72	303	765	  1	
 76	537	765	  1	
 77	231	765	  1	
 80	 79	765	  1	
 80	192	765	  1	
 80	375	765	  1	
 80	380	765	  1	
 83	191	765	  1	
 84	 75	765	  1	
 85	114	765	  1	
 88	383	765	  1	
 91	137	765	  1	
 91	168	765	  1	
 94	120	765	  1	
 95	338	765	  1	
 95	399	765	  1	
 96	219	765	  1	
103	263	765	  1	
104	151	765	  1	
104	427	765	  1	
104	484	765	  1	
107	480	765	  1	
108	144	765	  1	
108	400	765	  1	
111	431	765	  1	
111	535	765	  1	
112	167	765	  1	
112	387	765	  1	
113	386	765	  1	
113	534	765	  1	
114	159	765	  1	
117	520	765	  1	
118	172	765	  1	
119	300	765	  1	
119	311	765	  1	
119	378	765	  1	
119	386	765	  1	
120	131	765	  1	
120	152	765	  1	
120	176	765	  1	
120	184	765	  1	
120	191	765	  1	
120	315	765	  1	
124	  0	765	  1	
124	168	765	  1	
124	456	765	  1	
126	296	765	  1	
127	 56	765	  1	
127	 63	765	  1	
127	143	765	  1	
128	280	765	  1	
129	287	765	  1	
132	383	765	  1	
133	152	765	  1	
134	216	765	  1	
135	159	765	  1	
135	176	765	  1	
135	285	765	  1	
136	 56	765	  1	
136	 87	765	  1	
136	127	765	  1	
136	206	765	  1	
136	248	765	  1	
136	431	765	  1	
137	276	765	  1	
138	291	765	  1	
140	  8	765	  1	
140	200	765	  1	
143	  4	765	  1	
143	127	765	  1	
143	430	765	  1	
143	474	765	  1	
144	  0	765	  1	
144	258	765	  1	
144	378	765	  1	
144	382	765	  1	
146	261	765	  1	
146	375	765	  1	
147	285	765	  1	
148	256	765	  1	
148	424	765	  1	
149	216	765	  1	
151	262	765	  1	
151	272	765	  1	
152	175	765	  1	
152	186	765	  1	
152	373	765	  1	
152	386	765	  1	
154	269	765	  1	
158	  7	765	  1	
158	192	765	  1	
158	270	765	  1	
158	294	765	  1	
159	175	765	  1	
160	 96	765	  1	
160	128	765	  1	
160	256	765	  1	
160	263	765	  1	
165	136	765	  1	
165	143	765	  1	
165	392	765	  1	
166	270	765	  1	
166	376	765	  1	
166	488	765	  1	
167	 96	765	  1	
167	295	765	  1	
167	516	765	  1	
167	527	765	  1	
167	559	765	  1	
168	 82	765	  1	
168	 87	765	  1	
168	111	765	  1	
168	120	765	  1	
168	151	765	  1	
168	219	765	  1	
168	232	765	  1	
168	272	765	  1	
168	280	765	  1	
168	319	765	  1	
168	325	765	  1	
168	335	765	  1	
169	125	765	  1	
170	144	765	  1	
170	224	765	  1	
172	104	765	  1	
173	315	765	  1	
174	229	765	  1	
174	232	765	  1	
175	126	765	  1	
175	216	765	  1	
175	331	765	  1	
175	567	765	  1	
176	 69	765	  1	
176	139	765	  1	
176	176	765	  1	
176	197	765	  1	
176	270	765	  1	
176	295	765	  1	
176	365	765	  1	
179	 85	765	  1	
179	127	765	  1	
180	122	765	  1	
180	232	765	  1	
181	152	765	  1	
181	179	765	  1	
181	208	765	  1	
181	239	765	  1	
181	315	765	  1	
181	408	765	  1	
182	106	765	  1	
182	284	765	  1	
182	330	765	  1	
183	  2	765	  1	
183	119	765	  1	
183	127	765	  1	
183	355	765	  1	
183	375	765	  1	
184	 93	765	  1	
184	120	765	  1	
184	144	765	  1	
184	151	765	  1	
184	203	765	  1	
184	245	765	  1	
184	264	765	  1	
184	358	765	  1	
184	415	765	  1	
184	512	765	  1	
184	527	765	  1	
186	 80	765	  1	
186	383	765	  1	
187	 70	765	  1	
187	271	765	  1	
187	295	765	  1	
188	176	765	  1	
188	444	765	  1	
189	377	765	  1	
190	247	765	  1	
190	464	765	  1	
190	531	765	  1	
191	 95	765	  1	
191	182	765	  1	
191	191	765	  1	
191	240	765	  1	
191	264	765	  1	
192	 14	765	  1	
192	 30	765	  1	
192	 99	765	  1	
192	107	765	  1	
192	192	765	  1	
192	200	765	  1	
192	234	765	  1	
192	373	765	  1	
192	383	765	  1	
192	573	765	  1	
194	 95	765	  1	
194	151	765	  1	
194	526	765	  1	
195	  8	765	  1	
195	 80	765	  1	
195	 92	765	  1	
195	173	765	  1	
196	 47	765	  1	
196	200	765	  1	
196	447	765	  1	
197	 63	765	  1	
197	134	765	  1	
197	146	765	  1	
197	192	765	  1	
197	368	765	  1	
198	520	765	  1	
199	 56	765	  1	
199	437	765	  1	
200	  6	765	  1	
200	 24	765	  1	
200	 63	765	  1	
200	117	765	  1	
200	123	765	  1	
200	143	765	  1	
200	184	765	  1	
200	299	765	  1	
203	120	765	  1	
203	176	765	  1	
203	367	765	  1	
205	162	765	  1	
205	352	765	  1	
205	383	765	  1	
206	112	765	  1	
206	197	765	  1	
206	377	765	  1	
207	  6	765	  1	
207	 56	765	  1	
207	184	765	  1	
207	287	765	  1	
207	296	765	  1	
207	303	765	  1	
208	 96	765	  1	
208	100	765	  1	
208	116	765	  1	
208	178	765	  1	
208	190	765	  1	
208	446	765	  1	
208	531	765	  1	
211	 79	765	  1	
211	104	765	  1	
211	119	765	  1	
211	367	765	  1	
211	462	765	  1	
212	126	765	  1	
213	187	765	  1	
213	326	765	  1	
214	443	765	  1	
215	117	765	  1	
215	226	765	  1	
215	352	765	  1	
215	356	765	  1	
215	376	765	  1	
215	382	765	  1	
216	 40	765	  1	
216	 47	765	  1	
216	101	765	  1	
216	154	765	  1	
216	192	765	  1	
216	199	765	  1	
216	213	765	  1	
216	218	765	  1	
216	279	765	  1	
216	304	765	  1	
216	311	765	  1	
216	336	765	  1	
216	477	765	  1	
217	440	765	  1	
218	 39	765	  1	
218	367	765	  1	
218	391	765	  1	
219	104	765	  1	
220	358	765	  1	
220	415	765	  1	
221	 96	765	  1	
221	139	765	  1	
221	152	765	  1	
221	208	765	  1	
221	315	765	  1	
221	340	765	  1	
222	 75	765	  1	
222	195	765	  1	
222	307	765	  1	
222	472	765	  1	
222	507	765	  1	
223	 43	765	  1	
223	119	765	  1	
224	 40	765	  1	
224	 64	765	  1	
224	 68	765	  1	
224	 83	765	  1	
224	120	765	  1	
224	128	765	  1	
224	149	765	  1	
224	154	765	  1	
224	264	765	  1	
224	352	765	  1	
224	402	765	  1	
225	359	765	  1	
227	 47	765	  1	
227	458	765	  1	
229	 86	765	  1	
229	108	765	  1	
229	144	765	  1	
229	256	765	  1	
230	394	765	  1	
231	 40	765	  1	
231	208	765	  1	
231	463	765	  1	
231	568	765	  1	
232	 15	765	  1	
232	 56	765	  1	
232	101	765	  1	
232	114	765	  1	
232	142	765	  1	
232	182	765	  1	
232	320	765	  1	
232	343	765	  1	
232	348	765	  1	
232	464	765	  1	
232	512	765	  1	
232	520	765	  1	
234	  3	765	  1	
234	327	765	  1	
234	431	765	  1	
234	471	765	  1	
235	109	765	  1	
235	239	765	  1	
235	519	765	  1	
235	527	765	  1	
236	 11	765	  1	
236	110	765	  1	
237	 30	765	  1	
237	 72	765	  1	
237	 96	765	  1	
237	112	765	  1	
237	150	765	  1	
237	338	765	  1	
238	 48	765	  1	
238	119	765	  1	
239	 56	765	  1	
239	430	765	  1	
239	466	765	  1	
239	520	765	  1	
240	  0	765	  1	
240	165	765	  1	
240	189	765	  1	
240	197	765	  1	
240	216	765	  1	
240	223	765	  1	
240	228	765	  1	
240	267	765	  1	
240	335	765	  1	
240	354	765	  1	
240	359	765	  1	
240	416	765	  1	
240	533	765	  1	
241	110	765	  1	
241	128	765	  1	
242	102	765	  1	
242	150	765	  1	
242	191	765	  1	
243	 80	765	  1	
243	219	765	  1	
243	247	765	  1	
243	429	765	  1	
244	  6	765	  1	
244	152	765	  1	
244	240	765	  1	
244	320	765	  1	
245	120	765	  1	
245	192	765	  1	
245	408	765	  1	
245	488	765	  1	
246	 15	765	  1	
246	 96	765	  1	
246	189	765	  1	
247	111	765	  1	
247	216	765	  1	
247	264	765	  1	
247	271	765	  1	
247	291	765	  1	
247	327	765	  1	
247	456	765	  1	
248	 39	765	  1	
248	 64	765	  1	
248	 77	765	  1	
248	117	765	  1	
248	199	765	  1	
248	208	765	  1	
248	232	765	  1	
248	238	765	  1	
248	250	765	  1	
248	254	765	  1	
248	304	765	  1	
248	367	765	  1	
248	491	765	  1	
248	567	765	  1	
249	  8	765	  1	
251	176	765	  1	
251	496	765	  1	
252	152	765	  1	
252	240	765	  1	
253	 12	765	  1	
253	 80	765	  1	
253	488	765	  1	
253	561	765	  1	
254	118	765	  1	
254	215	765	  1	
254	299	765	  1	
255	 18	765	  1	
255	207	765	  1	
256	 68	765	  1	
256	 93	765	  1	
256	 97	765	  1	
256	104	765	  1	
256	115	765	  1	
256	123	765	  1	
256	160	765	  1	
256	192	765	  1	
256	222	765	  1	
256	261	765	  1	
256	279	765	  1	
256	403	765	  1	
256	457	765	  1	
256	463	765	  1	
256	480	765	  1	
256	591	765	  1	
258	 80	765	  1	
258	256	765	  1	
258	487	765	  1	
259	 39	765	  1	
259	272	765	  1	
260	 93	765	  1	
261	104	765	  1	
261	184	765	  1	
261	219	765	  1	
262	 26	765	  1	
263	 16	765	  1	
263	 64	765	  1	
263	250	765	  1	
263	279	765	  1	
263	475	765	  1	
263	512	765	  1	
264	 45	765	  1	
264	 53	765	  1	
264	 69	765	  1	
264	200	765	  1	
264	207	765	  1	
264	226	765	  1	
264	527	765	  1	
265	 12	765	  1	
265	239	765	  1	
266	195	765	  1	
266	495	765	  1	
266	557	765	  1	
267	203	765	  1	
267	462	765	  1	
267	480	765	  1	
267	552	765	  1	
268	 24	765	  1	
269	 27	765	  1	
269	120	765	  1	
269	487	765	  1	
269	499	765	  1	
270	  8	765	  1	
270	224	765	  1	
270	471	765	  1	
271	200	765	  1	
271	207	765	  1	
271	232	765	  1	
271	525	765	  1	
272	  0	765	  1	
272	  4	765	  1	
272	 16	765	  1	
272	 59	765	  1	
272	128	765	  1	
272	144	765	  1	
272	360	765	  1	
272	367	765	  1	
272	374	765	  1	
272	400	765	  1	
272	488	765	  1	
272	504	765	  1	
272	510	765	  1	
272	532	765	  1	
274	247	765	  1	
274	291	765	  1	
274	403	765	  1	
275	 80	765	  1	
276	  8	765	  1	
276	112	765	  1	
277	134	765	  1	
277	277	765	  1	
277	379	765	  1	
277	507	765	  1	
278	388	765	  1	
279	  5	765	  1	
279	 16	765	  1	
279	 96	765	  1	
279	243	765	  1	
279	363	765	  1	
279	489	765	  1	
280	 76	765	  1	
280	 80	765	  1	
280	117	765	  1	
280	128	765	  1	
280	248	765	  1	
280	264	765	  1	
280	270	765	  1	
280	296	765	  1	
280	308	765	  1	
280	367	765	  1	
280	456	765	  1	
280	535	765	  1	
282	 86	765	  1	
282	129	765	  1	
282	255	765	  1	
282	410	765	  1	
283	 14	765	  1	
283	 72	765	  1	
284	 39	765	  1	
284	221	765	  1	
284	463	765	  1	
285	184	765	  1	
285	486	765	  1	
286	368	765	  1	
286	403	765	  1	
287	  7	765	  1	
287	 96	765	  1	
287	415	765	  1	
287	480	765	  1	
287	502	765	  1	
287	528	765	  1	
288	 15	765	  1	
288	 93	765	  1	
288	143	765	  1	
288	176	765	  1	
288	200	765	  1	
288	248	765	  1	
288	295	765	  1	
288	313	765	  1	
288	344	765	  1	
288	367	765	  1	
288	504	765	  1	
289	 74	765	  1	
290	 96	765	  1	
291	 39	765	  1	
291	254	765	  1	
291	327	765	  1	
291	360	765	  1	
291	490	765	  1	
291	495	765	  1	
292	 10	765	  1	
293	 86	765	  1	
293	240	765	  1	
293	348	765	  1	
294	 28	765	  1	
294	508	765	  1	
294	592	765	  1	
294	599	765	  1	
295	 95	765	  1	
295	176	765	  1	
295	295	765	  1	
295	312	765	  1	
295	367	765	  1	
295	400	765	  1	
295	407	765	  1	
295	462	765	  1	
295	471	765	  1	
296	 56	765	  1	
296	173	765	  1	
296	328	765	  1	
296	373	765	  1	
296	392	765	  1	
296	419	765	  1	
297	 70	765	  1	
299	  5	765	  1	
300	214	765	  1	
300	397	765	  1	
301	 14	765	  1	
301	 79	765	  1	
301	 82	765	  1	
301	119	765	  1	
302	303	765	  1	
302	315	765	  1	
302	368	765	  1	
302	375	765	  1	
302	530	765	  1	
303	144	765	  1	
303	223	765	  1	
304	 32	765	  1	
304	 58	765	  1	
304	 66	765	  1	
304	 71	765	  1	
304	123	765	  1	
304	155	765	  1	
304	192	765	  1	
304	248	765	  1	
304	343	765	  1	
304	376	765	  1	
304	398	765	  1	
304	440	765	  1	
305	383	765	  1	
305	479	765	  1	
306	110	765	  1	
306	253	765	  1	
307	 95	765	  1	
308	 15	765	  1	
308	120	765	  1	
308	127	765	  1	
308	376	765	  1	
308	390	765	  1	
308	397	765	  1	
309	 78	765	  1	
309	147	765	  1	
309	208	765	  1	
309	219	765	  1	
309	294	765	  1	
309	519	765	  1	
310	104	765	  1	
310	199	765	  1	
311	  8	765	  1	
311	152	765	  1	
311	159	765	  1	
311	248	765	  1	
311	568	765	  1	
312	 80	765	  1	
312	 87	765	  1	
312	101	765	  1	
312	115	765	  1	
312	139	765	  1	
312	168	765	  1	
312	189	765	  1	
312	256	765	  1	
312	312	765	  1	
312	319	765	  1	
312	336	765	  1	
312	376	765	  1	
312	492	765	  1	
312	502	765	  1	
313	320	765	  1	
313	399	765	  1	
314	123	765	  1	
314	341	765	  1	
314	384	765	  1	
314	447	765	  1	
315	128	765	  1	
315	264	765	  1	
315	471	765	  1	
316	199	765	  1	
316	456	765	  1	
317	 56	765	  1	
317	 88	765	  1	
317	174	765	  1	
317	350	765	  1	
317	360	765	  1	
317	379	765	  1	
317	484	765	  1	
318	102	765	  1	
318	127	765	  1	
318	152	765	  1	
318	296	765	  1	
318	303	765	  1	
318	455	765	  1	
318	499	765	  1	
318	536	765	  1	
318	543	765	  1	
319	  1	765	  1	
319	189	765	  1	
319	315	765	  1	
319	408	765	  1	
319	432	765	  1	
320	 16	765	  1	
320	 66	765	  1	
320	 71	765	  1	
320	129	765	  1	
320	141	765	  1	
320	157	765	  1	
320	200	765	  1	
320	206	765	  1	
320	321	765	  1	
320	331	765	  1	
320	352	765	  1	
320	359	765	  1	
322	400	765	  1	
323	180	765	  1	
323	192	765	  1	
323	454	765	  1	
324	168	765	  1	
324	328	765	  1	
325	136	765	  1	
325	152	765	  1	
325	203	765	  1	
325	336	765	  1	
326	 64	765	  1	
326	 69	765	  1	
326	381	765	  1	
326	448	765	  1	
326	536	765	  1	
327	  0	765	  1	
327	 80	765	  1	
327	133	765	  1	
327	332	765	  1	
328	  8	765	  1	
328	 88	765	  1	
328	 93	765	  1	
328	106	765	  1	
328	135	765	  1	
328	160	765	  1	
328	166	765	  1	
328	184	765	  1	
328	218	765	  1	
328	277	765	  1	
328	335	765	  1	
328	348	765	  1	
328	360	765	  1	
328	367	765	  1	
328	456	765	  1	
328	527	765	  1	
329	304	765	  1	
329	453	765	  1	
329	461	765	  1	
330	 31	765	  1	
331	 16	765	  1	
331	128	765	  1	
331	328	765	  1	
331	456	765	  1	
331	551	765	  1	
333	 70	765	  1	
333	107	765	  1	
333	296	765	  1	
333	312	765	  1	
333	351	765	  1	
333	526	765	  1	
334	135	765	  1	
334	219	765	  1	
334	463	765	  1	
335	335	765	  1	
335	449	765	  1	
335	472	765	  1	
335	495	765	  1	
336	  0	765	  1	
336	 45	765	  1	
336	121	765	  1	
336	127	765	  1	
336	136	765	  1	
336	208	765	  1	
336	215	765	  1	
336	338	765	  1	
336	357	765	  1	
336	368	765	  1	
336	412	765	  1	
336	547	765	  1	
338	 40	765	  1	
338	456	765	  1	
339	165	765	  1	
339	235	765	  1	
339	309	765	  1	
339	352	765	  1	
340	 95	765	  1	
340	211	765	  1	
341	  3	765	  1	
341	320	765	  1	
341	482	765	  1	
342	 11	765	  1	
342	 88	765	  1	
342	370	765	  1	
342	544	765	  1	
343	104	765	  1	
343	136	765	  1	
343	456	765	  1	
344	  0	765	  1	
344	 24	765	  1	
344	 69	765	  1	
344	154	765	  1	
344	160	765	  1	
344	192	765	  1	
344	200	765	  1	
344	219	765	  1	
344	256	765	  1	
344	335	765	  1	
344	344	765	  1	
344	384	765	  1	
344	432	765	  1	
344	488	765	  1	
344	587	765	  1	
345	104	765	  1	
346	 31	765	  1	
346	304	765	  1	
347	 10	765	  1	
347	328	765	  1	
347	351	765	  1	
348	126	765	  1	
349	379	765	  1	
349	386	765	  1	
350	 24	765	  1	
350	227	765	  1	
351	335	765	  1	
351	488	765	  1	
352	  7	765	  1	
352	 44	765	  1	
352	 82	765	  1	
352	117	765	  1	
352	127	765	  1	
352	168	765	  1	
352	175	765	  1	
352	210	765	  1	
352	240	765	  1	
352	256	765	  1	
352	309	765	  1	
352	336	765	  1	
352	360	765	  1	
352	394	765	  1	
352	472	765	  1	
352	478	765	  1	
352	491	765	  1	
353	200	765	  1	
353	245	765	  1	
353	287	765	  1	
354	  0	765	  1	
355	367	765	  1	
355	446	765	  1	
355	456	765	  1	
356	399	765	  1	
356	464	765	  1	
356	488	765	  1	
356	495	765	  1	
357	256	765	  1	
357	304	765	  1	
357	424	765	  1	
358	 40	765	  1	
358	109	765	  1	
358	374	765	  1	
358	471	765	  1	
359	  7	765	  1	
359	114	765	  1	
359	160	765	  1	
359	171	765	  1	
359	252	765	  1	
359	271	765	  1	
359	287	765	  1	
359	360	765	  1	
359	478	765	  1	
360	  0	765	  1	
360	 19	765	  1	
360	 71	765	  1	
360	184	765	  1	
360	194	765	  1	
360	210	765	  1	
360	240	765	  1	
361	230	765	  1	
362	 75	765	  1	
362	192	765	  1	
362	199	765	  1	
362	447	765	  1	
363	 64	765	  1	
363	 87	765	  1	
363	182	765	  1	
363	201	765	  1	
363	416	765	  1	
364	367	765	  1	
365	 92	765	  1	
365	125	765	  1	
365	391	765	  1	
365	415	765	  1	
366	133	765	  1	
366	195	765	  1	
366	287	765	  1	
367	 16	765	  1	
367	 23	765	  1	
367	 71	765	  1	
367	210	765	  1	
367	283	765	  1	
367	379	765	  1	
367	438	765	  1	
367	447	765	  1	
367	576	765	  1	
368	 58	765	  1	
368	106	765	  1	
368	128	765	  1	
368	142	765	  1	
368	230	765	  1	
368	284	765	  1	
368	440	765	  1	
368	464	765	  1	
368	511	765	  1	
368	567	765	  1	
369	126	765	  1	
369	168	765	  1	
370	 83	765	  1	
370	256	765	  1	
371	 94	765	  1	
371	560	765	  1	
373	  8	765	  1	
373	 56	765	  1	
373	 63	765	  1	
373	 72	765	  1	
373	144	765	  1	
374	 43	765	  1	
374	 83	765	  1	
374	133	765	  1	
374	228	765	  1	
374	248	765	  1	
375	128	765	  1	
375	174	765	  1	
375	280	765	  1	
375	483	765	  1	
376	 49	765	  1	
376	111	765	  1	
376	117	765	  1	
376	155	765	  1	
376	208	765	  1	
376	214	765	  1	
376	231	765	  1	
376	288	765	  1	
376	295	765	  1	
376	310	765	  1	
376	344	765	  1	
376	402	765	  1	
376	440	765	  1	
376	459	765	  1	
376	488	765	  1	
376	535	765	  1	
378	107	765	  1	
378	264	765	  1	
379	255	765	  1	
379	368	765	  1	
379	472	765	  1	
379	495	765	  1	
380	148	765	  1	
381	158	765	  1	
381	228	765	  1	
381	319	765	  1	
381	371	765	  1	
381	464	765	  1	
381	568	765	  1	
382	118	765	  1	
383	126	765	  1	
383	248	765	  1	
383	291	765	  1	
383	344	765	  1	
383	353	765	  1	
383	456	765	  1	
384	 16	765	  1	
384	 59	765	  1	
384	 66	765	  1	
384	 84	765	  1	
384	143	765	  1	
384	151	765	  1	
384	170	765	  1	
384	183	765	  1	
384	203	765	  1	
384	232	765	  1	
384	255	765	  1	
384	295	765	  1	
384	298	765	  1	
384	320	765	  1	
384	327	765	  1	
384	336	765	  1	
384	392	765	  1	
384	402	765	  1	
384	526	765	  1	
385	133	765	  1	
386	290	765	  1	
386	464	765	  1	
387	206	765	  1	
388	168	765	  1	
388	192	765	  1	
388	289	765	  1	
388	470	765	  1	
388	549	765	  1	
389	 36	765	  1	
389	448	765	  1	
391	207	765	  1	
391	251	765	  1	
391	295	765	  1	
391	387	765	  1	
391	526	765	  1	
392	120	765	  1	
392	226	765	  1	
392	231	765	  1	
392	269	765	  1	
392	283	765	  1	
392	302	765	  1	
392	375	765	  1	
392	408	765	  1	
392	413	765	  1	
392	437	765	  1	
393	295	765	  1	
394	495	765	  1	
395	175	765	  1	
395	184	765	  1	
395	310	765	  1	
395	398	765	  1	
395	432	765	  1	
397	128	765	  1	
397	135	765	  1	
397	288	765	  1	
398	173	765	  1	
398	258	765	  1	
398	410	765	  1	
398	415	765	  1	
399	271	765	  1	
399	280	765	  1	
399	287	765	  1	
400	 12	765	  1	
400	 38	765	  1	
400	 45	765	  1	
400	 50	765	  1	
400	 80	765	  1	
400	117	765	  1	
400	127	765	  1	
400	150	765	  1	
400	168	765	  1	
400	192	765	  1	
400	234	765	  1	
400	239	765	  1	
400	256	765	  1	
400	279	765	  1	
400	315	765	  1	
400	344	765	  1	
400	351	765	  1	
400	399	765	  1	
400	416	765	  1	
400	432	765	  1	
400	456	765	  1	
402	270	765	  1	
403	120	765	  1	
403	142	765	  1	
403	463	765	  1	
404	 32	765	  1	
404	 47	765	  1	
405	  0	765	  1	
405	 23	765	  1	
405	184	765	  1	
405	191	765	  1	
405	198	765	  1	
406	 40	765	  1	
406	118	765	  1	
406	126	765	  1	
407	279	765	  1	
407	456	765	  1	
408	 31	765	  1	
408	101	765	  1	
408	123	765	  1	
408	168	765	  1	
408	192	765	  1	
408	226	765	  1	
408	240	765	  1	
408	247	765	  1	
408	264	765	  1	
408	424	765	  1	
408	466	765	  1	
409	328	765	  1	
410	 37	765	  1	
410	 96	765	  1	
410	279	765	  1	
411	 16	765	  1	
411	110	765	  1	
412	180	765	  1	
413	 67	765	  1	
413	 80	765	  1	
413	160	765	  1	
413	312	765	  1	
413	319	765	  1	
414	102	765	  1	
414	231	765	  1	
414	293	765	  1	
414	471	765	  1	
415	 23	765	  1	
415	 27	765	  1	
415	 56	765	  1	
415	192	765	  1	
415	240	765	  1	
415	247	765	  1	
415	344	765	  1	
415	348	765	  1	
415	379	765	  1	
416	  3	765	  1	
416	 40	765	  1	
416	 44	765	  1	
416	 48	765	  1	
416	 87	765	  1	
416	 98	765	  1	
416	118	765	  1	
416	137	765	  1	
416	146	765	  1	
416	151	765	  1	
416	233	765	  1	
416	239	765	  1	
416	243	765	  1	
416	400	765	  1	
416	407	765	  1	
416	418	765	  1	
416	443	765	  1	
416	543	765	  1	
418	200	765	  1	
418	224	765	  1	
418	341	765	  1	
419	 24	765	  1	
420	 80	765	  1	
420	 87	765	  1	
420	183	765	  1	
420	431	765	  1	
420	509	765	  1	
421	104	765	  1	
421	208	765	  1	
421	239	765	  1	
421	250	765	  1	
421	255	765	  1	
421	423	765	  1	
422	115	765	  1	
422	154	765	  1	
422	328	765	  1	
423	168	765	  1	
423	247	765	  1	
423	331	765	  1	
423	335	765	  1	
423	443	765	  1	
423	591	765	  1	
424	  3	765	  1	
424	 54	765	  1	
424	 72	765	  1	
424	 77	765	  1	
424	232	765	  1	
424	236	765	  1	
424	288	765	  1	
424	312	765	  1	
424	527	765	  1	
425	 96	765	  1	
426	 48	765	  1	
426	111	765	  1	
426	133	765	  1	
426	144	765	  1	
426	290	765	  1	
427	160	765	  1	
428	119	765	  1	
429	  8	765	  1	
429	 27	765	  1	
429	127	765	  1	
429	224	765	  1	
429	231	765	  1	
429	248	765	  1	
429	255	765	  1	
430	104	765	  1	
430	151	765	  1	
430	182	765	  1	
430	237	765	  1	
430	507	765	  1	
431	 54	765	  1	
431	 72	765	  1	
431	319	765	  1	
432	 40	765	  1	
432	 45	765	  1	
432	 48	765	  1	
432	 58	765	  1	
432	 69	765	  1	
432	129	765	  1	
432	138	765	  1	
432	167	765	  1	
432	227	765	  1	
432	240	765	  1	
432	274	765	  1	
432	368	765	  1	
433	104	765	  1	
433	184	765	  1	
434	 32	765	  1	
434	 53	765	  1	
434	254	765	  1	
435	376	765	  1	
436	 39	765	  1	
436	 48	765	  1	
436	143	765	  1	
436	165	765	  1	
437	 56	765	  1	
437	 63	765	  1	
437	174	765	  1	
437	203	765	  1	
437	216	765	  1	
437	246	765	  1	
438	 42	765	  1	
438	 47	765	  1	
438	291	765	  1	
439	 72	765	  1	
439	 79	765	  1	
439	419	765	  1	
439	483	765	  1	
440	 67	765	  1	
440	 74	765	  1	
440	 99	765	  1	
440	104	765	  1	
440	120	765	  1	
440	160	765	  1	
440	181	765	  1	
440	192	765	  1	
440	206	765	  1	
440	235	765	  1	
440	256	765	  1	
440	263	765	  1	
440	294	765	  1	
441	260	765	  1	
441	303	765	  1	
442	 16	765	  1	
442	 32	765	  1	
442	 39	765	  1	
442	126	765	  1	
442	129	765	  1	
442	405	765	  1	
443	  0	765	  1	
443	111	765	  1	
443	152	765	  1	
445	176	765	  1	
445	203	765	  1	
445	248	765	  1	
446	 76	765	  1	
446	104	765	  1	
446	120	765	  1	
446	138	765	  1	
446	143	765	  1	
447	294	765	  1	
448	 32	765	  1	
448	 41	765	  1	
448	 52	765	  1	
448	 59	765	  1	
448	 85	765	  1	
448	 94	765	  1	
448	101	765	  1	
448	144	765	  1	
448	150	765	  1	
448	163	765	  1	
448	168	765	  1	
448	174	765	  1	
448	192	765	  1	
448	210	765	  1	
448	216	765	  1	
448	240	765	  1	
448	263	765	  1	
449	  5	765	  1	
449	221	765	  1	
450	136	765	  1	
451	 48	765	  1	
451	368	765	  1	
453	 14	765	  1	
453	 96	765	  1	
453	128	765	  1	
453	224	765	  1	
454	 42	765	  1	
454	156	765	  1	
454	167	765	  1	
454	256	765	  1	
454	288	765	  1	
454	535	765	  1	
455	 32	765	  1	
455	120	765	  1	
455	147	765	  1	
455	248	765	  1	
455	271	765	  1	
456	 24	765	  1	
456	 67	765	  1	
456	127	765	  1	
456	144	765	  1	
456	160	765	  1	
456	200	765	  1	
456	204	765	  1	
456	218	765	  1	
456	240	765	  1	
456	307	765	  1	
456	459	765	  1	
457	 88	765	  1	
458	 32	765	  1	
459	104	765	  1	
459	184	765	  1	
459	198	765	  1	
459	211	765	  1	
459	223	765	  1	
460	167	765	  1	
460	264	765	  1	
461	 30	765	  1	
461	205	765	  1	
461	216	765	  1	
461	246	765	  1	
462	  0	765	  1	
462	132	765	  1	
462	271	765	  1	
463	  8	765	  1	
463	 88	765	  1	
464	 80	765	  1	
464	 96	765	  1	
464	124	765	  1	
464	136	765	  1	
464	152	765	  1	
464	176	765	  1	
464	189	765	  1	
464	208	765	  1	
464	221	765	  1	
464	232	765	  1	
464	287	765	  1	
464	496	765	  1	
465	111	765	  1	
466	  2	765	  1	
466	 88	765	  1	
466	383	765	  1	
467	  7	765	  1	
467	 56	765	  1	
468	176	765	  1	
469	119	765	  1	
469	232	765	  1	
470	189	765	  1	
470	222	765	  1	
471	 88	765	  1	
471	136	765	  1	
472	 16	765	  1	
472	 20	765	  1	
472	 29	765	  1	
472	 42	765	  1	
472	 56	765	  1	
472	 70	765	  1	
472	 87	765	  1	
472	 93	765	  1	
472	 98	765	  1	
472	118	765	  1	
472	149	765	  1	
472	155	765	  1	
472	213	765	  1	
472	234	765	  1	
472	240	765	  1	
472	264	765	  1	
472	563	765	  1	
474	 64	765	  1	
474	102	765	  1	
474	127	765	  1	
475	 47	765	  1	
475	187	765	  1	
476	 68	765	  1	
476	 99	765	  1	
477	232	765	  1	
478	120	765	  1	
478	150	765	  1	
478	280	765	  1	
479	 56	765	  1	
480	 74	765	  1	
480	 92	765	  1	
480	103	765	  1	
480	115	765	  1	
480	128	765	  1	
480	176	765	  1	
480	272	765	  1	
480	279	765	  1	
480	288	765	  1	
480	295	765	  1	
480	359	765	  1	
480	390	765	  1	
481	287	765	  1	
482	 19	765	  1	
482	 76	765	  1	
482	304	765	  1	
483	 40	765	  1	
483	120	765	  1	
484	 48	765	  1	
484	 75	765	  1	
485	 55	765	  1	
485	136	765	  1	
485	152	765	  1	
486	 71	765	  1	
487	 47	765	  1	
487	184	765	  1	
487	191	765	  1	
487	240	765	  1	
487	291	765	  1	
488	  0	765	  1	
488	 15	765	  1	
488	 18	765	  1	
488	 64	765	  1	
488	144	765	  1	
488	176	765	  1	
488	183	765	  1	
488	205	765	  1	
488	213	765	  1	
488	219	765	  1	
488	229	765	  1	
490	503	765	  1	
491	188	765	  1	
492	179	765	  1	
493	 99	765	  1	
493	224	765	  1	
493	256	765	  1	
494	111	765	  1	
494	191	765	  1	
494	214	765	  1	
495	 15	765	  1	
495	328	765	  1	
496	  8	765	  1	
496	106	765	  1	
496	122	765	  1	
496	134	765	  1	
496	140	765	  1	
496	152	765	  1	
496	248	765	  1	
496	255	765	  1	
496	267	765	  1	
496	336	765	  1	
499	184	765	  1	
499	281	765	  1	
501	 92	765	  1	
501	383	765	  1	
502	317	765	  1	
503	 48	765	  1	
503	152	765	  1	
503	251	765	  1	
503	264	765	  1	
503	271	765	  1	
503	358	765	  1	
504	 15	765	  1	
504	 24	765	  1	
504	 72	765	  1	
504	 79	765	  1	
504	104	765	  1	
504	112	765	  1	
504	168	765	  1	
504	192	765	  1	
504	208	765	  1	
506	198	765	  1	
506	214	765	  1	
507	 31	765	  1	
507	119	765	  1	
507	144	765	  1	
507	151	765	  1	
507	200	765	  1	
509	192	765	  1	
510	 88	765	  1	
510	208	765	  1	
510	415	765	  1	
511	 24	765	  1	
511	104	765	  1	
511	362	765	  1	
512	  5	765	  1	
512	 44	765	  1	
512	 55	765	  1	
512	 83	765	  1	
512	152	765	  1	
512	212	765	  1	
512	219	765	  1	
512	226	765	  1	
512	250	765	  1	
512	256	765	  1	
512	263	765	  1	
512	279	765	  1	
512	287	765	  1	
512	327	765	  1	
512	397	765	  1	
514	271	765	  1	
515	176	765	  1	
515	256	765	  1	
516	 95	765	  1	
516	209	765	  1	
517	  0	765	  1	
517	107	765	  1	
517	200	765	  1	
517	248	765	  1	
518	327	765	  1	
518	333	765	  1	
519	 11	765	  1	
519	 78	765	  1	
519	222	765	  1	
519	283	765	  1	
520	  4	765	  1	
520	 13	765	  1	
520	 31	765	  1	
520	 41	765	  1	
520	127	765	  1	
520	132	765	  1	
520	159	765	  1	
520	165	765	  1	
520	192	765	  1	
520	247	765	  1	
520	272	765	  1	
520	407	765	  1	
521	 88	765	  1	
521	184	765	  1	
521	190	765	  1	
521	221	765	  1	
522	 58	765	  1	
522	128	765	  1	
522	197	765	  1	
523	  8	765	  1	
523	 72	765	  1	
523	152	765	  1	
523	240	765	  1	
523	245	765	  1	
523	320	765	  1	
524	 92	765	  1	
525	110	765	  1	
525	147	765	  1	
525	157	765	  1	
525	174	765	  1	
525	288	765	  1	
525	347	765	  1	
526	 88	765	  1	
526	184	765	  1	
526	191	765	  1	
527	135	765	  1	
527	219	765	  1	
528	101	765	  1	
528	141	765	  1	
528	168	765	  1	
528	179	765	  1	
528	200	765	  1	
528	211	765	  1	
528	253	765	  1	
528	267	765	  1	
528	295	765	  1	
528	315	765	  1	
528	356	765	  1	
531	110	765	  1	
531	246	765	  1	
531	288	765	  1	
532	132	765	  1	
533	 96	765	  1	
534	208	765	  1	
535	 48	765	  1	
535	200	765	  1	
535	240	765	  1	
535	252	765	  1	
535	264	765	  1	
535	271	765	  1	
535	295	765	  1	
535	392	765	  1	
536	 19	765	  1	
536	 56	765	  1	
536	 62	765	  1	
536	145	765	  1	
536	154	765	  1	
536	159	765	  1	
536	165	765	  1	
536	276	765	  1	
536	525	765	  1	
538	 88	765	  1	
538	 95	765	  1	
538	151	765	  1	
539	136	765	  1	
540	222	765	  1	
541	126	765	  1	
542	166	765	  1	
542	216	765	  1	
542	392	765	  1	
542	399	765	  1	
543	144	765	  1	
544	177	765	  1	
544	242	765	  1	
544	255	765	  1	
544	315	765	  1	
544	375	765	  1	
544	469	765	  1	
545	 96	765	  1	
546	 87	765	  1	
547	 72	765	  1	
547	295	765	  1	
547	368	765	  1	
549	240	765	  1	
549	247	765	  1	
550	166	765	  1	
551	120	765	  1	
551	146	765	  1	
551	182	765	  1	
551	191	765	  1	
551	375	765	  1	
552	 48	765	  1	
552	 91	765	  1	
552	117	765	  1	
552	128	765	  1	
552	157	765	  1	
552	200	765	  1	
552	216	765	  1	
552	267	765	  1	
552	344	765	  1	
553	239	765	  1	
553	304	765	  1	
554	104	765	  1	
554	112	765	  1	
555	464	765	  1	
557	109	765	  1	
557	120	765	  1	
558	 77	765	  1	
558	 87	765	  1	
559	136	765	  1	
559	264	765	  1	
559	271	765	  1	
560	 67	765	  1	
560	132	765	  1	
560	144	765	  1	
560	192	765	  1	
560	232	765	  1	
560	239	765	  1	
560	272	765	  1	
560	322	765	  1	
560	398	765	  1	
560	416	765	  1	
561	387	765	  1	
562	109	765	  1	
562	280	765	  1	
562	311	765	  1	
563	120	765	  1	
563	407	765	  1	
564	390	765	  1	
565	148	765	  1	
565	191	765	  1	
567	 64	765	  1	
567	 71	765	  1	
567	176	765	  1	
567	235	765	  1	
567	327	765	  1	
567	400	765	  1	
568	  5	765	  1	
568	125	765	  1	
568	140	765	  1	
568	147	765	  1	
568	171	765	  1	
568	201	765	  1	
568	250	765	  1	
568	255	765	  1	
568	264	765	  1	
568	269	765	  1	
568	331	765	  1	
570	 16	765	  1	
571	120	765	  1	
571	384	765	  1	
571	391	765	  1	
571	488	765	  1	
573	  0	765	  1	
573	144	765	  1	
573	184	765	  1	
574	255	765	  1	
575	335	765	  1	
576	  6	765	  1	
576	 79	765	  1	
576	 86	765	  1	
576	130	765	  1	
576	176	765	  1	
576	237	765	  1	
576	304	765	  1	
576	312	765	  1	
576	381	765	  1	
576	391	765	  1	
576	401	765	  1	
579	 23	765	  1	
579	 72	765	  1	
579	384	765	  1	
580	252	765	  1	
581	216	765	  1	
581	223	765	  1	
581	376	765	  1	
582	  3	765	  1	
582	251	765	  1	
582	400	765	  1	
583	 79	765	  1	
583	152	765	  1	
583	176	765	  1	
583	391	765	  1	
584	  4	765	  1	
584	 92	765	  1	
584	102	765	  1	
584	184	765	  1	
584	208	765	  1	
584	240	765	  1	
584	261	765	  1	
584	291	765	  1	
584	300	765	  1	
584	328	765	  1	
584	394	765	  1	
586	416	765	  1	
587	191	765	  1	
587	222	765	  1	
587	383	765	  1	
588	  7	765	  1	
588	216	765	  1	
588	256	765	  1	
588	407	765	  1	
589	136	765	  1	
590	108	765	  1	
590	211	765	  1	
590	324	765	  1	
590	436	765	  1	
591	  2	765	  1	
591	184	765	  1	
591	272	765	  1	
591	288	765	  1	
591	295	765	  1	
592	  8	765	  1	
592	 14	765	  1	
592	107	765	  1	
592	168	765	  1	
592	174	765	  1	
592	183	765	  1	
592	196	765	  1	
592	215	765	  1	
592	232	765	  1	
592	253	765	  1	
592	296	765	  1	
595	 96	765	  1	
595	136	765	  1	
595	171	765	  1	
595	208	765	  1	
595	226	765	  1	
596	247	765	  1	
597	 99	765	  1	
597	229	765	  1	
597	567	765	  1	
599	 63	765	  1	
599	 72	765	  1	
599	176	765	  1	
599	183	765	  1	
599	215	765	  1	
599	220	765	  1	
600	  3	765	  1	
600	 96	765	  1	
600	102	765	  1	
600	146	765	  1	
600	151	765	  1	
600	168	765	  1	
600	175	765	  1	
600	216	765	  1	
600	328	765	  1	
600	352	765	  1	
601	256	765	  1	
602	382	765	  1	
602	432	765	  1	
602	560	765	  1	
603	296	765	  1	
603	335	765	  1	
605	336	765	  1	
606	171	765	  1	
606	247	765	  1	
607	216	765	  1	
607	328	765	  1	
607	352	765	  1	
607	447	765	  1	
608	  8	765	  1	
608	156	765	  1	
608	280	765	  1	
608	345	765	  1	
608	376	765	  1	
610	287	765	  1	
610	405	765	  1	
611	230	765	  1	
611	383	765	  1	
613	 80	765	  1	
614	 10	765	  1	
614	356	765	  1	
615	228	765	  1	
615	382	765	  1	
615	405	765	  1	
616	 21	765	  1	
616	 71	765	  1	
616	200	765	  1	
616	264	765	  1	
616	376	765	  1	
616	384	765	  1	
616	391	765	  1	
616	416	765	  1	
618	227	765	  1	
619	 55	765	  1	
621	272	765	  1	
622	331	765	  1	
623	 76	765	  1	
623	255	765	  1	
623	279	765	  1	
623	387	765	  1	
624	 52	765	  1	
624	210	765	  1	
626	414	765	  1	
627	424	765	  1	
630	295	765	  1	
630	408	765	  1	
631	 64	765	  1	
631	135	765	  1	
632	270	765	  1	
632	286	765	  1	
632	296	765	  1	
632	384	765	  1	
635	 96	765	  1	
635	391	765	  1	
638	103	765	  1	
638	291	765	  1	
639	384	765	  1	
640	343	765	  1	
643	330	765	  1	
644	432	765	  1	
645	142	765	  1	
646	 79	765	  1	
646	248	765	  1	
647	255	765	  1	
648	143	765	  1	
648	229	765	  1	
648	289	765	  1	
648	323	765	  1	
650	150	765	  1	
652	378	765	  1	
655	181	765	  1	
655	189	765	  1	
655	208	765	  1	
655	263	765	  1	
656	136	765	  1	
660	 77	765	  1	
661	140	765	  1	
663	 76	765	  1	
664	152	765	  1	
664	159	765	  1	
666	168	765	  1	
669	272	765	  1	
670	245	765	  1	
671	  8	765	  1	
671	155	765	  1	
672	135	765	  1	
672	172	765	  1	
672	256	765	  1	
676	396	765	  1	
677	108	765	  1	
678	570	765	  1	
679	168	765	  1	
680	142	765	  1	
680	264	765	  1	
683	135	765	  1	
686	 67	765	  1	
687	258	765	  1	
692	135	765	  1	
699	167	765	  1	
701	238	765	  1	
720	231	765	  1	
730	560	765	  1	
743	111	765	  1	
744	  7	765	  1	
747	 47	765	  1	
752	280	765	  1	
767	171	765	  1	
776	522	765	  1	
795	189	765	  1	
