# 
#  Image file: Goad1_T0068.jpg
#  Applied threshold: 575
#  Algorithm used: fill2                 
#  Particle count: 1845
#  Location (x,y), max luminance, and mass:
# 
  0	200	765	  1	
  0	320	765	  1	
  2	128	765	  1	
  4	215	765	  1	
  8	187	765	  1	
  8	247	765	  1	
  8	527	765	  1	
 11	198	765	  1	
 12	248	765	  1	
 15	232	765	  1	
 16	 35	765	  1	
 16	111	765	  1	
 16	244	765	  1	
 19	150	765	  1	
 21	576	765	  1	
 24	223	765	  1	
 24	495	765	  1	
 32	104	765	  1	
 34	199	765	  1	
 45	143	765	  1	
 45	314	765	  1	
 47	104	765	  1	
 48	480	765	  1	
 69	233	765	  1	
 74	108	765	  1	
 75	360	765	  1	
 78	371	765	  1	
 79	 64	765	  1	
 79	108	765	  1	
 80	200	765	  1	
 80	254	765	  1	
 85	152	765	  1	
 85	327	765	  1	
 86	141	765	  1	
 87	 18	765	  1	
 87	151	765	  1	
 88	109	765	  1	
 88	120	765	  1	
 88	126	765	  1	
 88	236	765	  1	
 92	344	765	  1	
 93	519	765	  1	
 94	111	765	  1	
 94	375	765	  1	
 96	128	765	  1	
 96	136	765	  1	
 96	155	765	  1	
 98	 98	765	  1	
 99	322	765	  1	
103	106	765	  1	
103	136	765	  1	
103	152	765	  1	
103	159	765	  1	
103	267	765	  1	
104	491	765	  1	
106	327	765	  1	
107	103	765	  1	
107	184	765	  1	
110	327	765	  1	
110	439	765	  1	
111	407	765	  1	
112	 18	765	  1	
114	144	765	  1	
116	 64	765	  1	
116	331	765	  1	
119	368	765	  1	
120	155	765	  1	
120	175	765	  1	
120	183	765	  1	
120	280	765	  1	
120	287	765	  1	
120	320	765	  1	
120	334	765	  1	
120	432	765	  1	
122	168	765	  1	
122	279	765	  1	
125	  5	765	  1	
125	 96	765	  1	
126	372	765	  1	
127	 55	765	  1	
127	103	765	  1	
127	183	765	  1	
127	283	765	  1	
127	439	765	  1	
128	  7	765	  1	
128	 93	765	  1	
128	359	765	  1	
128	424	765	  1	
132	263	765	  1	
132	320	765	  1	
133	416	765	  1	
134	303	765	  1	
135	 15	765	  1	
135	257	765	  1	
135	359	765	  1	
135	399	765	  1	
135	412	765	  1	
136	111	765	  1	
136	127	765	  1	
136	157	765	  1	
136	167	765	  1	
136	368	765	  1	
138	274	765	  1	
138	432	765	  1	
139	288	765	  1	
142	  5	765	  1	
142	139	765	  1	
142	159	765	  1	
142	400	765	  1	
144	 70	765	  1	
144	127	765	  1	
144	179	765	  1	
144	203	765	  1	
144	232	765	  1	
144	368	765	  1	
144	387	765	  1	
144	432	765	  1	
144	446	765	  1	
147	120	765	  1	
147	286	765	  1	
150	 95	765	  1	
151	 88	765	  1	
151	127	765	  1	
151	296	765	  1	
152	104	765	  1	
152	120	765	  1	
152	214	765	  1	
152	279	765	  1	
152	288	765	  1	
152	583	765	  1	
153	 95	765	  1	
155	 50	765	  1	
155	108	765	  1	
155	256	765	  1	
158	293	765	  1	
158	364	765	  1	
159	 46	765	  1	
159	214	765	  1	
160	 44	765	  1	
160	 64	765	  1	
160	111	765	  1	
160	128	765	  1	
160	135	765	  1	
160	195	765	  1	
160	345	765	  1	
160	359	765	  1	
162	261	765	  1	
163	 71	765	  1	
163	 88	765	  1	
163	 95	765	  1	
163	280	765	  1	
164	 40	765	  1	
164	104	765	  1	
164	192	765	  1	
164	375	765	  1	
166	 47	765	  1	
166	108	765	  1	
167	 64	765	  1	
167	270	765	  1	
167	303	765	  1	
167	423	765	  1	
168	 67	765	  1	
168	 75	765	  1	
168	199	765	  1	
168	459	765	  1	
168	510	765	  1	
168	515	765	  1	
170	346	765	  1	
170	356	765	  1	
170	504	765	  1	
171	 56	765	  1	
171	 71	765	  1	
171	223	765	  1	
171	376	765	  1	
172	 79	765	  1	
172	509	765	  1	
173	 67	765	  1	
174	195	765	  1	
174	254	765	  1	
175	 52	765	  1	
175	 99	765	  1	
175	239	765	  1	
175	375	765	  1	
175	407	765	  1	
176	 19	765	  1	
176	107	765	  1	
176	115	765	  1	
176	120	765	  1	
176	127	765	  1	
176	176	765	  1	
176	208	765	  1	
176	350	765	  1	
176	385	765	  1	
176	389	765	  1	
177	 64	765	  1	
177	 71	765	  1	
177	375	765	  1	
179	  8	765	  1	
179	110	765	  1	
179	200	765	  1	
180	 85	765	  1	
182	123	765	  1	
182	262	765	  1	
182	351	765	  1	
183	112	765	  1	
183	119	765	  1	
183	160	765	  1	
183	336	765	  1	
183	347	765	  1	
183	472	765	  1	
184	101	765	  1	
184	176	765	  1	
184	221	765	  1	
184	288	765	  1	
185	 56	765	  1	
186	175	765	  1	
186	439	765	  1	
187	  8	765	  1	
189	  6	765	  1	
189	 97	765	  1	
189	111	765	  1	
190	  0	765	  1	
190	 61	765	  1	
191	107	765	  1	
191	366	765	  1	
192	 21	765	  1	
192	 82	765	  1	
192	124	765	  1	
192	142	765	  1	
192	176	765	  1	
192	233	765	  1	
192	261	765	  1	
192	312	765	  1	
192	379	765	  1	
192	400	765	  1	
193	423	765	  1	
194	 47	765	  1	
194	127	765	  1	
194	239	765	  1	
195	 16	765	  1	
195	248	765	  1	
196	113	765	  1	
196	182	765	  1	
197	 80	765	  1	
198	140	765	  1	
198	312	765	  1	
199	 96	765	  1	
199	125	765	  1	
199	488	765	  1	
199	503	765	  1	
200	  5	765	  1	
200	 16	765	  1	
200	119	765	  1	
200	136	765	  1	
200	143	765	  1	
200	155	765	  1	
200	248	765	  1	
200	296	765	  1	
200	323	765	  1	
200	336	765	  1	
200	344	765	  1	
202	166	765	  1	
203	 47	765	  1	
203	 88	765	  1	
203	254	765	  1	
203	303	765	  1	
203	511	765	  1	
204	336	765	  1	
205	128	765	  1	
205	158	765	  1	
205	264	765	  1	
205	271	765	  1	
205	320	765	  1	
206	 75	765	  1	
206	285	765	  1	
206	435	765	  1	
207	 18	765	  1	
207	 23	765	  1	
207	 95	765	  1	
207	143	765	  1	
207	296	765	  1	
207	523	765	  1	
208	 51	765	  1	
208	 56	765	  1	
208	 80	765	  1	
208	 96	765	  1	
208	119	765	  1	
208	147	765	  1	
208	152	765	  1	
208	163	765	  1	
208	237	765	  1	
208	371	765	  1	
208	376	765	  1	
209	134	765	  1	
209	175	765	  1	
210	124	765	  1	
210	182	765	  1	
210	277	765	  1	
210	415	765	  1	
211	112	765	  1	
212	382	765	  1	
213	120	765	  1	
214	 46	765	  1	
214	161	765	  1	
214	176	765	  1	
214	419	765	  1	
215	 55	765	  1	
215	 80	765	  1	
215	119	765	  1	
215	168	765	  1	
215	304	765	  1	
215	315	765	  1	
215	432	765	  1	
216	  8	765	  1	
216	 72	765	  1	
216	115	765	  1	
216	120	765	  1	
216	135	765	  1	
216	211	765	  1	
216	216	765	  1	
216	247	765	  1	
216	256	765	  1	
216	263	765	  1	
216	271	765	  1	
216	295	765	  1	
216	336	765	  1	
216	351	765	  1	
216	358	765	  1	
216	471	765	  1	
217	 96	765	  1	
218	174	765	  1	
218	272	765	  1	
219	 15	765	  1	
219	130	765	  1	
219	240	765	  1	
219	277	765	  1	
219	288	765	  1	
219	296	765	  1	
220	376	765	  1	
221	104	765	  1	
221	111	765	  1	
221	159	765	  1	
221	178	765	  1	
221	183	765	  1	
221	368	765	  1	
222	  8	765	  1	
222	267	765	  1	
222	274	765	  1	
222	311	765	  1	
222	471	765	  1	
223	 72	765	  1	
223	128	765	  1	
223	208	765	  1	
223	215	765	  1	
223	247	765	  1	
223	259	765	  1	
223	295	765	  1	
223	440	765	  1	
224	 48	765	  1	
224	 59	765	  1	
224	 96	765	  1	
224	148	765	  1	
224	176	765	  1	
224	271	765	  1	
224	347	765	  1	
224	352	765	  1	
224	411	765	  1	
224	439	765	  1	
227	 54	765	  1	
227	128	765	  1	
227	135	765	  1	
227	144	765	  1	
227	264	765	  1	
227	357	765	  1	
227	400	765	  1	
227	432	765	  1	
229	 88	765	  1	
229	102	765	  1	
229	182	765	  1	
230	 48	765	  1	
230	 63	765	  1	
230	160	765	  1	
230	168	765	  1	
230	406	765	  1	
230	532	765	  1	
231	208	765	  1	
231	271	765	  1	
231	347	765	  1	
231	415	765	  1	
231	439	765	  1	
232	 54	765	  1	
232	122	765	  1	
232	130	765	  1	
232	184	765	  1	
232	195	765	  1	
232	257	765	  1	
232	287	765	  1	
232	376	765	  1	
232	427	765	  1	
232	432	765	  1	
233	149	765	  1	
233	168	765	  1	
233	258	765	  1	
234	 72	765	  1	
234	 80	765	  1	
234	 96	765	  1	
236	139	765	  1	
237	112	765	  1	
238	100	765	  1	
238	174	765	  1	
238	379	765	  1	
239	150	765	  1	
239	280	765	  1	
239	287	765	  1	
239	424	765	  1	
239	431	765	  1	
239	435	765	  1	
240	  0	765	  1	
240	 64	765	  1	
240	 75	765	  1	
240	124	765	  1	
240	178	765	  1	
240	183	765	  1	
240	186	765	  1	
240	202	765	  1	
240	211	765	  1	
240	239	765	  1	
240	364	765	  1	
240	376	765	  1	
240	392	765	  1	
242	101	765	  1	
242	382	765	  1	
242	456	765	  1	
243	144	765	  1	
243	276	765	  1	
243	360	765	  1	
243	407	765	  1	
244	235	765	  1	
245	192	765	  1	
245	208	765	  1	
245	259	765	  1	
246	159	765	  1	
246	365	765	  1	
246	376	765	  1	
246	395	765	  1	
246	413	765	  1	
247	 55	765	  1	
247	 95	765	  1	
248	  0	765	  1	
248	  4	765	  1	
248	 59	765	  1	
248	 72	765	  1	
248	 78	765	  1	
248	112	765	  1	
248	218	765	  1	
248	223	765	  1	
248	504	765	  1	
249	168	765	  1	
249	194	765	  1	
249	199	765	  1	
250	 90	765	  1	
250	 95	765	  1	
251	496	765	  1	
253	 75	765	  1	
253	118	765	  1	
253	208	765	  1	
253	264	765	  1	
254	 45	765	  1	
254	152	765	  1	
254	453	765	  1	
255	300	765	  1	
255	504	765	  1	
256	  3	765	  1	
256	 27	765	  1	
256	120	765	  1	
256	149	765	  1	
256	164	765	  1	
256	173	765	  1	
256	178	765	  1	
256	216	765	  1	
256	291	765	  1	
256	318	765	  1	
256	352	765	  1	
256	376	765	  1	
256	403	765	  1	
258	 14	765	  1	
258	 64	765	  1	
258	123	765	  1	
258	452	765	  1	
258	469	765	  1	
259	 96	765	  1	
260	183	765	  1	
261	112	765	  1	
261	130	765	  1	
261	144	765	  1	
261	155	765	  1	
262	 70	765	  1	
262	125	765	  1	
262	279	765	  1	
262	440	765	  1	
263	 24	765	  1	
263	 31	765	  1	
263	325	765	  1	
263	527	765	  1	
264	 45	765	  1	
264	 54	765	  1	
264	 62	765	  1	
264	151	765	  1	
264	154	765	  1	
264	159	765	  1	
264	186	765	  1	
264	197	765	  1	
264	248	765	  1	
264	389	765	  1	
264	424	765	  1	
264	454	765	  1	
265	408	765	  1	
266	  8	765	  1	
266	 80	765	  1	
267	255	765	  1	
267	327	765	  1	
267	400	765	  1	
267	431	765	  1	
267	463	765	  1	
268	112	765	  1	
268	272	765	  1	
269	  0	765	  1	
269	123	765	  1	
269	350	765	  1	
269	384	765	  1	
269	448	765	  1	
270	 11	765	  1	
270	 72	765	  1	
270	279	765	  1	
270	331	765	  1	
271	148	765	  1	
271	248	765	  1	
271	414	765	  1	
271	424	765	  1	
271	456	765	  1	
271	520	765	  1	
271	532	765	  1	
272	 27	765	  1	
272	 64	765	  1	
272	 69	765	  1	
272	199	765	  1	
272	207	765	  1	
272	253	765	  1	
272	264	765	  1	
272	400	765	  1	
272	432	765	  1	
272	487	765	  1	
274	303	765	  1	
274	440	765	  1	
275	104	765	  1	
275	154	765	  1	
275	278	765	  1	
275	480	765	  1	
277	 16	765	  1	
277	 23	765	  1	
277	 30	765	  1	
277	 82	765	  1	
277	277	765	  1	
277	288	765	  1	
278	151	765	  1	
278	536	765	  1	
279	 76	765	  1	
279	440	765	  1	
279	487	765	  1	
280	  0	765	  1	
280	  7	765	  1	
280	 84	765	  1	
280	 93	765	  1	
280	104	765	  1	
280	190	765	  1	
280	208	765	  1	
280	240	765	  1	
280	247	765	  1	
280	272	765	  1	
280	286	765	  1	
280	290	765	  1	
280	302	765	  1	
280	361	765	  1	
280	375	765	  1	
280	400	765	  1	
280	510	765	  1	
280	528	765	  1	
280	535	765	  1	
280	547	765	  1	
281	367	765	  1	
282	 72	765	  1	
282	126	765	  1	
282	213	765	  1	
282	307	765	  1	
283	147	765	  1	
283	352	765	  1	
283	359	765	  1	
283	383	765	  1	
283	409	765	  1	
284	 86	765	  1	
284	208	765	  1	
285	 70	765	  1	
285	168	765	  1	
285	216	765	  1	
285	415	765	  1	
286	120	765	  1	
286	136	765	  1	
286	243	765	  1	
286	371	765	  1	
287	 80	765	  1	
287	104	765	  1	
287	190	765	  1	
287	376	765	  1	
288	  8	765	  1	
288	 20	765	  1	
288	 72	765	  1	
288	 86	765	  1	
288	112	765	  1	
288	136	765	  1	
288	143	765	  1	
288	157	765	  1	
288	180	765	  1	
288	232	765	  1	
288	291	765	  1	
288	382	765	  1	
288	432	765	  1	
288	440	765	  1	
288	503	765	  1	
288	555	765	  1	
288	568	765	  1	
289	392	765	  1	
289	397	765	  1	
289	490	765	  1	
290	248	765	  1	
291	127	765	  1	
291	327	765	  1	
291	360	765	  1	
291	575	765	  1	
292	 72	765	  1	
293	 87	765	  1	
293	144	765	  1	
293	299	765	  1	
293	311	765	  1	
293	376	765	  1	
294	136	765	  1	
294	170	765	  1	
294	307	765	  1	
295	175	765	  1	
295	248	765	  1	
295	296	765	  1	
295	397	765	  1	
295	568	765	  1	
296	 42	765	  1	
296	 64	765	  1	
296	 96	765	  1	
296	102	765	  1	
296	105	765	  1	
296	198	765	  1	
296	243	765	  1	
296	288	765	  1	
296	340	765	  1	
296	365	765	  1	
296	384	765	  1	
296	469	765	  1	
297	136	765	  1	
298	 68	765	  1	
298	240	765	  1	
298	246	765	  1	
299	224	765	  1	
299	344	765	  1	
299	582	765	  1	
300	400	765	  1	
300	503	765	  1	
301	 48	765	  1	
301	 99	765	  1	
301	126	765	  1	
301	287	765	  1	
301	343	765	  1	
301	360	765	  1	
301	368	765	  1	
301	464	765	  1	
302	139	765	  1	
302	196	765	  1	
303	243	765	  1	
303	415	765	  1	
303	488	765	  1	
303	568	765	  1	
304	 56	765	  1	
304	156	765	  1	
304	167	765	  1	
304	218	765	  1	
304	234	765	  1	
304	301	765	  1	
304	320	765	  1	
304	389	765	  1	
304	395	765	  1	
304	456	765	  1	
304	476	765	  1	
304	520	765	  1	
304	527	765	  1	
304	555	765	  1	
305	 76	765	  1	
305	247	765	  1	
305	472	765	  1	
306	116	765	  1	
306	175	765	  1	
306	208	765	  1	
306	231	765	  1	
306	367	765	  1	
306	384	765	  1	
307	311	765	  1	
307	406	765	  1	
308	217	765	  1	
308	479	765	  1	
309	 16	765	  1	
309	352	765	  1	
309	503	765	  1	
310	  8	765	  1	
310	108	765	  1	
310	226	765	  1	
310	306	765	  1	
310	390	765	  1	
310	418	765	  1	
311	244	765	  1	
311	423	765	  1	
311	472	765	  1	
311	523	765	  1	
312	 55	765	  1	
312	 77	765	  1	
312	101	765	  1	
312	174	765	  1	
312	192	765	  1	
312	255	765	  1	
312	288	765	  1	
312	333	765	  1	
312	384	765	  1	
312	448	765	  1	
312	455	765	  1	
314	 96	765	  1	
314	197	765	  1	
314	474	765	  1	
315	 40	765	  1	
315	 47	765	  1	
315	 64	765	  1	
315	128	765	  1	
315	272	765	  1	
315	431	765	  1	
316	363	765	  1	
317	171	765	  1	
317	210	765	  1	
317	240	765	  1	
317	355	765	  1	
317	391	765	  1	
317	504	765	  1	
317	592	765	  1	
318	102	765	  1	
318	163	765	  1	
318	360	765	  1	
318	515	765	  1	
319	 55	765	  1	
319	192	765	  1	
319	263	765	  1	
319	424	765	  1	
319	451	765	  1	
320	  3	765	  1	
320	117	765	  1	
320	134	765	  1	
320	144	765	  1	
320	200	765	  1	
320	280	765	  1	
320	286	765	  1	
320	298	765	  1	
320	305	765	  1	
320	331	765	  1	
320	344	765	  1	
320	351	765	  1	
320	362	765	  1	
320	383	765	  1	
320	416	765	  1	
320	440	765	  1	
321	303	765	  1	
321	456	765	  1	
322	238	765	  1	
322	420	765	  1	
322	528	765	  1	
323	174	765	  1	
324	117	765	  1	
324	377	765	  1	
324	471	765	  1	
325	 36	765	  1	
325	 54	765	  1	
325	204	765	  1	
325	232	765	  1	
325	296	765	  1	
325	391	765	  1	
326	142	765	  1	
326	383	765	  1	
327	  3	765	  1	
327	 96	765	  1	
327	103	765	  1	
327	211	765	  1	
327	238	765	  1	
327	331	765	  1	
327	359	765	  1	
327	456	765	  1	
327	467	765	  1	
328	136	765	  1	
328	152	765	  1	
328	159	765	  1	
328	184	765	  1	
328	191	765	  1	
328	232	765	  1	
328	266	765	  1	
328	348	765	  1	
328	352	765	  1	
328	395	765	  1	
328	408	765	  1	
328	464	765	  1	
330	311	765	  1	
331	 39	765	  1	
332	232	765	  1	
332	512	765	  1	
333	  8	765	  1	
333	133	765	  1	
333	227	765	  1	
333	264	765	  1	
333	271	765	  1	
333	291	765	  1	
333	415	765	  1	
334	296	765	  1	
334	306	765	  1	
334	356	765	  1	
335	 36	765	  1	
335	155	765	  1	
335	392	765	  1	
335	399	765	  1	
336	  2	765	  1	
336	 86	765	  1	
336	104	765	  1	
336	206	765	  1	
336	218	765	  1	
336	255	765	  1	
336	282	765	  1	
336	319	765	  1	
336	411	765	  1	
336	419	765	  1	
336	424	765	  1	
336	495	765	  1	
336	538	765	  1	
337	167	765	  1	
338	120	765	  1	
338	335	765	  1	
338	338	765	  1	
339	303	765	  1	
339	312	765	  1	
339	343	765	  1	
339	384	765	  1	
339	405	765	  1	
339	532	765	  1	
340	126	765	  1	
341	 19	765	  1	
341	 80	765	  1	
342	223	765	  1	
343	104	765	  1	
343	160	765	  1	
343	231	765	  1	
343	296	765	  1	
343	319	765	  1	
343	386	765	  1	
343	408	765	  1	
343	415	765	  1	
344	 43	765	  1	
344	 50	765	  1	
344	 66	765	  1	
344	136	765	  1	
344	148	765	  1	
344	168	765	  1	
344	208	765	  1	
344	235	765	  1	
344	264	765	  1	
344	270	765	  1	
344	300	765	  1	
344	344	765	  1	
344	351	765	  1	
344	384	765	  1	
344	416	765	  1	
344	428	765	  1	
345	287	765	  1	
346	 11	765	  1	
346	174	765	  1	
346	297	765	  1	
347	  0	765	  1	
347	 32	765	  1	
347	131	765	  1	
349	 39	765	  1	
349	267	765	  1	
349	296	765	  1	
349	424	765	  1	
349	499	765	  1	
350	135	765	  1	
350	168	765	  1	
350	208	765	  1	
350	280	765	  1	
350	333	765	  1	
351	128	765	  1	
351	232	765	  1	
351	239	765	  1	
352	  0	765	  1	
352	 19	765	  1	
352	 82	765	  1	
352	 87	765	  1	
352	 96	765	  1	
352	103	765	  1	
352	112	765	  1	
352	149	765	  1	
352	163	765	  1	
352	205	765	  1	
352	259	765	  1	
352	390	765	  1	
352	432	765	  1	
352	494	765	  1	
353	 37	765	  1	
354	138	765	  1	
354	212	765	  1	
354	240	765	  1	
354	261	765	  1	
355	 24	765	  1	
355	143	765	  1	
356	314	765	  1	
357	 72	765	  1	
357	127	765	  1	
357	162	765	  1	
357	167	765	  1	
358	 39	765	  1	
358	258	765	  1	
358	319	765	  1	
358	372	765	  1	
358	424	765	  1	
358	456	765	  1	
359	119	765	  1	
359	208	765	  1	
359	270	765	  1	
359	350	765	  1	
359	494	765	  1	
360	 11	765	  1	
360	100	765	  1	
360	122	765	  1	
360	128	765	  1	
360	160	765	  1	
360	227	765	  1	
360	298	765	  1	
360	330	765	  1	
360	335	765	  1	
360	347	765	  1	
360	395	765	  1	
362	 84	765	  1	
362	133	765	  1	
362	174	765	  1	
362	432	765	  1	
362	439	765	  1	
363	 78	765	  1	
363	368	765	  1	
363	392	765	  1	
363	399	765	  1	
363	416	765	  1	
365	291	765	  1	
366	 80	765	  1	
366	 96	765	  1	
366	168	765	  1	
366	264	765	  1	
366	296	765	  1	
366	434	765	  1	
367	 72	765	  1	
367	128	765	  1	
367	301	765	  1	
367	347	765	  1	
367	395	765	  1	
367	456	765	  1	
367	567	765	  1	
368	 16	765	  1	
368	 35	765	  1	
368	 51	765	  1	
368	 79	765	  1	
368	107	765	  1	
368	120	765	  1	
368	167	765	  1	
368	171	765	  1	
368	239	765	  1	
368	343	765	  1	
368	443	765	  1	
368	515	765	  1	
370	 80	765	  1	
371	  6	765	  1	
371	 21	765	  1	
371	232	765	  1	
372	 68	765	  1	
373	 31	765	  1	
373	 48	765	  1	
373	 94	765	  1	
373	259	765	  1	
373	387	765	  1	
374	 72	765	  1	
374	 85	765	  1	
375	 39	765	  1	
375	150	765	  1	
375	153	765	  1	
375	160	765	  1	
375	164	765	  1	
375	167	765	  1	
375	175	765	  1	
375	239	765	  1	
375	483	765	  1	
376	 46	765	  1	
376	 50	765	  1	
376	101	765	  1	
376	176	765	  1	
376	181	765	  1	
376	280	765	  1	
376	304	765	  1	
376	341	765	  1	
376	403	765	  1	
377	112	765	  1	
378	264	765	  1	
378	295	765	  1	
380	 43	765	  1	
380	128	765	  1	
380	232	765	  1	
380	339	765	  1	
381	  7	765	  1	
381	239	765	  1	
381	287	765	  1	
381	391	765	  1	
382	 30	765	  1	
382	138	765	  1	
382	312	765	  1	
383	 55	765	  1	
384	 39	765	  1	
384	104	765	  1	
384	192	765	  1	
384	274	765	  1	
384	328	765	  1	
384	387	765	  1	
384	446	765	  1	
385	  8	765	  1	
385	 31	765	  1	
385	254	765	  1	
386	304	765	  1	
386	368	765	  1	
387	143	765	  1	
388	 35	765	  1	
388	179	765	  1	
388	340	765	  1	
389	 24	765	  1	
389	110	765	  1	
389	351	765	  1	
390	  0	765	  1	
390	235	765	  1	
390	272	765	  1	
391	384	765	  1	
391	391	765	  1	
391	503	765	  1	
392	 19	765	  1	
392	 48	765	  1	
392	 61	765	  1	
392	 64	765	  1	
392	 71	765	  1	
392	 88	765	  1	
392	 95	765	  1	
392	119	765	  1	
392	122	765	  1	
392	170	765	  1	
392	303	765	  1	
392	368	765	  1	
392	437	765	  1	
394	315	765	  1	
394	373	765	  1	
395	112	765	  1	
395	296	765	  1	
395	544	765	  1	
396	 91	765	  1	
396	144	765	  1	
396	432	765	  1	
397	 66	765	  1	
397	120	765	  1	
398	  0	765	  1	
398	 12	765	  1	
398	151	765	  1	
398	456	765	  1	
399	 57	765	  1	
399	170	765	  1	
399	303	765	  1	
399	312	765	  1	
399	560	765	  1	
399	567	765	  1	
400	 29	765	  1	
400	 35	765	  1	
400	 72	765	  1	
400	 78	765	  1	
400	122	765	  1	
400	127	765	  1	
400	157	765	  1	
400	192	765	  1	
400	264	765	  1	
400	356	765	  1	
400	392	765	  1	
400	544	765	  1	
401	203	765	  1	
402	207	765	  1	
402	366	765	  1	
402	376	765	  1	
403	  5	765	  1	
403	112	765	  1	
403	463	765	  1	
404	352	765	  1	
404	472	765	  1	
405	 25	765	  1	
405	 56	765	  1	
405	 75	765	  1	
405	 88	765	  1	
405	276	765	  1	
405	438	765	  1	
406	 52	765	  1	
406	 61	765	  1	
407	 16	765	  1	
407	157	765	  1	
407	198	765	  1	
407	264	765	  1	
407	311	765	  1	
407	392	765	  1	
407	456	765	  1	
408	 48	765	  1	
408	 80	765	  1	
408	133	765	  1	
408	184	765	  1	
408	210	765	  1	
408	231	765	  1	
408	255	765	  1	
408	272	765	  1	
408	405	765	  1	
408	411	765	  1	
409	 72	765	  1	
410	 28	765	  1	
410	128	765	  1	
411	  5	765	  1	
411	118	765	  1	
411	224	765	  1	
411	320	765	  1	
411	427	765	  1	
411	432	765	  1	
412	155	765	  1	
412	200	765	  1	
413	166	765	  1	
413	325	765	  1	
413	352	765	  1	
414	 87	765	  1	
414	248	765	  1	
414	264	765	  1	
414	392	765	  1	
415	 56	765	  1	
415	231	765	  1	
415	351	765	  1	
415	402	765	  1	
415	439	765	  1	
416	 72	765	  1	
416	 80	765	  1	
416	112	765	  1	
416	122	765	  1	
416	144	765	  1	
416	150	765	  1	
416	207	765	  1	
416	213	765	  1	
416	228	765	  1	
416	296	765	  1	
416	335	765	  1	
416	375	765	  1	
416	595	765	  1	
418	 86	765	  1	
418	117	765	  1	
418	173	765	  1	
419	200	765	  1	
419	211	765	  1	
419	220	765	  1	
419	250	765	  1	
419	303	765	  1	
419	366	765	  1	
419	536	765	  1	
420	224	765	  1	
420	320	765	  1	
421	127	765	  1	
421	147	765	  1	
421	424	765	  1	
422	 80	765	  1	
422	208	765	  1	
422	231	765	  1	
423	112	765	  1	
423	175	765	  1	
423	296	765	  1	
423	328	765	  1	
423	367	765	  1	
423	416	765	  1	
424	 16	765	  1	
424	 23	765	  1	
424	 34	765	  1	
424	 41	765	  1	
424	 51	765	  1	
424	101	765	  1	
424	187	765	  1	
424	240	765	  1	
424	264	765	  1	
424	269	765	  1	
424	464	765	  1	
425	 56	765	  1	
426	 47	765	  1	
426	222	765	  1	
426	463	765	  1	
427	 80	765	  1	
427	128	765	  1	
429	 32	765	  1	
429	 64	765	  1	
429	 96	765	  1	
429	195	765	  1	
430	211	765	  1	
430	266	765	  1	
430	271	765	  1	
431	 19	765	  1	
431	184	765	  1	
431	191	765	  1	
431	240	765	  1	
432	 26	765	  1	
432	 45	765	  1	
432	 80	765	  1	
432	104	765	  1	
432	114	765	  1	
432	120	765	  1	
432	136	765	  1	
432	153	765	  1	
432	167	765	  1	
432	186	765	  1	
432	200	765	  1	
432	219	765	  1	
432	228	765	  1	
432	248	765	  1	
432	398	765	  1	
433	360	765	  1	
433	365	765	  1	
434	253	765	  1	
434	280	765	  1	
434	376	765	  1	
435	 47	765	  1	
435	128	765	  1	
435	264	765	  1	
436	 64	765	  1	
436	102	765	  1	
438	 70	765	  1	
438	248	765	  1	
439	 32	765	  1	
439	186	765	  1	
439	310	765	  1	
440	  0	765	  1	
440	 14	765	  1	
440	 22	765	  1	
440	 44	765	  1	
440	 52	765	  1	
440	101	765	  1	
440	127	765	  1	
440	138	765	  1	
440	165	765	  1	
440	194	765	  1	
440	213	765	  1	
440	244	765	  1	
440	264	765	  1	
440	291	765	  1	
440	364	765	  1	
441	171	765	  1	
442	 43	765	  1	
443	 48	765	  1	
443	 88	765	  1	
443	152	765	  1	
443	175	765	  1	
444	 39	765	  1	
444	229	765	  1	
445	 19	765	  1	
445	 45	765	  1	
445	115	765	  1	
445	122	765	  1	
445	361	765	  1	
446	 15	765	  1	
446	247	765	  1	
447	 32	765	  1	
447	236	765	  1	
447	288	765	  1	
447	295	765	  1	
447	340	765	  1	
447	352	765	  1	
447	400	765	  1	
448	  8	765	  1	
448	 43	765	  1	
448	 56	765	  1	
448	121	765	  1	
448	149	765	  1	
448	165	765	  1	
448	168	765	  1	
448	296	765	  1	
448	303	765	  1	
448	359	765	  1	
448	367	765	  1	
448	414	765	  1	
448	480	765	  1	
449	184	765	  1	
450	 99	765	  1	
450	354	765	  1	
450	441	765	  1	
451	 36	765	  1	
453	 15	765	  1	
453	 55	765	  1	
453	365	765	  1	
454	 68	765	  1	
454	352	765	  1	
455	122	765	  1	
455	219	765	  1	
455	299	765	  1	
455	418	765	  1	
456	  0	765	  1	
456	  8	765	  1	
456	 21	765	  1	
456	 42	765	  1	
456	 83	765	  1	
456	116	765	  1	
456	136	765	  1	
456	152	765	  1	
456	168	765	  1	
456	172	765	  1	
456	193	765	  1	
456	199	765	  1	
456	204	765	  1	
456	280	765	  1	
456	296	765	  1	
456	408	765	  1	
456	414	765	  1	
458	 14	765	  1	
458	114	765	  1	
459	 31	765	  1	
459	232	765	  1	
460	125	765	  1	
460	175	765	  1	
461	 72	765	  1	
461	303	765	  1	
462	  8	765	  1	
462	 22	765	  1	
462	114	765	  1	
462	220	765	  1	
462	284	765	  1	
462	291	765	  1	
463	 27	765	  1	
463	 96	765	  1	
463	416	765	  1	
463	559	765	  1	
464	  7	765	  1	
464	 64	765	  1	
464	 88	765	  1	
464	106	765	  1	
464	151	765	  1	
464	189	765	  1	
464	207	765	  1	
464	215	765	  1	
464	272	765	  1	
464	350	765	  1	
464	400	765	  1	
464	555	765	  1	
465	144	765	  1	
466	  0	765	  1	
466	 24	765	  1	
467	 71	765	  1	
467	117	765	  1	
467	192	765	  1	
467	265	765	  1	
468	 74	765	  1	
468	112	765	  1	
468	122	765	  1	
469	 48	765	  1	
469	277	765	  1	
470	  8	765	  1	
470	 64	765	  1	
470	400	765	  1	
471	 32	765	  1	
471	151	765	  1	
472	 40	765	  1	
472	 83	765	  1	
472	175	765	  1	
472	204	765	  1	
472	245	765	  1	
472	264	765	  1	
472	269	765	  1	
472	307	765	  1	
472	318	765	  1	
472	402	765	  1	
472	408	765	  1	
472	412	765	  1	
473	 96	765	  1	
474	 65	765	  1	
474	 75	765	  1	
474	110	765	  1	
474	288	765	  1	
474	410	765	  1	
475	272	765	  1	
475	407	765	  1	
476	144	765	  1	
476	412	765	  1	
477	162	765	  1	
477	200	765	  1	
477	240	765	  1	
477	408	765	  1	
478	 66	765	  1	
478	151	765	  1	
478	316	765	  1	
478	334	765	  1	
479	  8	765	  1	
479	 24	765	  1	
479	 31	765	  1	
479	128	765	  1	
479	304	765	  1	
479	311	765	  1	
479	392	765	  1	
480	 64	765	  1	
480	143	765	  1	
480	183	765	  1	
480	187	765	  1	
480	224	765	  1	
480	235	765	  1	
480	343	765	  1	
481	 16	765	  1	
481	 23	765	  1	
482	106	765	  1	
483	 80	765	  1	
483	339	765	  1	
485	138	765	  1	
485	152	765	  1	
485	230	765	  1	
486	181	765	  1	
486	239	765	  1	
487	109	765	  1	
487	112	765	  1	
487	191	765	  1	
487	336	765	  1	
487	343	765	  1	
488	  4	765	  1	
488	 21	765	  1	
488	 48	765	  1	
488	 93	765	  1	
488	135	765	  1	
488	194	765	  1	
488	259	765	  1	
488	277	765	  1	
488	298	765	  1	
488	306	765	  1	
488	331	765	  1	
489	144	765	  1	
491	112	765	  1	
491	416	765	  1	
492	178	765	  1	
493	 16	765	  1	
493	224	765	  1	
494	256	765	  1	
495	 56	765	  1	
495	331	765	  1	
496	 23	765	  1	
496	 48	765	  1	
496	110	765	  1	
496	144	765	  1	
496	151	765	  1	
496	168	765	  1	
496	174	765	  1	
496	200	765	  1	
496	214	765	  1	
496	228	765	  1	
496	235	765	  1	
496	248	765	  1	
496	255	765	  1	
496	299	765	  1	
496	314	765	  1	
496	344	765	  1	
497	210	765	  1	
498	 16	765	  1	
498	179	765	  1	
499	122	765	  1	
500	127	765	  1	
500	147	765	  1	
501	140	765	  1	
501	171	765	  1	
501	216	765	  1	
501	328	765	  1	
502	232	765	  1	
502	300	765	  1	
502	318	765	  1	
503	 23	765	  1	
503	200	765	  1	
503	547	765	  1	
504	 32	765	  1	
504	174	765	  1	
504	210	765	  1	
504	249	765	  1	
504	311	765	  1	
506	112	765	  1	
506	152	765	  1	
506	240	765	  1	
508	317	765	  1	
509	160	765	  1	
510	 36	765	  1	
510	 53	765	  1	
511	249	765	  1	
511	306	765	  1	
512	 23	765	  1	
512	 92	765	  1	
512	123	765	  1	
512	128	765	  1	
512	144	765	  1	
512	168	765	  1	
512	174	765	  1	
512	199	765	  1	
512	235	765	  1	
512	255	765	  1	
512	263	765	  1	
512	392	765	  1	
512	396	765	  1	
513	 88	765	  1	
513	271	765	  1	
514	 69	765	  1	
514	162	765	  1	
514	210	765	  1	
515	118	765	  1	
515	156	765	  1	
515	167	765	  1	
515	248	765	  1	
515	302	765	  1	
516	 64	765	  1	
516	232	765	  1	
517	134	765	  1	
517	144	765	  1	
517	200	765	  1	
517	207	765	  1	
517	319	765	  1	
518	112	765	  1	
519	 74	765	  1	
519	 82	765	  1	
519	 89	765	  1	
519	100	765	  1	
519	239	765	  1	
519	255	765	  1	
519	259	765	  1	
520	 40	765	  1	
520	103	765	  1	
520	179	765	  1	
520	196	765	  1	
520	219	765	  1	
520	243	765	  1	
520	279	765	  1	
520	336	765	  1	
522	206	765	  1	
522	230	765	  1	
523	 87	765	  1	
523	 96	765	  1	
523	128	765	  1	
523	199	765	  1	
523	272	765	  1	
523	355	765	  1	
525	 83	765	  1	
525	168	765	  1	
525	264	765	  1	
526	200	765	  1	
526	224	765	  1	
526	240	765	  1	
526	247	765	  1	
526	271	765	  1	
527	103	765	  1	
527	176	765	  1	
527	279	765	  1	
527	287	765	  1	
527	295	765	  1	
528	 47	765	  1	
528	 72	765	  1	
528	 85	765	  1	
528	128	765	  1	
528	135	765	  1	
528	207	765	  1	
528	229	765	  1	
528	312	765	  1	
528	320	765	  1	
528	358	765	  1	
531	  3	765	  1	
531	 31	765	  1	
531	174	765	  1	
531	318	765	  1	
531	575	765	  1	
532	392	765	  1	
533	120	765	  1	
534	 92	765	  1	
535	 47	765	  1	
535	131	765	  1	
535	168	765	  1	
535	496	765	  1	
536	 58	765	  1	
536	 63	765	  1	
536	144	765	  1	
536	152	765	  1	
536	159	765	  1	
536	181	765	  1	
536	184	765	  1	
536	211	765	  1	
536	256	765	  1	
536	327	765	  1	
536	335	765	  1	
536	375	765	  1	
538	264	765	  1	
539	 80	765	  1	
539	328	765	  1	
540	273	765	  1	
541	176	765	  1	
541	191	765	  1	
541	312	765	  1	
541	343	765	  1	
542	373	765	  1	
543	211	765	  1	
543	327	765	  1	
543	335	765	  1	
544	  8	765	  1	
544	 87	765	  1	
544	 96	765	  1	
544	106	765	  1	
544	128	765	  1	
544	154	765	  1	
544	167	765	  1	
544	200	765	  1	
544	384	765	  1	
544	392	765	  1	
546	135	765	  1	
547	 15	765	  1	
547	112	765	  1	
547	195	765	  1	
547	256	765	  1	
547	261	765	  1	
547	399	765	  1	
549	152	765	  1	
549	159	765	  1	
549	174	765	  1	
550	203	765	  1	
550	384	765	  1	
551	119	765	  1	
551	128	765	  1	
551	163	765	  1	
551	214	765	  1	
551	320	765	  1	
551	392	765	  1	
551	423	765	  1	
551	432	765	  1	
552	131	765	  1	
552	167	765	  1	
552	184	765	  1	
552	216	765	  1	
552	296	765	  1	
552	304	765	  1	
552	335	765	  1	
552	376	765	  1	
553	383	765	  1	
554	 68	765	  1	
554	102	765	  1	
554	161	765	  1	
554	246	765	  1	
555	325	765	  1	
556	408	765	  1	
557	304	765	  1	
558	 96	765	  1	
558	269	765	  1	
559	 64	765	  1	
559	111	765	  1	
559	128	765	  1	
559	135	765	  1	
559	167	765	  1	
559	303	765	  1	
559	320	765	  1	
560	 68	765	  1	
560	160	765	  1	
560	208	765	  1	
560	245	765	  1	
560	378	765	  1	
560	399	765	  1	
560	415	765	  1	
563	214	765	  1	
563	327	765	  1	
564	235	765	  1	
565	 71	765	  1	
565	 94	765	  1	
567	163	765	  1	
567	378	765	  1	
567	399	765	  1	
568	 96	765	  1	
568	103	765	  1	
568	168	765	  1	
568	174	765	  1	
568	259	765	  1	
568	270	765	  1	
568	307	765	  1	
568	340	765	  1	
569	256	765	  1	
569	263	765	  1	
570	 56	765	  1	
570	336	765	  1	
575	 99	765	  1	
576	 83	765	  1	
576	 94	765	  1	
576	132	765	  1	
576	169	765	  1	
576	238	765	  1	
576	248	765	  1	
576	271	765	  1	
576	280	765	  1	
576	352	765	  1	
576	375	765	  1	
576	393	765	  1	
579	175	765	  1	
579	399	765	  1	
580	272	765	  1	
581	 96	765	  1	
581	267	765	  1	
581	520	765	  1	
582	232	765	  1	
582	279	765	  1	
582	301	765	  1	
582	424	765	  1	
583	 80	765	  1	
583	 87	765	  1	
583	443	765	  1	
584	106	765	  1	
584	111	765	  1	
584	175	765	  1	
584	281	765	  1	
584	296	765	  1	
584	394	765	  1	
587	168	765	  1	
588	399	765	  1	
589	285	765	  1	
590	 24	765	  1	
590	392	765	  1	
590	466	765	  1	
591	175	765	  1	
591	318	765	  1	
591	535	765	  1	
592	 61	765	  1	
592	136	765	  1	
592	207	765	  1	
592	221	765	  1	
592	232	765	  1	
592	248	765	  1	
592	258	765	  1	
592	320	765	  1	
592	344	765	  1	
594	238	765	  1	
594	267	765	  1	
595	351	765	  1	
596	105	765	  1	
596	374	765	  1	
597	167	765	  1	
598	368	765	  1	
598	400	765	  1	
599	344	765	  1	
599	387	765	  1	
600	139	765	  1	
600	296	765	  1	
600	303	765	  1	
600	311	765	  1	
600	365	765	  1	
600	376	765	  1	
600	383	765	  1	
601	 52	765	  1	
604	116	765	  1	
604	485	765	  1	
605	184	765	  1	
606	128	765	  1	
606	135	765	  1	
607	143	765	  1	
607	307	765	  1	
607	352	765	  1	
607	379	765	  1	
610	  0	765	  1	
613	 68	765	  1	
614	320	765	  1	
615	112	765	  1	
615	118	765	  1	
615	122	765	  1	
616	 71	765	  1	
616	132	765	  1	
616	152	765	  1	
616	280	765	  1	
616	287	765	  1	
617	392	765	  1	
619	 16	765	  1	
619	328	765	  1	
619	458	765	  1	
622	295	765	  1	
623	 83	765	  1	
623	283	765	  1	
624	 68	765	  1	
624	311	765	  1	
624	332	765	  1	
624	378	765	  1	
624	383	765	  1	
624	535	765	  1	
626	119	765	  1	
627	120	765	  1	
630	107	765	  1	
632	147	765	  1	
632	342	765	  1	
634	104	765	  1	
635	194	765	  1	
637	342	765	  1	
639	113	765	  1	
639	296	765	  1	
640	224	765	  1	
640	231	765	  1	
640	287	765	  1	
640	324	765	  1	
641	190	765	  1	
648	234	765	  1	
648	311	765	  1	
654	104	765	  1	
662	207	765	  1	
664	 87	765	  1	
664	141	765	  1	
664	208	765	  1	
671	167	765	  1	
671	405	765	  1	
671	408	765	  1	
672	416	765	  1	
679	423	765	  1	
679	480	765	  1	
679	487	765	  1	
690	453	765	  1	
693	448	765	  1	
694	370	765	  1	
696	240	765	  1	
703	248	765	  1	
703	268	765	  1	
704	159	765	  1	
712	128	765	  1	
716	103	765	  1	
738	312	765	  1	
