# 
#  Image file: Goad1_T0094.jpg
#  Applied threshold: 575
#  Algorithm used: fill2                 
#  Particle count: 2064
#  Location (x,y), max luminance, and mass:
# 
  0	 71	765	  1	
  0	527	765	  1	
  8	143	765	  1	
  8	367	765	  1	
 12	 15	765	  1	
 12	184	765	  1	
 14	304	765	  1	
 16	151	765	  1	
 19	144	765	  1	
 31	 79	765	  1	
 43	231	765	  1	
 44	350	765	  1	
 47	255	765	  1	
 47	309	765	  1	
 47	474	765	  1	
 56	 80	765	  1	
 56	216	765	  1	
 56	232	765	  1	
 56	423	765	  1	
 60	232	765	  1	
 63	255	765	  1	
 68	239	765	  1	
 69	208	765	  1	
 70	231	765	  1	
 75	 15	765	  1	
 75	200	765	  1	
 75	598	765	  1	
 79	254	765	  1	
 82	178	765	  1	
 82	238	765	  1	
 84	383	765	  1	
 85	112	765	  1	
 85	439	765	  1	
 87	119	765	  1	
 87	215	765	  1	
 87	237	765	  1	
 87	271	765	  1	
 87	423	765	  1	
 88	221	765	  1	
 88	309	765	  1	
 90	304	765	  1	
 91	151	765	  1	
 91	383	765	  1	
 93	308	765	  1	
 93	328	765	  1	
 93	376	765	  1	
 95	488	765	  1	
 96	167	765	  1	
 96	196	765	  1	
 96	285	765	  1	
 96	360	765	  1	
 96	501	765	  1	
 98	455	765	  1	
 99	 87	765	  1	
 99	144	765	  1	
 99	160	765	  1	
100	 89	765	  1	
100	364	765	  1	
100	511	765	  1	
103	167	765	  1	
103	183	765	  1	
103	319	765	  1	
104	136	765	  1	
104	163	765	  1	
104	413	765	  1	
105	506	765	  1	
107	455	765	  1	
108	163	765	  1	
108	507	765	  1	
112	 72	765	  1	
112	152	765	  1	
112	162	765	  1	
112	199	765	  1	
112	212	765	  1	
112	359	765	  1	
112	403	765	  1	
114	 80	765	  1	
115	158	765	  1	
115	256	765	  1	
116	190	765	  1	
116	208	765	  1	
116	407	765	  1	
118	184	765	  1	
118	215	765	  1	
118	495	765	  1	
119	175	765	  1	
119	354	765	  1	
119	478	765	  1	
120	191	765	  1	
120	280	765	  1	
120	287	765	  1	
120	375	765	  1	
120	391	765	  1	
120	424	765	  1	
121	194	765	  1	
123	  0	765	  1	
123	 68	765	  1	
123	184	765	  1	
124	430	765	  1	
124	493	765	  1	
125	176	765	  1	
125	183	765	  1	
126	  7	765	  1	
126	164	765	  1	
126	172	765	  1	
127	191	765	  1	
127	255	765	  1	
127	302	765	  1	
127	372	765	  1	
128	 32	765	  1	
128	135	765	  1	
128	248	765	  1	
131	128	765	  1	
131	240	765	  1	
135	 32	765	  1	
135	135	765	  1	
136	 92	765	  1	
136	 96	765	  1	
136	216	765	  1	
136	238	765	  1	
138	432	765	  1	
139	255	765	  1	
141	111	765	  1	
141	126	765	  1	
142	107	765	  1	
142	201	765	  1	
142	205	765	  1	
143	 40	765	  1	
143	103	765	  1	
143	238	765	  1	
143	416	765	  1	
144	  2	765	  1	
144	112	765	  1	
144	175	765	  1	
144	280	765	  1	
147	118	765	  1	
149	224	765	  1	
151	216	765	  1	
151	232	765	  1	
151	479	765	  1	
152	128	765	  1	
152	335	765	  1	
152	365	765	  1	
152	511	765	  1	
153	103	765	  1	
155	  0	765	  1	
155	160	765	  1	
155	248	765	  1	
155	335	765	  1	
156	329	765	  1	
156	429	765	  1	
157	256	765	  1	
157	467	765	  1	
159	  7	765	  1	
159	242	765	  1	
159	424	765	  1	
160	 48	765	  1	
160	 55	765	  1	
160	196	765	  1	
160	328	765	  1	
160	341	765	  1	
160	361	765	  1	
160	498	765	  1	
160	512	765	  1	
163	127	765	  1	
165	  0	765	  1	
165	  5	765	  1	
165	 53	765	  1	
165	199	765	  1	
165	215	765	  1	
166	165	765	  1	
166	210	765	  1	
167	  8	765	  1	
167	176	765	  1	
167	180	765	  1	
167	184	765	  1	
168	138	765	  1	
168	224	765	  1	
168	231	765	  1	
168	256	765	  1	
168	272	765	  1	
168	280	765	  1	
168	293	765	  1	
168	328	765	  1	
168	512	765	  1	
170	 40	765	  1	
171	152	765	  1	
171	279	765	  1	
171	383	765	  1	
173	 44	765	  1	
173	224	765	  1	
174	431	765	  1	
175	 53	765	  1	
175	437	765	  1	
175	480	765	  1	
176	 98	765	  1	
176	120	765	  1	
176	150	765	  1	
176	156	765	  1	
176	189	765	  1	
176	230	765	  1	
176	239	765	  1	
176	247	765	  1	
176	291	765	  1	
176	296	765	  1	
176	306	765	  1	
177	266	765	  1	
178	184	765	  1	
178	199	765	  1	
179	152	765	  1	
179	240	765	  1	
180	391	765	  1	
180	551	765	  1	
181	 88	765	  1	
181	335	765	  1	
182	 48	765	  1	
182	147	765	  1	
182	190	765	  1	
182	363	765	  1	
182	408	765	  1	
183	160	765	  1	
183	247	765	  1	
183	288	765	  1	
183	295	765	  1	
183	559	765	  1	
184	 22	765	  1	
184	 79	765	  1	
184	312	765	  1	
184	376	765	  1	
184	398	765	  1	
185	104	765	  1	
185	111	765	  1	
187	 55	765	  1	
187	 72	765	  1	
187	248	765	  1	
187	271	765	  1	
188	256	765	  1	
189	109	765	  1	
189	293	765	  1	
189	352	765	  1	
189	378	765	  1	
189	488	765	  1	
190	167	765	  1	
190	394	765	  1	
191	 48	765	  1	
191	 79	765	  1	
191	152	765	  1	
191	162	765	  1	
191	223	765	  1	
191	376	765	  1	
191	398	765	  1	
192	 64	765	  1	
192	141	765	  1	
192	203	765	  1	
192	234	765	  1	
192	288	765	  1	
192	331	765	  1	
192	356	765	  1	
192	363	765	  1	
192	419	765	  1	
192	519	765	  1	
194	239	765	  1	
194	293	765	  1	
194	386	765	  1	
195	 70	765	  1	
195	224	765	  1	
195	328	765	  1	
195	352	765	  1	
196	  4	765	  1	
196	107	765	  1	
196	157	765	  1	
197	208	765	  1	
197	213	765	  1	
198	259	765	  1	
198	288	765	  1	
198	384	765	  1	
198	519	765	  1	
199	200	765	  1	
199	264	765	  1	
199	358	765	  1	
199	367	765	  1	
199	488	765	  1	
200	 30	765	  1	
200	 56	765	  1	
200	 66	765	  1	
200	 80	765	  1	
200	 87	765	  1	
200	117	765	  1	
200	144	765	  1	
200	185	765	  1	
200	243	765	  1	
200	290	765	  1	
200	307	765	  1	
200	333	765	  1	
202	 27	765	  1	
202	129	765	  1	
202	455	765	  1	
203	149	765	  1	
203	165	765	  1	
203	236	765	  1	
203	340	765	  1	
203	480	765	  1	
204	186	765	  1	
205	 75	765	  1	
205	 91	765	  1	
205	136	765	  1	
205	320	765	  1	
205	347	765	  1	
205	450	765	  1	
206	160	765	  1	
206	171	765	  1	
206	197	765	  1	
206	239	765	  1	
206	292	765	  1	
207	 23	765	  1	
207	 30	765	  1	
207	233	765	  1	
207	256	765	  1	
207	263	765	  1	
207	335	765	  1	
207	455	765	  1	
208	 47	765	  1	
208	 69	765	  1	
208	132	765	  1	
208	180	765	  1	
208	224	765	  1	
208	288	765	  1	
208	374	765	  1	
208	428	765	  1	
209	149	765	  1	
209	295	765	  1	
210	 86	765	  1	
210	243	765	  1	
210	407	765	  1	
211	231	765	  1	
211	248	765	  1	
211	278	765	  1	
211	326	765	  1	
211	432	765	  1	
212	156	765	  1	
212	392	765	  1	
213	104	765	  1	
213	122	765	  1	
213	135	765	  1	
213	431	765	  1	
213	462	765	  1	
214	 66	765	  1	
214	 80	765	  1	
214	144	765	  1	
215	 47	765	  1	
215	224	765	  1	
215	303	765	  1	
215	457	765	  1	
216	 24	765	  1	
216	 48	765	  1	
216	 58	765	  1	
216	136	765	  1	
216	152	765	  1	
216	171	765	  1	
216	186	765	  1	
216	205	765	  1	
216	251	765	  1	
216	289	765	  1	
216	343	765	  1	
216	503	765	  1	
218	303	765	  1	
218	336	765	  1	
219	 30	765	  1	
219	157	765	  1	
219	191	765	  1	
220	232	765	  1	
221	142	765	  1	
221	239	765	  1	
221	342	765	  1	
221	360	765	  1	
222	175	765	  1	
222	187	765	  1	
223	 79	765	  1	
223	344	765	  1	
223	503	765	  1	
224	 32	765	  1	
224	 72	765	  1	
224	115	765	  1	
224	122	765	  1	
224	144	765	  1	
224	178	765	  1	
224	184	765	  1	
224	255	765	  1	
224	263	765	  1	
224	270	765	  1	
224	318	765	  1	
224	413	765	  1	
224	424	765	  1	
224	431	765	  1	
225	 94	765	  1	
225	250	765	  1	
226	 80	765	  1	
226	171	765	  1	
226	357	765	  1	
227	 48	765	  1	
227	156	765	  1	
227	160	765	  1	
227	279	765	  1	
228	 87	765	  1	
229	176	765	  1	
229	183	765	  1	
229	190	765	  1	
229	331	765	  1	
229	384	765	  1	
229	391	765	  1	
230	271	765	  1	
231	 75	765	  1	
231	 80	765	  1	
231	 93	765	  1	
231	318	765	  1	
231	413	765	  1	
231	439	765	  1	
232	  7	765	  1	
232	 56	765	  1	
232	153	765	  1	
232	192	765	  1	
232	235	765	  1	
232	402	765	  1	
232	407	765	  1	
232	479	765	  1	
233	224	765	  1	
233	320	765	  1	
234	 86	765	  1	
234	263	765	  1	
234	306	765	  1	
234	328	765	  1	
235	  0	765	  1	
235	 15	765	  1	
235	 95	765	  1	
235	270	765	  1	
236	 75	765	  1	
236	232	765	  1	
237	 62	765	  1	
237	112	765	  1	
237	176	765	  1	
237	319	765	  1	
238	256	765	  1	
238	325	765	  1	
238	334	765	  1	
239	  7	765	  1	
239	239	765	  1	
239	253	765	  1	
239	311	765	  1	
240	  0	765	  1	
240	  3	765	  1	
240	 46	765	  1	
240	 93	765	  1	
240	120	765	  1	
240	184	765	  1	
240	201	765	  1	
240	346	765	  1	
240	357	765	  1	
240	495	765	  1	
241	277	765	  1	
241	320	765	  1	
242	 88	765	  1	
242	173	765	  1	
242	232	765	  1	
242	304	765	  1	
243	 42	765	  1	
243	104	765	  1	
243	382	765	  1	
243	408	765	  1	
243	488	765	  1	
244	 48	765	  1	
244	195	765	  1	
244	311	765	  1	
245	160	765	  1	
245	344	765	  1	
245	351	765	  1	
246	112	765	  1	
246	264	765	  1	
246	376	765	  1	
247	277	765	  1	
247	304	765	  1	
248	  8	765	  1	
248	117	765	  1	
248	129	765	  1	
248	219	765	  1	
248	229	765	  1	
248	328	765	  1	
248	332	765	  1	
248	341	765	  1	
248	407	765	  1	
248	413	765	  1	
250	 24	765	  1	
250	133	765	  1	
250	386	765	  1	
251	 40	765	  1	
251	382	765	  1	
251	400	765	  1	
252	335	765	  1	
253	  8	765	  1	
253	 96	765	  1	
253	110	765	  1	
253	152	765	  1	
253	198	765	  1	
253	264	765	  1	
253	355	765	  1	
253	408	765	  1	
254	 80	765	  1	
255	300	765	  1	
255	323	765	  1	
256	  0	765	  1	
256	 58	765	  1	
256	 63	765	  1	
256	 88	765	  1	
256	104	765	  1	
256	115	765	  1	
256	144	765	  1	
256	159	765	  1	
256	216	765	  1	
256	290	765	  1	
256	318	765	  1	
256	375	765	  1	
256	399	765	  1	
256	401	765	  1	
256	485	765	  1	
257	392	765	  1	
258	 98	765	  1	
258	125	765	  1	
258	154	765	  1	
258	312	765	  1	
259	145	765	  1	
259	368	765	  1	
259	415	765	  1	
259	471	765	  1	
260	307	765	  1	
260	384	765	  1	
261	 39	765	  1	
261	111	765	  1	
261	219	765	  1	
261	311	765	  1	
261	336	765	  1	
261	389	765	  1	
262	 58	765	  1	
262	122	765	  1	
263	 63	765	  1	
263	288	765	  1	
263	375	765	  1	
263	399	765	  1	
263	408	765	  1	
263	479	765	  1	
264	 53	765	  1	
264	 69	765	  1	
264	119	765	  1	
264	130	765	  1	
264	192	765	  1	
264	199	765	  1	
264	216	765	  1	
264	271	765	  1	
264	328	765	  1	
264	334	765	  1	
264	355	765	  1	
264	360	765	  1	
264	368	765	  1	
264	400	765	  1	
264	522	765	  1	
264	527	765	  1	
265	266	765	  1	
265	410	765	  1	
266	 14	765	  1	
266	 32	765	  1	
266	 48	765	  1	
266	 64	765	  1	
266	 77	765	  1	
266	103	765	  1	
266	147	765	  1	
267	504	765	  1	
267	510	765	  1	
267	513	765	  1	
268	 69	765	  1	
268	275	765	  1	
268	327	765	  1	
269	112	765	  1	
269	120	765	  1	
269	135	765	  1	
269	206	765	  1	
269	288	765	  1	
269	331	765	  1	
270	  8	765	  1	
270	 54	765	  1	
270	151	765	  1	
270	218	765	  1	
270	527	765	  1	
271	 38	765	  1	
271	 64	765	  1	
271	195	765	  1	
271	352	765	  1	
271	359	765	  1	
271	400	765	  1	
271	518	765	  1	
272	 35	765	  1	
272	 40	765	  1	
272	 56	765	  1	
272	 62	765	  1	
272	 68	765	  1	
272	168	765	  1	
272	174	765	  1	
272	232	765	  1	
272	247	765	  1	
272	322	765	  1	
272	424	765	  1	
272	464	765	  1	
272	471	765	  1	
272	532	765	  1	
272	536	765	  1	
272	542	765	  1	
273	139	765	  1	
274	264	765	  1	
274	287	765	  1	
275	 64	765	  1	
275	238	765	  1	
275	270	765	  1	
275	423	765	  1	
275	527	765	  1	
276	274	765	  1	
277	  8	765	  1	
277	 22	765	  1	
277	 88	765	  1	
277	102	765	  1	
277	112	765	  1	
277	171	765	  1	
277	194	765	  1	
277	282	765	  1	
278	 68	765	  1	
278	 77	765	  1	
278	126	765	  1	
278	254	765	  1	
278	263	765	  1	
278	335	765	  1	
278	521	765	  1	
279	416	765	  1	
279	467	765	  1	
279	512	765	  1	
279	560	765	  1	
280	  0	765	  1	
280	152	765	  1	
280	189	765	  1	
280	232	765	  1	
280	240	765	  1	
280	264	765	  1	
280	306	765	  1	
280	310	765	  1	
280	384	765	  1	
280	420	765	  1	
280	433	765	  1	
280	455	765	  1	
280	471	765	  1	
281	414	765	  1	
282	352	765	  1	
282	368	765	  1	
282	383	765	  1	
282	439	765	  1	
283	 59	765	  1	
283	208	765	  1	
283	391	765	  1	
283	408	765	  1	
283	442	765	  1	
284	283	765	  1	
284	326	765	  1	
284	344	765	  1	
285	 72	765	  1	
285	184	765	  1	
285	243	765	  1	
286	 68	765	  1	
286	168	765	  1	
286	224	765	  1	
286	319	765	  1	
286	432	765	  1	
287	120	765	  1	
287	374	765	  1	
287	384	765	  1	
287	412	765	  1	
287	448	765	  1	
287	524	765	  1	
288	  0	765	  1	
288	 31	765	  1	
288	 40	765	  1	
288	 45	765	  1	
288	102	765	  1	
288	176	765	  1	
288	216	765	  1	
288	240	765	  1	
288	299	765	  1	
288	358	765	  1	
288	390	765	  1	
288	560	765	  1	
288	564	765	  1	
290	 80	765	  1	
290	356	765	  1	
290	483	765	  1	
291	144	765	  1	
291	309	765	  1	
292	286	765	  1	
292	296	765	  1	
293	  2	765	  1	
293	 26	765	  1	
293	 59	765	  1	
293	130	765	  1	
293	135	765	  1	
293	291	765	  1	
293	304	765	  1	
294	 86	765	  1	
294	176	765	  1	
294	384	765	  1	
294	520	765	  1	
295	312	765	  1	
295	389	765	  1	
296	 13	765	  1	
296	 48	765	  1	
296	 53	765	  1	
296	 62	765	  1	
296	 72	765	  1	
296	 79	765	  1	
296	112	765	  1	
296	141	765	  1	
296	146	765	  1	
296	200	765	  1	
296	232	765	  1	
296	299	765	  1	
296	344	765	  1	
296	374	765	  1	
296	424	765	  1	
296	430	765	  1	
296	473	765	  1	
296	492	765	  1	
296	543	765	  1	
296	599	765	  1	
297	295	765	  1	
298	  7	765	  1	
298	 60	765	  1	
298	190	765	  1	
299	205	765	  1	
299	427	765	  1	
300	  2	765	  1	
300	 62	765	  1	
300	355	765	  1	
301	 63	765	  1	
301	184	765	  1	
301	200	765	  1	
301	312	765	  1	
301	350	765	  1	
301	495	765	  1	
302	 48	765	  1	
302	288	765	  1	
303	320	765	  1	
304	 16	765	  1	
304	 35	765	  1	
304	 61	765	  1	
304	 80	765	  1	
304	101	765	  1	
304	176	765	  1	
304	216	765	  1	
304	301	765	  1	
304	358	765	  1	
305	460	765	  1	
306	 56	765	  1	
306	118	765	  1	
306	351	765	  1	
307	183	765	  1	
307	192	765	  1	
307	305	765	  1	
307	400	765	  1	
308	311	765	  1	
308	419	765	  1	
308	463	765	  1	
308	527	765	  1	
309	 18	765	  1	
309	 95	765	  1	
309	206	765	  1	
309	232	765	  1	
309	319	765	  1	
309	423	765	  1	
310	 62	765	  1	
310	 79	765	  1	
310	112	765	  1	
310	344	765	  1	
310	435	765	  1	
311	101	765	  1	
311	144	765	  1	
311	356	765	  1	
312	  0	765	  1	
312	  8	765	  1	
312	 45	765	  1	
312	 67	765	  1	
312	 72	765	  1	
312	 87	765	  1	
312	125	765	  1	
312	133	765	  1	
312	158	765	  1	
312	168	765	  1	
312	175	765	  1	
312	247	765	  1	
312	256	765	  1	
312	376	765	  1	
312	427	765	  1	
312	503	765	  1	
314	  6	765	  1	
314	223	765	  1	
314	591	765	  1	
315	296	765	  1	
315	336	765	  1	
316	 15	765	  1	
316	152	765	  1	
316	315	765	  1	
317	  0	765	  1	
317	 40	765	  1	
317	 75	765	  1	
317	 96	765	  1	
317	172	765	  1	
317	236	765	  1	
317	320	765	  1	
318	216	765	  1	
318	301	765	  1	
319	 83	765	  1	
319	230	765	  1	
319	243	765	  1	
319	432	765	  1	
319	543	765	  1	
320	 14	765	  1	
320	 79	765	  1	
320	123	765	  1	
320	131	765	  1	
320	152	765	  1	
320	186	765	  1	
320	245	765	  1	
320	255	765	  1	
320	264	765	  1	
320	296	765	  1	
320	310	765	  1	
320	349	765	  1	
320	377	765	  1	
320	391	765	  1	
320	455	765	  1	
322	  8	765	  1	
322	334	765	  1	
322	383	765	  1	
323	 40	765	  1	
323	 87	765	  1	
323	143	765	  1	
323	344	765	  1	
323	448	765	  1	
323	463	765	  1	
323	488	765	  1	
325	 54	765	  1	
325	 63	765	  1	
325	155	765	  1	
325	166	765	  1	
325	187	765	  1	
325	232	765	  1	
325	239	765	  1	
325	299	765	  1	
325	456	765	  1	
326	 15	765	  1	
326	307	765	  1	
326	328	765	  1	
326	378	765	  1	
327	 79	765	  1	
327	251	765	  1	
327	369	765	  1	
327	483	765	  1	
328	133	765	  1	
328	160	765	  1	
328	173	765	  1	
328	192	765	  1	
328	223	765	  1	
328	292	765	  1	
328	312	765	  1	
328	360	765	  1	
328	368	765	  1	
328	397	765	  1	
328	432	765	  1	
328	443	765	  1	
328	450	765	  1	
328	556	765	  1	
329	120	765	  1	
329	354	765	  1	
330	318	765	  1	
331	 48	765	  1	
331	167	765	  1	
331	228	765	  1	
331	375	765	  1	
332	 31	765	  1	
332	456	765	  1	
333	  8	765	  1	
333	184	765	  1	
333	280	765	  1	
333	295	765	  1	
333	447	765	  1	
333	479	765	  1	
334	 67	765	  1	
334	222	765	  1	
334	312	765	  1	
334	584	765	  1	
335	 27	765	  1	
335	160	765	  1	
335	216	765	  1	
335	352	765	  1	
335	368	765	  1	
336	 48	765	  1	
336	 55	765	  1	
336	 77	765	  1	
336	 92	765	  1	
336	144	765	  1	
336	165	765	  1	
336	200	765	  1	
336	208	765	  1	
336	229	765	  1	
336	235	765	  1	
336	244	765	  1	
336	260	765	  1	
336	268	765	  1	
336	304	765	  1	
336	309	765	  1	
337	155	765	  1	
338	  0	765	  1	
338	  7	765	  1	
338	 23	765	  1	
339	 16	765	  1	
339	288	765	  1	
339	366	765	  1	
340	230	765	  1	
340	428	765	  1	
340	439	765	  1	
340	531	765	  1	
342	 78	765	  1	
342	199	765	  1	
342	434	765	  1	
342	459	765	  1	
343	 16	765	  1	
344	  0	765	  1	
344	  8	765	  1	
344	 29	765	  1	
344	106	765	  1	
344	111	765	  1	
344	115	765	  1	
344	192	765	  1	
344	271	765	  1	
344	290	765	  1	
344	334	765	  1	
344	378	765	  1	
344	384	765	  1	
345	139	765	  1	
345	311	765	  1	
346	127	765	  1	
346	206	765	  1	
346	368	765	  1	
346	400	765	  1	
347	146	765	  1	
347	238	765	  1	
348	267	765	  1	
348	319	765	  1	
348	328	765	  1	
349	255	765	  1	
349	263	765	  1	
349	288	765	  1	
350	 88	765	  1	
350	 95	765	  1	
350	 99	765	  1	
350	232	765	  1	
350	400	765	  1	
350	411	765	  1	
350	565	765	  1	
350	590	765	  1	
351	112	765	  1	
351	245	765	  1	
351	283	765	  1	
351	293	765	  1	
351	316	765	  1	
351	432	765	  1	
352	 16	765	  1	
352	 31	765	  1	
352	 48	765	  1	
352	124	765	  1	
352	190	765	  1	
352	195	765	  1	
352	333	765	  1	
352	425	765	  1	
352	456	765	  1	
352	463	765	  1	
353	  8	765	  1	
354	117	765	  1	
354	400	765	  1	
355	 24	765	  1	
355	136	765	  1	
355	288	765	  1	
355	554	765	  1	
356	318	765	  1	
356	328	765	  1	
356	372	765	  1	
357	 38	765	  1	
357	112	765	  1	
357	199	765	  1	
357	240	765	  1	
357	247	765	  1	
357	339	765	  1	
357	402	765	  1	
358	 31	765	  1	
358	103	765	  1	
358	120	765	  1	
358	187	765	  1	
358	368	765	  1	
358	383	765	  1	
359	  4	765	  1	
359	 48	765	  1	
359	110	765	  1	
359	272	765	  1	
359	314	765	  1	
359	406	765	  1	
359	411	765	  1	
359	459	765	  1	
360	  5	765	  1	
360	 45	765	  1	
360	 71	765	  1	
360	 85	765	  1	
360	115	765	  1	
360	167	765	  1	
360	214	765	  1	
360	270	765	  1	
360	359	765	  1	
360	384	765	  1	
360	554	765	  1	
360	579	765	  1	
361	 64	765	  1	
361	139	765	  1	
361	153	765	  1	
361	159	765	  1	
362	309	765	  1	
362	381	765	  1	
362	419	765	  1	
363	 24	765	  1	
363	 48	765	  1	
363	 96	765	  1	
363	182	765	  1	
363	301	765	  1	
363	431	765	  1	
364	266	765	  1	
364	296	765	  1	
365	  0	765	  1	
365	  8	765	  1	
365	 40	765	  1	
365	 80	765	  1	
365	238	765	  1	
365	400	765	  1	
366	300	765	  1	
366	304	765	  1	
366	331	765	  1	
366	440	765	  1	
367	 68	765	  1	
367	214	765	  1	
367	256	765	  1	
367	384	765	  1	
368	 35	765	  1	
368	 48	765	  1	
368	165	765	  1	
368	184	765	  1	
368	203	765	  1	
368	312	765	  1	
368	336	765	  1	
368	354	765	  1	
368	363	765	  1	
368	374	765	  1	
368	406	765	  1	
368	409	765	  1	
368	443	765	  1	
370	104	765	  1	
370	376	765	  1	
370	472	765	  1	
371	 47	765	  1	
371	136	765	  1	
371	186	765	  1	
371	227	765	  1	
371	343	765	  1	
371	368	765	  1	
371	496	765	  1	
371	576	765	  1	
373	111	765	  1	
373	158	765	  1	
373	312	765	  1	
374	 48	765	  1	
374	147	765	  1	
374	271	765	  1	
374	353	765	  1	
374	382	765	  1	
374	440	765	  1	
374	453	765	  1	
374	464	765	  1	
375	 32	765	  1	
375	152	765	  1	
375	200	765	  1	
375	207	765	  1	
375	236	765	  1	
375	336	765	  1	
375	416	765	  1	
376	 44	765	  1	
376	 67	765	  1	
376	 79	765	  1	
376	211	765	  1	
376	253	765	  1	
376	260	765	  1	
376	318	765	  1	
376	403	765	  1	
376	487	765	  1	
378	 27	765	  1	
378	144	765	  1	
378	422	765	  1	
379	 85	765	  1	
379	376	765	  1	
379	475	765	  1	
380	117	765	  1	
380	191	765	  1	
381	  8	765	  1	
381	 76	765	  1	
381	119	765	  1	
381	312	765	  1	
381	431	765	  1	
381	437	765	  1	
381	449	765	  1	
382	 67	765	  1	
382	 99	765	  1	
382	184	765	  1	
382	208	765	  1	
383	384	765	  1	
383	400	765	  1	
383	407	765	  1	
383	472	765	  1	
384	 15	765	  1	
384	 48	765	  1	
384	 55	765	  1	
384	191	765	  1	
384	204	765	  1	
384	219	765	  1	
384	315	765	  1	
384	328	765	  1	
384	351	765	  1	
384	450	765	  1	
384	538	765	  1	
384	576	765	  1	
385	 96	765	  1	
386	 85	765	  1	
386	104	765	  1	
386	186	765	  1	
387	  1	765	  1	
387	142	765	  1	
387	418	765	  1	
387	432	765	  1	
388	207	765	  1	
388	321	765	  1	
388	427	765	  1	
389	 24	765	  1	
389	 39	765	  1	
389	280	765	  1	
389	332	765	  1	
390	136	765	  1	
390	191	765	  1	
390	448	765	  1	
391	  5	765	  1	
391	 48	765	  1	
391	 55	765	  1	
391	207	765	  1	
391	423	765	  1	
392	 14	765	  1	
392	 59	765	  1	
392	 64	765	  1	
392	 96	765	  1	
392	112	765	  1	
392	150	765	  1	
392	208	765	  1	
392	215	765	  1	
392	336	765	  1	
392	374	765	  1	
392	439	765	  1	
393	 56	765	  1	
393	 63	765	  1	
393	266	765	  1	
393	367	765	  1	
394	 69	765	  1	
394	184	765	  1	
395	144	765	  1	
395	168	765	  1	
395	183	765	  1	
395	194	765	  1	
395	360	765	  1	
395	422	765	  1	
396	 12	765	  1	
396	304	765	  1	
397	102	765	  1	
398	331	765	  1	
398	456	765	  1	
399	  2	765	  1	
399	 32	765	  1	
399	 39	765	  1	
399	 64	765	  1	
399	 80	765	  1	
399	184	765	  1	
399	264	765	  1	
399	271	765	  1	
399	336	765	  1	
399	360	765	  1	
399	408	765	  1	
399	435	765	  1	
399	488	765	  1	
400	  0	765	  1	
400	 35	765	  1	
400	 47	765	  1	
400	 91	765	  1	
400	151	765	  1	
400	160	765	  1	
400	240	765	  1	
400	247	765	  1	
400	256	765	  1	
400	320	765	  1	
400	375	765	  1	
400	384	765	  1	
400	440	765	  1	
400	446	765	  1	
401	 66	765	  1	
403	 24	765	  1	
403	213	765	  1	
403	382	765	  1	
404	191	765	  1	
405	118	765	  1	
406	 79	765	  1	
406	219	765	  1	
406	327	765	  1	
406	415	765	  1	
407	 16	765	  1	
407	 56	765	  1	
407	160	765	  1	
407	199	765	  1	
407	251	765	  1	
407	390	765	  1	
408	 24	765	  1	
408	 31	765	  1	
408	 80	765	  1	
408	 87	765	  1	
408	 96	765	  1	
408	107	765	  1	
408	115	765	  1	
408	144	765	  1	
408	207	765	  1	
408	224	765	  1	
408	238	765	  1	
408	247	765	  1	
408	256	765	  1	
408	312	765	  1	
408	336	765	  1	
408	349	765	  1	
408	353	765	  1	
408	357	765	  1	
408	439	765	  1	
409	185	765	  1	
410	428	765	  1	
411	 46	765	  1	
411	168	765	  1	
411	200	765	  1	
411	263	765	  1	
412	119	765	  1	
412	384	765	  1	
413	  3	765	  1	
413	 16	765	  1	
413	 54	765	  1	
413	 67	765	  1	
413	102	765	  1	
413	190	765	  1	
413	323	765	  1	
414	236	765	  1	
414	312	765	  1	
414	344	765	  1	
414	355	765	  1	
414	390	765	  1	
415	185	765	  1	
415	207	765	  1	
415	256	765	  1	
415	335	765	  1	
415	370	765	  1	
415	439	765	  1	
416	  8	765	  1	
416	 48	765	  1	
416	 56	765	  1	
416	 93	765	  1	
416	152	765	  1	
416	168	765	  1	
416	215	765	  1	
416	352	765	  1	
416	376	765	  1	
416	383	765	  1	
416	399	765	  1	
416	432	765	  1	
417	 64	765	  1	
417	 71	765	  1	
417	208	765	  1	
417	367	765	  1	
418	 44	765	  1	
418	392	765	  1	
418	395	765	  1	
419	312	765	  1	
419	356	765	  1	
419	434	765	  1	
420	 34	765	  1	
420	251	765	  1	
420	360	765	  1	
420	399	765	  1	
421	200	765	  1	
421	264	765	  1	
422	179	765	  1	
423	 40	765	  1	
423	214	765	  1	
423	352	765	  1	
423	379	765	  1	
423	423	765	  1	
423	428	765	  1	
424	 24	765	  1	
424	 65	765	  1	
424	 84	765	  1	
424	 90	765	  1	
424	104	765	  1	
424	114	765	  1	
424	142	765	  1	
424	157	765	  1	
424	173	765	  1	
424	216	765	  1	
424	223	765	  1	
424	256	765	  1	
424	272	765	  1	
424	335	765	  1	
424	443	765	  1	
425	  0	765	  1	
425	126	765	  1	
425	176	765	  1	
426	131	765	  1	
426	278	765	  1	
426	304	765	  1	
426	410	765	  1	
427	 71	765	  1	
427	 80	765	  1	
427	168	765	  1	
427	331	765	  1	
428	109	765	  1	
429	 30	765	  1	
429	 48	765	  1	
429	 54	765	  1	
429	 91	765	  1	
429	152	765	  1	
429	182	765	  1	
430	114	765	  1	
430	191	765	  1	
430	272	765	  1	
430	376	765	  1	
430	383	765	  1	
431	 84	765	  1	
431	320	765	  1	
432	  6	765	  1	
432	 43	765	  1	
432	 64	765	  1	
432	101	765	  1	
432	136	765	  1	
432	157	765	  1	
432	174	765	  1	
432	232	765	  1	
432	236	765	  1	
432	364	765	  1	
432	397	765	  1	
432	472	765	  1	
433	 24	765	  1	
433	148	765	  1	
434	197	765	  1	
434	205	765	  1	
435	 62	765	  1	
435	160	765	  1	
435	256	765	  1	
435	279	765	  1	
435	376	765	  1	
436	 71	765	  1	
436	200	765	  1	
437	 31	765	  1	
437	 48	765	  1	
437	 96	765	  1	
437	104	765	  1	
437	136	765	  1	
437	246	765	  1	
438	 39	765	  1	
438	 55	765	  1	
438	175	765	  1	
438	392	765	  1	
439	144	765	  1	
439	151	765	  1	
439	272	765	  1	
440	 35	765	  1	
440	 45	765	  1	
440	 73	765	  1	
440	 78	765	  1	
440	125	765	  1	
440	168	765	  1	
440	179	765	  1	
440	208	765	  1	
440	229	765	  1	
440	274	765	  1	
440	280	765	  1	
440	368	765	  1	
441	 54	765	  1	
441	152	765	  1	
441	160	765	  1	
442	 20	765	  1	
443	207	765	  1	
444	 44	765	  1	
444	188	765	  1	
445	 96	765	  1	
445	103	765	  1	
445	152	765	  1	
445	171	765	  1	
445	175	765	  1	
445	345	765	  1	
445	375	765	  1	
446	 85	765	  1	
446	202	765	  1	
446	211	765	  1	
446	264	765	  1	
447	 35	765	  1	
447	 72	765	  1	
447	182	765	  1	
447	192	765	  1	
447	199	765	  1	
447	343	765	  1	
448	 16	765	  1	
448	 59	765	  1	
448	111	765	  1	
448	128	765	  1	
448	145	765	  1	
448	175	765	  1	
448	208	765	  1	
448	216	765	  1	
448	236	765	  1	
448	240	765	  1	
448	247	765	  1	
448	312	765	  1	
448	365	765	  1	
448	381	765	  1	
449	 34	765	  1	
450	140	765	  1	
450	213	765	  1	
451	184	765	  1	
451	224	765	  1	
451	319	765	  1	
452	 44	765	  1	
452	 56	765	  1	
452	 63	765	  1	
452	208	765	  1	
453	 22	765	  1	
453	108	765	  1	
453	158	765	  1	
453	168	765	  1	
453	200	765	  1	
453	232	765	  1	
454	 37	765	  1	
454	128	765	  1	
454	228	765	  1	
455	 24	765	  1	
455	 40	765	  1	
455	164	765	  1	
455	243	765	  1	
455	312	765	  1	
456	 16	765	  1	
456	 69	765	  1	
456	 80	765	  1	
456	112	765	  1	
456	138	765	  1	
456	152	765	  1	
456	162	765	  1	
456	170	765	  1	
456	178	765	  1	
456	227	765	  1	
456	367	765	  1	
458	  0	765	  1	
459	128	765	  1	
459	151	765	  1	
460	116	765	  1	
461	 24	765	  1	
461	 86	765	  1	
461	157	765	  1	
461	192	765	  1	
461	218	765	  1	
462	  6	765	  1	
462	125	765	  1	
462	165	765	  1	
462	175	765	  1	
462	227	765	  1	
464	 14	765	  1	
464	 21	765	  1	
464	 72	765	  1	
464	 79	765	  1	
464	 96	765	  1	
464	104	765	  1	
464	126	765	  1	
464	271	765	  1	
464	280	765	  1	
464	344	765	  1	
464	351	765	  1	
466	 70	765	  1	
466	123	765	  1	
466	165	765	  1	
467	 59	765	  1	
467	176	765	  1	
467	264	765	  1	
467	287	765	  1	
468	  0	765	  1	
468	 64	765	  1	
468	 75	765	  1	
469	152	765	  1	
469	256	765	  1	
469	375	765	  1	
470	 11	765	  1	
470	 70	765	  1	
470	120	765	  1	
471	159	765	  1	
471	280	765	  1	
471	347	765	  1	
472	 29	765	  1	
472	 40	765	  1	
472	 88	765	  1	
472	 94	765	  1	
472	114	765	  1	
472	152	765	  1	
472	176	765	  1	
472	207	765	  1	
472	211	765	  1	
472	216	765	  1	
472	224	765	  1	
472	296	765	  1	
472	307	765	  1	
472	341	765	  1	
472	351	765	  1	
472	354	765	  1	
472	376	765	  1	
472	386	765	  1	
472	391	765	  1	
472	400	765	  1	
473	 72	765	  1	
474	  0	765	  1	
474	 24	765	  1	
475	 84	765	  1	
475	200	765	  1	
475	280	765	  1	
475	287	765	  1	
476	263	765	  1	
476	415	765	  1	
477	 79	765	  1	
478	 30	765	  1	
478	 64	765	  1	
478	 82	765	  1	
478	223	765	  1	
478	228	765	  1	
478	258	765	  1	
478	333	765	  1	
479	 40	765	  1	
479	167	765	  1	
479	176	765	  1	
479	207	765	  1	
479	304	765	  1	
480	 88	765	  1	
480	102	765	  1	
480	189	765	  1	
480	288	765	  1	
480	320	765	  1	
480	327	765	  1	
480	376	765	  1	
480	472	765	  1	
482	 48	765	  1	
482	 96	765	  1	
483	 16	765	  1	
483	 23	765	  1	
483	 70	765	  1	
483	 90	765	  1	
483	101	765	  1	
483	256	765	  1	
483	295	765	  1	
484	216	765	  1	
485	  0	765	  1	
485	346	765	  1	
486	 55	765	  1	
486	400	765	  1	
487	136	765	  1	
487	166	765	  1	
487	223	765	  1	
487	288	765	  1	
487	323	765	  1	
487	472	765	  1	
488	 63	765	  1	
488	104	765	  1	
488	111	765	  1	
488	133	765	  1	
488	145	765	  1	
488	178	765	  1	
488	204	765	  1	
488	248	765	  1	
488	254	765	  1	
488	266	765	  1	
488	275	765	  1	
488	285	765	  1	
488	416	765	  1	
489	  0	765	  1	
489	  5	765	  1	
489	 56	765	  1	
490	 88	765	  1	
490	112	765	  1	
490	440	765	  1	
491	160	765	  1	
491	368	765	  1	
492	200	765	  1	
493	117	765	  1	
493	176	765	  1	
493	186	765	  1	
493	248	765	  1	
493	255	765	  1	
493	264	765	  1	
493	271	765	  1	
494	374	765	  1	
495	 59	765	  1	
495	391	765	  1	
496	 62	765	  1	
496	 80	765	  1	
496	134	765	  1	
496	206	765	  1	
496	214	765	  1	
496	240	765	  1	
496	256	765	  1	
496	289	765	  1	
496	299	765	  1	
496	392	765	  1	
498	246	765	  1	
498	276	765	  1	
499	181	765	  1	
499	294	765	  1	
500	144	765	  1	
501	 48	765	  1	
501	125	765	  1	
501	149	765	  1	
501	203	765	  1	
501	211	765	  1	
503	120	765	  1	
503	240	765	  1	
503	395	765	  1	
504	  2	765	  1	
504	 90	765	  1	
504	 99	765	  1	
504	146	765	  1	
504	154	765	  1	
504	160	765	  1	
504	184	765	  1	
504	194	765	  1	
504	199	765	  1	
504	287	765	  1	
504	291	765	  1	
504	319	765	  1	
504	328	765	  1	
507	110	765	  1	
507	120	765	  1	
507	282	765	  1	
507	312	765	  1	
508	536	765	  1	
509	152	765	  1	
509	159	765	  1	
509	294	765	  1	
511	168	765	  1	
511	319	765	  1	
511	335	765	  1	
511	471	765	  1	
511	488	765	  1	
512	 48	765	  1	
512	 55	765	  1	
512	 78	765	  1	
512	 88	765	  1	
512	136	765	  1	
512	176	765	  1	
512	183	765	  1	
512	189	765	  1	
512	212	765	  1	
512	254	765	  1	
512	299	765	  1	
512	360	765	  1	
512	398	765	  1	
514	155	765	  1	
514	354	765	  1	
515	 93	765	  1	
517	211	765	  1	
517	240	765	  1	
517	364	765	  1	
518	144	765	  1	
518	341	765	  1	
519	 51	765	  1	
519	 99	765	  1	
520	  4	765	  1	
520	 72	765	  1	
520	 79	765	  1	
520	124	765	  1	
520	151	765	  1	
520	178	765	  1	
520	200	765	  1	
520	224	765	  1	
520	242	765	  1	
520	254	765	  1	
520	265	765	  1	
520	309	765	  1	
520	336	765	  1	
521	 87	765	  1	
521	160	765	  1	
521	165	765	  1	
521	184	765	  1	
521	190	765	  1	
521	288	765	  1	
522	206	765	  1	
522	216	765	  1	
522	248	765	  1	
523	240	765	  1	
523	320	765	  1	
525	176	765	  1	
525	363	765	  1	
526	200	765	  1	
526	252	765	  1	
526	299	765	  1	
527	 80	765	  1	
527	 87	765	  1	
527	191	765	  1	
527	268	765	  1	
528	 23	765	  1	
528	 45	765	  1	
528	 81	765	  1	
528	104	765	  1	
528	156	765	  1	
528	168	765	  1	
528	208	765	  1	
528	213	765	  1	
528	218	765	  1	
528	230	765	  1	
528	243	765	  1	
528	276	765	  1	
528	320	765	  1	
528	344	765	  1	
528	459	765	  1	
529	360	765	  1	
530	 87	765	  1	
530	288	765	  1	
532	  0	765	  1	
532	187	765	  1	
532	215	765	  1	
532	346	765	  1	
533	 40	765	  1	
533	110	765	  1	
533	116	765	  1	
533	223	765	  1	
533	351	765	  1	
534	  7	765	  1	
534	 82	765	  1	
534	160	765	  1	
534	184	765	  1	
534	191	765	  1	
534	303	765	  1	
534	324	765	  1	
535	 72	765	  1	
535	 76	765	  1	
535	210	765	  1	
535	255	765	  1	
536	 98	765	  1	
536	129	765	  1	
536	230	765	  1	
536	235	765	  1	
536	268	765	  1	
536	288	765	  1	
536	325	765	  1	
536	328	765	  1	
536	360	765	  1	
536	392	765	  1	
538	270	765	  1	
539	295	765	  1	
540	135	765	  1	
540	264	765	  1	
541	200	765	  1	
541	225	765	  1	
541	320	765	  1	
543	179	765	  1	
543	235	765	  1	
543	288	765	  1	
543	423	765	  1	
544	 80	765	  1	
544	 86	765	  1	
544	102	765	  1	
544	160	765	  1	
544	206	765	  1	
544	316	765	  1	
544	382	765	  1	
546	196	765	  1	
546	200	765	  1	
547	255	765	  1	
547	332	765	  1	
548	384	765	  1	
550	184	765	  1	
550	312	765	  1	
551	232	765	  1	
551	408	765	  1	
551	415	765	  1	
552	123	765	  1	
552	136	765	  1	
552	193	765	  1	
552	251	765	  1	
552	304	765	  1	
552	405	765	  1	
553	327	765	  1	
554	 90	765	  1	
554	231	765	  1	
554	280	765	  1	
556	199	765	  1	
559	 48	765	  1	
560	103	765	  1	
560	187	765	  1	
560	229	765	  1	
560	240	765	  1	
560	246	765	  1	
560	255	765	  1	
560	269	765	  1	
560	281	765	  1	
560	376	765	  1	
561	316	765	  1	
562	224	765	  1	
562	249	765	  1	
562	384	765	  1	
563	 96	765	  1	
563	288	765	  1	
564	198	765	  1	
564	295	765	  1	
564	382	765	  1	
564	407	765	  1	
565	311	765	  1	
566	123	765	  1	
566	229	765	  1	
566	408	765	  1	
567	103	765	  1	
567	243	765	  1	
567	280	765	  1	
568	  3	765	  1	
568	128	765	  1	
568	187	765	  1	
568	320	765	  1	
568	328	765	  1	
568	340	765	  1	
568	344	765	  1	
568	370	765	  1	
568	523	765	  1	
568	535	765	  1	
569	240	765	  1	
570	112	765	  1	
570	118	765	  1	
571	327	765	  1	
571	335	765	  1	
571	351	765	  1	
571	384	765	  1	
573	184	765	  1	
573	295	765	  1	
574	  2	765	  1	
574	290	765	  1	
574	344	765	  1	
575	118	765	  1	
575	128	765	  1	
575	252	765	  1	
575	320	765	  1	
576	 61	765	  1	
576	 67	765	  1	
576	136	765	  1	
576	162	765	  1	
576	230	765	  1	
576	235	765	  1	
576	256	765	  1	
576	400	765	  1	
578	227	765	  1	
580	256	765	  1	
580	294	765	  1	
581	 56	765	  1	
581	 99	765	  1	
581	104	765	  1	
581	303	765	  1	
581	307	765	  1	
582	 64	765	  1	
582	 71	765	  1	
583	230	765	  1	
583	367	765	  1	
584	131	765	  1	
584	143	765	  1	
584	175	765	  1	
584	241	765	  1	
584	249	765	  1	
584	263	765	  1	
584	301	765	  1	
584	317	765	  1	
584	395	765	  1	
584	455	765	  1	
585	235	765	  1	
588	248	765	  1	
588	296	765	  1	
589	170	765	  1	
590	 88	765	  1	
590	 92	765	  1	
590	192	765	  1	
590	266	765	  1	
591	392	765	  1	
591	399	765	  1	
592	 28	765	  1	
592	 60	765	  1	
592	109	765	  1	
592	211	765	  1	
592	244	765	  1	
592	276	765	  1	
592	291	765	  1	
592	343	765	  1	
592	441	765	  1	
592	524	765	  1	
592	544	765	  1	
593	262	765	  1	
594	 56	765	  1	
594	225	765	  1	
594	280	765	  1	
594	285	765	  1	
594	311	765	  1	
595	 51	765	  1	
595	 96	765	  1	
595	106	765	  1	
597	 83	765	  1	
597	103	765	  1	
597	246	765	  1	
597	255	765	  1	
597	261	765	  1	
597	288	765	  1	
597	391	765	  1	
597	544	765	  1	
598	 96	765	  1	
598	136	765	  1	
599	 63	765	  1	
599	131	765	  1	
599	140	765	  1	
599	208	765	  1	
599	215	765	  1	
599	230	765	  1	
599	516	765	  1	
600	242	765	  1	
600	256	765	  1	
600	328	765	  1	
600	369	765	  1	
600	400	765	  1	
602	 63	765	  1	
602	287	765	  1	
603	255	765	  1	
603	280	765	  1	
603	406	765	  1	
605	336	765	  1	
606	104	765	  1	
606	155	765	  1	
606	343	765	  1	
606	370	765	  1	
607	283	765	  1	
608	 66	765	  1	
608	239	765	  1	
608	267	765	  1	
608	272	765	  1	
608	279	765	  1	
608	304	765	  1	
608	322	765	  1	
608	423	765	  1	
609	255	765	  1	
611	 20	765	  1	
611	328	765	  1	
612	247	765	  1	
615	269	765	  1	
615	279	765	  1	
615	307	765	  1	
616	  2	765	  1	
616	 52	765	  1	
616	 70	765	  1	
616	 96	765	  1	
616	104	765	  1	
616	131	765	  1	
616	264	765	  1	
616	347	765	  1	
619	 56	765	  1	
619	415	765	  1	
621	268	765	  1	
622	128	765	  1	
622	135	765	  1	
622	251	765	  1	
623	104	765	  1	
623	114	765	  1	
623	315	765	  1	
623	347	765	  1	
623	410	765	  1	
624	 68	765	  1	
624	 80	765	  1	
624	230	765	  1	
624	304	765	  1	
624	368	765	  1	
625	155	765	  1	
625	320	765	  1	
627	191	765	  1	
628	527	765	  1	
629	442	765	  1	
631	515	765	  1	
632	 98	765	  1	
632	109	765	  1	
632	240	765	  1	
632	248	765	  1	
632	263	765	  1	
632	282	765	  1	
632	288	765	  1	
632	336	765	  1	
632	342	765	  1	
632	352	765	  1	
635	 54	765	  1	
635	333	765	  1	
636	168	765	  1	
636	282	765	  1	
637	248	765	  1	
639	327	765	  1	
640	 62	765	  1	
642	107	765	  1	
643	240	765	  1	
643	312	765	  1	
644	320	765	  1	
644	376	765	  1	
645	310	765	  1	
647	175	765	  1	
650	299	765	  1	
651	333	765	  1	
653	325	765	  1	
655	176	765	  1	
655	192	765	  1	
655	296	765	  1	
656	 88	765	  1	
656	112	765	  1	
656	191	765	  1	
656	371	765	  1	
661	126	765	  1	
663	120	765	  1	
664	111	765	  1	
664	287	765	  1	
667	384	765	  1	
670	176	765	  1	
672	160	765	  1	
672	423	765	  1	
672	512	765	  1	
672	550	765	  1	
674	419	765	  1	
675	351	765	  1	
679	  0	765	  1	
679	215	765	  1	
696	359	765	  1	
701	127	765	  1	
702	196	765	  1	
702	204	765	  1	
704	267	765	  1	
711	119	765	  1	
722	 94	765	  1	
734	 63	765	  1	
