# 
#  Image file: Goad1_T0090.jpg
#  Applied threshold: 575
#  Algorithm used: fill2                 
#  Particle count: 2010
#  Location (x,y), max luminance, and mass:
# 
  0	439	765	  1	
  3	128	765	  1	
  7	182	765	  1	
  7	188	765	  1	
  7	342	765	  1	
  8	505	765	  1	
 14	 19	765	  1	
 15	319	765	  1	
 16	200	765	  1	
 16	374	765	  1	
 16	415	765	  1	
 21	375	765	  1	
 22	119	765	  1	
 32	357	765	  1	
 37	344	765	  1	
 40	170	765	  1	
 42	211	765	  1	
 52	143	765	  1	
 56	103	765	  1	
 56	240	765	  1	
 59	351	765	  1	
 64	336	765	  1	
 68	424	765	  1	
 69	431	765	  1	
 71	108	765	  1	
 72	352	765	  1	
 72	599	765	  1	
 74	 12	765	  1	
 78	184	765	  1	
 78	352	765	  1	
 79	372	765	  1	
 80	391	765	  1	
 87	109	765	  1	
 87	120	765	  1	
 87	136	765	  1	
 87	480	765	  1	
 88	127	765	  1	
 88	130	765	  1	
 88	151	765	  1	
 88	226	765	  1	
 88	231	765	  1	
 88	352	765	  1	
 89	328	765	  1	
 91	191	765	  1	
 93	215	765	  1	
 94	144	765	  1	
 95	268	765	  1	
 95	363	765	  1	
 96	 95	765	  1	
 96	117	765	  1	
 96	156	765	  1	
 96	215	765	  1	
 96	511	765	  1	
 98	224	765	  1	
 99	168	765	  1	
 99	357	765	  1	
101	392	765	  1	
102	129	765	  1	
102	227	765	  1	
103	152	765	  1	
103	496	765	  1	
104	136	765	  1	
104	164	765	  1	
106	161	765	  1	
106	508	765	  1	
107	142	765	  1	
109	164	765	  1	
111	162	765	  1	
111	455	765	  1	
112	 78	765	  1	
112	103	765	  1	
112	118	765	  1	
112	152	765	  1	
112	156	765	  1	
112	171	765	  1	
112	175	765	  1	
112	282	765	  1	
112	384	765	  1	
114	161	765	  1	
115	 64	765	  1	
115	139	765	  1	
115	495	765	  1	
117	120	765	  1	
119	160	765	  1	
119	384	765	  1	
120	104	765	  1	
120	155	765	  1	
120	174	765	  1	
120	189	765	  1	
120	280	765	  1	
120	292	765	  1	
120	368	765	  1	
120	375	765	  1	
120	420	765	  1	
122	  0	765	  1	
122	138	765	  1	
122	143	765	  1	
122	394	765	  1	
123	287	765	  1	
125	416	765	  1	
126	264	765	  1	
126	271	765	  1	
126	439	765	  1	
127	155	765	  1	
127	160	765	  1	
127	189	765	  1	
127	280	765	  1	
127	407	765	  1	
128	104	765	  1	
128	201	765	  1	
128	205	765	  1	
128	376	765	  1	
128	399	765	  1	
130	110	765	  1	
131	302	765	  1	
133	391	765	  1	
134	139	765	  1	
135	111	765	  1	
135	202	765	  1	
135	376	765	  1	
136	175	765	  1	
139	  7	765	  1	
140	207	765	  1	
140	259	765	  1	
140	424	765	  1	
141	 16	765	  1	
141	104	765	  1	
142	109	765	  1	
142	231	765	  1	
142	271	765	  1	
143	  4	765	  1	
143	175	765	  1	
144	 70	765	  1	
144	146	765	  1	
144	154	765	  1	
144	160	765	  1	
144	234	765	  1	
144	238	765	  1	
144	320	765	  1	
144	347	765	  1	
144	388	765	  1	
146	360	765	  1	
147	167	765	  1	
147	511	765	  1	
148	365	765	  1	
151	160	765	  1	
151	271	765	  1	
151	344	765	  1	
151	351	765	  1	
151	360	765	  1	
152	136	765	  1	
152	187	765	  1	
152	215	765	  1	
157	224	765	  1	
157	360	765	  1	
157	375	765	  1	
158	119	765	  1	
160	104	765	  1	
160	328	765	  1	
160	333	765	  1	
162	382	765	  1	
163	168	765	  1	
163	173	765	  1	
163	575	765	  1	
165	  0	765	  1	
166	  6	765	  1	
167	144	765	  1	
167	264	765	  1	
168	  3	765	  1	
168	 15	765	  1	
168	 80	765	  1	
168	 87	765	  1	
168	247	765	  1	
168	322	765	  1	
168	368	765	  1	
169	328	765	  1	
170	  0	765	  1	
170	255	765	  1	
170	325	765	  1	
171	155	765	  1	
171	341	765	  1	
171	377	765	  1	
173	 55	765	  1	
173	136	765	  1	
173	190	765	  1	
175	  4	765	  1	
175	 83	765	  1	
175	235	765	  1	
175	341	765	  1	
176	 45	765	  1	
176	243	765	  1	
176	252	765	  1	
176	263	765	  1	
176	320	765	  1	
176	349	765	  1	
176	384	765	  1	
176	554	765	  1	
176	599	765	  1	
178	248	765	  1	
178	396	765	  1	
180	  0	765	  1	
180	 89	765	  1	
181	184	765	  1	
181	424	765	  1	
182	  0	765	  1	
182	 53	765	  1	
182	159	765	  1	
182	239	765	  1	
182	247	765	  1	
182	252	765	  1	
182	365	765	  1	
183	  5	765	  1	
183	335	765	  1	
183	343	765	  1	
183	431	765	  1	
183	599	765	  1	
184	134	765	  1	
184	143	765	  1	
184	152	765	  1	
184	280	765	  1	
186	311	765	  1	
187	104	765	  1	
187	138	765	  1	
187	219	765	  1	
187	287	765	  1	
187	325	765	  1	
189	111	765	  1	
189	191	765	  1	
189	396	765	  1	
190	 72	765	  1	
191	 88	765	  1	
191	134	765	  1	
191	159	765	  1	
191	271	765	  1	
191	280	765	  1	
192	 28	765	  1	
192	 71	765	  1	
192	 75	765	  1	
192	100	765	  1	
192	111	765	  1	
192	140	765	  1	
192	211	765	  1	
192	225	765	  1	
192	277	765	  1	
192	336	765	  1	
192	343	765	  1	
192	363	765	  1	
192	399	765	  1	
194	232	765	  1	
194	271	765	  1	
195	 64	765	  1	
195	392	765	  1	
195	407	765	  1	
196	208	765	  1	
197	109	765	  1	
198	 39	765	  1	
198	157	765	  1	
198	163	765	  1	
198	271	765	  1	
198	312	765	  1	
199	 71	765	  1	
199	 79	765	  1	
199	223	765	  1	
199	336	765	  1	
199	343	765	  1	
199	360	765	  1	
199	367	765	  1	
199	399	765	  1	
200	 50	765	  1	
200	 67	765	  1	
200	120	765	  1	
200	160	765	  1	
200	175	765	  1	
200	242	765	  1	
200	407	765	  1	
200	443	765	  1	
200	456	765	  1	
200	495	765	  1	
200	512	765	  1	
201	168	765	  1	
202	127	765	  1	
203	150	765	  1	
203	247	765	  1	
203	330	765	  1	
204	 32	765	  1	
204	392	765	  1	
205	 72	765	  1	
205	 79	765	  1	
205	235	765	  1	
205	347	765	  1	
206	144	765	  1	
206	160	765	  1	
206	242	765	  1	
206	448	765	  1	
207	172	765	  1	
207	199	765	  1	
207	312	765	  1	
207	335	765	  1	
207	414	765	  1	
207	456	765	  1	
208	 56	765	  1	
208	 85	765	  1	
208	107	765	  1	
208	120	765	  1	
208	134	765	  1	
208	162	765	  1	
208	231	765	  1	
208	240	765	  1	
208	251	765	  1	
208	264	765	  1	
208	271	765	  1	
208	293	765	  1	
208	342	765	  1	
208	352	765	  1	
208	359	765	  1	
208	416	765	  1	
209	397	765	  1	
210	 30	765	  1	
210	 38	765	  1	
210	 78	765	  1	
210	150	765	  1	
210	242	765	  1	
211	278	765	  1	
211	328	765	  1	
212	 67	765	  1	
212	227	765	  1	
213	320	765	  1	
214	 72	765	  1	
214	130	765	  1	
214	134	765	  1	
214	144	765	  1	
214	157	765	  1	
214	287	765	  1	
214	491	765	  1	
215	 32	765	  1	
215	267	765	  1	
215	335	765	  1	
215	355	765	  1	
216	 80	765	  1	
216	114	765	  1	
216	184	765	  1	
216	256	765	  1	
216	328	765	  1	
216	343	765	  1	
216	466	765	  1	
218	216	765	  1	
219	 72	765	  1	
219	 88	765	  1	
219	104	765	  1	
219	335	765	  1	
219	488	765	  1	
221	 40	765	  1	
221	102	765	  1	
221	136	765	  1	
221	143	765	  1	
221	238	765	  1	
221	447	765	  1	
222	 94	765	  1	
222	397	765	  1	
223	112	765	  1	
223	119	765	  1	
223	256	765	  1	
223	302	765	  1	
223	328	765	  1	
223	466	765	  1	
224	  0	765	  1	
224	 11	765	  1	
224	 23	765	  1	
224	 55	765	  1	
224	 77	765	  1	
224	107	765	  1	
224	116	765	  1	
224	122	765	  1	
224	192	765	  1	
224	216	765	  1	
224	318	765	  1	
224	330	765	  1	
224	335	765	  1	
224	382	765	  1	
224	394	765	  1	
224	455	765	  1	
227	  5	765	  1	
227	 16	765	  1	
227	200	765	  1	
227	232	765	  1	
227	256	765	  1	
228	104	765	  1	
229	144	765	  1	
229	149	765	  1	
229	159	765	  1	
229	388	765	  1	
229	406	765	  1	
230	178	765	  1	
230	183	765	  1	
230	263	765	  1	
230	380	765	  1	
231	 23	765	  1	
231	 86	765	  1	
231	216	765	  1	
231	424	765	  1	
232	 16	765	  1	
232	 31	765	  1	
232	 53	765	  1	
232	 93	765	  1	
232	128	765	  1	
232	155	765	  1	
232	190	765	  1	
232	195	765	  1	
232	207	765	  1	
232	231	765	  1	
232	344	765	  1	
232	490	765	  1	
233	131	765	  1	
234	135	765	  1	
235	 23	765	  1	
235	120	765	  1	
235	224	765	  1	
236	166	765	  1	
236	176	765	  1	
236	183	765	  1	
236	431	765	  1	
237	 15	765	  1	
237	 48	765	  1	
237	144	765	  1	
237	350	765	  1	
237	414	765	  1	
238	132	765	  1	
238	262	765	  1	
239	  8	765	  1	
239	 31	765	  1	
239	 56	765	  1	
239	 91	765	  1	
239	135	765	  1	
239	187	765	  1	
239	231	765	  1	
239	256	765	  1	
239	316	765	  1	
239	392	765	  1	
240	 17	765	  1	
240	 46	765	  1	
240	194	765	  1	
240	216	765	  1	
240	248	765	  1	
240	268	765	  1	
240	347	765	  1	
240	432	765	  1	
240	599	765	  1	
241	 55	765	  1	
241	 80	765	  1	
241	 87	765	  1	
241	127	765	  1	
241	264	765	  1	
242	118	765	  1	
242	384	765	  1	
243	 40	765	  1	
245	  8	765	  1	
245	222	765	  1	
245	322	765	  1	
245	327	765	  1	
245	352	765	  1	
246	 50	765	  1	
246	112	765	  1	
246	120	765	  1	
246	135	765	  1	
247	 38	765	  1	
247	184	765	  1	
247	278	765	  1	
247	551	765	  1	
248	  0	765	  1	
248	 64	765	  1	
248	 88	765	  1	
248	118	765	  1	
248	154	765	  1	
248	163	765	  1	
248	170	765	  1	
248	216	765	  1	
248	312	765	  1	
248	325	765	  1	
249	104	765	  1	
250	 30	765	  1	
250	264	765	  1	
250	289	765	  1	
250	391	765	  1	
251	 16	765	  1	
251	 80	765	  1	
251	195	765	  1	
252	299	765	  1	
253	152	765	  1	
253	159	765	  1	
253	224	765	  1	
253	286	765	  1	
253	320	765	  1	
254	  4	765	  1	
254	187	765	  1	
254	253	765	  1	
254	439	765	  1	
255	272	765	  1	
255	325	765	  1	
256	  0	765	  1	
256	 88	765	  1	
256	109	765	  1	
256	184	765	  1	
256	190	765	  1	
256	194	765	  1	
256	204	765	  1	
256	336	765	  1	
256	384	765	  1	
256	395	765	  1	
256	400	765	  1	
256	404	765	  1	
256	432	765	  1	
256	504	765	  1	
257	119	765	  1	
258	  6	765	  1	
258	 40	765	  1	
258	121	765	  1	
258	157	765	  1	
260	440	765	  1	
261	 26	765	  1	
261	 31	765	  1	
261	147	765	  1	
261	192	765	  1	
262	  0	765	  1	
262	109	765	  1	
262	158	765	  1	
262	220	765	  1	
262	343	765	  1	
262	386	765	  1	
263	 78	765	  1	
263	187	765	  1	
264	 41	765	  1	
264	 53	765	  1	
264	 66	765	  1	
264	120	765	  1	
264	127	765	  1	
264	143	765	  1	
264	176	765	  1	
264	199	765	  1	
264	261	765	  1	
264	279	765	  1	
264	327	765	  1	
264	416	765	  1	
264	424	765	  1	
264	436	765	  1	
264	507	765	  1	
264	519	765	  1	
265	  0	765	  1	
266	422	765	  1	
267	 69	765	  1	
267	136	765	  1	
267	319	765	  1	
267	431	765	  1	
268	 47	765	  1	
268	264	765	  1	
269	  8	765	  1	
269	 64	765	  1	
269	107	765	  1	
269	207	765	  1	
269	464	765	  1	
270	112	765	  1	
270	115	765	  1	
270	416	765	  1	
270	439	765	  1	
271	 91	765	  1	
271	148	765	  1	
271	195	765	  1	
271	218	765	  1	
271	310	765	  1	
271	424	765	  1	
272	 13	765	  1	
272	 18	765	  1	
272	 42	765	  1	
272	 72	765	  1	
272	117	765	  1	
272	128	765	  1	
272	140	765	  1	
272	163	765	  1	
272	229	765	  1	
272	239	765	  1	
272	282	765	  1	
272	290	765	  1	
272	295	765	  1	
272	301	765	  1	
272	327	765	  1	
272	330	765	  1	
272	335	765	  1	
272	384	765	  1	
272	400	765	  1	
272	471	765	  1	
273	391	765	  1	
274	 77	765	  1	
274	538	765	  1	
275	 45	765	  1	
275	320	765	  1	
276	216	765	  1	
277	 23	765	  1	
277	166	765	  1	
277	310	765	  1	
278	223	765	  1	
278	330	765	  1	
279	 77	765	  1	
279	235	765	  1	
279	284	765	  1	
279	335	765	  1	
279	388	765	  1	
279	414	765	  1	
279	512	765	  1	
280	 71	765	  1	
280	 93	765	  1	
280	200	765	  1	
280	253	765	  1	
280	260	765	  1	
280	354	765	  1	
280	376	765	  1	
280	496	765	  1	
280	510	765	  1	
281	139	765	  1	
281	144	765	  1	
281	413	765	  1	
282	 64	765	  1	
282	416	765	  1	
282	448	765	  1	
283	  0	765	  1	
283	295	765	  1	
283	304	765	  1	
283	359	765	  1	
283	535	765	  1	
284	504	765	  1	
285	151	765	  1	
285	317	765	  1	
286	 84	765	  1	
286	222	765	  1	
286	312	765	  1	
286	344	765	  1	
286	355	765	  1	
286	400	765	  1	
286	443	765	  1	
287	 77	765	  1	
287	112	765	  1	
287	136	765	  1	
287	291	765	  1	
287	503	765	  1	
288	 35	765	  1	
288	 40	765	  1	
288	 50	765	  1	
288	125	765	  1	
288	310	765	  1	
288	325	765	  1	
288	341	765	  1	
288	357	765	  1	
288	387	765	  1	
288	411	765	  1	
288	504	765	  1	
289	297	765	  1	
290	 45	765	  1	
290	232	765	  1	
290	354	765	  1	
291	294	765	  1	
291	301	765	  1	
291	475	765	  1	
292	  4	765	  1	
292	 95	765	  1	
292	308	765	  1	
292	344	765	  1	
293	 39	765	  1	
293	 48	765	  1	
293	 55	765	  1	
293	 72	765	  1	
293	168	765	  1	
293	243	765	  1	
294	  0	765	  1	
294	238	765	  1	
294	358	765	  1	
294	483	765	  1	
295	 87	765	  1	
295	287	765	  1	
295	384	765	  1	
295	408	765	  1	
295	415	765	  1	
296	 57	765	  1	
296	 77	765	  1	
296	120	765	  1	
296	131	765	  1	
296	136	765	  1	
296	371	765	  1	
296	392	765	  1	
296	402	765	  1	
297	362	765	  1	
297	495	765	  1	
298	213	765	  1	
298	332	765	  1	
298	349	765	  1	
298	387	765	  1	
298	461	765	  1	
299	 62	765	  1	
299	 80	765	  1	
299	240	765	  1	
299	344	765	  1	
300	 32	765	  1	
300	 93	765	  1	
301	  3	765	  1	
301	 72	765	  1	
301	160	765	  1	
301	312	765	  1	
301	402	765	  1	
301	423	765	  1	
302	 31	765	  1	
302	 48	765	  1	
302	213	765	  1	
302	320	765	  1	
303	 59	765	  1	
303	334	765	  1	
303	368	765	  1	
303	375	765	  1	
303	440	765	  1	
303	447	765	  1	
303	460	765	  1	
303	494	765	  1	
304	 18	765	  1	
304	 23	765	  1	
304	 77	765	  1	
304	136	765	  1	
304	176	765	  1	
304	208	765	  1	
304	219	765	  1	
304	240	765	  1	
304	288	765	  1	
304	399	765	  1	
304	504	765	  1	
304	511	765	  1	
305	304	765	  1	
306	228	765	  1	
306	374	765	  1	
307	247	765	  1	
307	254	765	  1	
307	311	765	  1	
307	360	765	  1	
309	 73	765	  1	
309	 77	765	  1	
309	 95	765	  1	
309	184	765	  1	
309	294	765	  1	
309	336	765	  1	
309	351	765	  1	
310	  8	765	  1	
310	 21	765	  1	
311	 16	765	  1	
311	144	765	  1	
311	240	765	  1	
311	279	765	  1	
311	534	765	  1	
312	 72	765	  1	
312	109	765	  1	
312	156	765	  1	
312	168	765	  1	
312	215	765	  1	
312	230	765	  1	
312	237	765	  1	
312	352	765	  1	
312	427	765	  1	
313	 56	765	  1	
313	 61	765	  1	
314	 23	765	  1	
314	118	765	  1	
315	198	765	  1	
315	319	765	  1	
315	480	765	  1	
316	415	765	  1	
317	176	765	  1	
317	236	765	  1	
317	328	765	  1	
317	439	765	  1	
317	488	765	  1	
319	267	765	  1	
319	408	765	  1	
319	424	765	  1	
319	431	765	  1	
319	567	765	  1	
320	 13	765	  1	
320	 24	765	  1	
320	 30	765	  1	
320	 64	765	  1	
320	 99	765	  1	
320	187	765	  1	
320	192	765	  1	
320	251	765	  1	
320	336	765	  1	
320	360	765	  1	
320	367	765	  1	
320	416	765	  1	
322	 21	765	  1	
322	155	765	  1	
322	334	765	  1	
323	128	765	  1	
323	231	765	  1	
323	471	765	  1	
324	 31	765	  1	
324	224	765	  1	
324	487	765	  1	
325	 70	765	  1	
325	 78	765	  1	
325	104	765	  1	
325	150	765	  1	
325	170	765	  1	
325	175	765	  1	
325	182	765	  1	
325	195	765	  1	
325	320	765	  1	
325	408	765	  1	
326	328	765	  1	
327	 96	765	  1	
327	160	765	  1	
327	229	765	  1	
327	336	765	  1	
327	360	765	  1	
327	367	765	  1	
328	 31	765	  1	
328	126	765	  1	
328	200	765	  1	
328	253	765	  1	
328	290	765	  1	
328	308	765	  1	
328	325	765	  1	
328	368	765	  1	
328	375	765	  1	
328	392	765	  1	
328	407	765	  1	
329	216	765	  1	
329	230	765	  1	
329	336	765	  1	
330	424	765	  1	
331	136	765	  1	
331	223	765	  1	
331	272	765	  1	
331	304	765	  1	
331	520	765	  1	
334	 72	765	  1	
334	220	765	  1	
334	283	765	  1	
334	341	765	  1	
335	 27	765	  1	
335	229	765	  1	
335	320	765	  1	
335	368	765	  1	
335	375	765	  1	
335	392	765	  1	
335	407	765	  1	
335	463	765	  1	
335	469	765	  1	
335	576	765	  1	
336	  6	765	  1	
336	 37	765	  1	
336	 45	765	  1	
336	 55	765	  1	
336	 75	765	  1	
336	 97	765	  1	
336	102	765	  1	
336	107	765	  1	
336	115	765	  1	
336	133	765	  1	
336	160	765	  1	
336	166	765	  1	
336	186	765	  1	
336	192	765	  1	
336	240	765	  1	
336	298	765	  1	
336	328	765	  1	
336	366	765	  1	
336	381	765	  1	
336	432	765	  1	
336	440	765	  1	
336	445	765	  1	
337	127	765	  1	
337	208	765	  1	
338	196	765	  1	
338	224	765	  1	
338	235	765	  1	
338	424	765	  1	
338	431	765	  1	
339	294	765	  1	
339	376	765	  1	
339	559	765	  1	
340	165	765	  1	
340	215	765	  1	
341	128	765	  1	
341	264	765	  1	
341	432	765	  1	
342	104	765	  1	
342	111	765	  1	
342	466	765	  1	
343	 72	765	  1	
343	192	765	  1	
343	230	765	  1	
343	290	765	  1	
343	543	765	  1	
344	 24	765	  1	
344	112	765	  1	
344	149	765	  1	
344	154	765	  1	
344	162	765	  1	
344	199	765	  1	
344	208	765	  1	
344	252	765	  1	
344	286	765	  1	
344	302	765	  1	
344	307	765	  1	
344	319	765	  1	
344	371	765	  1	
344	401	765	  1	
344	426	765	  1	
344	453	765	  1	
344	483	765	  1	
344	595	765	  1	
345	282	765	  1	
345	320	765	  1	
346	159	765	  1	
346	280	765	  1	
346	288	765	  1	
346	311	765	  1	
347	 56	765	  1	
347	 88	765	  1	
347	124	765	  1	
347	224	765	  1	
347	448	765	  1	
348	111	765	  1	
348	415	765	  1	
349	144	765	  1	
349	255	765	  1	
349	343	765	  1	
349	376	765	  1	
349	400	765	  1	
349	430	765	  1	
350	297	765	  1	
350	479	765	  1	
350	588	765	  1	
351	 24	765	  1	
351	114	765	  1	
351	119	765	  1	
351	195	765	  1	
351	280	765	  1	
351	288	765	  1	
351	592	765	  1	
351	599	765	  1	
352	  0	765	  1	
352	 53	765	  1	
352	 57	765	  1	
352	 62	765	  1	
352	 81	765	  1	
352	 96	765	  1	
352	126	765	  1	
352	200	765	  1	
352	232	765	  1	
352	267	765	  1	
352	283	765	  1	
352	320	765	  1	
352	344	765	  1	
352	392	765	  1	
352	416	765	  1	
354	111	765	  1	
354	153	765	  1	
354	279	765	  1	
355	 72	765	  1	
355	159	765	  1	
355	232	765	  1	
355	247	765	  1	
355	327	765	  1	
355	398	765	  1	
355	423	765	  1	
356	119	765	  1	
356	376	765	  1	
356	582	765	  1	
357	  3	765	  1	
357	 58	765	  1	
357	136	765	  1	
357	150	765	  1	
359	 79	765	  1	
359	104	765	  1	
359	200	765	  1	
359	275	765	  1	
359	314	765	  1	
359	320	765	  1	
359	355	765	  1	
359	382	765	  1	
359	416	765	  1	
359	488	765	  1	
360	 45	765	  1	
360	159	765	  1	
360	172	765	  1	
360	182	765	  1	
360	192	765	  1	
360	208	765	  1	
360	235	765	  1	
360	270	765	  1	
360	288	765	  1	
360	296	765	  1	
360	359	765	  1	
360	394	765	  1	
360	399	765	  1	
360	479	765	  1	
361	  0	765	  1	
361	  5	765	  1	
361	152	765	  1	
361	300	765	  1	
362	278	765	  1	
363	  8	765	  1	
363	 79	765	  1	
363	214	765	  1	
363	240	765	  1	
363	374	765	  1	
364	416	765	  1	
364	436	765	  1	
365	 40	765	  1	
365	168	765	  1	
365	379	765	  1	
366	 26	765	  1	
366	 56	765	  1	
366	 64	765	  1	
366	125	765	  1	
366	135	765	  1	
366	208	765	  1	
366	265	765	  1	
366	272	765	  1	
367	291	765	  1	
367	431	765	  1	
368	  0	765	  1	
368	 38	765	  1	
368	 48	765	  1	
368	 71	765	  1	
368	 78	765	  1	
368	107	765	  1	
368	114	765	  1	
368	176	765	  1	
368	183	765	  1	
368	232	765	  1	
368	242	765	  1	
368	256	765	  1	
368	312	765	  1	
368	320	765	  1	
368	368	765	  1	
370	 47	765	  1	
370	 55	765	  1	
371	 96	765	  1	
371	188	765	  1	
371	200	765	  1	
371	286	765	  1	
371	310	765	  1	
372	260	765	  1	
373	 63	765	  1	
373	 74	765	  1	
373	143	765	  1	
373	147	765	  1	
374	 48	765	  1	
374	 66	765	  1	
374	114	765	  1	
375	208	765	  1	
375	215	765	  1	
375	312	765	  1	
375	320	765	  1	
375	368	765	  1	
375	400	765	  1	
375	424	765	  1	
375	447	765	  1	
376	 22	765	  1	
376	100	765	  1	
376	136	765	  1	
376	181	765	  1	
376	195	765	  1	
376	222	765	  1	
376	240	765	  1	
376	246	765	  1	
376	381	765	  1	
378	 30	765	  1	
378	143	765	  1	
378	376	765	  1	
379	 16	765	  1	
379	 62	765	  1	
379	 72	765	  1	
379	184	765	  1	
381	 88	765	  1	
381	 95	765	  1	
381	 99	765	  1	
381	123	765	  1	
381	243	765	  1	
382	 44	765	  1	
382	136	765	  1	
382	382	765	  1	
383	103	765	  1	
383	119	765	  1	
383	188	765	  1	
383	192	765	  1	
383	200	765	  1	
383	599	765	  1	
384	  0	765	  1	
384	  7	765	  1	
384	 79	765	  1	
384	104	765	  1	
384	168	765	  1	
384	196	765	  1	
384	205	765	  1	
384	232	765	  1	
384	237	765	  1	
384	240	765	  1	
384	272	765	  1	
384	416	765	  1	
384	426	765	  1	
384	501	765	  1	
386	 38	765	  1	
386	 64	765	  1	
386	 71	765	  1	
386	192	765	  1	
386	259	765	  1	
386	437	765	  1	
387	247	765	  1	
387	327	765	  1	
387	331	765	  1	
387	367	765	  1	
389	  0	765	  1	
389	  7	765	  1	
389	 80	765	  1	
389	107	765	  1	
389	168	765	  1	
389	234	765	  1	
389	407	765	  1	
389	428	765	  1	
389	586	765	  1	
390	 24	765	  1	
390	 67	765	  1	
390	172	765	  1	
391	240	765	  1	
391	321	765	  1	
391	382	765	  1	
391	527	765	  1	
392	  8	765	  1	
392	 40	765	  1	
392	 91	765	  1	
392	122	765	  1	
392	131	765	  1	
392	196	765	  1	
392	217	765	  1	
392	224	765	  1	
392	235	765	  1	
392	247	765	  1	
392	256	765	  1	
392	270	765	  1	
392	363	765	  1	
392	372	765	  1	
392	418	765	  1	
392	423	765	  1	
393	  0	765	  1	
393	 96	765	  1	
393	599	765	  1	
394	206	765	  1	
394	305	765	  1	
394	360	765	  1	
394	367	765	  1	
395	 59	765	  1	
395	104	765	  1	
396	  3	765	  1	
396	 16	765	  1	
397	 10	765	  1	
397	 64	765	  1	
398	 23	765	  1	
398	224	765	  1	
398	271	765	  1	
398	347	765	  1	
399	 40	765	  1	
399	312	765	  1	
399	360	765	  1	
400	160	765	  1	
400	166	765	  1	
400	176	765	  1	
400	279	765	  1	
400	334	765	  1	
400	338	765	  1	
400	390	765	  1	
402	 49	765	  1	
402	 61	765	  1	
402	135	765	  1	
402	205	765	  1	
402	320	765	  1	
403	  0	765	  1	
403	191	765	  1	
403	200	765	  1	
403	272	765	  1	
404	112	765	  1	
404	326	765	  1	
404	374	765	  1	
404	463	765	  1	
405	 12	765	  1	
405	 23	765	  1	
405	 72	765	  1	
405	224	765	  1	
406	119	765	  1	
407	 55	765	  1	
407	240	765	  1	
407	279	765	  1	
407	320	765	  1	
407	512	765	  1	
408	 40	765	  1	
408	 64	765	  1	
408	 80	765	  1	
408	102	765	  1	
408	108	765	  1	
408	134	765	  1	
408	247	765	  1	
408	256	765	  1	
408	304	765	  1	
408	330	765	  1	
408	354	765	  1	
408	358	765	  1	
410	 87	765	  1	
410	185	765	  1	
411	149	765	  1	
412	159	765	  1	
413	 20	765	  1	
413	 96	765	  1	
413	112	765	  1	
413	130	765	  1	
413	135	765	  1	
413	323	765	  1	
414	 44	765	  1	
414	179	765	  1	
414	240	765	  1	
414	263	765	  1	
415	354	765	  1	
416	  2	765	  1	
416	 16	765	  1	
416	 51	765	  1	
416	 79	765	  1	
416	 88	765	  1	
416	 98	765	  1	
416	111	765	  1	
416	210	765	  1	
416	215	765	  1	
416	226	765	  1	
416	231	765	  1	
416	312	765	  1	
416	398	765	  1	
416	437	765	  1	
418	106	765	  1	
418	159	765	  1	
418	203	765	  1	
418	248	765	  1	
418	418	765	  1	
419	 56	765	  1	
419	367	765	  1	
420	 32	765	  1	
421	  0	765	  1	
421	  7	765	  1	
421	145	765	  1	
421	219	765	  1	
421	360	765	  1	
422	 55	765	  1	
422	141	765	  1	
422	192	765	  1	
422	432	765	  1	
423	103	765	  1	
423	327	765	  1	
424	  4	765	  1	
424	 40	765	  1	
424	 44	765	  1	
424	 88	765	  1	
424	117	765	  1	
424	120	765	  1	
424	138	765	  1	
424	146	765	  1	
424	176	765	  1	
424	188	765	  1	
424	216	765	  1	
424	232	765	  1	
424	275	765	  1	
427	 24	765	  1	
427	 29	765	  1	
427	 56	765	  1	
427	111	765	  1	
427	171	765	  1	
427	239	765	  1	
427	416	765	  1	
428	 92	765	  1	
428	176	765	  1	
429	 48	765	  1	
429	376	765	  1	
430	105	765	  1	
431	 72	765	  1	
431	 79	765	  1	
431	192	765	  1	
431	223	765	  1	
431	232	765	  1	
431	280	765	  1	
432	 18	765	  1	
432	 26	765	  1	
432	 52	765	  1	
432	 57	765	  1	
432	 74	765	  1	
432	136	765	  1	
432	151	765	  1	
432	166	765	  1	
432	176	765	  1	
432	207	765	  1	
432	224	765	  1	
432	248	765	  1	
432	252	765	  1	
432	256	765	  1	
432	330	765	  1	
432	352	765	  1	
432	383	765	  1	
432	397	765	  1	
433	157	765	  1	
433	173	765	  1	
434	 23	765	  1	
434	 28	765	  1	
434	 61	765	  1	
434	184	765	  1	
434	199	765	  1	
434	264	765	  1	
435	 22	765	  1	
435	 24	765	  1	
435	 48	765	  1	
435	104	765	  1	
435	114	765	  1	
435	202	765	  1	
435	208	765	  1	
435	376	765	  1	
436	 21	765	  1	
437	 20	765	  1	
437	 31	765	  1	
437	 72	765	  1	
437	 79	765	  1	
437	127	765	  1	
438	228	765	  1	
438	356	765	  1	
439	 52	765	  1	
439	117	765	  1	
439	147	765	  1	
439	176	765	  1	
439	190	765	  1	
439	256	765	  1	
439	383	765	  1	
439	397	765	  1	
440	 40	765	  1	
440	 44	765	  1	
440	157	765	  1	
440	162	765	  1	
440	211	765	  1	
440	243	765	  1	
440	380	765	  1	
441	 47	765	  1	
441	 59	765	  1	
441	207	765	  1	
442	109	765	  1	
442	186	765	  1	
443	400	765	  1	
444	211	765	  1	
445	200	765	  1	
445	374	765	  1	
446	 58	765	  1	
446	 87	765	  1	
446	168	765	  1	
446	181	765	  1	
446	240	765	  1	
446	264	765	  1	
446	382	765	  1	
447	 31	765	  1	
447	104	765	  1	
447	175	765	  1	
447	205	765	  1	
447	208	765	  1	
447	346	765	  1	
448	 16	765	  1	
448	 23	765	  1	
448	 32	765	  1	
448	 50	765	  1	
448	 69	765	  1	
448	 80	765	  1	
448	 93	765	  1	
448	114	765	  1	
448	129	765	  1	
448	140	765	  1	
448	161	765	  1	
448	198	765	  1	
448	219	765	  1	
448	256	765	  1	
448	390	765	  1	
448	394	765	  1	
449	223	765	  1	
450	 24	765	  1	
450	 88	765	  1	
450	 99	765	  1	
450	159	765	  1	
450	182	765	  1	
450	412	765	  1	
451	 47	765	  1	
451	108	765	  1	
451	304	765	  1	
451	311	765	  1	
451	384	765	  1	
453	 38	765	  1	
453	 50	765	  1	
453	 56	765	  1	
453	 64	765	  1	
453	136	765	  1	
453	195	765	  1	
453	208	765	  1	
453	407	765	  1	
454	 28	765	  1	
454	 44	765	  1	
454	132	765	  1	
454	139	765	  1	
454	143	765	  1	
454	175	765	  1	
454	190	765	  1	
454	227	765	  1	
455	170	765	  1	
455	213	765	  1	
456	 19	765	  1	
456	 48	765	  1	
456	 82	765	  1	
456	112	765	  1	
456	114	765	  1	
456	136	765	  1	
456	144	765	  1	
456	184	765	  1	
456	204	765	  1	
456	256	765	  1	
456	272	765	  1	
456	424	765	  1	
458	156	765	  1	
458	167	765	  1	
458	216	765	  1	
458	223	765	  1	
459	 75	765	  1	
459	240	765	  1	
459	279	765	  1	
460	112	765	  1	
461	  8	765	  1	
461	 87	765	  1	
461	127	765	  1	
461	204	765	  1	
461	288	765	  1	
461	295	765	  1	
462	254	765	  1	
463	 48	765	  1	
463	 55	765	  1	
463	166	765	  1	
463	218	765	  1	
463	263	765	  1	
463	272	765	  1	
464	  5	765	  1	
464	 31	765	  1	
464	 42	765	  1	
464	 96	765	  1	
464	171	765	  1	
464	320	765	  1	
464	336	765	  1	
464	384	765	  1	
464	391	765	  1	
465	 68	765	  1	
465	263	765	  1	
466	  0	765	  1	
467	 24	765	  1	
467	112	765	  1	
467	208	765	  1	
467	266	765	  1	
467	343	765	  1	
469	 40	765	  1	
469	 47	765	  1	
469	288	765	  1	
470	  6	765	  1	
470	132	765	  1	
470	344	765	  1	
471	 31	765	  1	
471	258	765	  1	
471	336	765	  1	
472	  2	765	  1	
472	  8	765	  1	
472	 61	765	  1	
472	 81	765	  1	
472	 96	765	  1	
472	102	765	  1	
472	107	765	  1	
472	156	765	  1	
472	192	765	  1	
472	214	765	  1	
472	243	765	  1	
472	259	765	  1	
472	277	765	  1	
472	296	765	  1	
472	312	765	  1	
472	319	765	  1	
472	328	765	  1	
472	354	765	  1	
472	394	765	  1	
472	512	765	  1	
473	 90	765	  1	
474	144	765	  1	
475	264	765	  1	
475	376	765	  1	
476	334	765	  1	
477	 74	765	  1	
478	124	765	  1	
478	296	765	  1	
478	327	765	  1	
479	 89	765	  1	
479	135	765	  1	
479	214	765	  1	
479	256	765	  1	
480	  0	765	  1	
480	 45	765	  1	
480	 77	765	  1	
480	113	765	  1	
480	173	765	  1	
480	218	765	  1	
480	269	765	  1	
480	283	765	  1	
480	299	765	  1	
480	312	765	  1	
480	320	765	  1	
480	335	765	  1	
481	 96	765	  1	
483	120	765	  1	
483	224	765	  1	
484	299	765	  1	
485	 53	765	  1	
485	128	765	  1	
485	346	765	  1	
486	 88	765	  1	
486	103	765	  1	
486	152	765	  1	
486	208	765	  1	
486	270	765	  1	
486	344	765	  1	
486	351	765	  1	
487	 56	765	  1	
487	 63	765	  1	
487	 96	765	  1	
487	165	765	  1	
487	331	765	  1	
487	378	765	  1	
487	383	765	  1	
487	399	765	  1	
488	  3	765	  1	
488	 58	765	  1	
488	 65	765	  1	
488	 87	765	  1	
488	131	765	  1	
488	178	765	  1	
488	195	765	  1	
488	216	765	  1	
488	223	765	  1	
488	267	765	  1	
488	275	765	  1	
488	508	765	  1	
489	114	765	  1	
490	128	765	  1	
490	283	765	  1	
491	 71	765	  1	
491	343	765	  1	
492	183	765	  1	
493	119	765	  1	
493	200	765	  1	
494	192	765	  1	
495	135	765	  1	
495	152	765	  1	
495	178	765	  1	
495	264	765	  1	
495	271	765	  1	
495	303	765	  1	
495	367	765	  1	
496	  8	765	  1	
496	 51	765	  1	
496	 61	765	  1	
496	184	765	  1	
496	191	765	  1	
496	229	765	  1	
496	236	765	  1	
496	255	765	  1	
496	265	765	  1	
496	287	765	  1	
496	298	765	  1	
497	 80	765	  1	
497	264	765	  1	
497	272	765	  1	
497	277	765	  1	
497	311	765	  1	
499	 64	765	  1	
499	 98	765	  1	
499	142	765	  1	
499	159	765	  1	
500	 91	765	  1	
501	 56	765	  1	
501	104	765	  1	
501	135	765	  1	
501	155	765	  1	
503	 48	765	  1	
503	147	765	  1	
503	191	765	  1	
503	464	765	  1	
503	537	765	  1	
504	 83	765	  1	
504	144	765	  1	
504	170	765	  1	
504	200	765	  1	
504	204	765	  1	
504	288	765	  1	
504	297	765	  1	
504	311	765	  1	
504	336	765	  1	
504	343	765	  1	
505	303	765	  1	
506	114	765	  1	
507	  0	765	  1	
507	103	765	  1	
507	146	765	  1	
507	160	765	  1	
507	184	765	  1	
507	351	765	  1	
509	110	765	  1	
509	168	765	  1	
509	175	765	  1	
510	339	765	  1	
511	 56	765	  1	
511	311	765	  1	
511	344	765	  1	
512	  3	765	  1	
512	 59	765	  1	
512	 88	765	  1	
512	110	765	  1	
512	136	765	  1	
512	187	765	  1	
512	193	765	  1	
512	198	765	  1	
512	208	765	  1	
512	213	765	  1	
512	218	765	  1	
512	256	765	  1	
512	262	765	  1	
512	296	765	  1	
512	303	765	  1	
512	312	765	  1	
512	392	765	  1	
514	 87	765	  1	
514	173	765	  1	
515	152	765	  1	
515	223	765	  1	
515	232	765	  1	
515	317	765	  1	
516	  8	765	  1	
516	 92	765	  1	
517	 96	765	  1	
517	107	765	  1	
517	151	765	  1	
517	245	765	  1	
517	415	765	  1	
518	240	765	  1	
519	 15	765	  1	
519	 56	765	  1	
519	 63	765	  1	
519	103	765	  1	
519	145	765	  1	
519	168	765	  1	
519	299	765	  1	
520	 45	765	  1	
520	114	765	  1	
520	124	765	  1	
520	131	765	  1	
520	182	765	  1	
520	192	765	  1	
520	205	765	  1	
520	219	765	  1	
520	254	765	  1	
520	264	765	  1	
520	296	765	  1	
520	408	765	  1	
521	160	765	  1	
521	167	765	  1	
523	199	765	  1	
523	323	765	  1	
523	328	765	  1	
524	 39	765	  1	
524	 63	765	  1	
524	230	765	  1	
524	301	765	  1	
525	 32	765	  1	
525	 95	765	  1	
525	112	765	  1	
526	192	765	  1	
526	224	765	  1	
526	250	765	  1	
526	397	765	  1	
527	 56	765	  1	
527	 87	765	  1	
528	 45	765	  1	
528	 98	765	  1	
528	127	765	  1	
528	152	765	  1	
528	163	765	  1	
528	196	765	  1	
528	213	765	  1	
528	248	765	  1	
528	266	765	  1	
528	330	765	  1	
528	344	765	  1	
528	362	765	  1	
529	335	765	  1	
530	142	765	  1	
530	167	765	  1	
531	103	765	  1	
531	110	765	  1	
531	280	765	  1	
531	287	765	  1	
531	504	765	  1	
533	  0	765	  1	
533	  7	765	  1	
533	 87	765	  1	
533	184	765	  1	
533	192	765	  1	
533	197	765	  1	
533	296	765	  1	
533	376	765	  1	
533	434	765	  1	
534	136	765	  1	
535	163	765	  1	
535	344	765	  1	
536	147	765	  1	
536	189	765	  1	
536	200	765	  1	
536	204	765	  1	
536	258	765	  1	
536	320	765	  1	
536	328	765	  1	
536	379	765	  1	
536	434	765	  1	
537	343	765	  1	
538	 22	765	  1	
539	 86	765	  1	
539	303	765	  1	
540	104	765	  1	
540	226	765	  1	
540	320	765	  1	
541	432	765	  1	
543	  3	765	  1	
543	231	765	  1	
544	 56	765	  1	
544	126	765	  1	
544	132	765	  1	
544	136	765	  1	
544	143	765	  1	
544	165	765	  1	
544	170	765	  1	
544	210	765	  1	
544	234	765	  1	
544	275	765	  1	
544	302	765	  1	
546	 40	765	  1	
546	101	765	  1	
546	191	765	  1	
546	296	765	  1	
549	 46	765	  1	
550	152	765	  1	
550	335	765	  1	
551	 96	765	  1	
551	112	765	  1	
551	300	765	  1	
551	317	765	  1	
552	 24	765	  1	
552	 56	765	  1	
552	111	765	  1	
552	115	765	  1	
552	127	765	  1	
552	164	765	  1	
552	248	765	  1	
552	314	765	  1	
552	392	765	  1	
555	103	765	  1	
555	120	765	  1	
555	184	765	  1	
555	270	765	  1	
556	228	765	  1	
557	152	765	  1	
557	157	765	  1	
557	160	765	  1	
559	111	765	  1	
559	119	765	  1	
559	127	765	  1	
559	136	765	  1	
559	296	765	  1	
560	120	765	  1	
560	124	765	  1	
560	132	765	  1	
560	149	765	  1	
560	176	765	  1	
560	254	765	  1	
560	289	765	  1	
560	376	765	  1	
560	405	765	  1	
561	527	765	  1	
562	 91	765	  1	
562	251	765	  1	
562	295	765	  1	
562	398	765	  1	
563	136	765	  1	
563	202	765	  1	
563	383	765	  1	
564	182	765	  1	
565	304	765	  1	
565	406	765	  1	
566	 72	765	  1	
566	311	765	  1	
567	122	765	  1	
567	255	765	  1	
567	376	765	  1	
567	536	765	  1	
568	115	765	  1	
568	139	765	  1	
568	178	765	  1	
568	231	765	  1	
568	270	765	  1	
568	303	765	  1	
568	360	765	  1	
570	264	765	  1	
570	376	765	  1	
571	224	765	  1	
573	112	765	  1	
575	136	765	  1	
575	143	765	  1	
575	224	765	  1	
575	231	765	  1	
576	192	765	  1	
576	216	765	  1	
576	223	765	  1	
576	227	765	  1	
576	295	765	  1	
576	327	765	  1	
576	344	765	  1	
576	351	765	  1	
576	479	765	  1	
577	239	765	  1	
578	224	765	  1	
578	270	765	  1	
578	304	765	  1	
579	320	765	  1	
579	519	765	  1	
582	115	765	  1	
582	229	765	  1	
582	317	765	  1	
583	237	765	  1	
583	299	765	  1	
583	327	765	  1	
583	347	765	  1	
584	  2	765	  1	
584	 69	765	  1	
584	 93	765	  1	
584	 96	765	  1	
584	138	765	  1	
584	246	765	  1	
584	258	765	  1	
584	263	765	  1	
584	279	765	  1	
584	358	765	  1	
585	232	765	  1	
585	240	765	  1	
586	 88	765	  1	
586	352	765	  1	
587	 92	765	  1	
587	266	765	  1	
587	272	765	  1	
589	336	765	  1	
589	358	765	  1	
590	 64	765	  1	
590	271	765	  1	
591	138	765	  1	
591	245	765	  1	
591	279	765	  1	
591	352	765	  1	
592	211	765	  1	
592	267	765	  1	
592	311	765	  1	
592	342	765	  1	
592	400	765	  1	
592	544	765	  1	
592	559	765	  1	
595	236	765	  1	
595	302	765	  1	
595	407	765	  1	
595	435	765	  1	
596	 92	765	  1	
596	105	765	  1	
596	225	765	  1	
596	256	765	  1	
596	339	765	  1	
597	 99	765	  1	
597	264	765	  1	
597	307	765	  1	
597	544	765	  1	
598	247	765	  1	
598	260	765	  1	
599	  7	765	  1	
599	 63	765	  1	
599	269	765	  1	
599	400	765	  1	
599	416	765	  1	
599	471	765	  1	
600	112	765	  1	
600	243	765	  1	
600	255	765	  1	
600	315	765	  1	
600	392	765	  1	
600	399	765	  1	
601	182	765	  1	
602	367	765	  1	
603	405	765	  1	
603	448	765	  1	
604	 63	765	  1	
605	208	765	  1	
605	288	765	  1	
606	344	765	  1	
606	351	765	  1	
607	280	765	  1	
607	395	765	  1	
607	447	765	  1	
608	240	765	  1	
608	253	765	  1	
608	278	765	  1	
608	306	765	  1	
608	328	765	  1	
608	333	765	  1	
608	352	765	  1	
612	254	765	  1	
614	 71	765	  1	
614	359	765	  1	
615	246	765	  1	
615	250	765	  1	
616	239	765	  1	
616	264	765	  1	
616	271	765	  1	
616	440	765	  1	
619	232	765	  1	
621	 56	765	  1	
621	126	765	  1	
621	280	765	  1	
621	408	765	  1	
622	 68	765	  1	
623	239	765	  1	
624	  0	765	  1	
624	  4	765	  1	
624	104	765	  1	
624	252	765	  1	
624	320	765	  1	
626	157	765	  1	
627	111	765	  1	
627	120	765	  1	
628	 66	765	  1	
629	446	765	  1	
631	 59	765	  1	
631	104	765	  1	
631	323	765	  1	
632	248	765	  1	
632	336	765	  1	
632	383	765	  1	
633	295	765	  1	
634	376	765	  1	
634	392	765	  1	
635	104	765	  1	
635	343	765	  1	
636	180	765	  1	
636	290	765	  1	
638	280	765	  1	
638	376	765	  1	
639	263	765	  1	
639	336	765	  1	
640	271	765	  1	
640	327	765	  1	
642	 97	765	  1	
644	101	765	  1	
645	111	765	  1	
646	287	765	  1	
646	340	765	  1	
648	 76	765	  1	
648	223	765	  1	
648	314	765	  1	
651	144	765	  1	
651	432	765	  1	
653	 77	765	  1	
653	302	765	  1	
656	403	765	  1	
661	358	765	  1	
663	400	765	  1	
664	192	765	  1	
664	348	765	  1	
665	295	765	  1	
667	199	765	  1	
670	179	765	  1	
672	152	765	  1	
672	444	765	  1	
674	  0	765	  1	
674	391	765	  1	
675	440	765	  1	
677	103	765	  1	
680	136	765	  1	
687	416	765	  1	
687	448	765	  1	
688	131	765	  1	
698	239	765	  1	
702	200	765	  1	
703	264	765	  1	
722	199	765	  1	
723	 94	765	  1	
726	 63	765	  1	
752	296	765	  1	
783	131	765	  1	
