# 
#  Image file: Goad1_T0099.jpg
#  Applied threshold: 575
#  Algorithm used: fill2                 
#  Particle count: 1992
#  Location (x,y), max luminance, and mass:
# 
  0	182	765	  1	
  2	184	765	  1	
  8	136	765	  1	
 14	 16	765	  1	
 16	242	765	  1	
 23	304	765	  1	
 24	340	765	  1	
 33	111	765	  1	
 43	350	765	  1	
 48	207	765	  1	
 55	256	765	  1	
 55	535	765	  1	
 56	 85	765	  1	
 56	104	765	  1	
 56	119	765	  1	
 58	 79	765	  1	
 63	231	765	  1	
 66	251	765	  1	
 67	247	765	  1	
 67	415	765	  1	
 68	128	765	  1	
 71	242	765	  1	
 72	128	765	  1	
 72	416	765	  1	
 77	 11	765	  1	
 77	592	765	  1	
 79	200	765	  1	
 80	292	765	  1	
 82	242	765	  1	
 84	209	765	  1	
 86	123	765	  1	
 87	 99	765	  1	
 87	119	765	  1	
 87	136	765	  1	
 87	240	765	  1	
 87	448	765	  1	
 87	500	765	  1	
 88	 83	765	  1	
 88	120	765	  1	
 88	309	765	  1	
 88	352	765	  1	
 89	 82	765	  1	
 90	394	765	  1	
 94	 86	765	  1	
 94	415	765	  1	
 95	325	765	  1	
 96	131	765	  1	
 96	136	765	  1	
 96	148	765	  1	
 96	416	765	  1	
 96	423	765	  1	
 98	 48	765	  1	
 99	143	765	  1	
 99	168	765	  1	
100	239	765	  1	
100	366	765	  1	
102	200	765	  1	
103	 95	765	  1	
103	128	765	  1	
103	135	765	  1	
103	154	765	  1	
103	360	765	  1	
103	464	765	  1	
103	587	765	  1	
106	503	765	  1	
107	437	765	  1	
108	504	765	  1	
108	576	765	  1	
109	389	765	  1	
109	544	765	  1	
110	 81	765	  1	
110	199	765	  1	
110	279	765	  1	
111	184	765	  1	
112	176	765	  1	
116	120	765	  1	
118	127	765	  1	
119	104	765	  1	
119	119	765	  1	
120	 71	765	  1	
120	139	765	  1	
120	160	765	  1	
120	290	765	  1	
123	  0	765	  1	
124	 77	765	  1	
126	170	765	  1	
127	136	765	  1	
127	143	765	  1	
127	479	765	  1	
127	490	765	  1	
128	223	765	  1	
128	232	765	  1	
128	450	765	  1	
131	374	765	  1	
133	300	765	  1	
133	360	765	  1	
134	223	765	  1	
134	368	765	  1	
135	 79	765	  1	
136	 88	765	  1	
136	312	765	  1	
136	326	765	  1	
136	384	765	  1	
136	487	765	  1	
137	375	765	  1	
138	240	765	  1	
138	291	765	  1	
139	463	765	  1	
141	140	765	  1	
141	232	765	  1	
141	237	765	  1	
141	255	765	  1	
142	150	765	  1	
142	324	765	  1	
142	485	765	  1	
143	369	765	  1	
143	425	765	  1	
143	458	765	  1	
144	115	765	  1	
144	128	765	  1	
144	174	765	  1	
144	184	765	  1	
144	267	765	  1	
144	447	765	  1	
144	512	765	  1	
145	123	765	  1	
146	232	765	  1	
146	239	765	  1	
147	191	765	  1	
147	519	765	  1	
149	223	765	  1	
151	112	765	  1	
151	119	765	  1	
151	128	765	  1	
151	184	765	  1	
151	232	765	  1	
151	239	765	  1	
151	264	765	  1	
151	271	765	  1	
151	512	765	  1	
152	138	765	  1	
152	155	765	  1	
152	186	765	  1	
152	216	765	  1	
152	248	765	  1	
152	320	765	  1	
152	343	765	  1	
152	355	765	  1	
152	372	765	  1	
152	392	765	  1	
152	501	765	  1	
152	532	765	  1	
154	 47	765	  1	
154	240	765	  1	
154	368	765	  1	
155	175	765	  1	
156	328	765	  1	
157	200	765	  1	
158	223	765	  1	
158	310	765	  1	
159	152	765	  1	
159	159	765	  1	
159	439	765	  1	
160	 43	765	  1	
160	 55	765	  1	
160	181	765	  1	
160	341	765	  1	
160	359	765	  1	
160	408	765	  1	
160	414	765	  1	
162	 95	765	  1	
163	 32	765	  1	
164	328	765	  1	
165	282	765	  1	
167	263	765	  1	
167	339	765	  1	
167	368	765	  1	
167	399	765	  1	
168	 18	765	  1	
168	168	765	  1	
168	203	765	  1	
168	251	765	  1	
168	269	765	  1	
168	278	765	  1	
169	320	765	  1	
170	140	765	  1	
171	239	765	  1	
171	415	765	  1	
173	224	765	  1	
175	114	765	  1	
175	119	765	  1	
175	200	765	  1	
175	207	765	  1	
175	251	765	  1	
176	 23	765	  1	
176	 94	765	  1	
176	136	765	  1	
176	152	765	  1	
176	163	765	  1	
176	263	765	  1	
176	376	765	  1	
176	432	765	  1	
176	544	765	  1	
176	591	765	  1	
179	 16	765	  1	
179	200	765	  1	
179	231	765	  1	
179	360	765	  1	
180	256	765	  1	
180	268	765	  1	
180	376	765	  1	
180	544	765	  1	
181	184	765	  1	
181	335	765	  1	
183	  4	765	  1	
183	 23	765	  1	
183	 88	765	  1	
183	176	765	  1	
183	207	765	  1	
183	216	765	  1	
183	321	765	  1	
183	422	765	  1	
184	 24	765	  1	
184	105	765	  1	
184	110	765	  1	
184	191	765	  1	
184	223	765	  1	
184	278	765	  1	
184	334	765	  1	
184	343	765	  1	
184	357	765	  1	
184	528	765	  1	
186	272	765	  1	
187	 96	765	  1	
187	107	765	  1	
187	184	765	  1	
187	192	765	  1	
187	376	765	  1	
188	144	765	  1	
188	152	765	  1	
188	352	765	  1	
190	112	765	  1	
190	162	765	  1	
190	279	765	  1	
190	339	765	  1	
191	  8	765	  1	
191	 15	765	  1	
191	156	765	  1	
191	191	765	  1	
191	198	765	  1	
191	218	765	  1	
191	330	765	  1	
191	487	765	  1	
192	  0	765	  1	
192	  7	765	  1	
192	193	765	  1	
192	237	765	  1	
192	291	765	  1	
192	302	765	  1	
192	528	765	  1	
193	184	765	  1	
193	240	765	  1	
193	247	765	  1	
193	331	765	  1	
194	103	765	  1	
195	271	765	  1	
196	472	765	  1	
197	 97	765	  1	
197	216	765	  1	
197	223	765	  1	
198	 20	765	  1	
198	 56	765	  1	
198	 94	765	  1	
199	  6	765	  1	
199	 10	765	  1	
199	157	765	  1	
199	302	765	  1	
199	528	765	  1	
200	 63	765	  1	
200	107	765	  1	
200	112	765	  1	
200	136	765	  1	
200	140	765	  1	
200	144	765	  1	
200	175	765	  1	
200	248	765	  1	
200	267	765	  1	
200	320	765	  1	
200	330	765	  1	
200	384	765	  1	
201	120	765	  1	
201	159	765	  1	
203	168	765	  1	
203	232	765	  1	
203	240	765	  1	
203	255	765	  1	
204	419	765	  1	
205	  4	765	  1	
205	 70	765	  1	
205	104	765	  1	
205	144	765	  1	
206	 83	765	  1	
207	112	765	  1	
207	175	765	  1	
207	248	765	  1	
207	264	765	  1	
207	271	765	  1	
207	440	765	  1	
207	447	765	  1	
208	141	765	  1	
208	150	765	  1	
208	213	765	  1	
208	217	765	  1	
208	230	765	  1	
208	404	765	  1	
208	461	765	  1	
208	470	765	  1	
208	536	765	  1	
209	132	765	  1	
210	312	765	  1	
210	447	765	  1	
211	208	765	  1	
211	278	765	  1	
212	 15	765	  1	
212	127	765	  1	
212	198	765	  1	
213	218	765	  1	
214	104	765	  1	
214	142	765	  1	
214	192	765	  1	
214	223	765	  1	
214	388	765	  1	
214	432	765	  1	
215	 64	765	  1	
215	147	765	  1	
215	312	765	  1	
215	544	765	  1	
215	568	765	  1	
216	  8	765	  1	
216	 24	765	  1	
216	 31	765	  1	
216	 47	765	  1	
216	114	765	  1	
216	130	765	  1	
216	152	765	  1	
216	206	765	  1	
216	247	765	  1	
216	263	765	  1	
218	293	765	  1	
219	 15	765	  1	
219	 72	765	  1	
219	487	765	  1	
220	115	765	  1	
221	110	765	  1	
221	290	765	  1	
222	 27	765	  1	
223	  8	765	  1	
223	 79	765	  1	
223	136	765	  1	
223	160	765	  1	
223	248	765	  1	
223	259	765	  1	
223	583	765	  1	
224	  0	765	  1	
224	 64	765	  1	
224	 88	765	  1	
224	 94	765	  1	
224	112	765	  1	
224	120	765	  1	
224	171	765	  1	
224	189	765	  1	
224	205	765	  1	
224	234	765	  1	
224	268	765	  1	
224	416	765	  1	
224	423	765	  1	
225	167	765	  1	
226	200	765	  1	
227	455	765	  1	
228	 19	765	  1	
228	431	765	  1	
229	 35	765	  1	
229	271	765	  1	
229	402	765	  1	
229	407	765	  1	
230	 72	765	  1	
230	206	765	  1	
230	264	765	  1	
231	160	765	  1	
231	296	765	  1	
231	384	765	  1	
231	419	765	  1	
231	424	765	  1	
231	487	765	  1	
232	  8	765	  1	
232	 16	765	  1	
232	 23	765	  1	
232	 56	765	  1	
232	 75	765	  1	
232	 80	765	  1	
232	112	765	  1	
232	168	765	  1	
232	182	765	  1	
232	192	765	  1	
232	257	765	  1	
232	266	765	  1	
232	320	765	  1	
232	331	765	  1	
232	355	765	  1	
232	365	765	  1	
232	432	765	  1	
232	440	765	  1	
232	447	765	  1	
233	106	765	  1	
234	 63	765	  1	
234	 84	765	  1	
234	390	765	  1	
235	175	765	  1	
236	150	765	  1	
236	328	765	  1	
236	423	765	  1	
237	 92	765	  1	
237	 96	765	  1	
237	114	765	  1	
237	152	765	  1	
237	360	765	  1	
237	436	765	  1	
238	 73	765	  1	
238	240	765	  1	
238	247	765	  1	
238	384	765	  1	
239	 19	765	  1	
239	144	765	  1	
239	352	765	  1	
240	  0	765	  1	
240	 35	765	  1	
240	 40	765	  1	
240	149	765	  1	
240	181	765	  1	
240	190	765	  1	
240	202	765	  1	
240	232	765	  1	
240	264	765	  1	
240	284	765	  1	
240	315	765	  1	
240	351	765	  1	
240	387	765	  1	
240	597	765	  1	
242	256	765	  1	
242	262	765	  1	
243	120	765	  1	
243	344	765	  1	
243	400	765	  1	
243	407	765	  1	
243	520	765	  1	
244	192	765	  1	
245	 78	765	  1	
245	112	765	  1	
245	176	765	  1	
245	304	765	  1	
245	319	765	  1	
245	327	765	  1	
245	440	765	  1	
246	 16	765	  1	
246	256	765	  1	
247	128	765	  1	
247	202	765	  1	
247	276	765	  1	
247	351	765	  1	
247	384	765	  1	
247	391	765	  1	
248	 10	765	  1	
248	 48	765	  1	
248	 87	765	  1	
248	120	765	  1	
248	127	765	  1	
248	170	765	  1	
248	211	765	  1	
248	238	765	  1	
248	368	765	  1	
248	375	765	  1	
248	382	765	  1	
248	435	765	  1	
248	456	765	  1	
248	472	765	  1	
249	 82	765	  1	
249	160	765	  1	
250	 88	765	  1	
250	312	765	  1	
250	320	765	  1	
250	478	765	  1	
251	 40	765	  1	
251	200	765	  1	
252	291	765	  1	
253	 96	765	  1	
253	267	765	  1	
253	472	765	  1	
254	236	765	  1	
254	318	765	  1	
254	380	765	  1	
255	371	765	  1	
255	432	765	  1	
255	439	765	  1	
256	 27	765	  1	
256	 71	765	  1	
256	 91	765	  1	
256	104	765	  1	
256	108	765	  1	
256	127	765	  1	
256	144	765	  1	
256	154	765	  1	
256	162	765	  1	
256	168	765	  1	
256	184	765	  1	
256	191	765	  1	
256	224	765	  1	
256	240	765	  1	
256	277	765	  1	
256	291	765	  1	
256	324	765	  1	
256	339	765	  1	
258	 80	765	  1	
258	120	765	  1	
258	296	765	  1	
258	349	765	  1	
259	 15	765	  1	
259	 64	765	  1	
259	155	765	  1	
259	173	765	  1	
259	384	765	  1	
259	389	765	  1	
259	416	765	  1	
260	 40	765	  1	
260	303	765	  1	
260	440	765	  1	
262	106	765	  1	
262	152	765	  1	
262	288	765	  1	
262	327	765	  1	
263	  8	765	  1	
263	 24	765	  1	
263	 31	765	  1	
263	 71	765	  1	
263	 80	765	  1	
264	 45	765	  1	
264	 55	765	  1	
264	 61	765	  1	
264	104	765	  1	
264	111	765	  1	
264	128	765	  1	
264	133	765	  1	
264	142	765	  1	
264	160	765	  1	
264	166	765	  1	
264	201	765	  1	
264	248	765	  1	
264	264	765	  1	
264	276	765	  1	
264	397	765	  1	
264	419	765	  1	
264	456	765	  1	
264	504	765	  1	
265	207	765	  1	
266	253	765	  1	
267	118	765	  1	
267	272	765	  1	
267	348	765	  1	
268	261	765	  1	
268	408	765	  1	
269	 24	765	  1	
269	143	765	  1	
269	163	765	  1	
269	168	765	  1	
269	175	765	  1	
269	311	765	  1	
269	327	765	  1	
270	202	765	  1	
270	248	765	  1	
270	392	765	  1	
270	415	765	  1	
271	104	765	  1	
271	111	765	  1	
271	423	765	  1	
271	459	765	  1	
271	522	765	  1	
271	527	765	  1	
272	 72	765	  1	
272	130	765	  1	
272	141	765	  1	
272	152	765	  1	
272	176	765	  1	
272	184	765	  1	
272	191	765	  1	
272	232	765	  1	
272	238	765	  1	
272	252	765	  1	
272	266	765	  1	
272	284	765	  1	
272	338	765	  1	
272	360	765	  1	
272	376	765	  1	
272	384	765	  1	
273	 90	765	  1	
273	 95	765	  1	
273	142	765	  1	
273	208	765	  1	
274	158	765	  1	
276	134	765	  1	
276	272	765	  1	
276	323	765	  1	
276	510	765	  1	
278	152	765	  1	
278	250	765	  1	
278	487	765	  1	
278	504	765	  1	
279	 65	765	  1	
279	 72	765	  1	
279	176	765	  1	
279	360	765	  1	
279	376	765	  1	
280	 32	765	  1	
280	 48	765	  1	
280	 63	765	  1	
280	 68	765	  1	
280	 83	765	  1	
280	 88	765	  1	
280	118	765	  1	
280	188	765	  1	
280	192	765	  1	
280	199	765	  1	
280	208	765	  1	
280	224	765	  1	
280	261	765	  1	
280	291	765	  1	
280	344	765	  1	
280	528	765	  1	
281	304	765	  1	
282	296	765	  1	
282	402	765	  1	
282	413	765	  1	
283	 55	765	  1	
283	112	765	  1	
283	282	765	  1	
283	319	765	  1	
283	366	765	  1	
283	560	765	  1	
285	 71	765	  1	
285	214	765	  1	
285	376	765	  1	
286	168	765	  1	
286	296	765	  1	
286	309	765	  1	
287	 48	765	  1	
287	135	765	  1	
287	192	765	  1	
287	199	765	  1	
288	128	765	  1	
288	143	765	  1	
288	381	765	  1	
289	 63	765	  1	
290	  7	765	  1	
290	208	765	  1	
291	 99	765	  1	
291	519	765	  1	
292	 39	765	  1	
292	300	765	  1	
293	  0	765	  1	
293	 27	765	  1	
293	131	765	  1	
293	288	765	  1	
293	312	765	  1	
293	349	765	  1	
294	 95	765	  1	
294	192	765	  1	
294	214	765	  1	
294	384	765	  1	
295	 63	765	  1	
295	139	765	  1	
295	232	765	  1	
295	399	765	  1	
295	434	765	  1	
295	461	765	  1	
295	512	765	  1	
296	  8	765	  1	
296	 69	765	  1	
296	 88	765	  1	
296	105	765	  1	
296	112	765	  1	
296	117	765	  1	
296	127	765	  1	
296	148	765	  1	
296	176	765	  1	
296	198	765	  1	
296	216	765	  1	
296	301	765	  1	
296	305	765	  1	
296	453	765	  1	
296	586	765	  1	
298	206	765	  1	
298	296	765	  1	
298	399	765	  1	
299	 16	765	  1	
299	144	765	  1	
300	 32	765	  1	
300	216	765	  1	
300	493	765	  1	
301	  2	765	  1	
301	 40	765	  1	
301	 47	765	  1	
301	 59	765	  1	
301	184	765	  1	
301	195	765	  1	
302	149	765	  1	
302	160	765	  1	
302	302	765	  1	
303	222	765	  1	
303	407	765	  1	
303	463	765	  1	
304	  0	765	  1	
304	  5	765	  1	
304	 16	765	  1	
304	 23	765	  1	
304	 48	765	  1	
304	 72	765	  1	
304	101	765	  1	
304	168	765	  1	
304	213	765	  1	
304	288	765	  1	
304	412	765	  1	
304	567	765	  1	
305	 55	765	  1	
305	143	765	  1	
306	 96	765	  1	
306	219	765	  1	
306	351	765	  1	
306	405	765	  1	
306	448	765	  1	
306	528	765	  1	
307	 39	765	  1	
307	160	765	  1	
307	240	765	  1	
307	415	765	  1	
308	207	765	  1	
308	311	765	  1	
309	 77	765	  1	
309	112	765	  1	
309	248	765	  1	
309	255	765	  1	
309	294	765	  1	
310	  2	765	  1	
310	102	765	  1	
311	  7	765	  1	
311	 88	765	  1	
311	 95	765	  1	
311	136	765	  1	
311	144	765	  1	
311	168	765	  1	
311	280	765	  1	
311	376	765	  1	
312	138	765	  1	
312	152	765	  1	
312	158	765	  1	
312	165	765	  1	
312	193	765	  1	
312	198	765	  1	
312	224	765	  1	
312	237	765	  1	
312	243	765	  1	
312	319	765	  1	
312	335	765	  1	
312	352	765	  1	
312	419	765	  1	
312	459	765	  1	
312	595	765	  1	
314	232	765	  1	
314	341	765	  1	
315	  8	765	  1	
315	 15	765	  1	
315	176	765	  1	
315	272	765	  1	
317	194	765	  1	
317	199	765	  1	
317	223	765	  1	
317	553	765	  1	
318	237	765	  1	
318	288	765	  1	
318	302	765	  1	
318	330	765	  1	
319	136	765	  1	
319	143	765	  1	
319	226	765	  1	
319	336	765	  1	
319	416	765	  1	
319	423	765	  1	
319	432	765	  1	
319	456	765	  1	
319	463	765	  1	
319	592	765	  1	
319	599	765	  1	
320	 15	765	  1	
320	 22	765	  1	
320	104	765	  1	
320	123	765	  1	
320	170	765	  1	
320	200	765	  1	
320	246	765	  1	
320	250	765	  1	
320	263	765	  1	
320	344	765	  1	
320	370	765	  1	
320	584	765	  1	
322	232	765	  1	
322	239	765	  1	
322	243	765	  1	
323	  8	765	  1	
323	 61	765	  1	
323	256	765	  1	
325	  0	765	  1	
325	136	765	  1	
325	143	765	  1	
325	168	765	  1	
325	175	765	  1	
325	255	765	  1	
325	296	765	  1	
326	235	765	  1	
326	240	765	  1	
326	247	765	  1	
327	 15	765	  1	
327	152	765	  1	
327	200	765	  1	
327	263	765	  1	
327	344	765	  1	
327	370	765	  1	
328	 78	765	  1	
328	126	765	  1	
328	195	765	  1	
328	222	765	  1	
328	227	765	  1	
328	285	765	  1	
328	288	765	  1	
328	299	765	  1	
328	309	765	  1	
328	325	765	  1	
328	338	765	  1	
328	352	765	  1	
328	367	765	  1	
328	399	765	  1	
328	408	765	  1	
328	474	765	  1	
328	552	765	  1	
330	 23	765	  1	
330	248	765	  1	
330	292	765	  1	
330	332	765	  1	
331	 72	765	  1	
331	 87	765	  1	
331	184	765	  1	
331	312	765	  1	
331	413	765	  1	
332	148	765	  1	
332	157	765	  1	
332	472	765	  1	
332	477	765	  1	
333	  8	765	  1	
333	304	765	  1	
333	352	765	  1	
333	367	765	  1	
333	378	765	  1	
333	383	765	  1	
334	281	765	  1	
335	 23	765	  1	
335	 27	765	  1	
335	200	765	  1	
335	221	765	  1	
335	392	765	  1	
335	400	765	  1	
335	439	765	  1	
336	 48	765	  1	
336	 80	765	  1	
336	106	765	  1	
336	171	765	  1	
336	192	765	  1	
336	199	765	  1	
336	202	765	  1	
336	208	765	  1	
336	215	765	  1	
336	224	765	  1	
336	238	765	  1	
336	254	765	  1	
336	264	765	  1	
336	268	765	  1	
336	272	765	  1	
336	278	765	  1	
336	309	765	  1	
336	320	765	  1	
336	366	765	  1	
336	384	765	  1	
336	448	765	  1	
336	456	765	  1	
337	232	765	  1	
337	284	765	  1	
339	 55	765	  1	
339	 64	765	  1	
339	152	765	  1	
339	195	765	  1	
339	245	765	  1	
339	327	765	  1	
339	405	765	  1	
339	437	765	  1	
340	 20	765	  1	
341	 14	765	  1	
341	229	765	  1	
341	254	765	  1	
341	318	765	  1	
341	328	765	  1	
341	448	765	  1	
341	468	765	  1	
341	523	765	  1	
341	543	765	  1	
342	224	765	  1	
342	284	765	  1	
342	367	765	  1	
342	375	765	  1	
342	459	765	  1	
343	 48	765	  1	
343	211	765	  1	
343	480	765	  1	
344	 24	765	  1	
344	 30	765	  1	
344	 45	765	  1	
344	102	765	  1	
344	116	765	  1	
344	136	765	  1	
344	145	765	  1	
344	176	765	  1	
344	183	765	  1	
344	199	765	  1	
344	231	765	  1	
344	248	765	  1	
344	259	765	  1	
344	290	765	  1	
344	324	765	  1	
344	379	765	  1	
344	391	765	  1	
344	410	765	  1	
344	416	765	  1	
344	448	765	  1	
346	111	765	  1	
346	285	765	  1	
346	368	765	  1	
347	 32	765	  1	
347	 59	765	  1	
347	160	765	  1	
347	255	765	  1	
347	315	765	  1	
347	320	765	  1	
348	196	765	  1	
348	204	765	  1	
348	280	765	  1	
348	411	765	  1	
349	 40	765	  1	
349	112	765	  1	
349	225	765	  1	
349	231	765	  1	
349	264	765	  1	
350	192	765	  1	
350	260	765	  1	
350	290	765	  1	
350	536	765	  1	
350	543	765	  1	
350	588	765	  1	
351	252	765	  1	
351	324	765	  1	
351	374	765	  1	
351	464	765	  1	
351	471	765	  1	
352	 21	765	  1	
352	 30	765	  1	
352	 34	765	  1	
352	 56	765	  1	
352	 81	765	  1	
352	147	765	  1	
352	178	765	  1	
352	306	765	  1	
352	334	765	  1	
352	346	765	  1	
352	423	765	  1	
352	428	765	  1	
354	463	765	  1	
355	112	765	  1	
355	119	765	  1	
355	192	765	  1	
355	319	765	  1	
355	403	765	  1	
356	298	765	  1	
356	416	765	  1	
357	 16	765	  1	
357	 39	765	  1	
357	277	765	  1	
357	287	765	  1	
357	296	765	  1	
357	315	765	  1	
357	376	765	  1	
358	420	765	  1	
359	104	765	  1	
359	144	765	  1	
359	151	765	  1	
360	 40	765	  1	
360	 55	765	  1	
360	 91	765	  1	
360	128	765	  1	
360	135	765	  1	
360	176	765	  1	
360	183	765	  1	
360	208	765	  1	
360	227	765	  1	
360	232	765	  1	
360	269	765	  1	
360	279	765	  1	
360	328	765	  1	
360	335	765	  1	
360	472	765	  1	
360	544	765	  1	
361	  0	765	  1	
361	311	765	  1	
361	432	765	  1	
363	 23	765	  1	
363	 79	765	  1	
363	126	765	  1	
363	240	765	  1	
363	400	765	  1	
365	232	765	  1	
365	307	765	  1	
366	264	765	  1	
366	392	765	  1	
367	 16	765	  1	
367	 31	765	  1	
367	128	765	  1	
367	179	765	  1	
367	331	765	  1	
367	376	765	  1	
367	451	765	  1	
368	  0	765	  1	
368	 28	765	  1	
368	 35	765	  1	
368	 69	765	  1	
368	 78	765	  1	
368	111	765	  1	
368	181	765	  1	
368	189	765	  1	
368	207	765	  1	
368	212	765	  1	
368	229	765	  1	
368	388	765	  1	
368	405	765	  1	
368	412	765	  1	
368	598	765	  1	
370	136	765	  1	
370	320	765	  1	
370	352	765	  1	
370	410	765	  1	
371	  7	765	  1	
371	 56	765	  1	
371	200	765	  1	
371	285	765	  1	
371	543	765	  1	
372	132	765	  1	
373	 24	765	  1	
373	177	765	  1	
374	  0	765	  1	
374	259	765	  1	
374	382	765	  1	
375	162	765	  1	
375	207	765	  1	
375	212	765	  1	
375	405	765	  1	
375	422	765	  1	
376	 18	765	  1	
376	 39	765	  1	
376	 64	765	  1	
376	 72	765	  1	
376	102	765	  1	
376	217	765	  1	
376	230	765	  1	
376	389	765	  1	
376	454	765	  1	
376	583	765	  1	
379	 79	765	  1	
379	112	765	  1	
379	174	765	  1	
380	278	765	  1	
381	111	765	  1	
381	176	765	  1	
381	184	765	  1	
381	189	765	  1	
381	195	765	  1	
381	422	765	  1	
381	462	765	  1	
382	200	765	  1	
382	272	765	  1	
383	 32	765	  1	
383	416	765	  1	
384	  0	765	  1	
384	 26	765	  1	
384	 48	765	  1	
384	 54	765	  1	
384	 63	765	  1	
384	 85	765	  1	
384	120	765	  1	
384	217	765	  1	
384	255	765	  1	
384	312	765	  1	
384	384	765	  1	
384	397	765	  1	
384	448	765	  1	
384	533	765	  1	
386	110	765	  1	
386	128	765	  1	
387	332	765	  1	
387	430	765	  1	
387	455	765	  1	
388	192	765	  1	
388	416	765	  1	
389	  7	765	  1	
389	126	765	  1	
389	362	765	  1	
390	208	765	  1	
390	420	765	  1	
390	424	765	  1	
391	 24	765	  1	
391	135	765	  1	
391	218	765	  1	
391	448	765	  1	
391	519	765	  1	
392	 10	765	  1	
392	 59	765	  1	
392	 96	765	  1	
392	104	765	  1	
392	120	765	  1	
392	168	765	  1	
392	176	765	  1	
392	216	765	  1	
392	248	765	  1	
392	251	765	  1	
392	296	765	  1	
392	373	765	  1	
392	400	765	  1	
392	443	765	  1	
392	455	765	  1	
392	462	765	  1	
392	469	765	  1	
394	183	765	  1	
395	 63	765	  1	
395	 77	765	  1	
395	203	765	  1	
395	223	765	  1	
395	296	765	  1	
395	416	765	  1	
395	448	765	  1	
395	503	765	  1	
396	 55	765	  1	
396	 72	765	  1	
396	195	765	  1	
396	327	765	  1	
397	 64	765	  1	
397	107	765	  1	
397	447	765	  1	
398	120	765	  1	
398	175	765	  1	
399	 29	765	  1	
399	192	765	  1	
399	216	765	  1	
399	455	765	  1	
399	466	765	  1	
399	527	765	  1	
400	 67	765	  1	
400	168	765	  1	
400	183	765	  1	
400	208	765	  1	
400	223	765	  1	
400	242	765	  1	
400	304	765	  1	
400	347	765	  1	
400	367	765	  1	
400	390	765	  1	
400	504	765	  1	
403	  7	765	  1	
403	226	765	  1	
403	311	765	  1	
403	342	765	  1	
403	355	765	  1	
403	383	765	  1	
404	 24	765	  1	
404	 56	765	  1	
404	303	765	  1	
405	 40	765	  1	
405	 47	765	  1	
405	199	765	  1	
406	  0	765	  1	
406	 62	765	  1	
406	 72	765	  1	
406	 79	765	  1	
406	424	765	  1	
407	184	765	  1	
407	208	765	  1	
407	304	765	  1	
407	344	765	  1	
407	351	765	  1	
407	396	765	  1	
408	 31	765	  1	
408	 38	765	  1	
408	 83	765	  1	
408	114	765	  1	
408	125	765	  1	
408	140	765	  1	
408	352	765	  1	
408	384	765	  1	
408	439	765	  1	
408	454	765	  1	
412	192	765	  1	
413	  2	765	  1	
413	112	765	  1	
413	459	765	  1	
415	 27	765	  1	
415	354	765	  1	
415	435	765	  1	
416	 51	765	  1	
416	 88	765	  1	
416	 98	765	  1	
416	159	765	  1	
416	163	765	  1	
416	191	765	  1	
416	272	765	  1	
416	312	765	  1	
416	317	765	  1	
416	335	765	  1	
416	345	765	  1	
416	384	765	  1	
416	394	765	  1	
416	419	765	  1	
416	440	765	  1	
416	451	765	  1	
417	 27	765	  1	
418	 95	765	  1	
418	223	765	  1	
418	353	765	  1	
418	367	765	  1	
419	 64	765	  1	
419	152	765	  1	
419	208	765	  1	
419	287	765	  1	
419	304	765	  1	
419	311	765	  1	
419	352	765	  1	
419	422	765	  1	
419	431	765	  1	
420	388	765	  1	
421	104	765	  1	
421	215	765	  1	
421	356	765	  1	
421	426	765	  1	
422	 55	765	  1	
422	276	765	  1	
422	346	765	  1	
423	 39	765	  1	
423	 90	765	  1	
423	159	765	  1	
423	167	765	  1	
423	376	765	  1	
424	 16	765	  1	
424	 22	765	  1	
424	 32	765	  1	
424	 88	765	  1	
424	125	765	  1	
424	135	765	  1	
424	139	765	  1	
424	311	765	  1	
424	398	765	  1	
425	 64	765	  1	
425	192	765	  1	
426	 71	765	  1	
426	136	765	  1	
426	319	765	  1	
426	331	765	  1	
427	 95	765	  1	
427	119	765	  1	
427	131	765	  1	
427	160	765	  1	
427	358	765	  1	
427	431	765	  1	
428	143	765	  1	
428	173	765	  1	
429	  8	765	  1	
429	 19	765	  1	
429	192	765	  1	
429	398	765	  1	
430	 72	765	  1	
430	 76	765	  1	
430	107	765	  1	
430	223	765	  1	
431	 88	765	  1	
431	125	765	  1	
431	136	765	  1	
431	317	765	  1	
431	328	765	  1	
431	376	765	  1	
431	383	765	  1	
432	 27	765	  1	
432	 40	765	  1	
432	 49	765	  1	
432	 54	765	  1	
432	 69	765	  1	
432	147	765	  1	
432	153	765	  1	
432	164	765	  1	
432	177	765	  1	
432	184	765	  1	
432	192	765	  1	
432	198	765	  1	
432	237	765	  1	
432	264	765	  1	
432	323	765	  1	
432	350	765	  1	
432	364	765	  1	
432	408	765	  1	
432	472	765	  1	
433	210	765	  1	
433	215	765	  1	
434	136	765	  1	
435	  4	765	  1	
435	106	765	  1	
435	111	765	  1	
435	256	765	  1	
437	 12	765	  1	
437	 49	765	  1	
437	 54	765	  1	
437	 64	765	  1	
437	142	765	  1	
437	164	765	  1	
437	195	765	  1	
437	246	765	  1	
437	367	765	  1	
437	408	765	  1	
439	 40	765	  1	
439	 88	765	  1	
439	120	765	  1	
439	144	765	  1	
439	152	765	  1	
439	271	765	  1	
439	320	765	  1	
439	327	765	  1	
440	 31	765	  1	
440	 42	765	  1	
440	 51	765	  1	
440	 56	765	  1	
440	 78	765	  1	
440	 96	765	  1	
440	103	765	  1	
440	136	765	  1	
440	200	765	  1	
440	207	765	  1	
440	243	765	  1	
441	128	765	  1	
441	255	765	  1	
442	 72	765	  1	
442	461	765	  1	
443	 83	765	  1	
443	280	765	  1	
444	 23	765	  1	
445	142	765	  1	
445	203	765	  1	
446	 72	765	  1	
447	270	765	  1	
447	286	765	  1	
448	 32	765	  1	
448	 37	765	  1	
448	 57	765	  1	
448	 63	765	  1	
448	 80	765	  1	
448	111	765	  1	
448	120	765	  1	
448	129	765	  1	
448	134	765	  1	
448	148	765	  1	
448	184	765	  1	
448	214	765	  1	
448	226	765	  1	
448	260	765	  1	
448	344	765	  1	
448	376	765	  1	
450	 31	765	  1	
450	 85	765	  1	
450	146	765	  1	
450	328	765	  1	
451	192	765	  1	
451	359	765	  1	
453	 78	765	  1	
453	157	765	  1	
454	 28	765	  1	
454	104	765	  1	
454	131	765	  1	
454	135	765	  1	
454	167	765	  1	
455	 20	765	  1	
455	 32	765	  1	
455	 40	765	  1	
455	 63	765	  1	
455	215	765	  1	
455	270	765	  1	
455	452	765	  1	
456	 53	765	  1	
456	 85	765	  1	
456	112	765	  1	
456	117	765	  1	
456	157	765	  1	
456	163	765	  1	
456	195	765	  1	
456	256	765	  1	
457	158	765	  1	
457	354	765	  1	
458	152	765	  1	
459	144	765	  1	
459	168	765	  1	
461	 59	765	  1	
461	127	765	  1	
461	190	765	  1	
461	336	765	  1	
462	112	765	  1	
462	199	765	  1	
463	163	765	  1	
463	218	765	  1	
463	368	765	  1	
463	375	765	  1	
464	 10	765	  1	
464	 67	765	  1	
464	 72	765	  1	
464	 88	765	  1	
464	109	765	  1	
464	207	765	  1	
464	227	765	  1	
464	232	765	  1	
464	256	765	  1	
464	270	765	  1	
464	303	765	  1	
464	383	765	  1	
464	390	765	  1	
465	 77	765	  1	
465	167	765	  1	
466	163	765	  1	
467	  2	765	  1	
467	144	765	  1	
467	200	765	  1	
467	296	765	  1	
467	343	765	  1	
468	 38	765	  1	
468	124	765	  1	
468	270	765	  1	
469	 59	765	  1	
469	171	765	  1	
469	195	765	  1	
470	 32	765	  1	
470	111	765	  1	
470	114	765	  1	
471	103	765	  1	
471	127	765	  1	
471	153	765	  1	
471	207	765	  1	
471	224	765	  1	
471	231	765	  1	
471	251	765	  1	
471	303	765	  1	
471	336	765	  1	
472	 29	765	  1	
472	 60	765	  1	
472	 82	765	  1	
472	132	765	  1	
472	165	765	  1	
472	176	765	  1	
472	189	765	  1	
472	200	765	  1	
472	204	765	  1	
472	234	765	  1	
472	280	765	  1	
472	287	765	  1	
472	344	765	  1	
472	346	765	  1	
472	359	765	  1	
472	472	765	  1	
473	 77	765	  1	
475	  5	765	  1	
475	 67	765	  1	
475	112	765	  1	
475	144	765	  1	
475	212	765	  1	
476	 61	765	  1	
477	 24	765	  1	
477	182	765	  1	
477	232	765	  1	
477	239	765	  1	
477	336	765	  1	
477	385	765	  1	
478	162	765	  1	
479	208	765	  1	
479	592	765	  1	
480	  0	765	  1	
480	 16	765	  1	
480	 55	765	  1	
480	102	765	  1	
480	112	765	  1	
480	120	765	  1	
480	144	765	  1	
480	244	765	  1	
480	253	765	  1	
480	258	765	  1	
480	294	765	  1	
480	315	765	  1	
480	383	765	  1	
480	471	765	  1	
482	 22	765	  1	
482	 98	765	  1	
482	374	765	  1	
483	 35	765	  1	
483	 48	765	  1	
483	 80	765	  1	
483	174	765	  1	
483	344	765	  1	
483	351	765	  1	
484	 70	765	  1	
484	 91	765	  1	
485	 14	765	  1	
485	 64	765	  1	
485	103	765	  1	
485	154	765	  1	
485	159	765	  1	
485	208	765	  1	
485	247	765	  1	
485	296	765	  1	
485	312	765	  1	
485	346	765	  1	
485	368	765	  1	
487	 55	765	  1	
487	258	765	  1	
487	288	765	  1	
487	383	765	  1	
488	  8	765	  1	
488	111	765	  1	
488	127	765	  1	
488	130	765	  1	
488	136	765	  1	
488	177	765	  1	
488	182	765	  1	
488	192	765	  1	
488	231	765	  1	
488	240	765	  1	
488	256	765	  1	
488	263	765	  1	
488	306	765	  1	
488	416	765	  1	
488	486	765	  1	
489	 41	765	  1	
489	119	765	  1	
489	147	765	  1	
490	142	765	  1	
491	224	765	  1	
493	 96	765	  1	
493	166	765	  1	
494	 47	765	  1	
494	 63	765	  1	
494	136	765	  1	
494	183	765	  1	
495	  8	765	  1	
495	 67	765	  1	
495	112	765	  1	
495	177	765	  1	
495	192	765	  1	
495	231	765	  1	
495	243	765	  1	
495	379	765	  1	
496	 48	765	  1	
496	 55	765	  1	
496	 88	765	  1	
496	134	765	  1	
496	202	765	  1	
496	208	765	  1	
496	226	765	  1	
496	289	765	  1	
496	430	765	  1	
497	287	765	  1	
498	 93	765	  1	
498	123	765	  1	
498	184	765	  1	
498	200	765	  1	
498	207	765	  1	
499	 80	765	  1	
499	376	765	  1	
500	147	765	  1	
501	  2	765	  1	
501	224	765	  1	
501	280	765	  1	
502	189	765	  1	
502	271	765	  1	
503	458	765	  1	
504	  0	765	  1	
504	 74	765	  1	
504	 80	765	  1	
504	123	765	  1	
504	152	765	  1	
504	200	765	  1	
504	248	765	  1	
504	272	765	  1	
504	296	765	  1	
504	309	765	  1	
505	151	765	  1	
506	148	765	  1	
506	254	765	  1	
506	352	765	  1	
507	  7	765	  1	
507	159	765	  1	
508	111	765	  1	
509	 39	765	  1	
510	151	765	  1	
510	248	765	  1	
511	272	765	  1	
512	 46	765	  1	
512	104	765	  1	
512	110	765	  1	
512	136	765	  1	
512	140	765	  1	
512	176	765	  1	
512	211	765	  1	
512	219	765	  1	
512	256	765	  1	
512	291	765	  1	
512	356	765	  1	
514	261	765	  1	
514	269	765	  1	
515	 69	765	  1	
516	  7	765	  1	
516	120	765	  1	
517	247	765	  1	
517	311	765	  1	
518	151	765	  1	
518	256	765	  1	
519	  1	765	  1	
519	 87	765	  1	
519	143	765	  1	
519	399	765	  1	
520	 40	765	  1	
520	 51	765	  1	
520	 93	765	  1	
520	101	765	  1	
520	124	765	  1	
520	153	765	  1	
520	185	765	  1	
520	195	765	  1	
520	224	765	  1	
520	248	765	  1	
520	339	765	  1	
520	358	765	  1	
520	367	765	  1	
521	399	765	  1	
522	 72	765	  1	
522	 78	765	  1	
522	146	765	  1	
522	159	765	  1	
522	190	765	  1	
522	214	765	  1	
522	536	765	  1	
523	 47	765	  1	
523	136	765	  1	
523	264	765	  1	
523	322	765	  1	
524	 83	765	  1	
525	120	765	  1	
525	235	765	  1	
525	504	765	  1	
526	 84	765	  1	
527	 40	765	  1	
527	 48	765	  1	
527	 55	765	  1	
527	 63	765	  1	
527	 73	765	  1	
527	220	765	  1	
527	240	765	  1	
527	391	765	  1	
527	395	765	  1	
528	 96	765	  1	
528	106	765	  1	
528	168	765	  1	
528	249	765	  1	
528	261	765	  1	
528	296	765	  1	
528	304	765	  1	
528	311	765	  1	
529	 74	765	  1	
530	  8	765	  1	
530	268	765	  1	
531	208	765	  1	
532	191	765	  1	
533	104	765	  1	
534	 72	765	  1	
534	199	765	  1	
534	240	765	  1	
534	252	765	  1	
534	278	765	  1	
535	 76	765	  1	
535	307	765	  1	
535	387	765	  1	
536	 23	765	  1	
536	128	765	  1	
536	171	765	  1	
536	190	765	  1	
536	293	765	  1	
536	357	765	  1	
536	379	765	  1	
538	352	765	  1	
540	357	765	  1	
541	224	765	  1	
542	 11	765	  1	
542	120	765	  1	
542	263	765	  1	
542	375	765	  1	
543	240	765	  1	
543	352	765	  1	
543	407	765	  1	
544	  8	765	  1	
544	 96	765	  1	
544	112	765	  1	
544	138	765	  1	
544	144	765	  1	
544	154	765	  1	
544	162	765	  1	
544	216	765	  1	
544	221	765	  1	
544	235	765	  1	
544	243	765	  1	
544	266	765	  1	
544	303	765	  1	
544	317	765	  1	
544	332	765	  1	
544	341	765	  1	
545	312	765	  1	
546	118	765	  1	
547	 95	765	  1	
547	186	765	  1	
547	191	765	  1	
547	203	765	  1	
547	359	765	  1	
549	152	765	  1	
549	159	765	  1	
549	211	765	  1	
549	327	765	  1	
550	112	765	  1	
550	333	765	  1	
551	  8	765	  1	
551	221	765	  1	
551	312	765	  1	
551	352	765	  1	
552	 63	765	  1	
552	296	765	  1	
552	305	765	  1	
552	343	765	  1	
553	184	765	  1	
553	360	765	  1	
554	 84	765	  1	
554	104	765	  1	
554	235	765	  1	
554	326	765	  1	
554	532	765	  1	
555	 58	765	  1	
555	224	765	  1	
555	287	765	  1	
555	303	765	  1	
555	336	765	  1	
557	240	765	  1	
557	315	765	  1	
558	110	765	  1	
558	232	765	  1	
558	324	765	  1	
559	136	765	  1	
559	296	765	  1	
559	343	765	  1	
560	  0	765	  1	
560	216	765	  1	
560	272	765	  1	
560	280	765	  1	
560	290	765	  1	
560	314	765	  1	
560	339	765	  1	
560	352	765	  1	
560	376	765	  1	
563	336	765	  1	
563	343	765	  1	
563	359	765	  1	
563	408	765	  1	
565	 70	765	  1	
565	271	765	  1	
565	287	765	  1	
566	220	765	  1	
567	  0	765	  1	
567	194	765	  1	
567	224	765	  1	
567	231	765	  1	
567	235	765	  1	
567	339	765	  1	
567	352	765	  1	
568	  7	765	  1	
568	 90	765	  1	
568	 95	765	  1	
568	101	765	  1	
568	170	765	  1	
568	216	765	  1	
568	316	765	  1	
570	240	765	  1	
570	263	765	  1	
571	 72	765	  1	
573	128	765	  1	
573	244	765	  1	
574	 78	765	  1	
574	256	765	  1	
575	221	765	  1	
576	230	765	  1	
576	235	765	  1	
576	255	765	  1	
576	365	765	  1	
576	466	765	  1	
578	168	765	  1	
578	248	765	  1	
578	512	765	  1	
579	272	765	  1	
579	525	765	  1	
580	360	765	  1	
580	524	765	  1	
581	184	765	  1	
582	283	765	  1	
583	 40	765	  1	
583	 47	765	  1	
584	 96	765	  1	
584	101	765	  1	
584	190	765	  1	
584	248	765	  1	
584	371	765	  1	
586	 93	765	  1	
587	  8	765	  1	
587	168	765	  1	
589	239	765	  1	
591	 68	765	  1	
591	160	765	  1	
591	263	765	  1	
591	295	765	  1	
591	368	765	  1	
591	375	765	  1	
592	 16	765	  1	
592	 35	765	  1	
592	 72	765	  1	
592	 88	765	  1	
592	224	765	  1	
592	240	765	  1	
592	248	765	  1	
592	276	765	  1	
592	296	765	  1	
592	312	765	  1	
592	328	765	  1	
592	336	765	  1	
592	344	765	  1	
592	352	765	  1	
592	359	765	  1	
592	384	765	  1	
593	287	765	  1	
594	256	765	  1	
595	 56	765	  1	
595	216	765	  1	
595	247	765	  1	
595	351	765	  1	
595	458	765	  1	
596	 78	765	  1	
596	 96	765	  1	
596	252	765	  1	
597	304	765	  1	
597	388	765	  1	
598	 63	765	  1	
598	228	765	  1	
598	355	765	  1	
599	283	765	  1	
599	344	765	  1	
600	  3	765	  1	
600	 39	765	  1	
600	245	765	  1	
600	267	765	  1	
600	287	765	  1	
600	320	765	  1	
600	369	765	  1	
602	 64	765	  1	
603	280	765	  1	
605	258	765	  1	
605	263	765	  1	
605	370	765	  1	
606	253	765	  1	
606	288	765	  1	
606	336	765	  1	
607	134	765	  1	
607	271	765	  1	
607	279	765	  1	
607	488	765	  1	
607	591	765	  1	
608	 52	765	  1	
608	 67	765	  1	
608	240	765	  1	
608	405	765	  1	
610	 71	765	  1	
611	334	765	  1	
613	112	765	  1	
613	226	765	  1	
613	231	765	  1	
613	256	765	  1	
613	283	765	  1	
614	248	765	  1	
614	328	765	  1	
615	415	765	  1	
616	 51	765	  1	
616	 80	765	  1	
616	 87	765	  1	
616	231	765	  1	
616	363	765	  1	
616	376	765	  1	
619	224	765	  1	
619	327	765	  1	
619	383	765	  1	
620	527	765	  1	
621	 56	765	  1	
621	119	765	  1	
621	152	765	  1	
621	497	765	  1	
622	333	765	  1	
623	 83	765	  1	
623	231	765	  1	
623	360	765	  1	
623	367	765	  1	
623	376	765	  1	
624	 50	765	  1	
624	248	765	  1	
624	368	765	  1	
625	245	765	  1	
628	240	765	  1	
629	315	765	  1	
629	440	765	  1	
632	 88	765	  1	
632	104	765	  1	
632	107	765	  1	
632	111	765	  1	
632	136	765	  1	
633	108	765	  1	
635	294	765	  1	
636	368	765	  1	
637	249	765	  1	
638	 88	765	  1	
638	463	765	  1	
639	 63	765	  1	
639	111	765	  1	
639	203	765	  1	
640	 48	765	  1	
640	170	765	  1	
640	231	765	  1	
640	274	765	  1	
643	312	765	  1	
643	535	765	  1	
644	224	765	  1	
647	 11	765	  1	
647	 20	765	  1	
647	 48	765	  1	
647	295	765	  1	
647	368	765	  1	
647	431	765	  1	
648	223	765	  1	
656	 67	765	  1	
656	103	765	  1	
659	 79	765	  1	
663	237	765	  1	
664	 47	765	  1	
664	320	765	  1	
672	170	765	  1	
672	351	765	  1	
677	431	765	  1	
680	248	765	  1	
696	427	765	  1	
696	520	765	  1	
704	483	765	  1	
709	231	765	  1	
715	208	765	  1	
724	 93	765	  1	
734	 59	765	  1	
744	583	765	  1	
