# 
#  Image file: Goad1_T0036.jpg
#  Applied threshold: 575
#  Algorithm used: fill2                 
#  Particle count: 1892
#  Location (x,y), max luminance, and mass:
# 
  7	200	765	  1	
  7	248	765	  1	
  7	274	765	  1	
  8	525	765	  1	
 10	256	765	  1	
 11	223	765	  1	
 48	347	765	  1	
 55	  7	765	  1	
 56	154	765	  1	
 64	312	765	  1	
 64	354	765	  1	
 66	335	765	  1	
 71	266	765	  1	
 71	354	765	  1	
 72	304	765	  1	
 74	110	765	  1	
 78	336	765	  1	
 79	248	765	  1	
 80	353	765	  1	
 87	144	765	  1	
 87	323	765	  1	
 88	556	765	  1	
 88	584	765	  1	
 90	188	765	  1	
 90	351	765	  1	
 91	247	765	  1	
 95	328	765	  1	
 95	357	765	  1	
 96	575	765	  1	
 97	576	765	  1	
 98	351	765	  1	
102	134	765	  1	
103	 79	765	  1	
103	303	765	  1	
104	455	765	  1	
107	125	765	  1	
111	198	765	  1	
111	431	765	  1	
112	 56	765	  1	
112	 98	765	  1	
112	143	765	  1	
112	167	765	  1	
112	256	765	  1	
112	271	765	  1	
112	412	765	  1	
113	335	765	  1	
114	120	765	  1	
114	131	765	  1	
116	455	765	  1	
118	 85	765	  1	
118	258	765	  1	
118	282	765	  1	
118	335	765	  1	
119	112	765	  1	
119	135	765	  1	
119	235	765	  1	
120	 78	765	  1	
120	186	765	  1	
120	231	765	  1	
120	256	765	  1	
120	288	765	  1	
120	320	765	  1	
122	 29	765	  1	
123	160	765	  1	
123	212	765	  1	
123	263	765	  1	
124	304	765	  1	
126	 95	765	  1	
127	179	765	  1	
127	260	765	  1	
128	 67	765	  1	
128	136	765	  1	
128	143	765	  1	
128	200	765	  1	
132	178	765	  1	
133	377	765	  1	
134	343	765	  1	
135	 71	765	  1	
136	 80	765	  1	
136	175	765	  1	
136	202	765	  1	
136	258	765	  1	
136	448	765	  1	
138	118	765	  1	
139	144	765	  1	
139	168	765	  1	
139	183	765	  1	
140	 20	765	  1	
140	133	765	  1	
142	 84	765	  1	
142	 88	765	  1	
142	102	765	  1	
142	112	765	  1	
143	  5	765	  1	
143	175	765	  1	
144	142	765	  1	
144	158	765	  1	
144	179	765	  1	
144	313	765	  1	
144	355	765	  1	
144	389	765	  1	
145	154	765	  1	
148	288	765	  1	
150	 87	765	  1	
150	140	765	  1	
151	 63	765	  1	
151	267	765	  1	
151	352	765	  1	
151	359	765	  1	
151	464	765	  1	
152	 69	765	  1	
152	 88	765	  1	
152	103	765	  1	
152	146	765	  1	
152	218	765	  1	
152	376	765	  1	
152	502	765	  1	
154	216	765	  1	
155	392	765	  1	
157	160	765	  1	
158	 71	765	  1	
158	179	765	  1	
159	 88	765	  1	
159	131	765	  1	
159	320	765	  1	
159	575	765	  1	
160	 72	765	  1	
160	 82	765	  1	
160	117	765	  1	
160	125	765	  1	
160	155	765	  1	
160	174	765	  1	
160	319	765	  1	
160	356	765	  1	
160	416	765	  1	
160	425	765	  1	
162	191	765	  1	
162	240	765	  1	
164	133	765	  1	
164	456	765	  1	
165	 71	765	  1	
165	 87	765	  1	
165	112	765	  1	
165	120	765	  1	
165	136	765	  1	
165	152	765	  1	
165	181	765	  1	
166	 91	765	  1	
166	128	765	  1	
166	271	765	  1	
167	250	765	  1	
167	355	765	  1	
168	159	765	  1	
168	167	765	  1	
168	209	765	  1	
168	423	765	  1	
168	426	765	  1	
168	504	765	  1	
170	 48	765	  1	
171	144	765	  1	
173	 72	765	  1	
173	 79	765	  1	
173	 87	765	  1	
173	240	765	  1	
173	435	765	  1	
173	599	765	  1	
175	 24	765	  1	
175	163	765	  1	
175	224	765	  1	
175	508	765	  1	
176	 95	765	  1	
176	 98	765	  1	
176	136	765	  1	
176	232	765	  1	
176	239	765	  1	
176	282	765	  1	
176	320	765	  1	
176	375	765	  1	
177	143	765	  1	
178	240	765	  1	
179	 16	765	  1	
180	263	765	  1	
180	287	765	  1	
181	103	765	  1	
181	120	765	  1	
181	138	765	  1	
182	207	765	  1	
183	  5	765	  1	
183	 39	765	  1	
183	235	765	  1	
183	303	765	  1	
183	416	765	  1	
183	423	765	  1	
183	431	765	  1	
184	128	765	  1	
184	132	765	  1	
184	160	765	  1	
184	239	765	  1	
184	247	765	  1	
184	306	765	  1	
184	384	765	  1	
184	568	765	  1	
185	383	765	  1	
186	311	765	  1	
187	240	765	  1	
188	296	765	  1	
188	367	765	  1	
189	128	765	  1	
189	272	765	  1	
189	339	765	  1	
189	400	765	  1	
191	 11	765	  1	
191	141	765	  1	
191	239	765	  1	
191	247	765	  1	
191	294	765	  1	
191	371	765	  1	
191	408	765	  1	
191	471	765	  1	
192	 15	765	  1	
192	102	765	  1	
192	112	765	  1	
192	149	765	  1	
192	166	765	  1	
192	227	765	  1	
192	241	765	  1	
192	304	765	  1	
192	344	765	  1	
192	348	765	  1	
192	390	765	  1	
192	576	765	  1	
194	140	765	  1	
194	247	765	  1	
194	384	765	  1	
194	408	765	  1	
194	439	765	  1	
195	  8	765	  1	
195	264	765	  1	
195	393	765	  1	
197	133	765	  1	
197	156	765	  1	
197	163	765	  1	
198	103	765	  1	
198	218	765	  1	
198	232	765	  1	
198	349	765	  1	
198	399	765	  1	
199	 15	765	  1	
199	242	765	  1	
199	288	765	  1	
199	344	765	  1	
199	376	765	  1	
200	 62	765	  1	
200	 65	765	  1	
200	143	765	  1	
200	174	765	  1	
200	269	765	  1	
200	402	765	  1	
200	423	765	  1	
200	487	765	  1	
202	168	765	  1	
202	239	765	  1	
202	264	765	  1	
202	280	765	  1	
202	477	765	  1	
203	  8	765	  1	
203	104	765	  1	
203	118	765	  1	
203	439	765	  1	
204	 91	765	  1	
204	441	765	  1	
206	 96	765	  1	
206	175	765	  1	
206	270	765	  1	
206	287	765	  1	
207	 15	765	  1	
207	 62	765	  1	
207	 77	765	  1	
207	237	765	  1	
207	402	765	  1	
207	487	765	  1	
208	120	765	  1	
208	147	765	  1	
208	161	765	  1	
208	224	765	  1	
208	416	765	  1	
208	421	765	  1	
208	447	765	  1	
208	488	765	  1	
210	  3	765	  1	
210	203	765	  1	
210	280	765	  1	
210	328	765	  1	
211	363	765	  1	
211	504	765	  1	
213	125	765	  1	
213	146	765	  1	
213	360	765	  1	
213	432	765	  1	
214	152	765	  1	
214	207	765	  1	
215	 32	765	  1	
215	120	765	  1	
215	166	765	  1	
215	284	765	  1	
215	440	765	  1	
215	509	765	  1	
215	519	765	  1	
216	 21	765	  1	
216	 64	765	  1	
216	104	765	  1	
216	108	765	  1	
216	183	765	  1	
216	199	765	  1	
216	245	765	  1	
216	271	765	  1	
216	308	765	  1	
216	344	765	  1	
217	236	765	  1	
219	119	765	  1	
219	142	765	  1	
219	168	765	  1	
219	440	765	  1	
220	158	765	  1	
222	 68	765	  1	
222	375	765	  1	
222	423	765	  1	
222	452	765	  1	
223	 40	765	  1	
223	179	765	  1	
223	199	765	  1	
223	344	765	  1	
223	576	765	  1	
224	 72	765	  1	
224	106	765	  1	
224	111	765	  1	
224	147	765	  1	
224	211	765	  1	
224	272	765	  1	
224	278	765	  1	
224	287	765	  1	
224	295	765	  1	
224	322	765	  1	
227	136	765	  1	
227	439	765	  1	
228	 11	765	  1	
228	 26	765	  1	
228	284	765	  1	
229	384	765	  1	
230	435	765	  1	
231	 80	765	  1	
231	 87	765	  1	
231	290	765	  1	
231	474	765	  1	
232	 96	765	  1	
232	187	765	  1	
232	307	765	  1	
232	359	765	  1	
232	400	765	  1	
232	418	765	  1	
232	480	765	  1	
232	487	765	  1	
232	503	765	  1	
233	173	765	  1	
235	352	765	  1	
235	496	765	  1	
236	 62	765	  1	
236	 88	765	  1	
237	 80	765	  1	
237	224	765	  1	
237	272	765	  1	
237	299	765	  1	
237	392	765	  1	
238	 15	765	  1	
238	136	765	  1	
238	159	765	  1	
238	175	765	  1	
238	504	765	  1	
239	 51	765	  1	
239	 96	765	  1	
239	280	765	  1	
239	287	765	  1	
239	302	765	  1	
239	311	765	  1	
239	359	765	  1	
239	423	765	  1	
240	  0	765	  1	
240	  4	765	  1	
240	109	765	  1	
240	144	765	  1	
240	150	765	  1	
240	160	765	  1	
240	181	765	  1	
240	190	765	  1	
240	200	765	  1	
240	229	765	  1	
240	256	765	  1	
240	263	765	  1	
240	347	765	  1	
240	365	765	  1	
240	381	765	  1	
240	463	765	  1	
240	480	765	  1	
240	552	765	  1	
241	116	765	  1	
241	143	765	  1	
242	216	765	  1	
243	 51	765	  1	
243	128	765	  1	
243	158	765	  1	
243	166	765	  1	
243	456	765	  1	
243	496	765	  1	
243	528	765	  1	
244	 10	765	  1	
245	  0	765	  1	
245	  5	765	  1	
245	 71	765	  1	
245	208	765	  1	
245	318	765	  1	
245	376	765	  1	
245	408	765	  1	
245	431	765	  1	
245	488	765	  1	
246	112	765	  1	
246	145	765	  1	
246	235	765	  1	
246	351	765	  1	
246	392	765	  1	
247	463	765	  1	
247	495	765	  1	
248	 19	765	  1	
248	 53	765	  1	
248	114	765	  1	
248	124	765	  1	
248	167	765	  1	
248	205	765	  1	
248	231	765	  1	
248	304	765	  1	
248	464	765	  1	
248	471	765	  1	
248	490	765	  1	
251	130	765	  1	
251	138	765	  1	
251	164	765	  1	
251	175	765	  1	
251	256	765	  1	
251	267	765	  1	
251	359	765	  1	
251	422	765	  1	
252	466	765	  1	
253	 60	765	  1	
253	110	765	  1	
253	287	765	  1	
254	 48	765	  1	
254	126	765	  1	
254	160	765	  1	
254	262	765	  1	
254	389	765	  1	
254	464	765	  1	
254	470	765	  1	
255	136	765	  1	
255	315	765	  1	
256	 18	765	  1	
256	 64	765	  1	
256	 93	765	  1	
256	144	765	  1	
256	150	765	  1	
256	189	765	  1	
256	283	765	  1	
256	346	765	  1	
256	375	765	  1	
256	382	765	  1	
256	435	765	  1	
256	496	765	  1	
256	540	765	  1	
257	103	765	  1	
257	113	765	  1	
257	392	765	  1	
258	174	765	  1	
258	399	765	  1	
258	432	765	  1	
258	438	765	  1	
258	488	765	  1	
259	 88	765	  1	
259	278	765	  1	
260	173	765	  1	
260	494	765	  1	
261	 24	765	  1	
261	143	765	  1	
261	147	765	  1	
261	184	765	  1	
261	296	765	  1	
261	463	765	  1	
262	 90	765	  1	
263	 19	765	  1	
263	 31	765	  1	
263	112	765	  1	
263	200	765	  1	
263	306	765	  1	
263	370	765	  1	
263	394	765	  1	
263	530	765	  1	
264	  8	765	  1	
264	 62	765	  1	
264	 75	765	  1	
264	168	765	  1	
264	181	765	  1	
264	224	765	  1	
264	234	765	  1	
264	239	765	  1	
264	316	765	  1	
264	383	765	  1	
264	429	765	  1	
264	448	765	  1	
264	469	765	  1	
264	502	765	  1	
265	 64	765	  1	
265	488	765	  1	
266	128	765	  1	
266	295	765	  1	
267	408	765	  1	
267	462	765	  1	
268	286	765	  1	
268	502	765	  1	
269	 55	765	  1	
269	136	765	  1	
269	280	765	  1	
269	424	765	  1	
269	498	765	  1	
270	414	765	  1	
271	 62	765	  1	
271	491	765	  1	
272	 72	765	  1	
272	 78	765	  1	
272	 99	765	  1	
272	152	765	  1	
272	245	765	  1	
272	262	765	  1	
272	271	765	  1	
272	315	765	  1	
272	329	765	  1	
272	359	765	  1	
272	384	765	  1	
272	402	765	  1	
272	432	765	  1	
272	439	765	  1	
272	448	765	  1	
272	472	765	  1	
272	485	765	  1	
274	158	765	  1	
274	200	765	  1	
274	207	765	  1	
274	453	765	  1	
275	 96	765	  1	
275	376	765	  1	
275	383	765	  1	
276	328	765	  1	
276	359	765	  1	
276	387	765	  1	
277	 71	765	  1	
277	 88	765	  1	
277	136	765	  1	
277	168	765	  1	
277	173	765	  1	
277	334	765	  1	
277	512	765	  1	
278	 34	765	  1	
278	152	765	  1	
278	240	765	  1	
278	344	765	  1	
278	400	765	  1	
278	486	765	  1	
279	312	765	  1	
279	319	765	  1	
279	360	765	  1	
279	435	765	  1	
279	454	765	  1	
279	462	765	  1	
280	  0	765	  1	
280	  6	765	  1	
280	 44	765	  1	
280	 80	765	  1	
280	120	765	  1	
280	126	765	  1	
280	131	765	  1	
280	144	765	  1	
280	179	765	  1	
280	189	765	  1	
280	208	765	  1	
280	282	765	  1	
280	286	765	  1	
280	323	765	  1	
280	384	765	  1	
280	416	765	  1	
281	487	765	  1	
282	171	765	  1	
282	349	765	  1	
282	434	765	  1	
283	 16	765	  1	
283	439	765	  1	
284	166	765	  1	
285	  3	765	  1	
285	 86	765	  1	
285	103	765	  1	
285	123	765	  1	
285	184	765	  1	
286	 51	765	  1	
286	429	765	  1	
287	 47	765	  1	
287	248	765	  1	
287	335	765	  1	
287	344	765	  1	
287	475	765	  1	
287	565	765	  1	
288	  7	765	  1	
288	 16	765	  1	
288	 35	765	  1	
288	 56	765	  1	
288	 63	765	  1	
288	104	765	  1	
288	113	765	  1	
288	120	765	  1	
288	126	765	  1	
288	156	765	  1	
288	216	765	  1	
288	223	765	  1	
288	256	765	  1	
288	291	765	  1	
288	320	765	  1	
288	336	765	  1	
288	355	765	  1	
288	445	765	  1	
288	470	765	  1	
288	499	765	  1	
288	504	765	  1	
288	519	765	  1	
289	501	765	  1	
290	168	765	  1	
290	491	765	  1	
290	512	765	  1	
291	119	765	  1	
291	214	765	  1	
291	404	765	  1	
291	496	765	  1	
292	 75	765	  1	
292	 95	765	  1	
292	519	765	  1	
293	 85	765	  1	
293	127	765	  1	
293	343	765	  1	
294	 40	765	  1	
294	158	765	  1	
294	174	765	  1	
294	408	765	  1	
294	468	765	  1	
295	 32	765	  1	
295	 59	765	  1	
295	320	765	  1	
295	445	765	  1	
295	512	765	  1	
295	528	765	  1	
296	 23	765	  1	
296	 95	765	  1	
296	160	765	  1	
296	184	765	  1	
296	232	765	  1	
296	251	765	  1	
296	288	765	  1	
296	299	765	  1	
296	307	765	  1	
296	312	765	  1	
296	352	765	  1	
296	365	765	  1	
296	458	765	  1	
296	488	765	  1	
297	374	765	  1	
298	294	765	  1	
298	318	765	  1	
298	423	765	  1	
299	191	765	  1	
299	576	765	  1	
300	110	765	  1	
300	224	765	  1	
301	144	765	  1	
301	463	765	  1	
302	104	765	  1	
302	164	765	  1	
302	288	765	  1	
302	415	765	  1	
303	184	765	  1	
303	317	765	  1	
303	320	765	  1	
303	423	765	  1	
303	489	765	  1	
303	493	765	  1	
304	 26	765	  1	
304	 64	765	  1	
304	109	765	  1	
304	174	765	  1	
304	197	765	  1	
304	301	765	  1	
304	332	765	  1	
304	366	765	  1	
304	370	765	  1	
304	459	765	  1	
305	503	765	  1	
306	160	765	  1	
306	360	765	  1	
306	528	765	  1	
307	 31	765	  1	
307	 53	765	  1	
307	184	765	  1	
307	296	765	  1	
307	384	765	  1	
307	406	765	  1	
308	292	765	  1	
309	 15	765	  1	
309	171	765	  1	
309	314	765	  1	
309	368	765	  1	
309	375	765	  1	
309	467	765	  1	
310	208	765	  1	
310	532	765	  1	
311	 72	765	  1	
311	167	765	  1	
311	335	765	  1	
311	344	765	  1	
311	463	765	  1	
312	 24	765	  1	
312	 96	765	  1	
312	112	765	  1	
312	175	765	  1	
312	238	765	  1	
312	248	765	  1	
312	279	765	  1	
312	304	765	  1	
312	317	765	  1	
312	354	765	  1	
312	376	765	  1	
312	384	765	  1	
312	475	765	  1	
313	 64	765	  1	
314	 47	765	  1	
314	 54	765	  1	
314	128	765	  1	
314	232	765	  1	
314	256	765	  1	
315	 31	765	  1	
315	163	765	  1	
315	310	765	  1	
317	198	765	  1	
317	283	765	  1	
317	503	765	  1	
318	134	765	  1	
319	 24	765	  1	
319	248	765	  1	
319	263	765	  1	
319	317	765	  1	
319	352	765	  1	
319	359	765	  1	
319	432	765	  1	
319	445	765	  1	
320	 22	765	  1	
320	 96	765	  1	
320	109	765	  1	
320	136	765	  1	
320	239	765	  1	
320	269	765	  1	
320	326	765	  1	
320	330	765	  1	
320	334	765	  1	
320	339	765	  1	
320	348	765	  1	
320	366	765	  1	
320	371	765	  1	
320	389	765	  1	
320	397	765	  1	
320	439	765	  1	
320	444	765	  1	
320	456	765	  1	
320	586	765	  1	
322	104	765	  1	
322	392	765	  1	
323	 31	765	  1	
323	256	765	  1	
323	264	765	  1	
323	344	765	  1	
323	352	765	  1	
323	463	765	  1	
324	262	765	  1	
324	296	765	  1	
324	377	765	  1	
325	168	765	  1	
325	384	765	  1	
325	522	765	  1	
326	 53	765	  1	
326	110	765	  1	
326	335	765	  1	
326	376	765	  1	
326	398	765	  1	
327	  0	765	  1	
327	118	765	  1	
327	275	765	  1	
327	343	765	  1	
327	351	765	  1	
327	359	765	  1	
327	456	765	  1	
327	483	765	  1	
328	 88	765	  1	
328	106	765	  1	
328	133	765	  1	
328	194	765	  1	
328	253	765	  1	
328	271	765	  1	
328	353	765	  1	
328	360	765	  1	
328	380	765	  1	
328	416	765	  1	
328	464	765	  1	
328	480	765	  1	
328	496	765	  1	
329	  8	765	  1	
329	519	765	  1	
330	184	765	  1	
330	191	765	  1	
330	223	765	  1	
330	395	765	  1	
331	 48	765	  1	
331	 70	765	  1	
331	128	765	  1	
331	479	765	  1	
332	127	765	  1	
333	  0	765	  1	
333	 94	765	  1	
333	296	765	  1	
333	366	765	  1	
333	389	765	  1	
334	 61	765	  1	
334	120	765	  1	
334	155	765	  1	
334	167	765	  1	
334	219	765	  1	
334	392	765	  1	
334	592	765	  1	
335	 15	765	  1	
335	 48	765	  1	
335	 55	765	  1	
335	148	765	  1	
335	199	765	  1	
335	271	765	  1	
335	384	765	  1	
335	432	765	  1	
335	464	765	  1	
336	  2	765	  1	
336	 40	765	  1	
336	 80	765	  1	
336	200	765	  1	
336	234	765	  1	
336	278	765	  1	
336	293	765	  1	
336	313	765	  1	
336	319	765	  1	
336	383	765	  1	
336	406	765	  1	
336	487	765	  1	
337	  8	765	  1	
337	135	765	  1	
338	 88	765	  1	
338	119	765	  1	
338	376	765	  1	
338	456	765	  1	
338	576	765	  1	
339	  0	765	  1	
339	 14	765	  1	
339	318	765	  1	
340	 50	765	  1	
340	329	765	  1	
340	383	765	  1	
341	 66	765	  1	
341	400	765	  1	
341	416	765	  1	
341	528	765	  1	
342	 94	765	  1	
342	251	765	  1	
342	268	765	  1	
342	276	765	  1	
342	283	765	  1	
343	  4	765	  1	
343	 12	765	  1	
343	111	765	  1	
343	114	765	  1	
343	335	765	  1	
343	477	765	  1	
344	 35	765	  1	
344	 39	765	  1	
344	 43	765	  1	
344	 71	765	  1	
344	 96	765	  1	
344	102	765	  1	
344	120	765	  1	
344	126	765	  1	
344	139	765	  1	
344	144	765	  1	
344	170	765	  1	
344	221	765	  1	
344	279	765	  1	
344	344	765	  1	
344	436	765	  1	
344	440	765	  1	
344	444	765	  1	
344	448	765	  1	
344	463	765	  1	
345	135	765	  1	
346	 32	765	  1	
346	 56	765	  1	
346	110	765	  1	
347	272	765	  1	
347	432	765	  1	
347	501	765	  1	
348	446	765	  1	
349	 99	765	  1	
349	150	765	  1	
349	360	765	  1	
349	406	765	  1	
349	418	765	  1	
350	  0	765	  1	
350	 44	765	  1	
350	104	765	  1	
350	120	765	  1	
350	216	765	  1	
351	 36	765	  1	
351	 39	765	  1	
351	132	765	  1	
351	279	765	  1	
351	344	765	  1	
351	463	765	  1	
351	551	765	  1	
352	 24	765	  1	
352	 95	765	  1	
352	107	765	  1	
352	200	765	  1	
352	282	765	  1	
352	287	765	  1	
353	131	765	  1	
354	127	765	  1	
354	262	765	  1	
355	136	765	  1	
355	152	765	  1	
355	237	765	  1	
355	325	765	  1	
355	400	765	  1	
356	456	765	  1	
357	 72	765	  1	
357	112	765	  1	
357	356	765	  1	
357	368	765	  1	
357	373	765	  1	
358	 32	765	  1	
358	 93	765	  1	
358	168	765	  1	
358	247	765	  1	
358	304	765	  1	
359	126	765	  1	
359	258	765	  1	
359	272	765	  1	
359	277	765	  1	
359	312	765	  1	
360	128	765	  1	
360	133	765	  1	
360	163	765	  1	
360	184	765	  1	
360	232	765	  1	
360	255	765	  1	
360	352	765	  1	
360	371	765	  1	
360	400	765	  1	
360	407	765	  1	
362	425	765	  1	
363	230	765	  1	
363	248	765	  1	
363	439	765	  1	
364	 88	765	  1	
364	267	765	  1	
365	 64	765	  1	
365	 74	765	  1	
365	 87	765	  1	
365	 96	765	  1	
365	442	765	  1	
365	471	765	  1	
366	224	765	  1	
366	236	765	  1	
366	271	765	  1	
366	317	765	  1	
367	126	765	  1	
367	168	765	  1	
367	255	765	  1	
367	355	765	  1	
367	424	765	  1	
367	438	765	  1	
368	 58	765	  1	
368	104	765	  1	
368	128	765	  1	
368	144	765	  1	
368	203	765	  1	
368	216	765	  1	
368	283	765	  1	
368	336	765	  1	
368	387	765	  1	
369	552	765	  1	
370	 28	765	  1	
370	335	765	  1	
370	351	765	  1	
370	424	765	  1	
372	 63	765	  1	
372	 80	765	  1	
372	243	765	  1	
374	 56	765	  1	
374	259	765	  1	
374	447	765	  1	
375	144	765	  1	
375	176	765	  1	
375	200	765	  1	
375	207	765	  1	
375	432	765	  1	
375	439	765	  1	
376	 51	765	  1	
376	 68	765	  1	
376	 89	765	  1	
376	113	765	  1	
376	118	765	  1	
376	183	765	  1	
376	322	765	  1	
376	342	765	  1	
376	354	765	  1	
376	469	765	  1	
377	351	765	  1	
378	200	765	  1	
378	438	765	  1	
379	 56	765	  1	
379	141	765	  1	
379	379	765	  1	
381	 72	765	  1	
381	191	765	  1	
382	 88	765	  1	
382	219	765	  1	
382	232	765	  1	
382	239	765	  1	
382	349	765	  1	
382	446	765	  1	
383	 15	765	  1	
383	 48	765	  1	
383	 55	765	  1	
383	136	765	  1	
383	322	765	  1	
383	344	765	  1	
383	432	765	  1	
383	542	765	  1	
384	 64	765	  1	
384	 71	765	  1	
384	132	765	  1	
384	192	765	  1	
384	204	765	  1	
384	295	765	  1	
384	352	765	  1	
384	359	765	  1	
384	384	765	  1	
384	461	765	  1	
384	488	765	  1	
386	  8	765	  1	
386	191	765	  1	
387	  0	765	  1	
387	288	765	  1	
387	344	765	  1	
387	391	765	  1	
387	456	765	  1	
388	183	765	  1	
388	185	765	  1	
388	331	765	  1	
388	435	765	  1	
390	168	765	  1	
391	 13	765	  1	
391	216	765	  1	
391	223	765	  1	
391	295	765	  1	
391	355	765	  1	
391	384	765	  1	
392	 23	765	  1	
392	 30	765	  1	
392	 65	765	  1	
392	136	765	  1	
392	151	765	  1	
392	174	765	  1	
392	184	765	  1	
392	211	765	  1	
392	312	765	  1	
392	320	765	  1	
392	387	765	  1	
392	416	765	  1	
392	431	765	  1	
392	440	765	  1	
392	444	765	  1	
393	 70	765	  1	
393	479	765	  1	
394	 16	765	  1	
395	 72	765	  1	
395	152	765	  1	
395	200	765	  1	
395	319	765	  1	
395	327	765	  1	
396	 30	765	  1	
397	 66	765	  1	
397	208	765	  1	
398	 56	765	  1	
398	224	765	  1	
399	  0	765	  1	
399	147	765	  1	
399	312	765	  1	
399	320	765	  1	
399	351	765	  1	
399	388	765	  1	
399	423	765	  1	
399	427	765	  1	
400	 46	765	  1	
400	 75	765	  1	
400	110	765	  1	
400	154	765	  1	
400	159	765	  1	
400	163	765	  1	
400	205	765	  1	
400	286	765	  1	
400	328	765	  1	
400	389	765	  1	
400	396	765	  1	
400	456	765	  1	
401	184	765	  1	
402	145	765	  1	
402	280	765	  1	
402	394	765	  1	
402	560	765	  1	
403	  8	765	  1	
403	 16	765	  1	
403	 26	765	  1	
403	 31	765	  1	
403	136	765	  1	
403	166	765	  1	
403	335	765	  1	
403	463	765	  1	
404	151	765	  1	
404	380	765	  1	
405	 21	765	  1	
405	199	765	  1	
406	159	765	  1	
406	287	765	  1	
407	107	765	  1	
407	138	765	  1	
407	205	765	  1	
407	328	765	  1	
407	456	765	  1	
408	  7	765	  1	
408	 63	765	  1	
408	117	765	  1	
408	169	765	  1	
408	181	765	  1	
408	216	765	  1	
408	263	765	  1	
408	275	765	  1	
408	283	765	  1	
408	540	765	  1	
409	 32	765	  1	
410	271	765	  1	
411	143	765	  1	
411	213	765	  1	
413	376	765	  1	
414	136	765	  1	
414	160	765	  1	
414	396	765	  1	
415	 39	765	  1	
415	272	765	  1	
415	279	765	  1	
415	287	765	  1	
415	459	765	  1	
415	505	765	  1	
416	  0	765	  1	
416	 42	765	  1	
416	 61	765	  1	
416	 69	765	  1	
416	 76	765	  1	
416	 81	765	  1	
416	 86	765	  1	
416	103	765	  1	
416	120	765	  1	
416	124	765	  1	
416	130	765	  1	
416	144	765	  1	
416	151	765	  1	
416	192	765	  1	
416	197	765	  1	
416	235	765	  1	
416	247	765	  1	
416	293	765	  1	
416	309	765	  1	
416	384	765	  1	
416	499	765	  1	
418	 96	765	  1	
418	344	765	  1	
419	111	765	  1	
419	123	765	  1	
419	240	765	  1	
420	288	765	  1	
421	  7	765	  1	
421	 72	765	  1	
421	 77	765	  1	
421	128	765	  1	
421	135	765	  1	
421	158	765	  1	
421	192	765	  1	
421	248	765	  1	
422	 44	765	  1	
422	199	765	  1	
422	384	765	  1	
423	103	765	  1	
423	416	765	  1	
423	427	765	  1	
423	442	765	  1	
424	 88	765	  1	
424	 91	765	  1	
424	 98	765	  1	
424	104	765	  1	
424	115	765	  1	
424	168	765	  1	
424	216	765	  1	
424	278	765	  1	
424	311	765	  1	
424	343	765	  1	
424	464	765	  1	
424	472	765	  1	
424	476	765	  1	
426	 94	765	  1	
426	224	765	  1	
426	328	765	  1	
427	 48	765	  1	
427	 58	765	  1	
427	170	765	  1	
427	336	765	  1	
427	366	765	  1	
429	  2	765	  1	
429	103	765	  1	
429	182	765	  1	
429	207	765	  1	
430	 10	765	  1	
430	 29	765	  1	
430	 88	765	  1	
430	 93	765	  1	
430	231	765	  1	
431	 70	765	  1	
431	152	765	  1	
431	168	765	  1	
431	199	765	  1	
431	202	765	  1	
431	311	765	  1	
431	343	765	  1	
432	 67	765	  1	
432	136	765	  1	
432	146	765	  1	
432	173	765	  1	
432	181	765	  1	
432	184	765	  1	
432	232	765	  1	
432	247	765	  1	
432	440	765	  1	
434	 85	765	  1	
434	191	765	  1	
435	317	765	  1	
435	400	765	  1	
437	 11	765	  1	
437	112	765	  1	
438	202	765	  1	
439	 21	765	  1	
439	 56	765	  1	
439	 71	765	  1	
439	195	765	  1	
439	213	765	  1	
439	224	765	  1	
439	247	765	  1	
439	272	765	  1	
439	312	765	  1	
440	  4	765	  1	
440	107	765	  1	
440	256	765	  1	
440	263	765	  1	
440	302	765	  1	
441	 51	765	  1	
441	152	765	  1	
441	195	765	  1	
441	471	765	  1	
442	  8	765	  1	
442	143	765	  1	
443	246	765	  1	
443	286	765	  1	
444	176	765	  1	
444	199	765	  1	
444	347	765	  1	
445	 56	765	  1	
445	232	765	  1	
445	295	765	  1	
446	 14	765	  1	
447	 77	765	  1	
447	130	765	  1	
447	215	765	  1	
447	385	765	  1	
447	456	765	  1	
448	 16	765	  1	
448	134	765	  1	
448	148	765	  1	
448	175	765	  1	
448	178	765	  1	
448	190	765	  1	
448	248	765	  1	
448	311	765	  1	
449	 67	765	  1	
449	296	765	  1	
450	160	765	  1	
451	199	765	  1	
452	143	765	  1	
452	170	765	  1	
453	 96	765	  1	
453	135	765	  1	
453	271	765	  1	
454	  5	765	  1	
454	123	765	  1	
454	232	765	  1	
454	306	765	  1	
455	 16	765	  1	
455	 69	765	  1	
456	 50	765	  1	
456	 56	765	  1	
456	 86	765	  1	
456	135	765	  1	
456	150	765	  1	
456	208	765	  1	
456	213	765	  1	
456	320	765	  1	
456	403	765	  1	
457	 94	765	  1	
457	244	765	  1	
458	110	765	  1	
458	144	765	  1	
458	215	765	  1	
459	  7	765	  1	
459	 71	765	  1	
459	128	765	  1	
459	182	765	  1	
459	296	765	  1	
460	 96	765	  1	
461	 62	765	  1	
461	312	765	  1	
462	106	765	  1	
462	176	765	  1	
463	 94	765	  1	
463	111	765	  1	
463	320	765	  1	
464	  3	765	  1	
464	 21	765	  1	
464	 32	765	  1	
464	 52	765	  1	
464	 90	765	  1	
464	 95	765	  1	
464	135	765	  1	
464	156	765	  1	
464	167	765	  1	
464	184	765	  1	
464	228	765	  1	
464	253	765	  1	
464	264	765	  1	
464	291	765	  1	
464	323	765	  1	
464	344	765	  1	
464	383	765	  1	
464	472	765	  1	
466	224	765	  1	
467	 25	765	  1	
467	 39	765	  1	
467	128	765	  1	
467	136	765	  1	
467	191	765	  1	
467	272	765	  1	
467	287	765	  1	
467	312	765	  1	
468	229	765	  1	
469	 16	765	  1	
469	210	765	  1	
469	348	765	  1	
470	196	765	  1	
470	327	765	  1	
471	 32	765	  1	
471	111	765	  1	
471	135	765	  1	
471	184	765	  1	
471	224	765	  1	
471	274	765	  1	
471	352	765	  1	
471	395	765	  1	
471	472	765	  1	
472	  8	765	  1	
472	 69	765	  1	
472	 80	765	  1	
472	120	765	  1	
472	176	765	  1	
472	239	765	  1	
472	261	765	  1	
472	285	765	  1	
472	341	765	  1	
474	 14	765	  1	
474	275	765	  1	
474	359	765	  1	
475	183	765	  1	
475	232	765	  1	
476	159	765	  1	
477	 56	765	  1	
477	 63	765	  1	
477	110	765	  1	
477	256	765	  1	
477	499	765	  1	
478	  8	765	  1	
478	 80	765	  1	
478	355	765	  1	
479	144	765	  1	
479	155	765	  1	
479	160	765	  1	
479	176	765	  1	
479	231	765	  1	
479	239	765	  1	
479	416	765	  1	
480	 16	765	  1	
480	 94	765	  1	
480	167	765	  1	
480	180	765	  1	
480	187	765	  1	
480	261	765	  1	
480	288	765	  1	
480	310	765	  1	
482	230	765	  1	
483	 32	765	  1	
483	160	765	  1	
485	 22	765	  1	
485	 91	765	  1	
486	181	765	  1	
487	167	765	  1	
487	171	765	  1	
487	176	765	  1	
487	184	765	  1	
487	191	765	  1	
487	344	765	  1	
487	376	765	  1	
488	  2	765	  1	
488	 64	765	  1	
488	133	765	  1	
488	206	765	  1	
488	215	765	  1	
488	220	765	  1	
488	240	765	  1	
488	244	765	  1	
488	248	765	  1	
488	275	765	  1	
488	296	765	  1	
488	315	765	  1	
488	392	765	  1	
489	195	765	  1	
490	 67	765	  1	
490	112	765	  1	
490	116	765	  1	
491	 48	765	  1	
491	 74	765	  1	
491	280	765	  1	
492	263	765	  1	
493	  0	765	  1	
493	  7	765	  1	
493	 30	765	  1	
493	 40	765	  1	
493	223	765	  1	
493	368	765	  1	
494	248	765	  1	
494	272	765	  1	
495	211	765	  1	
495	255	765	  1	
495	461	765	  1	
496	  8	765	  1	
496	108	765	  1	
496	144	765	  1	
496	159	765	  1	
496	181	765	  1	
496	296	765	  1	
496	312	765	  1	
498	 67	765	  1	
498	 81	765	  1	
498	147	765	  1	
499	 24	765	  1	
499	319	765	  1	
500	106	765	  1	
500	272	765	  1	
501	 79	765	  1	
501	224	765	  1	
501	231	765	  1	
502	164	765	  1	
503	 96	765	  1	
503	159	765	  1	
503	312	765	  1	
504	  0	765	  1	
504	 28	765	  1	
504	 40	765	  1	
504	 43	765	  1	
504	 47	765	  1	
504	 64	765	  1	
504	112	765	  1	
504	169	765	  1	
504	244	765	  1	
504	250	765	  1	
504	291	765	  1	
506	175	765	  1	
506	206	765	  1	
506	320	765	  1	
507	240	765	  1	
508	106	765	  1	
508	157	765	  1	
508	347	765	  1	
509	 78	765	  1	
509	125	765	  1	
509	208	765	  1	
509	295	765	  1	
509	309	765	  1	
509	312	765	  1	
509	368	765	  1	
510	119	765	  1	
510	170	765	  1	
510	204	765	  1	
510	255	765	  1	
511	111	765	  1	
511	152	765	  1	
511	200	765	  1	
511	416	765	  1	
512	 32	765	  1	
512	 36	765	  1	
512	 43	765	  1	
512	 48	765	  1	
512	239	765	  1	
512	349	765	  1	
512	384	765	  1	
512	389	765	  1	
514	119	765	  1	
514	203	765	  1	
514	248	765	  1	
514	343	765	  1	
515	 96	765	  1	
515	136	765	  1	
515	232	765	  1	
517	 64	765	  1	
517	336	765	  1	
518	112	765	  1	
518	240	765	  1	
518	255	765	  1	
519	 40	765	  1	
519	 47	765	  1	
519	 51	765	  1	
519	117	765	  1	
519	168	765	  1	
519	200	765	  1	
519	511	765	  1	
520	 71	765	  1	
520	 79	765	  1	
520	 82	765	  1	
520	 87	765	  1	
520	104	765	  1	
520	144	765	  1	
520	160	765	  1	
520	165	765	  1	
520	210	765	  1	
520	220	765	  1	
520	232	765	  1	
520	256	765	  1	
520	573	765	  1	
522	131	765	  1	
523	118	765	  1	
523	203	765	  1	
523	361	765	  1	
524	 63	765	  1	
524	110	765	  1	
524	216	765	  1	
525	108	765	  1	
525	139	765	  1	
525	240	765	  1	
527	 58	765	  1	
527	223	765	  1	
527	232	765	  1	
527	256	765	  1	
527	384	765	  1	
527	389	765	  1	
527	424	765	  1	
528	 48	765	  1	
528	 90	765	  1	
528	136	765	  1	
528	151	765	  1	
528	168	765	  1	
528	192	765	  1	
528	200	765	  1	
528	213	765	  1	
528	245	765	  1	
528	266	765	  1	
528	349	765	  1	
528	392	765	  1	
529	315	765	  1	
529	344	765	  1	
530	141	765	  1	
530	196	765	  1	
531	  8	765	  1	
531	128	765	  1	
531	399	765	  1	
532	267	765	  1	
533	208	765	  1	
533	375	765	  1	
533	382	765	  1	
534	 48	765	  1	
534	168	765	  1	
535	 88	765	  1	
535	136	765	  1	
535	151	765	  1	
535	192	765	  1	
535	204	765	  1	
535	232	765	  1	
535	392	765	  1	
536	 32	765	  1	
536	 39	765	  1	
536	 64	765	  1	
536	 81	765	  1	
536	 87	765	  1	
536	167	765	  1	
536	176	765	  1	
536	182	765	  1	
536	215	765	  1	
536	253	765	  1	
536	326	765	  1	
536	336	765	  1	
536	357	765	  1	
536	394	765	  1	
538	159	765	  1	
538	190	765	  1	
539	368	765	  1	
540	 80	765	  1	
541	144	765	  1	
541	179	765	  1	
542	152	765	  1	
542	352	765	  1	
542	395	765	  1	
543	 32	765	  1	
543	 71	765	  1	
543	208	765	  1	
543	215	765	  1	
543	375	765	  1	
544	  8	765	  1	
544	 80	765	  1	
544	112	765	  1	
544	124	765	  1	
544	212	765	  1	
544	256	765	  1	
544	342	765	  1	
547	160	765	  1	
547	187	765	  1	
547	192	765	  1	
547	243	765	  1	
547	261	765	  1	
547	328	765	  1	
547	335	765	  1	
548	 86	765	  1	
549	118	765	  1	
549	152	765	  1	
549	208	765	  1	
549	213	765	  1	
550	 15	765	  1	
550	184	765	  1	
551	376	765	  1	
552	 56	765	  1	
552	128	765	  1	
552	143	765	  1	
552	222	765	  1	
552	275	765	  1	
552	296	765	  1	
552	312	765	  1	
552	328	765	  1	
553	 95	765	  1	
555	120	765	  1	
555	272	765	  1	
555	424	765	  1	
556	260	765	  1	
557	216	765	  1	
557	255	765	  1	
558	143	765	  1	
558	278	765	  1	
559	296	765	  1	
559	342	765	  1	
560	  8	765	  1	
560	 68	765	  1	
560	160	765	  1	
560	176	765	  1	
560	208	765	  1	
560	245	765	  1	
560	266	765	  1	
560	376	765	  1	
560	405	765	  1	
562	 80	765	  1	
562	183	765	  1	
563	 15	765	  1	
563	167	765	  1	
565	 71	765	  1	
565	125	765	  1	
565	264	765	  1	
565	272	765	  1	
567	  8	765	  1	
567	 48	765	  1	
567	160	765	  1	
567	178	765	  1	
567	428	765	  1	
568	 15	765	  1	
568	 78	765	  1	
568	123	765	  1	
568	158	765	  1	
568	168	765	  1	
568	344	765	  1	
568	395	765	  1	
570	 85	765	  1	
570	327	765	  1	
571	  8	765	  1	
571	 15	765	  1	
571	 80	765	  1	
572	271	765	  1	
573	154	765	  1	
574	376	765	  1	
575	 78	765	  1	
575	120	765	  1	
575	127	765	  1	
575	247	765	  1	
575	264	765	  1	
575	344	765	  1	
576	 45	765	  1	
576	 72	765	  1	
576	146	765	  1	
576	151	765	  1	
576	165	765	  1	
576	240	765	  1	
576	284	765	  1	
576	386	765	  1	
579	247	765	  1	
579	376	765	  1	
580	407	765	  1	
581	557	765	  1	
582	  3	765	  1	
582	200	765	  1	
583	 75	765	  1	
583	240	765	  1	
583	280	765	  1	
583	474	765	  1	
584	 24	765	  1	
584	 70	765	  1	
584	108	765	  1	
584	176	765	  1	
584	183	765	  1	
584	221	765	  1	
584	471	765	  1	
587	 64	765	  1	
587	227	765	  1	
587	352	765	  1	
588	 40	765	  1	
588	295	765	  1	
589	136	765	  1	
589	248	765	  1	
589	312	765	  1	
590	123	765	  1	
591	 24	765	  1	
591	 82	765	  1	
591	111	765	  1	
592	214	765	  1	
592	331	765	  1	
592	422	765	  1	
594	  6	765	  1	
595	208	765	  1	
596	 95	765	  1	
597	 88	765	  1	
597	104	765	  1	
599	 99	765	  1	
599	368	765	  1	
599	420	765	  1	
600	 72	765	  1	
600	104	765	  1	
600	168	765	  1	
600	175	765	  1	
600	183	765	  1	
600	256	765	  1	
600	312	765	  1	
602	 88	765	  1	
603	 79	765	  1	
604	 69	765	  1	
604	104	765	  1	
604	127	765	  1	
604	257	765	  1	
605	  0	765	  1	
606	 66	765	  1	
606	 70	765	  1	
606	205	765	  1	
607	122	765	  1	
608	224	765	  1	
608	435	765	  1	
611	231	765	  1	
611	495	765	  1	
612	295	765	  1	
613	336	765	  1	
614	271	765	  1	
615	208	765	  1	
615	224	765	  1	
616	 52	765	  1	
616	 74	765	  1	
616	103	765	  1	
616	223	765	  1	
616	231	765	  1	
616	240	765	  1	
616	383	765	  1	
619	224	765	  1	
622	319	765	  1	
623	 52	765	  1	
623	231	765	  1	
623	247	765	  1	
623	382	765	  1	
624	 87	765	  1	
624	104	765	  1	
629	 24	765	  1	
629	181	765	  1	
630	 22	765	  1	
630	180	765	  1	
632	121	765	  1	
632	128	765	  1	
635	 88	765	  1	
636	212	765	  1	
639	176	765	  1	
640	287	765	  1	
640	296	765	  1	
640	391	765	  1	
642	376	765	  1	
643	301	765	  1	
647	128	765	  1	
648	238	765	  1	
648	365	765	  1	
648	447	765	  1	
648	599	765	  1	
653	269	765	  1	
655	 68	765	  1	
656	228	765	  1	
656	503	765	  1	
658	224	765	  1	
660	 12	765	  1	
661	104	765	  1	
662	296	765	  1	
663	140	765	  1	
663	367	765	  1	
663	503	765	  1	
664	200	765	  1	
664	207	765	  1	
666	112	765	  1	
672	 64	765	  1	
672	 96	765	  1	
672	151	765	  1	
672	192	765	  1	
673	140	765	  1	
678	138	765	  1	
679	 63	765	  1	
679	103	765	  1	
679	336	765	  1	
680	213	765	  1	
680	280	765	  1	
680	414	765	  1	
683	200	765	  1	
684	408	765	  1	
687	  0	765	  1	
687	431	765	  1	
688	120	765	  1	
688	167	765	  1	
688	351	765	  1	
688	419	765	  1	
694	279	765	  1	
696	120	765	  1	
700	127	765	  1	
704	148	765	  1	
711	207	765	  1	
719	124	765	  1	
