# 
#  Image file: Goad1_T0146.jpg
#  Applied threshold: 575
#  Algorithm used: fill2                 
#  Particle count: 1774
#  Location (x,y), max luminance, and mass:
# 
  2	301	765	  1	
  5	176	765	  1	
  7	442	765	  1	
  8	108	765	  1	
 11	285	765	  1	
 32	127	765	  1	
 32	336	765	  1	
 32	408	765	  1	
 38	272	765	  1	
 39	528	765	  1	
 40	275	765	  1	
 42	446	765	  1	
 45	261	765	  1	
 47	272	765	  1	
 47	351	765	  1	
 55	216	765	  1	
 56	105	765	  1	
 56	272	765	  1	
 58	279	765	  1	
 72	296	765	  1	
 72	320	765	  1	
 75	554	765	  1	
 80	139	765	  1	
 80	216	765	  1	
 85	216	765	  1	
 87	128	765	  1	
 87	235	765	  1	
 87	359	765	  1	
 88	159	765	  1	
 88	379	765	  1	
 93	186	765	  1	
 95	 93	765	  1	
 95	301	765	  1	
 96	 95	765	  1	
 99	207	765	  1	
103	144	765	  1	
103	519	765	  1	
104	248	765	  1	
104	280	765	  1	
109	311	765	  1	
109	352	765	  1	
109	556	765	  1	
111	 55	765	  1	
111	157	765	  1	
111	248	765	  1	
111	357	765	  1	
112	136	765	  1	
112	146	765	  1	
112	211	765	  1	
116	136	765	  1	
117	102	765	  1	
119	112	765	  1	
119	119	765	  1	
119	208	765	  1	
119	215	765	  1	
120	104	765	  1	
120	114	765	  1	
120	302	765	  1	
122	528	765	  1	
123	111	765	  1	
124	 80	765	  1	
127	104	765	  1	
127	112	765	  1	
128	 75	765	  1	
128	111	765	  1	
128	168	765	  1	
131	357	765	  1	
132	196	765	  1	
134	111	765	  1	
135	 64	765	  1	
135	175	765	  1	
135	223	765	  1	
136	139	765	  1	
136	296	765	  1	
138	103	765	  1	
139	  7	765	  1	
139	207	765	  1	
139	279	765	  1	
140	200	765	  1	
141	143	765	  1	
141	239	765	  1	
143	 83	765	  1	
143	151	765	  1	
143	171	765	  1	
143	288	765	  1	
144	136	765	  1	
144	140	765	  1	
144	208	765	  1	
144	224	765	  1	
144	231	765	  1	
144	241	765	  1	
144	247	765	  1	
144	551	765	  1	
148	246	765	  1	
148	302	765	  1	
149	208	765	  1	
150	141	765	  1	
151	 50	765	  1	
151	 80	765	  1	
151	136	765	  1	
151	242	765	  1	
151	248	765	  1	
151	255	765	  1	
151	298	765	  1	
152	 79	765	  1	
152	103	765	  1	
152	112	765	  1	
152	127	765	  1	
152	187	765	  1	
152	215	765	  1	
152	223	765	  1	
152	271	765	  1	
152	304	765	  1	
154	391	765	  1	
155	120	765	  1	
155	136	765	  1	
156	223	765	  1	
158	116	765	  1	
158	231	765	  1	
158	299	765	  1	
159	103	765	  1	
159	127	765	  1	
159	167	765	  1	
159	184	765	  1	
159	191	765	  1	
159	227	765	  1	
159	445	765	  1	
160	 80	765	  1	
160	144	765	  1	
160	199	765	  1	
160	348	765	  1	
160	535	765	  1	
162	311	765	  1	
163	192	765	  1	
163	256	765	  1	
163	261	765	  1	
165	319	765	  1	
165	327	765	  1	
165	576	765	  1	
166	376	765	  1	
167	199	765	  1	
167	335	765	  1	
167	381	765	  1	
167	398	765	  1	
168	114	765	  1	
168	168	765	  1	
168	242	765	  1	
168	247	765	  1	
168	255	765	  1	
168	583	765	  1	
170	127	765	  1	
170	186	765	  1	
171	191	765	  1	
171	210	765	  1	
173	224	765	  1	
173	294	765	  1	
174	116	765	  1	
174	168	765	  1	
175	215	765	  1	
175	251	765	  1	
175	402	765	  1	
175	576	765	  1	
175	589	765	  1	
176	 88	765	  1	
176	130	765	  1	
176	158	765	  1	
176	269	765	  1	
176	383	765	  1	
177	 99	765	  1	
177	390	765	  1	
179	103	765	  1	
179	264	765	  1	
180	121	765	  1	
180	346	765	  1	
181	132	765	  1	
183	  1	765	  1	
183	158	765	  1	
183	354	765	  1	
183	390	765	  1	
184	112	765	  1	
184	160	765	  1	
184	167	765	  1	
184	191	765	  1	
184	218	765	  1	
184	239	765	  1	
184	272	765	  1	
184	336	765	  1	
184	366	765	  1	
185	278	765	  1	
185	386	765	  1	
185	391	765	  1	
187	 64	765	  1	
187	 96	765	  1	
187	136	765	  1	
187	143	765	  1	
188	120	765	  1	
188	272	765	  1	
189	216	765	  1	
189	223	765	  1	
189	265	765	  1	
189	269	765	  1	
189	378	765	  1	
189	387	765	  1	
190	 71	765	  1	
190	112	765	  1	
190	120	765	  1	
191	 32	765	  1	
191	103	765	  1	
191	127	765	  1	
191	160	765	  1	
191	167	765	  1	
191	250	765	  1	
191	277	765	  1	
191	370	765	  1	
191	400	765	  1	
191	456	765	  1	
191	463	765	  1	
192	 88	765	  1	
192	104	765	  1	
192	108	765	  1	
192	150	765	  1	
192	176	765	  1	
192	218	765	  1	
192	247	765	  1	
192	254	765	  1	
192	267	765	  1	
192	327	765	  1	
194	222	765	  1	
195	264	765	  1	
195	320	765	  1	
196	 77	765	  1	
196	 85	765	  1	
196	 88	765	  1	
196	248	765	  1	
197	152	765	  1	
198	 18	765	  1	
198	 47	765	  1	
198	 99	765	  1	
198	109	765	  1	
199	104	765	  1	
199	136	765	  1	
199	327	765	  1	
200	 40	765	  1	
200	 64	765	  1	
200	112	765	  1	
200	120	765	  1	
200	144	765	  1	
200	160	765	  1	
200	175	765	  1	
200	222	765	  1	
200	270	765	  1	
200	400	765	  1	
202	118	765	  1	
202	127	765	  1	
203	 70	765	  1	
203	367	765	  1	
204	215	765	  1	
204	353	765	  1	
205	 98	765	  1	
206	144	765	  1	
206	192	765	  1	
206	199	765	  1	
206	223	765	  1	
207	 43	765	  1	
207	160	765	  1	
207	249	765	  1	
208	130	765	  1	
208	143	765	  1	
208	227	765	  1	
208	232	765	  1	
208	239	765	  1	
208	335	765	  1	
208	383	765	  1	
210	199	765	  1	
211	112	765	  1	
211	175	765	  1	
211	184	765	  1	
211	328	765	  1	
211	376	765	  1	
212	128	765	  1	
214	 67	765	  1	
214	248	765	  1	
214	264	765	  1	
215	120	765	  1	
215	124	765	  1	
215	190	765	  1	
215	235	765	  1	
215	335	765	  1	
215	383	765	  1	
215	387	765	  1	
216	 46	765	  1	
216	 49	765	  1	
216	 82	765	  1	
216	107	765	  1	
216	117	765	  1	
216	153	765	  1	
216	215	765	  1	
216	296	765	  1	
216	579	765	  1	
217	272	765	  1	
218	284	765	  1	
218	424	765	  1	
220	135	765	  1	
220	375	765	  1	
222	119	765	  1	
222	160	765	  1	
222	167	765	  1	
222	525	765	  1	
223	 88	765	  1	
223	104	765	  1	
223	111	765	  1	
223	349	765	  1	
223	359	765	  1	
223	366	765	  1	
223	369	765	  1	
223	379	765	  1	
223	408	765	  1	
224	  0	765	  1	
224	 11	765	  1	
224	 64	765	  1	
224	106	765	  1	
224	152	765	  1	
224	156	765	  1	
224	176	765	  1	
224	184	765	  1	
224	208	765	  1	
224	213	765	  1	
224	240	765	  1	
224	288	765	  1	
224	295	765	  1	
224	376	765	  1	
224	382	765	  1	
226	128	765	  1	
227	  7	765	  1	
227	558	765	  1	
229	 72	765	  1	
229	 88	765	  1	
229	111	765	  1	
230	117	765	  1	
230	191	765	  1	
230	215	765	  1	
230	275	765	  1	
231	  0	765	  1	
231	240	765	  1	
231	291	765	  1	
231	471	765	  1	
232	 62	765	  1	
232	 82	765	  1	
232	130	765	  1	
232	139	765	  1	
232	163	765	  1	
232	198	765	  1	
232	219	765	  1	
232	254	765	  1	
232	332	765	  1	
232	406	765	  1	
233	123	765	  1	
234	167	765	  1	
235	108	765	  1	
235	152	765	  1	
235	208	765	  1	
235	216	765	  1	
235	223	765	  1	
235	250	765	  1	
235	413	765	  1	
235	431	765	  1	
237	112	765	  1	
237	135	765	  1	
237	328	765	  1	
238	 31	765	  1	
238	176	765	  1	
238	403	765	  1	
239	136	765	  1	
239	219	765	  1	
239	408	765	  1	
239	445	765	  1	
240	  2	765	  1	
240	 16	765	  1	
240	 53	765	  1	
240	 72	765	  1	
240	 97	765	  1	
240	184	765	  1	
240	216	765	  1	
240	232	765	  1	
240	242	765	  1	
240	249	765	  1	
240	254	765	  1	
240	288	765	  1	
240	304	765	  1	
240	346	765	  1	
240	351	765	  1	
240	365	765	  1	
240	450	765	  1	
242	 20	765	  1	
242	 78	765	  1	
242	293	765	  1	
242	326	765	  1	
243	107	765	  1	
243	199	765	  1	
244	160	765	  1	
245	 88	765	  1	
245	182	765	  1	
245	320	765	  1	
245	360	765	  1	
245	426	765	  1	
246	 72	765	  1	
246	235	765	  1	
246	288	765	  1	
246	304	765	  1	
246	344	765	  1	
246	349	765	  1	
246	372	765	  1	
247	168	765	  1	
247	430	765	  1	
247	445	765	  1	
248	  0	765	  1	
248	 18	765	  1	
248	 32	765	  1	
248	 80	765	  1	
248	115	765	  1	
248	125	765	  1	
248	136	765	  1	
248	144	765	  1	
248	149	765	  1	
248	157	765	  1	
248	167	765	  1	
248	178	765	  1	
248	184	765	  1	
248	191	765	  1	
248	197	765	  1	
248	208	765	  1	
248	215	765	  1	
248	359	765	  1	
248	363	765	  1	
248	525	765	  1	
250	 39	765	  1	
250	112	765	  1	
250	343	765	  1	
250	583	765	  1	
251	111	765	  1	
251	437	765	  1	
252	252	765	  1	
252	372	765	  1	
253	 48	765	  1	
253	 87	765	  1	
253	 96	765	  1	
253	142	765	  1	
253	192	765	  1	
253	354	765	  1	
254	  3	765	  1	
254	299	765	  1	
255	211	765	  1	
255	432	765	  1	
256	 66	765	  1	
256	122	765	  1	
256	202	765	  1	
256	359	765	  1	
258	 40	765	  1	
259	291	765	  1	
259	352	765	  1	
260	112	765	  1	
260	194	765	  1	
261	 87	765	  1	
261	115	765	  1	
261	171	765	  1	
261	222	765	  1	
262	 46	765	  1	
262	 74	765	  1	
262	160	765	  1	
262	199	765	  1	
263	 71	765	  1	
263	359	765	  1	
264	  8	765	  1	
264	 64	765	  1	
264	112	765	  1	
264	189	765	  1	
264	203	765	  1	
264	216	765	  1	
264	232	765	  1	
264	260	765	  1	
264	266	765	  1	
264	271	765	  1	
264	328	765	  1	
264	335	765	  1	
264	374	765	  1	
264	397	765	  1	
265	 72	765	  1	
265	 77	765	  1	
266	368	765	  1	
266	485	765	  1	
266	535	765	  1	
268	488	765	  1	
269	  0	765	  1	
269	222	765	  1	
270	 11	765	  1	
270	312	765	  1	
270	319	765	  1	
270	531	765	  1	
271	 64	765	  1	
271	151	765	  1	
271	200	765	  1	
271	331	765	  1	
271	526	765	  1	
271	559	765	  1	
272	 53	765	  1	
272	 72	765	  1	
272	 79	765	  1	
272	104	765	  1	
272	128	765	  1	
272	164	765	  1	
272	180	765	  1	
272	192	765	  1	
272	199	765	  1	
272	255	765	  1	
272	375	765	  1	
272	401	765	  1	
272	414	765	  1	
272	461	765	  1	
273	 90	765	  1	
274	 32	765	  1	
274	 86	765	  1	
274	110	765	  1	
275	310	765	  1	
275	456	765	  1	
276	 75	765	  1	
276	269	765	  1	
277	  9	765	  1	
277	 38	765	  1	
277	 44	765	  1	
277	 48	765	  1	
277	131	765	  1	
277	264	765	  1	
277	288	765	  1	
278	 80	765	  1	
278	104	765	  1	
278	294	765	  1	
278	528	765	  1	
279	 32	765	  1	
279	195	765	  1	
279	500	765	  1	
280	 64	765	  1	
280	 78	765	  1	
280	 91	765	  1	
280	102	765	  1	
280	112	765	  1	
280	136	765	  1	
280	184	765	  1	
280	211	765	  1	
280	216	765	  1	
280	242	765	  1	
280	259	765	  1	
280	323	765	  1	
280	363	765	  1	
280	395	765	  1	
280	414	765	  1	
280	503	765	  1	
280	512	765	  1	
280	568	765	  1	
280	597	765	  1	
282	410	765	  1	
283	  3	765	  1	
283	 15	765	  1	
283	 24	765	  1	
283	128	765	  1	
283	191	765	  1	
284	103	765	  1	
284	255	765	  1	
284	368	765	  1	
284	407	765	  1	
284	415	765	  1	
285	168	765	  1	
285	567	765	  1	
286	 89	765	  1	
286	360	765	  1	
286	375	765	  1	
287	  8	765	  1	
287	 39	765	  1	
287	 55	765	  1	
287	184	765	  1	
287	320	765	  1	
287	327	765	  1	
287	400	765	  1	
287	498	765	  1	
287	568	765	  1	
288	 28	765	  1	
288	 60	765	  1	
288	 96	765	  1	
288	107	765	  1	
288	144	765	  1	
288	200	765	  1	
288	213	765	  1	
288	296	765	  1	
288	309	765	  1	
288	419	765	  1	
288	504	765	  1	
289	322	765	  1	
290	 16	765	  1	
290	136	765	  1	
291	248	765	  1	
292	406	765	  1	
293	190	765	  1	
293	206	765	  1	
293	418	765	  1	
293	423	765	  1	
293	508	765	  1	
294	304	765	  1	
294	320	765	  1	
295	  8	765	  1	
295	 98	765	  1	
295	243	765	  1	
295	315	765	  1	
296	  0	765	  1	
296	 16	765	  1	
296	 56	765	  1	
296	120	765	  1	
296	133	765	  1	
296	151	765	  1	
296	166	765	  1	
296	173	765	  1	
296	192	765	  1	
296	199	765	  1	
296	208	765	  1	
296	218	765	  1	
296	232	765	  1	
296	301	765	  1	
296	310	765	  1	
296	322	765	  1	
296	359	765	  1	
296	526	765	  1	
296	560	765	  1	
296	567	765	  1	
296	588	765	  1	
297	335	765	  1	
298	 62	765	  1	
298	237	765	  1	
298	251	765	  1	
298	296	765	  1	
299	 70	765	  1	
299	104	765	  1	
299	376	765	  1	
299	424	765	  1	
300	128	765	  1	
301	 42	765	  1	
301	 47	765	  1	
301	146	765	  1	
301	163	765	  1	
301	330	765	  1	
302	  7	765	  1	
302	 56	765	  1	
302	152	765	  1	
302	211	765	  1	
302	302	765	  1	
302	479	765	  1	
303	232	765	  1	
303	359	765	  1	
303	560	765	  1	
303	567	765	  1	
304	 88	765	  1	
304	128	765	  1	
304	299	765	  1	
304	344	765	  1	
304	404	765	  1	
304	479	765	  1	
305	287	765	  1	
306	222	765	  1	
306	351	765	  1	
306	407	765	  1	
306	485	765	  1	
307	  6	765	  1	
307	208	765	  1	
307	232	765	  1	
307	488	765	  1	
309	  0	765	  1	
309	 95	765	  1	
309	152	765	  1	
309	305	765	  1	
309	314	765	  1	
309	319	765	  1	
310	120	765	  1	
310	216	765	  1	
310	237	765	  1	
311	104	765	  1	
311	283	765	  1	
311	296	765	  1	
311	344	765	  1	
311	356	765	  1	
311	404	765	  1	
312	 13	765	  1	
312	 72	765	  1	
312	 78	765	  1	
312	147	765	  1	
312	168	765	  1	
312	200	765	  1	
312	240	765	  1	
312	256	765	  1	
312	342	765	  1	
312	397	765	  1	
314	472	765	  1	
314	567	765	  1	
315	128	765	  1	
315	247	765	  1	
315	398	765	  1	
315	488	765	  1	
317	 75	765	  1	
317	 86	765	  1	
317	244	765	  1	
318	294	765	  1	
318	384	765	  1	
318	472	765	  1	
319	151	765	  1	
319	216	765	  1	
319	317	765	  1	
319	397	765	  1	
319	400	765	  1	
319	407	765	  1	
319	439	765	  1	
320	123	765	  1	
320	167	765	  1	
320	194	765	  1	
320	224	765	  1	
320	234	765	  1	
320	320	765	  1	
320	349	765	  1	
320	360	765	  1	
321	147	765	  1	
322	230	765	  1	
322	343	765	  1	
323	411	765	  1	
324	331	765	  1	
324	347	765	  1	
324	368	765	  1	
325	 80	765	  1	
325	239	765	  1	
325	243	765	  1	
325	392	765	  1	
326	224	765	  1	
326	375	765	  1	
326	448	765	  1	
326	455	765	  1	
327	320	765	  1	
327	339	765	  1	
327	400	765	  1	
327	407	765	  1	
328	  2	765	  1	
328	 83	765	  1	
328	 96	765	  1	
328	113	765	  1	
328	129	765	  1	
328	168	765	  1	
328	213	765	  1	
328	255	765	  1	
328	302	765	  1	
328	311	765	  1	
328	336	765	  1	
328	352	765	  1	
328	359	765	  1	
328	370	765	  1	
328	399	765	  1	
328	496	765	  1	
330	 80	765	  1	
330	350	765	  1	
331	107	765	  1	
332	117	765	  1	
332	590	765	  1	
333	  0	765	  1	
333	  7	765	  1	
333	248	765	  1	
333	366	765	  1	
333	535	765	  1	
334	 87	765	  1	
334	299	765	  1	
334	383	765	  1	
334	416	765	  1	
334	423	765	  1	
335	238	765	  1	
335	344	765	  1	
335	355	765	  1	
335	411	765	  1	
335	466	765	  1	
335	541	765	  1	
336	 32	765	  1	
336	 37	765	  1	
336	 48	765	  1	
336	 93	765	  1	
336	 98	765	  1	
336	120	765	  1	
336	137	765	  1	
336	155	765	  1	
336	162	765	  1	
336	171	765	  1	
336	192	765	  1	
336	208	765	  1	
336	215	765	  1	
336	224	765	  1	
336	240	765	  1	
336	272	765	  1	
336	293	765	  1	
336	349	765	  1	
336	358	765	  1	
336	392	765	  1	
336	400	765	  1	
336	447	765	  1	
336	455	765	  1	
338	 80	765	  1	
338	117	765	  1	
338	235	765	  1	
338	246	765	  1	
339	  0	765	  1	
339	 72	765	  1	
339	112	765	  1	
339	472	765	  1	
341	335	765	  1	
341	344	765	  1	
341	442	765	  1	
342	 78	765	  1	
342	 87	765	  1	
342	124	765	  1	
342	199	765	  1	
342	248	765	  1	
342	355	765	  1	
342	364	765	  1	
343	211	765	  1	
343	302	765	  1	
343	530	765	  1	
343	576	765	  1	
344	 24	765	  1	
344	 44	765	  1	
344	 61	765	  1	
344	152	765	  1	
344	192	765	  1	
344	219	765	  1	
344	288	765	  1	
344	322	765	  1	
344	336	765	  1	
344	371	765	  1	
344	400	765	  1	
344	408	765	  1	
344	440	765	  1	
346	  4	765	  1	
347	 31	765	  1	
347	120	765	  1	
347	144	765	  1	
347	230	765	  1	
347	343	765	  1	
347	351	765	  1	
347	368	765	  1	
348	 69	765	  1	
350	 80	765	  1	
350	195	765	  1	
351	  0	765	  1	
351	 24	765	  1	
351	 45	765	  1	
351	 61	765	  1	
351	 96	765	  1	
351	288	765	  1	
351	320	765	  1	
351	327	765	  1	
351	336	765	  1	
351	344	765	  1	
351	384	765	  1	
351	407	765	  1	
352	 11	765	  1	
352	 29	765	  1	
352	112	765	  1	
352	125	765	  1	
352	176	765	  1	
352	220	765	  1	
352	231	765	  1	
352	235	765	  1	
352	431	765	  1	
353	301	765	  1	
354	282	765	  1	
354	312	765	  1	
354	368	765	  1	
355	  9	765	  1	
355	 46	765	  1	
355	 64	765	  1	
355	127	765	  1	
355	327	765	  1	
355	424	765	  1	
356	256	765	  1	
356	438	765	  1	
357	 16	765	  1	
357	229	765	  1	
357	280	765	  1	
357	299	765	  1	
357	384	765	  1	
358	 70	765	  1	
358	173	765	  1	
358	251	765	  1	
358	373	765	  1	
359	216	765	  1	
359	221	765	  1	
359	320	765	  1	
359	431	765	  1	
360	  0	765	  1	
360	 47	765	  1	
360	 55	765	  1	
360	118	765	  1	
360	123	765	  1	
360	232	765	  1	
360	248	765	  1	
360	303	765	  1	
360	310	765	  1	
360	328	765	  1	
360	335	765	  1	
360	343	765	  1	
360	387	765	  1	
360	543	765	  1	
362	149	765	  1	
363	 48	765	  1	
363	 56	765	  1	
363	 63	765	  1	
363	136	765	  1	
363	240	765	  1	
363	291	765	  1	
363	301	765	  1	
363	336	765	  1	
363	536	765	  1	
365	 42	765	  1	
365	223	765	  1	
365	238	765	  1	
366	160	765	  1	
366	167	765	  1	
366	266	765	  1	
366	272	765	  1	
366	402	765	  1	
367	 28	765	  1	
367	 69	765	  1	
367	101	765	  1	
367	118	765	  1	
367	303	765	  1	
367	331	765	  1	
367	343	765	  1	
367	392	765	  1	
367	448	765	  1	
367	543	765	  1	
367	560	765	  1	
367	567	765	  1	
368	 16	765	  1	
368	 78	765	  1	
368	111	765	  1	
368	130	765	  1	
368	136	765	  1	
368	140	765	  1	
368	168	765	  1	
368	179	765	  1	
368	253	765	  1	
368	291	765	  1	
368	302	765	  1	
368	311	765	  1	
368	338	765	  1	
368	360	765	  1	
368	370	765	  1	
368	528	765	  1	
370	378	765	  1	
371	 23	765	  1	
371	 95	765	  1	
371	232	765	  1	
371	331	765	  1	
373	 39	765	  1	
373	128	765	  1	
373	135	765	  1	
373	150	765	  1	
373	174	765	  1	
373	343	765	  1	
374	 89	765	  1	
374	259	765	  1	
375	 16	765	  1	
375	144	765	  1	
375	239	765	  1	
375	280	765	  1	
375	301	765	  1	
375	370	765	  1	
375	383	765	  1	
375	471	765	  1	
376	 43	765	  1	
376	 81	765	  1	
376	102	765	  1	
376	106	765	  1	
376	110	765	  1	
376	181	765	  1	
376	283	765	  1	
376	368	765	  1	
376	375	765	  1	
377	304	765	  1	
378	114	765	  1	
378	126	765	  1	
379	 87	765	  1	
379	 96	765	  1	
379	108	765	  1	
379	119	765	  1	
379	240	765	  1	
381	  0	765	  1	
382	  6	765	  1	
382	153	765	  1	
383	 43	765	  1	
383	 80	765	  1	
383	280	765	  1	
383	287	765	  1	
383	292	765	  1	
383	308	765	  1	
383	371	765	  1	
383	388	765	  1	
383	599	765	  1	
384	 24	765	  1	
384	 28	765	  1	
384	 79	765	  1	
384	183	765	  1	
384	190	765	  1	
384	204	765	  1	
384	349	765	  1	
384	415	765	  1	
384	499	765	  1	
385	106	765	  1	
385	186	765	  1	
387	 95	765	  1	
387	344	765	  1	
387	400	765	  1	
388	223	765	  1	
389	  0	765	  1	
389	 64	765	  1	
389	192	765	  1	
391	 19	765	  1	
391	519	765	  1	
392	 10	765	  1	
392	 48	765	  1	
392	 95	765	  1	
392	120	765	  1	
392	130	765	  1	
392	138	765	  1	
392	143	765	  1	
392	151	765	  1	
392	177	765	  1	
392	224	765	  1	
392	237	765	  1	
392	285	765	  1	
392	320	765	  1	
392	435	765	  1	
392	503	765	  1	
394	  2	765	  1	
394	119	765	  1	
395	 78	765	  1	
397	 19	765	  1	
397	175	765	  1	
397	232	765	  1	
398	  0	765	  1	
398	 15	765	  1	
398	219	765	  1	
398	272	765	  1	
398	276	765	  1	
399	112	765	  1	
399	167	765	  1	
399	200	765	  1	
400	 11	765	  1	
400	 44	765	  1	
400	 85	765	  1	
400	101	765	  1	
400	152	765	  1	
400	183	765	  1	
400	191	765	  1	
400	205	765	  1	
400	270	765	  1	
400	360	765	  1	
400	437	765	  1	
400	471	765	  1	
400	580	765	  1	
401	488	765	  1	
402	200	765	  1	
402	215	765	  1	
402	466	765	  1	
403	  0	765	  1	
403	 32	765	  1	
403	184	765	  1	
403	248	765	  1	
403	367	765	  1	
404	225	765	  1	
404	355	765	  1	
405	 24	765	  1	
405	330	765	  1	
405	333	765	  1	
405	471	765	  1	
406	140	765	  1	
406	205	765	  1	
407	  8	765	  1	
407	 15	765	  1	
407	 39	765	  1	
407	191	765	  1	
407	270	765	  1	
407	360	765	  1	
408	  0	765	  1	
408	  6	765	  1	
408	 74	765	  1	
408	 78	765	  1	
408	 93	765	  1	
408	108	765	  1	
408	116	765	  1	
408	144	765	  1	
408	152	765	  1	
408	203	765	  1	
408	224	765	  1	
408	238	765	  1	
408	254	765	  1	
408	307	765	  1	
408	312	765	  1	
408	453	765	  1	
408	480	765	  1	
408	511	765	  1	
409	124	765	  1	
410	 96	765	  1	
411	231	765	  1	
411	263	765	  1	
411	427	765	  1	
412	535	765	  1	
413	  3	765	  1	
413	104	765	  1	
413	336	765	  1	
414	 94	765	  1	
414	127	765	  1	
414	144	765	  1	
414	487	765	  1	
415	203	765	  1	
415	304	765	  1	
415	311	765	  1	
415	354	765	  1	
416	  8	765	  1	
416	 27	765	  1	
416	126	765	  1	
416	169	765	  1	
416	184	765	  1	
416	191	765	  1	
416	207	765	  1	
416	232	765	  1	
416	240	765	  1	
416	589	765	  1	
417	 96	765	  1	
418	304	765	  1	
421	 83	765	  1	
422	  0	765	  1	
422	 43	765	  1	
422	239	765	  1	
423	 79	765	  1	
423	179	765	  1	
423	202	765	  1	
423	287	765	  1	
423	349	765	  1	
424	 37	765	  1	
424	 55	765	  1	
424	 91	765	  1	
424	 98	765	  1	
424	153	765	  1	
424	207	765	  1	
424	216	765	  1	
424	256	765	  1	
424	312	765	  1	
426	  0	765	  1	
426	120	765	  1	
426	135	765	  1	
426	240	765	  1	
426	264	765	  1	
426	296	765	  1	
427	 64	765	  1	
427	176	765	  1	
427	182	765	  1	
427	191	765	  1	
427	319	765	  1	
428	 23	765	  1	
428	 31	765	  1	
428	127	765	  1	
428	202	765	  1	
428	223	765	  1	
428	279	765	  1	
429	 96	765	  1	
429	103	765	  1	
429	112	765	  1	
429	250	765	  1	
429	274	765	  1	
430	 32	765	  1	
431	312	765	  1	
432	105	765	  1	
432	167	765	  1	
432	179	765	  1	
432	192	765	  1	
432	199	765	  1	
432	254	765	  1	
432	271	765	  1	
432	314	765	  1	
433	 75	765	  1	
433	304	765	  1	
434	213	765	  1	
435	172	765	  1	
435	208	765	  1	
435	232	765	  1	
435	279	765	  1	
437	 14	765	  1	
437	216	765	  1	
437	266	765	  1	
438	152	765	  1	
439	 72	765	  1	
439	183	765	  1	
439	195	765	  1	
439	254	765	  1	
439	272	765	  1	
439	311	765	  1	
440	  8	765	  1	
440	 54	765	  1	
440	 88	765	  1	
440	 92	765	  1	
440	107	765	  1	
440	124	765	  1	
440	134	765	  1	
440	138	765	  1	
440	180	765	  1	
440	212	765	  1	
440	228	765	  1	
440	245	765	  1	
440	262	765	  1	
440	277	765	  1	
440	336	765	  1	
440	544	765	  1	
441	 16	765	  1	
441	183	765	  1	
441	267	765	  1	
442	 80	765	  1	
442	595	765	  1	
443	  8	765	  1	
443	 15	765	  1	
443	163	765	  1	
443	256	765	  1	
444	 19	765	  1	
444	126	765	  1	
444	157	765	  1	
445	 64	765	  1	
445	 74	765	  1	
445	 95	765	  1	
445	240	765	  1	
446	268	765	  1	
447	 47	765	  1	
447	111	765	  1	
447	144	765	  1	
447	180	765	  1	
447	271	765	  1	
448	 10	765	  1	
448	 35	765	  1	
448	141	765	  1	
448	172	765	  1	
448	216	765	  1	
448	289	765	  1	
448	437	765	  1	
449	186	765	  1	
450	 32	765	  1	
450	 62	765	  1	
450	144	765	  1	
450	159	765	  1	
450	213	765	  1	
451	151	765	  1	
451	306	765	  1	
452	 29	765	  1	
452	 88	765	  1	
452	221	765	  1	
453	111	765	  1	
453	123	765	  1	
454	 56	765	  1	
454	271	765	  1	
455	 44	765	  1	
455	128	765	  1	
455	146	765	  1	
455	191	765	  1	
456	  2	765	  1	
456	 10	765	  1	
456	 32	765	  1	
456	 63	765	  1	
456	 85	765	  1	
456	115	765	  1	
456	120	765	  1	
456	126	765	  1	
456	132	765	  1	
456	144	765	  1	
456	154	765	  1	
456	159	765	  1	
456	196	765	  1	
456	200	765	  1	
456	204	765	  1	
456	258	765	  1	
458	 37	765	  1	
458	208	765	  1	
459	151	765	  1	
459	243	765	  1	
461	178	765	  1	
462	  8	765	  1	
462	119	765	  1	
462	130	765	  1	
462	143	765	  1	
462	223	765	  1	
463	 36	765	  1	
463	192	765	  1	
463	400	765	  1	
464	 66	765	  1	
464	 95	765	  1	
464	102	765	  1	
464	165	765	  1	
464	184	765	  1	
464	190	765	  1	
464	211	765	  1	
464	296	765	  1	
464	303	765	  1	
465	107	765	  1	
465	171	765	  1	
466	 80	765	  1	
466	158	765	  1	
466	202	765	  1	
467	120	765	  1	
468	114	765	  1	
469	 64	765	  1	
469	216	765	  1	
470	152	765	  1	
471	 95	765	  1	
471	299	765	  1	
472	  0	765	  1	
472	 18	765	  1	
472	 32	765	  1	
472	 39	765	  1	
472	 80	765	  1	
472	101	765	  1	
472	107	765	  1	
472	140	765	  1	
472	155	765	  1	
472	177	765	  1	
472	211	765	  1	
472	287	765	  1	
472	348	765	  1	
473	120	765	  1	
475	 23	765	  1	
475	 64	765	  1	
477	  6	765	  1	
477	127	765	  1	
478	 18	765	  1	
478	100	765	  1	
478	223	765	  1	
479	 88	765	  1	
480	 76	765	  1	
480	160	765	  1	
480	240	765	  1	
480	271	765	  1	
480	296	765	  1	
480	304	765	  1	
480	320	765	  1	
480	399	765	  1	
481	378	765	  1	
482	 88	765	  1	
482	226	765	  1	
483	231	765	  1	
484	 16	765	  1	
484	 64	765	  1	
484	116	765	  1	
484	300	765	  1	
485	  0	765	  1	
485	139	765	  1	
485	152	765	  1	
485	166	765	  1	
485	216	765	  1	
485	295	765	  1	
486	 23	765	  1	
486	311	765	  1	
487	 76	765	  1	
487	240	765	  1	
488	  3	765	  1	
488	 10	765	  1	
488	 99	765	  1	
488	109	765	  1	
488	171	765	  1	
488	192	765	  1	
488	198	765	  1	
488	266	765	  1	
488	323	765	  1	
490	309	765	  1	
491	176	765	  1	
491	503	765	  1	
492	 16	765	  1	
492	200	765	  1	
493	 11	765	  1	
493	 40	765	  1	
493	 60	765	  1	
493	158	765	  1	
494	182	765	  1	
494	328	765	  1	
495	  0	765	  1	
495	168	765	  1	
495	175	765	  1	
495	304	765	  1	
495	335	765	  1	
495	344	765	  1	
496	 21	765	  1	
496	 56	765	  1	
496	133	765	  1	
496	213	765	  1	
496	226	765	  1	
496	264	765	  1	
496	440	765	  1	
497	388	765	  1	
498	 16	765	  1	
498	208	765	  1	
499	304	765	  1	
500	143	765	  1	
500	400	765	  1	
501	 72	765	  1	
501	120	765	  1	
502	 22	765	  1	
502	214	765	  1	
503	134	765	  1	
503	140	765	  1	
503	224	765	  1	
503	231	765	  1	
503	376	765	  1	
503	391	765	  1	
504	  0	765	  1	
504	 43	765	  1	
504	100	765	  1	
504	112	765	  1	
506	  5	765	  1	
507	 48	765	  1	
507	120	765	  1	
507	346	765	  1	
508	 96	765	  1	
509	 72	765	  1	
509	 79	765	  1	
509	118	765	  1	
509	136	765	  1	
509	240	765	  1	
510	108	765	  1	
511	  0	765	  1	
511	 88	765	  1	
512	  8	765	  1	
512	 16	765	  1	
512	 35	765	  1	
512	 54	765	  1	
512	 83	765	  1	
512	144	765	  1	
512	151	765	  1	
512	211	765	  1	
512	251	765	  1	
512	263	765	  1	
512	296	765	  1	
512	327	765	  1	
513	156	765	  1	
514	160	765	  1	
514	167	765	  1	
514	389	765	  1	
515	 63	765	  1	
515	 71	765	  1	
516	111	765	  1	
517	 40	765	  1	
518	 15	765	  1	
518	 88	765	  1	
519	 51	765	  1	
519	156	765	  1	
519	211	765	  1	
520	117	765	  1	
520	248	765	  1	
520	265	765	  1	
520	304	765	  1	
520	344	765	  1	
521	198	765	  1	
522	103	765	  1	
522	255	765	  1	
522	271	765	  1	
523	 45	765	  1	
523	135	765	  1	
523	140	765	  1	
523	147	765	  1	
525	112	765	  1	
525	311	765	  1	
526	144	765	  1	
526	151	765	  1	
526	237	765	  1	
526	266	765	  1	
527	 53	765	  1	
527	 95	765	  1	
527	132	765	  1	
527	232	765	  1	
528	 27	765	  1	
528	 40	765	  1	
528	 45	765	  1	
528	152	765	  1	
528	184	765	  1	
528	195	765	  1	
528	208	765	  1	
528	214	765	  1	
529	  0	765	  1	
529	143	765	  1	
530	136	765	  1	
531	104	765	  1	
531	368	765	  1	
532	246	765	  1	
532	280	765	  1	
532	295	765	  1	
533	 88	765	  1	
533	128	765	  1	
533	158	765	  1	
534	374	765	  1	
534	383	765	  1	
535	 24	765	  1	
535	 31	765	  1	
535	192	765	  1	
535	199	765	  1	
536	 48	765	  1	
536	109	765	  1	
536	149	765	  1	
536	168	765	  1	
536	182	765	  1	
536	185	765	  1	
536	200	765	  1	
536	255	765	  1	
536	317	765	  1	
536	414	765	  1	
537	 63	765	  1	
537	 86	765	  1	
538	285	765	  1	
539	400	765	  1	
540	  6	765	  1	
540	312	765	  1	
541	  8	765	  1	
541	128	765	  1	
541	135	765	  1	
541	209	765	  1	
541	343	765	  1	
543	 24	765	  1	
543	179	765	  1	
543	189	765	  1	
543	240	765	  1	
544	 76	765	  1	
544	 79	765	  1	
544	 88	765	  1	
544	 94	765	  1	
544	222	765	  1	
544	262	765	  1	
544	319	765	  1	
544	373	765	  1	
544	383	765	  1	
546	 48	765	  1	
546	192	765	  1	
547	431	765	  1	
550	 87	765	  1	
550	232	765	  1	
551	 80	765	  1	
551	222	765	  1	
551	375	765	  1	
552	  8	765	  1	
552	 16	765	  1	
552	 79	765	  1	
552	111	765	  1	
552	115	765	  1	
552	135	765	  1	
552	177	765	  1	
552	259	765	  1	
552	287	765	  1	
552	317	765	  1	
552	389	765	  1	
553	128	765	  1	
555	104	765	  1	
555	191	765	  1	
555	319	765	  1	
556	488	765	  1	
559	 72	765	  1	
559	111	765	  1	
559	132	765	  1	
559	256	765	  1	
559	263	765	  1	
559	317	765	  1	
559	389	765	  1	
559	415	765	  1	
560	  0	765	  1	
560	  8	765	  1	
560	120	765	  1	
560	126	765	  1	
560	195	765	  1	
560	208	765	  1	
560	232	765	  1	
560	239	765	  1	
562	192	765	  1	
562	198	765	  1	
563	296	765	  1	
563	395	765	  1	
567	  0	765	  1	
567	125	765	  1	
567	235	765	  1	
567	282	765	  1	
567	307	765	  1	
568	182	765	  1	
568	216	765	  1	
568	223	765	  1	
568	256	765	  1	
568	260	765	  1	
568	271	765	  1	
568	279	765	  1	
569	 83	765	  1	
570	232	765	  1	
571	272	765	  1	
575	163	765	  1	
575	182	765	  1	
575	219	765	  1	
575	279	765	  1	
576	  0	765	  1	
576	 75	765	  1	
576	 96	765	  1	
576	102	765	  1	
576	173	765	  1	
576	284	765	  1	
576	298	765	  1	
578	 10	765	  1	
578	240	765	  1	
579	103	765	  1	
579	208	765	  1	
579	215	765	  1	
579	224	765	  1	
580	168	765	  1	
580	272	765	  1	
582	104	765	  1	
582	187	765	  1	
583	  0	765	  1	
583	 75	765	  1	
583	268	765	  1	
584	 95	765	  1	
584	102	765	  1	
584	120	765	  1	
584	127	765	  1	
584	200	765	  1	
584	239	765	  1	
584	286	765	  1	
584	312	765	  1	
584	316	765	  1	
584	387	765	  1	
585	296	765	  1	
587	 55	765	  1	
587	272	765	  1	
589	200	765	  1	
589	384	765	  1	
590	287	765	  1	
590	327	765	  1	
591	 71	765	  1	
591	123	765	  1	
591	159	765	  1	
591	454	765	  1	
592	 63	765	  1	
592	211	765	  1	
592	248	765	  1	
592	280	765	  1	
592	424	765	  1	
593	287	765	  1	
595	 96	765	  1	
596	106	765	  1	
598	 63	765	  1	
598	304	765	  1	
599	  7	765	  1	
599	208	765	  1	
599	215	765	  1	
599	280	765	  1	
599	328	765	  1	
600	 80	765	  1	
600	192	765	  1	
600	243	765	  1	
600	272	765	  1	
600	279	765	  1	
600	312	765	  1	
600	376	765	  1	
600	382	765	  1	
601	 63	765	  1	
601	232	765	  1	
602	104	765	  1	
603	203	765	  1	
603	255	765	  1	
603	432	765	  1	
606	333	765	  1	
607	 80	765	  1	
607	250	765	  1	
608	 83	765	  1	
608	256	765	  1	
608	307	765	  1	
608	350	765	  1	
609	303	765	  1	
610	244	765	  1	
611	280	765	  1	
613	323	765	  1	
614	308	765	  1	
615	 68	765	  1	
615	115	765	  1	
615	232	765	  1	
615	237	765	  1	
615	344	765	  1	
616	260	765	  1	
616	304	765	  1	
616	328	765	  1	
616	355	765	  1	
618	352	765	  1	
618	480	765	  1	
619	310	765	  1	
621	263	765	  1	
622	143	765	  1	
622	332	765	  1	
623	 21	765	  1	
623	355	765	  1	
624	 69	765	  1	
624	272	765	  1	
624	276	765	  1	
624	304	765	  1	
624	327	765	  1	
625	311	765	  1	
628	286	765	  1	
628	352	765	  1	
629	351	765	  1	
630	280	765	  1	
631	 71	765	  1	
631	136	765	  1	
631	304	765	  1	
631	354	765	  1	
632	 72	765	  1	
632	170	765	  1	
632	214	765	  1	
632	527	765	  1	
634	443	765	  1	
635	 15	765	  1	
635	294	765	  1	
637	112	765	  1	
638	168	765	  1	
638	288	765	  1	
639	 82	765	  1	
640	 48	765	  1	
640	136	765	  1	
640	199	765	  1	
642	186	765	  1	
644	399	765	  1	
645	400	765	  1	
646	404	765	  1	
647	 48	765	  1	
647	140	765	  1	
648	368	765	  1	
650	196	765	  1	
652	176	765	  1	
653	183	765	  1	
653	375	765	  1	
655	419	765	  1	
656	357	765	  1	
663	285	765	  1	
664	 96	765	  1	
664	192	765	  1	
664	368	765	  1	
667	 15	765	  1	
670	160	765	  1	
671	 96	765	  1	
671	387	765	  1	
672	223	765	  1	
676	120	765	  1	
679	216	765	  1	
679	249	765	  1	
680	  4	765	  1	
680	399	765	  1	
684	392	765	  1	
685	262	765	  1	
687	104	765	  1	
690	511	765	  1	
696	255	765	  1	
704	247	765	  1	
711	322	765	  1	
711	528	765	  1	
712	256	765	  1	
725	580	765	  1	
728	256	765	  1	
733	341	765	  1	
734	382	765	  1	
736	 56	765	  1	
753	124	765	  1	
760	195	765	  1	
765	537	765	  1	
794	496	765	  1	
