# 
#  Image file: Goad1_T0088.jpg
#  Applied threshold: 575
#  Algorithm used: fill2                 
#  Particle count: 1964
#  Location (x,y), max luminance, and mass:
# 
  6	191	765	  1	
  7	187	765	  1	
  8	143	765	  1	
 10	366	765	  1	
 11	184	765	  1	
 15	195	765	  1	
 15	232	765	  1	
 17	 21	765	  1	
 21	411	765	  1	
 23	220	765	  1	
 24	224	765	  1	
 31	216	765	  1	
 40	239	765	  1	
 40	472	765	  1	
 44	475	765	  1	
 46	301	765	  1	
 47	248	765	  1	
 47	479	765	  1	
 52	 83	765	  1	
 55	316	765	  1	
 56	104	765	  1	
 56	142	765	  1	
 56	145	765	  1	
 64	131	765	  1	
 64	312	765	  1	
 71	179	765	  1	
 71	599	765	  1	
 72	152	765	  1	
 72	279	765	  1	
 72	316	765	  1	
 72	416	765	  1	
 75	360	765	  1	
 76	 15	765	  1	
 79	374	765	  1	
 80	 71	765	  1	
 80	448	765	  1	
 81	184	765	  1	
 83	342	765	  1	
 84	 96	765	  1	
 87	448	765	  1	
 88	128	765	  1	
 88	230	765	  1	
 88	238	765	  1	
 91	135	765	  1	
 91	331	765	  1	
 95	128	765	  1	
 95	152	765	  1	
 95	235	765	  1	
 95	386	765	  1	
 96	120	765	  1	
 96	224	765	  1	
 96	400	765	  1	
 98	234	765	  1	
 99	168	765	  1	
 99	209	765	  1	
100	 88	765	  1	
100	367	765	  1	
101	122	765	  1	
101	224	765	  1	
101	239	765	  1	
102	174	765	  1	
102	215	765	  1	
103	150	765	  1	
104	176	765	  1	
104	183	765	  1	
104	455	765	  1	
107	504	765	  1	
108	511	765	  1	
109	401	765	  1	
111	176	765	  1	
111	183	765	  1	
111	407	765	  1	
112	171	765	  1	
112	359	765	  1	
112	419	765	  1	
112	485	765	  1	
114	 80	765	  1	
114	160	765	  1	
119	166	765	  1	
119	495	765	  1	
120	189	765	  1	
120	231	765	  1	
124	128	765	  1	
125	112	765	  1	
126	  7	765	  1	
126	135	765	  1	
126	184	765	  1	
127	119	765	  1	
127	173	765	  1	
127	251	765	  1	
128	  5	765	  1	
128	 96	765	  1	
128	245	765	  1	
128	248	765	  1	
128	312	765	  1	
128	504	765	  1	
130	128	765	  1	
130	300	765	  1	
131	143	765	  1	
131	354	765	  1	
131	511	765	  1	
132	110	765	  1	
133	134	765	  1	
133	218	765	  1	
135	 80	765	  1	
135	128	765	  1	
135	136	765	  1	
135	359	765	  1	
135	382	765	  1	
135	504	765	  1	
136	168	765	  1	
136	175	765	  1	
136	335	765	  1	
136	431	765	  1	
136	439	765	  1	
137	259	765	  1	
138	229	765	  1	
140	103	765	  1	
140	184	765	  1	
140	391	765	  1	
142	134	765	  1	
143	171	765	  1	
143	291	765	  1	
143	335	765	  1	
143	392	765	  1	
144	 99	765	  1	
144	144	765	  1	
144	176	765	  1	
144	181	765	  1	
144	239	765	  1	
144	347	765	  1	
144	439	765	  1	
145	234	765	  1	
146	368	765	  1	
147	151	765	  1	
147	304	765	  1	
149	207	765	  1	
149	567	765	  1	
151	144	765	  1	
151	232	765	  1	
152	212	765	  1	
152	332	765	  1	
155	104	765	  1	
155	342	765	  1	
157	259	765	  1	
157	264	765	  1	
157	335	765	  1	
157	365	765	  1	
158	294	765	  1	
158	360	765	  1	
159	192	765	  1	
159	232	765	  1	
160	102	765	  1	
160	176	765	  1	
160	333	765	  1	
160	383	765	  1	
161	384	765	  1	
162	 88	765	  1	
163	159	765	  1	
163	279	765	  1	
163	352	765	  1	
163	364	765	  1	
164	144	765	  1	
165	 23	765	  1	
165	175	765	  1	
166	269	765	  1	
166	288	765	  1	
167	 88	765	  1	
167	256	765	  1	
167	263	765	  1	
168	  0	765	  1	
168	 55	765	  1	
168	 75	765	  1	
168	168	765	  1	
168	203	765	  1	
168	240	765	  1	
168	264	765	  1	
168	280	765	  1	
168	286	765	  1	
168	328	765	  1	
168	335	765	  1	
168	367	765	  1	
168	427	765	  1	
168	432	765	  1	
169	103	765	  1	
170	343	765	  1	
171	 95	765	  1	
171	338	765	  1	
171	359	765	  1	
173	224	765	  1	
173	240	765	  1	
174	200	765	  1	
174	207	765	  1	
175	 47	765	  1	
175	 72	765	  1	
175	 79	765	  1	
175	120	765	  1	
175	127	765	  1	
175	340	765	  1	
175	384	765	  1	
175	471	765	  1	
176	 55	765	  1	
176	211	765	  1	
176	232	765	  1	
176	322	765	  1	
176	344	765	  1	
176	351	765	  1	
176	397	765	  1	
176	407	765	  1	
176	480	765	  1	
176	494	765	  1	
177	247	765	  1	
178	  0	765	  1	
178	 91	765	  1	
179	 11	765	  1	
179	376	765	  1	
180	159	765	  1	
180	399	765	  1	
181	315	765	  1	
181	340	765	  1	
181	365	765	  1	
182	  3	765	  1	
183	191	765	  1	
183	211	765	  1	
183	224	765	  1	
183	246	765	  1	
183	347	765	  1	
183	407	765	  1	
184	 47	765	  1	
184	 56	765	  1	
184	 79	765	  1	
184	103	765	  1	
184	222	765	  1	
184	280	765	  1	
184	290	765	  1	
184	360	765	  1	
184	367	765	  1	
184	379	765	  1	
184	399	765	  1	
184	408	765	  1	
184	493	765	  1	
187	 40	765	  1	
187	135	765	  1	
187	214	765	  1	
188	 16	765	  1	
188	111	765	  1	
189	330	765	  1	
190	223	765	  1	
190	395	765	  1	
191	  0	765	  1	
191	 47	765	  1	
191	128	765	  1	
191	159	765	  1	
191	266	765	  1	
191	363	765	  1	
191	391	765	  1	
191	399	765	  1	
192	 13	765	  1	
192	 16	765	  1	
192	 83	765	  1	
192	100	765	  1	
192	208	765	  1	
192	354	765	  1	
194	  8	765	  1	
194	 71	765	  1	
194	124	765	  1	
195	 78	765	  1	
195	296	765	  1	
196	111	765	  1	
196	219	765	  1	
198	163	765	  1	
198	357	765	  1	
198	484	765	  1	
199	 80	765	  1	
199	 87	765	  1	
199	 98	765	  1	
199	125	765	  1	
199	422	765	  1	
200	 23	765	  1	
200	 88	765	  1	
200	 92	765	  1	
200	 99	765	  1	
200	176	765	  1	
200	227	765	  1	
200	248	765	  1	
200	280	765	  1	
200	311	765	  1	
200	342	765	  1	
200	391	765	  1	
201	384	765	  1	
203	144	765	  1	
203	304	765	  1	
203	504	765	  1	
204	254	765	  1	
204	332	765	  1	
206	 75	765	  1	
206	 93	765	  1	
206	 96	765	  1	
206	112	765	  1	
206	119	765	  1	
206	176	765	  1	
206	349	765	  1	
207	 88	765	  1	
207	143	765	  1	
207	224	765	  1	
207	231	765	  1	
207	311	765	  1	
207	376	765	  1	
207	415	765	  1	
208	 40	765	  1	
208	 45	765	  1	
208	 60	765	  1	
208	109	765	  1	
208	122	765	  1	
208	130	765	  1	
208	134	765	  1	
208	215	765	  1	
208	248	765	  1	
208	252	765	  1	
208	263	765	  1	
208	312	765	  1	
208	319	765	  1	
208	344	765	  1	
209	152	765	  1	
209	398	765	  1	
211	 55	765	  1	
211	120	765	  1	
211	208	765	  1	
211	256	765	  1	
212	 40	765	  1	
212	 47	765	  1	
213	159	765	  1	
213	231	765	  1	
214	 68	765	  1	
214	131	765	  1	
214	442	765	  1	
215	 48	765	  1	
215	153	765	  1	
215	215	765	  1	
215	263	765	  1	
215	315	765	  1	
215	346	765	  1	
215	407	765	  1	
215	583	765	  1	
216	120	765	  1	
216	136	765	  1	
216	179	765	  1	
216	200	765	  1	
216	475	765	  1	
216	502	765	  1	
218	  0	765	  1	
218	176	765	  1	
218	190	765	  1	
219	 72	765	  1	
219	336	765	  1	
220	120	765	  1	
220	252	765	  1	
221	  8	765	  1	
221	144	765	  1	
221	160	765	  1	
221	168	765	  1	
221	215	765	  1	
222	 43	765	  1	
222	127	765	  1	
222	242	765	  1	
222	399	765	  1	
223	300	765	  1	
224	  2	765	  1	
224	 61	765	  1	
224	 80	765	  1	
224	103	765	  1	
224	152	765	  1	
224	159	765	  1	
224	163	765	  1	
224	192	765	  1	
224	234	765	  1	
224	256	765	  1	
224	271	765	  1	
224	344	765	  1	
224	374	765	  1	
224	383	765	  1	
224	583	765	  1	
226	 89	765	  1	
226	439	765	  1	
227	 72	765	  1	
227	 83	765	  1	
227	182	765	  1	
227	264	765	  1	
227	327	765	  1	
227	330	765	  1	
228	259	765	  1	
228	432	765	  1	
229	 56	765	  1	
229	136	765	  1	
229	339	765	  1	
230	  7	765	  1	
230	352	765	  1	
230	416	765	  1	
231	167	765	  1	
231	271	765	  1	
231	379	765	  1	
232	  8	765	  1	
232	 13	765	  1	
232	 53	765	  1	
232	 87	765	  1	
232	118	765	  1	
232	128	765	  1	
232	133	765	  1	
232	144	765	  1	
232	151	765	  1	
232	232	765	  1	
232	274	765	  1	
232	279	765	  1	
232	360	765	  1	
232	392	765	  1	
232	398	765	  1	
232	429	765	  1	
232	482	765	  1	
234	261	765	  1	
235	 93	765	  1	
235	367	765	  1	
236	276	765	  1	
237	 72	765	  1	
237	167	765	  1	
237	222	765	  1	
237	259	765	  1	
237	395	765	  1	
237	408	765	  1	
237	422	765	  1	
237	432	765	  1	
237	437	765	  1	
238	176	765	  1	
239	 90	765	  1	
239	184	765	  1	
239	191	765	  1	
239	360	765	  1	
240	 64	765	  1	
240	 93	765	  1	
240	130	765	  1	
240	152	765	  1	
240	173	765	  1	
240	199	765	  1	
240	303	765	  1	
240	305	765	  1	
240	384	765	  1	
240	391	765	  1	
240	439	765	  1	
240	455	765	  1	
240	464	765	  1	
240	480	765	  1	
242	192	765	  1	
243	  1	765	  1	
243	166	765	  1	
243	432	765	  1	
244	470	765	  1	
245	 70	765	  1	
245	279	765	  1	
246	352	765	  1	
246	408	765	  1	
246	415	765	  1	
247	199	765	  1	
247	384	765	  1	
247	391	765	  1	
247	439	765	  1	
248	  5	765	  1	
248	 56	765	  1	
248	105	765	  1	
248	136	765	  1	
248	168	765	  1	
248	195	765	  1	
248	204	765	  1	
248	218	765	  1	
248	223	765	  1	
248	288	765	  1	
248	322	765	  1	
248	392	765	  1	
248	480	765	  1	
248	487	765	  1	
248	509	765	  1	
249	 31	765	  1	
250	 14	765	  1	
250	120	765	  1	
251	399	765	  1	
251	478	765	  1	
252	200	765	  1	
253	 40	765	  1	
253	 47	765	  1	
253	130	765	  1	
253	205	765	  1	
253	299	765	  1	
253	440	765	  1	
254	 24	765	  1	
254	152	765	  1	
254	159	765	  1	
254	472	765	  1	
254	506	765	  1	
255	176	765	  1	
255	392	765	  1	
255	483	765	  1	
256	 32	765	  1	
256	 68	765	  1	
256	 80	765	  1	
256	120	765	  1	
256	148	765	  1	
256	168	765	  1	
256	185	765	  1	
256	205	765	  1	
256	232	765	  1	
256	240	765	  1	
256	248	765	  1	
256	266	765	  1	
256	385	765	  1	
256	391	765	  1	
257	158	765	  1	
258	170	765	  1	
259	112	765	  1	
259	255	765	  1	
259	376	765	  1	
259	416	765	  1	
259	419	765	  1	
259	423	765	  1	
259	487	765	  1	
260	123	765	  1	
260	276	765	  1	
260	296	765	  1	
260	473	765	  1	
261	 43	765	  1	
261	192	765	  1	
261	222	765	  1	
261	246	765	  1	
261	479	765	  1	
262	  0	765	  1	
262	200	765	  1	
263	 35	765	  1	
263	 80	765	  1	
263	168	765	  1	
263	175	765	  1	
263	208	765	  1	
263	232	765	  1	
264	  8	765	  1	
264	 48	765	  1	
264	 54	765	  1	
264	 75	765	  1	
264	 96	765	  1	
264	103	765	  1	
264	113	765	  1	
264	139	765	  1	
264	161	765	  1	
264	176	765	  1	
264	207	765	  1	
264	216	765	  1	
264	259	765	  1	
264	289	765	  1	
264	316	765	  1	
264	326	765	  1	
264	335	765	  1	
264	400	765	  1	
265	 82	765	  1	
265	 87	765	  1	
266	266	765	  1	
266	350	765	  1	
267	 15	765	  1	
267	 72	765	  1	
267	112	765	  1	
267	128	765	  1	
268	262	765	  1	
268	408	765	  1	
269	  0	765	  1	
269	120	765	  1	
270	265	765	  1	
270	344	765	  1	
270	515	765	  1	
271	  8	765	  1	
271	331	765	  1	
271	413	765	  1	
271	531	765	  1	
271	553	765	  1	
271	560	765	  1	
272	 16	765	  1	
272	 64	765	  1	
272	 88	765	  1	
272	 94	765	  1	
272	165	765	  1	
272	219	765	  1	
272	227	765	  1	
272	314	765	  1	
272	430	765	  1	
272	471	765	  1	
272	543	765	  1	
274	108	765	  1	
274	400	765	  1	
275	 77	765	  1	
275	139	765	  1	
275	151	765	  1	
275	302	765	  1	
275	536	765	  1	
276	 38	765	  1	
276	322	765	  1	
277	 88	765	  1	
277	260	765	  1	
277	272	765	  1	
278	  0	765	  1	
278	 23	765	  1	
278	 32	765	  1	
278	285	765	  1	
278	520	765	  1	
278	527	765	  1	
279	 48	765	  1	
279	 69	765	  1	
279	 72	765	  1	
279	216	765	  1	
279	223	765	  1	
279	332	765	  1	
279	464	765	  1	
279	543	765	  1	
280	 56	765	  1	
280	 86	765	  1	
280	108	765	  1	
280	112	765	  1	
280	119	765	  1	
280	152	765	  1	
280	168	765	  1	
280	192	765	  1	
280	196	765	  1	
280	210	765	  1	
280	240	765	  1	
280	247	765	  1	
280	344	765	  1	
280	359	765	  1	
280	400	765	  1	
280	474	765	  1	
280	503	765	  1	
281	 71	765	  1	
282	 84	765	  1	
282	136	765	  1	
282	255	765	  1	
282	312	765	  1	
283	  0	765	  1	
283	155	765	  1	
283	263	765	  1	
284	115	765	  1	
284	368	765	  1	
284	406	765	  1	
285	 66	765	  1	
285	123	765	  1	
285	160	765	  1	
285	167	765	  1	
285	173	765	  1	
285	216	765	  1	
285	290	765	  1	
285	552	765	  1	
285	559	765	  1	
286	152	765	  1	
286	295	765	  1	
286	344	765	  1	
286	375	765	  1	
286	415	765	  1	
286	504	765	  1	
287	 71	765	  1	
287	 86	765	  1	
287	208	765	  1	
287	500	765	  1	
288	  0	765	  1	
288	 51	765	  1	
288	 72	765	  1	
288	 77	765	  1	
288	 82	765	  1	
288	 88	765	  1	
288	157	765	  1	
288	163	765	  1	
288	190	765	  1	
288	229	765	  1	
288	292	765	  1	
288	296	765	  1	
288	307	765	  1	
288	311	765	  1	
288	357	765	  1	
288	382	765	  1	
288	390	765	  1	
288	419	765	  1	
288	479	765	  1	
288	503	765	  1	
288	547	765	  1	
288	568	765	  1	
289	 32	765	  1	
290	 15	765	  1	
290	 60	765	  1	
290	168	765	  1	
290	224	765	  1	
290	376	765	  1	
291	 96	765	  1	
291	128	765	  1	
291	208	765	  1	
291	298	765	  1	
291	460	765	  1	
292	  4	765	  1	
292	 74	765	  1	
292	 79	765	  1	
293	 87	765	  1	
293	136	765	  1	
293	235	765	  1	
293	349	765	  1	
294	 95	765	  1	
294	174	765	  1	
294	230	765	  1	
294	344	765	  1	
294	551	765	  1	
295	  0	765	  1	
295	 38	765	  1	
295	 62	765	  1	
295	167	765	  1	
295	190	765	  1	
295	296	765	  1	
296	 16	765	  1	
296	 23	765	  1	
296	 28	765	  1	
296	 51	765	  1	
296	104	765	  1	
296	130	765	  1	
296	251	765	  1	
296	312	765	  1	
296	333	765	  1	
296	394	765	  1	
296	412	765	  1	
297	203	765	  1	
297	459	765	  1	
297	483	765	  1	
298	120	765	  1	
298	224	765	  1	
298	328	765	  1	
299	 48	765	  1	
299	 64	765	  1	
299	379	765	  1	
300	  4	765	  1	
301	 56	765	  1	
301	 88	765	  1	
301	 95	765	  1	
301	184	765	  1	
301	246	765	  1	
302	 16	765	  1	
302	 29	765	  1	
302	 32	765	  1	
302	 53	765	  1	
302	230	765	  1	
302	320	765	  1	
302	334	765	  1	
303	288	765	  1	
303	295	765	  1	
304	 11	765	  1	
304	200	765	  1	
304	215	765	  1	
304	218	765	  1	
304	286	765	  1	
304	302	765	  1	
304	343	765	  1	
304	423	765	  1	
304	527	765	  1	
305	327	765	  1	
307	  0	765	  1	
307	184	765	  1	
307	336	765	  1	
307	384	765	  1	
307	408	765	  1	
307	463	765	  1	
308	208	765	  1	
308	312	765	  1	
309	 96	765	  1	
309	150	765	  1	
309	219	765	  1	
309	296	765	  1	
309	344	765	  1	
310	307	765	  1	
310	320	765	  1	
311	  8	765	  1	
311	 15	765	  1	
311	112	765	  1	
311	119	765	  1	
311	256	765	  1	
311	419	765	  1	
311	496	765	  1	
311	512	765	  1	
311	535	765	  1	
311	576	765	  1	
312	 71	765	  1	
312	 77	765	  1	
312	123	765	  1	
312	157	765	  1	
312	223	765	  1	
312	226	765	  1	
312	231	765	  1	
312	312	765	  1	
312	393	765	  1	
312	403	765	  1	
312	408	765	  1	
312	443	765	  1	
312	463	765	  1	
312	475	765	  1	
313	234	765	  1	
314	152	765	  1	
314	200	765	  1	
314	255	765	  1	
314	399	765	  1	
315	224	765	  1	
315	279	765	  1	
317	  0	765	  1	
317	110	765	  1	
317	326	765	  1	
317	344	765	  1	
317	351	765	  1	
317	410	765	  1	
317	415	765	  1	
318	158	765	  1	
318	192	765	  1	
318	206	765	  1	
318	365	765	  1	
318	400	765	  1	
318	453	765	  1	
318	463	765	  1	
319	226	765	  1	
319	231	765	  1	
319	440	765	  1	
319	447	765	  1	
319	507	765	  1	
320	  4	765	  1	
320	 28	765	  1	
320	 68	765	  1	
320	 91	765	  1	
320	112	765	  1	
320	133	765	  1	
320	160	765	  1	
320	179	765	  1	
320	240	765	  1	
320	243	765	  1	
320	247	765	  1	
320	304	765	  1	
320	335	765	  1	
320	343	765	  1	
320	346	765	  1	
320	422	765	  1	
320	504	765	  1	
320	514	765	  1	
321	223	765	  1	
321	408	765	  1	
325	152	765	  1	
325	166	765	  1	
325	307	765	  1	
325	351	765	  1	
326	419	765	  1	
326	448	765	  1	
327	 88	765	  1	
327	 95	765	  1	
327	238	765	  1	
327	536	765	  1	
328	 16	765	  1	
328	 71	765	  1	
328	 76	765	  1	
328	151	765	  1	
328	192	765	  1	
328	196	765	  1	
328	210	765	  1	
328	244	765	  1	
328	251	765	  1	
328	260	765	  1	
328	299	765	  1	
328	348	765	  1	
328	352	765	  1	
328	358	765	  1	
328	400	765	  1	
328	429	765	  1	
328	438	765	  1	
328	451	765	  1	
328	461	765	  1	
328	579	765	  1	
329	 31	765	  1	
329	224	765	  1	
329	336	765	  1	
330	227	765	  1	
330	554	765	  1	
331	456	765	  1	
332	 67	765	  1	
332	216	765	  1	
333	 72	765	  1	
333	163	765	  1	
333	415	765	  1	
333	440	765	  1	
333	447	765	  1	
334	220	765	  1	
334	243	765	  1	
334	436	765	  1	
335	 26	765	  1	
335	 31	765	  1	
335	 63	765	  1	
335	147	765	  1	
335	400	765	  1	
335	424	765	  1	
335	459	765	  1	
335	566	765	  1	
336	 37	765	  1	
336	 56	765	  1	
336	 80	765	  1	
336	110	765	  1	
336	121	765	  1	
336	170	765	  1	
336	176	765	  1	
336	224	765	  1	
336	271	765	  1	
336	291	765	  1	
336	312	765	  1	
336	325	765	  1	
336	352	765	  1	
336	466	765	  1	
336	559	765	  1	
338	235	765	  1	
338	407	765	  1	
338	531	765	  1	
339	254	765	  1	
339	336	765	  1	
340	246	765	  1	
340	303	765	  1	
341	210	765	  1	
341	267	765	  1	
342	179	765	  1	
342	240	765	  1	
342	331	765	  1	
342	543	765	  1	
343	192	765	  1	
343	199	765	  1	
343	533	765	  1	
344	112	765	  1	
344	139	765	  1	
344	155	765	  1	
344	162	765	  1	
344	277	765	  1	
344	288	765	  1	
344	300	765	  1	
344	309	765	  1	
344	368	765	  1	
344	384	765	  1	
344	416	765	  1	
344	432	765	  1	
344	456	765	  1	
344	535	765	  1	
344	560	765	  1	
346	272	765	  1	
347	232	765	  1	
347	287	765	  1	
347	391	765	  1	
348	198	765	  1	
348	290	765	  1	
348	408	765	  1	
348	462	765	  1	
349	  4	765	  1	
349	296	765	  1	
350	278	765	  1	
350	304	765	  1	
351	104	765	  1	
351	111	765	  1	
351	247	765	  1	
351	323	765	  1	
351	384	765	  1	
351	414	765	  1	
351	454	765	  1	
351	531	765	  1	
352	 24	765	  1	
352	 31	765	  1	
352	 94	765	  1	
352	128	765	  1	
352	237	765	  1	
352	258	765	  1	
352	282	765	  1	
352	287	765	  1	
352	404	765	  1	
352	544	765	  1	
353	 35	765	  1	
353	266	765	  1	
354	192	765	  1	
354	231	765	  1	
354	375	765	  1	
354	400	765	  1	
355	 77	765	  1	
355	139	765	  1	
355	152	765	  1	
356	 72	765	  1	
357	386	765	  1	
357	391	765	  1	
358	314	765	  1	
358	405	765	  1	
359	248	765	  1	
359	288	765	  1	
359	311	765	  1	
359	318	765	  1	
359	331	765	  1	
359	404	765	  1	
359	412	765	  1	
359	544	765	  1	
360	 56	765	  1	
360	 88	765	  1	
360	155	765	  1	
360	167	765	  1	
360	174	765	  1	
360	183	765	  1	
360	208	765	  1	
360	212	765	  1	
360	239	765	  1	
360	256	765	  1	
360	270	765	  1	
360	352	765	  1	
360	359	765	  1	
360	383	765	  1	
360	423	765	  1	
361	416	765	  1	
362	232	765	  1	
363	  0	765	  1	
363	246	765	  1	
364	152	765	  1	
364	379	765	  1	
364	437	765	  1	
365	 48	765	  1	
365	 55	765	  1	
365	 72	765	  1	
365	 94	765	  1	
365	266	765	  1	
365	290	765	  1	
365	403	765	  1	
366	239	765	  1	
366	311	765	  1	
367	416	765	  1	
367	472	765	  1	
368	  0	765	  1	
368	 39	765	  1	
368	 44	765	  1	
368	 67	765	  1	
368	218	765	  1	
368	223	765	  1	
368	315	765	  1	
368	325	765	  1	
368	387	765	  1	
368	418	765	  1	
370	104	765	  1	
370	135	765	  1	
370	189	765	  1	
370	208	765	  1	
370	235	765	  1	
370	376	765	  1	
371	479	765	  1	
372	 40	765	  1	
372	167	765	  1	
372	184	765	  1	
373	 88	765	  1	
373	200	765	  1	
374	 64	765	  1	
374	319	765	  1	
375	 32	765	  1	
375	152	765	  1	
375	325	765	  1	
375	387	765	  1	
375	400	765	  1	
375	407	765	  1	
375	428	765	  1	
375	567	765	  1	
376	  8	765	  1	
376	 48	765	  1	
376	194	765	  1	
376	368	765	  1	
376	394	765	  1	
376	402	765	  1	
376	408	765	  1	
376	412	765	  1	
376	454	765	  1	
376	459	765	  1	
377	114	765	  1	
378	 72	765	  1	
379	 32	765	  1	
379	326	765	  1	
379	439	765	  1	
380	192	765	  1	
381	127	765	  1	
382	189	765	  1	
382	200	765	  1	
383	 43	765	  1	
383	183	765	  1	
383	256	765	  1	
383	263	765	  1	
383	456	765	  1	
383	463	765	  1	
384	  0	765	  1	
384	  3	765	  1	
384	 15	765	  1	
384	 19	765	  1	
384	 26	765	  1	
384	 56	765	  1	
384	 80	765	  1	
384	128	765	  1	
384	132	765	  1	
384	160	765	  1	
384	167	765	  1	
384	178	765	  1	
384	205	765	  1	
384	394	765	  1	
385	 96	765	  1	
385	304	765	  1	
386	186	765	  1	
387	  0	765	  1	
387	 72	765	  1	
387	191	765	  1	
387	488	765	  1	
389	 59	765	  1	
389	 86	765	  1	
390	109	765	  1	
390	227	765	  1	
390	311	765	  1	
391	 13	765	  1	
391	 16	765	  1	
391	 23	765	  1	
391	 39	765	  1	
391	163	765	  1	
391	178	765	  1	
391	218	765	  1	
392	 51	765	  1	
392	 64	765	  1	
392	 72	765	  1	
392	 80	765	  1	
392	 91	765	  1	
392	 98	765	  1	
392	120	765	  1	
392	152	765	  1	
392	158	765	  1	
392	216	765	  1	
392	240	765	  1	
392	252	765	  1	
392	256	765	  1	
392	339	765	  1	
392	420	765	  1	
392	437	765	  1	
392	467	765	  1	
392	527	765	  1	
393	 77	765	  1	
393	 85	765	  1	
393	370	765	  1	
393	412	765	  1	
394	 48	765	  1	
394	197	765	  1	
394	352	765	  1	
394	374	765	  1	
395	  2	765	  1	
395	103	765	  1	
395	128	765	  1	
395	184	765	  1	
395	223	765	  1	
395	232	765	  1	
395	247	765	  1	
396	 11	765	  1	
396	432	765	  1	
397	192	765	  1	
397	211	765	  1	
397	374	765	  1	
397	407	765	  1	
398	 19	765	  1	
398	 51	765	  1	
398	240	765	  1	
399	 85	765	  1	
399	216	765	  1	
399	339	765	  1	
399	358	765	  1	
399	424	765	  1	
400	 24	765	  1	
400	 32	765	  1	
400	 40	765	  1	
400	 63	765	  1	
400	115	765	  1	
400	133	765	  1	
400	136	765	  1	
400	142	765	  1	
400	176	765	  1	
400	183	765	  1	
400	226	765	  1	
400	254	765	  1	
400	299	765	  1	
400	304	765	  1	
400	311	765	  1	
400	344	765	  1	
400	386	765	  1	
400	430	765	  1	
400	447	765	  1	
400	456	765	  1	
400	471	765	  1	
402	 76	765	  1	
402	123	765	  1	
402	199	765	  1	
403	 61	765	  1	
403	242	765	  1	
404	375	765	  1	
405	139	765	  1	
405	216	765	  1	
405	223	765	  1	
405	442	765	  1	
406	 56	765	  1	
406	 72	765	  1	
406	 88	765	  1	
406	130	765	  1	
406	427	765	  1	
406	463	765	  1	
407	179	765	  1	
407	248	765	  1	
407	296	765	  1	
407	303	765	  1	
407	307	765	  1	
407	373	765	  1	
407	390	765	  1	
408	 31	765	  1	
408	 45	765	  1	
408	123	765	  1	
408	136	765	  1	
408	142	765	  1	
408	171	765	  1	
408	210	765	  1	
408	280	765	  1	
408	325	765	  1	
408	350	765	  1	
408	353	765	  1	
408	358	765	  1	
408	384	765	  1	
408	410	765	  1	
408	424	765	  1	
408	456	765	  1	
409	186	765	  1	
410	423	765	  1	
411	  8	765	  1	
411	215	765	  1	
411	287	765	  1	
411	391	765	  1	
411	428	765	  1	
413	 56	765	  1	
413	163	765	  1	
413	184	765	  1	
413	435	765	  1	
414	153	765	  1	
414	353	765	  1	
414	416	765	  1	
415	168	765	  1	
415	175	765	  1	
415	188	765	  1	
415	208	765	  1	
415	280	765	  1	
415	304	765	  1	
415	311	765	  1	
415	384	765	  1	
415	456	765	  1	
416	 40	765	  1	
416	 50	765	  1	
416	 71	765	  1	
416	 90	765	  1	
416	 98	765	  1	
416	120	765	  1	
416	128	765	  1	
416	224	765	  1	
416	383	765	  1	
416	391	765	  1	
416	393	765	  1	
416	406	765	  1	
416	448	765	  1	
416	455	765	  1	
416	472	765	  1	
418	104	765	  1	
418	134	765	  1	
419	 26	765	  1	
419	 79	765	  1	
419	214	765	  1	
419	241	765	  1	
419	287	765	  1	
419	479	765	  1	
420	320	765	  1	
420	421	765	  1	
421	 14	765	  1	
421	 43	765	  1	
421	 55	765	  1	
421	251	765	  1	
421	272	765	  1	
421	277	765	  1	
421	367	765	  1	
421	392	765	  1	
421	431	765	  1	
421	526	765	  1	
422	103	765	  1	
422	128	765	  1	
422	359	765	  1	
422	362	765	  1	
422	391	765	  1	
422	401	765	  1	
423	280	765	  1	
423	323	765	  1	
424	 46	765	  1	
424	 80	765	  1	
424	111	765	  1	
424	157	765	  1	
424	167	765	  1	
424	192	765	  1	
424	200	765	  1	
424	206	765	  1	
424	240	765	  1	
424	266	765	  1	
424	304	765	  1	
424	311	765	  1	
425	114	765	  1	
426	 95	765	  1	
426	104	765	  1	
426	479	765	  1	
427	 27	765	  1	
427	160	765	  1	
428	 84	765	  1	
428	247	765	  1	
428	294	765	  1	
429	  7	765	  1	
429	 75	765	  1	
429	126	765	  1	
429	203	765	  1	
430	112	765	  1	
430	170	765	  1	
430	216	765	  1	
430	223	765	  1	
430	288	765	  1	
431	167	765	  1	
431	176	765	  1	
431	266	765	  1	
431	524	765	  1	
432	 24	765	  1	
432	 48	765	  1	
432	 56	765	  1	
432	 77	765	  1	
432	 96	765	  1	
432	136	765	  1	
432	160	765	  1	
432	164	765	  1	
432	173	765	  1	
432	197	765	  1	
432	207	765	  1	
432	214	765	  1	
432	232	765	  1	
432	238	765	  1	
432	273	765	  1	
432	375	765	  1	
432	384	765	  1	
432	391	765	  1	
434	 28	765	  1	
434	 61	765	  1	
434	183	765	  1	
434	202	765	  1	
434	271	765	  1	
435	 21	765	  1	
435	119	765	  1	
436	 31	765	  1	
436	112	765	  1	
437	 72	765	  1	
437	194	765	  1	
437	235	765	  1	
438	149	765	  1	
438	387	765	  1	
439	 56	765	  1	
439	 96	765	  1	
439	160	765	  1	
439	269	765	  1	
440	 40	765	  1	
440	 58	765	  1	
440	 67	765	  1	
440	 75	765	  1	
440	 92	765	  1	
440	121	765	  1	
440	153	765	  1	
440	157	765	  1	
440	163	765	  1	
440	204	765	  1	
440	208	765	  1	
440	222	765	  1	
440	240	765	  1	
440	256	765	  1	
441	 55	765	  1	
441	 86	765	  1	
442	 37	765	  1	
443	 88	765	  1	
443	207	765	  1	
444	240	765	  1	
445	 34	765	  1	
445	 56	765	  1	
445	 63	765	  1	
445	 80	765	  1	
445	168	765	  1	
445	187	765	  1	
445	256	765	  1	
445	274	765	  1	
446	 14	765	  1	
446	 20	765	  1	
446	 81	765	  1	
446	 93	765	  1	
446	120	765	  1	
446	208	765	  1	
446	347	765	  1	
447	204	765	  1	
447	271	765	  1	
447	312	765	  1	
448	 51	765	  1	
448	 55	765	  1	
448	104	765	  1	
448	141	765	  1	
448	181	765	  1	
448	223	765	  1	
448	248	765	  1	
448	288	765	  1	
449	194	765	  1	
449	199	765	  1	
450	 28	765	  1	
451	144	765	  1	
451	295	765	  1	
451	319	765	  1	
453	 78	765	  1	
453	110	765	  1	
453	207	765	  1	
455	 16	765	  1	
455	 23	765	  1	
455	288	765	  1	
455	312	765	  1	
456	  3	765	  1	
456	 10	765	  1	
456	 15	765	  1	
456	 54	765	  1	
456	237	765	  1	
456	248	765	  1	
456	266	765	  1	
456	271	765	  1	
456	359	765	  1	
457	112	765	  1	
457	152	765	  1	
457	159	765	  1	
457	178	765	  1	
458	170	765	  1	
459	 40	765	  1	
459	 47	765	  1	
459	427	765	  1	
460	 60	765	  1	
460	254	765	  1	
461	232	765	  1	
462	138	765	  1	
463	  7	765	  1	
463	 43	765	  1	
463	 50	765	  1	
463	115	765	  1	
463	128	765	  1	
463	143	765	  1	
464	  2	765	  1	
464	 21	765	  1	
464	 48	765	  1	
464	 54	765	  1	
464	 72	765	  1	
464	 89	765	  1	
464	149	765	  1	
464	208	765	  1	
464	214	765	  1	
464	248	765	  1	
464	277	765	  1	
464	351	765	  1	
466	 80	765	  1	
467	287	765	  1	
467	344	765	  1	
469	 16	765	  1	
469	 72	765	  1	
469	144	765	  1	
469	240	765	  1	
470	216	765	  1	
471	232	765	  1	
471	351	765	  1	
472	  6	765	  1	
472	 32	765	  1	
472	 39	765	  1	
472	 99	765	  1	
472	117	765	  1	
472	174	765	  1	
472	192	765	  1	
472	222	765	  1	
472	256	765	  1	
472	293	765	  1	
472	298	765	  1	
472	359	765	  1	
474	157	765	  1	
474	215	765	  1	
474	288	765	  1	
475	  0	765	  1	
475	 75	765	  1	
475	102	765	  1	
477	112	765	  1	
477	264	765	  1	
477	415	765	  1	
478	 64	765	  1	
478	 69	765	  1	
478	220	765	  1	
478	294	765	  1	
478	408	765	  1	
479	 35	765	  1	
479	 83	765	  1	
480	  6	765	  1	
480	116	765	  1	
480	167	765	  1	
480	176	765	  1	
480	189	765	  1	
480	197	765	  1	
480	202	765	  1	
480	207	765	  1	
480	240	765	  1	
480	248	765	  1	
480	254	765	  1	
480	261	765	  1	
480	266	765	  1	
480	271	765	  1	
480	276	765	  1	
480	336	765	  1	
480	401	765	  1	
482	 48	765	  1	
482	103	765	  1	
482	112	765	  1	
483	  0	765	  1	
485	 88	765	  1	
485	277	765	  1	
486	176	765	  1	
487	 99	765	  1	
487	159	765	  1	
488	 57	765	  1	
488	 62	765	  1	
488	 73	765	  1	
488	 78	765	  1	
488	 87	765	  1	
488	127	765	  1	
488	133	765	  1	
488	152	765	  1	
488	230	765	  1	
488	255	765	  1	
488	305	765	  1	
488	323	765	  1	
488	331	765	  1	
488	371	765	  1	
488	391	765	  1	
489	119	765	  1	
490	367	765	  1	
491	 39	765	  1	
491	205	765	  1	
491	280	765	  1	
492	181	765	  1	
493	  0	765	  1	
493	  7	765	  1	
493	 56	765	  1	
493	155	765	  1	
494	197	765	  1	
494	245	765	  1	
494	320	765	  1	
494	327	765	  1	
495	224	765	  1	
495	335	765	  1	
495	427	765	  1	
496	 56	765	  1	
496	168	765	  1	
496	286	765	  1	
496	302	765	  1	
498	 16	765	  1	
498	 91	765	  1	
498	256	765	  1	
499	115	765	  1	
499	136	765	  1	
500	 57	765	  1	
500	105	765	  1	
500	154	765	  1	
500	308	765	  1	
500	540	765	  1	
501	146	765	  1	
501	285	765	  1	
501	296	765	  1	
502	263	765	  1	
503	 63	765	  1	
503	272	765	  1	
504	  8	765	  1	
504	101	765	  1	
504	117	765	  1	
504	133	765	  1	
504	192	765	  1	
504	208	765	  1	
504	248	765	  1	
504	306	765	  1	
506	112	765	  1	
506	147	765	  1	
506	152	765	  1	
506	240	765	  1	
506	296	765	  1	
507	  0	765	  1	
509	107	765	  1	
509	128	765	  1	
509	214	765	  1	
510	118	765	  1	
510	158	765	  1	
511	  8	765	  1	
511	241	765	  1	
512	 53	765	  1	
512	 80	765	  1	
512	 91	765	  1	
512	104	765	  1	
512	110	765	  1	
512	120	765	  1	
512	138	765	  1	
512	168	765	  1	
512	174	765	  1	
512	184	765	  1	
512	190	765	  1	
512	216	765	  1	
512	320	765	  1	
512	327	765	  1	
514	242	765	  1	
515	208	765	  1	
515	247	765	  1	
515	271	765	  1	
516	328	765	  1	
517	 48	765	  1	
517	 91	765	  1	
517	107	765	  1	
517	125	765	  1	
517	160	765	  1	
517	171	765	  1	
517	187	765	  1	
517	251	765	  1	
518	 10	765	  1	
518	144	765	  1	
519	241	765	  1	
519	323	765	  1	
519	352	765	  1	
519	399	765	  1	
519	432	765	  1	
520	 59	765	  1	
520	193	765	  1	
520	208	765	  1	
520	224	765	  1	
520	256	765	  1	
520	284	765	  1	
520	296	765	  1	
520	303	765	  1	
520	355	765	  1	
520	413	765	  1	
520	507	765	  1	
521	 91	765	  1	
522	144	765	  1	
523	 10	765	  1	
523	 95	765	  1	
523	199	765	  1	
523	214	765	  1	
523	335	765	  1	
524	230	765	  1	
525	 82	765	  1	
525	 87	765	  1	
525	287	765	  1	
526	150	765	  1	
526	174	765	  1	
526	184	765	  1	
526	223	765	  1	
526	265	765	  1	
526	424	765	  1	
527	 56	765	  1	
527	 63	765	  1	
527	328	765	  1	
527	496	765	  1	
528	 88	765	  1	
528	128	765	  1	
528	135	765	  1	
528	138	765	  1	
528	152	765	  1	
528	208	765	  1	
528	224	765	  1	
528	231	765	  1	
528	336	765	  1	
528	342	765	  1	
529	165	765	  1	
529	247	765	  1	
529	358	765	  1	
531	120	765	  1	
531	296	765	  1	
531	320	765	  1	
532	131	765	  1	
534	 80	765	  1	
534	200	765	  1	
534	240	765	  1	
535	143	765	  1	
535	165	765	  1	
535	227	765	  1	
535	331	765	  1	
535	391	765	  1	
536	107	765	  1	
536	112	765	  1	
536	144	765	  1	
536	159	765	  1	
536	169	765	  1	
536	185	765	  1	
536	191	765	  1	
536	235	765	  1	
536	260	765	  1	
536	290	765	  1	
536	322	765	  1	
536	397	765	  1	
539	 80	765	  1	
539	 96	765	  1	
539	126	765	  1	
540	271	765	  1	
540	295	765	  1	
541	229	765	  1	
542	189	765	  1	
542	288	765	  1	
543	235	765	  1	
543	296	765	  1	
543	397	765	  1	
544	 66	765	  1	
544	 95	765	  1	
544	106	765	  1	
544	130	765	  1	
544	178	765	  1	
544	213	765	  1	
544	280	765	  1	
544	295	765	  1	
544	315	765	  1	
544	351	765	  1	
546	166	765	  1	
547	344	765	  1	
547	368	765	  1	
548	160	765	  1	
548	206	765	  1	
549	327	765	  1	
550	176	765	  1	
550	312	765	  1	
551	119	765	  1	
551	166	765	  1	
551	351	765	  1	
551	536	765	  1	
552	183	765	  1	
552	205	765	  1	
552	227	765	  1	
552	245	765	  1	
553	103	765	  1	
554	240	765	  1	
554	319	765	  1	
555	175	765	  1	
555	179	765	  1	
555	327	765	  1	
556	290	765	  1	
556	407	765	  1	
557	112	765	  1	
557	119	765	  1	
558	 95	765	  1	
558	246	765	  1	
559	176	765	  1	
559	183	765	  1	
559	224	765	  1	
559	231	765	  1	
559	312	765	  1	
559	392	765	  1	
560	 50	765	  1	
560	123	765	  1	
560	232	765	  1	
560	243	765	  1	
560	254	765	  1	
560	274	765	  1	
560	303	765	  1	
560	400	765	  1	
561	288	765	  1	
562	103	765	  1	
562	182	765	  1	
562	251	765	  1	
562	298	765	  1	
563	134	765	  1	
563	201	765	  1	
564	238	765	  1	
566	176	765	  1	
567	255	765	  1	
567	360	765	  1	
567	367	765	  1	
568	128	765	  1	
568	264	765	  1	
569	 84	765	  1	
570	224	765	  1	
570	244	765	  1	
571	240	765	  1	
571	262	765	  1	
571	387	765	  1	
573	132	765	  1	
573	152	765	  1	
573	184	765	  1	
573	255	765	  1	
574	 24	765	  1	
574	335	765	  1	
575	248	765	  1	
575	429	765	  1	
576	 10	765	  1	
576	 51	765	  1	
576	 71	765	  1	
576	110	765	  1	
576	166	765	  1	
576	224	765	  1	
576	239	765	  1	
576	282	765	  1	
576	320	765	  1	
576	451	765	  1	
576	475	765	  1	
577	298	765	  1	
578	229	765	  1	
579	207	765	  1	
579	307	765	  1	
581	224	765	  1	
582	105	765	  1	
582	260	765	  1	
582	280	765	  1	
583	303	765	  1	
584	  3	765	  1	
584	 88	765	  1	
584	 93	765	  1	
584	100	765	  1	
584	143	765	  1	
584	190	765	  1	
584	219	765	  1	
584	246	765	  1	
584	301	765	  1	
584	326	765	  1	
585	256	765	  1	
586	341	765	  1	
587	296	765	  1	
587	336	765	  1	
588	 64	765	  1	
588	267	765	  1	
589	243	765	  1	
589	271	765	  1	
590	 71	765	  1	
590	323	765	  1	
591	  0	765	  1	
591	  7	765	  1	
592	 61	765	  1	
592	 72	765	  1	
592	 88	765	  1	
592	240	765	  1	
592	267	765	  1	
592	274	765	  1	
592	333	765	  1	
592	352	765	  1	
592	424	765	  1	
592	431	765	  1	
592	544	765	  1	
593	311	765	  1	
594	 79	765	  1	
595	 56	765	  1	
595	287	765	  1	
595	303	765	  1	
596	226	765	  1	
596	239	765	  1	
596	246	765	  1	
597	255	765	  1	
597	263	765	  1	
598	269	765	  1	
598	474	765	  1	
599	 99	765	  1	
599	144	765	  1	
599	258	765	  1	
599	352	765	  1	
600	 32	765	  1	
600	 47	765	  1	
600	 63	765	  1	
600	183	765	  1	
600	243	765	  1	
600	512	765	  1	
605	 64	765	  1	
606	211	765	  1	
606	288	765	  1	
607	 47	765	  1	
607	 51	765	  1	
607	371	765	  1	
608	234	765	  1	
608	240	765	  1	
608	253	765	  1	
608	275	765	  1	
608	280	765	  1	
608	296	765	  1	
608	311	765	  1	
608	368	765	  1	
608	455	765	  1	
610	 67	765	  1	
610	410	765	  1	
611	114	765	  1	
611	375	765	  1	
614	119	765	  1	
615	 71	765	  1	
615	244	765	  1	
615	250	765	  1	
615	272	765	  1	
615	279	765	  1	
615	296	765	  1	
615	368	765	  1	
616	344	765	  1	
616	350	765	  1	
620	415	765	  1	
621	272	765	  1	
621	279	765	  1	
621	283	765	  1	
622	239	765	  1	
622	268	765	  1	
623	128	765	  1	
624	 70	765	  1	
624	 80	765	  1	
624	 86	765	  1	
624	280	765	  1	
624	466	765	  1	
625	157	765	  1	
626	447	765	  1	
627	 99	765	  1	
627	321	765	  1	
628	 64	765	  1	
628	352	765	  1	
629	 63	765	  1	
631	 58	765	  1	
632	 96	765	  1	
632	232	765	  1	
632	371	765	  1	
634	111	765	  1	
634	294	765	  1	
635	103	765	  1	
635	239	765	  1	
635	336	765	  1	
635	343	765	  1	
638	287	765	  1	
639	 96	765	  1	
639	232	765	  1	
639	293	765	  1	
640	 79	765	  1	
640	 99	765	  1	
640	268	765	  1	
640	328	765	  1	
640	390	765	  1	
642	337	765	  1	
645	111	765	  1	
645	179	765	  1	
645	390	765	  1	
647	328	765	  1	
648	219	765	  1	
648	320	765	  1	
655	455	765	  1	
656	215	765	  1	
656	371	765	  1	
656	384	765	  1	
659	335	765	  1	
664	112	765	  1	
670	180	765	  1	
671	119	765	  1	
672	102	765	  1	
672	343	765	  1	
675	431	765	  1	
677	102	765	  1	
679	119	765	  1	
680	452	765	  1	
690	256	765	  1	
695	504	765	  1	
697	205	765	  1	
706	331	765	  1	
712	544	765	  1	
720	189	765	  1	
723	 95	765	  1	
735	132	765	  1	
735	271	765	  1	
750	311	765	  1	
783	530	765	  1	
