# 
#  Image file: Goad1_T0064.jpg
#  Applied threshold: 575
#  Algorithm used: fill2                 
#  Particle count: 1784
#  Location (x,y), max luminance, and mass:
# 
  0	129	765	  1	
  0	184	765	  1	
  5	188	765	  1	
 12	327	765	  1	
 16	 80	765	  1	
 24	 87	765	  1	
 29	311	765	  1	
 32	 95	765	  1	
 33	360	765	  1	
 34	199	765	  1	
 39	 95	765	  1	
 40	285	765	  1	
 40	368	765	  1	
 51	135	765	  1	
 78	139	765	  1	
 78	242	765	  1	
 80	167	765	  1	
 80	176	765	  1	
 85	231	765	  1	
 87	152	765	  1	
 87	275	765	  1	
 88	120	765	  1	
 88	255	765	  1	
 90	 22	765	  1	
 91	127	765	  1	
 94	379	765	  1	
 95	120	765	  1	
 95	231	765	  1	
 95	408	765	  1	
 96	128	765	  1	
 96	199	765	  1	
 99	324	765	  1	
100	244	765	  1	
101	303	765	  1	
102	102	765	  1	
104	136	765	  1	
104	176	765	  1	
107	147	765	  1	
108	142	765	  1	
110	407	765	  1	
111	179	765	  1	
111	335	765	  1	
112	 19	765	  1	
112	240	765	  1	
112	247	765	  1	
118	 55	765	  1	
118	112	765	  1	
118	119	765	  1	
119	100	765	  1	
119	270	765	  1	
120	  7	765	  1	
120	404	765	  1	
123	  0	765	  1	
123	176	765	  1	
124	296	765	  1	
124	415	765	  1	
126	408	765	  1	
127	 39	765	  1	
128	 98	765	  1	
128	245	765	  1	
128	319	765	  1	
130	 92	765	  1	
133	223	765	  1	
134	383	765	  1	
135	176	765	  1	
136	 11	765	  1	
136	167	765	  1	
136	239	765	  1	
136	446	765	  1	
138	  7	765	  1	
138	278	765	  1	
138	331	765	  1	
139	 48	765	  1	
140	111	765	  1	
141	 96	765	  1	
141	291	765	  1	
141	325	765	  1	
141	447	765	  1	
142	107	765	  1	
142	152	765	  1	
143	  4	765	  1	
143	160	765	  1	
144	110	765	  1	
144	174	765	  1	
144	232	765	  1	
144	255	765	  1	
144	296	765	  1	
144	463	765	  1	
144	479	765	  1	
147	160	765	  1	
148	168	765	  1	
150	 66	765	  1	
151	236	765	  1	
151	296	765	  1	
151	402	765	  1	
151	463	765	  1	
151	479	765	  1	
152	107	765	  1	
154	384	765	  1	
155	 89	765	  1	
155	399	765	  1	
157	104	765	  1	
158	 99	765	  1	
159	386	765	  1	
159	391	765	  1	
160	 43	765	  1	
160	 48	765	  1	
160	 64	765	  1	
160	 71	765	  1	
160	128	765	  1	
160	199	765	  1	
160	207	765	  1	
161	 60	765	  1	
161	344	765	  1	
162	381	765	  1	
163	 96	765	  1	
163	368	765	  1	
164	164	765	  1	
165	 57	765	  1	
165	 63	765	  1	
166	365	765	  1	
166	375	765	  1	
166	380	765	  1	
167	 40	765	  1	
167	 47	765	  1	
167	 67	765	  1	
167	128	765	  1	
167	270	765	  1	
167	441	765	  1	
168	 75	765	  1	
168	213	765	  1	
168	336	765	  1	
168	359	765	  1	
168	408	765	  1	
168	536	765	  1	
169	342	765	  1	
170	110	765	  1	
170	223	765	  1	
170	375	765	  1	
171	 56	765	  1	
171	 97	765	  1	
171	208	765	  1	
172	 98	765	  1	
172	198	765	  1	
172	336	765	  1	
173	104	765	  1	
173	240	765	  1	
173	257	765	  1	
174	200	765	  1	
174	207	765	  1	
175	 59	765	  1	
175	 72	765	  1	
175	 79	765	  1	
175	103	765	  1	
176	 19	765	  1	
176	 47	765	  1	
176	 99	765	  1	
176	108	765	  1	
176	180	765	  1	
176	267	765	  1	
176	386	765	  1	
176	414	765	  1	
178	 87	765	  1	
178	 95	765	  1	
179	  7	765	  1	
179	 72	765	  1	
179	199	765	  1	
180	104	765	  1	
180	109	765	  1	
180	527	765	  1	
181	 30	765	  1	
181	 39	765	  1	
181	240	765	  1	
182	 29	765	  1	
182	 78	765	  1	
182	407	765	  1	
183	103	765	  1	
183	183	765	  1	
183	349	765	  1	
183	567	765	  1	
184	125	765	  1	
184	168	765	  1	
184	195	765	  1	
184	296	765	  1	
184	303	765	  1	
184	360	765	  1	
186	120	765	  1	
186	271	765	  1	
187	 80	765	  1	
187	 96	765	  1	
188	 16	765	  1	
189	 91	765	  1	
190	 23	765	  1	
190	115	765	  1	
190	248	765	  1	
190	266	765	  1	
191	103	765	  1	
191	187	765	  1	
191	303	765	  1	
191	364	765	  1	
191	388	765	  1	
191	432	765	  1	
191	520	765	  1	
192	 96	765	  1	
192	112	765	  1	
192	126	765	  1	
192	488	765	  1	
193	  3	765	  1	
194	101	765	  1	
194	214	765	  1	
195	115	765	  1	
195	181	765	  1	
196	293	765	  1	
197	 64	765	  1	
197	194	765	  1	
197	199	765	  1	
197	208	765	  1	
198	163	765	  1	
198	282	765	  1	
199	 16	765	  1	
199	 96	765	  1	
199	494	765	  1	
200	 56	765	  1	
200	104	765	  1	
200	167	765	  1	
200	173	765	  1	
200	344	765	  1	
200	504	765	  1	
201	256	765	  1	
202	215	765	  1	
202	441	765	  1	
203	232	765	  1	
203	263	765	  1	
203	368	765	  1	
204	399	765	  1	
204	412	765	  1	
205	  7	765	  1	
205	 88	765	  1	
205	392	765	  1	
206	 67	765	  1	
206	287	765	  1	
207	 24	765	  1	
207	 31	765	  1	
207	279	765	  1	
207	374	765	  1	
208	 48	765	  1	
208	130	765	  1	
208	150	765	  1	
208	155	765	  1	
208	184	765	  1	
208	280	765	  1	
208	332	765	  1	
208	360	765	  1	
210	 54	765	  1	
210	336	765	  1	
211	142	765	  1	
212	124	765	  1	
212	162	765	  1	
212	246	765	  1	
212	269	765	  1	
212	278	765	  1	
212	328	765	  1	
212	347	765	  1	
212	455	765	  1	
213	 88	765	  1	
214	232	765	  1	
214	303	765	  1	
215	184	765	  1	
215	283	765	  1	
215	335	765	  1	
215	384	765	  1	
216	  6	765	  1	
216	109	765	  1	
216	115	765	  1	
216	352	765	  1	
216	376	765	  1	
216	392	765	  1	
216	411	765	  1	
216	455	765	  1	
216	496	765	  1	
217	435	765	  1	
218	  0	765	  1	
218	397	765	  1	
219	 80	765	  1	
219	120	765	  1	
219	383	765	  1	
219	439	765	  1	
220	272	765	  1	
220	358	765	  1	
221	104	765	  1	
221	128	765	  1	
221	133	765	  1	
221	144	765	  1	
221	278	765	  1	
221	368	765	  1	
222	 38	765	  1	
222	125	765	  1	
222	277	765	  1	
223	  6	765	  1	
223	112	765	  1	
223	160	765	  1	
223	392	765	  1	
223	408	765	  1	
223	415	765	  1	
223	499	765	  1	
224	 69	765	  1	
224	 96	765	  1	
224	101	765	  1	
224	167	765	  1	
224	184	765	  1	
224	191	765	  1	
224	232	765	  1	
224	269	765	  1	
224	293	765	  1	
224	332	765	  1	
224	350	765	  1	
224	365	765	  1	
225	160	765	  1	
226	144	765	  1	
227	120	765	  1	
227	384	765	  1	
227	432	765	  1	
228	264	765	  1	
229	243	765	  1	
229	375	765	  1	
230	150	765	  1	
231	164	765	  1	
231	187	765	  1	
231	232	765	  1	
231	320	765	  1	
231	544	765	  1	
232	 72	765	  1	
232	 80	765	  1	
232	102	765	  1	
232	132	765	  1	
232	142	765	  1	
232	192	765	  1	
232	197	765	  1	
232	216	765	  1	
232	223	765	  1	
232	231	765	  1	
232	258	765	  1	
232	271	765	  1	
232	394	765	  1	
232	399	765	  1	
232	407	765	  1	
232	418	765	  1	
232	451	765	  1	
233	 63	765	  1	
233	 96	765	  1	
233	104	765	  1	
233	206	765	  1	
235	128	765	  1	
235	144	765	  1	
235	175	765	  1	
235	376	765	  1	
236	256	765	  1	
236	383	765	  1	
237	 64	765	  1	
237	103	765	  1	
237	416	765	  1	
237	423	765	  1	
238	359	765	  1	
238	394	765	  1	
239	219	765	  1	
239	227	765	  1	
239	399	765	  1	
239	448	765	  1	
239	455	765	  1	
240	  0	765	  1	
240	 16	765	  1	
240	 90	765	  1	
240	 95	765	  1	
240	109	765	  1	
240	118	765	  1	
240	184	765	  1	
240	229	765	  1	
240	239	765	  1	
240	244	765	  1	
240	256	765	  1	
240	280	765	  1	
240	304	765	  1	
240	311	765	  1	
240	336	765	  1	
240	343	765	  1	
240	386	765	  1	
240	456	765	  1	
240	462	765	  1	
240	531	765	  1	
240	552	765	  1	
241	327	765	  1	
242	149	765	  1	
243	321	765	  1	
243	422	765	  1	
244	467	765	  1	
245	 54	765	  1	
245	 64	765	  1	
245	102	765	  1	
245	104	765	  1	
245	224	765	  1	
245	244	765	  1	
245	384	765	  1	
245	391	765	  1	
246	138	765	  1	
246	144	765	  1	
246	168	765	  1	
246	416	765	  1	
247	 16	765	  1	
247	235	765	  1	
247	263	765	  1	
247	280	765	  1	
247	304	765	  1	
247	311	765	  1	
247	339	765	  1	
247	363	765	  1	
247	567	765	  1	
248	  7	765	  1	
248	 19	765	  1	
248	 88	765	  1	
248	134	765	  1	
248	146	765	  1	
248	167	765	  1	
248	228	765	  1	
248	232	765	  1	
248	322	765	  1	
248	375	765	  1	
248	430	765	  1	
248	448	765	  1	
250	 61	765	  1	
250	110	765	  1	
251	 56	765	  1	
251	336	765	  1	
251	479	765	  1	
253	 23	765	  1	
253	 40	765	  1	
253	 94	765	  1	
253	120	765	  1	
253	188	765	  1	
253	208	765	  1	
253	374	765	  1	
253	423	765	  1	
254	  0	765	  1	
254	 48	765	  1	
254	104	765	  1	
254	236	765	  1	
254	455	765	  1	
255	 64	765	  1	
256	  3	765	  1	
256	 16	765	  1	
256	 76	765	  1	
256	 96	765	  1	
256	122	765	  1	
256	130	765	  1	
256	183	765	  1	
256	200	765	  1	
256	222	765	  1	
256	240	765	  1	
256	464	765	  1	
256	471	765	  1	
257	162	765	  1	
257	528	765	  1	
258	143	765	  1	
258	175	765	  1	
259	317	765	  1	
260	 15	765	  1	
260	222	765	  1	
261	102	765	  1	
261	230	765	  1	
261	267	765	  1	
262	  0	765	  1	
262	278	765	  1	
263	 16	765	  1	
263	200	765	  1	
263	219	765	  1	
263	464	765	  1	
263	471	765	  1	
264	 29	765	  1	
264	 53	765	  1	
264	 72	765	  1	
264	 96	765	  1	
264	120	765	  1	
264	148	765	  1	
264	157	765	  1	
264	189	765	  1	
264	288	765	  1	
264	384	765	  1	
264	397	765	  1	
264	415	765	  1	
264	419	765	  1	
265	224	765	  1	
266	 79	765	  1	
266	117	765	  1	
266	390	765	  1	
266	406	765	  1	
267	275	765	  1	
267	296	765	  1	
268	147	765	  1	
268	276	765	  1	
270	 72	765	  1	
270	229	765	  1	
270	400	765	  1	
271	117	765	  1	
271	338	765	  1	
271	415	765	  1	
271	423	765	  1	
271	480	765	  1	
272	  4	765	  1	
272	 16	765	  1	
272	 75	765	  1	
272	104	765	  1	
272	108	765	  1	
272	120	765	  1	
272	141	765	  1	
272	163	765	  1	
272	191	765	  1	
272	208	765	  1	
272	214	765	  1	
272	218	765	  1	
272	254	765	  1	
272	277	765	  1	
272	388	765	  1	
272	496	765	  1	
272	552	765	  1	
273	  0	765	  1	
274	303	765	  1	
275	 46	765	  1	
275	156	765	  1	
275	268	765	  1	
275	304	765	  1	
276	112	765	  1	
276	223	765	  1	
277	 36	765	  1	
277	131	765	  1	
277	211	765	  1	
277	331	765	  1	
277	374	765	  1	
278	  5	765	  1	
278	 16	765	  1	
278	288	765	  1	
279	220	765	  1	
279	224	765	  1	
279	231	765	  1	
279	254	765	  1	
280	 19	765	  1	
280	 51	765	  1	
280	 67	765	  1	
280	 82	765	  1	
280	123	765	  1	
280	144	765	  1	
280	147	765	  1	
280	152	765	  1	
280	246	765	  1	
280	280	765	  1	
280	286	765	  1	
280	298	765	  1	
280	361	765	  1	
280	372	765	  1	
280	376	765	  1	
280	384	765	  1	
280	391	765	  1	
280	454	765	  1	
282	375	765	  1	
283	371	765	  1	
283	408	765	  1	
283	448	765	  1	
284	175	765	  1	
285	  0	765	  1	
285	 56	765	  1	
285	112	765	  1	
285	232	765	  1	
285	336	765	  1	
285	361	765	  1	
286	244	765	  1	
287	 48	765	  1	
287	367	765	  1	
287	416	765	  1	
288	 18	765	  1	
288	 29	765	  1	
288	 32	765	  1	
288	 45	765	  1	
288	 64	765	  1	
288	 86	765	  1	
288	 96	765	  1	
288	136	765	  1	
288	149	765	  1	
288	158	765	  1	
288	216	765	  1	
288	232	765	  1	
288	237	765	  1	
288	296	765	  1	
288	400	765	  1	
288	426	765	  1	
288	488	765	  1	
288	496	765	  1	
288	552	765	  1	
288	568	765	  1	
290	224	765	  1	
290	302	765	  1	
290	314	765	  1	
290	317	765	  1	
291	 80	765	  1	
291	248	765	  1	
291	306	765	  1	
291	463	765	  1	
292	489	765	  1	
293	 25	765	  1	
293	 37	765	  1	
293	296	765	  1	
293	404	765	  1	
294	 87	765	  1	
295	488	765	  1	
295	511	765	  1	
296	  0	765	  1	
296	 56	765	  1	
296	 63	765	  1	
296	 76	765	  1	
296	 95	765	  1	
296	116	765	  1	
296	120	765	  1	
296	133	765	  1	
296	184	765	  1	
296	232	765	  1	
296	251	765	  1	
296	287	765	  1	
296	318	765	  1	
296	368	765	  1	
296	374	765	  1	
296	392	765	  1	
296	407	765	  1	
296	410	765	  1	
296	415	765	  1	
297	 71	765	  1	
298	189	765	  1	
298	458	765	  1	
299	 66	765	  1	
299	 78	765	  1	
299	117	765	  1	
299	400	765	  1	
300	 91	765	  1	
301	  3	765	  1	
301	136	765	  1	
301	151	765	  1	
301	287	765	  1	
301	371	765	  1	
301	416	765	  1	
301	456	765	  1	
301	463	765	  1	
302	112	765	  1	
302	411	765	  1	
303	 59	765	  1	
303	 75	765	  1	
303	184	765	  1	
303	407	765	  1	
303	495	765	  1	
303	584	765	  1	
304	 76	765	  1	
304	 96	765	  1	
304	102	765	  1	
304	134	765	  1	
304	195	765	  1	
304	231	765	  1	
304	242	765	  1	
304	247	765	  1	
304	288	765	  1	
304	294	765	  1	
304	325	765	  1	
304	360	765	  1	
304	395	765	  1	
304	412	765	  1	
304	476	765	  1	
304	482	765	  1	
304	528	765	  1	
304	535	765	  1	
305	 64	765	  1	
306	130	765	  1	
307	236	765	  1	
307	286	765	  1	
307	311	765	  1	
307	406	765	  1	
307	560	765	  1	
307	592	765	  1	
308	160	765	  1	
308	305	765	  1	
309	  8	765	  1	
309	 54	765	  1	
309	 99	765	  1	
309	248	765	  1	
309	255	765	  1	
309	291	765	  1	
309	320	765	  1	
309	344	765	  1	
309	366	765	  1	
310	134	765	  1	
310	495	765	  1	
311	 64	765	  1	
311	 72	765	  1	
311	192	765	  1	
311	199	765	  1	
311	422	765	  1	
311	476	765	  1	
311	482	765	  1	
311	531	765	  1	
312	  0	765	  1	
312	  6	765	  1	
312	 18	765	  1	
312	 50	765	  1	
312	 80	765	  1	
312	 93	765	  1	
312	102	765	  1	
312	112	765	  1	
312	167	765	  1	
312	207	765	  1	
312	312	765	  1	
312	370	765	  1	
312	388	765	  1	
313	232	765	  1	
314	245	765	  1	
314	360	765	  1	
314	471	765	  1	
315	144	765	  1	
315	200	765	  1	
315	271	765	  1	
316	315	765	  1	
316	597	765	  1	
317	  3	765	  1	
317	176	765	  1	
317	400	765	  1	
318	152	765	  1	
318	244	765	  1	
318	264	765	  1	
319	 23	765	  1	
319	207	765	  1	
319	469	765	  1	
320	  6	765	  1	
320	 21	765	  1	
320	 24	765	  1	
320	 39	765	  1	
320	 83	765	  1	
320	104	765	  1	
320	136	765	  1	
320	141	765	  1	
320	160	765	  1	
320	164	765	  1	
320	221	765	  1	
320	237	765	  1	
320	308	765	  1	
320	334	765	  1	
320	339	765	  1	
320	348	765	  1	
320	361	765	  1	
320	394	765	  1	
320	422	765	  1	
320	504	765	  1	
320	518	765	  1	
321	426	765	  1	
322	232	765	  1	
322	258	765	  1	
323	 11	765	  1	
323	182	765	  1	
323	344	765	  1	
323	368	765	  1	
324	 37	765	  1	
324	238	765	  1	
325	 24	765	  1	
325	150	765	  1	
325	200	765	  1	
325	330	765	  1	
325	504	765	  1	
327	  0	765	  1	
327	232	765	  1	
327	312	765	  1	
327	336	765	  1	
327	343	765	  1	
327	476	765	  1	
327	511	765	  1	
328	 23	765	  1	
328	 37	765	  1	
328	 43	765	  1	
328	 96	765	  1	
328	104	765	  1	
328	245	765	  1	
328	285	765	  1	
328	296	765	  1	
328	311	765	  1	
328	490	765	  1	
328	502	765	  1	
329	  7	765	  1	
329	 12	765	  1	
329	330	765	  1	
329	581	765	  1	
330	280	765	  1	
330	430	765	  1	
331	  0	765	  1	
331	 72	765	  1	
331	144	765	  1	
331	227	765	  1	
331	306	765	  1	
331	370	765	  1	
331	520	765	  1	
332	 37	765	  1	
332	 68	765	  1	
332	297	765	  1	
334	 26	765	  1	
334	123	765	  1	
334	285	765	  1	
334	311	765	  1	
334	335	765	  1	
334	430	765	  1	
335	104	765	  1	
335	356	765	  1	
335	367	765	  1	
336	  4	765	  1	
336	 46	765	  1	
336	 56	765	  1	
336	 72	765	  1	
336	 91	765	  1	
336	128	765	  1	
336	176	765	  1	
336	192	765	  1	
336	209	765	  1	
336	217	765	  1	
336	232	765	  1	
336	269	765	  1	
336	280	765	  1	
336	320	765	  1	
336	383	765	  1	
336	512	765	  1	
337	304	765	  1	
338	 40	765	  1	
338	180	765	  1	
338	295	765	  1	
338	326	765	  1	
339	208	765	  1	
339	223	765	  1	
339	376	765	  1	
339	416	765	  1	
340	236	765	  1	
340	287	765	  1	
340	495	765	  1	
341	264	765	  1	
342	 79	765	  1	
342	195	765	  1	
342	320	765	  1	
342	373	765	  1	
343	 44	765	  1	
343	104	765	  1	
343	208	765	  1	
343	383	765	  1	
343	486	765	  1	
344	  1	765	  1	
344	 27	765	  1	
344	 37	765	  1	
344	 50	765	  1	
344	 95	765	  1	
344	116	765	  1	
344	123	765	  1	
344	135	765	  1	
344	192	765	  1	
344	272	765	  1	
344	287	765	  1	
344	296	765	  1	
344	301	765	  1	
344	314	765	  1	
344	319	765	  1	
344	331	765	  1	
344	416	765	  1	
344	455	765	  1	
345	299	765	  1	
345	448	765	  1	
347	316	765	  1	
347	343	765	  1	
348	283	765	  1	
349	  5	765	  1	
349	230	765	  1	
349	376	765	  1	
349	419	765	  1	
350	332	765	  1	
351	 32	765	  1	
351	 37	765	  1	
351	112	765	  1	
351	192	765	  1	
351	403	765	  1	
351	408	765	  1	
352	 34	765	  1	
352	 64	765	  1	
352	118	765	  1	
352	139	765	  1	
352	160	765	  1	
352	164	765	  1	
352	168	765	  1	
352	200	765	  1	
352	248	765	  1	
352	282	765	  1	
352	336	765	  1	
352	346	765	  1	
352	351	765	  1	
352	357	765	  1	
352	400	765	  1	
352	420	765	  1	
352	432	765	  1	
353	263	765	  1	
354	318	765	  1	
355	103	765	  1	
355	153	765	  1	
355	175	765	  1	
355	279	765	  1	
355	367	765	  1	
356	317	765	  1	
357	128	765	  1	
357	257	765	  1	
357	287	765	  1	
357	368	765	  1	
357	460	765	  1	
358	120	765	  1	
358	358	765	  1	
359	168	765	  1	
359	300	765	  1	
359	428	765	  1	
359	544	765	  1	
360	  0	765	  1	
360	 11	765	  1	
360	 16	765	  1	
360	 31	765	  1	
360	133	765	  1	
360	152	765	  1	
360	159	765	  1	
360	166	765	  1	
360	248	765	  1	
360	272	765	  1	
360	312	765	  1	
362	271	765	  1	
362	278	765	  1	
363	 64	765	  1	
363	163	765	  1	
364	 21	765	  1	
364	418	765	  1	
365	  8	765	  1	
365	 40	765	  1	
365	128	765	  1	
365	267	765	  1	
365	304	765	  1	
366	 29	765	  1	
366	 68	765	  1	
366	157	765	  1	
366	423	765	  1	
366	440	765	  1	
366	445	765	  1	
367	223	765	  1	
367	266	765	  1	
367	400	765	  1	
368	  6	765	  1	
368	 50	765	  1	
368	 77	765	  1	
368	 83	765	  1	
368	143	765	  1	
368	146	765	  1	
368	170	765	  1	
368	180	765	  1	
370	 48	765	  1	
370	 55	765	  1	
370	327	765	  1	
371	104	765	  1	
371	408	765	  1	
372	176	765	  1	
372	424	765	  1	
373	 24	765	  1	
373	 62	765	  1	
373	259	765	  1	
373	386	765	  1	
374	 51	765	  1	
374	 72	765	  1	
374	 93	765	  1	
374	183	765	  1	
374	380	765	  1	
374	432	765	  1	
375	160	765	  1	
375	170	765	  1	
375	327	765	  1	
376	 10	765	  1	
376	 15	765	  1	
376	 35	765	  1	
376	 43	765	  1	
376	 70	765	  1	
376	 88	765	  1	
376	 97	765	  1	
376	105	765	  1	
376	112	765	  1	
376	119	765	  1	
376	169	765	  1	
376	174	765	  1	
376	328	765	  1	
376	390	765	  1	
376	394	765	  1	
379	163	765	  1	
379	192	765	  1	
381	 39	765	  1	
381	 71	765	  1	
382	137	765	  1	
382	197	765	  1	
383	183	765	  1	
383	206	765	  1	
383	328	765	  1	
383	390	765	  1	
383	437	765	  1	
383	475	765	  1	
384	 24	765	  1	
384	 55	765	  1	
384	 85	765	  1	
384	104	765	  1	
384	136	765	  1	
384	152	765	  1	
384	192	765	  1	
384	269	765	  1	
384	330	765	  1	
384	342	765	  1	
384	376	765	  1	
384	380	765	  1	
384	414	765	  1	
384	454	765	  1	
384	492	765	  1	
386	448	765	  1	
387	  8	765	  1	
387	224	765	  1	
387	231	765	  1	
387	408	765	  1	
391	152	765	  1	
391	340	765	  1	
391	452	765	  1	
391	456	765	  1	
391	460	765	  1	
392	  8	765	  1	
392	 50	765	  1	
392	 64	765	  1	
392	 75	765	  1	
392	 80	765	  1	
392	101	765	  1	
392	163	765	  1	
392	231	765	  1	
392	272	765	  1	
392	378	765	  1	
394	 15	765	  1	
394	 18	765	  1	
394	 48	765	  1	
394	 58	765	  1	
394	278	765	  1	
395	 71	765	  1	
395	192	765	  1	
395	326	765	  1	
395	504	765	  1	
396	 37	765	  1	
396	227	765	  1	
397	 24	765	  1	
397	190	765	  1	
397	211	765	  1	
397	286	765	  1	
398	 15	765	  1	
398	 30	765	  1	
398	 50	765	  1	
398	 62	765	  1	
399	380	765	  1	
399	408	765	  1	
400	  3	765	  1	
400	 40	765	  1	
400	 47	765	  1	
400	119	765	  1	
400	171	765	  1	
400	224	765	  1	
400	301	765	  1	
400	368	765	  1	
400	392	765	  1	
400	448	765	  1	
400	463	765	  1	
400	488	765	  1	
400	552	765	  1	
401	 61	765	  1	
402	  0	765	  1	
402	 31	765	  1	
402	272	765	  1	
403	104	765	  1	
403	163	765	  1	
403	371	765	  1	
404	  5	765	  1	
404	368	765	  1	
405	 86	765	  1	
405	281	765	  1	
406	 63	765	  1	
406	207	765	  1	
406	227	765	  1	
407	 40	765	  1	
407	 47	765	  1	
407	 55	765	  1	
407	119	765	  1	
407	168	765	  1	
407	175	765	  1	
407	399	765	  1	
407	448	765	  1	
408	 64	765	  1	
408	125	765	  1	
408	130	765	  1	
408	135	765	  1	
408	145	765	  1	
408	150	765	  1	
408	160	765	  1	
408	208	765	  1	
408	219	765	  1	
408	224	765	  1	
408	250	765	  1	
408	255	765	  1	
408	264	765	  1	
408	291	765	  1	
408	312	765	  1	
408	350	765	  1	
408	379	765	  1	
408	471	765	  1	
408	494	765	  1	
408	599	765	  1	
409	319	765	  1	
410	 95	765	  1	
410	383	765	  1	
411	246	765	  1	
411	320	765	  1	
411	416	765	  1	
412	380	765	  1	
413	120	765	  1	
413	184	765	  1	
413	192	765	  1	
413	288	765	  1	
414	168	765	  1	
414	231	765	  1	
414	240	765	  1	
414	267	765	  1	
414	280	765	  1	
414	383	765	  1	
415	 79	765	  1	
415	313	765	  1	
415	368	765	  1	
415	443	765	  1	
416	 16	765	  1	
416	 39	765	  1	
416	 51	765	  1	
416	 80	765	  1	
416	 99	765	  1	
416	104	765	  1	
416	150	765	  1	
416	155	765	  1	
416	215	765	  1	
416	224	765	  1	
416	312	765	  1	
416	354	765	  1	
416	400	765	  1	
417	 64	765	  1	
418	 29	765	  1	
418	175	765	  1	
418	488	765	  1	
419	 24	765	  1	
420	152	765	  1	
420	375	765	  1	
420	416	765	  1	
421	 22	765	  1	
421	112	765	  1	
421	119	765	  1	
421	147	765	  1	
421	317	765	  1	
422	 37	765	  1	
422	215	765	  1	
423	312	765	  1	
423	328	765	  1	
423	335	765	  1	
423	427	765	  1	
424	  0	765	  1	
424	  6	765	  1	
424	 25	765	  1	
424	 41	765	  1	
424	 50	765	  1	
424	 62	765	  1	
424	 66	765	  1	
424	 72	765	  1	
424	115	765	  1	
424	126	765	  1	
424	136	765	  1	
424	188	765	  1	
424	256	765	  1	
424	263	765	  1	
424	471	765	  1	
425	 56	765	  1	
425	101	765	  1	
425	178	765	  1	
426	 38	765	  1	
427	128	765	  1	
428	 40	765	  1	
429	  0	765	  1	
429	 22	765	  1	
429	 87	765	  1	
429	142	765	  1	
429	146	765	  1	
429	184	765	  1	
430	 34	765	  1	
430	168	765	  1	
430	331	765	  1	
431	154	765	  1	
432	 19	765	  1	
432	 61	765	  1	
432	123	765	  1	
432	192	765	  1	
432	207	765	  1	
432	225	765	  1	
432	234	765	  1	
432	248	765	  1	
432	363	765	  1	
432	406	765	  1	
432	446	765	  1	
433	172	765	  1	
434	 88	765	  1	
434	221	765	  1	
434	280	765	  1	
434	295	765	  1	
435	 31	765	  1	
435	202	765	  1	
435	255	765	  1	
437	  3	765	  1	
437	 12	765	  1	
437	 27	765	  1	
437	170	765	  1	
437	273	765	  1	
438	163	765	  1	
438	196	765	  1	
439	 23	765	  1	
439	 47	765	  1	
439	 69	765	  1	
439	119	765	  1	
439	248	765	  1	
440	 32	765	  1	
440	 50	765	  1	
440	 80	765	  1	
440	120	765	  1	
440	136	765	  1	
440	168	765	  1	
440	175	765	  1	
440	215	765	  1	
440	235	765	  1	
440	244	765	  1	
440	272	765	  1	
440	487	765	  1	
441	127	765	  1	
442	 40	765	  1	
442	115	765	  1	
442	159	765	  1	
443	104	765	  1	
443	175	765	  1	
443	294	765	  1	
445	 16	765	  1	
446	 40	765	  1	
446	187	765	  1	
446	232	765	  1	
446	240	765	  1	
446	276	765	  1	
447	374	765	  1	
448	  1	765	  1	
448	  6	765	  1	
448	 10	765	  1	
448	 61	765	  1	
448	 96	765	  1	
448	146	765	  1	
448	151	765	  1	
448	157	765	  1	
448	239	765	  1	
448	248	765	  1	
448	257	765	  1	
448	287	765	  1	
448	417	765	  1	
449	450	765	  1	
450	179	765	  1	
451	360	765	  1	
452	216	765	  1	
453	140	765	  1	
453	248	765	  1	
454	131	765	  1	
454	163	765	  1	
454	176	765	  1	
455	 40	765	  1	
455	 53	765	  1	
455	169	765	  1	
455	187	765	  1	
455	208	765	  1	
455	223	765	  1	
455	423	765	  1	
456	 23	765	  1	
456	 64	765	  1	
456	 70	765	  1	
456	125	765	  1	
458	 82	765	  1	
458	112	765	  1	
458	242	765	  1	
458	267	765	  1	
459	 16	765	  1	
459	 87	765	  1	
459	152	765	  1	
459	191	765	  1	
459	304	765	  1	
460	176	765	  1	
461	168	765	  1	
462	232	765	  1	
463	 23	765	  1	
463	128	765	  1	
463	271	765	  1	
463	280	765	  1	
464	 51	765	  1	
464	 64	765	  1	
464	 71	765	  1	
464	 88	765	  1	
464	106	765	  1	
464	130	765	  1	
464	145	765	  1	
464	213	765	  1	
464	227	765	  1	
464	290	765	  1	
464	299	765	  1	
464	352	765	  1	
465	 93	765	  1	
467	  0	765	  1	
467	 24	765	  1	
467	112	765	  1	
468	 38	765	  1	
468	 48	765	  1	
469	 40	765	  1	
469	104	765	  1	
469	135	765	  1	
470	 30	765	  1	
470	227	765	  1	
470	267	765	  1	
471	  7	765	  1	
471	 95	765	  1	
471	280	765	  1	
472	 87	765	  1	
472	119	765	  1	
472	155	765	  1	
472	168	765	  1	
472	189	765	  1	
472	192	765	  1	
472	196	765	  1	
472	202	765	  1	
472	211	765	  1	
472	259	765	  1	
472	295	765	  1	
472	324	765	  1	
472	354	765	  1	
472	416	765	  1	
472	423	765	  1	
473	179	765	  1	
474	407	765	  1	
475	 48	765	  1	
475	104	765	  1	
475	160	765	  1	
476	 87	765	  1	
477	 64	765	  1	
477	222	765	  1	
477	320	765	  1	
478	187	765	  1	
478	203	765	  1	
479	  0	765	  1	
479	191	765	  1	
479	215	765	  1	
479	256	765	  1	
479	263	765	  1	
479	336	765	  1	
479	428	765	  1	
480	 24	765	  1	
480	 32	765	  1	
480	 63	765	  1	
480	104	765	  1	
480	128	765	  1	
480	163	765	  1	
480	224	765	  1	
480	232	765	  1	
480	248	765	  1	
480	253	765	  1	
480	312	765	  1	
480	379	765	  1	
482	117	765	  1	
482	158	765	  1	
483	108	765	  1	
483	191	765	  1	
483	404	765	  1	
484	181	765	  1	
485	 14	765	  1	
485	176	765	  1	
485	208	765	  1	
486	 24	765	  1	
487	114	765	  1	
487	232	765	  1	
487	344	765	  1	
487	350	765	  1	
488	  8	765	  1	
488	 91	765	  1	
488	 99	765	  1	
488	143	765	  1	
488	182	765	  1	
488	186	765	  1	
488	229	765	  1	
488	256	765	  1	
488	304	765	  1	
488	323	765	  1	
488	332	765	  1	
488	347	765	  1	
489	 48	765	  1	
489	 55	765	  1	
490	224	765	  1	
490	246	765	  1	
491	263	765	  1	
492	127	765	  1	
493	  0	765	  1	
493	 95	765	  1	
493	179	765	  1	
493	439	765	  1	
494	120	765	  1	
494	135	765	  1	
494	199	765	  1	
494	230	765	  1	
494	333	765	  1	
495	 58	765	  1	
495	112	765	  1	
495	320	765	  1	
495	327	765	  1	
495	344	765	  1	
495	351	765	  1	
495	592	765	  1	
496	 56	765	  1	
496	110	765	  1	
496	152	765	  1	
496	158	765	  1	
496	167	765	  1	
496	210	765	  1	
496	216	765	  1	
496	235	765	  1	
496	255	765	  1	
496	264	765	  1	
496	338	765	  1	
497	147	765	  1	
497	184	765	  1	
498	133	765	  1	
499	160	765	  1	
500	192	765	  1	
501	  1	765	  1	
501	143	765	  1	
501	155	765	  1	
501	211	765	  1	
501	339	765	  1	
502	128	765	  1	
502	199	765	  1	
503	 56	765	  1	
503	 93	765	  1	
503	216	765	  1	
503	232	765	  1	
503	239	765	  1	
503	262	765	  1	
503	552	765	  1	
504	 13	765	  1	
504	 32	765	  1	
504	 38	765	  1	
504	112	765	  1	
504	119	765	  1	
504	144	765	  1	
504	176	765	  1	
504	182	765	  1	
504	200	765	  1	
504	238	765	  1	
504	248	765	  1	
504	312	765	  1	
504	317	765	  1	
506	  8	765	  1	
506	151	765	  1	
506	206	765	  1	
507	115	765	  1	
507	135	765	  1	
507	222	765	  1	
507	423	765	  1	
508	296	765	  1	
509	158	765	  1	
510	 14	765	  1	
510	119	765	  1	
510	145	765	  1	
510	179	765	  1	
510	200	765	  1	
511	316	765	  1	
512	  0	765	  1	
512	 48	765	  1	
512	 55	765	  1	
512	 87	765	  1	
512	125	765	  1	
512	148	765	  1	
512	168	765	  1	
512	173	765	  1	
512	187	765	  1	
512	212	765	  1	
512	216	765	  1	
512	239	765	  1	
512	268	765	  1	
512	280	765	  1	
512	284	765	  1	
512	392	765	  1	
512	400	765	  1	
512	471	765	  1	
513	221	765	  1	
514	 32	765	  1	
515	136	765	  1	
515	232	765	  1	
515	296	765	  1	
515	407	765	  1	
516	 80	765	  1	
517	147	765	  1	
517	171	765	  1	
517	206	765	  1	
517	235	765	  1	
518	 95	765	  1	
518	120	765	  1	
518	157	765	  1	
518	212	765	  1	
518	285	765	  1	
519	 51	765	  1	
519	152	765	  1	
519	222	765	  1	
519	280	765	  1	
519	309	765	  1	
519	398	765	  1	
520	 50	765	  1	
520	 55	765	  1	
520	181	765	  1	
520	189	765	  1	
520	200	765	  1	
520	336	765	  1	
520	366	765	  1	
522	216	765	  1	
523	 80	765	  1	
523	360	765	  1	
524	 53	765	  1	
524	311	765	  1	
525	111	765	  1	
526	 34	765	  1	
527	196	765	  1	
527	203	765	  1	
527	222	765	  1	
527	304	765	  1	
528	 77	765	  1	
528	 87	765	  1	
528	101	765	  1	
528	126	765	  1	
528	143	765	  1	
528	169	765	  1	
528	182	765	  1	
528	227	765	  1	
528	245	765	  1	
528	264	765	  1	
528	320	765	  1	
528	357	765	  1	
531	152	765	  1	
531	208	765	  1	
531	288	765	  1	
531	352	765	  1	
533	 72	765	  1	
533	 96	765	  1	
533	120	765	  1	
534	168	765	  1	
534	200	765	  1	
534	240	765	  1	
534	255	765	  1	
534	293	765	  1	
535	181	765	  1	
535	264	765	  1	
535	439	765	  1	
536	 99	765	  1	
536	112	765	  1	
536	146	765	  1	
536	160	765	  1	
536	167	765	  1	
536	184	765	  1	
536	212	765	  1	
536	216	765	  1	
537	183	765	  1	
538	275	765	  1	
540	323	765	  1	
541	144	765	  1	
542	176	765	  1	
542	405	765	  1	
544	 80	765	  1	
544	126	765	  1	
544	136	765	  1	
544	142	765	  1	
544	194	765	  1	
544	199	765	  1	
544	342	765	  1	
544	351	765	  1	
544	384	765	  1	
546	215	765	  1	
547	184	765	  1	
547	344	765	  1	
548	116	765	  1	
549	158	765	  1	
549	335	765	  1	
550	124	765	  1	
550	328	765	  1	
550	339	765	  1	
550	558	765	  1	
551	211	765	  1	
551	351	765	  1	
552	152	765	  1	
552	309	765	  1	
552	400	765	  1	
554	295	765	  1	
555	203	765	  1	
555	269	765	  1	
557	155	765	  1	
557	255	765	  1	
557	272	765	  1	
557	288	765	  1	
560	  0	765	  1	
560	102	765	  1	
560	208	765	  1	
560	311	765	  1	
560	346	765	  1	
560	373	765	  1	
560	404	765	  1	
561	242	765	  1	
562	 96	765	  1	
562	119	765	  1	
562	368	765	  1	
563	423	765	  1	
565	107	765	  1	
565	379	765	  1	
565	407	765	  1	
566	 91	765	  1	
566	103	765	  1	
566	402	765	  1	
567	304	765	  1	
567	336	765	  1	
567	398	765	  1	
567	480	765	  1	
568	 72	765	  1	
568	112	765	  1	
568	160	765	  1	
568	271	765	  1	
568	273	765	  1	
568	315	765	  1	
568	352	765	  1	
568	368	765	  1	
568	413	765	  1	
570	 71	765	  1	
570	248	765	  1	
572	408	765	  1	
573	118	765	  1	
574	 79	765	  1	
574	167	765	  1	
574	276	765	  1	
575	343	765	  1	
575	382	765	  1	
576	 10	765	  1	
576	 82	765	  1	
576	109	765	  1	
576	152	765	  1	
576	334	765	  1	
576	471	765	  1	
577	136	765	  1	
577	291	765	  1	
577	349	765	  1	
579	 96	765	  1	
579	295	765	  1	
580	266	765	  1	
581	104	765	  1	
581	279	765	  1	
581	352	765	  1	
581	360	765	  1	
582	264	765	  1	
582	301	765	  1	
583	268	765	  1	
584	 72	765	  1	
584	 80	765	  1	
584	 87	765	  1	
584	101	765	  1	
584	208	765	  1	
584	215	765	  1	
584	219	765	  1	
584	271	765	  1	
584	296	765	  1	
587	287	765	  1	
587	312	765	  1	
589	136	765	  1	
589	271	765	  1	
590	111	765	  1	
591	 83	765	  1	
591	176	765	  1	
591	211	765	  1	
591	216	765	  1	
591	223	765	  1	
591	327	765	  1	
591	352	765	  1	
591	360	765	  1	
591	448	765	  1	
592	 88	765	  1	
592	208	765	  1	
592	260	765	  1	
592	278	765	  1	
593	447	765	  1	
594	242	765	  1	
596	 94	765	  1	
597	246	765	  1	
599	 88	765	  1	
599	 99	765	  1	
600	 24	765	  1	
600	 64	765	  1	
600	112	765	  1	
600	144	765	  1	
600	287	765	  1	
600	368	765	  1	
600	375	765	  1	
600	424	765	  1	
600	503	765	  1	
602	322	765	  1	
603	134	765	  1	
603	280	765	  1	
603	327	765	  1	
604	487	765	  1	
605	184	765	  1	
605	397	765	  1	
606	122	765	  1	
607	 80	765	  1	
607	151	765	  1	
607	287	765	  1	
607	318	765	  1	
607	371	765	  1	
608	331	765	  1	
608	336	765	  1	
608	351	765	  1	
612	262	765	  1	
613	 19	765	  1	
613	356	765	  1	
615	 32	765	  1	
615	103	765	  1	
616	 76	765	  1	
616	304	765	  1	
616	399	765	  1	
616	462	765	  1	
619	 55	765	  1	
619	311	765	  1	
619	339	765	  1	
619	392	765	  1	
623	399	765	  1	
624	  7	765	  1	
624	 48	765	  1	
624	119	765	  1	
624	413	765	  1	
624	494	765	  1	
626	262	765	  1	
630	136	765	  1	
630	352	765	  1	
631	128	765	  1	
631	339	765	  1	
632	247	765	  1	
632	288	765	  1	
632	295	765	  1	
635	104	765	  1	
635	368	765	  1	
639	303	765	  1	
640	119	765	  1	
640	325	765	  1	
642	112	765	  1	
643	290	765	  1	
643	320	765	  1	
644	342	765	  1	
644	351	765	  1	
647	295	765	  1	
648	248	765	  1	
648	334	765	  1	
656	413	765	  1	
660	232	765	  1	
663	312	765	  1	
675	176	765	  1	
680	366	765	  1	
682	288	765	  1	
690	279	765	  1	
695	224	765	  1	
715	106	765	  1	
724	319	765	  1	
736	 88	765	  1	
740	103	765	  1	
751	310	765	  1	
