# 
#  Image file: Goad1_T0112.jpg
#  Applied threshold: 575
#  Algorithm used: fill2                 
#  Particle count: 1946
#  Location (x,y), max luminance, and mass:
# 
  0	176	765	  1	
  0	184	765	  1	
  5	138	765	  1	
  6	179	765	  1	
  7	271	765	  1	
 12	  1	765	  1	
 12	176	765	  1	
 31	311	765	  1	
 31	335	765	  1	
 32	111	765	  1	
 32	247	765	  1	
 39	354	765	  1	
 44	103	765	  1	
 56	102	765	  1	
 64	311	765	  1	
 66	380	765	  1	
 68	280	765	  1	
 71	304	765	  1	
 75	144	765	  1	
 76	584	765	  1	
 78	199	765	  1	
 78	296	765	  1	
 82	503	765	  1	
 88	210	765	  1	
 88	305	765	  1	
 88	309	765	  1	
 88	440	765	  1	
 91	 32	765	  1	
 92	431	765	  1	
 94	 83	765	  1	
 94	 95	765	  1	
 95	 68	765	  1	
 95	440	765	  1	
 96	103	765	  1	
 96	176	765	  1	
 96	416	765	  1	
 96	496	765	  1	
103	 95	765	  1	
103	304	765	  1	
103	411	765	  1	
103	583	765	  1	
104	133	765	  1	
104	163	765	  1	
104	268	765	  1	
104	344	765	  1	
104	584	765	  1	
104	586	765	  1	
105	582	765	  1	
107	351	765	  1	
110	505	765	  1	
111	123	765	  1	
111	344	765	  1	
111	359	765	  1	
111	591	765	  1	
112	 76	765	  1	
112	272	765	  1	
112	391	765	  1	
114	446	765	  1	
115	128	765	  1	
115	135	765	  1	
117	440	765	  1	
118	100	765	  1	
119	191	765	  1	
119	391	765	  1	
120	 71	765	  1	
120	152	765	  1	
120	287	765	  1	
122	  0	765	  1	
124	158	765	  1	
125	392	765	  1	
125	479	765	  1	
127	 87	765	  1	
127	 95	765	  1	
127	168	765	  1	
128	104	765	  1	
128	211	765	  1	
128	328	765	  1	
130	519	765	  1	
131	111	765	  1	
132	334	765	  1	
133	 91	765	  1	
133	200	765	  1	
135	104	765	  1	
135	300	765	  1	
136	 10	765	  1	
136	 15	765	  1	
136	 55	765	  1	
136	 94	765	  1	
136	111	765	  1	
136	187	765	  1	
136	344	765	  1	
136	351	765	  1	
136	429	765	  1	
138	168	765	  1	
138	359	765	  1	
138	384	765	  1	
139	102	765	  1	
139	223	765	  1	
139	452	765	  1	
140	205	765	  1	
140	270	765	  1	
140	315	765	  1	
142	264	765	  1	
143	218	765	  1	
143	296	765	  1	
143	347	765	  1	
143	386	765	  1	
143	418	765	  1	
143	464	765	  1	
144	226	765	  1	
146	109	765	  1	
146	111	765	  1	
147	104	765	  1	
147	246	765	  1	
147	288	765	  1	
147	319	765	  1	
147	341	765	  1	
148	224	765	  1	
149	309	765	  1	
152	288	765	  1	
152	295	765	  1	
152	371	765	  1	
152	497	765	  1	
153	320	765	  1	
154	160	765	  1	
154	296	765	  1	
154	331	765	  1	
155	486	765	  1	
156	251	765	  1	
156	384	765	  1	
157	  7	765	  1	
159	 88	765	  1	
159	291	765	  1	
159	310	765	  1	
159	334	765	  1	
160	128	765	  1	
160	160	765	  1	
160	176	765	  1	
160	255	765	  1	
160	286	765	  1	
160	321	765	  1	
160	359	765	  1	
160	432	765	  1	
160	528	765	  1	
162	 95	765	  1	
162	352	765	  1	
163	469	765	  1	
167	160	765	  1	
167	184	765	  1	
167	359	765	  1	
167	424	765	  1	
168	 94	765	  1	
168	135	765	  1	
168	208	765	  1	
168	256	765	  1	
168	269	765	  1	
168	298	765	  1	
168	303	765	  1	
168	511	765	  1	
170	264	765	  1	
171	 58	765	  1	
171	 96	765	  1	
171	157	765	  1	
173	208	765	  1	
173	239	765	  1	
173	424	765	  1	
174	  4	765	  1	
174	 99	765	  1	
174	296	765	  1	
174	301	765	  1	
174	422	765	  1	
175	103	765	  1	
175	143	765	  1	
175	152	765	  1	
175	256	765	  1	
176	 23	765	  1	
176	 87	765	  1	
176	230	765	  1	
176	298	765	  1	
176	322	765	  1	
176	384	765	  1	
176	396	765	  1	
176	405	765	  1	
176	431	765	  1	
177	376	765	  1	
178	263	765	  1	
179	166	765	  1	
179	424	765	  1	
179	483	765	  1	
180	303	765	  1	
181	256	765	  1	
182	 23	765	  1	
182	160	765	  1	
182	296	765	  1	
182	343	765	  1	
183	223	765	  1	
183	431	765	  1	
183	447	765	  1	
184	 98	765	  1	
184	125	765	  1	
184	178	765	  1	
184	182	765	  1	
184	304	765	  1	
184	412	765	  1	
185	362	765	  1	
186	194	765	  1	
186	280	765	  1	
187	 56	765	  1	
187	 89	765	  1	
187	120	765	  1	
187	199	765	  1	
187	254	765	  1	
187	295	765	  1	
187	384	765	  1	
188	248	765	  1	
189	258	765	  1	
191	 64	765	  1	
191	111	765	  1	
191	152	765	  1	
191	231	765	  1	
191	271	765	  1	
191	286	765	  1	
191	367	765	  1	
191	377	765	  1	
191	391	765	  1	
192	 55	765	  1	
192	136	765	  1	
192	210	765	  1	
192	234	765	  1	
192	247	765	  1	
192	263	765	  1	
192	303	765	  1	
192	319	765	  1	
192	339	765	  1	
192	432	765	  1	
192	472	765	  1	
193	111	765	  1	
194	 21	765	  1	
194	240	765	  1	
195	 48	765	  1	
195	104	765	  1	
195	223	765	  1	
195	296	765	  1	
196	335	765	  1	
197	142	765	  1	
197	219	765	  1	
197	320	765	  1	
198	187	765	  1	
198	243	765	  1	
198	311	765	  1	
198	432	765	  1	
199	 55	765	  1	
199	 67	765	  1	
199	103	765	  1	
199	152	765	  1	
199	210	765	  1	
199	232	765	  1	
199	303	765	  1	
199	328	765	  1	
199	336	765	  1	
199	343	765	  1	
199	599	765	  1	
200	106	765	  1	
200	116	765	  1	
200	287	765	  1	
200	293	765	  1	
200	386	765	  1	
200	416	765	  1	
201	126	765	  1	
202	167	765	  1	
202	282	765	  1	
202	288	765	  1	
202	400	765	  1	
203	 42	765	  1	
203	 80	765	  1	
203	303	765	  1	
205	 96	765	  1	
205	104	765	  1	
205	111	765	  1	
205	224	765	  1	
206	 72	765	  1	
206	160	765	  1	
206	294	765	  1	
206	322	765	  1	
207	 24	765	  1	
207	287	765	  1	
207	448	765	  1	
208	 48	765	  1	
208	 53	765	  1	
208	 63	765	  1	
208	 85	765	  1	
208	151	765	  1	
208	208	765	  1	
208	315	765	  1	
208	415	765	  1	
208	445	765	  1	
208	454	765	  1	
210	 16	765	  1	
210	 80	765	  1	
210	126	765	  1	
210	138	765	  1	
211	128	765	  1	
211	232	765	  1	
211	326	765	  1	
212	 21	765	  1	
212	 85	765	  1	
212	424	765	  1	
213	  7	765	  1	
213	119	765	  1	
213	148	765	  1	
213	410	765	  1	
214	224	765	  1	
214	239	765	  1	
214	429	765	  1	
215	 80	765	  1	
215	138	765	  1	
215	160	765	  1	
215	268	765	  1	
215	444	765	  1	
216	 88	765	  1	
216	 94	765	  1	
216	114	765	  1	
216	205	765	  1	
216	488	765	  1	
218	291	765	  1	
218	434	765	  1	
219	215	765	  1	
219	226	765	  1	
219	380	765	  1	
221	 91	765	  1	
221	360	765	  1	
222	240	765	  1	
222	247	765	  1	
223	112	765	  1	
223	119	765	  1	
223	160	765	  1	
223	397	765	  1	
224	  8	765	  1	
224	 56	765	  1	
224	 62	765	  1	
224	172	765	  1	
224	181	765	  1	
224	184	765	  1	
224	255	765	  1	
224	268	765	  1	
224	279	765	  1	
224	309	765	  1	
224	411	765	  1	
224	443	765	  1	
224	466	765	  1	
224	472	765	  1	
226	128	765	  1	
226	333	765	  1	
227	 88	765	  1	
227	169	765	  1	
227	272	765	  1	
227	568	765	  1	
228	251	765	  1	
228	263	765	  1	
228	295	765	  1	
229	 30	765	  1	
229	 99	765	  1	
229	136	765	  1	
229	181	765	  1	
229	190	765	  1	
229	211	765	  1	
229	289	765	  1	
229	328	765	  1	
229	455	765	  1	
229	471	765	  1	
230	271	765	  1	
230	319	765	  1	
230	357	765	  1	
230	440	765	  1	
231	  0	765	  1	
231	176	765	  1	
231	279	765	  1	
231	333	765	  1	
231	408	765	  1	
231	415	765	  1	
231	431	765	  1	
231	579	765	  1	
232	 43	765	  1	
232	 71	765	  1	
232	 82	765	  1	
232	154	765	  1	
232	164	765	  1	
232	288	765	  1	
232	295	765	  1	
232	304	765	  1	
232	320	765	  1	
232	432	765	  1	
232	466	765	  1	
232	480	765	  1	
232	487	765	  1	
234	 94	765	  1	
234	437	765	  1	
234	455	765	  1	
235	  0	765	  1	
235	104	765	  1	
235	152	765	  1	
235	224	765	  1	
235	263	765	  1	
235	277	765	  1	
235	408	765	  1	
235	483	765	  1	
236	 64	765	  1	
237	 88	765	  1	
237	136	765	  1	
237	167	765	  1	
237	184	765	  1	
237	310	765	  1	
238	176	765	  1	
238	251	765	  1	
238	466	765	  1	
239	 40	765	  1	
239	 47	765	  1	
239	255	765	  1	
239	471	765	  1	
239	480	765	  1	
239	487	765	  1	
239	575	765	  1	
240	 56	765	  1	
240	 71	765	  1	
240	 98	765	  1	
240	110	765	  1	
240	131	765	  1	
240	147	765	  1	
240	173	765	  1	
240	240	765	  1	
240	246	765	  1	
240	281	765	  1	
240	291	765	  1	
240	351	765	  1	
240	429	765	  1	
240	464	765	  1	
240	573	765	  1	
240	598	765	  1	
241	384	765	  1	
242	 40	765	  1	
242	 95	765	  1	
242	105	765	  1	
242	232	765	  1	
243	 62	765	  1	
243	261	765	  1	
243	272	765	  1	
243	344	765	  1	
243	432	765	  1	
243	471	765	  1	
245	103	765	  1	
245	184	765	  1	
245	191	765	  1	
245	424	765	  1	
245	443	765	  1	
246	 10	765	  1	
246	596	765	  1	
247	 71	765	  1	
247	351	765	  1	
247	464	765	  1	
248	 47	765	  1	
248	 72	765	  1	
248	135	765	  1	
248	138	765	  1	
248	156	765	  1	
248	169	765	  1	
248	200	765	  1	
248	206	765	  1	
248	215	765	  1	
248	256	765	  1	
248	284	765	  1	
248	304	765	  1	
248	309	765	  1	
248	312	765	  1	
248	318	765	  1	
248	368	765	  1	
248	416	765	  1	
248	423	765	  1	
249	 87	765	  1	
249	205	765	  1	
250	 58	765	  1	
250	187	765	  1	
250	479	765	  1	
251	 40	765	  1	
251	 63	765	  1	
251	 72	765	  1	
251	175	765	  1	
251	504	765	  1	
252	374	765	  1	
253	 82	765	  1	
253	200	765	  1	
253	259	765	  1	
253	267	765	  1	
253	275	765	  1	
253	278	765	  1	
253	438	765	  1	
253	472	765	  1	
254	476	765	  1	
255	 47	765	  1	
255	215	765	  1	
255	280	765	  1	
255	316	765	  1	
256	  4	765	  1	
256	 48	765	  1	
256	 67	765	  1	
256	115	765	  1	
256	120	765	  1	
256	197	765	  1	
256	208	765	  1	
256	213	765	  1	
256	216	765	  1	
256	240	765	  1	
256	253	765	  1	
256	275	765	  1	
256	302	765	  1	
256	328	765	  1	
256	334	765	  1	
256	367	765	  1	
256	379	765	  1	
256	390	765	  1	
258	 31	765	  1	
258	192	765	  1	
258	308	765	  1	
258	316	765	  1	
259	 24	765	  1	
259	388	765	  1	
259	416	765	  1	
260	246	765	  1	
260	376	765	  1	
261	 53	765	  1	
261	171	765	  1	
261	344	765	  1	
261	364	765	  1	
262	  2	765	  1	
262	 30	765	  1	
262	 57	765	  1	
262	198	765	  1	
262	220	765	  1	
262	248	765	  1	
263	384	765	  1	
264	 13	765	  1	
264	104	765	  1	
264	200	765	  1	
264	265	765	  1	
264	272	765	  1	
264	306	765	  1	
264	316	765	  1	
264	328	765	  1	
264	429	765	  1	
264	497	765	  1	
265	287	765	  1	
266	408	765	  1	
267	176	765	  1	
267	207	765	  1	
267	248	765	  1	
267	255	765	  1	
267	262	765	  1	
268	520	765	  1	
269	 12	765	  1	
269	280	765	  1	
269	330	765	  1	
270	 80	765	  1	
270	127	765	  1	
270	150	765	  1	
270	189	765	  1	
270	424	765	  1	
271	 24	765	  1	
271	184	765	  1	
271	200	765	  1	
271	304	765	  1	
272	  3	765	  1	
272	 59	765	  1	
272	 77	765	  1	
272	232	765	  1	
272	236	765	  1	
272	248	765	  1	
272	255	765	  1	
272	258	765	  1	
272	305	765	  1	
272	352	765	  1	
272	413	765	  1	
272	454	765	  1	
272	515	765	  1	
273	224	765	  1	
274	109	765	  1	
274	250	765	  1	
274	270	765	  1	
275	135	765	  1	
275	400	765	  1	
275	431	765	  1	
275	504	765	  1	
276	248	765	  1	
276	255	765	  1	
277	112	765	  1	
277	200	765	  1	
278	189	765	  1	
278	232	765	  1	
278	237	765	  1	
278	308	765	  1	
279	 56	765	  1	
279	 63	765	  1	
279	331	765	  1	
279	352	765	  1	
279	413	765	  1	
279	424	765	  1	
279	504	765	  1	
279	516	765	  1	
279	520	765	  1	
279	527	765	  1	
280	 10	765	  1	
280	 35	765	  1	
280	 48	765	  1	
280	 80	765	  1	
280	 84	765	  1	
280	 94	765	  1	
280	154	765	  1	
280	159	765	  1	
280	163	765	  1	
280	197	765	  1	
280	248	765	  1	
280	278	765	  1	
280	288	765	  1	
280	301	765	  1	
280	316	765	  1	
280	343	765	  1	
280	464	765	  1	
280	496	765	  1	
280	502	765	  1	
281	527	765	  1	
282	  0	765	  1	
282	131	765	  1	
282	296	765	  1	
282	426	765	  1	
283	336	765	  1	
284	 50	765	  1	
284	287	765	  1	
284	405	765	  1	
285	184	765	  1	
285	208	765	  1	
285	215	765	  1	
285	319	765	  1	
286	123	765	  1	
286	152	765	  1	
286	224	765	  1	
286	249	765	  1	
286	302	765	  1	
287	159	765	  1	
287	288	765	  1	
287	343	765	  1	
287	359	765	  1	
288	 27	765	  1	
288	 40	765	  1	
288	 45	765	  1	
288	104	765	  1	
288	120	765	  1	
288	140	765	  1	
288	199	765	  1	
288	231	765	  1	
288	240	765	  1	
288	247	765	  1	
288	336	765	  1	
288	372	765	  1	
288	388	765	  1	
288	402	765	  1	
288	407	765	  1	
288	420	765	  1	
288	424	765	  1	
288	453	765	  1	
288	504	765	  1	
289	359	765	  1	
290	141	765	  1	
290	319	765	  1	
291	  3	765	  1	
291	 18	765	  1	
291	 63	765	  1	
291	 72	765	  1	
291	224	765	  1	
291	352	765	  1	
291	491	765	  1	
292	370	765	  1	
293	206	765	  1	
293	304	765	  1	
293	343	765	  1	
293	424	765	  1	
293	480	765	  1	
294	 95	765	  1	
294	136	765	  1	
294	422	765	  1	
294	430	765	  1	
295	104	765	  1	
295	231	765	  1	
295	243	765	  1	
295	568	765	  1	
296	 96	765	  1	
296	112	765	  1	
296	119	765	  1	
296	189	765	  1	
296	218	765	  1	
296	251	765	  1	
296	309	765	  1	
296	359	765	  1	
296	374	765	  1	
296	490	765	  1	
296	570	765	  1	
298	 95	765	  1	
298	102	765	  1	
298	287	765	  1	
298	296	765	  1	
299	 55	765	  1	
299	240	765	  1	
299	352	765	  1	
299	368	765	  1	
300	 40	765	  1	
300	535	765	  1	
302	  3	765	  1	
302	 96	765	  1	
302	232	765	  1	
302	302	765	  1	
303	359	765	  1	
303	492	765	  1	
304	  0	765	  1	
304	131	765	  1	
304	144	765	  1	
304	151	765	  1	
304	166	765	  1	
304	175	765	  1	
304	208	765	  1	
304	217	765	  1	
304	411	765	  1	
304	460	765	  1	
304	538	765	  1	
304	552	765	  1	
304	594	765	  1	
304	599	765	  1	
305	162	765	  1	
306	  5	765	  1	
306	192	765	  1	
306	230	765	  1	
306	320	765	  1	
306	327	765	  1	
306	471	765	  1	
307	295	765	  1	
307	415	765	  1	
307	422	765	  1	
308	128	765	  1	
308	135	765	  1	
308	384	765	  1	
308	496	765	  1	
309	 54	765	  1	
309	112	765	  1	
309	352	765	  1	
309	359	765	  1	
310	  0	765	  1	
310	 19	765	  1	
310	 96	765	  1	
310	167	765	  1	
310	198	765	  1	
311	103	765	  1	
311	256	765	  1	
311	336	765	  1	
311	343	765	  1	
311	391	765	  1	
311	480	765	  1	
311	485	765	  1	
311	512	765	  1	
311	538	765	  1	
312	  7	765	  1	
312	118	765	  1	
312	152	765	  1	
312	158	765	  1	
312	168	765	  1	
312	174	765	  1	
312	200	765	  1	
312	237	765	  1	
312	309	765	  1	
312	319	765	  1	
312	333	765	  1	
312	458	765	  1	
314	232	765	  1	
314	248	765	  1	
314	443	765	  1	
314	469	765	  1	
315	336	765	  1	
315	467	765	  1	
316	496	765	  1	
316	599	765	  1	
317	 88	765	  1	
317	114	765	  1	
317	119	765	  1	
317	171	765	  1	
317	288	765	  1	
317	304	765	  1	
317	328	765	  1	
317	423	765	  1	
318	155	765	  1	
318	200	765	  1	
318	238	765	  1	
318	408	765	  1	
319	312	765	  1	
319	456	765	  1	
319	467	765	  1	
320	 11	765	  1	
320	 76	765	  1	
320	144	765	  1	
320	168	765	  1	
320	176	765	  1	
320	208	765	  1	
320	216	765	  1	
320	266	765	  1	
320	271	765	  1	
320	274	765	  1	
320	278	765	  1	
320	286	765	  1	
320	363	765	  1	
320	367	765	  1	
320	373	765	  1	
320	384	765	  1	
320	391	765	  1	
320	401	765	  1	
320	429	765	  1	
320	455	765	  1	
320	556	765	  1	
321	136	765	  1	
322	 30	765	  1	
322	 69	765	  1	
322	 72	765	  1	
322	334	765	  1	
322	407	765	  1	
322	424	765	  1	
322	567	765	  1	
323	448	765	  1	
325	 79	765	  1	
325	204	765	  1	
325	264	765	  1	
325	268	765	  1	
325	274	765	  1	
325	280	765	  1	
325	287	765	  1	
325	298	765	  1	
325	431	765	  1	
326	328	765	  1	
326	402	765	  1	
327	 16	765	  1	
327	144	765	  1	
327	307	765	  1	
327	373	765	  1	
327	387	765	  1	
327	455	765	  1	
328	104	765	  1	
328	123	765	  1	
328	160	765	  1	
328	176	765	  1	
328	190	765	  1	
328	211	765	  1	
328	228	765	  1	
328	232	765	  1	
328	245	765	  1	
328	255	765	  1	
328	318	765	  1	
328	368	765	  1	
328	410	765	  1	
328	458	765	  1	
328	464	765	  1	
331	  8	765	  1	
331	363	765	  1	
331	431	765	  1	
331	474	765	  1	
332	 27	765	  1	
332	219	765	  1	
332	269	765	  1	
333	 31	765	  1	
333	139	765	  1	
333	167	765	  1	
333	315	765	  1	
333	356	765	  1	
333	415	765	  1	
333	440	765	  1	
334	 72	765	  1	
334	548	765	  1	
335	104	765	  1	
335	160	765	  1	
335	190	765	  1	
335	232	765	  1	
335	559	765	  1	
335	562	765	  1	
336	 21	765	  1	
336	 48	765	  1	
336	 54	765	  1	
336	 59	765	  1	
336	 88	765	  1	
336	100	765	  1	
336	120	765	  1	
336	132	765	  1	
336	187	765	  1	
336	200	765	  1	
336	240	765	  1	
336	258	765	  1	
336	328	765	  1	
336	360	765	  1	
336	367	765	  1	
336	451	765	  1	
336	547	765	  1	
337	232	765	  1	
338	278	765	  1	
338	398	765	  1	
339	422	765	  1	
340	126	765	  1	
340	246	765	  1	
340	269	765	  1	
341	  0	765	  1	
341	  8	765	  1	
341	135	765	  1	
341	259	765	  1	
341	416	765	  1	
341	517	765	  1	
341	544	765	  1	
342	 16	765	  1	
342	274	765	  1	
342	279	765	  1	
342	319	765	  1	
342	328	765	  1	
342	408	765	  1	
342	597	765	  1	
343	 12	765	  1	
343	 56	765	  1	
343	 63	765	  1	
343	363	765	  1	
343	443	765	  1	
343	476	765	  1	
343	483	765	  1	
343	503	765	  1	
344	 22	765	  1	
344	 47	765	  1	
344	 53	765	  1	
344	 96	765	  1	
344	119	765	  1	
344	124	765	  1	
344	139	765	  1	
344	168	765	  1	
344	176	765	  1	
344	192	765	  1	
344	224	765	  1	
344	240	765	  1	
344	248	765	  1	
344	255	765	  1	
344	287	765	  1	
344	294	765	  1	
344	344	765	  1	
344	367	765	  1	
344	375	765	  1	
344	415	765	  1	
344	448	765	  1	
344	455	765	  1	
344	458	765	  1	
345	408	765	  1	
346	198	765	  1	
347	 40	765	  1	
347	 88	765	  1	
347	429	765	  1	
348	104	765	  1	
348	298	765	  1	
349	 23	765	  1	
349	 96	765	  1	
349	109	765	  1	
349	256	765	  1	
349	270	765	  1	
349	291	765	  1	
349	347	765	  1	
349	463	765	  1	
350	192	765	  1	
350	247	765	  1	
350	362	765	  1	
351	 47	765	  1	
351	376	765	  1	
351	488	765	  1	
351	519	765	  1	
351	592	765	  1	
352	 31	765	  1	
352	 34	765	  1	
352	 43	765	  1	
352	 58	765	  1	
352	128	765	  1	
352	200	765	  1	
352	207	765	  1	
352	217	765	  1	
352	248	765	  1	
352	255	765	  1	
352	262	765	  1	
352	279	765	  1	
352	285	765	  1	
352	391	765	  1	
352	418	765	  1	
352	432	765	  1	
352	539	765	  1	
353	266	765	  1	
353	289	765	  1	
353	459	765	  1	
354	238	765	  1	
355	 32	765	  1	
355	198	765	  1	
355	375	765	  1	
355	384	765	  1	
355	448	765	  1	
355	463	765	  1	
356	124	765	  1	
356	379	765	  1	
356	427	765	  1	
357	 16	765	  1	
357	167	765	  1	
357	240	765	  1	
358	 47	765	  1	
358	232	765	  1	
358	314	765	  1	
358	467	765	  1	
359	 62	765	  1	
359	203	765	  1	
359	391	765	  1	
359	536	765	  1	
359	543	765	  1	
360	  0	765	  1	
360	 72	765	  1	
360	152	765	  1	
360	184	765	  1	
360	224	765	  1	
360	271	765	  1	
361	403	765	  1	
362	248	765	  1	
362	280	765	  1	
362	292	765	  1	
362	298	765	  1	
363	424	765	  1	
364	 77	765	  1	
364	287	765	  1	
364	364	765	  1	
365	 24	765	  1	
365	 88	765	  1	
365	 95	765	  1	
365	190	765	  1	
365	266	765	  1	
365	440	765	  1	
366	254	765	  1	
366	434	765	  1	
367	  0	765	  1	
367	 68	765	  1	
367	299	765	  1	
367	304	765	  1	
367	368	765	  1	
367	464	765	  1	
367	471	765	  1	
368	 99	765	  1	
368	104	765	  1	
368	110	765	  1	
368	144	765	  1	
368	173	765	  1	
368	194	765	  1	
368	199	765	  1	
368	320	765	  1	
368	331	765	  1	
368	366	765	  1	
368	412	765	  1	
368	431	765	  1	
368	445	765	  1	
368	584	765	  1	
369	325	765	  1	
370	168	765	  1	
370	387	765	  1	
371	153	765	  1	
371	376	765	  1	
371	407	765	  1	
372	192	765	  1	
372	204	765	  1	
373	126	765	  1	
373	260	765	  1	
373	439	765	  1	
374	174	765	  1	
375	  8	765	  1	
375	 72	765	  1	
375	162	765	  1	
375	319	765	  1	
375	325	765	  1	
375	402	765	  1	
375	431	765	  1	
375	445	765	  1	
376	 53	765	  1	
376	 64	765	  1	
376	 79	765	  1	
376	111	765	  1	
376	144	765	  1	
376	156	765	  1	
376	184	765	  1	
376	233	765	  1	
376	304	765	  1	
376	340	765	  1	
376	360	765	  1	
376	368	765	  1	
376	376	765	  1	
376	435	765	  1	
377	 72	765	  1	
378	100	765	  1	
378	239	765	  1	
379	 86	765	  1	
379	280	765	  1	
379	311	765	  1	
379	351	765	  1	
379	423	765	  1	
379	440	765	  1	
379	524	765	  1	
380	408	765	  1	
381	176	765	  1	
381	360	765	  1	
382	 76	765	  1	
383	 47	765	  1	
383	 64	765	  1	
383	151	765	  1	
383	159	765	  1	
383	200	765	  1	
383	232	765	  1	
383	304	765	  1	
383	366	765	  1	
383	415	765	  1	
383	432	765	  1	
383	439	765	  1	
383	447	765	  1	
384	 61	765	  1	
384	205	765	  1	
384	246	765	  1	
384	271	765	  1	
384	287	765	  1	
384	314	765	  1	
384	350	765	  1	
384	374	765	  1	
384	384	765	  1	
384	397	765	  1	
384	416	765	  1	
384	467	765	  1	
384	532	765	  1	
384	539	765	  1	
385	 75	765	  1	
387	  4	765	  1	
387	111	765	  1	
387	144	765	  1	
387	182	765	  1	
387	264	765	  1	
387	280	765	  1	
387	368	765	  1	
387	432	765	  1	
388	184	765	  1	
388	599	765	  1	
389	 56	765	  1	
389	 88	765	  1	
389	207	765	  1	
390	 96	765	  1	
391	  8	765	  1	
391	271	765	  1	
391	287	765	  1	
391	384	765	  1	
391	464	765	  1	
391	471	765	  1	
392	 74	765	  1	
392	 80	765	  1	
392	109	765	  1	
392	121	765	  1	
392	168	765	  1	
392	206	765	  1	
392	211	765	  1	
392	232	765	  1	
392	308	765	  1	
392	320	765	  1	
392	358	765	  1	
392	448	765	  1	
392	466	765	  1	
394	238	765	  1	
394	327	765	  1	
395	127	765	  1	
395	355	765	  1	
396	200	765	  1	
396	245	765	  1	
397	 72	765	  1	
397	 79	765	  1	
397	184	765	  1	
398	119	765	  1	
398	152	765	  1	
398	291	765	  1	
398	392	765	  1	
398	408	765	  1	
399	208	765	  1	
399	215	765	  1	
400	  8	765	  1	
400	 40	765	  1	
400	 57	765	  1	
400	 62	765	  1	
400	 88	765	  1	
400	 94	765	  1	
400	183	765	  1	
400	287	765	  1	
400	319	765	  1	
400	344	765	  1	
400	348	765	  1	
400	423	765	  1	
401	 87	765	  1	
401	114	765	  1	
402	312	765	  1	
403	382	765	  1	
403	416	765	  1	
403	503	765	  1	
403	519	765	  1	
404	119	765	  1	
404	148	765	  1	
405	213	765	  1	
406	 80	765	  1	
406	200	765	  1	
406	206	765	  1	
406	373	765	  1	
406	410	765	  1	
407	 40	765	  1	
407	112	765	  1	
407	186	765	  1	
407	359	765	  1	
407	423	765	  1	
408	 48	765	  1	
408	109	765	  1	
408	188	765	  1	
408	197	765	  1	
408	347	765	  1	
409	 72	765	  1	
410	171	765	  1	
410	324	765	  1	
411	 46	765	  1	
411	 82	765	  1	
411	181	765	  1	
412	114	765	  1	
412	591	765	  1	
413	  8	765	  1	
413	 54	765	  1	
413	125	765	  1	
413	128	765	  1	
413	192	765	  1	
413	379	765	  1	
414	135	765	  1	
414	157	765	  1	
414	176	765	  1	
414	344	765	  1	
415	168	765	  1	
416	  0	765	  1	
416	 16	765	  1	
416	 51	765	  1	
416	 71	765	  1	
416	200	765	  1	
416	250	765	  1	
416	255	765	  1	
416	283	765	  1	
416	387	765	  1	
418	  6	765	  1	
419	 55	765	  1	
419	208	765	  1	
420	359	765	  1	
421	 90	765	  1	
421	128	765	  1	
421	160	765	  1	
421	184	765	  1	
421	219	765	  1	
421	326	765	  1	
421	351	765	  1	
422	  0	765	  1	
422	141	765	  1	
422	192	765	  1	
422	250	765	  1	
422	312	765	  1	
422	327	765	  1	
422	345	765	  1	
422	400	765	  1	
423	255	765	  1	
423	280	765	  1	
424	  3	765	  1	
424	 39	765	  1	
424	 85	765	  1	
424	101	765	  1	
424	114	765	  1	
424	130	765	  1	
424	168	765	  1	
424	177	765	  1	
424	207	765	  1	
424	231	765	  1	
424	261	765	  1	
424	366	765	  1	
425	135	765	  1	
426	 56	765	  1	
426	128	765	  1	
426	175	765	  1	
427	160	765	  1	
427	224	765	  1	
427	256	765	  1	
427	470	765	  1	
428	387	765	  1	
429	 28	765	  1	
429	168	765	  1	
430	183	765	  1	
430	312	765	  1	
430	323	765	  1	
431	135	765	  1	
431	231	765	  1	
431	245	765	  1	
431	395	765	  1	
432	 23	765	  1	
432	 64	765	  1	
432	152	765	  1	
432	184	765	  1	
432	222	765	  1	
432	263	765	  1	
432	266	765	  1	
432	352	765	  1	
432	560	765	  1	
433	240	765	  1	
433	271	765	  1	
434	 75	765	  1	
434	198	765	  1	
435	 16	765	  1	
435	104	765	  1	
435	192	765	  1	
435	200	765	  1	
435	357	765	  1	
435	375	765	  1	
436	216	765	  1	
436	244	765	  1	
437	 14	765	  1	
437	 24	765	  1	
437	 29	765	  1	
438	 71	765	  1	
438	187	765	  1	
438	206	765	  1	
438	240	765	  1	
438	260	765	  1	
439	 96	765	  1	
439	175	765	  1	
439	368	765	  1	
440	 16	765	  1	
440	 20	765	  1	
440	 58	765	  1	
440	 86	765	  1	
440	138	765	  1	
440	144	765	  1	
440	160	765	  1	
440	199	765	  1	
440	242	765	  1	
440	247	765	  1	
442	 72	765	  1	
442	 78	765	  1	
442	208	765	  1	
442	271	765	  1	
443	 31	765	  1	
443	 96	765	  1	
443	136	765	  1	
443	328	765	  1	
444	198	765	  1	
445	 64	765	  1	
445	112	765	  1	
446	151	765	  1	
447	163	765	  1	
447	268	765	  1	
448	 34	765	  1	
448	 40	765	  1	
448	156	765	  1	
448	187	765	  1	
448	208	765	  1	
448	212	765	  1	
448	248	765	  1	
448	257	765	  1	
448	382	765	  1	
448	408	765	  1	
451	 52	765	  1	
451	192	765	  1	
453	 40	765	  1	
453	 62	765	  1	
453	136	765	  1	
455	 21	765	  1	
455	 36	765	  1	
455	 47	765	  1	
455	 54	765	  1	
455	159	765	  1	
455	338	765	  1	
456	 64	765	  1	
456	 69	765	  1	
456	 85	765	  1	
456	 96	765	  1	
456	109	765	  1	
456	176	765	  1	
456	195	765	  1	
456	200	765	  1	
456	218	765	  1	
456	230	765	  1	
456	237	765	  1	
456	269	765	  1	
456	360	765	  1	
458	148	765	  1	
458	264	765	  1	
459	 34	765	  1	
459	 39	765	  1	
459	144	765	  1	
459	167	765	  1	
459	243	765	  1	
460	176	765	  1	
460	192	765	  1	
460	199	765	  1	
461	 19	765	  1	
461	 50	765	  1	
461	232	765	  1	
462	226	765	  1	
462	270	765	  1	
462	278	765	  1	
463	 30	765	  1	
463	 40	765	  1	
463	154	765	  1	
463	163	765	  1	
463	217	765	  1	
464	 15	765	  1	
464	 56	765	  1	
464	 62	765	  1	
464	 85	765	  1	
464	110	765	  1	
464	117	765	  1	
464	125	765	  1	
464	132	765	  1	
464	136	765	  1	
464	140	765	  1	
464	176	765	  1	
464	228	765	  1	
464	256	765	  1	
464	352	765	  1	
464	359	765	  1	
465	239	765	  1	
466	119	765	  1	
466	232	765	  1	
466	416	765	  1	
467	 80	765	  1	
467	211	765	  1	
467	263	765	  1	
470	344	765	  1	
470	348	765	  1	
471	256	765	  1	
471	355	765	  1	
472	 27	765	  1	
472	 64	765	  1	
472	 87	765	  1	
472	200	765	  1	
472	239	765	  1	
472	245	765	  1	
472	331	765	  1	
472	376	765	  1	
473	126	765	  1	
473	167	765	  1	
474	 48	765	  1	
474	 80	765	  1	
474	147	765	  1	
475	264	765	  1	
475	278	765	  1	
475	336	765	  1	
475	359	765	  1	
475	377	765	  1	
477	  3	765	  1	
477	104	765	  1	
477	202	765	  1	
477	280	765	  1	
478	232	765	  1	
478	240	765	  1	
479	 84	765	  1	
479	328	765	  1	
480	 24	765	  1	
480	 38	765	  1	
480	 72	765	  1	
480	 93	765	  1	
480	 99	765	  1	
480	168	765	  1	
480	176	765	  1	
480	182	765	  1	
480	216	765	  1	
480	253	765	  1	
480	263	765	  1	
480	288	765	  1	
480	296	765	  1	
480	303	765	  1	
480	372	765	  1	
482	 56	765	  1	
482	 63	765	  1	
482	170	765	  1	
483	265	765	  1	
483	344	765	  1	
484	278	765	  1	
485	 32	765	  1	
485	 48	765	  1	
485	155	765	  1	
485	176	765	  1	
485	183	765	  1	
485	230	765	  1	
485	292	765	  1	
485	301	765	  1	
486	 26	765	  1	
486	272	765	  1	
487	 37	765	  1	
487	 72	765	  1	
487	208	765	  1	
487	256	765	  1	
487	263	765	  1	
488	  0	765	  1	
488	  8	765	  1	
488	 42	765	  1	
488	 56	765	  1	
488	 60	765	  1	
488	 90	765	  1	
488	146	765	  1	
488	151	765	  1	
488	168	765	  1	
488	186	765	  1	
490	 16	765	  1	
490	 64	765	  1	
490	171	765	  1	
491	 24	765	  1	
491	 39	765	  1	
491	 78	765	  1	
491	280	765	  1	
492	376	765	  1	
493	 88	765	  1	
493	 95	765	  1	
493	211	765	  1	
493	310	765	  1	
493	347	765	  1	
494	 31	765	  1	
494	168	765	  1	
494	175	765	  1	
495	  0	765	  1	
495	304	765	  1	
496	 23	765	  1	
496	 58	765	  1	
496	 63	765	  1	
496	 99	765	  1	
496	113	765	  1	
496	119	765	  1	
496	200	765	  1	
496	245	765	  1	
496	287	765	  1	
496	341	765	  1	
496	384	765	  1	
498	  7	765	  1	
498	 70	765	  1	
498	150	765	  1	
499	 16	765	  1	
499	 35	765	  1	
499	 95	765	  1	
499	117	765	  1	
499	192	765	  1	
499	280	765	  1	
499	439	765	  1	
501	120	765	  1	
501	206	765	  1	
501	288	765	  1	
502	144	765	  1	
502	168	765	  1	
502	307	765	  1	
503	 23	765	  1	
503	463	765	  1	
503	592	765	  1	
504	 24	765	  1	
504	 29	765	  1	
504	 78	765	  1	
504	128	765	  1	
504	165	765	  1	
504	239	765	  1	
504	242	765	  1	
504	270	765	  1	
504	447	765	  1	
505	146	765	  1	
505	158	765	  1	
506	104	765	  1	
506	264	765	  1	
506	336	765	  1	
507	 80	765	  1	
508	 88	765	  1	
508	292	765	  1	
509	 16	765	  1	
509	119	765	  1	
509	168	765	  1	
509	175	765	  1	
510	 31	765	  1	
510	 95	765	  1	
510	144	765	  1	
510	151	765	  1	
510	271	765	  1	
511	 78	765	  1	
511	104	765	  1	
511	338	765	  1	
512	 64	765	  1	
512	 88	765	  1	
512	 96	765	  1	
512	101	765	  1	
512	112	765	  1	
512	136	765	  1	
512	155	765	  1	
512	197	765	  1	
512	212	765	  1	
512	219	765	  1	
512	256	765	  1	
512	296	765	  1	
512	307	765	  1	
512	392	765	  1	
512	408	765	  1	
512	415	765	  1	
514	 95	765	  1	
514	173	765	  1	
514	268	765	  1	
514	303	765	  1	
514	327	765	  1	
515	 10	765	  1	
515	168	765	  1	
515	533	765	  1	
516	115	765	  1	
516	208	765	  1	
517	 88	765	  1	
517	192	765	  1	
517	254	765	  1	
517	298	765	  1	
517	311	765	  1	
518	211	765	  1	
519	 76	765	  1	
519	 87	765	  1	
519	144	765	  1	
519	240	765	  1	
519	264	765	  1	
519	272	765	  1	
520	 40	765	  1	
520	 64	765	  1	
520	163	765	  1	
520	184	765	  1	
520	191	765	  1	
520	223	765	  1	
520	267	765	  1	
520	280	765	  1	
520	325	765	  1	
520	399	765	  1	
522	 69	765	  1	
522	 72	765	  1	
523	143	765	  1	
523	155	765	  1	
523	288	765	  1	
524	 80	765	  1	
525	  4	765	  1	
525	 96	765	  1	
525	134	765	  1	
525	144	765	  1	
525	151	765	  1	
526	 77	765	  1	
526	320	765	  1	
527	223	765	  1	
527	392	765	  1	
527	501	765	  1	
528	 66	765	  1	
528	 85	765	  1	
528	183	765	  1	
528	186	765	  1	
528	256	765	  1	
528	284	765	  1	
528	312	765	  1	
528	317	765	  1	
528	341	765	  1	
528	367	765	  1	
530	 19	765	  1	
530	264	765	  1	
531	104	765	  1	
531	166	765	  1	
531	359	765	  1	
533	 16	765	  1	
533	120	765	  1	
533	296	765	  1	
533	336	765	  1	
534	 66	765	  1	
534	160	765	  1	
534	187	765	  1	
534	244	765	  1	
535	 20	765	  1	
535	 71	765	  1	
535	191	765	  1	
535	437	765	  1	
535	440	765	  1	
536	 56	765	  1	
536	167	765	  1	
536	184	765	  1	
536	188	765	  1	
536	192	765	  1	
536	198	765	  1	
536	319	765	  1	
536	325	765	  1	
538	253	765	  1	
538	272	765	  1	
538	313	765	  1	
539	216	765	  1	
539	223	765	  1	
540	190	765	  1	
540	368	765	  1	
541	128	765	  1	
541	142	765	  1	
541	176	765	  1	
541	195	765	  1	
541	256	765	  1	
541	303	765	  1	
542	375	765	  1	
543	288	765	  1	
543	340	765	  1	
543	551	765	  1	
544	 40	765	  1	
544	 47	765	  1	
544	 64	765	  1	
544	 88	765	  1	
544	 95	765	  1	
544	104	765	  1	
544	208	765	  1	
544	278	765	  1	
544	283	765	  1	
544	352	765	  1	
545	 83	765	  1	
545	144	765	  1	
545	326	765	  1	
545	383	765	  1	
546	189	765	  1	
547	222	765	  1	
547	359	765	  1	
549	326	765	  1	
550	167	765	  1	
550	216	765	  1	
550	276	765	  1	
550	377	765	  1	
551	 91	765	  1	
551	184	765	  1	
551	214	765	  1	
551	280	765	  1	
551	287	765	  1	
551	352	765	  1	
551	563	765	  1	
552	 14	765	  1	
552	 94	765	  1	
552	215	765	  1	
552	224	765	  1	
552	229	765	  1	
552	264	765	  1	
554	 83	765	  1	
555	199	765	  1	
555	208	765	  1	
555	359	765	  1	
555	381	765	  1	
556	224	765	  1	
556	230	765	  1	
557	126	765	  1	
557	160	765	  1	
557	270	765	  1	
557	296	765	  1	
559	215	765	  1	
559	326	765	  1	
559	352	765	  1	
560	 75	765	  1	
560	103	765	  1	
560	152	765	  1	
560	208	765	  1	
560	240	765	  1	
560	246	765	  1	
563	 96	765	  1	
563	104	765	  1	
563	120	765	  1	
563	136	765	  1	
563	447	765	  1	
565	243	765	  1	
567	 72	765	  1	
567	 79	765	  1	
567	103	765	  1	
567	319	765	  1	
568	 63	765	  1	
568	160	765	  1	
568	166	765	  1	
568	172	765	  1	
568	248	765	  1	
568	252	765	  1	
568	256	765	  1	
568	262	765	  1	
568	271	765	  1	
568	325	765	  1	
571	240	765	  1	
573	223	765	  1	
573	301	765	  1	
574	196	765	  1	
574	407	765	  1	
575	 63	765	  1	
576	105	765	  1	
576	199	765	  1	
576	231	765	  1	
576	312	765	  1	
576	352	765	  1	
577	255	765	  1	
577	268	765	  1	
579	192	765	  1	
579	319	765	  1	
580	  1	765	  1	
581	 96	765	  1	
581	111	765	  1	
583	  2	765	  1	
583	199	765	  1	
583	262	765	  1	
583	312	765	  1	
584	 88	765	  1	
584	 93	765	  1	
584	104	765	  1	
584	207	765	  1	
584	236	765	  1	
584	251	765	  1	
584	295	765	  1	
584	327	765	  1	
584	359	765	  1	
586	352	765	  1	
587	109	765	  1	
587	200	765	  1	
587	359	765	  1	
588	 52	765	  1	
588	326	765	  1	
588	469	765	  1	
589	243	765	  1	
589	274	765	  1	
590	320	765	  1	
590	365	765	  1	
591	198	765	  1	
591	207	765	  1	
591	231	765	  1	
591	288	765	  1	
591	352	765	  1	
592	 16	765	  1	
592	 60	765	  1	
592	111	765	  1	
592	248	765	  1	
594	 56	765	  1	
594	256	765	  1	
595	168	765	  1	
595	247	765	  1	
596	105	765	  1	
596	159	765	  1	
596	566	765	  1	
597	232	765	  1	
597	261	765	  1	
598	  0	765	  1	
598	  7	765	  1	
598	307	765	  1	
599	 63	765	  1	
599	 71	765	  1	
600	 52	765	  1	
600	 98	765	  1	
600	181	765	  1	
600	225	765	  1	
601	119	765	  1	
602	 63	765	  1	
602	365	765	  1	
603	 87	765	  1	
603	266	765	  1	
603	271	765	  1	
603	360	765	  1	
604	560	765	  1	
605	328	765	  1	
606	231	765	  1	
607	247	765	  1	
608	  4	765	  1	
608	 45	765	  1	
608	227	765	  1	
608	312	765	  1	
610	 67	765	  1	
610	216	765	  1	
611	103	765	  1	
611	200	765	  1	
614	125	765	  1	
614	223	765	  1	
615	 71	765	  1	
615	231	765	  1	
615	248	765	  1	
615	312	765	  1	
616	 40	765	  1	
616	131	765	  1	
616	240	765	  1	
616	320	765	  1	
616	339	765	  1	
616	372	765	  1	
618	248	765	  1	
619	245	765	  1	
619	327	765	  1	
620	482	765	  1	
621	318	765	  1	
622	141	765	  1	
622	333	765	  1	
623	119	765	  1	
623	172	765	  1	
623	343	765	  1	
623	372	765	  1	
624	195	765	  1	
624	408	765	  1	
624	413	765	  1	
626	 96	765	  1	
626	255	765	  1	
628	104	765	  1	
629	 87	765	  1	
629	392	765	  1	
631	 96	765	  1	
631	300	765	  1	
632	  5	765	  1	
632	246	765	  1	
632	256	765	  1	
632	423	765	  1	
632	479	765	  1	
634	240	765	  1	
635	279	765	  1	
636	436	765	  1	
639	244	765	  1	
640	 23	765	  1	
640	 40	765	  1	
640	 47	765	  1	
640	 64	765	  1	
640	472	765	  1	
642	 55	765	  1	
642	272	765	  1	
647	363	765	  1	
647	387	765	  1	
647	559	765	  1	
648	328	765	  1	
650	279	765	  1	
655	152	765	  1	
656	 67	765	  1	
656	384	765	  1	
656	391	765	  1	
659	387	765	  1	
660	 77	765	  1	
663	287	765	  1	
663	316	765	  1	
663	368	765	  1	
663	384	765	  1	
663	391	765	  1	
664	224	765	  1	
667	372	765	  1	
668	 56	765	  1	
671	368	765	  1	
671	387	765	  1	
674	 70	765	  1	
677	432	765	  1	
682	157	765	  1	
688	431	765	  1	
696	443	765	  1	
709	223	765	  1	
723	 84	765	  1	
744	223	765	  1	
