# 
#  Image file: Goad1_T0183.jpg
#  Applied threshold: 575
#  Algorithm used: fill2                 
#  Particle count: 1833
#  Location (x,y), max luminance, and mass:
# 
  3	210	765	  1	
  7	343	765	  1	
  8	135	765	  1	
  8	247	765	  1	
 13	143	765	  1	
 13	247	765	  1	
 13	267	765	  1	
 16	304	765	  1	
 19	256	765	  1	
 23	360	765	  1	
 34	199	765	  1	
 35	421	765	  1	
 37	104	765	  1	
 37	111	765	  1	
 47	107	765	  1	
 48	207	765	  1	
 51	298	765	  1	
 55	271	765	  1	
 56	104	765	  1	
 60	 96	765	  1	
 64	 87	765	  1	
 64	264	765	  1	
 69	384	765	  1	
 69	428	765	  1	
 71	 81	765	  1	
 72	416	765	  1	
 76	375	765	  1	
 78	183	765	  1	
 79	264	765	  1	
 80	423	765	  1	
 87	112	765	  1	
 88	288	765	  1	
 90	143	765	  1	
 90	280	765	  1	
 95	 87	765	  1	
 95	295	765	  1	
100	311	765	  1	
102	379	765	  1	
104	388	765	  1	
106	502	765	  1	
107	120	765	  1	
108	223	765	  1	
111	144	765	  1	
111	151	765	  1	
112	  8	765	  1	
112	174	765	  1	
112	338	765	  1	
112	375	765	  1	
112	406	765	  1	
118	268	765	  1	
119	167	765	  1	
119	279	765	  1	
119	424	765	  1	
120	159	765	  1	
120	170	765	  1	
120	251	765	  1	
120	261	765	  1	
120	280	765	  1	
122	  0	765	  1	
122	175	765	  1	
123	287	765	  1	
123	343	765	  1	
127	104	765	  1	
127	251	765	  1	
127	280	765	  1	
127	504	765	  1	
128	175	765	  1	
128	187	765	  1	
128	408	765	  1	
129	136	765	  1	
134	181	765	  1	
134	266	765	  1	
135	 99	765	  1	
135	191	765	  1	
135	248	765	  1	
136	 96	765	  1	
136	219	765	  1	
136	226	765	  1	
138	 95	765	  1	
138	180	765	  1	
139	103	765	  1	
141	216	765	  1	
141	231	765	  1	
142	111	765	  1	
143	 56	765	  1	
143	 96	765	  1	
143	183	765	  1	
143	544	765	  1	
144	101	765	  1	
144	115	765	  1	
144	136	765	  1	
144	143	765	  1	
144	149	765	  1	
144	224	765	  1	
144	371	765	  1	
144	390	765	  1	
144	487	765	  1	
146	163	765	  1	
146	360	765	  1	
149	152	765	  1	
150	245	765	  1	
151	101	765	  1	
151	112	765	  1	
151	119	765	  1	
151	128	765	  1	
151	139	765	  1	
151	224	765	  1	
151	495	765	  1	
152	 79	765	  1	
152	148	765	  1	
152	171	765	  1	
152	232	765	  1	
152	466	765	  1	
152	504	765	  1	
153	170	765	  1	
154	 96	765	  1	
154	238	765	  1	
155	230	765	  1	
155	296	765	  1	
155	368	765	  1	
156	375	765	  1	
157	116	765	  1	
157	151	765	  1	
157	160	765	  1	
157	176	765	  1	
157	259	765	  1	
157	274	765	  1	
159	168	765	  1	
159	216	765	  1	
160	 46	765	  1	
160	 64	765	  1	
160	112	765	  1	
160	119	765	  1	
160	284	765	  1	
160	415	765	  1	
160	433	765	  1	
160	479	765	  1	
162	183	765	  1	
162	536	765	  1	
163	104	765	  1	
163	216	765	  1	
163	283	765	  1	
164	282	765	  1	
164	339	765	  1	
164	543	765	  1	
165	136	765	  1	
165	168	765	  1	
166	120	765	  1	
166	261	765	  1	
167	115	765	  1	
167	182	765	  1	
167	265	765	  1	
167	287	765	  1	
167	479	765	  1	
167	514	765	  1	
168	  8	765	  1	
168	 58	765	  1	
168	 75	765	  1	
168	144	765	  1	
168	163	765	  1	
168	242	765	  1	
168	247	765	  1	
168	312	765	  1	
168	319	765	  1	
168	581	765	  1	
170	 96	765	  1	
170	107	765	  1	
170	304	765	  1	
171	219	765	  1	
172	328	765	  1	
174	116	765	  1	
174	147	765	  1	
175	  8	765	  1	
175	 72	765	  1	
175	 79	765	  1	
175	578	765	  1	
176	 89	765	  1	
176	142	765	  1	
176	163	765	  1	
176	178	765	  1	
176	232	765	  1	
176	237	765	  1	
176	251	765	  1	
176	296	765	  1	
176	321	765	  1	
176	405	765	  1	
177	183	765	  1	
178	199	765	  1	
178	271	765	  1	
179	 95	765	  1	
179	259	765	  1	
179	303	765	  1	
179	373	765	  1	
179	378	765	  1	
179	527	765	  1	
180	176	765	  1	
181	 79	765	  1	
181	230	765	  1	
181	315	765	  1	
183	142	765	  1	
183	183	765	  1	
183	243	765	  1	
183	296	765	  1	
183	350	765	  1	
183	405	765	  1	
184	 14	765	  1	
184	 22	765	  1	
184	 46	765	  1	
184	 63	765	  1	
184	103	765	  1	
184	144	765	  1	
184	195	765	  1	
184	200	765	  1	
184	384	765	  1	
184	504	765	  1	
186	  8	765	  1	
186	 16	765	  1	
186	 53	765	  1	
186	162	765	  1	
187	280	765	  1	
187	287	765	  1	
189	 80	765	  1	
189	 87	765	  1	
190	 15	765	  1	
190	 75	765	  1	
190	152	765	  1	
190	397	765	  1	
191	 20	765	  1	
191	 63	765	  1	
191	100	765	  1	
191	136	765	  1	
191	199	765	  1	
191	368	765	  1	
191	375	765	  1	
192	 76	765	  1	
192	135	765	  1	
192	236	765	  1	
192	371	765	  1	
192	379	765	  1	
193	352	765	  1	
194	360	765	  1	
195	 72	765	  1	
196	371	765	  1	
196	408	765	  1	
197	 24	765	  1	
197	280	765	  1	
198	 95	765	  1	
198	397	765	  1	
199	 62	765	  1	
199	336	765	  1	
199	355	765	  1	
199	373	765	  1	
200	  3	765	  1	
200	 15	765	  1	
200	 59	765	  1	
200	 90	765	  1	
200	101	765	  1	
200	174	765	  1	
200	218	765	  1	
200	223	765	  1	
200	375	765	  1	
200	436	765	  1	
202	168	765	  1	
203	 10	765	  1	
203	104	765	  1	
203	144	765	  1	
203	248	765	  1	
203	322	765	  1	
203	424	765	  1	
205	  6	765	  1	
205	288	765	  1	
205	293	765	  1	
205	443	765	  1	
206	 84	765	  1	
206	 96	765	  1	
206	160	765	  1	
206	218	765	  1	
206	444	765	  1	
207	 75	765	  1	
207	 92	765	  1	
207	172	765	  1	
207	223	765	  1	
207	360	765	  1	
207	370	765	  1	
207	430	765	  1	
207	445	765	  1	
208	 35	765	  1	
208	110	765	  1	
208	147	765	  1	
208	152	765	  1	
208	200	765	  1	
208	205	765	  1	
208	248	765	  1	
208	296	765	  1	
208	386	765	  1	
208	411	765	  1	
208	442	765	  1	
209	136	765	  1	
210	158	765	  1	
211	107	765	  1	
211	171	765	  1	
212	280	765	  1	
213	408	765	  1	
214	111	765	  1	
214	152	765	  1	
214	287	765	  1	
215	 32	765	  1	
215	 39	765	  1	
215	335	765	  1	
215	375	765	  1	
216	  3	765	  1	
216	 64	765	  1	
216	110	765	  1	
216	128	765	  1	
216	140	765	  1	
216	144	765	  1	
216	167	765	  1	
216	174	765	  1	
216	218	765	  1	
216	258	765	  1	
216	288	765	  1	
216	304	765	  1	
216	311	765	  1	
216	407	765	  1	
216	419	765	  1	
217	162	765	  1	
219	135	765	  1	
219	424	765	  1	
221	398	765	  1	
222	173	765	  1	
222	219	765	  1	
222	247	765	  1	
222	262	765	  1	
222	291	765	  1	
223	111	765	  1	
223	128	765	  1	
223	307	765	  1	
223	360	765	  1	
224	  8	765	  1	
224	100	765	  1	
224	239	765	  1	
224	316	765	  1	
224	334	765	  1	
224	355	765	  1	
224	381	765	  1	
224	402	765	  1	
224	410	765	  1	
224	448	765	  1	
226	167	765	  1	
226	375	765	  1	
226	432	765	  1	
227	 15	765	  1	
227	 64	765	  1	
227	114	765	  1	
227	455	765	  1	
227	536	765	  1	
229	 90	765	  1	
229	112	765	  1	
229	128	765	  1	
229	287	765	  1	
229	296	765	  1	
229	303	765	  1	
229	315	765	  1	
229	408	765	  1	
229	415	765	  1	
229	420	765	  1	
230	 75	765	  1	
231	  8	765	  1	
231	103	765	  1	
231	152	765	  1	
231	192	765	  1	
231	239	765	  1	
231	381	765	  1	
231	448	765	  1	
232	 16	765	  1	
232	 56	765	  1	
232	 61	765	  1	
232	 71	765	  1	
232	 92	765	  1	
232	144	765	  1	
232	149	765	  1	
232	183	765	  1	
232	304	765	  1	
232	384	765	  1	
232	432	765	  1	
232	436	765	  1	
232	471	765	  1	
232	503	765	  1	
232	554	765	  1	
234	480	765	  1	
235	 80	765	  1	
235	280	765	  1	
235	464	765	  1	
235	496	765	  1	
237	552	765	  1	
239	 56	765	  1	
239	115	765	  1	
239	176	765	  1	
239	256	765	  1	
239	287	765	  1	
239	322	765	  1	
239	384	765	  1	
239	394	765	  1	
239	471	765	  1	
239	503	765	  1	
240	 95	765	  1	
240	112	765	  1	
240	139	765	  1	
240	152	765	  1	
240	160	765	  1	
240	200	765	  1	
240	231	765	  1	
240	238	765	  1	
240	327	765	  1	
240	347	765	  1	
240	463	765	  1	
240	592	765	  1	
241	 80	765	  1	
241	232	765	  1	
242	  5	765	  1	
242	125	765	  1	
242	150	765	  1	
242	408	765	  1	
243	184	765	  1	
243	320	765	  1	
243	559	765	  1	
243	599	765	  1	
244	264	765	  1	
245	143	765	  1	
245	296	765	  1	
246	 72	765	  1	
246	 88	765	  1	
246	228	765	  1	
246	440	765	  1	
247	327	765	  1	
247	344	765	  1	
247	351	765	  1	
247	464	765	  1	
247	488	765	  1	
247	555	765	  1	
247	592	765	  1	
248	 11	765	  1	
248	 40	765	  1	
248	 69	765	  1	
248	 81	765	  1	
248	 92	765	  1	
248	102	765	  1	
248	118	765	  1	
248	168	765	  1	
248	189	765	  1	
248	227	765	  1	
248	279	765	  1	
248	304	765	  1	
248	312	765	  1	
248	319	765	  1	
248	448	765	  1	
248	479	765	  1	
248	494	765	  1	
248	511	765	  1	
249	182	765	  1	
250	 64	765	  1	
250	254	765	  1	
250	456	765	  1	
250	463	765	  1	
251	240	765	  1	
251	272	765	  1	
251	472	765	  1	
252	 69	765	  1	
252	 96	765	  1	
253	 48	765	  1	
253	103	765	  1	
253	107	765	  1	
253	115	765	  1	
253	267	765	  1	
253	454	765	  1	
253	527	765	  1	
254	 85	765	  1	
254	315	765	  1	
254	511	765	  1	
255	  8	765	  1	
255	 15	765	  1	
255	 64	765	  1	
255	168	765	  1	
255	230	765	  1	
255	279	765	  1	
255	479	765	  1	
255	599	765	  1	
256	 28	765	  1	
256	 72	765	  1	
256	183	765	  1	
256	211	765	  1	
256	232	765	  1	
256	247	765	  1	
256	320	765	  1	
256	344	765	  1	
256	351	765	  1	
256	404	765	  1	
256	432	765	  1	
256	482	765	  1	
256	493	765	  1	
256	518	765	  1	
256	558	765	  1	
256	576	765	  1	
258	 78	765	  1	
258	325	765	  1	
259	359	765	  1	
260	517	765	  1	
261	 48	765	  1	
261	 55	765	  1	
261	 88	765	  1	
261	 93	765	  1	
261	111	765	  1	
261	178	765	  1	
262	 26	765	  1	
262	 72	765	  1	
262	320	765	  1	
262	347	765	  1	
263	 96	765	  1	
263	552	765	  1	
264	 16	765	  1	
264	 59	765	  1	
264	 67	765	  1	
264	154	765	  1	
264	160	765	  1	
264	188	765	  1	
264	192	765	  1	
264	224	765	  1	
264	266	765	  1	
264	415	765	  1	
264	447	765	  1	
264	458	765	  1	
264	474	765	  1	
264	487	765	  1	
264	496	765	  1	
265	584	765	  1	
266	199	765	  1	
266	216	765	  1	
266	410	765	  1	
266	426	765	  1	
269	 80	765	  1	
269	182	765	  1	
269	231	765	  1	
269	464	765	  1	
269	520	765	  1	
270	 19	765	  1	
270	415	765	  1	
270	501	765	  1	
271	220	765	  1	
271	400	765	  1	
271	432	765	  1	
271	472	765	  1	
271	480	765	  1	
272	 16	765	  1	
272	 30	765	  1	
272	 37	765	  1	
272	115	765	  1	
272	175	765	  1	
272	256	765	  1	
272	384	765	  1	
272	391	765	  1	
272	403	765	  1	
272	412	765	  1	
272	450	765	  1	
272	455	765	  1	
272	528	765	  1	
272	536	765	  1	
272	543	765	  1	
275	208	765	  1	
275	456	765	  1	
275	535	765	  1	
276	454	765	  1	
277	 22	765	  1	
277	207	765	  1	
277	227	765	  1	
277	238	765	  1	
277	278	765	  1	
277	474	765	  1	
278	 51	765	  1	
278	552	765	  1	
279	175	765	  1	
279	387	765	  1	
279	482	765	  1	
279	528	765	  1	
279	539	765	  1	
280	 32	765	  1	
280	 56	765	  1	
280	 93	765	  1	
280	160	765	  1	
280	240	765	  1	
280	256	765	  1	
280	285	765	  1	
280	299	765	  1	
280	396	765	  1	
280	415	765	  1	
280	456	765	  1	
280	479	765	  1	
281	474	765	  1	
282	 16	765	  1	
283	224	765	  1	
283	229	765	  1	
283	471	765	  1	
284	 91	765	  1	
284	296	765	  1	
285	 86	765	  1	
285	166	765	  1	
285	192	765	  1	
285	407	765	  1	
286	396	765	  1	
287	 35	765	  1	
287	303	765	  1	
287	415	765	  1	
287	464	765	  1	
288	  0	765	  1	
288	  8	765	  1	
288	 71	765	  1	
288	 98	765	  1	
288	110	765	  1	
288	216	765	  1	
288	223	765	  1	
288	254	765	  1	
288	308	765	  1	
288	398	765	  1	
288	500	765	  1	
291	 80	765	  1	
291	327	765	  1	
292	120	765	  1	
293	 72	765	  1	
293	 96	765	  1	
293	250	765	  1	
294	 28	765	  1	
294	 85	765	  1	
294	111	765	  1	
294	437	765	  1	
295	  0	765	  1	
295	 64	765	  1	
295	316	765	  1	
295	440	765	  1	
296	  3	765	  1	
296	 44	765	  1	
296	119	765	  1	
296	125	765	  1	
296	247	765	  1	
296	287	765	  1	
296	303	765	  1	
296	456	765	  1	
296	461	765	  1	
296	511	765	  1	
297	114	765	  1	
297	207	765	  1	
298	192	765	  1	
298	311	765	  1	
299	 92	765	  1	
299	128	765	  1	
299	240	765	  1	
299	296	765	  1	
299	344	765	  1	
299	352	765	  1	
299	504	765	  1	
300	198	765	  1	
300	326	765	  1	
301	 40	765	  1	
301	104	765	  1	
301	160	765	  1	
301	227	765	  1	
302	320	765	  1	
303	144	765	  1	
303	247	765	  1	
303	303	765	  1	
303	424	765	  1	
303	442	765	  1	
303	511	765	  1	
303	535	765	  1	
303	592	765	  1	
304	 26	765	  1	
304	 34	765	  1	
304	176	765	  1	
304	224	765	  1	
304	287	765	  1	
304	399	765	  1	
304	467	765	  1	
304	472	765	  1	
304	498	765	  1	
305	371	765	  1	
306	304	765	  1	
307	126	765	  1	
307	488	765	  1	
308	  8	765	  1	
308	 15	765	  1	
308	344	765	  1	
309	 72	765	  1	
309	104	765	  1	
309	147	765	  1	
309	194	765	  1	
309	199	765	  1	
309	230	765	  1	
309	248	765	  1	
309	255	765	  1	
309	471	765	  1	
310	162	765	  1	
311	  0	765	  1	
311	260	765	  1	
311	352	765	  1	
312	 44	765	  1	
312	120	765	  1	
312	127	765	  1	
312	131	765	  1	
312	188	765	  1	
312	243	765	  1	
312	282	765	  1	
312	320	765	  1	
312	326	765	  1	
312	371	765	  1	
312	394	765	  1	
313	360	765	  1	
314	142	765	  1	
314	152	765	  1	
314	288	765	  1	
314	456	765	  1	
314	463	765	  1	
315	 40	765	  1	
315	184	765	  1	
315	310	765	  1	
316	243	765	  1	
316	332	765	  1	
316	392	765	  1	
317	 83	765	  1	
317	160	765	  1	
317	219	765	  1	
317	264	765	  1	
317	271	765	  1	
317	363	765	  1	
317	440	765	  1	
317	445	765	  1	
318	189	765	  1	
318	304	765	  1	
319	 47	765	  1	
319	120	765	  1	
319	192	765	  1	
319	478	765	  1	
320	  3	765	  1	
320	 27	765	  1	
320	 32	765	  1	
320	 64	765	  1	
320	 71	765	  1	
320	101	765	  1	
320	121	765	  1	
320	231	765	  1	
320	294	765	  1	
320	349	765	  1	
320	359	765	  1	
320	395	765	  1	
322	258	765	  1	
322	344	765	  1	
323	 56	765	  1	
323	224	765	  1	
323	263	765	  1	
323	326	765	  1	
323	387	765	  1	
325	 96	765	  1	
325	264	765	  1	
325	506	765	  1	
326	350	765	  1	
327	 32	765	  1	
327	 64	765	  1	
327	 71	765	  1	
327	355	765	  1	
328	  5	765	  1	
328	 55	765	  1	
328	 60	765	  1	
328	 79	765	  1	
328	 85	765	  1	
328	102	765	  1	
328	112	765	  1	
328	124	765	  1	
328	128	765	  1	
328	142	765	  1	
328	151	765	  1	
328	166	765	  1	
328	189	765	  1	
328	205	765	  1	
328	289	765	  1	
328	328	765	  1	
328	335	765	  1	
328	399	765	  1	
328	449	765	  1	
330	160	765	  1	
330	184	765	  1	
331	 72	765	  1	
331	117	765	  1	
331	138	765	  1	
331	197	765	  1	
331	376	765	  1	
331	407	765	  1	
331	523	765	  1	
332	133	765	  1	
332	399	765	  1	
333	 56	765	  1	
333	 99	765	  1	
334	111	765	  1	
334	167	765	  1	
334	190	765	  1	
334	224	765	  1	
334	253	765	  1	
334	390	765	  1	
334	450	765	  1	
335	 79	765	  1	
335	331	765	  1	
335	432	765	  1	
336	  0	765	  1	
336	 80	765	  1	
336	 96	765	  1	
336	200	765	  1	
336	280	765	  1	
336	304	765	  1	
336	317	765	  1	
336	328	765	  1	
336	350	765	  1	
336	395	765	  1	
337	207	765	  1	
338	  5	765	  1	
338	 93	765	  1	
338	131	765	  1	
338	311	765	  1	
338	472	765	  1	
338	522	765	  1	
339	527	765	  1	
340	100	765	  1	
340	200	765	  1	
340	288	765	  1	
340	358	765	  1	
341	146	765	  1	
341	247	765	  1	
342	347	765	  1	
343	  0	765	  1	
343	317	765	  1	
343	328	765	  1	
343	368	765	  1	
343	487	765	  1	
344	 11	765	  1	
344	 29	765	  1	
344	 38	765	  1	
344	 73	765	  1	
344	 81	765	  1	
344	 88	765	  1	
344	120	765	  1	
344	140	765	  1	
344	147	765	  1	
344	171	765	  1	
344	210	765	  1	
344	240	765	  1	
344	303	765	  1	
344	455	765	  1	
344	503	765	  1	
345	248	765	  1	
346	125	765	  1	
346	396	765	  1	
347	 48	765	  1	
347	 94	765	  1	
347	184	765	  1	
347	448	765	  1	
349	 35	765	  1	
349	 72	765	  1	
349	298	765	  1	
349	386	765	  1	
350	134	765	  1	
350	280	765	  1	
351	120	765	  1	
351	294	765	  1	
351	392	765	  1	
351	455	765	  1	
351	544	765	  1	
351	551	765	  1	
352	  0	765	  1	
352	 56	765	  1	
352	 65	765	  1	
352	 88	765	  1	
352	165	765	  1	
352	242	765	  1	
352	312	765	  1	
352	335	765	  1	
352	344	765	  1	
352	365	765	  1	
352	576	765	  1	
352	583	765	  1	
354	116	765	  1	
355	 72	765	  1	
355	280	765	  1	
355	287	765	  1	
355	328	765	  1	
356	 95	765	  1	
356	104	765	  1	
356	398	765	  1	
357	128	765	  1	
357	138	765	  1	
357	143	765	  1	
357	253	765	  1	
358	378	765	  1	
358	524	765	  1	
359	151	765	  1	
359	335	765	  1	
359	368	765	  1	
359	544	765	  1	
359	560	765	  1	
360	 42	765	  1	
360	 47	765	  1	
360	 64	765	  1	
360	 82	765	  1	
360	117	765	  1	
360	176	765	  1	
360	180	765	  1	
360	184	765	  1	
360	192	765	  1	
360	276	765	  1	
360	411	765	  1	
360	416	765	  1	
360	426	765	  1	
360	440	765	  1	
360	447	765	  1	
360	456	765	  1	
361	 24	765	  1	
361	 31	765	  1	
361	216	765	  1	
362	149	765	  1	
362	439	765	  1	
363	200	765	  1	
364	376	765	  1	
365	 66	765	  1	
365	 71	765	  1	
365	 80	765	  1	
365	 87	765	  1	
365	128	765	  1	
365	135	765	  1	
365	168	765	  1	
365	190	765	  1	
365	528	765	  1	
366	219	765	  1	
366	272	765	  1	
366	316	765	  1	
366	431	765	  1	
367	144	765	  1	
367	371	765	  1	
367	408	765	  1	
367	443	765	  1	
367	543	765	  1	
368	  7	765	  1	
368	 32	765	  1	
368	 68	765	  1	
368	 73	765	  1	
368	 95	765	  1	
368	 98	765	  1	
368	120	765	  1	
368	151	765	  1	
368	156	765	  1	
368	184	765	  1	
368	200	765	  1	
368	234	765	  1	
368	295	765	  1	
368	328	765	  1	
368	362	765	  1	
368	370	765	  1	
368	375	765	  1	
368	387	765	  1	
368	447	765	  1	
368	455	765	  1	
368	504	765	  1	
369	114	765	  1	
369	365	765	  1	
369	509	765	  1	
371	 39	765	  1	
371	 56	765	  1	
371	104	765	  1	
371	167	765	  1	
371	197	765	  1	
371	288	765	  1	
371	334	765	  1	
371	451	765	  1	
372	  7	765	  1	
372	436	765	  1	
373	126	765	  1	
373	174	765	  1	
373	190	765	  1	
373	440	765	  1	
373	504	765	  1	
374	 43	765	  1	
374	 72	765	  1	
374	146	765	  1	
374	368	765	  1	
374	373	765	  1	
375	  0	765	  1	
375	 32	765	  1	
375	247	765	  1	
375	295	765	  1	
375	424	765	  1	
375	446	765	  1	
375	455	765	  1	
376	 10	765	  1	
376	 15	765	  1	
376	 34	765	  1	
376	135	765	  1	
376	163	765	  1	
376	176	765	  1	
376	181	765	  1	
376	376	765	  1	
377	120	765	  1	
377	123	765	  1	
377	127	765	  1	
378	 70	765	  1	
378	159	765	  1	
379	327	765	  1	
379	367	765	  1	
379	375	765	  1	
379	432	765	  1	
379	520	765	  1	
380	350	765	  1	
380	359	765	  1	
381	 56	765	  1	
381	191	765	  1	
381	279	765	  1	
381	372	765	  1	
382	124	765	  1	
382	176	765	  1	
382	344	765	  1	
382	352	765	  1	
383	  0	765	  1	
383	  7	765	  1	
383	362	765	  1	
384	 40	765	  1	
384	 84	765	  1	
384	 92	765	  1	
384	132	765	  1	
384	168	765	  1	
384	189	765	  1	
384	192	765	  1	
384	200	765	  1	
384	203	765	  1	
384	284	765	  1	
384	315	765	  1	
384	320	765	  1	
384	358	765	  1	
384	380	765	  1	
384	384	765	  1	
384	388	765	  1	
384	407	765	  1	
384	423	765	  1	
384	500	765	  1	
384	527	765	  1	
386	 80	765	  1	
386	105	765	  1	
386	280	765	  1	
387	 32	765	  1	
387	115	765	  1	
387	181	765	  1	
387	416	765	  1	
387	488	765	  1	
388	120	765	  1	
388	286	765	  1	
388	400	765	  1	
389	207	765	  1	
389	405	765	  1	
390	 55	765	  1	
390	 84	765	  1	
390	283	765	  1	
391	 40	765	  1	
391	 93	765	  1	
391	108	765	  1	
391	358	765	  1	
391	384	765	  1	
391	423	765	  1	
392	  6	765	  1	
392	 15	765	  1	
392	 24	765	  1	
392	 29	765	  1	
392	 32	765	  1	
392	 64	765	  1	
392	103	765	  1	
392	123	765	  1	
392	150	765	  1	
392	199	765	  1	
392	248	765	  1	
392	327	765	  1	
392	348	765	  1	
392	360	765	  1	
392	503	765	  1	
393	 48	765	  1	
393	367	765	  1	
394	223	765	  1	
394	255	765	  1	
394	352	765	  1	
394	454	765	  1	
394	496	765	  1	
395	 88	765	  1	
395	136	765	  1	
395	166	765	  1	
395	299	765	  1	
396	 28	765	  1	
396	 55	765	  1	
396	128	765	  1	
396	295	765	  1	
397	 40	765	  1	
397	120	765	  1	
397	152	765	  1	
399	103	765	  1	
399	315	765	  1	
399	348	765	  1	
399	453	765	  1	
400	  5	765	  1	
400	 37	765	  1	
400	 53	765	  1	
400	 78	765	  1	
400	 92	765	  1	
400	106	765	  1	
400	136	765	  1	
400	178	765	  1	
400	183	765	  1	
400	214	765	  1	
400	347	765	  1	
400	371	765	  1	
400	599	765	  1	
401	223	765	  1	
401	251	765	  1	
403	 24	765	  1	
403	120	765	  1	
403	462	765	  1	
404	164	765	  1	
405	 32	765	  1	
405	 48	765	  1	
405	154	765	  1	
405	178	765	  1	
405	344	765	  1	
405	424	765	  1	
406	 15	765	  1	
407	159	765	  1	
407	220	765	  1	
407	223	765	  1	
407	255	765	  1	
407	480	765	  1	
408	 24	765	  1	
408	 37	765	  1	
408	 64	765	  1	
408	186	765	  1	
408	200	765	  1	
409	 88	765	  1	
410	151	765	  1	
410	164	765	  1	
410	428	765	  1	
410	495	765	  1	
411	 94	765	  1	
411	110	765	  1	
411	176	765	  1	
412	204	765	  1	
413	184	765	  1	
413	191	765	  1	
413	215	765	  1	
414	 56	765	  1	
414	100	765	  1	
414	143	765	  1	
414	203	765	  1	
414	448	765	  1	
415	128	765	  1	
415	304	765	  1	
415	556	765	  1	
416	 51	765	  1	
416	120	765	  1	
416	188	765	  1	
416	192	765	  1	
416	231	765	  1	
416	256	765	  1	
417	112	765	  1	
418	 35	765	  1	
419	224	765	  1	
419	409	765	  1	
421	 54	765	  1	
421	104	765	  1	
421	210	765	  1	
421	262	765	  1	
421	272	765	  1	
422	143	765	  1	
422	394	765	  1	
423	 32	765	  1	
423	 72	765	  1	
423	 88	765	  1	
423	231	765	  1	
423	313	765	  1	
423	343	765	  1	
423	427	765	  1	
424	 46	765	  1	
424	120	765	  1	
424	144	765	  1	
424	178	765	  1	
424	240	765	  1	
426	 56	765	  1	
427	136	765	  1	
427	168	765	  1	
427	211	765	  1	
427	224	765	  1	
427	277	765	  1	
428	 31	765	  1	
429	 95	765	  1	
429	131	765	  1	
430	183	765	  1	
430	208	765	  1	
430	223	765	  1	
430	332	765	  1	
431	 39	765	  1	
431	 88	765	  1	
431	231	765	  1	
431	583	765	  1	
432	 99	765	  1	
432	117	765	  1	
432	152	765	  1	
432	157	765	  1	
432	167	765	  1	
432	173	765	  1	
432	184	765	  1	
432	192	765	  1	
432	272	765	  1	
432	440	765	  1	
432	447	765	  1	
434	128	765	  1	
435	 16	765	  1	
435	 26	765	  1	
435	 72	765	  1	
435	104	765	  1	
435	114	765	  1	
435	279	765	  1	
437	192	765	  1	
438	 31	765	  1	
438	135	765	  1	
438	154	765	  1	
439	272	765	  1	
439	368	765	  1	
439	419	765	  1	
439	443	765	  1	
439	527	765	  1	
440	  0	765	  1	
440	 50	765	  1	
440	 57	765	  1	
440	 70	765	  1	
440	 77	765	  1	
440	 85	765	  1	
440	106	765	  1	
440	136	765	  1	
440	151	765	  1	
440	181	765	  1	
440	224	765	  1	
440	242	765	  1	
440	254	765	  1	
440	277	765	  1	
440	329	765	  1	
440	336	765	  1	
441	  7	765	  1	
441	 63	765	  1	
441	186	765	  1	
441	272	765	  1	
442	120	765	  1	
443	383	765	  1	
443	496	765	  1	
444	206	765	  1	
445	 80	765	  1	
445	392	765	  1	
446	 20	765	  1	
446	 36	765	  1	
446	147	765	  1	
446	200	765	  1	
446	208	765	  1	
446	216	765	  1	
447	 62	765	  1	
447	132	765	  1	
447	279	765	  1	
448	  8	765	  1	
448	 47	765	  1	
448	110	765	  1	
448	160	765	  1	
448	168	765	  1	
448	174	765	  1	
448	192	765	  1	
448	256	765	  1	
448	385	765	  1	
448	416	765	  1	
448	497	765	  1	
449	247	765	  1	
450	 96	765	  1	
450	103	765	  1	
450	198	765	  1	
450	503	765	  1	
451	 56	765	  1	
451	126	765	  1	
452	 86	765	  1	
452	496	765	  1	
453	112	765	  1	
453	166	765	  1	
453	171	765	  1	
453	179	765	  1	
454	 38	765	  1	
454	 55	765	  1	
454	 80	765	  1	
454	108	765	  1	
454	192	765	  1	
455	 24	765	  1	
455	 47	765	  1	
455	336	765	  1	
455	345	765	  1	
455	404	765	  1	
456	 17	765	  1	
456	 56	765	  1	
456	 62	765	  1	
456	 98	765	  1	
456	111	765	  1	
456	195	765	  1	
456	205	765	  1	
456	255	765	  1	
456	264	765	  1	
458	200	765	  1	
459	106	765	  1	
459	237	765	  1	
459	240	765	  1	
460	 16	765	  1	
460	 74	765	  1	
461	 93	765	  1	
461	103	765	  1	
462	  4	765	  1	
462	 23	765	  1	
462	 60	765	  1	
462	206	765	  1	
463	215	765	  1	
463	223	765	  1	
463	252	765	  1	
463	275	765	  1	
464	 24	765	  1	
464	 31	765	  1	
464	102	765	  1	
464	121	765	  1	
464	126	765	  1	
464	131	765	  1	
464	144	765	  1	
464	150	765	  1	
464	167	765	  1	
464	184	765	  1	
464	216	765	  1	
464	280	765	  1	
466	 98	765	  1	
466	200	765	  1	
466	207	765	  1	
467	 40	765	  1	
467	 72	765	  1	
467	160	765	  1	
467	287	765	  1	
468	 80	765	  1	
469	103	765	  1	
469	147	765	  1	
469	152	765	  1	
470	203	765	  1	
470	336	765	  1	
471	 27	765	  1	
471	167	765	  1	
471	243	765	  1	
471	280	765	  1	
472	  0	765	  1	
472	 67	765	  1	
472	129	765	  1	
472	135	765	  1	
472	192	765	  1	
472	281	765	  1	
472	347	765	  1	
475	104	765	  1	
477	123	765	  1	
477	190	765	  1	
477	229	765	  1	
477	280	765	  1	
478	 67	765	  1	
478	133	765	  1	
479	 72	765	  1	
479	328	765	  1	
479	456	765	  1	
479	559	765	  1	
480	 24	765	  1	
480	 48	765	  1	
480	 62	765	  1	
480	 83	765	  1	
480	101	765	  1	
480	112	765	  1	
480	240	765	  1	
480	247	765	  1	
481	376	765	  1	
482	175	765	  1	
483	155	765	  1	
483	344	765	  1	
485	 54	765	  1	
485	208	765	  1	
486	 92	765	  1	
487	380	765	  1	
488	  0	765	  1	
488	 64	765	  1	
488	130	765	  1	
488	144	765	  1	
488	163	765	  1	
488	176	765	  1	
488	248	765	  1	
491	 94	765	  1	
491	255	765	  1	
492	 38	765	  1	
493	 16	765	  1	
493	 40	765	  1	
493	134	765	  1	
494	 32	765	  1	
494	 74	765	  1	
494	167	765	  1	
494	180	765	  1	
494	248	765	  1	
495	351	765	  1	
495	385	765	  1	
496	 48	765	  1	
496	 90	765	  1	
496	 94	765	  1	
496	105	765	  1	
496	125	765	  1	
496	143	765	  1	
496	184	765	  1	
496	191	765	  1	
496	213	765	  1	
496	228	765	  1	
496	239	765	  1	
496	256	765	  1	
496	263	765	  1	
498	136	765	  1	
499	144	765	  1	
499	208	765	  1	
499	224	765	  1	
500	328	765	  1	
500	442	765	  1	
501	200	765	  1	
502	135	765	  1	
502	259	765	  1	
503	143	765	  1	
503	187	765	  1	
503	335	765	  1	
504	  0	765	  1	
504	125	765	  1	
504	145	765	  1	
504	160	765	  1	
504	168	765	  1	
504	190	765	  1	
504	261	765	  1	
505	107	765	  1	
506	 78	765	  1	
506	166	765	  1	
506	184	765	  1	
507	175	765	  1	
507	283	765	  1	
508	152	765	  1	
509	 59	765	  1	
509	160	765	  1	
510	157	765	  1	
510	191	765	  1	
511	 72	765	  1	
511	 80	765	  1	
511	166	765	  1	
511	369	765	  1	
512	 46	765	  1	
512	 79	765	  1	
512	 96	765	  1	
512	113	765	  1	
512	160	765	  1	
512	198	765	  1	
512	208	765	  1	
512	211	765	  1	
512	219	765	  1	
512	237	765	  1	
512	263	765	  1	
512	272	765	  1	
512	291	765	  1	
512	543	765	  1	
514	 32	765	  1	
514	 39	765	  1	
514	377	765	  1	
515	184	765	  1	
516	 18	765	  1	
516	163	765	  1	
516	232	765	  1	
516	254	765	  1	
517	144	765	  1	
518	 35	765	  1	
518	 69	765	  1	
518	399	765	  1	
519	 85	765	  1	
519	 96	765	  1	
519	288	765	  1	
519	295	765	  1	
520	160	765	  1	
520	167	765	  1	
520	220	765	  1	
520	248	765	  1	
520	280	765	  1	
522	288	765	  1	
523	 32	765	  1	
523	255	765	  1	
525	150	765	  1	
525	176	765	  1	
525	295	765	  1	
526	 80	765	  1	
527	143	765	  1	
527	248	765	  1	
527	280	765	  1	
527	288	765	  1	
528	  0	765	  1	
528	 74	765	  1	
528	 97	765	  1	
528	123	765	  1	
528	134	765	  1	
528	144	765	  1	
528	187	765	  1	
528	231	765	  1	
528	383	765	  1	
531	106	765	  1	
531	136	765	  1	
531	232	765	  1	
531	244	765	  1	
531	288	765	  1	
531	384	765	  1	
533	 67	765	  1	
533	119	765	  1	
533	148	765	  1	
533	296	765	  1	
535	  7	765	  1	
535	184	765	  1	
535	191	765	  1	
535	222	765	  1	
535	376	765	  1	
536	 25	765	  1	
536	 31	765	  1	
536	 58	765	  1	
536	160	765	  1	
536	167	765	  1	
536	181	765	  1	
536	241	765	  1	
536	246	765	  1	
536	288	765	  1	
536	344	765	  1	
536	351	765	  1	
537	216	765	  1	
537	231	765	  1	
538	310	765	  1	
539	295	765	  1	
540	 66	765	  1	
540	 99	765	  1	
541	111	765	  1	
541	242	765	  1	
541	247	765	  1	
541	343	765	  1	
542	144	765	  1	
542	224	765	  1	
542	277	765	  1	
543	 80	765	  1	
543	 85	765	  1	
543	216	765	  1	
543	230	765	  1	
543	288	765	  1	
543	304	765	  1	
543	347	765	  1	
543	443	765	  1	
544	  9	765	  1	
544	 32	765	  1	
544	 65	765	  1	
544	 78	765	  1	
544	124	765	  1	
544	207	765	  1	
544	223	765	  1	
544	316	765	  1	
544	375	765	  1	
545	295	765	  1	
545	303	765	  1	
546	104	765	  1	
547	 15	765	  1	
547	238	765	  1	
547	368	765	  1	
548	310	765	  1	
548	432	765	  1	
549	 64	765	  1	
549	117	765	  1	
549	149	765	  1	
550	 10	765	  1	
550	 96	765	  1	
550	232	765	  1	
551	 72	765	  1	
551	298	765	  1	
551	375	765	  1	
552	 91	765	  1	
552	104	765	  1	
552	135	765	  1	
552	280	765	  1	
552	287	765	  1	
552	330	765	  1	
552	335	765	  1	
553	160	765	  1	
554	175	765	  1	
555	231	765	  1	
557	118	765	  1	
558	130	765	  1	
559	 27	765	  1	
559	138	765	  1	
559	160	765	  1	
559	283	765	  1	
560	 80	765	  1	
560	 87	765	  1	
560	 96	765	  1	
560	106	765	  1	
560	203	765	  1	
560	216	765	  1	
560	288	765	  1	
560	398	765	  1	
562	258	765	  1	
562	311	765	  1	
563	 15	765	  1	
563	110	765	  1	
563	223	765	  1	
565	 94	765	  1	
565	143	765	  1	
565	179	765	  1	
565	187	765	  1	
565	220	765	  1	
566	296	765	  1	
566	344	765	  1	
567	 83	765	  1	
567	137	765	  1	
567	328	765	  1	
568	104	765	  1	
568	111	765	  1	
568	124	765	  1	
568	131	765	  1	
568	168	765	  1	
568	224	765	  1	
568	288	765	  1	
568	308	765	  1	
568	317	765	  1	
568	379	765	  1	
569	328	765	  1	
570	253	765	  1	
570	311	765	  1	
571	208	765	  1	
571	295	765	  1	
571	371	765	  1	
572	304	765	  1	
572	332	765	  1	
573	115	765	  1	
573	224	765	  1	
573	344	765	  1	
574	149	765	  1	
575	288	765	  1	
575	306	765	  1	
576	 58	765	  1	
576	 63	765	  1	
576	168	765	  1	
576	200	765	  1	
576	240	765	  1	
576	279	765	  1	
576	328	765	  1	
576	335	765	  1	
578	230	765	  1	
578	270	765	  1	
578	319	765	  1	
579	128	765	  1	
579	206	765	  1	
579	304	765	  1	
580	227	765	  1	
580	256	765	  1	
581	323	765	  1	
582	 58	765	  1	
582	244	765	  1	
582	260	765	  1	
583	 63	765	  1	
583	279	765	  1	
583	328	765	  1	
583	335	765	  1	
584	 94	765	  1	
584	102	765	  1	
584	105	765	  1	
584	193	765	  1	
584	206	765	  1	
584	240	765	  1	
584	262	765	  1	
584	272	765	  1	
584	295	765	  1	
584	299	765	  1	
584	312	765	  1	
584	346	765	  1	
584	514	765	  1	
587	319	765	  1	
587	336	765	  1	
588	216	765	  1	
589	243	765	  1	
591	227	765	  1	
591	262	765	  1	
591	312	765	  1	
591	346	765	  1	
591	366	765	  1	
591	456	765	  1	
592	118	765	  1	
592	122	765	  1	
592	187	765	  1	
592	271	765	  1	
592	275	765	  1	
592	300	765	  1	
592	319	765	  1	
592	363	765	  1	
594	563	765	  1	
595	 15	765	  1	
595	107	765	  1	
595	264	765	  1	
595	312	765	  1	
597	184	765	  1	
597	282	765	  1	
597	287	765	  1	
597	304	765	  1	
597	311	765	  1	
598	222	765	  1	
598	327	765	  1	
599	116	765	  1	
599	216	765	  1	
599	271	765	  1	
599	279	765	  1	
599	319	765	  1	
599	363	765	  1	
600	 96	765	  1	
600	113	765	  1	
600	174	765	  1	
600	218	765	  1	
600	239	765	  1	
600	336	765	  1	
600	340	765	  1	
600	360	765	  1	
600	399	765	  1	
602	 63	765	  1	
602	375	765	  1	
603	  0	765	  1	
603	312	765	  1	
603	320	765	  1	
604	280	765	  1	
605	255	765	  1	
605	336	765	  1	
605	341	765	  1	
606	171	765	  1	
606	275	765	  1	
607	327	765	  1	
608	 84	765	  1	
608	217	765	  1	
608	264	765	  1	
608	280	765	  1	
608	287	765	  1	
608	407	765	  1	
610	168	765	  1	
610	239	765	  1	
611	223	765	  1	
612	176	765	  1	
613	104	765	  1	
613	436	765	  1	
615	264	765	  1	
615	376	765	  1	
616	 71	765	  1	
616	263	765	  1	
616	304	765	  1	
616	344	765	  1	
616	351	765	  1	
617	336	765	  1	
617	341	765	  1	
619	311	765	  1	
619	376	765	  1	
619	424	765	  1	
621	256	765	  1	
622	262	765	  1	
623	 16	765	  1	
623	304	765	  1	
623	347	765	  1	
624	292	765	  1	
624	527	765	  1	
627	336	765	  1	
628	256	765	  1	
628	357	765	  1	
629	295	765	  1	
630	263	765	  1	
631	203	765	  1	
631	346	765	  1	
631	355	765	  1	
632	512	765	  1	
634	362	765	  1	
634	400	765	  1	
635	 90	765	  1	
635	293	765	  1	
635	367	765	  1	
639	 79	765	  1	
639	152	765	  1	
640	112	765	  1	
640	122	765	  1	
640	295	765	  1	
643	120	765	  1	
647	 76	765	  1	
647	412	765	  1	
650	120	765	  1	
650	219	765	  1	
651	350	765	  1	
653	239	765	  1	
654	 77	765	  1	
654	199	765	  1	
655	135	765	  1	
655	384	765	  1	
656	155	765	  1	
656	181	765	  1	
656	371	765	  1	
656	534	765	  1	
660	247	765	  1	
664	178	765	  1	
667	375	765	  1	
671	504	765	  1	
680	107	765	  1	
680	122	765	  1	
680	129	765	  1	
680	180	765	  1	
680	239	765	  1	
686	 86	765	  1	
687	 88	765	  1	
687	104	765	  1	
687	111	765	  1	
687	276	765	  1	
690	256	765	  1	
696	183	765	  1	
696	269	765	  1	
704	157	765	  1	
704	168	765	  1	
720	198	765	  1	
728	528	765	  1	
735	271	765	  1	
738	 88	765	  1	
764	275	765	  1	
796	170	765	  1	
