# 
#  Image file: Goad1_T0138.jpg
#  Applied threshold: 575
#  Algorithm used: fill2                 
#  Particle count: 1989
#  Location (x,y), max luminance, and mass:
# 
  7	 95	765	  1	
  7	329	765	  1	
  8	130	765	  1	
 11	183	765	  1	
 11	311	765	  1	
 15	128	765	  1	
 15	304	765	  1	
 15	471	765	  1	
 16	123	765	  1	
 16	312	765	  1	
 20	271	765	  1	
 24	383	765	  1	
 27	264	765	  1	
 30	231	765	  1	
 31	100	765	  1	
 32	348	765	  1	
 37	556	765	  1	
 46	256	765	  1	
 55	316	765	  1	
 63	286	765	  1	
 64	264	765	  1	
 71	264	765	  1	
 72	528	765	  1	
 76	563	765	  1	
 79	295	765	  1	
 87	344	765	  1	
 87	439	765	  1	
 88	199	765	  1	
 88	319	765	  1	
 89	 79	765	  1	
 90	376	765	  1	
 93	158	765	  1	
 95	399	765	  1	
 96	 94	765	  1	
 96	480	765	  1	
 99	359	765	  1	
 99	392	765	  1	
101	 64	765	  1	
101	242	765	  1	
101	247	765	  1	
101	352	765	  1	
101	367	765	  1	
103	101	765	  1	
104	  7	765	  1	
104	 63	765	  1	
104	180	765	  1	
104	289	765	  1	
108	565	765	  1	
111	300	765	  1	
111	416	765	  1	
112	 90	765	  1	
112	139	765	  1	
112	152	765	  1	
112	157	765	  1	
112	167	765	  1	
116	144	765	  1	
117	143	765	  1	
119	127	765	  1	
120	115	765	  1	
120	120	765	  1	
120	259	765	  1	
120	280	765	  1	
122	392	765	  1	
123	  0	765	  1	
126	256	765	  1	
126	263	765	  1	
127	498	765	  1	
128	  6	765	  1	
128	123	765	  1	
128	199	765	  1	
128	203	765	  1	
128	344	765	  1	
128	351	765	  1	
128	400	765	  1	
132	182	765	  1	
132	367	765	  1	
133	240	765	  1	
133	247	765	  1	
134	335	765	  1	
135	343	765	  1	
135	351	765	  1	
135	476	765	  1	
136	208	765	  1	
136	223	765	  1	
136	416	765	  1	
137	 48	765	  1	
137	167	765	  1	
139	144	765	  1	
140	  7	765	  1	
140	203	765	  1	
140	296	765	  1	
143	 54	765	  1	
143	103	765	  1	
144	  2	765	  1	
144	177	765	  1	
144	251	765	  1	
144	259	765	  1	
144	430	765	  1	
147	120	765	  1	
148	168	765	  1	
148	182	765	  1	
149	 79	765	  1	
150	175	765	  1	
151	 26	765	  1	
151	126	765	  1	
151	226	765	  1	
151	427	765	  1	
151	472	765	  1	
151	496	765	  1	
152	304	765	  1	
153	368	765	  1	
154	154	765	  1	
154	404	765	  1	
155	167	765	  1	
155	326	765	  1	
156	296	765	  1	
157	160	765	  1	
158	303	765	  1	
159	 86	765	  1	
160	199	765	  1	
160	207	765	  1	
160	238	765	  1	
160	246	765	  1	
160	287	765	  1	
160	289	765	  1	
160	307	765	  1	
160	312	765	  1	
160	318	765	  1	
160	359	765	  1	
161	160	765	  1	
161	296	765	  1	
163	200	765	  1	
163	280	765	  1	
163	352	765	  1	
163	488	765	  1	
165	194	765	  1	
166	264	765	  1	
166	290	765	  1	
167	207	765	  1	
167	287	765	  1	
167	323	765	  1	
167	359	765	  1	
167	395	765	  1	
168	 93	765	  1	
168	104	765	  1	
168	120	765	  1	
168	151	765	  1	
168	183	765	  1	
168	597	765	  1	
169	135	765	  1	
170	351	765	  1	
170	591	765	  1	
171	144	765	  1	
171	176	765	  1	
171	231	765	  1	
172	302	765	  1	
172	400	765	  1	
172	416	765	  1	
172	584	765	  1	
173	 80	765	  1	
173	 87	765	  1	
173	120	765	  1	
173	135	765	  1	
174	224	765	  1	
175	104	765	  1	
175	151	765	  1	
175	183	765	  1	
175	240	765	  1	
175	407	765	  1	
176	129	765	  1	
176	383	765	  1	
178	262	765	  1	
178	271	765	  1	
179	240	765	  1	
179	256	765	  1	
179	266	765	  1	
182	  0	765	  1	
182	203	765	  1	
183	247	765	  1	
183	488	765	  1	
184	 86	765	  1	
184	 88	765	  1	
184	 95	765	  1	
184	 99	765	  1	
184	231	765	  1	
184	254	765	  1	
184	274	765	  1	
184	336	765	  1	
184	352	765	  1	
184	406	765	  1	
185	 87	765	  1	
185	103	765	  1	
186	 96	765	  1	
186	136	765	  1	
186	411	765	  1	
187	240	765	  1	
187	466	765	  1	
188	192	765	  1	
188	259	765	  1	
188	271	765	  1	
189	160	765	  1	
189	279	765	  1	
189	352	765	  1	
189	355	765	  1	
189	359	765	  1	
189	376	765	  1	
190	128	765	  1	
190	252	765	  1	
190	399	765	  1	
191	 23	765	  1	
192	 64	765	  1	
192	112	765	  1	
192	119	765	  1	
192	167	765	  1	
192	176	765	  1	
192	232	765	  1	
192	239	765	  1	
192	256	765	  1	
192	280	765	  1	
192	296	765	  1	
192	372	765	  1	
192	387	765	  1	
192	407	765	  1	
193	 76	765	  1	
194	103	765	  1	
194	551	765	  1	
195	 80	765	  1	
195	 84	765	  1	
195	 96	765	  1	
195	544	765	  1	
196	 93	765	  1	
196	363	765	  1	
197	 72	765	  1	
197	257	765	  1	
198	183	765	  1	
198	269	765	  1	
199	 78	765	  1	
199	 80	765	  1	
199	 99	765	  1	
199	163	765	  1	
199	223	765	  1	
199	498	765	  1	
199	503	765	  1	
199	511	765	  1	
200	 32	765	  1	
200	 87	765	  1	
200	120	765	  1	
200	126	765	  1	
200	133	765	  1	
200	160	765	  1	
200	174	765	  1	
200	184	765	  1	
200	230	765	  1	
200	248	765	  1	
200	528	765	  1	
201	103	765	  1	
201	168	765	  1	
202	128	765	  1	
202	150	765	  1	
203	112	765	  1	
203	255	765	  1	
204	 88	765	  1	
204	264	765	  1	
205	144	765	  1	
205	378	765	  1	
206	 75	765	  1	
206	134	765	  1	
206	160	765	  1	
206	237	765	  1	
207	  0	765	  1	
207	  7	765	  1	
207	 81	765	  1	
207	271	765	  1	
207	528	765	  1	
208	 16	765	  1	
208	 47	765	  1	
208	 86	765	  1	
208	109	765	  1	
208	119	765	  1	
208	131	765	  1	
208	142	765	  1	
208	150	765	  1	
208	171	765	  1	
208	390	765	  1	
208	431	765	  1	
208	472	765	  1	
209	535	765	  1	
210	280	765	  1	
211	158	765	  1	
212	120	765	  1	
212	133	765	  1	
213	 83	765	  1	
213	128	765	  1	
213	383	765	  1	
214	315	765	  1	
214	456	765	  1	
214	463	765	  1	
215	 23	765	  1	
215	 78	765	  1	
215	119	765	  1	
215	123	765	  1	
215	143	765	  1	
215	150	765	  1	
215	285	765	  1	
215	431	765	  1	
216	  2	765	  1	
216	 40	765	  1	
216	 64	765	  1	
216	 74	765	  1	
216	102	765	  1	
216	125	765	  1	
216	130	765	  1	
216	184	765	  1	
216	188	765	  1	
216	243	765	  1	
216	266	765	  1	
216	271	765	  1	
216	275	765	  1	
216	387	765	  1	
216	479	765	  1	
217	250	765	  1	
218	520	765	  1	
219	 72	765	  1	
219	 96	765	  1	
219	360	765	  1	
219	391	765	  1	
219	587	765	  1	
220	 41	765	  1	
220	108	765	  1	
221	119	765	  1	
221	148	765	  1	
221	152	765	  1	
221	159	765	  1	
221	392	765	  1	
222	112	765	  1	
222	135	765	  1	
222	168	765	  1	
222	266	765	  1	
222	373	765	  1	
222	447	765	  1	
223	 74	765	  1	
223	240	765	  1	
223	247	765	  1	
223	271	765	  1	
223	382	765	  1	
223	387	765	  1	
223	455	765	  1	
223	528	765	  1	
224	 52	765	  1	
224	 69	765	  1	
224	102	765	  1	
224	156	765	  1	
224	173	765	  1	
224	190	765	  1	
224	212	765	  1	
224	223	765	  1	
224	248	765	  1	
224	294	765	  1	
224	376	765	  1	
224	416	765	  1	
224	438	765	  1	
224	559	765	  1	
224	568	765	  1	
225	367	765	  1	
227	261	765	  1	
229	 99	765	  1	
229	120	765	  1	
229	168	765	  1	
230	 48	765	  1	
230	188	765	  1	
230	208	765	  1	
230	291	765	  1	
230	360	765	  1	
230	429	765	  1	
231	149	765	  1	
231	271	765	  1	
231	365	765	  1	
231	376	765	  1	
231	383	765	  1	
231	416	765	  1	
232	 16	765	  1	
232	 23	765	  1	
232	 28	765	  1	
232	 64	765	  1	
232	 82	765	  1	
232	111	765	  1	
232	136	765	  1	
232	181	765	  1	
232	189	765	  1	
232	224	765	  1	
232	242	765	  1	
232	247	765	  1	
232	288	765	  1	
232	363	765	  1	
232	368	765	  1	
232	392	765	  1	
232	406	765	  1	
232	540	765	  1	
234	168	765	  1	
234	175	765	  1	
234	280	765	  1	
234	398	765	  1	
234	471	765	  1	
235	255	765	  1	
235	375	765	  1	
235	440	765	  1	
235	566	765	  1	
237	142	765	  1	
237	188	765	  1	
237	344	765	  1	
237	349	765	  1	
237	384	765	  1	
237	402	765	  1	
238	 28	765	  1	
238	136	765	  1	
238	240	765	  1	
238	245	765	  1	
238	309	765	  1	
238	325	765	  1	
238	412	765	  1	
238	560	765	  1	
239	 19	765	  1	
239	112	765	  1	
239	368	765	  1	
240	 56	765	  1	
240	 64	765	  1	
240	 71	765	  1	
240	118	765	  1	
240	128	765	  1	
240	193	765	  1	
240	264	765	  1	
240	269	765	  1	
240	351	765	  1	
240	360	765	  1	
240	373	765	  1	
241	199	765	  1	
242	112	765	  1	
242	158	765	  1	
243	 24	765	  1	
243	 31	765	  1	
243	176	765	  1	
244	352	765	  1	
245	  8	765	  1	
245	 70	765	  1	
245	192	765	  1	
245	372	765	  1	
246	112	765	  1	
246	199	765	  1	
246	250	765	  1	
246	328	765	  1	
246	364	765	  1	
246	419	765	  1	
246	527	765	  1	
247	144	765	  1	
247	159	765	  1	
247	254	765	  1	
247	263	765	  1	
247	344	765	  1	
248	 39	765	  1	
248	 48	765	  1	
248	 55	765	  1	
248	 72	765	  1	
248	123	765	  1	
248	133	765	  1	
248	200	765	  1	
248	211	765	  1	
248	331	765	  1	
248	366	765	  1	
248	375	765	  1	
250	 32	765	  1	
250	256	765	  1	
251	 24	765	  1	
251	135	765	  1	
251	184	765	  1	
251	320	765	  1	
251	368	765	  1	
253	340	765	  1	
254	 61	765	  1	
254	119	765	  1	
255	  0	765	  1	
255	 36	765	  1	
255	 48	765	  1	
255	 55	765	  1	
255	131	765	  1	
255	328	765	  1	
255	375	765	  1	
255	538	765	  1	
256	 52	765	  1	
256	 66	765	  1	
256	 82	765	  1	
256	 94	765	  1	
256	104	765	  1	
256	113	765	  1	
256	160	765	  1	
256	208	765	  1	
256	224	765	  1	
256	232	765	  1	
256	236	765	  1	
256	256	765	  1	
256	315	765	  1	
256	344	765	  1	
256	424	765	  1	
259	270	765	  1	
259	278	765	  1	
259	351	765	  1	
261	 64	765	  1	
261	440	765	  1	
262	 78	765	  1	
262	264	765	  1	
263	 92	765	  1	
263	160	765	  1	
263	216	765	  1	
263	344	765	  1	
264	  2	765	  1	
264	  7	765	  1	
264	 13	765	  1	
264	 56	765	  1	
264	 61	765	  1	
264	 72	765	  1	
264	131	765	  1	
264	192	765	  1	
264	240	765	  1	
264	248	765	  1	
264	295	765	  1	
264	304	765	  1	
264	328	765	  1	
264	335	765	  1	
264	357	765	  1	
264	370	765	  1	
264	375	765	  1	
264	389	765	  1	
264	400	765	  1	
264	419	765	  1	
264	432	765	  1	
264	519	765	  1	
264	527	765	  1	
264	530	765	  1	
265	264	765	  1	
266	198	765	  1	
266	430	765	  1	
266	438	765	  1	
266	479	765	  1	
266	494	765	  1	
267	 80	765	  1	
267	107	765	  1	
267	407	765	  1	
269	  0	765	  1	
269	  8	765	  1	
269	416	765	  1	
269	521	765	  1	
270	150	765	  1	
270	192	765	  1	
270	264	765	  1	
270	352	765	  1	
270	375	765	  1	
270	424	765	  1	
270	519	765	  1	
271	163	765	  1	
271	248	765	  1	
271	331	765	  1	
271	400	765	  1	
271	422	765	  1	
271	438	765	  1	
272	 13	765	  1	
272	 56	765	  1	
272	 71	765	  1	
272	181	765	  1	
272	208	765	  1	
272	214	765	  1	
272	231	765	  1	
272	254	765	  1	
272	310	765	  1	
272	376	765	  1	
272	402	765	  1	
272	464	765	  1	
272	471	765	  1	
272	533	765	  1	
273	472	765	  1	
274	 62	765	  1	
274	152	765	  1	
274	229	765	  1	
274	304	765	  1	
274	367	765	  1	
274	381	765	  1	
275	267	765	  1	
275	430	765	  1	
275	448	765	  1	
275	463	765	  1	
277	  8	765	  1	
277	 23	765	  1	
277	107	765	  1	
277	144	765	  1	
277	376	765	  1	
277	512	765	  1	
278	 56	765	  1	
278	192	765	  1	
279	  0	765	  1	
279	 71	765	  1	
279	225	765	  1	
279	231	765	  1	
279	467	765	  1	
280	  4	765	  1	
280	 43	765	  1	
280	 72	765	  1	
280	104	765	  1	
280	168	765	  1	
280	190	765	  1	
280	224	765	  1	
280	260	765	  1	
280	276	765	  1	
280	280	765	  1	
280	294	765	  1	
280	299	765	  1	
280	314	765	  1	
280	333	765	  1	
280	362	765	  1	
280	420	765	  1	
280	455	765	  1	
281	251	765	  1	
282	 55	765	  1	
282	 60	765	  1	
282	560	765	  1	
283	440	765	  1	
284	 56	765	  1	
284	328	765	  1	
284	406	765	  1	
284	410	765	  1	
285	158	765	  1	
285	409	765	  1	
286	 23	765	  1	
286	175	765	  1	
286	187	765	  1	
286	420	765	  1	
287	294	765	  1	
287	303	765	  1	
287	403	765	  1	
287	570	765	  1	
288	 71	765	  1	
288	 88	765	  1	
288	103	765	  1	
288	152	765	  1	
288	198	765	  1	
288	201	765	  1	
288	216	765	  1	
288	221	765	  1	
288	232	765	  1	
288	335	765	  1	
288	357	765	  1	
288	392	765	  1	
288	479	765	  1	
288	568	765	  1	
288	597	765	  1	
289	319	765	  1	
290	 34	765	  1	
290	144	765	  1	
290	326	765	  1	
290	502	765	  1	
291	  7	765	  1	
291	 16	765	  1	
291	 58	765	  1	
291	 64	765	  1	
291	158	765	  1	
291	399	765	  1	
291	418	765	  1	
291	575	765	  1	
292	  0	765	  1	
292	 79	765	  1	
292	252	765	  1	
292	333	765	  1	
292	584	765	  1	
293	496	765	  1	
294	315	765	  1	
294	589	765	  1	
295	 71	765	  1	
295	109	765	  1	
295	320	765	  1	
295	392	765	  1	
295	399	765	  1	
295	423	765	  1	
295	475	765	  1	
295	568	765	  1	
296	  0	765	  1	
296	 26	765	  1	
296	 87	765	  1	
296	115	765	  1	
296	136	765	  1	
296	148	765	  1	
296	173	765	  1	
296	184	765	  1	
296	210	765	  1	
296	235	765	  1	
296	287	765	  1	
296	289	765	  1	
296	295	765	  1	
296	304	765	  1	
296	374	765	  1	
296	508	765	  1	
297	191	765	  1	
297	215	765	  1	
298	 16	765	  1	
298	252	765	  1	
299	110	765	  1	
299	199	765	  1	
299	440	765	  1	
300	 72	765	  1	
300	209	765	  1	
301	142	765	  1	
301	160	765	  1	
301	232	765	  1	
301	414	765	  1	
301	511	765	  1	
301	592	765	  1	
302	  0	765	  1	
302	150	765	  1	
302	248	765	  1	
302	486	765	  1	
304	 16	765	  1	
304	 83	765	  1	
304	120	765	  1	
304	152	765	  1	
304	176	765	  1	
304	182	765	  1	
304	217	765	  1	
304	288	765	  1	
304	336	765	  1	
304	343	765	  1	
304	456	765	  1	
304	520	765	  1	
304	560	765	  1	
306	173	765	  1	
306	375	765	  1	
307	194	765	  1	
307	208	765	  1	
307	405	765	  1	
307	527	765	  1	
308	408	765	  1	
309	 78	765	  1	
309	 95	765	  1	
309	179	765	  1	
309	206	765	  1	
309	352	765	  1	
309	463	765	  1	
310	256	765	  1	
310	306	765	  1	
311	 40	765	  1	
311	104	765	  1	
311	339	765	  1	
311	391	765	  1	
311	466	765	  1	
311	495	765	  1	
311	520	765	  1	
312	 48	765	  1	
312	 55	765	  1	
312	123	765	  1	
312	146	765	  1	
312	186	765	  1	
312	248	765	  1	
312	283	765	  1	
312	332	765	  1	
312	370	765	  1	
312	404	765	  1	
312	419	765	  1	
312	459	765	  1	
312	575	765	  1	
313	338	765	  1	
314	264	765	  1	
314	328	765	  1	
314	375	765	  1	
315	128	765	  1	
316	272	765	  1	
317	 47	765	  1	
317	 94	765	  1	
317	126	765	  1	
317	184	765	  1	
317	191	765	  1	
317	400	765	  1	
318	248	765	  1	
319	 51	765	  1	
319	279	765	  1	
319	416	765	  1	
319	423	765	  1	
319	560	765	  1	
320	  2	765	  1	
320	  7	765	  1	
320	 68	765	  1	
320	 96	765	  1	
320	112	765	  1	
320	133	765	  1	
320	171	765	  1	
320	211	765	  1	
320	232	765	  1	
320	280	765	  1	
320	358	765	  1	
320	375	765	  1	
320	463	765	  1	
320	541	765	  1	
321	  8	765	  1	
321	 88	765	  1	
321	351	765	  1	
322	166	765	  1	
322	352	765	  1	
323	287	765	  1	
323	368	765	  1	
324	155	765	  1	
324	598	765	  1	
325	 56	765	  1	
325	 63	765	  1	
325	128	765	  1	
325	399	765	  1	
326	160	765	  1	
326	359	765	  1	
327	  0	765	  1	
327	144	765	  1	
327	213	765	  1	
327	248	765	  1	
327	280	765	  1	
327	351	765	  1	
327	375	765	  1	
327	463	765	  1	
328	 14	765	  1	
328	 39	765	  1	
328	 51	765	  1	
328	 88	765	  1	
328	 96	765	  1	
328	173	765	  1	
328	177	765	  1	
328	191	765	  1	
328	216	765	  1	
328	235	765	  1	
328	253	765	  1	
328	269	765	  1	
328	325	765	  1	
328	464	765	  1	
328	535	765	  1	
329	127	765	  1	
330	291	765	  1	
331	 32	765	  1	
331	 40	765	  1	
331	247	765	  1	
331	352	765	  1	
331	384	765	  1	
331	583	765	  1	
332	 10	765	  1	
332	599	765	  1	
333	 70	765	  1	
333	102	765	  1	
333	136	765	  1	
333	224	765	  1	
333	256	765	  1	
333	368	765	  1	
335	 39	765	  1	
335	 48	765	  1	
335	 55	765	  1	
335	191	765	  1	
335	280	765	  1	
335	359	765	  1	
336	  0	765	  1	
336	 19	765	  1	
336	 98	765	  1	
336	133	765	  1	
336	155	765	  1	
336	165	765	  1	
336	172	765	  1	
336	208	765	  1	
336	232	765	  1	
336	267	765	  1	
336	291	765	  1	
336	320	765	  1	
336	379	765	  1	
336	472	765	  1	
337	 88	765	  1	
338	 99	765	  1	
338	224	765	  1	
339	119	765	  1	
339	280	765	  1	
339	327	765	  1	
339	416	765	  1	
340	372	765	  1	
341	 88	765	  1	
341	103	765	  1	
341	110	765	  1	
341	128	765	  1	
341	172	765	  1	
341	211	765	  1	
341	382	765	  1	
342	 20	765	  1	
342	216	765	  1	
342	235	765	  1	
343	 98	765	  1	
343	144	765	  1	
343	228	765	  1	
343	295	765	  1	
343	320	765	  1	
343	544	765	  1	
344	 83	765	  1	
344	 88	765	  1	
344	 95	765	  1	
344	113	765	  1	
344	131	765	  1	
344	139	765	  1	
344	157	765	  1	
344	200	765	  1	
344	240	765	  1	
344	261	765	  1	
344	272	765	  1	
344	332	765	  1	
344	344	765	  1	
344	424	765	  1	
344	496	765	  1	
345	119	765	  1	
346	 15	765	  1	
346	 22	765	  1	
346	124	765	  1	
347	 43	765	  1	
347	328	765	  1	
347	351	765	  1	
347	376	765	  1	
348	128	765	  1	
348	224	765	  1	
349	 76	765	  1	
350	 16	765	  1	
350	 84	765	  1	
350	216	765	  1	
350	231	765	  1	
350	333	765	  1	
350	408	765	  1	
350	415	765	  1	
351	 48	765	  1	
351	192	765	  1	
351	344	765	  1	
351	405	765	  1	
351	496	765	  1	
352	  2	765	  1	
352	 93	765	  1	
352	101	765	  1	
352	114	765	  1	
352	151	765	  1	
352	200	765	  1	
352	219	765	  1	
352	246	765	  1	
352	266	765	  1	
352	279	765	  1	
352	376	765	  1	
352	383	765	  1	
352	408	765	  1	
352	431	765	  1	
353	130	765	  1	
353	139	765	  1	
353	263	765	  1	
354	152	765	  1	
354	240	765	  1	
355	126	765	  1	
355	144	765	  1	
355	256	765	  1	
355	415	765	  1	
356	119	765	  1	
356	288	765	  1	
356	398	765	  1	
357	356	765	  1	
357	511	765	  1	
358	102	765	  1	
358	131	765	  1	
358	158	765	  1	
358	247	765	  1	
358	258	765	  1	
358	384	765	  1	
358	392	765	  1	
358	424	765	  1	
358	429	765	  1	
359	 12	765	  1	
359	151	765	  1	
359	168	765	  1	
359	379	765	  1	
359	408	765	  1	
360	 45	765	  1	
360	147	765	  1	
360	181	765	  1	
360	214	765	  1	
360	223	765	  1	
360	235	765	  1	
360	240	765	  1	
360	254	765	  1	
360	272	765	  1	
360	314	765	  1	
360	360	765	  1	
360	367	765	  1	
360	383	765	  1	
360	415	765	  1	
360	456	765	  1	
361	455	765	  1	
362	134	765	  1	
362	248	765	  1	
363	 96	765	  1	
363	142	765	  1	
363	279	765	  1	
363	317	765	  1	
363	336	765	  1	
363	376	765	  1	
363	504	765	  1	
364	 64	765	  1	
364	 72	765	  1	
364	242	765	  1	
365	 55	765	  1	
366	 71	765	  1	
366	 79	765	  1	
366	101	765	  1	
366	117	765	  1	
366	127	765	  1	
366	136	765	  1	
366	168	765	  1	
366	363	765	  1	
367	223	765	  1	
367	232	765	  1	
367	239	765	  1	
367	271	765	  1	
367	383	765	  1	
367	479	765	  1	
367	511	765	  1	
367	576	765	  1	
368	 14	765	  1	
368	 87	765	  1	
368	110	765	  1	
368	144	765	  1	
368	208	765	  1	
368	248	765	  1	
368	255	765	  1	
368	348	765	  1	
368	354	765	  1	
368	406	765	  1	
368	445	765	  1	
369	104	765	  1	
369	328	765	  1	
369	400	765	  1	
370	 96	765	  1	
370	159	765	  1	
370	335	765	  1	
370	460	765	  1	
371	 39	765	  1	
371	352	765	  1	
372	 16	765	  1	
372	101	765	  1	
373	128	765	  1	
373	135	765	  1	
373	184	765	  1	
373	351	765	  1	
374	 48	765	  1	
374	148	765	  1	
374	290	765	  1	
374	332	765	  1	
375	 96	765	  1	
375	144	765	  1	
375	251	765	  1	
375	354	765	  1	
375	366	765	  1	
375	445	765	  1	
375	456	765	  1	
376	 35	765	  1	
376	 43	765	  1	
376	117	765	  1	
376	182	765	  1	
376	197	765	  1	
376	202	765	  1	
376	216	765	  1	
376	455	765	  1	
376	568	765	  1	
377	112	765	  1	
378	 96	765	  1	
379	159	765	  1	
379	448	765	  1	
380	314	765	  1	
381	  8	765	  1	
381	 31	765	  1	
381	106	765	  1	
381	148	765	  1	
381	162	765	  1	
381	176	765	  1	
381	258	765	  1	
381	263	765	  1	
381	360	765	  1	
382	 48	765	  1	
382	 55	765	  1	
382	 78	765	  1	
382	144	765	  1	
382	327	765	  1	
382	341	765	  1	
383	 32	765	  1	
383	 39	765	  1	
383	111	765	  1	
383	117	765	  1	
383	216	765	  1	
383	455	765	  1	
384	  3	765	  1	
384	 12	765	  1	
384	103	765	  1	
384	181	765	  1	
384	192	765	  1	
384	208	765	  1	
384	215	765	  1	
384	290	765	  1	
384	348	765	  1	
384	392	765	  1	
384	496	765	  1	
384	526	765	  1	
384	552	765	  1	
385	491	765	  1	
386	111	765	  1	
387	184	765	  1	
387	376	765	  1	
388	  8	765	  1	
389	120	765	  1	
389	415	765	  1	
389	507	765	  1	
390	 14	765	  1	
390	176	765	  1	
390	211	765	  1	
390	384	765	  1	
390	410	765	  1	
391	191	765	  1	
391	351	765	  1	
392	 32	765	  1	
392	 47	765	  1	
392	131	765	  1	
392	149	765	  1	
392	168	765	  1	
392	206	765	  1	
392	230	765	  1	
392	295	765	  1	
392	307	765	  1	
392	338	765	  1	
393	287	765	  1	
394	 42	765	  1	
394	223	765	  1	
394	320	765	  1	
394	334	765	  1	
394	491	765	  1	
394	496	765	  1	
395	 43	765	  1	
395	 88	765	  1	
395	112	765	  1	
395	200	765	  1	
395	472	765	  1	
396	128	765	  1	
397	 11	765	  1	
397	 32	765	  1	
397	 47	765	  1	
397	190	765	  1	
398	134	765	  1	
398	150	765	  1	
398	170	765	  1	
399	304	765	  1	
399	311	765	  1	
399	333	765	  1	
399	488	765	  1	
399	587	765	  1	
399	591	765	  1	
400	 19	765	  1	
400	 48	765	  1	
400	 55	765	  1	
400	119	765	  1	
400	152	765	  1	
400	159	765	  1	
400	245	765	  1	
400	255	765	  1	
400	345	765	  1	
400	351	765	  1	
400	390	765	  1	
400	472	765	  1	
401	378	765	  1	
401	383	765	  1	
402	280	765	  1	
402	359	765	  1	
403	 16	765	  1	
403	 23	765	  1	
403	 32	765	  1	
403	224	765	  1	
403	302	765	  1	
405	 24	765	  1	
405	118	765	  1	
405	336	765	  1	
405	355	765	  1	
406	184	765	  1	
406	231	765	  1	
406	268	765	  1	
406	296	765	  1	
407	 19	765	  1	
407	 48	765	  1	
407	128	765	  1	
407	391	765	  1	
408	  5	765	  1	
408	 13	765	  1	
408	117	765	  1	
408	120	765	  1	
408	156	765	  1	
408	216	765	  1	
408	223	765	  1	
408	320	765	  1	
408	331	765	  1	
408	343	765	  1	
408	359	765	  1	
408	453	765	  1	
410	 91	765	  1	
411	 64	765	  1	
411	112	765	  1	
411	204	765	  1	
411	278	765	  1	
413	  0	765	  1	
413	  8	765	  1	
413	184	765	  1	
414	130	765	  1	
414	202	765	  1	
414	559	765	  1	
415	135	765	  1	
415	219	765	  1	
415	328	765	  1	
415	335	765	  1	
415	488	765	  1	
416	 17	765	  1	
416	 37	765	  1	
416	 49	765	  1	
416	100	765	  1	
416	109	765	  1	
416	117	765	  1	
416	120	765	  1	
416	142	765	  1	
416	146	765	  1	
416	161	765	  1	
416	173	765	  1	
416	212	765	  1	
416	240	765	  1	
416	255	765	  1	
416	264	765	  1	
416	307	765	  1	
416	336	765	  1	
416	386	765	  1	
416	399	765	  1	
416	456	765	  1	
417	311	765	  1	
418	112	765	  1	
418	224	765	  1	
418	393	765	  1	
419	191	765	  1	
419	248	765	  1	
419	304	765	  1	
419	335	765	  1	
419	439	765	  1	
420	 35	765	  1	
420	132	765	  1	
420	179	765	  1	
421	151	765	  1	
421	270	765	  1	
422	 55	765	  1	
422	348	765	  1	
422	424	765	  1	
423	156	765	  1	
423	255	765	  1	
423	328	765	  1	
423	336	765	  1	
423	341	765	  1	
423	399	765	  1	
424	 72	765	  1	
424	 80	765	  1	
424	 84	765	  1	
424	 91	765	  1	
424	143	765	  1	
424	166	765	  1	
424	229	765	  1	
425	304	765	  1	
426	112	765	  1	
426	120	765	  1	
426	240	765	  1	
427	  8	765	  1	
427	224	765	  1	
427	280	765	  1	
428	187	765	  1	
429	 94	765	  1	
429	103	765	  1	
429	120	765	  1	
429	296	765	  1	
430	112	765	  1	
430	164	765	  1	
430	183	765	  1	
431	448	765	  1	
432	 74	765	  1	
432	105	765	  1	
432	120	765	  1	
432	136	765	  1	
432	152	765	  1	
432	156	765	  1	
432	173	765	  1	
432	259	765	  1	
432	264	765	  1	
433	  8	765	  1	
433	140	765	  1	
434	 16	765	  1	
434	164	765	  1	
436	136	765	  1	
436	264	765	  1	
437	 79	765	  1	
437	 88	765	  1	
437	184	765	  1	
439	 22	765	  1	
439	142	765	  1	
439	269	765	  1	
439	584	765	  1	
440	  0	765	  1	
440	 59	765	  1	
440	102	765	  1	
440	144	765	  1	
440	164	765	  1	
440	182	765	  1	
440	218	765	  1	
440	235	765	  1	
440	272	765	  1	
440	368	765	  1	
441	255	765	  1	
442	 96	765	  1	
442	156	765	  1	
443	104	765	  1	
443	111	765	  1	
443	178	765	  1	
443	186	765	  1	
443	268	765	  1	
443	360	765	  1	
444	432	765	  1	
445	 31	765	  1	
445	 80	765	  1	
445	215	765	  1	
445	267	765	  1	
446	 63	765	  1	
446	106	765	  1	
446	232	765	  1	
446	239	765	  1	
446	248	765	  1	
447	140	765	  1	
447	258	765	  1	
448	 11	765	  1	
448	 28	765	  1	
448	 69	765	  1	
448	109	765	  1	
448	123	765	  1	
448	128	765	  1	
448	136	765	  1	
448	168	765	  1	
448	174	765	  1	
448	192	765	  1	
448	218	765	  1	
448	222	765	  1	
448	280	765	  1	
448	530	765	  1	
450	375	765	  1	
451	 94	765	  1	
451	166	765	  1	
451	184	765	  1	
451	192	765	  1	
451	199	765	  1	
451	228	765	  1	
451	296	765	  1	
453	 63	765	  1	
453	168	765	  1	
453	175	765	  1	
453	235	765	  1	
454	 26	765	  1	
454	 41	765	  1	
455	 18	765	  1	
455	 47	765	  1	
455	216	765	  1	
455	443	765	  1	
455	487	765	  1	
456	 51	765	  1	
456	125	765	  1	
456	152	765	  1	
456	165	765	  1	
456	179	765	  1	
456	203	765	  1	
456	218	765	  1	
456	224	765	  1	
456	240	765	  1	
456	254	765	  1	
456	277	765	  1	
456	314	765	  1	
457	260	765	  1	
458	208	765	  1	
458	216	765	  1	
461	 86	765	  1	
461	120	765	  1	
461	199	765	  1	
461	295	765	  1	
463	 79	765	  1	
463	176	765	  1	
463	216	765	  1	
463	223	765	  1	
463	359	765	  1	
464	 18	765	  1	
464	 24	765	  1	
464	 32	765	  1	
464	 40	765	  1	
464	 54	765	  1	
464	 71	765	  1	
464	 74	765	  1	
464	 88	765	  1	
464	 96	765	  1	
464	106	765	  1	
464	171	765	  1	
464	192	765	  1	
464	215	765	  1	
465	 16	765	  1	
465	138	765	  1	
466	196	765	  1	
466	210	765	  1	
466	252	765	  1	
467	  0	765	  1	
467	 48	765	  1	
467	 64	765	  1	
467	209	765	  1	
467	216	765	  1	
468	229	765	  1	
469	200	765	  1	
469	215	765	  1	
470	 29	765	  1	
470	 74	765	  1	
471	 32	765	  1	
471	 71	765	  1	
471	 79	765	  1	
471	128	765	  1	
471	208	765	  1	
471	224	765	  1	
471	232	765	  1	
471	253	765	  1	
471	564	765	  1	
472	 10	765	  1	
472	 15	765	  1	
472	 67	765	  1	
472	 89	765	  1	
472	 97	765	  1	
472	155	765	  1	
472	163	765	  1	
472	168	765	  1	
472	176	765	  1	
472	195	765	  1	
472	296	765	  1	
472	351	765	  1	
472	353	765	  1	
472	359	765	  1	
474	  7	765	  1	
474	 21	765	  1	
475	 64	765	  1	
475	342	765	  1	
476	  0	765	  1	
476	 24	765	  1	
476	 89	765	  1	
476	101	765	  1	
477	132	765	  1	
477	208	765	  1	
478	 31	765	  1	
478	 70	765	  1	
478	175	765	  1	
478	180	765	  1	
478	296	765	  1	
478	336	765	  1	
478	386	765	  1	
479	  4	765	  1	
480	 45	765	  1	
480	 80	765	  1	
480	 89	765	  1	
480	157	765	  1	
480	168	765	  1	
480	216	765	  1	
480	220	765	  1	
480	320	765	  1	
482	 32	765	  1	
482	407	765	  1	
483	192	765	  1	
483	327	765	  1	
485	  0	765	  1	
485	  8	765	  1	
485	 56	765	  1	
485	120	765	  1	
485	141	765	  1	
485	150	765	  1	
485	174	765	  1	
485	240	765	  1	
486	117	765	  1	
487	 70	765	  1	
487	 80	765	  1	
487	320	765	  1	
488	 18	765	  1	
488	 40	765	  1	
488	 74	765	  1	
488	104	765	  1	
488	128	765	  1	
488	134	765	  1	
488	160	765	  1	
488	200	765	  1	
488	208	765	  1	
488	231	765	  1	
488	254	765	  1	
488	267	765	  1	
488	276	765	  1	
488	304	765	  1	
488	331	765	  1	
488	336	765	  1	
489	120	765	  1	
489	146	765	  1	
489	151	765	  1	
489	401	765	  1	
490	238	765	  1	
491	 52	765	  1	
491	207	765	  1	
491	224	765	  1	
491	342	765	  1	
493	 23	765	  1	
493	179	765	  1	
493	211	765	  1	
493	247	765	  1	
493	264	765	  1	
493	304	765	  1	
493	328	765	  1	
494	 47	765	  1	
494	136	765	  1	
494	232	765	  1	
494	279	765	  1	
495	160	765	  1	
495	200	765	  1	
496	 31	765	  1	
496	 40	765	  1	
496	 57	765	  1	
496	 68	765	  1	
496	102	765	  1	
496	111	765	  1	
496	120	765	  1	
496	168	765	  1	
496	237	765	  1	
496	248	765	  1	
496	254	765	  1	
496	317	765	  1	
496	325	765	  1	
496	356	765	  1	
496	384	765	  1	
496	464	765	  1	
497	376	765	  1	
498	312	765	  1	
499	 24	765	  1	
499	 46	765	  1	
499	 64	765	  1	
499	175	765	  1	
500	128	765	  1	
500	136	765	  1	
501	151	765	  1	
501	251	765	  1	
501	320	765	  1	
501	394	765	  1	
502	 40	765	  1	
502	 69	765	  1	
502	120	765	  1	
503	 31	765	  1	
503	160	765	  1	
503	304	765	  1	
503	562	765	  1	
504	  8	765	  1	
504	 16	765	  1	
504	 64	765	  1	
504	 93	765	  1	
504	101	765	  1	
504	109	765	  1	
504	144	765	  1	
504	184	765	  1	
504	191	765	  1	
504	245	765	  1	
504	261	765	  1	
504	336	765	  1	
505	152	765	  1	
505	239	765	  1	
507	 16	765	  1	
507	 72	765	  1	
507	 80	765	  1	
508	 23	765	  1	
509	 88	765	  1	
509	 96	765	  1	
509	347	765	  1	
510	 79	765	  1	
512	 16	765	  1	
512	128	765	  1	
512	137	765	  1	
512	183	765	  1	
512	212	765	  1	
512	217	765	  1	
512	237	765	  1	
512	264	765	  1	
512	318	765	  1	
512	355	765	  1	
512	363	765	  1	
512	392	765	  1	
512	551	765	  1	
514	 72	765	  1	
514	128	765	  1	
514	222	765	  1	
515	270	765	  1	
515	335	765	  1	
516	144	765	  1	
517	 14	765	  1	
517	 32	765	  1	
517	 64	765	  1	
517	211	765	  1	
517	355	765	  1	
518	 18	765	  1	
518	304	765	  1	
518	310	765	  1	
518	331	765	  1	
518	399	765	  1	
519	256	765	  1	
520	 82	765	  1	
520	110	765	  1	
520	124	765	  1	
520	147	765	  1	
520	180	765	  1	
520	208	765	  1	
520	219	765	  1	
520	225	765	  1	
520	239	765	  1	
520	290	765	  1	
520	336	765	  1	
520	340	765	  1	
520	439	765	  1	
523	 44	765	  1	
523	155	765	  1	
523	232	765	  1	
523	240	765	  1	
524	128	765	  1	
525	  0	765	  1	
525	 80	765	  1	
525	 87	765	  1	
525	104	765	  1	
525	192	765	  1	
525	260	765	  1	
526	 42	765	  1	
526	228	765	  1	
526	246	765	  1	
527	239	765	  1	
527	295	765	  1	
527	395	765	  1	
528	  8	765	  1	
528	 16	765	  1	
528	 50	765	  1	
528	 88	765	  1	
528	 96	765	  1	
528	143	765	  1	
528	213	765	  1	
528	248	765	  1	
528	251	765	  1	
528	311	765	  1	
528	336	765	  1	
528	343	765	  1	
528	358	765	  1	
528	439	765	  1	
528	499	765	  1	
530	 79	765	  1	
530	208	765	  1	
530	304	765	  1	
531	120	765	  1	
531	248	765	  1	
531	255	765	  1	
532	 99	765	  1	
533	192	765	  1	
533	199	765	  1	
533	243	765	  1	
533	432	765	  1	
534	235	765	  1	
534	356	765	  1	
535	 56	765	  1	
535	112	765	  1	
535	216	765	  1	
535	339	765	  1	
536	 27	765	  1	
536	 34	765	  1	
536	 72	765	  1	
536	146	765	  1	
536	168	765	  1	
536	179	765	  1	
536	186	765	  1	
536	196	765	  1	
536	232	765	  1	
536	238	765	  1	
539	 79	765	  1	
539	280	765	  1	
539	368	765	  1	
540	175	765	  1	
540	228	765	  1	
541	235	765	  1	
541	243	765	  1	
542	  8	765	  1	
542	 63	765	  1	
542	301	765	  1	
543	 24	765	  1	
543	 31	765	  1	
543	 72	765	  1	
543	286	765	  1	
544	 32	765	  1	
544	 81	765	  1	
544	 86	765	  1	
544	 93	765	  1	
544	112	765	  1	
544	120	765	  1	
544	127	765	  1	
544	149	765	  1	
544	200	765	  1	
544	240	765	  1	
544	294	765	  1	
544	443	765	  1	
546	  0	765	  1	
546	 88	765	  1	
546	102	765	  1	
546	312	765	  1	
547	255	765	  1	
548	186	765	  1	
549	134	765	  1	
549	223	765	  1	
549	338	765	  1	
550	 86	765	  1	
550	 94	765	  1	
550	232	765	  1	
551	  6	765	  1	
551	 81	765	  1	
551	208	765	  1	
551	295	765	  1	
552	 31	765	  1	
552	 56	765	  1	
552	 63	765	  1	
552	 66	765	  1	
552	 71	765	  1	
552	119	765	  1	
552	144	765	  1	
552	177	765	  1	
552	192	765	  1	
552	216	765	  1	
552	224	765	  1	
552	230	765	  1	
552	235	765	  1	
552	250	765	  1	
552	319	765	  1	
552	415	765	  1	
552	496	765	  1	
553	280	765	  1	
553	391	765	  1	
554	 88	765	  1	
554	102	765	  1	
554	128	765	  1	
554	199	765	  1	
555	  2	765	  1	
555	 79	765	  1	
555	143	765	  1	
555	291	765	  1	
555	408	765	  1	
556	176	765	  1	
556	319	765	  1	
557	227	765	  1	
558	 73	765	  1	
558	 94	765	  1	
558	134	765	  1	
558	192	765	  1	
558	248	765	  1	
558	352	765	  1	
558	359	765	  1	
559	180	765	  1	
559	328	765	  1	
559	384	765	  1	
559	415	765	  1	
560	 80	765	  1	
560	 87	765	  1	
560	104	765	  1	
560	127	765	  1	
560	189	765	  1	
560	222	765	  1	
560	242	765	  1	
560	270	765	  1	
560	278	765	  1	
560	296	765	  1	
560	316	765	  1	
565	200	765	  1	
565	219	765	  1	
565	264	765	  1	
566	328	765	  1	
567	 83	765	  1	
567	123	765	  1	
567	240	765	  1	
567	247	765	  1	
567	288	765	  1	
567	306	765	  1	
568	 88	765	  1	
568	184	765	  1	
568	231	765	  1	
569	192	765	  1	
569	251	765	  1	
570	 16	765	  1	
570	 61	765	  1	
572	440	765	  1	
572	447	765	  1	
573	 71	765	  1	
574	439	765	  1	
575	184	765	  1	
575	287	765	  1	
575	344	765	  1	
575	472	765	  1	
575	487	765	  1	
576	 24	765	  1	
576	 86	765	  1	
576	199	765	  1	
576	208	765	  1	
576	216	765	  1	
576	221	765	  1	
576	232	765	  1	
576	238	765	  1	
576	247	765	  1	
576	312	765	  1	
576	330	765	  1	
576	412	765	  1	
576	458	765	  1	
576	536	765	  1	
578	519	765	  1	
579	321	765	  1	
580	192	765	  1	
582	 99	765	  1	
582	264	765	  1	
582	315	765	  1	
582	408	765	  1	
582	509	765	  1	
583	 86	765	  1	
583	518	765	  1	
584	 72	765	  1	
584	 93	765	  1	
584	 96	765	  1	
584	102	765	  1	
584	176	765	  1	
584	183	765	  1	
584	220	765	  1	
584	235	765	  1	
584	247	765	  1	
584	443	765	  1	
586	111	765	  1	
586	175	765	  1	
588	168	765	  1	
588	280	765	  1	
588	460	765	  1	
589	223	765	  1	
589	244	765	  1	
590	 72	765	  1	
590	296	765	  1	
590	311	765	  1	
591	174	765	  1	
591	236	765	  1	
591	240	765	  1	
591	520	765	  1	
592	 91	765	  1	
592	183	765	  1	
592	195	765	  1	
592	205	765	  1	
592	215	765	  1	
592	277	765	  1	
592	320	765	  1	
593	335	765	  1	
593	344	765	  1	
594	 80	765	  1	
595	 92	765	  1	
595	176	765	  1	
595	208	765	  1	
595	304	765	  1	
595	327	765	  1	
596	 96	765	  1	
597	200	765	  1	
597	259	765	  1	
597	452	765	  1	
598	320	765	  1	
598	328	765	  1	
599	183	765	  1	
599	195	765	  1	
599	215	765	  1	
599	255	765	  1	
599	440	765	  1	
600	199	765	  1	
600	242	765	  1	
600	264	765	  1	
603	 64	765	  1	
603	215	765	  1	
603	270	765	  1	
603	512	765	  1	
604	104	765	  1	
607	279	765	  1	
607	288	765	  1	
607	344	765	  1	
607	351	765	  1	
608	215	765	  1	
608	256	765	  1	
608	298	765	  1	
608	303	765	  1	
608	319	765	  1	
608	325	765	  1	
610	216	765	  1	
610	279	765	  1	
610	320	765	  1	
611	  0	765	  1	
611	296	765	  1	
611	312	765	  1	
614	326	765	  1	
615	256	765	  1	
615	319	765	  1	
616	 96	765	  1	
616	248	765	  1	
616	312	765	  1	
616	344	765	  1	
619	 16	765	  1	
620	102	765	  1	
620	213	765	  1	
621	272	765	  1	
621	277	765	  1	
621	294	765	  1	
621	328	765	  1	
622	347	765	  1	
623	 69	765	  1	
623	206	765	  1	
624	  2	765	  1	
624	 95	765	  1	
624	214	765	  1	
624	232	765	  1	
626	452	765	  1	
631	120	765	  1	
631	239	765	  1	
632	135	765	  1	
632	204	765	  1	
632	315	765	  1	
632	344	765	  1	
632	384	765	  1	
634	 88	765	  1	
638	347	765	  1	
639	152	765	  1	
639	312	765	  1	
639	319	765	  1	
639	391	765	  1	
640	 88	765	  1	
640	104	765	  1	
640	199	765	  1	
640	229	765	  1	
640	271	765	  1	
640	326	765	  1	
641	296	765	  1	
643	376	765	  1	
643	412	765	  1	
644	238	765	  1	
645	320	765	  1	
648	340	765	  1	
648	375	765	  1	
649	368	765	  1	
651	 21	765	  1	
652	 16	765	  1	
652	336	765	  1	
653	380	765	  1	
654	263	765	  1	
655	192	765	  1	
656	337	765	  1	
658	271	765	  1	
664	171	765	  1	
664	419	765	  1	
667	272	765	  1	
668	 16	765	  1	
671	389	765	  1	
672	144	765	  1	
672	252	765	  1	
672	311	765	  1	
676	207	765	  1	
677	 15	765	  1	
679	129	765	  1	
679	262	765	  1	
680	127	765	  1	
680	152	765	  1	
680	159	765	  1	
680	237	765	  1	
680	520	765	  1	
687	 10	765	  1	
688	255	765	  1	
688	453	765	  1	
694	138	765	  1	
696	219	765	  1	
707	216	765	  1	
707	267	765	  1	
722	587	765	  1	
730	 25	765	  1	
733	 61	765	  1	
736	347	765	  1	
760	 67	765	  1	
762	545	765	  1	
792	504	765	  1	
