# 
#  Image file: Goad1_T0145.jpg
#  Applied threshold: 575
#  Algorithm used: fill2                 
#  Particle count: 1845
#  Location (x,y), max luminance, and mass:
# 
  0	302	765	  1	
  7	 95	765	  1	
  7	415	765	  1	
  8	128	765	  1	
 15	392	765	  1	
 15	439	765	  1	
 15	519	765	  1	
 24	229	765	  1	
 34	230	765	  1	
 35	228	765	  1	
 39	279	765	  1	
 39	414	765	  1	
 40	272	765	  1	
 42	448	765	  1	
 46	279	765	  1	
 47	254	765	  1	
 47	327	765	  1	
 50	134	765	  1	
 54	111	765	  1	
 55	207	765	  1	
 56	104	765	  1	
 58	280	765	  1	
 71	107	765	  1	
 71	296	765	  1	
 72	 56	765	  1	
 74	555	765	  1	
 80	223	765	  1	
 85	143	765	  1	
 86	131	765	  1	
 86	147	765	  1	
 87	 61	765	  1	
 87	216	765	  1	
 87	224	765	  1	
 88	168	765	  1	
 91	188	765	  1	
 91	447	765	  1	
 93	 95	765	  1	
 95	 28	765	  1	
 96	150	765	  1	
 98	528	765	  1	
 99	359	765	  1	
 99	490	765	  1	
101	103	765	  1	
102	 78	765	  1	
102	308	765	  1	
103	144	765	  1	
104	280	765	  1	
104	501	765	  1	
109	296	765	  1	
110	555	765	  1	
111	115	765	  1	
111	144	765	  1	
111	158	765	  1	
111	352	765	  1	
111	359	765	  1	
112	107	765	  1	
112	239	765	  1	
114	 87	765	  1	
119	 80	765	  1	
119	104	765	  1	
119	111	765	  1	
119	157	765	  1	
120	 51	765	  1	
120	213	765	  1	
120	255	765	  1	
122	  6	765	  1	
124	  0	765	  1	
126	144	765	  1	
126	423	765	  1	
127	384	765	  1	
127	487	765	  1	
128	 87	765	  1	
128	104	765	  1	
128	110	765	  1	
128	238	765	  1	
128	248	765	  1	
128	295	765	  1	
128	344	765	  1	
130	196	765	  1	
131	255	765	  1	
132	207	765	  1	
134	192	765	  1	
134	239	765	  1	
134	344	765	  1	
135	 87	765	  1	
135	160	765	  1	
135	248	765	  1	
136	110	765	  1	
136	194	765	  1	
136	214	765	  1	
136	295	765	  1	
136	297	765	  1	
136	310	765	  1	
136	343	765	  1	
136	416	765	  1	
138	208	765	  1	
139	104	765	  1	
139	224	765	  1	
139	422	765	  1	
140	  7	765	  1	
140	171	765	  1	
141	200	765	  1	
141	233	765	  1	
141	239	765	  1	
141	300	765	  1	
142	184	765	  1	
142	215	765	  1	
142	308	765	  1	
143	  0	765	  1	
143	336	765	  1	
143	416	765	  1	
144	 70	765	  1	
144	175	765	  1	
144	191	765	  1	
144	208	765	  1	
144	303	765	  1	
144	576	765	  1	
147	303	765	  1	
150	223	765	  1	
151	 48	765	  1	
151	175	765	  1	
151	236	765	  1	
151	256	765	  1	
151	300	765	  1	
152	 79	765	  1	
152	119	765	  1	
152	135	765	  1	
152	160	765	  1	
152	213	765	  1	
152	222	765	  1	
152	224	765	  1	
152	232	765	  1	
152	242	765	  1	
152	247	765	  1	
152	287	765	  1	
152	304	765	  1	
152	312	765	  1	
152	317	765	  1	
153	393	765	  1	
155	112	765	  1	
155	239	765	  1	
156	132	765	  1	
157	200	765	  1	
157	226	765	  1	
158	242	765	  1	
158	287	765	  1	
158	564	765	  1	
159	  8	765	  1	
159	119	765	  1	
159	165	765	  1	
159	232	765	  1	
159	247	765	  1	
160	 85	765	  1	
160	120	765	  1	
160	127	765	  1	
160	151	765	  1	
160	179	765	  1	
160	231	765	  1	
160	283	765	  1	
160	295	765	  1	
160	334	765	  1	
160	351	765	  1	
160	408	765	  1	
161	 88	765	  1	
161	346	765	  1	
162	313	765	  1	
163	152	765	  1	
163	159	765	  1	
163	264	765	  1	
163	340	765	  1	
167	 23	765	  1	
167	123	765	  1	
167	144	765	  1	
167	176	765	  1	
167	183	765	  1	
167	280	765	  1	
167	287	765	  1	
168	 64	765	  1	
168	 88	765	  1	
168	 95	765	  1	
168	126	765	  1	
168	242	765	  1	
168	247	765	  1	
170	 71	765	  1	
171	 87	765	  1	
171	114	765	  1	
171	124	765	  1	
172	 91	765	  1	
174	 64	765	  1	
174	224	765	  1	
174	295	765	  1	
175	208	765	  1	
175	490	765	  1	
175	576	765	  1	
175	590	765	  1	
176	 38	765	  1	
176	 56	765	  1	
176	 88	765	  1	
176	 93	765	  1	
176	240	765	  1	
176	275	765	  1	
176	367	765	  1	
176	430	765	  1	
179	112	765	  1	
179	122	765	  1	
179	360	765	  1	
180	 63	765	  1	
181	231	765	  1	
181	242	765	  1	
182	136	765	  1	
182	276	765	  1	
183	194	765	  1	
183	367	765	  1	
183	407	765	  1	
183	431	765	  1	
184	 74	765	  1	
184	 83	765	  1	
184	102	765	  1	
184	249	765	  1	
184	254	765	  1	
186	 96	765	  1	
186	127	765	  1	
186	375	765	  1	
186	587	765	  1	
188	 94	765	  1	
190	294	765	  1	
191	100	765	  1	
191	120	765	  1	
191	198	765	  1	
191	255	765	  1	
191	339	765	  1	
191	375	765	  1	
191	400	765	  1	
191	432	765	  1	
191	459	765	  1	
192	104	765	  1	
192	110	765	  1	
192	176	765	  1	
192	223	765	  1	
192	234	765	  1	
192	240	765	  1	
192	263	765	  1	
192	335	765	  1	
192	344	765	  1	
192	351	765	  1	
192	371	765	  1	
194	312	765	  1	
195	 75	765	  1	
195	133	765	  1	
195	168	765	  1	
195	328	765	  1	
196	406	765	  1	
197	221	765	  1	
197	230	765	  1	
197	352	765	  1	
198	343	765	  1	
198	400	765	  1	
198	479	765	  1	
199	 96	765	  1	
199	128	765	  1	
199	316	765	  1	
199	335	765	  1	
199	347	765	  1	
200	104	765	  1	
200	112	765	  1	
200	123	765	  1	
200	133	765	  1	
200	138	765	  1	
200	145	765	  1	
200	153	765	  1	
200	168	765	  1	
200	175	765	  1	
200	288	765	  1	
202	117	765	  1	
203	370	765	  1	
204	381	765	  1	
205	120	765	  1	
205	352	765	  1	
206	 75	765	  1	
207	112	765	  1	
207	140	765	  1	
207	160	765	  1	
207	252	765	  1	
208	 55	765	  1	
208	 61	765	  1	
208	 80	765	  1	
208	 88	765	  1	
208	 95	765	  1	
208	104	765	  1	
208	111	765	  1	
208	115	765	  1	
208	183	765	  1	
208	213	765	  1	
208	260	765	  1	
208	334	765	  1	
208	395	765	  1	
208	530	765	  1	
210	133	765	  1	
210	280	765	  1	
210	328	765	  1	
211	 87	765	  1	
211	128	765	  1	
211	136	765	  1	
211	249	765	  1	
212	296	765	  1	
213	347	765	  1	
214	 67	765	  1	
214	125	765	  1	
215	 80	765	  1	
215	 91	765	  1	
215	107	765	  1	
215	120	765	  1	
215	367	765	  1	
215	386	765	  1	
215	395	765	  1	
215	518	765	  1	
216	 64	765	  1	
216	 72	765	  1	
216	 86	765	  1	
216	104	765	  1	
216	154	765	  1	
216	168	765	  1	
216	175	765	  1	
216	189	765	  1	
216	222	765	  1	
216	237	765	  1	
216	272	765	  1	
216	344	765	  1	
216	359	765	  1	
216	362	765	  1	
216	392	765	  1	
216	578	765	  1	
218	 47	765	  1	
218	 71	765	  1	
218	216	765	  1	
218	251	765	  1	
219	111	765	  1	
219	397	765	  1	
221	160	765	  1	
221	184	765	  1	
221	547	765	  1	
222	 64	765	  1	
222	272	765	  1	
222	371	765	  1	
223	 75	765	  1	
223	104	765	  1	
223	128	765	  1	
223	135	765	  1	
223	350	765	  1	
223	378	765	  1	
223	464	765	  1	
224	 12	765	  1	
224	 42	765	  1	
224	115	765	  1	
224	138	765	  1	
224	255	765	  1	
224	413	765	  1	
224	536	765	  1	
224	567	765	  1	
225	156	765	  1	
225	224	765	  1	
226	542	765	  1	
227	  8	765	  1	
227	 24	765	  1	
227	187	765	  1	
227	200	765	  1	
227	248	765	  1	
227	560	765	  1	
228	231	765	  1	
229	122	765	  1	
229	127	765	  1	
229	136	765	  1	
229	143	765	  1	
229	176	765	  1	
229	414	765	  1	
229	536	765	  1	
230	152	765	  1	
230	315	765	  1	
231	112	765	  1	
231	255	765	  1	
231	307	765	  1	
231	542	765	  1	
231	567	765	  1	
232	 66	765	  1	
232	 71	765	  1	
232	 81	765	  1	
232	 88	765	  1	
232	139	765	  1	
232	154	765	  1	
232	183	765	  1	
232	359	765	  1	
232	384	765	  1	
232	399	765	  1	
234	 94	765	  1	
234	208	765	  1	
234	214	765	  1	
235	  0	765	  1	
235	108	765	  1	
235	160	765	  1	
235	336	765	  1	
236	 80	765	  1	
237	351	765	  1	
238	 19	765	  1	
238	 87	765	  1	
238	130	765	  1	
238	152	765	  1	
238	176	765	  1	
238	211	765	  1	
238	576	765	  1	
239	395	765	  1	
240	  5	765	  1	
240	 54	765	  1	
240	104	765	  1	
240	109	765	  1	
240	165	765	  1	
240	244	765	  1	
240	250	765	  1	
240	254	765	  1	
240	261	765	  1	
240	296	765	  1	
240	328	765	  1	
240	364	765	  1	
240	373	765	  1	
240	416	765	  1	
240	432	765	  1	
240	443	765	  1	
240	456	765	  1	
241	  0	765	  1	
241	 23	765	  1	
241	307	765	  1	
243	107	765	  1	
243	112	765	  1	
243	263	765	  1	
243	431	765	  1	
244	  6	765	  1	
244	 63	765	  1	
244	416	765	  1	
245	 94	765	  1	
245	372	765	  1	
246	 80	765	  1	
246	424	765	  1	
247	  0	765	  1	
247	 27	765	  1	
247	263	765	  1	
247	296	765	  1	
247	335	765	  1	
247	539	765	  1	
248	 38	765	  1	
248	104	765	  1	
248	115	765	  1	
248	144	765	  1	
248	149	765	  1	
248	205	765	  1	
248	218	765	  1	
248	255	765	  1	
248	288	765	  1	
248	295	765	  1	
248	360	765	  1	
248	408	765	  1	
248	576	765	  1	
250	 88	765	  1	
250	195	765	  1	
251	 23	765	  1	
251	243	765	  1	
251	367	765	  1	
251	392	765	  1	
251	415	765	  1	
252	125	765	  1	
252	144	765	  1	
253	212	765	  1	
253	248	765	  1	
253	375	765	  1	
254	  7	765	  1	
254	 45	765	  1	
254	254	765	  1	
254	340	765	  1	
255	 15	765	  1	
255	291	765	  1	
255	360	765	  1	
255	408	765	  1	
256	 32	765	  1	
256	 39	765	  1	
256	 64	765	  1	
256	 74	765	  1	
256	173	765	  1	
256	195	765	  1	
256	248	765	  1	
256	299	765	  1	
256	344	765	  1	
256	352	765	  1	
256	390	765	  1	
256	399	765	  1	
256	403	765	  1	
256	424	765	  1	
256	431	765	  1	
257	183	765	  1	
257	279	765	  1	
258	168	765	  1	
259	 79	765	  1	
259	255	765	  1	
259	309	765	  1	
259	392	765	  1	
260	272	765	  1	
261	 48	765	  1	
261	 64	765	  1	
261	 87	765	  1	
261	222	765	  1	
261	296	765	  1	
262	 74	765	  1	
262	174	765	  1	
263	  8	765	  1	
263	104	765	  1	
263	248	765	  1	
263	344	765	  1	
263	399	765	  1	
263	427	765	  1	
264	 35	765	  1	
264	 43	765	  1	
264	114	765	  1	
264	125	765	  1	
264	152	765	  1	
264	205	765	  1	
264	216	765	  1	
264	259	765	  1	
264	271	765	  1	
264	304	765	  1	
264	420	765	  1	
265	 72	765	  1	
265	240	765	  1	
266	267	765	  1	
266	408	765	  1	
267	487	765	  1	
267	519	765	  1	
269	336	765	  1	
269	343	765	  1	
269	423	765	  1	
269	488	765	  1	
270	523	765	  1	
271	 32	765	  1	
271	 39	765	  1	
271	 64	765	  1	
271	223	765	  1	
271	495	765	  1	
271	530	765	  1	
272	 17	765	  1	
272	 69	765	  1	
272	111	765	  1	
272	144	765	  1	
272	157	765	  1	
272	226	765	  1	
272	244	765	  1	
272	303	765	  1	
272	402	765	  1	
272	412	765	  1	
272	424	765	  1	
272	431	765	  1	
272	526	765	  1	
272	552	765	  1	
274	 14	765	  1	
274	256	765	  1	
275	104	765	  1	
275	375	765	  1	
275	427	765	  1	
276	267	765	  1	
276	298	765	  1	
277	 46	765	  1	
277	 67	765	  1	
277	152	765	  1	
277	288	765	  1	
278	 16	765	  1	
278	 23	765	  1	
278	413	765	  1	
279	  8	765	  1	
279	488	765	  1	
280	 27	765	  1	
280	 40	765	  1	
280	 48	765	  1	
280	 91	765	  1	
280	122	765	  1	
280	136	765	  1	
280	140	765	  1	
280	147	765	  1	
280	155	765	  1	
280	165	765	  1	
280	192	765	  1	
280	217	765	  1	
280	244	765	  1	
280	256	765	  1	
280	376	765	  1	
280	399	765	  1	
280	422	765	  1	
280	459	765	  1	
280	496	765	  1	
280	562	765	  1	
282	 96	765	  1	
283	 24	765	  1	
284	123	765	  1	
284	410	765	  1	
285	406	765	  1	
285	409	765	  1	
285	447	765	  1	
286	256	765	  1	
286	420	765	  1	
286	503	765	  1	
287	 21	765	  1	
287	 69	765	  1	
287	 98	765	  1	
287	144	765	  1	
287	151	765	  1	
287	184	765	  1	
288	 16	765	  1	
288	 28	765	  1	
288	 37	765	  1	
288	 48	765	  1	
288	 79	765	  1	
288	109	765	  1	
288	114	765	  1	
288	146	765	  1	
288	163	765	  1	
288	173	765	  1	
288	224	765	  1	
288	295	765	  1	
288	314	765	  1	
288	319	765	  1	
288	322	765	  1	
288	327	765	  1	
288	336	765	  1	
288	392	765	  1	
288	399	765	  1	
288	455	765	  1	
288	565	765	  1	
290	343	765	  1	
290	359	765	  1	
291	182	765	  1	
291	395	765	  1	
292	327	765	  1	
293	 71	765	  1	
293	158	765	  1	
293	168	765	  1	
293	206	765	  1	
293	216	765	  1	
293	223	765	  1	
294	  8	765	  1	
294	423	765	  1	
294	560	765	  1	
295	 37	765	  1	
295	 55	765	  1	
295	102	765	  1	
295	119	765	  1	
295	149	765	  1	
295	192	765	  1	
295	199	765	  1	
295	291	765	  1	
295	321	765	  1	
295	392	765	  1	
295	399	765	  1	
296	 16	765	  1	
296	 80	765	  1	
296	 87	765	  1	
296	 99	765	  1	
296	138	765	  1	
296	212	765	  1	
296	224	765	  1	
296	232	765	  1	
296	301	765	  1	
296	308	765	  1	
296	468	765	  1	
296	584	765	  1	
297	219	765	  1	
298	239	765	  1	
298	252	765	  1	
298	297	765	  1	
298	590	765	  1	
299	190	765	  1	
299	200	765	  1	
299	415	765	  1	
300	333	765	  1	
301	232	765	  1	
301	328	765	  1	
301	479	765	  1	
302	 23	765	  1	
302	208	765	  1	
302	302	765	  1	
303	 83	765	  1	
303	 96	765	  1	
303	214	765	  1	
303	223	765	  1	
304	  0	765	  1	
304	 35	765	  1	
304	 59	765	  1	
304	 64	765	  1	
304	152	765	  1	
304	167	765	  1	
304	199	765	  1	
304	351	765	  1	
304	373	765	  1	
304	384	765	  1	
305	304	765	  1	
306	 70	765	  1	
306	 95	765	  1	
306	161	765	  1	
306	194	765	  1	
306	455	765	  1	
306	533	765	  1	
307	  7	765	  1	
307	208	765	  1	
307	312	765	  1	
307	416	765	  1	
309	168	765	  1	
309	190	765	  1	
309	424	765	  1	
309	591	765	  1	
310	 64	765	  1	
310	199	765	  1	
310	256	765	  1	
310	365	765	  1	
311	  0	765	  1	
311	 19	765	  1	
311	 56	765	  1	
311	344	765	  1	
312	  2	765	  1	
312	 50	765	  1	
312	 72	765	  1	
312	 78	765	  1	
312	 88	765	  1	
312	111	765	  1	
312	187	765	  1	
312	240	765	  1	
312	288	765	  1	
312	309	765	  1	
312	333	765	  1	
312	337	765	  1	
312	464	765	  1	
313	152	765	  1	
313	476	765	  1	
314	144	765	  1	
314	320	765	  1	
314	343	765	  1	
315	295	765	  1	
316	  0	765	  1	
316	304	765	  1	
316	336	765	  1	
317	 75	765	  1	
317	 91	765	  1	
317	128	765	  1	
317	200	765	  1	
318	 13	765	  1	
319	146	765	  1	
319	150	765	  1	
319	184	765	  1	
319	191	765	  1	
319	216	765	  1	
319	288	765	  1	
320	  0	765	  1	
320	 69	765	  1	
320	160	765	  1	
320	179	765	  1	
320	269	765	  1	
320	296	765	  1	
322	 64	765	  1	
322	102	765	  1	
322	166	765	  1	
323	264	765	  1	
323	334	765	  1	
324	  6	765	  1	
324	 51	765	  1	
324	408	765	  1	
325	152	765	  1	
326	 48	765	  1	
326	 55	765	  1	
326	 70	765	  1	
326	 96	765	  1	
326	160	765	  1	
326	459	765	  1	
327	179	765	  1	
327	304	765	  1	
328	 83	765	  1	
328	 90	765	  1	
328	117	765	  1	
328	232	765	  1	
328	238	765	  1	
328	300	765	  1	
328	351	765	  1	
328	372	765	  1	
328	379	765	  1	
328	408	765	  1	
328	566	765	  1	
329	560	765	  1	
330	112	765	  1	
330	227	765	  1	
330	592	765	  1	
331	  0	765	  1	
331	136	765	  1	
331	184	765	  1	
331	368	765	  1	
332	108	765	  1	
332	298	765	  1	
333	284	765	  1	
333	323	765	  1	
334	 87	765	  1	
335	238	765	  1	
335	295	765	  1	
335	488	765	  1	
336	  0	765	  1	
336	  6	765	  1	
336	 19	765	  1	
336	 39	765	  1	
336	 61	765	  1	
336	 72	765	  1	
336	125	765	  1	
336	142	765	  1	
336	150	765	  1	
336	208	765	  1	
336	215	765	  1	
336	366	765	  1	
336	507	765	  1	
338	 32	765	  1	
338	235	765	  1	
338	360	765	  1	
339	 80	765	  1	
339	175	765	  1	
339	391	765	  1	
341	  3	765	  1	
341	 56	765	  1	
341	146	765	  1	
341	191	765	  1	
342	104	765	  1	
342	448	765	  1	
343	136	765	  1	
343	143	765	  1	
343	211	765	  1	
343	504	765	  1	
343	511	765	  1	
343	531	765	  1	
344	 44	765	  1	
344	 67	765	  1	
344	 82	765	  1	
344	 87	765	  1	
344	245	765	  1	
344	312	765	  1	
344	333	765	  1	
344	364	765	  1	
344	368	765	  1	
344	400	765	  1	
344	408	765	  1	
344	560	765	  1	
345	  7	765	  1	
346	220	765	  1	
346	224	765	  1	
347	176	765	  1	
347	319	765	  1	
348	 12	765	  1	
348	328	765	  1	
348	496	765	  1	
349	 71	765	  1	
349	 96	765	  1	
349	110	765	  1	
349	230	765	  1	
349	240	765	  1	
349	376	765	  1	
349	432	765	  1	
349	439	765	  1	
350	459	765	  1	
351	 64	765	  1	
351	312	765	  1	
351	367	765	  1	
351	407	765	  1	
351	479	765	  1	
352	 19	765	  1	
352	116	765	  1	
352	124	765	  1	
352	192	765	  1	
352	248	765	  1	
352	255	765	  1	
352	279	765	  1	
352	300	765	  1	
352	320	765	  1	
352	456	765	  1	
352	480	765	  1	
354	138	765	  1	
354	231	765	  1	
354	384	765	  1	
355	 80	765	  1	
355	135	765	  1	
355	143	765	  1	
355	176	765	  1	
355	287	765	  1	
355	327	765	  1	
355	368	765	  1	
355	375	765	  1	
355	422	765	  1	
355	446	765	  1	
356	 18	765	  1	
356	256	765	  1	
356	288	765	  1	
357	  0	765	  1	
358	 72	765	  1	
358	175	765	  1	
358	320	765	  1	
358	456	765	  1	
358	480	765	  1	
359	128	765	  1	
359	223	765	  1	
360	 71	765	  1	
360	112	765	  1	
360	118	765	  1	
360	143	765	  1	
360	152	765	  1	
360	162	765	  1	
360	171	765	  1	
360	186	765	  1	
360	235	765	  1	
360	269	765	  1	
360	300	765	  1	
360	352	765	  1	
360	359	765	  1	
360	368	765	  1	
360	375	765	  1	
360	449	765	  1	
361	431	765	  1	
363	 96	765	  1	
363	209	765	  1	
363	230	765	  1	
363	293	765	  1	
364	290	765	  1	
364	415	765	  1	
365	  7	765	  1	
365	170	765	  1	
365	175	765	  1	
365	404	765	  1	
365	435	765	  1	
366	 66	765	  1	
366	355	765	  1	
367	 31	765	  1	
367	103	765	  1	
367	256	765	  1	
367	271	765	  1	
367	302	765	  1	
367	371	765	  1	
367	395	765	  1	
368	 32	765	  1	
368	 58	765	  1	
368	 63	765	  1	
368	102	765	  1	
368	114	765	  1	
368	119	765	  1	
368	145	765	  1	
368	156	765	  1	
368	263	765	  1	
368	334	765	  1	
368	467	765	  1	
369	157	765	  1	
370	302	765	  1	
370	328	765	  1	
370	376	765	  1	
371	 39	765	  1	
371	335	765	  1	
372	198	765	  1	
372	258	765	  1	
373	 88	765	  1	
373	150	765	  1	
373	264	765	  1	
374	 43	765	  1	
374	 48	765	  1	
374	192	765	  1	
375	 32	765	  1	
375	128	765	  1	
375	145	765	  1	
375	296	765	  1	
375	301	765	  1	
375	328	765	  1	
376	 26	765	  1	
376	 30	765	  1	
376	106	765	  1	
376	111	765	  1	
376	122	765	  1	
376	160	765	  1	
376	176	765	  1	
376	184	765	  1	
376	191	765	  1	
376	359	765	  1	
376	384	765	  1	
378	144	765	  1	
378	182	765	  1	
379	376	765	  1	
380	176	765	  1	
381	  4	765	  1	
381	262	765	  1	
381	337	765	  1	
381	343	765	  1	
381	352	765	  1	
381	439	765	  1	
381	474	765	  1	
382	 37	765	  1	
382	107	765	  1	
382	309	765	  1	
382	359	765	  1	
383	 96	765	  1	
383	111	765	  1	
383	154	765	  1	
383	183	765	  1	
383	187	765	  1	
383	328	765	  1	
384	 15	765	  1	
384	 22	765	  1	
384	 48	765	  1	
384	 71	765	  1	
384	 79	765	  1	
384	 82	765	  1	
384	165	765	  1	
384	176	765	  1	
384	192	765	  1	
384	204	765	  1	
384	247	765	  1	
384	274	765	  1	
384	286	765	  1	
384	350	765	  1	
384	416	765	  1	
384	501	765	  1	
386	 63	765	  1	
386	168	765	  1	
386	183	765	  1	
386	495	765	  1	
387	 96	765	  1	
387	104	765	  1	
387	288	765	  1	
387	368	765	  1	
387	453	765	  1	
388	192	765	  1	
388	207	765	  1	
389	  8	765	  1	
389	136	765	  1	
389	344	765	  1	
389	491	765	  1	
390	 12	765	  1	
390	 55	765	  1	
391	157	765	  1	
391	206	765	  1	
391	240	765	  1	
391	308	765	  1	
391	358	765	  1	
391	374	765	  1	
392	 93	765	  1	
392	109	765	  1	
392	114	765	  1	
392	176	765	  1	
392	221	765	  1	
392	224	765	  1	
392	280	765	  1	
392	283	765	  1	
392	350	765	  1	
392	354	765	  1	
393	 76	765	  1	
394	 19	765	  1	
394	327	765	  1	
394	550	765	  1	
395	 27	765	  1	
395	190	765	  1	
395	503	765	  1	
396	170	765	  1	
396	200	765	  1	
398	 13	765	  1	
398	205	765	  1	
398	434	765	  1	
399	  8	765	  1	
399	 78	765	  1	
399	229	765	  1	
399	332	765	  1	
400	 19	765	  1	
400	 48	765	  1	
400	 88	765	  1	
400	125	765	  1	
400	129	765	  1	
400	154	765	  1	
400	195	765	  1	
400	232	765	  1	
400	248	765	  1	
400	256	765	  1	
400	287	765	  1	
400	346	765	  1	
400	580	765	  1	
401	 13	765	  1	
402	 94	765	  1	
402	351	765	  1	
402	471	765	  1	
403	112	765	  1	
403	270	765	  1	
404	495	765	  1	
405	  0	765	  1	
406	 88	765	  1	
406	160	765	  1	
406	465	765	  1	
407	 11	765	  1	
407	 23	765	  1	
407	192	765	  1	
407	199	765	  1	
407	224	765	  1	
407	232	765	  1	
407	592	765	  1	
408	 24	765	  1	
408	 76	765	  1	
408	 85	765	  1	
408	109	765	  1	
408	117	765	  1	
408	168	765	  1	
408	184	765	  1	
408	239	765	  1	
408	246	765	  1	
408	256	765	  1	
408	336	765	  1	
408	340	765	  1	
408	431	765	  1	
408	528	765	  1	
410	534	765	  1	
411	 88	765	  1	
411	211	765	  1	
413	 80	765	  1	
413	174	765	  1	
414	348	765	  1	
414	354	765	  1	
414	436	765	  1	
415	127	765	  1	
415	235	765	  1	
415	246	765	  1	
415	323	765	  1	
416	  0	765	  1	
416	 15	765	  1	
416	 40	765	  1	
416	 51	765	  1	
416	 98	765	  1	
416	113	765	  1	
416	125	765	  1	
416	133	765	  1	
416	167	765	  1	
416	254	765	  1	
416	504	765	  1	
419	 47	765	  1	
419	 68	765	  1	
419	104	765	  1	
419	142	765	  1	
419	160	765	  1	
419	222	765	  1	
420	 32	765	  1	
420	120	765	  1	
420	236	765	  1	
420	248	765	  1	
420	431	765	  1	
421	  0	765	  1	
421	 54	765	  1	
421	303	765	  1	
422	113	765	  1	
422	311	765	  1	
423	 15	765	  1	
423	 40	765	  1	
423	167	765	  1	
423	336	765	  1	
423	346	765	  1	
424	 16	765	  1	
424	 24	765	  1	
424	 56	765	  1	
424	 72	765	  1	
424	 83	765	  1	
424	112	765	  1	
424	144	765	  1	
424	160	765	  1	
424	237	765	  1	
424	250	765	  1	
424	270	765	  1	
424	275	765	  1	
424	488	765	  1	
424	560	765	  1	
425	297	765	  1	
426	  7	765	  1	
426	115	765	  1	
426	124	765	  1	
426	264	765	  1	
427	 48	765	  1	
427	223	765	  1	
427	319	765	  1	
427	391	765	  1	
428	  0	765	  1	
428	 29	765	  1	
429	136	765	  1	
429	143	765	  1	
429	179	765	  1	
430	 23	765	  1	
430	133	765	  1	
430	232	765	  1	
430	252	765	  1	
430	267	765	  1	
431	 72	765	  1	
431	120	765	  1	
431	246	765	  1	
431	308	765	  1	
432	 48	765	  1	
432	 68	765	  1	
432	 84	765	  1	
432	 93	765	  1	
432	134	765	  1	
432	138	765	  1	
432	156	765	  1	
432	176	765	  1	
432	189	765	  1	
432	200	765	  1	
432	253	765	  1	
432	312	765	  1	
432	316	765	  1	
432	323	765	  1	
434	 53	765	  1	
434	 96	765	  1	
434	266	765	  1	
434	376	765	  1	
435	206	765	  1	
435	216	765	  1	
437	 31	765	  1	
437	174	765	  1	
437	262	765	  1	
438	 94	765	  1	
438	178	765	  1	
438	183	765	  1	
438	271	765	  1	
438	327	765	  1	
439	 65	765	  1	
439	 71	765	  1	
439	103	765	  1	
439	152	765	  1	
440	  5	765	  1	
440	 19	765	  1	
440	 32	765	  1	
440	 98	765	  1	
440	176	765	  1	
440	200	765	  1	
440	207	765	  1	
440	219	765	  1	
440	256	765	  1	
440	268	765	  1	
440	292	765	  1	
440	417	765	  1	
443	 80	765	  1	
443	111	765	  1	
443	181	765	  1	
444	141	765	  1	
445	  0	765	  1	
445	 13	765	  1	
445	 31	765	  1	
445	295	765	  1	
446	  8	765	  1	
446	112	765	  1	
446	157	765	  1	
446	268	765	  1	
447	203	765	  1	
447	216	765	  1	
447	223	765	  1	
448	 32	765	  1	
448	 43	765	  1	
448	 74	765	  1	
448	 83	765	  1	
448	136	765	  1	
448	174	765	  1	
448	208	765	  1	
448	212	765	  1	
448	248	765	  1	
450	220	765	  1	
451	 20	765	  1	
451	 31	765	  1	
451	 64	765	  1	
451	144	765	  1	
451	151	765	  1	
451	197	765	  1	
451	307	765	  1	
453	 32	765	  1	
453	 72	765	  1	
453	159	765	  1	
453	170	765	  1	
454	  8	765	  1	
454	 48	765	  1	
454	 55	765	  1	
454	130	765	  1	
454	146	765	  1	
454	223	765	  1	
455	 45	765	  1	
455	200	765	  1	
455	207	765	  1	
455	335	765	  1	
456	  7	765	  1	
456	112	765	  1	
456	123	765	  1	
456	128	765	  1	
456	203	765	  1	
456	209	765	  1	
456	220	765	  1	
456	256	765	  1	
456	322	765	  1	
457	 32	765	  1	
457	152	765	  1	
458	  0	765	  1	
458	 23	765	  1	
458	 40	765	  1	
460	 14	765	  1	
460	192	765	  1	
460	210	765	  1	
460	219	765	  1	
461	 16	765	  1	
461	 31	765	  1	
461	 46	765	  1	
461	141	765	  1	
462	132	765	  1	
462	198	765	  1	
463	112	765	  1	
463	127	765	  1	
463	215	765	  1	
464	 17	765	  1	
464	 48	765	  1	
464	 68	765	  1	
464	 88	765	  1	
464	104	765	  1	
464	149	765	  1	
464	171	765	  1	
464	192	765	  1	
464	210	765	  1	
464	216	765	  1	
464	230	765	  1	
464	280	765	  1	
464	286	765	  1	
465	  0	765	  1	
466	 13	765	  1	
466	 45	765	  1	
466	144	765	  1	
466	224	765	  1	
467	 39	765	  1	
467	 95	765	  1	
468	 27	765	  1	
468	 66	765	  1	
469	 72	765	  1	
469	109	765	  1	
469	112	765	  1	
469	135	765	  1	
469	230	765	  1	
469	288	765	  1	
470	 88	765	  1	
470	150	765	  1	
470	219	765	  1	
470	315	765	  1	
471	 32	765	  1	
471	 48	765	  1	
471	195	765	  1	
471	224	765	  1	
471	519	765	  1	
472	  5	765	  1	
472	 20	765	  1	
472	 39	765	  1	
472	 82	765	  1	
472	 94	765	  1	
472	103	765	  1	
472	120	765	  1	
472	211	765	  1	
472	347	765	  1	
474	 15	765	  1	
475	140	765	  1	
475	328	765	  1	
476	 23	765	  1	
476	 88	765	  1	
476	129	765	  1	
477	 95	765	  1	
478	 10	765	  1	
478	205	765	  1	
479	 19	765	  1	
479	200	765	  1	
479	208	765	  1	
479	431	765	  1	
480	 38	765	  1	
480	 46	765	  1	
480	 64	765	  1	
480	 76	765	  1	
480	100	765	  1	
480	109	765	  1	
480	112	765	  1	
480	142	765	  1	
480	159	765	  1	
480	165	765	  1	
480	253	765	  1	
480	262	765	  1	
480	296	765	  1	
480	302	765	  1	
480	415	765	  1	
481	 32	765	  1	
481	379	765	  1	
485	192	765	  1	
485	248	765	  1	
485	299	765	  1	
486	144	765	  1	
486	151	765	  1	
487	208	765	  1	
487	352	765	  1	
488	  8	765	  1	
488	 13	765	  1	
488	 48	765	  1	
488	 54	765	  1	
488	101	765	  1	
488	146	765	  1	
488	163	765	  1	
488	223	765	  1	
488	303	765	  1	
489	 87	765	  1	
489	123	765	  1	
491	128	765	  1	
491	216	765	  1	
491	286	765	  1	
491	296	765	  1	
491	306	765	  1	
493	 51	765	  1	
493	 60	765	  1	
493	 96	765	  1	
494	135	765	  1	
494	328	765	  1	
495	110	765	  1	
495	223	765	  1	
495	303	765	  1	
496	 16	765	  1	
496	 48	765	  1	
496	 55	765	  1	
496	 88	765	  1	
496	106	765	  1	
496	122	765	  1	
496	144	765	  1	
496	229	765	  1	
496	258	765	  1	
496	263	765	  1	
496	280	765	  1	
496	293	765	  1	
496	344	765	  1	
497	235	765	  1	
498	 46	765	  1	
498	390	765	  1	
499	 56	765	  1	
499	125	765	  1	
500	147	765	  1	
500	400	765	  1	
501	 91	765	  1	
501	120	765	  1	
501	206	765	  1	
501	224	765	  1	
501	288	765	  1	
502	 40	765	  1	
503	 48	765	  1	
503	 55	765	  1	
503	142	765	  1	
504	 50	765	  1	
504	 56	765	  1	
504	 64	765	  1	
504	 85	765	  1	
504	152	765	  1	
504	164	765	  1	
504	178	765	  1	
504	218	765	  1	
504	223	765	  1	
504	235	765	  1	
504	301	765	  1	
504	309	765	  1	
504	336	765	  1	
504	343	765	  1	
505	 78	765	  1	
505	 98	765	  1	
505	103	765	  1	
507	160	765	  1	
507	183	765	  1	
507	295	765	  1	
507	344	765	  1	
507	351	765	  1	
508	103	765	  1	
508	179	765	  1	
509	 98	765	  1	
509	118	765	  1	
509	144	765	  1	
509	296	765	  1	
510	218	765	  1	
510	310	765	  1	
511	128	765	  1	
511	223	765	  1	
511	290	765	  1	
511	336	765	  1	
511	343	765	  1	
512	  4	765	  1	
512	 15	765	  1	
512	 32	765	  1	
512	 54	765	  1	
512	 91	765	  1	
512	141	765	  1	
512	168	765	  1	
512	202	765	  1	
512	212	765	  1	
512	227	765	  1	
512	248	765	  1	
512	262	765	  1	
512	321	765	  1	
512	328	765	  1	
512	397	765	  1	
514	 48	765	  1	
514	109	765	  1	
514	158	765	  1	
514	519	765	  1	
515	  8	765	  1	
515	 62	765	  1	
515	208	765	  1	
517	 23	765	  1	
517	120	765	  1	
517	163	765	  1	
517	200	765	  1	
517	207	765	  1	
517	211	765	  1	
518	248	765	  1	
518	328	765	  1	
518	399	765	  1	
519	 15	765	  1	
519	107	765	  1	
519	135	765	  1	
519	158	765	  1	
519	224	765	  1	
519	231	765	  1	
519	260	765	  1	
520	  8	765	  1	
520	 40	765	  1	
520	 72	765	  1	
520	 91	765	  1	
520	167	765	  1	
521	220	765	  1	
523	 47	765	  1	
523	 77	765	  1	
524	100	765	  1	
524	134	765	  1	
526	395	765	  1	
527	 40	765	  1	
527	124	765	  1	
527	128	765	  1	
527	208	765	  1	
527	216	765	  1	
527	223	765	  1	
527	260	765	  1	
528	 41	765	  1	
528	 77	765	  1	
528	186	765	  1	
528	191	765	  1	
528	264	765	  1	
528	285	765	  1	
528	391	765	  1	
529	  0	765	  1	
529	  5	765	  1	
530	  8	765	  1	
530	136	765	  1	
530	176	765	  1	
531	 96	765	  1	
531	230	765	  1	
531	384	765	  1	
532	141	765	  1	
533	112	765	  1	
533	148	765	  1	
533	246	765	  1	
533	293	765	  1	
534	176	765	  1	
534	286	765	  1	
535	264	765	  1	
535	391	765	  1	
535	439	765	  1	
536	 79	765	  1	
536	 85	765	  1	
536	107	765	  1	
536	120	765	  1	
536	128	765	  1	
536	152	765	  1	
536	295	765	  1	
536	399	765	  1	
537	185	765	  1	
537	240	765	  1	
538	 58	765	  1	
538	158	765	  1	
539	 63	765	  1	
539	 72	765	  1	
539	255	765	  1	
539	392	765	  1	
540	189	765	  1	
540	209	765	  1	
541	126	765	  1	
541	134	765	  1	
541	272	765	  1	
541	280	765	  1	
542	152	765	  1	
543	 79	765	  1	
543	240	765	  1	
543	291	765	  1	
543	375	765	  1	
543	399	765	  1	
544	 66	765	  1	
544	 75	765	  1	
544	 96	765	  1	
544	112	765	  1	
544	119	765	  1	
544	140	765	  1	
544	151	765	  1	
544	167	765	  1	
544	180	765	  1	
544	191	765	  1	
544	229	765	  1	
544	343	765	  1	
544	352	765	  1	
546	 79	765	  1	
546	144	765	  1	
547	184	765	  1	
547	238	765	  1	
548	195	765	  1	
548	220	765	  1	
549	136	765	  1	
549	224	765	  1	
550	 10	765	  1	
550	 15	765	  1	
550	164	765	  1	
551	 80	765	  1	
551	151	765	  1	
551	191	765	  1	
551	208	765	  1	
551	352	765	  1	
551	375	765	  1	
552	 56	765	  1	
552	111	765	  1	
552	131	765	  1	
552	178	765	  1	
552	210	765	  1	
552	280	765	  1	
552	451	765	  1	
553	286	765	  1	
554	 72	765	  1	
554	 79	765	  1	
554	112	765	  1	
554	272	765	  1	
555	104	765	  1	
555	144	765	  1	
555	198	765	  1	
555	290	765	  1	
555	490	765	  1	
558	176	765	  1	
559	111	765	  1	
559	131	765	  1	
559	151	765	  1	
559	191	765	  1	
559	272	765	  1	
559	343	765	  1	
560	 39	765	  1	
560	 80	765	  1	
560	 87	765	  1	
560	208	765	  1	
560	227	765	  1	
560	273	765	  1	
560	285	765	  1	
562	 56	765	  1	
562	 69	765	  1	
562	213	765	  1	
564	272	765	  1	
564	287	765	  1	
566	310	765	  1	
567	 83	765	  1	
567	224	765	  1	
567	231	765	  1	
568	  8	765	  1	
568	160	765	  1	
568	167	765	  1	
568	176	765	  1	
568	192	765	  1	
568	213	765	  1	
568	232	765	  1	
568	448	765	  1	
568	463	765	  1	
570	185	765	  1	
571	294	765	  1	
571	456	765	  1	
574	 79	765	  1	
575	184	765	  1	
575	237	765	  1	
575	247	765	  1	
575	463	765	  1	
576	 88	765	  1	
576	112	765	  1	
576	119	765	  1	
576	127	765	  1	
576	176	765	  1	
576	182	765	  1	
576	222	765	  1	
576	229	765	  1	
576	300	765	  1	
576	306	765	  1	
577	278	765	  1	
578	  7	765	  1	
578	456	765	  1	
579	 92	765	  1	
579	184	765	  1	
579	191	765	  1	
580	296	765	  1	
582	 99	765	  1	
582	237	765	  1	
582	303	765	  1	
583	115	765	  1	
583	123	765	  1	
583	243	765	  1	
584	 72	765	  1	
584	 94	765	  1	
584	104	765	  1	
584	119	765	  1	
584	144	765	  1	
584	208	765	  1	
584	234	765	  1	
584	245	765	  1	
584	287	765	  1	
584	300	765	  1	
584	327	765	  1	
584	487	765	  1	
586	219	765	  1	
587	311	765	  1	
588	251	765	  1	
588	256	765	  1	
589	278	765	  1	
590	 13	765	  1	
590	456	765	  1	
591	211	765	  1	
591	261	765	  1	
591	327	765	  1	
591	408	765	  1	
592	 15	765	  1	
592	 72	765	  1	
592	120	765	  1	
592	192	765	  1	
592	260	765	  1	
592	368	765	  1	
592	423	765	  1	
595	 56	765	  1	
595	 80	765	  1	
595	 92	765	  1	
595	367	765	  1	
596	 96	765	  1	
597	104	765	  1	
597	247	765	  1	
598	272	765	  1	
599	 51	765	  1	
599	260	765	  1	
599	368	765	  1	
600	192	765	  1	
600	207	765	  1	
600	328	765	  1	
602	175	765	  1	
602	389	765	  1	
603	255	765	  1	
603	262	765	  1	
605	395	765	  1	
606	168	765	  1	
606	272	765	  1	
607	207	765	  1	
607	249	765	  1	
608	104	765	  1	
608	256	765	  1	
608	308	765	  1	
608	424	765	  1	
611	  5	765	  1	
611	271	765	  1	
612	296	765	  1	
614	104	765	  1	
615	192	765	  1	
615	239	765	  1	
615	264	765	  1	
616	240	765	  1	
616	250	765	  1	
616	278	765	  1	
616	288	765	  1	
618	295	765	  1	
622	 68	765	  1	
623	128	765	  1	
623	255	765	  1	
623	278	765	  1	
624	280	765	  1	
624	287	765	  1	
624	344	765	  1	
629	127	765	  1	
629	288	765	  1	
629	295	765	  1	
630	328	765	  1	
631	200	765	  1	
631	283	765	  1	
632	 76	765	  1	
632	 99	765	  1	
632	352	765	  1	
636	368	765	  1	
636	373	765	  1	
639	 96	765	  1	
639	103	765	  1	
640	  0	765	  1	
640	194	765	  1	
640	304	765	  1	
640	311	765	  1	
641	199	765	  1	
642	151	765	  1	
642	168	765	  1	
642	191	765	  1	
643	404	765	  1	
644	256	765	  1	
645	174	765	  1	
645	255	765	  1	
647	307	765	  1	
648	222	765	  1	
648	360	765	  1	
648	364	765	  1	
648	375	765	  1	
649	368	765	  1	
650	200	765	  1	
650	376	765	  1	
651	279	765	  1	
652	192	765	  1	
653	207	765	  1	
654	138	765	  1	
654	351	765	  1	
654	384	765	  1	
655	368	765	  1	
655	380	765	  1	
656	202	765	  1	
659	160	765	  1	
672	183	765	  1	
672	251	765	  1	
672	367	765	  1	
674	122	765	  1	
679	251	765	  1	
680	136	765	  1	
680	174	765	  1	
680	248	765	  1	
681	204	765	  1	
684	263	765	  1	
685	520	765	  1	
687	255	765	  1	
687	259	765	  1	
687	375	765	  1	
691	158	765	  1	
696	224	765	  1	
720	208	765	  1	
724	580	765	  1	
735	384	765	  1	
737	 57	765	  1	
752	124	765	  1	
759	  7	765	  1	
759	195	765	  1	
764	539	765	  1	
794	497	765	  1	
