# 
#  Image file: Goad1_T0172.jpg
#  Applied threshold: 575
#  Algorithm used: fill2                 
#  Particle count: 1917
#  Location (x,y), max luminance, and mass:
# 
  0	159	765	  1	
  0	168	765	  1	
  0	184	765	  1	
  0	480	765	  1	
  2	223	765	  1	
  7	399	765	  1	
  7	447	765	  1	
  8	108	765	  1	
 12	104	765	  1	
 12	256	765	  1	
 23	256	765	  1	
 27	159	765	  1	
 31	463	765	  1	
 32	112	765	  1	
 39	119	765	  1	
 39	215	765	  1	
 39	279	765	  1	
 40	296	765	  1	
 41	303	765	  1	
 42	504	765	  1	
 43	434	765	  1	
 45	118	765	  1	
 47	112	765	  1	
 56	109	765	  1	
 56	255	765	  1	
 57	 99	765	  1	
 64	231	765	  1	
 64	248	765	  1	
 71	107	765	  1	
 71	559	765	  1	
 72	184	765	  1	
 73	199	765	  1	
 75	144	765	  1	
 75	530	765	  1	
 77	207	765	  1	
 78	213	765	  1	
 79	320	765	  1	
 82	340	765	  1	
 87	129	765	  1	
 91	583	765	  1	
 92	135	765	  1	
 92	160	765	  1	
 94	326	765	  1	
 95	 63	765	  1	
 95	 79	765	  1	
 95	 96	765	  1	
 96	382	765	  1	
 97	295	765	  1	
 99	392	765	  1	
101	 48	765	  1	
102	137	765	  1	
102	407	765	  1	
103	175	765	  1	
103	512	765	  1	
104	384	765	  1	
104	408	765	  1	
106	253	765	  1	
107	576	765	  1	
108	526	765	  1	
109	418	765	  1	
111	127	765	  1	
111	280	765	  1	
111	289	765	  1	
112	151	765	  1	
112	175	765	  1	
112	299	765	  1	
112	384	765	  1	
113	159	765	  1	
113	378	765	  1	
119	 11	765	  1	
119	376	765	  1	
122	168	765	  1	
123	  0	765	  1	
124	272	765	  1	
125	127	765	  1	
125	288	765	  1	
127	135	765	  1	
127	159	765	  1	
128	  7	765	  1	
128	168	765	  1	
128	248	765	  1	
128	280	765	  1	
129	146	765	  1	
131	173	765	  1	
131	312	765	  1	
133	179	765	  1	
135	264	765	  1	
136	115	765	  1	
136	158	765	  1	
136	208	765	  1	
136	215	765	  1	
136	219	765	  1	
136	248	765	  1	
138	199	765	  1	
138	276	765	  1	
139	184	765	  1	
139	224	765	  1	
140	115	765	  1	
141	 84	765	  1	
141	138	765	  1	
141	143	765	  1	
141	296	765	  1	
141	392	765	  1	
142	431	765	  1	
142	495	765	  1	
143	 70	765	  1	
143	158	765	  1	
143	198	765	  1	
143	248	765	  1	
143	324	765	  1	
144	 49	765	  1	
144	126	765	  1	
144	136	765	  1	
144	168	765	  1	
144	175	765	  1	
144	184	765	  1	
144	238	765	  1	
144	429	765	  1	
144	439	765	  1	
144	552	765	  1	
144	591	765	  1	
146	208	765	  1	
146	280	765	  1	
147	  0	765	  1	
147	224	765	  1	
149	120	765	  1	
149	139	765	  1	
149	205	765	  1	
151	 49	765	  1	
151	171	765	  1	
151	426	765	  1	
152	199	765	  1	
152	210	765	  1	
152	264	765	  1	
152	271	765	  1	
152	360	765	  1	
152	386	765	  1	
152	464	765	  1	
156	184	765	  1	
156	250	765	  1	
158	282	765	  1	
158	309	765	  1	
158	464	765	  1	
159	267	765	  1	
159	384	765	  1	
159	478	765	  1	
159	592	765	  1	
160	 42	765	  1	
160	 61	765	  1	
160	 72	765	  1	
160	 79	765	  1	
160	128	765	  1	
160	312	765	  1	
160	416	765	  1	
160	423	765	  1	
160	560	765	  1	
161	191	765	  1	
162	264	765	  1	
163	216	765	  1	
164	184	765	  1	
164	215	765	  1	
164	291	765	  1	
165	134	765	  1	
165	248	765	  1	
165	376	765	  1	
166	189	765	  1	
166	220	765	  1	
167	 28	765	  1	
167	 63	765	  1	
167	 75	765	  1	
167	184	765	  1	
167	272	765	  1	
167	374	765	  1	
167	383	765	  1	
168	 88	765	  1	
168	 96	765	  1	
168	100	765	  1	
168	131	765	  1	
168	288	765	  1	
168	309	765	  1	
168	314	765	  1	
168	512	765	  1	
170	139	765	  1	
170	293	765	  1	
171	111	765	  1	
171	206	765	  1	
171	320	765	  1	
173	304	765	  1	
174	179	765	  1	
175	312	765	  1	
175	434	765	  1	
176	 94	765	  1	
176	198	765	  1	
176	222	765	  1	
176	348	765	  1	
176	514	765	  1	
178	 80	765	  1	
178	239	765	  1	
179	264	765	  1	
179	318	765	  1	
180	 85	765	  1	
180	276	765	  1	
181	107	765	  1	
181	126	765	  1	
181	160	765	  1	
182	333	765	  1	
183	 80	765	  1	
183	168	765	  1	
183	198	765	  1	
183	224	765	  1	
183	349	765	  1	
183	360	765	  1	
184	 55	765	  1	
184	 69	765	  1	
184	128	765	  1	
184	186	765	  1	
184	254	765	  1	
184	322	765	  1	
184	327	765	  1	
184	419	765	  1	
184	523	765	  1	
186	216	765	  1	
186	346	765	  1	
186	466	765	  1	
187	 40	765	  1	
187	 95	765	  1	
187	368	765	  1	
187	439	765	  1	
189	 64	765	  1	
189	160	765	  1	
189	288	765	  1	
189	295	765	  1	
189	451	765	  1	
191	 92	765	  1	
191	191	765	  1	
191	415	765	  1	
191	464	765	  1	
192	 23	765	  1	
192	 62	765	  1	
192	 95	765	  1	
192	136	765	  1	
192	192	765	  1	
192	243	765	  1	
192	379	765	  1	
192	447	765	  1	
192	472	765	  1	
193	143	765	  1	
194	207	765	  1	
195	 88	765	  1	
195	160	765	  1	
195	240	765	  1	
195	270	765	  1	
196	202	765	  1	
197	  3	765	  1	
197	115	765	  1	
198	 18	765	  1	
198	 87	765	  1	
199	 48	765	  1	
199	 95	765	  1	
199	166	765	  1	
199	207	765	  1	
199	232	765	  1	
199	247	765	  1	
199	444	765	  1	
199	533	765	  1	
200	 50	765	  1	
200	160	765	  1	
200	194	765	  1	
200	216	765	  1	
200	287	765	  1	
200	310	765	  1	
200	418	765	  1	
200	443	765	  1	
200	517	765	  1	
202	304	765	  1	
202	344	765	  1	
203	167	765	  1	
203	280	765	  1	
204	112	765	  1	
205	 23	765	  1	
205	447	765	  1	
206	237	765	  1	
207	 31	765	  1	
207	 55	765	  1	
207	160	765	  1	
207	232	765	  1	
207	287	765	  1	
207	310	765	  1	
208	  6	765	  1	
208	 32	765	  1	
208	 96	765	  1	
208	112	765	  1	
208	148	765	  1	
208	187	765	  1	
208	280	765	  1	
208	304	765	  1	
208	335	765	  1	
208	360	765	  1	
208	400	765	  1	
208	407	765	  1	
208	456	765	  1	
208	539	765	  1	
209	447	765	  1	
211	328	765	  1	
212	112	765	  1	
212	247	765	  1	
213	159	765	  1	
214	  4	765	  1	
214	147	765	  1	
214	283	765	  1	
214	304	765	  1	
214	360	765	  1	
214	368	765	  1	
215	267	765	  1	
215	335	765	  1	
215	403	765	  1	
216	 64	765	  1	
216	 71	765	  1	
216	108	765	  1	
216	124	765	  1	
216	179	765	  1	
216	214	765	  1	
216	295	765	  1	
216	327	765	  1	
216	407	765	  1	
216	462	765	  1	
216	495	765	  1	
219	  0	765	  1	
219	  7	765	  1	
219	103	765	  1	
219	216	765	  1	
219	288	765	  1	
219	488	765	  1	
220	 98	765	  1	
221	112	765	  1	
221	152	765	  1	
221	208	765	  1	
222	111	765	  1	
222	141	765	  1	
222	200	765	  1	
222	460	765	  1	
223	115	765	  1	
223	119	765	  1	
223	223	765	  1	
223	295	765	  1	
223	412	765	  1	
223	447	765	  1	
223	464	765	  1	
223	495	765	  1	
224	 16	765	  1	
224	 70	765	  1	
224	 85	765	  1	
224	104	765	  1	
224	184	765	  1	
224	188	765	  1	
224	296	765	  1	
224	304	765	  1	
224	367	765	  1	
224	416	765	  1	
225	128	765	  1	
226	  2	765	  1	
226	334	765	  1	
226	423	765	  1	
227	  7	765	  1	
227	 24	765	  1	
227	 99	765	  1	
229	168	765	  1	
229	178	765	  1	
229	243	765	  1	
229	264	765	  1	
229	328	765	  1	
230	104	765	  1	
230	408	765	  1	
231	 37	765	  1	
231	296	765	  1	
231	415	765	  1	
231	418	765	  1	
231	496	765	  1	
232	 64	765	  1	
232	 70	765	  1	
232	 94	765	  1	
232	122	765	  1	
232	128	765	  1	
232	183	765	  1	
232	224	765	  1	
232	287	765	  1	
232	398	765	  1	
232	430	765	  1	
232	451	765	  1	
232	472	765	  1	
232	479	765	  1	
232	503	765	  1	
232	586	765	  1	
233	188	765	  1	
234	140	765	  1	
234	320	765	  1	
235	 51	765	  1	
235	280	765	  1	
235	496	765	  1	
236	  2	765	  1	
237	 72	765	  1	
237	 91	765	  1	
238	 22	765	  1	
238	119	765	  1	
238	176	765	  1	
238	327	765	  1	
239	115	765	  1	
239	247	765	  1	
239	287	765	  1	
239	320	765	  1	
239	448	765	  1	
239	455	765	  1	
239	475	765	  1	
239	503	765	  1	
240	 31	765	  1	
240	107	765	  1	
240	148	765	  1	
240	160	765	  1	
240	167	765	  1	
240	173	765	  1	
240	202	765	  1	
240	210	765	  1	
240	216	765	  1	
240	227	765	  1	
240	237	765	  1	
240	263	765	  1	
240	387	765	  1	
240	450	765	  1	
240	459	765	  1	
240	552	765	  1	
240	576	765	  1	
241	152	765	  1	
241	183	765	  1	
242	  8	765	  1	
243	  5	765	  1	
243	234	765	  1	
244	  0	765	  1	
244	238	765	  1	
244	471	765	  1	
245	100	765	  1	
245	142	765	  1	
245	208	765	  1	
245	215	765	  1	
245	222	765	  1	
245	259	765	  1	
245	275	765	  1	
245	344	765	  1	
245	351	765	  1	
246	 15	765	  1	
246	 96	765	  1	
246	163	765	  1	
247	111	765	  1	
247	232	765	  1	
247	384	765	  1	
247	391	765	  1	
247	460	765	  1	
248	 59	765	  1	
248	152	765	  1	
248	185	765	  1	
248	193	765	  1	
248	248	765	  1	
248	255	765	  1	
248	300	765	  1	
248	526	765	  1	
253	 96	765	  1	
253	158	765	  1	
253	208	765	  1	
253	456	765	  1	
253	463	765	  1	
253	528	765	  1	
254	179	765	  1	
254	192	765	  1	
254	269	765	  1	
255	184	765	  1	
255	262	765	  1	
255	555	765	  1	
255	599	765	  1	
256	 18	765	  1	
256	 23	765	  1	
256	 27	765	  1	
256	 56	765	  1	
256	176	765	  1	
256	224	765	  1	
256	286	765	  1	
256	464	765	  1	
256	480	765	  1	
256	487	765	  1	
256	499	765	  1	
257	588	765	  1	
258	112	765	  1	
259	254	765	  1	
261	  8	765	  1	
261	 20	765	  1	
261	144	765	  1	
261	296	765	  1	
261	440	765	  1	
262	 14	765	  1	
263	 29	765	  1	
263	119	765	  1	
263	240	765	  1	
263	286	765	  1	
263	584	765	  1	
264	 82	765	  1	
264	128	765	  1	
264	192	765	  1	
264	200	765	  1	
264	244	765	  1	
264	266	765	  1	
264	448	765	  1	
264	463	765	  1	
264	504	765	  1	
264	528	765	  1	
265	230	765	  1	
266	 28	765	  1	
266	205	765	  1	
266	246	765	  1	
267	280	765	  1	
267	463	765	  1	
269	 48	765	  1	
269	 72	765	  1	
269	 78	765	  1	
269	367	765	  1	
269	455	765	  1	
270	195	765	  1	
270	247	765	  1	
270	253	765	  1	
270	525	765	  1	
271	200	765	  1	
271	236	765	  1	
271	287	765	  1	
271	339	765	  1	
271	528	765	  1	
272	 19	765	  1	
272	 45	765	  1	
272	248	765	  1	
272	257	765	  1	
272	315	765	  1	
272	348	765	  1	
272	360	765	  1	
272	469	765	  1	
272	496	765	  1	
272	535	765	  1	
272	541	765	  1	
273	  0	765	  1	
273	401	765	  1	
274	 37	765	  1	
274	 80	765	  1	
274	133	765	  1	
275	 32	765	  1	
275	 62	765	  1	
275	344	765	  1	
275	528	765	  1	
276	276	765	  1	
277	400	765	  1	
277	464	765	  1	
277	515	765	  1	
279	  6	765	  1	
279	 80	765	  1	
279	136	765	  1	
279	282	765	  1	
279	315	765	  1	
279	367	765	  1	
279	535	765	  1	
280	 69	765	  1	
280	 90	765	  1	
280	125	765	  1	
280	131	765	  1	
280	184	765	  1	
280	232	765	  1	
280	238	765	  1	
280	256	765	  1	
280	264	765	  1	
280	291	765	  1	
280	352	765	  1	
280	359	765	  1	
280	368	765	  1	
280	376	765	  1	
280	383	765	  1	
280	496	765	  1	
280	528	765	  1	
281	478	765	  1	
281	481	765	  1	
282	  5	765	  1	
282	288	765	  1	
282	461	765	  1	
282	487	765	  1	
283	 79	765	  1	
284	 57	765	  1	
285	  0	765	  1	
285	 71	765	  1	
285	 88	765	  1	
285	 95	765	  1	
285	115	765	  1	
285	211	765	  1	
285	400	765	  1	
286	120	765	  1	
286	172	765	  1	
286	371	765	  1	
286	498	765	  1	
287	184	765	  1	
287	291	765	  1	
287	355	765	  1	
287	379	765	  1	
287	407	765	  1	
287	475	765	  1	
287	482	765	  1	
288	 15	765	  1	
288	 34	765	  1	
288	 40	765	  1	
288	 84	765	  1	
288	 91	765	  1	
288	247	765	  1	
288	304	765	  1	
288	384	765	  1	
288	503	765	  1	
290	 23	765	  1	
290	 75	765	  1	
290	390	765	  1	
291	248	765	  1	
292	308	765	  1	
293	 32	765	  1	
293	166	765	  1	
293	179	765	  1	
294	  9	765	  1	
294	 24	765	  1	
294	384	765	  1	
294	496	765	  1	
294	501	765	  1	
295	 84	765	  1	
295	306	765	  1	
295	449	765	  1	
296	  0	765	  1	
296	 79	765	  1	
296	139	765	  1	
296	204	765	  1	
296	251	765	  1	
296	327	765	  1	
296	427	765	  1	
296	499	765	  1	
296	544	765	  1	
296	569	765	  1	
297	223	765	  1	
297	460	765	  1	
298	 22	765	  1	
298	172	765	  1	
299	114	765	  1	
301	 91	765	  1	
301	106	765	  1	
301	402	765	  1	
301	469	765	  1	
301	571	765	  1	
302	 35	765	  1	
302	 56	765	  1	
302	 82	765	  1	
302	320	765	  1	
303	 16	765	  1	
303	144	765	  1	
303	303	765	  1	
303	424	765	  1	
303	431	765	  1	
303	520	765	  1	
303	592	765	  1	
304	 11	765	  1	
304	153	765	  1	
304	288	765	  1	
304	335	765	  1	
304	377	765	  1	
304	389	765	  1	
304	504	765	  1	
304	567	765	  1	
305	247	765	  1	
305	304	765	  1	
306	 72	765	  1	
306	120	765	  1	
307	301	765	  1	
307	471	765	  1	
308	228	765	  1	
308	231	765	  1	
309	  0	765	  1	
309	  7	765	  1	
309	 80	765	  1	
309	127	765	  1	
309	248	765	  1	
309	255	765	  1	
309	293	765	  1	
309	312	765	  1	
310	152	765	  1	
310	280	765	  1	
310	388	765	  1	
311	 15	765	  1	
311	 85	765	  1	
311	320	765	  1	
311	469	765	  1	
312	 46	765	  1	
312	 69	765	  1	
312	 88	765	  1	
312	101	765	  1	
312	132	765	  1	
312	139	765	  1	
312	170	765	  1	
312	175	765	  1	
312	187	765	  1	
312	194	765	  1	
312	232	765	  1	
312	238	765	  1	
312	307	765	  1	
312	394	765	  1	
314	235	765	  1	
314	311	765	  1	
315	216	765	  1	
315	279	765	  1	
315	287	765	  1	
316	128	765	  1	
316	199	765	  1	
317	 72	765	  1	
317	319	765	  1	
318	192	765	  1	
318	232	765	  1	
318	239	765	  1	
318	272	765	  1	
319	175	765	  1	
319	330	765	  1	
320	 22	765	  1	
320	 43	765	  1	
320	 64	765	  1	
320	 68	765	  1	
320	 83	765	  1	
320	120	765	  1	
320	126	765	  1	
320	135	765	  1	
320	149	765	  1	
320	176	765	  1	
320	208	765	  1	
320	221	765	  1	
320	248	765	  1	
320	255	765	  1	
320	291	765	  1	
320	304	765	  1	
320	315	765	  1	
320	346	765	  1	
320	394	765	  1	
320	400	765	  1	
320	406	765	  1	
320	419	765	  1	
320	453	765	  1	
321	156	765	  1	
321	439	765	  1	
322	199	765	  1	
322	456	765	  1	
323	  8	765	  1	
323	215	765	  1	
323	352	765	  1	
323	416	765	  1	
323	423	765	  1	
324	432	765	  1	
325	 87	765	  1	
325	123	765	  1	
325	168	765	  1	
325	175	765	  1	
325	182	765	  1	
325	216	765	  1	
325	344	765	  1	
325	351	765	  1	
325	384	765	  1	
326	292	765	  1	
326	480	765	  1	
327	 16	765	  1	
327	 40	765	  1	
327	 47	765	  1	
327	 96	765	  1	
327	208	765	  1	
327	251	765	  1	
327	304	765	  1	
327	398	765	  1	
327	419	765	  1	
327	424	765	  1	
328	  0	765	  1	
328	 56	765	  1	
328	 82	765	  1	
328	107	765	  1	
328	231	765	  1	
328	280	765	  1	
328	296	765	  1	
328	352	765	  1	
328	449	765	  1	
329	217	765	  1	
329	384	765	  1	
330	  6	765	  1	
331	304	765	  1	
333	 62	765	  1	
333	 80	765	  1	
333	103	765	  1	
333	152	765	  1	
333	246	765	  1	
333	468	765	  1	
334	  0	765	  1	
334	 16	765	  1	
334	434	765	  1	
334	439	765	  1	
334	599	765	  1	
335	280	765	  1	
335	352	765	  1	
335	384	765	  1	
335	487	765	  1	
336	 41	765	  1	
336	 48	765	  1	
336	 64	765	  1	
336	 82	765	  1	
336	170	765	  1	
336	203	765	  1	
336	256	765	  1	
336	293	765	  1	
336	310	765	  1	
336	341	765	  1	
336	395	765	  1	
336	411	765	  1	
336	453	765	  1	
337	104	765	  1	
337	109	765	  1	
337	422	765	  1	
338	 93	765	  1	
338	 99	765	  1	
338	352	765	  1	
339	190	765	  1	
339	208	765	  1	
339	326	765	  1	
339	407	765	  1	
340	  0	765	  1	
340	  6	765	  1	
340	575	765	  1	
341	165	765	  1	
341	216	765	  1	
341	248	765	  1	
341	255	765	  1	
341	336	765	  1	
342	503	765	  1	
343	320	765	  1	
343	408	765	  1	
343	415	765	  1	
343	560	765	  1	
344	  0	765	  1	
344	 11	765	  1	
344	 69	765	  1	
344	108	765	  1	
344	112	765	  1	
344	125	765	  1	
344	133	765	  1	
344	149	765	  1	
344	192	765	  1	
344	199	765	  1	
344	235	765	  1	
344	288	765	  1	
344	312	765	  1	
344	317	765	  1	
344	368	765	  1	
345	104	765	  1	
345	264	765	  1	
346	294	765	  1	
346	528	765	  1	
347	 88	765	  1	
347	278	765	  1	
347	384	765	  1	
347	440	765	  1	
348	  7	765	  1	
349	 86	765	  1	
349	271	765	  1	
349	303	765	  1	
349	336	765	  1	
350	  0	765	  1	
350	134	765	  1	
350	288	765	  1	
350	317	765	  1	
350	408	765	  1	
351	192	765	  1	
351	199	765	  1	
351	312	765	  1	
351	404	765	  1	
351	483	765	  1	
352	 16	765	  1	
352	 23	765	  1	
352	 61	765	  1	
352	 80	765	  1	
352	147	765	  1	
352	215	765	  1	
352	285	765	  1	
352	375	765	  1	
352	416	765	  1	
352	592	765	  1	
353	111	765	  1	
354	437	765	  1	
354	444	765	  1	
355	128	765	  1	
355	176	765	  1	
355	456	765	  1	
355	463	765	  1	
357	138	765	  1	
357	143	765	  1	
357	264	765	  1	
357	372	765	  1	
357	472	765	  1	
357	479	765	  1	
357	504	765	  1	
358	215	765	  1	
359	 83	765	  1	
359	126	765	  1	
359	151	765	  1	
359	379	765	  1	
359	432	765	  1	
359	445	765	  1	
359	599	765	  1	
360	  0	765	  1	
360	 16	765	  1	
360	128	765	  1	
360	161	765	  1	
360	168	765	  1	
360	184	765	  1	
360	235	765	  1	
360	247	765	  1	
360	310	765	  1	
360	334	765	  1	
360	368	765	  1	
360	424	765	  1	
360	448	765	  1	
360	456	765	  1	
362	232	765	  1	
362	266	765	  1	
362	296	765	  1	
362	435	765	  1	
363	 64	765	  1	
363	 86	765	  1	
363	135	765	  1	
363	175	765	  1	
363	368	765	  1	
363	400	765	  1	
363	408	765	  1	
363	447	765	  1	
364	279	765	  1	
364	380	765	  1	
364	443	765	  1	
365	  6	765	  1	
365	 96	765	  1	
365	120	765	  1	
365	167	765	  1	
365	190	765	  1	
365	450	765	  1	
366	 77	765	  1	
366	302	765	  1	
366	332	765	  1	
367	128	765	  1	
367	235	765	  1	
367	310	765	  1	
368	  0	765	  1	
368	 39	765	  1	
368	 71	765	  1	
368	 88	765	  1	
368	101	765	  1	
368	112	765	  1	
368	136	765	  1	
368	160	765	  1	
368	176	765	  1	
368	221	765	  1	
368	447	765	  1	
368	512	765	  1	
369	336	765	  1	
370	 94	765	  1	
370	187	765	  1	
370	216	765	  1	
370	371	765	  1	
370	433	765	  1	
371	243	765	  1	
371	432	765	  1	
371	439	765	  1	
372	128	765	  1	
373	  0	765	  1	
373	  7	765	  1	
374	 88	765	  1	
374	143	765	  1	
374	167	765	  1	
374	222	765	  1	
374	432	765	  1	
375	 67	765	  1	
375	133	765	  1	
375	261	765	  1	
375	266	765	  1	
375	447	765	  1	
376	  8	765	  1	
376	 48	765	  1	
376	 80	765	  1	
376	 84	765	  1	
376	101	765	  1	
376	116	765	  1	
376	295	765	  1	
376	304	765	  1	
376	351	765	  1	
376	384	765	  1	
376	402	765	  1	
376	416	765	  1	
376	420	765	  1	
376	467	765	  1	
378	112	765	  1	
378	240	765	  1	
379	 56	765	  1	
379	311	765	  1	
379	344	765	  1	
380	128	765	  1	
381	119	765	  1	
381	168	765	  1	
381	432	765	  1	
381	439	765	  1	
382	338	765	  1	
382	359	765	  1	
382	391	765	  1	
383	141	765	  1	
383	224	765	  1	
383	304	765	  1	
383	367	765	  1	
383	598	765	  1	
384	 45	765	  1	
384	 88	765	  1	
384	 98	765	  1	
384	176	765	  1	
384	192	765	  1	
384	280	765	  1	
384	295	765	  1	
384	297	765	  1	
384	303	765	  1	
384	320	765	  1	
384	328	765	  1	
384	368	765	  1	
384	408	765	  1	
384	416	765	  1	
384	431	765	  1	
384	568	765	  1	
385	128	765	  1	
385	141	765	  1	
386	230	765	  1	
387	415	765	  1	
388	 88	765	  1	
388	192	765	  1	
388	207	765	  1	
389	  8	765	  1	
389	110	765	  1	
389	251	765	  1	
389	352	765	  1	
389	400	765	  1	
389	407	765	  1	
389	412	765	  1	
389	426	765	  1	
390	 22	765	  1	
390	136	765	  1	
390	224	765	  1	
390	358	765	  1	
390	416	765	  1	
391	 64	765	  1	
391	130	765	  1	
391	283	765	  1	
391	464	765	  1	
392	  0	765	  1	
392	 10	765	  1	
392	 48	765	  1	
392	 56	765	  1	
392	120	765	  1	
392	142	765	  1	
392	154	765	  1	
392	163	765	  1	
392	168	765	  1	
392	176	765	  1	
392	223	765	  1	
392	240	765	  1	
392	248	765	  1	
392	303	765	  1	
392	363	765	  1	
392	384	765	  1	
392	388	765	  1	
392	432	765	  1	
392	439	765	  1	
394	196	765	  1	
395	183	765	  1	
395	232	765	  1	
395	247	765	  1	
395	503	765	  1	
396	109	765	  1	
396	175	765	  1	
397	 39	765	  1	
397	424	765	  1	
397	471	765	  1	
398	 43	765	  1	
398	 56	765	  1	
398	295	765	  1	
398	386	765	  1	
398	448	765	  1	
399	 12	765	  1	
399	 48	765	  1	
399	176	765	  1	
399	240	765	  1	
399	248	765	  1	
399	258	765	  1	
399	320	765	  1	
399	435	765	  1	
400	  2	765	  1	
400	 22	765	  1	
400	 64	765	  1	
400	 71	765	  1	
400	 98	765	  1	
400	118	765	  1	
400	205	765	  1	
400	371	765	  1	
400	403	765	  1	
400	472	765	  1	
400	479	765	  1	
400	503	765	  1	
402	194	765	  1	
403	199	765	  1	
404	103	765	  1	
404	216	765	  1	
404	223	765	  1	
405	  7	765	  1	
405	154	765	  1	
405	159	765	  1	
406	  0	765	  1	
406	 96	765	  1	
406	107	765	  1	
407	 14	765	  1	
407	 22	765	  1	
407	 32	765	  1	
407	 71	765	  1	
407	118	765	  1	
407	208	765	  1	
407	475	765	  1	
408	 40	765	  1	
408	 72	765	  1	
408	 93	765	  1	
408	131	765	  1	
408	138	765	  1	
408	166	765	  1	
408	188	765	  1	
408	283	765	  1	
408	289	765	  1	
408	318	765	  1	
408	322	765	  1	
408	395	765	  1	
408	424	765	  1	
409	110	765	  1	
410	  7	765	  1	
410	 16	765	  1	
410	 46	765	  1	
410	328	765	  1	
410	427	765	  1	
411	 32	765	  1	
411	175	765	  1	
412	  0	765	  1	
413	 20	765	  1	
413	 88	765	  1	
413	125	765	  1	
413	160	765	  1	
413	200	765	  1	
413	287	765	  1	
413	334	765	  1	
414	 39	765	  1	
414	136	765	  1	
414	191	765	  1	
415	  8	765	  1	
415	214	765	  1	
415	347	765	  1	
415	459	765	  1	
416	 24	765	  1	
416	 53	765	  1	
416	173	765	  1	
416	208	765	  1	
416	366	765	  1	
416	408	765	  1	
416	419	765	  1	
416	464	765	  1	
418	 30	765	  1	
418	143	765	  1	
418	214	765	  1	
419	 54	765	  1	
419	106	765	  1	
420	431	765	  1	
421	 22	765	  1	
422	 91	765	  1	
422	208	765	  1	
422	335	765	  1	
423	 35	765	  1	
423	 99	765	  1	
423	120	765	  1	
423	138	765	  1	
423	162	765	  1	
423	557	765	  1	
424	  7	765	  1	
424	 16	765	  1	
424	 64	765	  1	
424	146	765	  1	
424	152	765	  1	
424	195	765	  1	
424	229	765	  1	
424	272	765	  1	
424	280	765	  1	
424	287	765	  1	
424	311	765	  1	
424	378	765	  1	
424	408	765	  1	
425	292	765	  1	
426	 22	765	  1	
426	224	765	  1	
426	237	765	  1	
427	127	765	  1	
427	184	765	  1	
427	304	765	  1	
427	414	765	  1	
428	160	765	  1	
428	276	765	  1	
428	368	765	  1	
429	192	765	  1	
429	375	765	  1	
430	 28	765	  1	
430	111	765	  1	
430	167	765	  1	
430	230	765	  1	
430	384	765	  1	
430	391	765	  1	
431	  5	765	  1	
431	 34	765	  1	
431	120	765	  1	
431	135	765	  1	
431	248	765	  1	
431	283	765	  1	
431	311	765	  1	
432	  0	765	  1	
432	 16	765	  1	
432	 42	765	  1	
432	 56	765	  1	
432	 68	765	  1	
432	 80	765	  1	
432	 91	765	  1	
432	 96	765	  1	
432	184	765	  1	
432	211	765	  1	
432	294	765	  1	
434	136	765	  1	
435	 37	765	  1	
435	120	765	  1	
435	160	765	  1	
435	264	765	  1	
436	 64	765	  1	
437	 22	765	  1	
437	 47	765	  1	
437	195	765	  1	
438	167	765	  1	
439	 69	765	  1	
439	291	765	  1	
440	  1	765	  1	
440	  6	765	  1	
440	  9	765	  1	
440	 15	765	  1	
440	 21	765	  1	
440	 32	765	  1	
440	 77	765	  1	
440	106	765	  1	
440	240	765	  1	
440	536	765	  1	
442	 64	765	  1	
442	131	765	  1	
442	208	765	  1	
442	399	765	  1	
443	 70	765	  1	
444	111	765	  1	
444	141	765	  1	
445	150	765	  1	
446	104	765	  1	
446	167	765	  1	
446	213	765	  1	
446	307	765	  1	
447	  0	765	  1	
447	 46	765	  1	
447	248	765	  1	
447	339	765	  1	
448	 51	765	  1	
448	 88	765	  1	
448	 93	765	  1	
448	117	765	  1	
448	175	765	  1	
448	200	765	  1	
448	216	765	  1	
448	229	765	  1	
448	235	765	  1	
448	240	765	  1	
448	464	765	  1	
448	471	765	  1	
449	111	765	  1	
449	167	765	  1	
449	224	765	  1	
450	  7	765	  1	
450	160	765	  1	
450	211	765	  1	
451	 24	765	  1	
451	143	765	  1	
451	170	765	  1	
452	104	765	  1	
452	230	765	  1	
453	 34	765	  1	
453	206	765	  1	
454	 43	765	  1	
454	 56	765	  1	
454	 80	765	  1	
454	261	765	  1	
454	419	765	  1	
454	455	765	  1	
455	  3	765	  1	
455	 15	765	  1	
455	 47	765	  1	
455	128	765	  1	
455	164	765	  1	
455	240	765	  1	
456	  9	765	  1	
456	 23	765	  1	
456	 77	765	  1	
456	119	765	  1	
456	126	765	  1	
456	140	765	  1	
456	179	765	  1	
456	200	765	  1	
456	247	765	  1	
456	271	765	  1	
456	288	765	  1	
457	210	765	  1	
458	 11	765	  1	
458	 72	765	  1	
459	 16	765	  1	
459	152	765	  1	
459	218	765	  1	
459	295	765	  1	
460	  0	765	  1	
460	520	765	  1	
461	107	765	  1	
461	176	765	  1	
462	  3	765	  1	
462	 10	765	  1	
462	 27	765	  1	
462	 78	765	  1	
462	208	765	  1	
463	 15	765	  1	
463	 23	765	  1	
463	119	765	  1	
463	288	765	  1	
464	 32	765	  1	
464	 36	765	  1	
464	 50	765	  1	
464	 57	765	  1	
464	 64	765	  1	
464	 70	765	  1	
464	 88	765	  1	
464	131	765	  1	
464	141	765	  1	
464	170	765	  1	
464	227	765	  1	
464	290	765	  1	
464	391	765	  1	
464	431	765	  1	
464	512	765	  1	
464	559	765	  1	
465	592	765	  1	
467	272	765	  1	
468	111	765	  1	
469	 48	765	  1	
469	 67	765	  1	
469	 72	765	  1	
469	123	765	  1	
469	135	765	  1	
469	230	765	  1	
469	271	765	  1	
470	288	765	  1	
470	536	765	  1	
471	117	765	  1	
471	128	765	  1	
471	240	765	  1	
471	549	765	  1	
472	  8	765	  1	
472	 40	765	  1	
472	 86	765	  1	
472	 93	765	  1	
472	132	765	  1	
472	160	765	  1	
472	285	765	  1	
473	 75	765	  1	
473	 82	765	  1	
474	280	765	  1	
475	107	765	  1	
475	120	765	  1	
476	 12	765	  1	
477	112	765	  1	
477	288	765	  1	
478	  4	765	  1	
478	 40	765	  1	
479	160	765	  1	
479	216	765	  1	
479	232	765	  1	
479	239	765	  1	
480	  8	765	  1	
480	 21	765	  1	
480	 44	765	  1	
480	 55	765	  1	
480	 95	765	  1	
480	106	765	  1	
480	168	765	  1	
480	175	765	  1	
480	190	765	  1	
480	246	765	  1	
480	264	765	  1	
480	320	765	  1	
481	376	765	  1	
482	111	765	  1	
482	431	765	  1	
483	 40	765	  1	
483	183	765	  1	
483	224	765	  1	
483	240	765	  1	
485	 14	765	  1	
485	167	765	  1	
485	184	765	  1	
486	 54	765	  1	
486	309	765	  1	
487	 47	765	  1	
487	176	765	  1	
488	  5	765	  1	
488	 35	765	  1	
488	 85	765	  1	
488	132	765	  1	
488	152	765	  1	
488	195	765	  1	
488	213	765	  1	
488	229	765	  1	
488	253	765	  1	
489	123	765	  1	
489	240	765	  1	
489	245	765	  1	
490	112	765	  1	
490	208	765	  1	
491	 40	765	  1	
491	191	765	  1	
492	 80	765	  1	
493	 38	765	  1	
493	 56	765	  1	
493	142	765	  1	
493	224	765	  1	
493	248	765	  1	
493	262	765	  1	
494	 14	765	  1	
494	214	765	  1	
495	296	765	  1	
495	383	765	  1	
495	423	765	  1	
495	448	765	  1	
496	 10	765	  1	
496	 16	765	  1	
496	 45	765	  1	
496	 55	765	  1	
496	108	765	  1	
496	184	765	  1	
496	194	765	  1	
496	199	765	  1	
496	232	765	  1	
496	236	765	  1	
496	256	765	  1	
496	592	765	  1	
497	 83	765	  1	
498	 32	765	  1	
499	  0	765	  1	
499	208	765	  1	
499	346	765	  1	
501	372	765	  1	
502	 12	765	  1	
502	 38	765	  1	
502	106	765	  1	
502	330	765	  1	
503	259	765	  1	
504	 72	765	  1	
504	 91	765	  1	
504	101	765	  1	
504	128	765	  1	
504	159	765	  1	
504	179	765	  1	
504	189	765	  1	
504	211	765	  1	
504	224	765	  1	
504	323	765	  1	
505	152	765	  1	
505	263	765	  1	
506	230	765	  1	
507	 88	765	  1	
508	 94	765	  1	
508	127	765	  1	
508	184	765	  1	
509	  0	765	  1	
509	  7	765	  1	
509	158	765	  1	
509	176	765	  1	
510	120	765	  1	
510	152	765	  1	
510	224	765	  1	
510	296	765	  1	
511	320	765	  1	
511	327	765	  1	
512	 98	765	  1	
512	112	765	  1	
512	144	765	  1	
512	162	765	  1	
512	167	765	  1	
512	189	765	  1	
512	232	765	  1	
512	280	765	  1	
512	285	765	  1	
514	 69	765	  1	
514	267	765	  1	
515	 48	765	  1	
515	 64	765	  1	
515	159	765	  1	
515	272	765	  1	
515	303	765	  1	
516	262	765	  1	
517	184	765	  1	
517	208	765	  1	
518	 98	765	  1	
518	282	765	  1	
518	287	765	  1	
519	222	765	  1	
519	232	765	  1	
519	296	765	  1	
519	328	765	  1	
520	132	765	  1	
520	149	765	  1	
520	168	765	  1	
520	205	765	  1	
520	224	765	  1	
520	256	765	  1	
521	142	765	  1	
522	 95	765	  1	
522	360	765	  1	
523	 15	765	  1	
523	 28	765	  1	
523	104	765	  1	
523	125	765	  1	
523	152	765	  1	
523	231	765	  1	
524	 92	765	  1	
524	116	765	  1	
525	  0	765	  1	
526	 53	765	  1	
526	150	765	  1	
526	391	765	  1	
527	 88	765	  1	
527	 94	765	  1	
527	130	765	  1	
527	208	765	  1	
527	215	765	  1	
527	224	765	  1	
527	286	765	  1	
528	 40	765	  1	
528	 97	765	  1	
528	103	765	  1	
528	153	765	  1	
528	158	765	  1	
528	320	765	  1	
528	328	765	  1	
528	335	765	  1	
528	352	765	  1	
528	376	765	  1	
528	400	765	  1	
529	139	765	  1	
529	280	765	  1	
530	 99	765	  1	
531	 72	765	  1	
531	133	765	  1	
531	216	765	  1	
531	237	765	  1	
533	120	765	  1	
533	226	765	  1	
534	 98	765	  1	
534	115	765	  1	
534	382	765	  1	
535	103	765	  1	
535	331	765	  1	
536	 88	765	  1	
536	147	765	  1	
536	178	765	  1	
536	191	765	  1	
536	219	765	  1	
536	259	765	  1	
536	319	765	  1	
536	347	765	  1	
536	365	765	  1	
536	440	765	  1	
536	503	765	  1	
536	506	765	  1	
537	284	765	  1	
538	294	765	  1	
539	110	765	  1	
539	135	765	  1	
539	255	765	  1	
539	263	765	  1	
539	343	765	  1	
541	 72	765	  1	
541	 79	765	  1	
541	456	765	  1	
542	 96	765	  1	
542	128	765	  1	
542	288	765	  1	
543	216	765	  1	
543	223	765	  1	
543	259	765	  1	
543	365	765	  1	
543	507	765	  1	
544	 66	765	  1	
544	 80	765	  1	
544	 87	765	  1	
544	104	765	  1	
544	126	765	  1	
544	138	765	  1	
544	154	765	  1	
544	315	765	  1	
544	352	765	  1	
544	384	765	  1	
544	391	765	  1	
544	400	765	  1	
544	407	765	  1	
546	102	765	  1	
546	136	765	  1	
547	192	765	  1	
547	359	765	  1	
548	184	765	  1	
549	123	765	  1	
549	170	765	  1	
550	 67	765	  1	
550	387	765	  1	
551	 75	765	  1	
551	112	765	  1	
551	138	765	  1	
551	312	765	  1	
551	319	765	  1	
551	341	765	  1	
551	352	765	  1	
551	367	765	  1	
551	403	765	  1	
551	452	765	  1	
552	131	765	  1	
552	149	765	  1	
552	304	765	  1	
552	344	765	  1	
554	181	765	  1	
554	293	765	  1	
555	119	765	  1	
556	190	765	  1	
556	368	765	  1	
558	375	765	  1	
558	472	765	  1	
559	112	765	  1	
559	146	765	  1	
559	160	765	  1	
559	246	765	  1	
560	155	765	  1	
560	210	765	  1	
560	232	765	  1	
560	239	765	  1	
560	267	765	  1	
560	310	765	  1	
560	316	765	  1	
560	343	765	  1	
560	376	765	  1	
560	386	765	  1	
560	413	765	  1	
560	527	765	  1	
561	320	765	  1	
562	272	765	  1	
563	 69	765	  1	
563	336	765	  1	
563	365	765	  1	
563	448	765	  1	
564	264	765	  1	
565	163	765	  1	
566	 93	765	  1	
566	380	765	  1	
567	152	765	  1	
567	159	765	  1	
567	235	765	  1	
567	287	765	  1	
567	343	765	  1	
567	360	765	  1	
568	  8	765	  1	
568	110	765	  1	
568	140	765	  1	
568	168	765	  1	
568	264	765	  1	
568	271	765	  1	
568	373	765	  1	
568	408	765	  1	
568	435	765	  1	
569	 63	765	  1	
571	208	765	  1	
571	246	765	  1	
571	324	765	  1	
571	384	765	  1	
573	104	765	  1	
575	320	765	  1	
575	326	765	  1	
575	432	765	  1	
575	439	765	  1	
576	  0	765	  1	
576	  7	765	  1	
576	168	765	  1	
576	216	765	  1	
576	224	765	  1	
576	231	765	  1	
576	311	765	  1	
576	376	765	  1	
576	383	765	  1	
577	304	765	  1	
578	352	765	  1	
583	  3	765	  1	
583	227	765	  1	
583	379	765	  1	
583	495	765	  1	
584	 56	765	  1	
584	 96	765	  1	
584	157	765	  1	
584	192	765	  1	
584	199	765	  1	
584	387	765	  1	
585	144	765	  1	
585	149	765	  1	
585	219	765	  1	
587	216	765	  1	
589	136	765	  1	
589	328	765	  1	
590	 56	765	  1	
590	312	765	  1	
590	344	765	  1	
590	428	765	  1	
591	  0	765	  1	
591	  7	765	  1	
591	192	765	  1	
591	199	765	  1	
591	264	765	  1	
591	271	765	  1	
591	392	765	  1	
592	 88	765	  1	
592	113	765	  1	
592	168	765	  1	
592	195	765	  1	
592	203	765	  1	
592	224	765	  1	
592	235	765	  1	
592	352	765	  1	
592	363	765	  1	
592	408	765	  1	
594	200	765	  1	
595	 56	765	  1	
595	 96	765	  1	
595	359	765	  1	
597	 99	765	  1	
597	144	765	  1	
597	242	765	  1	
599	168	765	  1	
599	192	765	  1	
599	199	765	  1	
599	204	765	  1	
599	207	765	  1	
599	219	765	  1	
599	247	765	  1	
599	352	765	  1	
599	400	765	  1	
599	463	765	  1	
600	  7	765	  1	
600	136	765	  1	
600	186	765	  1	
600	194	765	  1	
600	208	765	  1	
600	215	765	  1	
600	222	765	  1	
600	264	765	  1	
600	279	765	  1	
602	175	765	  1	
602	359	765	  1	
604	232	765	  1	
604	239	765	  1	
604	280	765	  1	
605	256	765	  1	
605	274	765	  1	
606	287	765	  1	
606	378	765	  1	
607	170	765	  1	
607	211	765	  1	
607	247	765	  1	
607	371	765	  1	
608	  8	765	  1	
608	219	765	  1	
608	263	765	  1	
608	309	765	  1	
608	324	765	  1	
608	367	765	  1	
609	216	765	  1	
610	  2	765	  1	
610	568	765	  1	
611	280	765	  1	
611	304	765	  1	
611	360	765	  1	
612	426	765	  1	
613	327	765	  1	
615	  8	765	  1	
615	367	765	  1	
615	407	765	  1	
616	104	765	  1	
616	131	765	  1	
616	234	765	  1	
616	239	765	  1	
616	256	765	  1	
616	264	765	  1	
616	268	765	  1	
616	295	765	  1	
616	384	765	  1	
617	304	765	  1	
617	311	765	  1	
618	247	765	  1	
619	223	765	  1	
619	253	765	  1	
622	 69	765	  1	
622	240	765	  1	
622	295	765	  1	
622	347	765	  1	
622	359	765	  1	
623	  5	765	  1	
623	440	765	  1	
624	 71	765	  1	
624	124	765	  1	
624	277	765	  1	
624	319	765	  1	
624	335	765	  1	
624	352	765	  1	
626	 96	765	  1	
627	312	765	  1	
631	 96	765	  1	
631	110	765	  1	
631	127	765	  1	
631	319	765	  1	
631	414	765	  1	
632	  8	765	  1	
632	 71	765	  1	
632	162	765	  1	
632	247	765	  1	
632	261	765	  1	
632	373	765	  1	
633	 78	765	  1	
635	240	765	  1	
635	294	765	  1	
636	191	765	  1	
638	167	765	  1	
639	 79	765	  1	
639	247	765	  1	
640	248	765	  1	
640	277	765	  1	
640	295	765	  1	
640	302	765	  1	
640	464	765	  1	
640	575	765	  1	
642	427	765	  1	
643	360	765	  1	
646	288	765	  1	
646	387	765	  1	
647	 74	765	  1	
647	572	765	  1	
648	130	765	  1	
648	179	765	  1	
648	280	765	  1	
649	152	765	  1	
649	157	765	  1	
649	238	765	  1	
651	217	765	  1	
651	363	765	  1	
653	143	765	  1	
656	103	765	  1	
656	168	765	  1	
659	192	765	  1	
663	139	765	  1	
664	189	765	  1	
664	272	765	  1	
667	287	765	  1	
671	  8	765	  1	
671	255	765	  1	
672	198	765	  1	
675	336	765	  1	
678	195	765	  1	
679	 95	765	  1	
680	135	765	  1	
680	555	765	  1	
682	248	765	  1	
683	192	765	  1	
685	  8	765	  1	
687	391	765	  1	
688	304	765	  1	
693	 80	765	  1	
694	200	765	  1	
695	172	765	  1	
696	181	765	  1	
696	184	765	  1	
696	247	765	  1	
698	408	765	  1	
702	274	765	  1	
703	160	765	  1	
703	215	765	  1	
712	216	765	  1	
717	221	765	  1	
720	284	765	  1	
736	 98	765	  1	
752	 93	765	  1	
762	283	765	  1	
768	159	765	  1	
771	 48	765	  1	
796	181	765	  1	
