# 
#  Image file: Goad1_T0153.jpg
#  Applied threshold: 575
#  Algorithm used: fill2                 
#  Particle count: 1991
#  Location (x,y), max luminance, and mass:
# 
  0	231	765	  1	
  2	392	765	  1	
  8	128	765	  1	
  9	311	765	  1	
 11	599	765	  1	
 12	457	765	  1	
 13	304	765	  1	
 14	274	765	  1	
 15	171	765	  1	
 16	216	765	  1	
 18	299	765	  1	
 23	192	765	  1	
 23	208	765	  1	
 23	215	765	  1	
 24	384	765	  1	
 31	232	765	  1	
 31	311	765	  1	
 39	304	765	  1	
 40	112	765	  1	
 40	298	765	  1	
 43	444	765	  1	
 47	288	765	  1	
 48	240	765	  1	
 48	247	765	  1	
 52	 87	765	  1	
 53	207	765	  1	
 55	243	765	  1	
 55	248	765	  1	
 55	255	765	  1	
 56	 99	765	  1	
 58	268	765	  1	
 61	256	765	  1	
 63	111	765	  1	
 64	231	765	  1	
 67	 92	765	  1	
 70	108	765	  1	
 70	289	765	  1	
 72	176	765	  1	
 72	376	765	  1	
 73	542	765	  1	
 77	359	765	  1	
 79	352	765	  1	
 79	376	765	  1	
 86	131	765	  1	
 87	367	765	  1	
 88	352	765	  1	
 88	375	765	  1	
 90	408	765	  1	
 92	176	765	  1	
 94	151	765	  1	
 95	135	765	  1	
 95	216	765	  1	
 95	223	765	  1	
 95	354	765	  1	
 95	408	765	  1	
 96	349	765	  1	
100	359	765	  1	
102	183	765	  1	
103	424	765	  1	
104	128	765	  1	
104	415	765	  1	
106	267	765	  1	
106	311	765	  1	
107	213	765	  1	
107	408	765	  1	
108	129	765	  1	
109	296	765	  1	
111	310	765	  1	
111	360	765	  1	
111	415	765	  1	
111	550	765	  1	
112	120	765	  1	
112	173	765	  1	
114	127	765	  1	
116	440	765	  1	
118	104	765	  1	
118	111	765	  1	
119	122	765	  1	
119	171	765	  1	
120	 24	765	  1	
123	101	765	  1	
123	112	765	  1	
124	 34	765	  1	
124	335	765	  1	
124	472	765	  1	
125	266	765	  1	
126	203	765	  1	
126	384	765	  1	
127	390	765	  1	
128	184	765	  1	
128	194	765	  1	
128	227	765	  1	
128	239	765	  1	
128	293	765	  1	
128	504	765	  1	
131	191	765	  1	
131	232	765	  1	
132	163	765	  1	
132	176	765	  1	
132	207	765	  1	
132	294	765	  1	
133	223	765	  1	
134	183	765	  1	
135	231	765	  1	
135	239	765	  1	
135	267	765	  1	
135	290	765	  1	
135	383	765	  1	
135	421	765	  1	
136	207	765	  1	
136	296	765	  1	
136	312	765	  1	
136	384	765	  1	
136	536	765	  1	
137	293	765	  1	
138	288	765	  1	
139	167	765	  1	
139	319	765	  1	
139	543	765	  1	
140	511	765	  1	
142	229	765	  1	
143	194	765	  1	
143	296	765	  1	
143	312	765	  1	
143	536	765	  1	
144	202	765	  1	
144	279	765	  1	
144	392	765	  1	
144	403	765	  1	
146	162	765	  1	
147	167	765	  1	
147	255	765	  1	
147	347	765	  1	
148	328	765	  1	
149	315	765	  1	
150	206	765	  1	
150	335	765	  1	
151	 19	765	  1	
151	187	765	  1	
151	388	765	  1	
151	400	765	  1	
151	407	765	  1	
152	 87	765	  1	
152	 98	765	  1	
152	176	765	  1	
152	183	765	  1	
152	224	765	  1	
152	252	765	  1	
152	272	765	  1	
152	276	765	  1	
152	286	765	  1	
152	331	765	  1	
152	434	765	  1	
155	 80	765	  1	
156	192	765	  1	
156	259	765	  1	
156	325	765	  1	
156	392	765	  1	
156	490	765	  1	
157	240	765	  1	
157	264	765	  1	
158	287	765	  1	
158	307	765	  1	
158	320	765	  1	
159	 87	765	  1	
159	 91	765	  1	
159	179	765	  1	
159	328	765	  1	
159	335	765	  1	
159	495	765	  1	
160	 47	765	  1	
160	112	765	  1	
160	143	765	  1	
160	399	765	  1	
160	410	765	  1	
160	568	765	  1	
161	 88	765	  1	
161	 95	765	  1	
161	261	765	  1	
163	 40	765	  1	
163	136	765	  1	
163	248	765	  1	
163	352	765	  1	
165	104	765	  1	
166	 69	765	  1	
166	 98	765	  1	
167	 24	765	  1	
167	 47	765	  1	
167	143	765	  1	
167	160	765	  1	
167	167	765	  1	
167	395	765	  1	
168	  8	765	  1	
168	 87	765	  1	
168	152	765	  1	
168	159	765	  1	
168	175	765	  1	
168	187	765	  1	
168	272	765	  1	
168	320	765	  1	
168	343	765	  1	
168	378	765	  1	
169	112	765	  1	
169	169	765	  1	
170	280	765	  1	
171	 80	765	  1	
171	232	765	  1	
171	235	765	  1	
171	239	765	  1	
171	336	765	  1	
172	119	765	  1	
173	 56	765	  1	
173	112	765	  1	
173	131	765	  1	
173	224	765	  1	
173	383	765	  1	
174	  3	765	  1	
175	 87	765	  1	
175	155	765	  1	
175	343	765	  1	
175	367	765	  1	
176	 53	765	  1	
176	 80	765	  1	
176	 90	765	  1	
176	108	765	  1	
176	123	765	  1	
176	137	765	  1	
176	180	765	  1	
176	197	765	  1	
176	232	765	  1	
176	264	765	  1	
176	402	765	  1	
177	240	765	  1	
178	  0	765	  1	
178	 87	765	  1	
178	288	765	  1	
179	104	765	  1	
179	144	765	  1	
179	347	765	  1	
179	471	765	  1	
180	 94	765	  1	
180	253	765	  1	
180	363	765	  1	
180	376	765	  1	
181	185	765	  1	
181	242	765	  1	
182	 81	765	  1	
182	108	765	  1	
182	194	765	  1	
183	112	765	  1	
183	357	765	  1	
184	144	765	  1	
184	151	765	  1	
184	168	765	  1	
184	218	765	  1	
184	238	765	  1	
184	279	765	  1	
184	360	765	  1	
184	441	765	  1	
184	536	765	  1	
186	157	765	  1	
186	232	765	  1	
186	366	765	  1	
186	529	765	  1	
187	175	765	  1	
187	272	765	  1	
187	463	765	  1	
188	 84	765	  1	
188	119	765	  1	
188	543	765	  1	
189	 95	765	  1	
189	104	765	  1	
189	216	765	  1	
189	223	765	  1	
190	128	765	  1	
190	442	765	  1	
191	168	765	  1	
191	191	765	  1	
191	199	765	  1	
191	279	765	  1	
191	288	765	  1	
191	293	765	  1	
191	450	765	  1	
192	  6	765	  1	
192	 95	765	  1	
192	160	765	  1	
192	167	765	  1	
192	171	765	  1	
192	208	765	  1	
192	303	765	  1	
192	386	765	  1	
194	534	765	  1	
195	 83	765	  1	
195	271	765	  1	
195	538	765	  1	
196	528	765	  1	
197	219	765	  1	
197	448	765	  1	
198	232	765	  1	
198	344	765	  1	
198	391	765	  1	
199	  6	765	  1	
199	 80	765	  1	
199	163	765	  1	
199	168	765	  1	
199	175	765	  1	
199	208	765	  1	
199	403	765	  1	
199	440	765	  1	
199	543	765	  1	
200	 26	765	  1	
200	126	765	  1	
200	155	765	  1	
200	317	765	  1	
200	368	765	  1	
200	528	765	  1	
201	113	765	  1	
202	203	765	  1	
203	312	765	  1	
204	215	765	  1	
204	358	765	  1	
205	 71	765	  1	
205	 77	765	  1	
205	112	765	  1	
205	158	765	  1	
205	301	765	  1	
205	376	765	  1	
206	127	765	  1	
206	208	765	  1	
206	347	765	  1	
207	161	765	  1	
207	216	765	  1	
207	223	765	  1	
208	 35	765	  1	
208	 47	765	  1	
208	 88	765	  1	
208	 94	765	  1	
208	104	765	  1	
208	110	765	  1	
208	135	765	  1	
208	237	765	  1	
208	278	765	  1	
208	374	765	  1	
208	415	765	  1	
208	439	765	  1	
208	456	765	  1	
208	471	765	  1	
208	492	765	  1	
208	504	765	  1	
208	516	765	  1	
210	370	765	  1	
211	240	765	  1	
212	 44	765	  1	
212	133	765	  1	
212	311	765	  1	
213	 91	765	  1	
213	107	765	  1	
213	232	765	  1	
214	121	765	  1	
214	362	765	  1	
214	375	765	  1	
215	 32	765	  1	
215	 39	765	  1	
215	112	765	  1	
215	432	765	  1	
215	517	765	  1	
216	  7	765	  1	
216	 48	765	  1	
216	 52	765	  1	
216	160	765	  1	
216	216	765	  1	
216	265	765	  1	
216	334	765	  1	
216	342	765	  1	
216	379	765	  1	
216	383	765	  1	
216	495	765	  1	
217	167	765	  1	
219	  0	765	  1	
219	112	765	  1	
219	119	765	  1	
219	130	765	  1	
219	176	765	  1	
219	370	765	  1	
219	488	765	  1	
220	  7	765	  1	
220	161	765	  1	
221	120	765	  1	
221	168	765	  1	
221	238	765	  1	
221	264	765	  1	
221	315	765	  1	
222	 50	765	  1	
222	 55	765	  1	
222	262	765	  1	
222	335	765	  1	
223	109	765	  1	
223	126	765	  1	
223	278	765	  1	
223	360	765	  1	
223	495	765	  1	
224	 19	765	  1	
224	 52	765	  1	
224	 64	765	  1	
224	 77	765	  1	
224	 96	765	  1	
224	106	765	  1	
224	135	765	  1	
224	144	765	  1	
224	178	765	  1	
224	203	765	  1	
224	224	765	  1	
224	312	765	  1	
224	336	765	  1	
224	348	765	  1	
224	373	765	  1	
224	384	765	  1	
224	558	765	  1	
226	116	765	  1	
226	303	765	  1	
226	457	765	  1	
227	  8	765	  1	
229	 87	765	  1	
229	102	765	  1	
229	158	765	  1	
229	235	765	  1	
229	342	765	  1	
229	368	765	  1	
229	390	765	  1	
230	 55	765	  1	
230	 77	765	  1	
230	555	765	  1	
231	 16	765	  1	
231	 23	765	  1	
231	 45	765	  1	
231	144	765	  1	
231	183	765	  1	
231	312	765	  1	
231	408	765	  1	
231	459	765	  1	
232	 72	765	  1	
232	112	765	  1	
232	131	765	  1	
232	141	765	  1	
232	153	765	  1	
232	161	765	  1	
232	188	765	  1	
232	194	765	  1	
232	214	765	  1	
232	224	765	  1	
232	240	765	  1	
232	269	765	  1	
232	374	765	  1	
232	392	765	  1	
232	399	765	  1	
232	418	765	  1	
232	440	765	  1	
232	479	765	  1	
232	485	765	  1	
232	559	765	  1	
234	 90	765	  1	
234	382	765	  1	
235	  6	765	  1	
235	202	765	  1	
236	 55	765	  1	
237	360	765	  1	
237	371	765	  1	
238	 13	765	  1	
238	176	765	  1	
238	376	765	  1	
238	552	765	  1	
239	255	765	  1	
239	343	765	  1	
239	395	765	  1	
239	443	765	  1	
239	485	765	  1	
240	104	765	  1	
240	168	765	  1	
240	192	765	  1	
240	237	765	  1	
240	275	765	  1	
240	280	765	  1	
240	312	765	  1	
240	346	765	  1	
240	503	765	  1	
242	 10	765	  1	
242	232	765	  1	
242	252	765	  1	
242	392	765	  1	
242	399	765	  1	
243	 30	765	  1	
243	240	765	  1	
244	383	765	  1	
245	 54	765	  1	
245	351	765	  1	
246	 19	765	  1	
246	171	765	  1	
246	176	765	  1	
246	238	765	  1	
246	319	765	  1	
246	376	765	  1	
246	395	765	  1	
246	555	765	  1	
247	 15	765	  1	
247	 64	765	  1	
247	245	765	  1	
247	432	765	  1	
248	100	765	  1	
248	148	765	  1	
248	208	765	  1	
248	229	765	  1	
248	304	765	  1	
248	308	765	  1	
248	324	765	  1	
248	384	765	  1	
248	408	765	  1	
248	447	765	  1	
248	515	765	  1	
249	 32	765	  1	
249	 39	765	  1	
249	570	765	  1	
250	414	765	  1	
251	200	765	  1	
251	391	765	  1	
252	  7	765	  1	
252	 12	765	  1	
252	144	765	  1	
252	255	765	  1	
253	224	765	  1	
253	248	765	  1	
253	344	765	  1	
253	360	765	  1	
254	  0	765	  1	
254	211	765	  1	
254	408	765	  1	
255	136	765	  1	
255	384	765	  1	
255	440	765	  1	
256	 29	765	  1	
256	 42	765	  1	
256	 47	765	  1	
256	 53	765	  1	
256	232	765	  1	
256	239	765	  1	
256	250	765	  1	
256	261	765	  1	
256	296	765	  1	
256	350	765	  1	
256	496	765	  1	
256	502	765	  1	
258	 24	765	  1	
259	168	765	  1	
261	 76	765	  1	
261	 88	765	  1	
261	200	765	  1	
261	230	765	  1	
261	272	765	  1	
261	509	765	  1	
262	 30	765	  1	
262	 37	765	  1	
262	207	765	  1	
262	347	765	  1	
262	488	765	  1	
262	560	765	  1	
263	235	765	  1	
264	 20	765	  1	
264	 64	765	  1	
264	 68	765	  1	
264	151	765	  1	
264	216	765	  1	
264	271	765	  1	
264	289	765	  1	
264	363	765	  1	
264	400	765	  1	
264	536	765	  1	
264	559	765	  1	
265	 38	765	  1	
266	240	765	  1	
266	252	765	  1	
267	 16	765	  1	
267	271	765	  1	
267	344	765	  1	
269	119	765	  1	
269	477	765	  1	
269	543	765	  1	
270	189	765	  1	
270	364	765	  1	
270	415	765	  1	
270	522	765	  1	
271	184	765	  1	
271	240	765	  1	
271	248	765	  1	
271	261	765	  1	
271	400	765	  1	
271	480	765	  1	
272	  6	765	  1	
272	 27	765	  1	
272	 37	765	  1	
272	 43	765	  1	
272	 71	765	  1	
272	 80	765	  1	
272	163	765	  1	
272	191	765	  1	
272	198	765	  1	
272	205	765	  1	
272	216	765	  1	
272	231	765	  1	
272	280	765	  1	
272	330	765	  1	
272	412	765	  1	
272	487	765	  1	
272	519	765	  1	
273	224	765	  1	
274	401	765	  1	
274	536	765	  1	
275	  0	765	  1	
275	269	765	  1	
275	512	765	  1	
277	  7	765	  1	
277	502	765	  1	
277	527	765	  1	
278	233	765	  1	
278	255	765	  1	
279	 24	765	  1	
279	 31	765	  1	
279	 47	765	  1	
279	413	765	  1	
279	519	765	  1	
279	523	765	  1	
279	540	765	  1	
280	 32	765	  1	
280	 56	765	  1	
280	249	765	  1	
280	260	765	  1	
280	285	765	  1	
280	318	765	  1	
280	362	765	  1	
280	414	765	  1	
280	562	765	  1	
280	567	765	  1	
281	152	765	  1	
282	 39	765	  1	
282	208	765	  1	
283	174	765	  1	
283	404	765	  1	
284	 56	765	  1	
285	  3	765	  1	
285	219	765	  1	
285	244	765	  1	
285	312	765	  1	
286	 45	765	  1	
286	 64	765	  1	
286	400	765	  1	
286	423	765	  1	
286	503	765	  1	
286	526	765	  1	
287	224	765	  1	
287	256	765	  1	
288	  0	765	  1	
288	 77	765	  1	
288	 91	765	  1	
288	141	765	  1	
288	200	765	  1	
288	248	765	  1	
288	251	765	  1	
288	291	765	  1	
288	309	765	  1	
288	314	765	  1	
288	382	765	  1	
288	475	765	  1	
288	504	765	  1	
288	511	765	  1	
289	158	765	  1	
290	 21	765	  1	
290	136	765	  1	
290	256	765	  1	
291	 16	765	  1	
291	224	765	  1	
291	325	765	  1	
291	403	765	  1	
291	554	765	  1	
291	559	765	  1	
293	 37	765	  1	
293	 72	765	  1	
293	 86	765	  1	
293	 96	765	  1	
293	168	765	  1	
294	306	765	  1	
294	383	765	  1	
294	415	765	  1	
295	 48	765	  1	
295	 80	765	  1	
295	179	765	  1	
295	523	765	  1	
296	  6	765	  1	
296	 63	765	  1	
296	127	765	  1	
296	156	765	  1	
296	224	765	  1	
296	231	765	  1	
296	251	765	  1	
296	307	765	  1	
296	459	765	  1	
296	511	765	  1	
297	 95	765	  1	
297	243	765	  1	
297	414	765	  1	
298	 80	765	  1	
298	139	765	  1	
298	200	765	  1	
299	238	765	  1	
299	296	765	  1	
299	376	765	  1	
299	474	765	  1	
299	504	765	  1	
299	519	765	  1	
300	 15	765	  1	
300	311	765	  1	
301	  2	765	  1	
301	 48	765	  1	
301	176	765	  1	
301	183	765	  1	
301	535	765	  1	
302	143	765	  1	
302	224	765	  1	
302	232	765	  1	
303	 84	765	  1	
303	383	765	  1	
303	511	765	  1	
304	 72	765	  1	
304	135	765	  1	
304	175	765	  1	
304	195	765	  1	
304	239	765	  1	
304	286	765	  1	
304	304	765	  1	
304	313	765	  1	
304	328	765	  1	
304	379	765	  1	
304	397	765	  1	
304	407	765	  1	
304	415	765	  1	
304	493	765	  1	
304	503	765	  1	
306	168	765	  1	
306	369	765	  1	
307	152	765	  1	
307	408	765	  1	
307	486	765	  1	
308	312	765	  1	
308	544	765	  1	
309	  0	765	  1	
309	182	765	  1	
309	396	765	  1	
310	 15	765	  1	
310	187	765	  1	
310	192	765	  1	
310	226	765	  1	
310	307	765	  1	
310	380	765	  1	
311	 96	765	  1	
311	123	765	  1	
311	175	765	  1	
311	258	765	  1	
311	368	765	  1	
311	403	765	  1	
311	415	765	  1	
312	 16	765	  1	
312	 34	765	  1	
312	 44	765	  1	
312	 79	765	  1	
312	120	765	  1	
312	147	765	  1	
312	179	765	  1	
312	312	765	  1	
312	408	765	  1	
312	412	765	  1	
312	439	765	  1	
314	126	765	  1	
314	150	765	  1	
314	362	765	  1	
314	440	765	  1	
315	 23	765	  1	
315	 56	765	  1	
315	144	765	  1	
315	199	765	  1	
315	326	765	  1	
315	367	765	  1	
315	400	765	  1	
316	  0	765	  1	
316	 15	765	  1	
316	397	765	  1	
317	 47	765	  1	
317	478	765	  1	
318	120	765	  1	
318	235	765	  1	
318	320	765	  1	
318	349	765	  1	
318	413	765	  1	
318	488	765	  1	
319	  9	765	  1	
319	 75	765	  1	
319	192	765	  1	
319	408	765	  1	
320	110	765	  1	
320	123	765	  1	
320	133	765	  1	
320	155	765	  1	
320	162	765	  1	
320	200	765	  1	
320	206	765	  1	
320	267	765	  1	
320	302	765	  1	
320	344	765	  1	
320	353	765	  1	
320	384	765	  1	
320	390	765	  1	
321	411	765	  1	
322	350	765	  1	
323	 67	765	  1	
323	 86	765	  1	
323	330	765	  1	
325	 47	765	  1	
325	144	765	  1	
325	387	765	  1	
326	343	765	  1	
327	264	765	  1	
327	271	765	  1	
327	392	765	  1	
327	397	765	  1	
327	584	765	  1	
328	  0	765	  1	
328	 19	765	  1	
328	 64	765	  1	
328	 79	765	  1	
328	 96	765	  1	
328	114	765	  1	
328	130	765	  1	
328	140	765	  1	
328	190	765	  1	
328	317	765	  1	
328	352	765	  1	
328	371	765	  1	
328	384	765	  1	
328	493	765	  1	
328	567	765	  1	
329	582	765	  1	
330	 99	765	  1	
330	247	765	  1	
330	312	765	  1	
331	  7	765	  1	
331	 72	765	  1	
331	224	765	  1	
331	264	765	  1	
331	433	765	  1	
331	560	765	  1	
333	115	765	  1	
333	184	765	  1	
333	292	765	  1	
334	108	765	  1	
334	318	765	  1	
335	 79	765	  1	
335	271	765	  1	
335	342	765	  1	
335	368	765	  1	
335	375	765	  1	
335	567	765	  1	
336	 24	765	  1	
336	152	765	  1	
336	205	765	  1	
336	215	765	  1	
336	235	765	  1	
336	320	765	  1	
336	327	765	  1	
336	356	765	  1	
336	381	765	  1	
336	447	765	  1	
336	544	765	  1	
340	 39	765	  1	
340	463	765	  1	
341	 99	765	  1	
341	175	765	  1	
341	328	765	  1	
342	104	765	  1	
342	267	765	  1	
342	352	765	  1	
343	357	765	  1	
343	458	765	  1	
344	  0	765	  1	
344	  4	765	  1	
344	  8	765	  1	
344	 46	765	  1	
344	 67	765	  1	
344	 78	765	  1	
344	 82	765	  1	
344	136	765	  1	
344	159	765	  1	
344	162	765	  1	
344	167	765	  1	
344	232	765	  1	
344	321	765	  1	
344	365	765	  1	
344	402	765	  1	
344	439	765	  1	
344	455	765	  1	
344	487	765	  1	
344	541	765	  1	
345	310	765	  1	
346	 73	765	  1	
346	368	765	  1	
347	328	765	  1	
347	343	765	  1	
347	352	765	  1	
347	448	765	  1	
348	482	765	  1	
349	 88	765	  1	
349	186	765	  1	
349	436	765	  1	
349	471	765	  1	
350	162	765	  1	
350	375	765	  1	
351	 78	765	  1	
351	167	765	  1	
351	200	765	  1	
351	336	765	  1	
351	455	765	  1	
351	491	765	  1	
352	  7	765	  1	
352	 47	765	  1	
352	160	765	  1	
352	192	765	  1	
352	217	765	  1	
352	222	765	  1	
352	243	765	  1	
352	257	765	  1	
352	271	765	  1	
352	312	765	  1	
352	326	765	  1	
352	342	765	  1	
352	347	765	  1	
352	360	765	  1	
352	364	765	  1	
352	376	765	  1	
352	576	765	  1	
354	 31	765	  1	
354	240	765	  1	
354	267	765	  1	
354	295	765	  1	
354	456	765	  1	
354	463	765	  1	
355	 40	765	  1	
355	302	765	  1	
356	257	765	  1	
357	  0	765	  1	
357	 72	765	  1	
357	151	765	  1	
357	304	765	  1	
357	339	765	  1	
358	  5	765	  1	
358	 58	765	  1	
358	167	765	  1	
358	469	765	  1	
358	560	765	  1	
358	567	765	  1	
359	 47	765	  1	
359	223	765	  1	
359	248	765	  1	
360	 48	765	  1	
360	 63	765	  1	
360	131	765	  1	
360	210	765	  1	
360	232	765	  1	
360	270	765	  1	
360	282	765	  1	
360	312	765	  1	
360	407	765	  1	
360	411	765	  1	
360	421	765	  1	
360	438	765	  1	
360	448	765	  1	
360	522	765	  1	
360	527	765	  1	
361	112	765	  1	
361	208	765	  1	
361	453	765	  1	
362	118	765	  1	
362	416	765	  1	
362	432	765	  1	
363	176	765	  1	
363	317	765	  1	
363	335	765	  1	
363	382	765	  1	
363	440	765	  1	
363	583	765	  1	
364	392	765	  1	
365	135	765	  1	
365	168	765	  1	
365	238	765	  1	
365	255	765	  1	
365	266	765	  1	
366	 59	765	  1	
366	 96	765	  1	
366	172	765	  1	
366	405	765	  1	
366	422	765	  1	
366	439	765	  1	
366	471	765	  1	
367	112	765	  1	
367	328	765	  1	
367	415	765	  1	
368	 38	765	  1	
368	 72	765	  1	
368	107	765	  1	
368	114	765	  1	
368	175	765	  1	
368	344	765	  1	
368	362	765	  1	
368	442	765	  1	
368	535	765	  1	
369	453	765	  1	
371	151	765	  1	
371	168	765	  1	
372	448	765	  1	
373	103	765	  1	
373	128	765	  1	
373	144	765	  1	
373	264	765	  1	
374	189	765	  1	
374	455	765	  1	
374	464	765	  1	
375	 48	765	  1	
375	362	765	  1	
376	  6	765	  1	
376	 23	765	  1	
376	 43	765	  1	
376	 88	765	  1	
376	 98	765	  1	
376	143	765	  1	
376	182	765	  1	
376	240	765	  1	
376	246	765	  1	
376	269	765	  1	
376	312	765	  1	
376	336	765	  1	
376	385	765	  1	
376	405	765	  1	
376	431	765	  1	
376	459	765	  1	
376	496	765	  1	
376	519	765	  1	
377	354	765	  1	
378	 71	765	  1	
378	136	765	  1	
378	157	765	  1	
378	211	765	  1	
378	264	765	  1	
378	395	765	  1	
378	424	765	  1	
378	472	765	  1	
379	248	765	  1	
379	503	765	  1	
379	511	765	  1	
380	 12	765	  1	
380	375	765	  1	
380	448	765	  1	
381	  8	765	  1	
381	176	765	  1	
381	243	765	  1	
381	344	765	  1	
382	  4	765	  1	
382	 40	765	  1	
382	270	765	  1	
382	371	765	  1	
382	432	765	  1	
382	439	765	  1	
382	455	765	  1	
383	152	765	  1	
383	463	765	  1	
383	496	765	  1	
383	519	765	  1	
384	  0	765	  1	
384	  8	765	  1	
384	 52	765	  1	
384	 91	765	  1	
384	142	765	  1	
384	151	765	  1	
384	172	765	  1	
384	204	765	  1	
384	253	765	  1	
384	272	765	  1	
384	282	765	  1	
384	291	765	  1	
384	303	765	  1	
384	312	765	  1	
384	392	765	  1	
384	493	765	  1	
384	568	765	  1	
386	432	765	  1	
387	 24	765	  1	
387	311	765	  1	
387	334	765	  1	
388	168	765	  1	
388	175	765	  1	
388	298	765	  1	
389	 12	765	  1	
389	192	765	  1	
389	283	765	  1	
389	288	765	  1	
390	  3	765	  1	
390	207	765	  1	
390	320	765	  1	
391	512	765	  1	
391	519	765	  1	
392	149	765	  1	
392	169	765	  1	
392	215	765	  1	
392	224	765	  1	
392	237	765	  1	
392	287	765	  1	
392	370	765	  1	
392	387	765	  1	
392	422	765	  1	
392	430	765	  1	
392	438	765	  1	
394	165	765	  1	
394	442	765	  1	
394	501	765	  1	
394	572	765	  1	
395	175	765	  1	
395	208	765	  1	
395	447	765	  1	
395	500	765	  1	
396	200	765	  1	
397	  0	765	  1	
397	144	765	  1	
397	232	765	  1	
398	173	765	  1	
398	183	765	  1	
399	215	765	  1	
399	287	765	  1	
399	351	765	  1	
399	436	765	  1	
400	128	765	  1	
400	149	765	  1	
400	160	765	  1	
400	165	765	  1	
400	241	765	  1	
400	255	765	  1	
400	264	765	  1	
400	332	765	  1	
400	336	765	  1	
400	448	765	  1	
400	455	765	  1	
400	467	765	  1	
401	359	765	  1	
403	 32	765	  1	
403	247	765	  1	
403	463	765	  1	
405	194	765	  1	
405	199	765	  1	
405	205	765	  1	
405	224	765	  1	
405	335	765	  1	
406	339	765	  1	
407	  0	765	  1	
407	272	765	  1	
407	279	765	  1	
407	320	765	  1	
407	356	765	  1	
407	391	765	  1	
407	451	765	  1	
407	456	765	  1	
408	  8	765	  1	
408	 48	765	  1	
408	 64	765	  1	
408	207	765	  1	
408	240	765	  1	
408	307	765	  1	
408	327	765	  1	
408	368	765	  1	
408	431	765	  1	
408	559	765	  1	
408	567	765	  1	
409	152	765	  1	
409	189	765	  1	
411	 53	765	  1	
411	200	765	  1	
411	427	765	  1	
412	 10	765	  1	
412	224	765	  1	
412	336	765	  1	
413	112	765	  1	
413	160	765	  1	
413	304	765	  1	
414	190	765	  1	
415	183	765	  1	
415	207	765	  1	
415	323	765	  1	
415	349	765	  1	
416	  0	765	  1	
416	 19	765	  1	
416	136	765	  1	
416	144	765	  1	
416	200	765	  1	
416	211	765	  1	
416	235	765	  1	
416	263	765	  1	
416	332	765	  1	
416	376	765	  1	
416	383	765	  1	
417	119	765	  1	
417	189	765	  1	
418	  5	765	  1	
419	 12	765	  1	
419	208	765	  1	
419	256	765	  1	
419	431	765	  1	
421	113	765	  1	
421	232	765	  1	
421	309	765	  1	
422	 43	765	  1	
422	179	765	  1	
422	275	765	  1	
422	336	765	  1	
423	  0	765	  1	
423	 98	765	  1	
423	189	765	  1	
423	263	765	  1	
423	345	765	  1	
423	379	765	  1	
423	424	765	  1	
423	431	765	  1	
424	  5	765	  1	
424	 16	765	  1	
424	 23	765	  1	
424	192	765	  1	
424	200	765	  1	
424	256	765	  1	
424	285	765	  1	
424	290	765	  1	
424	296	765	  1	
426	 15	765	  1	
426	108	765	  1	
426	119	765	  1	
426	280	765	  1	
426	294	765	  1	
427	197	765	  1	
428	112	765	  1	
428	122	765	  1	
428	203	765	  1	
428	223	765	  1	
429	  0	765	  1	
429	  8	765	  1	
429	239	765	  1	
430	 29	765	  1	
430	152	765	  1	
430	159	765	  1	
430	168	765	  1	
430	175	765	  1	
430	208	765	  1	
430	269	765	  1	
430	286	765	  1	
431	 19	765	  1	
431	112	765	  1	
431	116	765	  1	
431	280	765	  1	
431	293	765	  1	
432	 16	765	  1	
432	 23	765	  1	
432	 56	765	  1	
432	 62	765	  1	
432	 88	765	  1	
432	136	765	  1	
432	151	765	  1	
432	160	765	  1	
432	164	765	  1	
432	176	765	  1	
432	180	765	  1	
432	189	765	  1	
432	248	765	  1	
432	331	765	  1	
432	463	765	  1	
433	252	765	  1	
434	184	765	  1	
435	 24	765	  1	
435	 96	765	  1	
435	112	765	  1	
435	232	765	  1	
435	264	765	  1	
435	528	765	  1	
437	216	765	  1	
438	  8	765	  1	
438	101	765	  1	
438	190	765	  1	
438	248	765	  1	
438	328	765	  1	
439	 19	765	  1	
439	 79	765	  1	
439	142	765	  1	
439	287	765	  1	
439	456	765	  1	
439	472	765	  1	
440	 24	765	  1	
440	 31	765	  1	
440	 43	765	  1	
440	 84	765	  1	
440	126	765	  1	
440	181	765	  1	
440	194	765	  1	
440	199	765	  1	
440	250	765	  1	
440	262	765	  1	
440	368	765	  1	
440	376	765	  1	
440	383	765	  1	
441	133	765	  1	
441	263	765	  1	
442	416	765	  1	
443	 27	765	  1	
443	151	765	  1	
443	184	765	  1	
444	 23	765	  1	
444	144	765	  1	
445	 67	765	  1	
445	 82	765	  1	
445	118	765	  1	
445	216	765	  1	
446	 98	765	  1	
446	271	765	  1	
447	 31	765	  1	
447	112	765	  1	
447	262	765	  1	
447	551	765	  1	
448	  2	765	  1	
448	 32	765	  1	
448	 42	765	  1	
448	 59	765	  1	
448	 72	765	  1	
448	 85	765	  1	
448	135	765	  1	
448	222	765	  1	
448	232	765	  1	
449	 46	765	  1	
450	 12	765	  1	
450	128	765	  1	
450	264	765	  1	
451	 32	765	  1	
451	 96	765	  1	
451	158	765	  1	
451	179	765	  1	
451	352	765	  1	
452	120	765	  1	
452	148	765	  1	
453	 78	765	  1	
453	271	765	  1	
453	289	765	  1	
454	 42	765	  1	
454	127	765	  1	
454	139	765	  1	
454	143	765	  1	
454	384	765	  1	
455	 23	765	  1	
455	183	765	  1	
455	208	765	  1	
455	232	765	  1	
456	 69	765	  1	
456	106	765	  1	
456	111	765	  1	
456	120	765	  1	
456	184	765	  1	
456	188	765	  1	
456	200	765	  1	
456	223	765	  1	
456	240	765	  1	
456	285	765	  1	
457	192	765	  1	
458	 20	765	  1	
458	 64	765	  1	
459	128	765	  1	
459	138	765	  1	
459	144	765	  1	
459	214	765	  1	
460	 96	765	  1	
460	208	765	  1	
461	  3	765	  1	
461	  8	765	  1	
462	 70	765	  1	
462	143	765	  1	
462	268	765	  1	
463	 32	765	  1	
463	224	765	  1	
463	347	765	  1	
463	558	765	  1	
464	 31	765	  1	
464	 88	765	  1	
464	 97	765	  1	
464	152	765	  1	
464	181	765	  1	
464	203	765	  1	
464	258	765	  1	
464	271	765	  1	
464	321	765	  1	
464	506	765	  1	
464	584	765	  1	
466	  5	765	  1	
466	 16	765	  1	
466	139	765	  1	
466	176	765	  1	
466	207	765	  1	
466	312	765	  1	
467	 27	765	  1	
467	 56	765	  1	
467	 72	765	  1	
467	104	765	  1	
467	111	765	  1	
467	130	765	  1	
467	264	765	  1	
468	327	765	  1	
469	230	765	  1	
469	256	765	  1	
469	263	765	  1	
469	288	765	  1	
470	 64	765	  1	
470	182	765	  1	
471	  5	765	  1	
471	271	765	  1	
472	 48	765	  1	
472	 80	765	  1	
472	 92	765	  1	
472	158	765	  1	
472	266	765	  1	
472	286	765	  1	
472	307	765	  1	
472	347	765	  1	
472	527	765	  1	
474	262	765	  1	
474	277	765	  1	
475	  0	765	  1	
475	 78	765	  1	
477	 24	765	  1	
477	155	765	  1	
477	248	765	  1	
478	 95	765	  1	
479	 32	765	  1	
479	118	765	  1	
479	304	765	  1	
479	311	765	  1	
480	 58	765	  1	
480	 76	765	  1	
480	132	765	  1	
480	139	765	  1	
480	144	765	  1	
480	179	765	  1	
480	186	765	  1	
480	224	765	  1	
480	240	765	  1	
480	244	765	  1	
480	320	765	  1	
480	399	765	  1	
482	 75	765	  1	
482	369	765	  1	
483	128	765	  1	
483	174	765	  1	
485	 70	765	  1	
485	191	765	  1	
485	230	765	  1	
486	 63	765	  1	
486	 91	765	  1	
486	133	765	  1	
488	 31	765	  1	
488	 52	765	  1	
488	144	765	  1	
488	195	765	  1	
488	288	765	  1	
488	306	765	  1	
488	360	765	  1	
489	 40	765	  1	
489	 47	765	  1	
489	 96	765	  1	
490	158	765	  1	
490	320	765	  1	
491	280	765	  1	
492	 64	765	  1	
493	144	765	  1	
493	294	765	  1	
494	 31	765	  1	
494	 61	765	  1	
494	 71	765	  1	
494	119	765	  1	
494	152	765	  1	
494	198	765	  1	
495	122	765	  1	
495	182	765	  1	
496	 42	765	  1	
496	 80	765	  1	
496	106	765	  1	
496	111	765	  1	
496	232	765	  1	
496	236	765	  1	
496	320	765	  1	
496	327	765	  1	
497	134	765	  1	
498	124	765	  1	
498	135	765	  1	
499	 16	765	  1	
499	207	765	  1	
499	323	765	  1	
500	 91	765	  1	
500	128	765	  1	
501	 24	765	  1	
501	 40	765	  1	
501	 47	765	  1	
501	144	765	  1	
501	192	765	  1	
501	400	765	  1	
502	214	765	  1	
503	 64	765	  1	
503	320	765	  1	
503	327	765	  1	
503	387	765	  1	
504	 23	765	  1	
504	 32	765	  1	
504	 38	765	  1	
504	 56	765	  1	
504	112	765	  1	
504	120	765	  1	
504	153	765	  1	
504	176	765	  1	
504	283	765	  1	
504	296	765	  1	
504	312	765	  1	
504	319	765	  1	
504	551	765	  1	
505	129	765	  1	
507	 71	765	  1	
507	208	765	  1	
507	272	765	  1	
508	599	765	  1	
509	 35	765	  1	
509	 59	765	  1	
509	184	765	  1	
509	191	765	  1	
510	128	765	  1	
510	133	765	  1	
511	315	765	  1	
512	 80	765	  1	
512	103	765	  1	
512	105	765	  1	
512	109	765	  1	
512	123	765	  1	
512	162	765	  1	
512	219	765	  1	
512	236	765	  1	
512	255	765	  1	
512	286	765	  1	
512	320	765	  1	
512	341	765	  1	
512	392	765	  1	
512	591	765	  1	
513	 55	765	  1	
513	208	765	  1	
513	327	765	  1	
514	232	765	  1	
514	247	765	  1	
514	261	765	  1	
515	 42	765	  1	
515	126	765	  1	
515	152	765	  1	
515	296	765	  1	
515	415	765	  1	
516	106	765	  1	
516	120	765	  1	
517	112	765	  1	
517	186	765	  1	
517	234	765	  1	
517	331	765	  1	
518	239	765	  1	
518	241	765	  1	
518	256	765	  1	
518	283	765	  1	
519	 47	765	  1	
519	222	765	  1	
520	 14	765	  1	
520	 53	765	  1	
520	 64	765	  1	
520	 68	765	  1	
520	 88	765	  1	
520	120	765	  1	
520	141	765	  1	
520	225	765	  1	
520	235	765	  1	
520	365	765	  1	
521	359	765	  1	
522	144	765	  1	
524	 88	765	  1	
524	 99	765	  1	
524	239	765	  1	
525	 69	765	  1	
525	240	765	  1	
526	150	765	  1	
526	160	765	  1	
526	366	765	  1	
527	  8	765	  1	
527	 90	765	  1	
527	127	765	  1	
527	352	765	  1	
527	395	765	  1	
528	 66	765	  1	
528	 71	765	  1	
528	158	765	  1	
528	168	765	  1	
528	178	765	  1	
528	214	765	  1	
528	311	765	  1	
528	343	765	  1	
530	128	765	  1	
531	244	765	  1	
531	287	765	  1	
531	358	765	  1	
531	383	765	  1	
533	 19	765	  1	
533	120	765	  1	
533	155	765	  1	
533	432	765	  1	
534	293	765	  1	
534	352	765	  1	
535	 48	765	  1	
535	252	765	  1	
535	309	765	  1	
535	336	765	  1	
536	  8	765	  1	
536	 53	765	  1	
536	 72	765	  1	
536	144	765	  1	
536	188	765	  1	
536	199	765	  1	
536	201	765	  1	
536	263	765	  1	
536	288	765	  1	
536	371	765	  1	
537	 15	765	  1	
537	 32	765	  1	
538	247	765	  1	
539	295	765	  1	
540	240	765	  1	
540	479	765	  1	
541	168	765	  1	
541	175	765	  1	
542	 48	765	  1	
542	374	765	  1	
543	 11	765	  1	
543	 32	765	  1	
543	246	765	  1	
543	259	765	  1	
543	272	765	  1	
543	279	765	  1	
543	288	765	  1	
544	  3	765	  1	
544	 15	765	  1	
544	 81	765	  1	
544	 86	765	  1	
544	 91	765	  1	
544	109	765	  1	
544	115	765	  1	
544	152	765	  1	
544	176	765	  1	
544	191	765	  1	
544	224	765	  1	
544	253	765	  1	
544	264	765	  1	
544	297	765	  1	
544	351	765	  1	
546	104	765	  1	
546	199	765	  1	
547	134	765	  1	
547	159	765	  1	
547	184	765	  1	
547	295	765	  1	
549	120	765	  1	
550	 10	765	  1	
550	110	765	  1	
551	 15	765	  1	
551	 72	765	  1	
551	 82	765	  1	
551	191	765	  1	
552	102	765	  1	
552	133	765	  1	
552	255	765	  1	
552	274	765	  1	
552	355	765	  1	
552	415	765	  1	
553	123	765	  1	
553	170	765	  1	
553	181	765	  1	
554	 78	765	  1	
554	128	765	  1	
555	143	765	  1	
555	335	765	  1	
556	175	765	  1	
556	474	765	  1	
557	  8	765	  1	
557	112	765	  1	
558	134	765	  1	
558	413	765	  1	
559	 77	765	  1	
559	120	765	  1	
559	127	765	  1	
559	168	765	  1	
559	183	765	  1	
559	288	765	  1	
559	311	765	  1	
559	352	765	  1	
559	359	765	  1	
559	552	765	  1	
560	  1	765	  1	
560	 67	765	  1	
560	128	765	  1	
560	160	765	  1	
560	176	765	  1	
560	227	765	  1	
560	273	765	  1	
560	399	765	  1	
560	406	765	  1	
560	416	765	  1	
560	440	765	  1	
562	152	765	  1	
562	216	765	  1	
563	 56	765	  1	
563	192	765	  1	
563	238	765	  1	
564	 14	765	  1	
565	 63	765	  1	
565	 88	765	  1	
565	142	765	  1	
565	163	765	  1	
566	404	765	  1	
567	231	765	  1	
567	287	765	  1	
567	440	765	  1	
567	551	765	  1	
568	  5	765	  1	
568	 78	765	  1	
568	102	765	  1	
568	160	765	  1	
568	167	765	  1	
568	171	765	  1	
568	264	765	  1	
568	347	765	  1	
569	225	765	  1	
569	229	765	  1	
570	244	765	  1	
571	270	765	  1	
573	  0	765	  1	
573	146	765	  1	
573	151	765	  1	
574	238	765	  1	
574	277	765	  1	
574	344	765	  1	
575	 78	765	  1	
575	102	765	  1	
575	143	765	  1	
575	163	765	  1	
576	 80	765	  1	
576	168	765	  1	
576	259	765	  1	
576	272	765	  1	
576	280	765	  1	
576	286	765	  1	
576	304	765	  1	
579	 87	765	  1	
579	 91	765	  1	
579	288	765	  1	
579	508	765	  1	
580	133	765	  1	
580	232	765	  1	
580	465	765	  1	
582	422	765	  1	
583	 80	765	  1	
583	511	765	  1	
584	  4	765	  1	
584	 16	765	  1	
584	 42	765	  1	
584	 93	765	  1	
584	 96	765	  1	
584	104	765	  1	
584	144	765	  1	
584	208	765	  1	
584	224	765	  1	
584	261	765	  1	
584	328	765	  1	
584	371	765	  1	
584	439	765	  1	
586	151	765	  1	
586	229	765	  1	
587	111	765	  1	
589	239	765	  1	
589	288	765	  1	
589	298	765	  1	
589	336	765	  1	
589	440	765	  1	
590	 26	765	  1	
590	 80	765	  1	
590	144	765	  1	
590	258	765	  1	
591	248	765	  1	
591	368	765	  1	
591	375	765	  1	
592	  4	765	  1	
592	 14	765	  1	
592	152	765	  1	
592	193	765	  1	
592	206	765	  1	
592	215	765	  1	
592	255	765	  1	
592	272	765	  1	
592	304	765	  1	
592	311	765	  1	
592	327	765	  1	
592	448	765	  1	
594	  8	765	  1	
594	 61	765	  1	
594	239	765	  1	
594	286	765	  1	
595	208	765	  1	
596	 56	765	  1	
596	 96	765	  1	
596	106	765	  1	
596	199	765	  1	
597	200	765	  1	
597	216	765	  1	
597	229	765	  1	
597	236	765	  1	
597	240	765	  1	
599	152	765	  1	
599	192	765	  1	
599	272	765	  1	
599	360	765	  1	
600	 52	765	  1	
600	142	765	  1	
600	183	765	  1	
600	300	765	  1	
600	306	765	  1	
600	376	765	  1	
600	400	765	  1	
602	288	765	  1	
603	176	765	  1	
603	215	765	  1	
603	280	765	  1	
604	239	765	  1	
605	296	765	  1	
606	253	765	  1	
606	335	765	  1	
607	183	765	  1	
607	246	765	  1	
607	261	765	  1	
607	287	765	  1	
607	383	765	  1	
608	 67	765	  1	
608	 87	765	  1	
608	191	765	  1	
608	264	765	  1	
608	271	765	  1	
608	320	765	  1	
608	336	765	  1	
608	343	765	  1	
608	352	765	  1	
608	452	765	  1	
608	464	765	  1	
612	326	765	  1	
612	425	765	  1	
613	237	765	  1	
613	359	765	  1	
613	424	765	  1	
614	232	765	  1	
614	341	765	  1	
615	224	765	  1	
615	264	765	  1	
615	271	765	  1	
615	387	765	  1	
615	447	765	  1	
616	 96	765	  1	
616	103	765	  1	
616	112	765	  1	
616	231	765	  1	
616	233	765	  1	
616	256	765	  1	
618	239	765	  1	
619	224	765	  1	
619	278	765	  1	
619	312	765	  1	
620	464	765	  1	
621	 56	765	  1	
621	262	765	  1	
621	334	765	  1	
622	180	765	  1	
623	 68	765	  1	
623	 99	765	  1	
623	231	765	  1	
623	469	765	  1	
624	 52	765	  1	
624	119	765	  1	
624	171	765	  1	
624	232	765	  1	
624	272	765	  1	
624	291	765	  1	
626	 68	765	  1	
628	295	765	  1	
629	119	765	  1	
629	262	765	  1	
630	331	765	  1	
630	435	765	  1	
631	 59	765	  1	
631	115	765	  1	
631	408	765	  1	
632	272	765	  1	
632	279	765	  1	
632	360	765	  1	
632	367	765	  1	
632	410	765	  1	
635	 64	765	  1	
635	144	765	  1	
639	128	765	  1	
639	135	765	  1	
639	275	765	  1	
639	410	765	  1	
640	  5	765	  1	
640	167	765	  1	
640	231	765	  1	
640	263	765	  1	
640	287	765	  1	
640	320	765	  1	
640	480	765	  1	
641	146	765	  1	
643	  0	765	  1	
643	271	765	  1	
644	320	765	  1	
644	390	765	  1	
647	117	765	  1	
647	160	765	  1	
647	287	765	  1	
648	256	765	  1	
648	288	765	  1	
648	296	765	  1	
648	304	765	  1	
648	339	765	  1	
648	354	765	  1	
650	333	765	  1	
652	263	765	  1	
653	136	765	  1	
654	309	765	  1	
655	151	765	  1	
656	144	765	  1	
656	197	765	  1	
656	211	765	  1	
656	358	765	  1	
658	176	765	  1	
658	192	765	  1	
659	184	765	  1	
662	356	765	  1	
662	360	765	  1	
663	208	765	  1	
663	215	765	  1	
664	 99	765	  1	
664	176	765	  1	
664	320	765	  1	
668	 10	765	  1	
671	 99	765	  1	
672	363	765	  1	
672	386	765	  1	
675	360	765	  1	
675	367	765	  1	
678	155	765	  1	
679	116	765	  1	
679	363	765	  1	
680	498	765	  1	
683	272	765	  1	
687	255	765	  1	
688	147	765	  1	
688	243	765	  1	
695	 23	765	  1	
695	263	765	  1	
712	312	765	  1	
727	 18	765	  1	
728	111	765	  1	
732	111	765	  1	
733	333	765	  1	
736	375	765	  1	
754	118	765	  1	
771	531	765	  1	
783	560	765	  1	
791	194	765	  1	
