# 
#  Image file: Goad1_T0193.jpg
#  Applied threshold: 575
#  Algorithm used: fill2                 
#  Particle count: 2028
#  Location (x,y), max luminance, and mass:
# 
  0	247	765	  1	
  2	240	765	  1	
  6	136	765	  1	
  7	519	765	  1	
  8	128	765	  1	
  8	182	765	  1	
  8	272	765	  1	
  8	507	765	  1	
 14	236	765	  1	
 26	344	765	  1	
 27	367	765	  1	
 39	404	765	  1	
 47	102	765	  1	
 47	104	765	  1	
 47	267	765	  1	
 48	135	765	  1	
 51	129	765	  1	
 51	295	765	  1	
 51	599	765	  1	
 55	280	765	  1	
 56	104	765	  1	
 56	287	765	  1	
 59	 96	765	  1	
 60	223	765	  1	
 64	112	765	  1	
 64	327	765	  1	
 71	376	765	  1	
 72	173	765	  1	
 77	263	765	  1	
 77	359	765	  1	
 80	293	765	  1	
 84	 95	765	  1	
 87	155	765	  1	
 88	519	765	  1	
 90	130	765	  1	
 93	176	765	  1	
 95	384	765	  1	
 96	328	765	  1	
 99	335	765	  1	
100	299	765	  1	
103	328	765	  1	
104	 96	765	  1	
104	216	765	  1	
104	483	765	  1	
104	575	765	  1	
105	119	765	  1	
107	143	765	  1	
107	214	765	  1	
109	327	765	  1	
111	112	765	  1	
112	  2	765	  1	
112	 99	765	  1	
112	375	765	  1	
115	167	765	  1	
116	264	765	  1	
117	144	765	  1	
117	408	765	  1	
119	158	765	  1	
119	192	765	  1	
119	199	765	  1	
120	119	765	  1	
120	162	765	  1	
120	176	765	  1	
120	195	765	  1	
120	331	765	  1	
120	431	765	  1	
123	375	765	  1	
126	118	765	  1	
127	136	765	  1	
127	192	765	  1	
127	199	765	  1	
127	376	765	  1	
127	383	765	  1	
128	130	765	  1	
128	143	765	  1	
128	248	765	  1	
128	259	765	  1	
128	480	765	  1	
128	485	765	  1	
130	208	765	  1	
133	187	765	  1	
133	383	765	  1	
135	139	765	  1	
135	482	765	  1	
135	487	765	  1	
136	 51	765	  1	
136	 80	765	  1	
136	125	765	  1	
136	184	765	  1	
136	194	765	  1	
139	179	765	  1	
141	203	765	  1	
142	 87	765	  1	
143	152	765	  1	
143	258	765	  1	
143	494	765	  1	
144	  3	765	  1	
144	 82	765	  1	
144	104	765	  1	
144	131	765	  1	
144	144	765	  1	
144	198	765	  1	
144	322	765	  1	
144	470	765	  1	
144	567	765	  1	
145	150	765	  1	
146	109	765	  1	
146	307	765	  1	
147	 95	765	  1	
149	160	765	  1	
149	471	765	  1	
150	 82	765	  1	
150	186	765	  1	
150	239	765	  1	
150	464	765	  1	
151	 87	765	  1	
151	104	765	  1	
151	176	765	  1	
151	278	765	  1	
151	287	765	  1	
151	375	765	  1	
152	112	765	  1	
152	127	765	  1	
152	144	765	  1	
152	232	765	  1	
152	320	765	  1	
152	343	765	  1	
154	 93	765	  1	
154	215	765	  1	
154	344	765	  1	
155	151	765	  1	
155	239	765	  1	
155	471	765	  1	
157	170	765	  1	
157	256	765	  1	
158	 88	765	  1	
159	123	765	  1	
159	144	765	  1	
159	180	765	  1	
159	232	765	  1	
159	302	765	  1	
159	344	765	  1	
160	101	765	  1	
160	120	765	  1	
160	127	765	  1	
160	136	765	  1	
160	141	765	  1	
160	187	765	  1	
160	240	765	  1	
160	271	765	  1	
160	287	765	  1	
162	 88	765	  1	
162	216	765	  1	
163	160	765	  1	
163	175	765	  1	
163	280	765	  1	
164	248	765	  1	
164	266	765	  1	
165	344	765	  1	
166	270	765	  1	
166	535	765	  1	
167	 24	765	  1	
167	103	765	  1	
167	123	765	  1	
167	128	765	  1	
167	163	765	  1	
167	184	765	  1	
167	191	765	  1	
167	240	765	  1	
167	287	765	  1	
167	350	765	  1	
167	463	765	  1	
168	  7	765	  1	
168	 75	765	  1	
168	 80	765	  1	
168	104	765	  1	
168	130	765	  1	
168	135	765	  1	
168	181	765	  1	
168	208	765	  1	
168	218	765	  1	
168	232	765	  1	
168	263	765	  1	
168	280	765	  1	
168	379	765	  1	
170	141	765	  1	
170	176	765	  1	
170	256	765	  1	
171	  0	765	  1	
171	111	765	  1	
172	 88	765	  1	
172	239	765	  1	
173	216	765	  1	
173	223	765	  1	
174	 69	765	  1	
174	182	765	  1	
174	232	765	  1	
174	384	765	  1	
175	  7	765	  1	
175	 31	765	  1	
175	 72	765	  1	
175	 79	765	  1	
175	 95	765	  1	
175	104	765	  1	
175	400	765	  1	
176	 99	765	  1	
176	152	765	  1	
176	159	765	  1	
176	178	765	  1	
176	224	765	  1	
176	243	765	  1	
176	263	765	  1	
176	274	765	  1	
176	279	765	  1	
176	336	765	  1	
176	376	765	  1	
176	383	765	  1	
176	474	765	  1	
178	  4	765	  1	
178	251	765	  1	
178	360	765	  1	
179	 95	765	  1	
179	181	765	  1	
179	197	765	  1	
181	112	765	  1	
182	187	765	  1	
182	383	765	  1	
182	533	765	  1	
183	  5	765	  1	
183	 96	765	  1	
183	103	765	  1	
183	359	765	  1	
184	 23	765	  1	
184	144	765	  1	
184	168	765	  1	
184	173	765	  1	
184	271	765	  1	
184	367	765	  1	
184	408	765	  1	
184	424	765	  1	
185	 79	765	  1	
185	511	765	  1	
187	 88	765	  1	
187	155	765	  1	
188	134	765	  1	
189	 87	765	  1	
189	120	765	  1	
190	 30	765	  1	
190	 63	765	  1	
190	128	765	  1	
190	240	765	  1	
190	263	765	  1	
191	 88	765	  1	
191	144	765	  1	
191	363	765	  1	
191	399	765	  1	
192	 58	765	  1	
192	 64	765	  1	
192	 97	765	  1	
192	102	765	  1	
192	125	765	  1	
192	132	765	  1	
192	141	765	  1	
192	184	765	  1	
192	191	765	  1	
193	224	765	  1	
193	239	765	  1	
193	504	765	  1	
194	152	765	  1	
194	392	765	  1	
195	 91	765	  1	
195	113	765	  1	
195	423	765	  1	
196	 72	765	  1	
196	 97	765	  1	
196	232	765	  1	
196	352	765	  1	
197	170	765	  1	
197	175	765	  1	
197	197	765	  1	
197	383	765	  1	
198	 39	765	  1	
198	 64	765	  1	
198	134	765	  1	
199	153	765	  1	
199	187	765	  1	
199	359	765	  1	
199	396	765	  1	
199	504	765	  1	
200	  0	765	  1	
200	 79	765	  1	
200	139	765	  1	
200	144	765	  1	
200	150	765	  1	
200	251	765	  1	
200	266	765	  1	
200	280	765	  1	
200	312	765	  1	
200	322	765	  1	
200	333	765	  1	
200	539	765	  1	
201	392	765	  1	
202	397	765	  1	
203	  6	765	  1	
203	 71	765	  1	
203	111	765	  1	
203	166	765	  1	
204	 79	765	  1	
204	239	765	  1	
204	367	765	  1	
204	384	765	  1	
205	147	765	  1	
205	255	765	  1	
206	 48	765	  1	
206	115	765	  1	
206	160	765	  1	
207	224	765	  1	
207	322	765	  1	
207	381	765	  1	
207	504	765	  1	
208	  0	765	  1	
208	 82	765	  1	
208	 87	765	  1	
208	 96	765	  1	
208	198	765	  1	
208	208	765	  1	
208	251	765	  1	
208	287	765	  1	
208	394	765	  1	
208	403	765	  1	
208	410	765	  1	
208	432	765	  1	
208	503	765	  1	
208	536	765	  1	
210	367	765	  1	
211	  5	765	  1	
211	126	765	  1	
211	280	765	  1	
211	359	765	  1	
211	384	765	  1	
213	136	765	  1	
213	392	765	  1	
213	399	765	  1	
213	415	765	  1	
214	 68	765	  1	
214	199	765	  1	
215	 72	765	  1	
215	 96	765	  1	
215	287	765	  1	
215	355	765	  1	
215	432	765	  1	
215	536	765	  1	
216	 80	765	  1	
216	109	765	  1	
216	245	765	  1	
216	378	765	  1	
216	395	765	  1	
216	418	765	  1	
216	423	765	  1	
217	  8	765	  1	
217	235	765	  1	
218	240	765	  1	
218	392	765	  1	
218	398	765	  1	
219	415	765	  1	
220	110	765	  1	
220	439	765	  1	
221	 91	765	  1	
221	104	765	  1	
221	136	765	  1	
221	190	765	  1	
222	 86	765	  1	
222	236	765	  1	
222	380	765	  1	
222	512	765	  1	
222	519	765	  1	
223	 39	765	  1	
223	103	765	  1	
223	343	765	  1	
223	354	765	  1	
223	408	765	  1	
224	 36	765	  1	
224	 48	765	  1	
224	 55	765	  1	
224	 62	765	  1	
224	125	765	  1	
224	144	765	  1	
224	156	765	  1	
224	167	765	  1	
224	272	765	  1	
224	363	765	  1	
224	386	765	  1	
224	409	765	  1	
226	422	765	  1	
227	  6	765	  1	
227	175	765	  1	
227	322	765	  1	
227	392	765	  1	
227	432	765	  1	
228	244	765	  1	
228	551	765	  1	
229	 88	765	  1	
229	120	765	  1	
229	162	765	  1	
229	439	765	  1	
230	 37	765	  1	
230	 99	765	  1	
230	276	765	  1	
230	384	765	  1	
230	408	765	  1	
231	144	765	  1	
231	168	765	  1	
231	363	765	  1	
231	431	765	  1	
232	 56	765	  1	
232	 70	765	  1	
232	 77	765	  1	
232	 86	765	  1	
232	106	765	  1	
232	118	765	  1	
232	123	765	  1	
232	133	765	  1	
232	139	765	  1	
232	149	765	  1	
232	158	765	  1	
232	182	765	  1	
232	210	765	  1	
232	271	765	  1	
232	451	765	  1	
232	461	765	  1	
233	231	765	  1	
233	349	765	  1	
234	 83	765	  1	
234	128	765	  1	
234	552	765	  1	
236	423	765	  1	
237	 62	765	  1	
237	158	765	  1	
237	164	765	  1	
237	311	765	  1	
237	327	765	  1	
237	344	765	  1	
237	411	765	  1	
237	432	765	  1	
238	115	765	  1	
238	134	765	  1	
238	262	765	  1	
238	456	765	  1	
239	264	765	  1	
239	448	765	  1	
240	  0	765	  1	
240	 40	765	  1	
240	 50	765	  1	
240	 55	765	  1	
240	 88	765	  1	
240	 95	765	  1	
240	125	765	  1	
240	217	765	  1	
240	280	765	  1	
240	384	765	  1	
240	388	765	  1	
240	403	765	  1	
240	424	765	  1	
240	552	765	  1	
241	128	765	  1	
243	287	765	  1	
243	453	765	  1	
243	506	765	  1	
244	154	765	  1	
245	 90	765	  1	
245	 95	765	  1	
245	160	765	  1	
246	135	765	  1	
246	555	765	  1	
247	280	765	  1	
247	400	765	  1	
248	 67	765	  1	
248	 74	765	  1	
248	 87	765	  1	
248	 94	765	  1	
248	101	765	  1	
248	123	765	  1	
248	136	765	  1	
248	140	765	  1	
248	144	765	  1	
248	168	765	  1	
248	219	765	  1	
248	239	765	  1	
248	304	765	  1	
248	331	765	  1	
248	418	765	  1	
248	430	765	  1	
248	480	765	  1	
250	 82	765	  1	
250	486	765	  1	
250	496	765	  1	
251	255	765	  1	
251	478	765	  1	
252	 78	765	  1	
252	127	765	  1	
252	208	765	  1	
253	 40	765	  1	
253	 56	765	  1	
253	267	765	  1	
253	416	765	  1	
253	423	765	  1	
253	455	765	  1	
253	599	765	  1	
254	215	765	  1	
254	238	765	  1	
254	472	765	  1	
254	480	765	  1	
254	512	765	  1	
255	 76	765	  1	
255	 84	765	  1	
255	223	765	  1	
255	328	765	  1	
255	335	765	  1	
256	 91	765	  1	
256	143	765	  1	
256	168	765	  1	
256	184	765	  1	
256	195	765	  1	
256	208	765	  1	
256	288	765	  1	
256	432	765	  1	
256	488	765	  1	
256	496	765	  1	
256	504	765	  1	
256	511	765	  1	
256	568	765	  1	
257	 99	765	  1	
258	174	765	  1	
258	501	765	  1	
259	 80	765	  1	
259	136	765	  1	
259	295	765	  1	
262	168	765	  1	
262	239	765	  1	
262	507	765	  1	
263	143	765	  1	
263	288	765	  1	
263	501	765	  1	
263	542	765	  1	
263	560	765	  1	
264	  0	765	  1	
264	 29	765	  1	
264	148	765	  1	
264	160	765	  1	
264	166	765	  1	
264	182	765	  1	
264	224	765	  1	
264	277	765	  1	
264	397	765	  1	
264	418	765	  1	
264	424	765	  1	
264	471	765	  1	
264	474	765	  1	
264	485	765	  1	
264	514	765	  1	
265	208	765	  1	
266	176	765	  1	
266	272	765	  1	
266	407	765	  1	
267	144	765	  1	
267	311	765	  1	
268	382	765	  1	
269	 72	765	  1	
269	163	765	  1	
269	320	765	  1	
269	327	765	  1	
269	428	765	  1	
269	480	765	  1	
269	559	765	  1	
270	149	765	  1	
270	182	765	  1	
270	277	765	  1	
270	376	765	  1	
270	414	765	  1	
270	504	765	  1	
270	511	765	  1	
270	576	765	  1	
271	211	765	  1	
271	402	765	  1	
271	471	765	  1	
272	 70	765	  1	
272	 88	765	  1	
272	136	765	  1	
272	142	765	  1	
272	176	765	  1	
272	193	765	  1	
272	232	765	  1	
272	272	765	  1	
272	279	765	  1	
272	304	765	  1	
272	331	765	  1	
272	336	765	  1	
272	355	765	  1	
272	506	765	  1	
272	515	765	  1	
272	536	765	  1	
273	200	765	  1	
273	438	765	  1	
275	383	765	  1	
275	568	765	  1	
276	193	765	  1	
276	223	765	  1	
276	440	765	  1	
277	139	765	  1	
277	152	765	  1	
277	204	765	  1	
277	238	765	  1	
277	310	765	  1	
277	344	765	  1	
277	519	765	  1	
278	464	765	  1	
279	211	765	  1	
279	216	765	  1	
279	328	765	  1	
279	335	765	  1	
279	376	765	  1	
280	  5	765	  1	
280	 20	765	  1	
280	 48	765	  1	
280	120	765	  1	
280	144	765	  1	
280	163	765	  1	
280	168	765	  1	
280	191	765	  1	
280	261	765	  1	
280	288	765	  1	
280	392	765	  1	
280	399	765	  1	
280	412	765	  1	
280	494	765	  1	
280	535	765	  1	
280	562	765	  1	
280	591	765	  1	
281	560	765	  1	
282	 55	765	  1	
283	304	765	  1	
284	518	765	  1	
285	  0	765	  1	
285	224	765	  1	
285	446	765	  1	
285	552	765	  1	
287	 48	765	  1	
287	168	765	  1	
287	182	765	  1	
287	200	765	  1	
287	395	765	  1	
287	415	765	  1	
287	511	765	  1	
288	 81	765	  1	
288	112	765	  1	
288	116	765	  1	
288	160	765	  1	
288	216	765	  1	
288	312	765	  1	
288	320	765	  1	
288	391	765	  1	
288	400	765	  1	
288	424	765	  1	
288	429	765	  1	
288	435	765	  1	
288	456	765	  1	
288	459	765	  1	
288	470	765	  1	
288	475	765	  1	
288	576	765	  1	
289	  8	765	  1	
290	405	765	  1	
291	103	765	  1	
291	144	765	  1	
291	240	765	  1	
291	247	765	  1	
291	327	765	  1	
291	503	765	  1	
292	 18	765	  1	
292	575	765	  1	
293	 39	765	  1	
293	166	765	  1	
293	456	765	  1	
293	468	765	  1	
293	472	765	  1	
294	118	765	  1	
294	120	765	  1	
294	491	765	  1	
295	 15	765	  1	
295	181	765	  1	
295	203	765	  1	
295	312	765	  1	
295	320	765	  1	
295	328	765	  1	
295	391	765	  1	
295	400	765	  1	
295	550	765	  1	
295	576	765	  1	
296	 16	765	  1	
296	 69	765	  1	
296	227	765	  1	
296	386	765	  1	
296	435	765	  1	
296	447	765	  1	
296	564	765	  1	
297	 59	765	  1	
298	 23	765	  1	
298	 86	765	  1	
298	252	765	  1	
298	477	765	  1	
299	102	765	  1	
299	176	765	  1	
300	374	765	  1	
301	152	765	  1	
301	200	765	  1	
301	392	765	  1	
302	  3	765	  1	
302	 16	765	  1	
302	 35	765	  1	
302	 80	765	  1	
302	188	765	  1	
302	472	765	  1	
303	143	765	  1	
303	224	765	  1	
303	231	765	  1	
303	448	765	  1	
303	587	765	  1	
304	 72	765	  1	
304	 78	765	  1	
304	203	765	  1	
304	210	765	  1	
304	220	765	  1	
304	248	765	  1	
304	286	765	  1	
304	301	765	  1	
304	376	765	  1	
304	391	765	  1	
304	520	765	  1	
304	527	765	  1	
304	592	765	  1	
305	591	765	  1	
306	 15	765	  1	
306	386	765	  1	
307	256	765	  1	
307	344	765	  1	
308	112	765	  1	
308	173	765	  1	
308	463	765	  1	
309	  8	765	  1	
309	 23	765	  1	
309	 75	765	  1	
309	210	765	  1	
309	224	765	  1	
309	253	765	  1	
309	311	765	  1	
309	395	765	  1	
309	416	765	  1	
310	 53	765	  1	
310	119	765	  1	
310	160	765	  1	
310	181	765	  1	
310	189	765	  1	
310	307	765	  1	
311	 88	765	  1	
311	200	765	  1	
311	215	765	  1	
311	448	765	  1	
311	460	765	  1	
312	  0	765	  1	
312	  6	765	  1	
312	 24	765	  1	
312	 32	765	  1	
312	 56	765	  1	
312	 64	765	  1	
312	 78	765	  1	
312	125	765	  1	
312	133	765	  1	
312	144	765	  1	
312	170	765	  1	
312	184	765	  1	
312	192	765	  1	
312	248	765	  1	
312	298	765	  1	
312	384	765	  1	
312	408	765	  1	
314	178	765	  1	
314	348	765	  1	
315	 23	765	  1	
315	160	765	  1	
315	197	765	  1	
315	264	765	  1	
315	288	765	  1	
315	302	765	  1	
315	336	765	  1	
315	415	765	  1	
315	591	765	  1	
316	320	765	  1	
316	384	765	  1	
317	  3	765	  1	
317	 35	765	  1	
317	120	765	  1	
317	128	765	  1	
317	243	765	  1	
317	286	765	  1	
317	344	765	  1	
318	 40	765	  1	
318	 47	765	  1	
318	136	765	  1	
318	325	765	  1	
318	376	765	  1	
318	462	765	  1	
319	 16	765	  1	
319	 75	765	  1	
319	248	765	  1	
319	259	765	  1	
319	408	765	  1	
319	448	765	  1	
320	 48	765	  1	
320	 55	765	  1	
320	123	765	  1	
320	132	765	  1	
320	172	765	  1	
320	200	765	  1	
320	232	765	  1	
320	264	765	  1	
320	352	765	  1	
320	399	765	  1	
320	412	765	  1	
320	507	765	  1	
320	512	765	  1	
321	 15	765	  1	
321	 64	765	  1	
321	 69	765	  1	
321	207	765	  1	
323	  8	765	  1	
323	128	765	  1	
323	168	765	  1	
323	224	765	  1	
323	239	765	  1	
323	256	765	  1	
323	328	765	  1	
323	392	765	  1	
325	270	765	  1	
325	296	765	  1	
325	488	765	  1	
326	152	765	  1	
326	173	765	  1	
326	232	765	  1	
326	288	765	  1	
326	351	765	  1	
326	469	765	  1	
327	 51	765	  1	
327	336	765	  1	
327	399	765	  1	
327	464	765	  1	
327	503	765	  1	
328	  0	765	  1	
328	  9	765	  1	
328	 91	765	  1	
328	104	765	  1	
328	144	765	  1	
328	184	765	  1	
328	189	765	  1	
328	256	765	  1	
328	262	765	  1	
328	277	765	  1	
328	311	765	  1	
328	386	765	  1	
328	400	765	  1	
328	444	765	  1	
328	455	765	  1	
328	461	765	  1	
328	496	765	  1	
329	158	765	  1	
330	 48	765	  1	
330	 71	765	  1	
331	 15	765	  1	
331	 24	765	  1	
331	120	765	  1	
332	307	765	  1	
333	246	765	  1	
333	259	765	  1	
333	272	765	  1	
333	354	765	  1	
334	  8	765	  1	
334	 59	765	  1	
334	166	765	  1	
334	384	765	  1	
334	500	765	  1	
335	144	765	  1	
335	364	765	  1	
335	367	765	  1	
335	408	765	  1	
335	444	765	  1	
336	 31	765	  1	
336	 36	765	  1	
336	 72	765	  1	
336	 92	765	  1	
336	118	765	  1	
336	163	765	  1	
336	179	765	  1	
336	204	765	  1	
336	232	765	  1	
336	376	765	  1	
337	280	765	  1	
338	115	765	  1	
338	238	765	  1	
338	423	765	  1	
339	 24	765	  1	
339	120	765	  1	
339	127	765	  1	
339	200	765	  1	
341	  0	765	  1	
342	 79	765	  1	
342	112	765	  1	
342	128	765	  1	
342	359	765	  1	
342	410	765	  1	
342	482	765	  1	
343	 31	765	  1	
343	 88	765	  1	
343	348	765	  1	
343	376	765	  1	
343	384	765	  1	
344	 48	765	  1	
344	 54	765	  1	
344	 66	765	  1	
344	 72	765	  1	
344	 95	765	  1	
344	114	765	  1	
344	139	765	  1	
344	157	765	  1	
344	168	765	  1	
344	211	765	  1	
344	218	765	  1	
344	224	765	  1	
344	255	765	  1	
344	296	765	  1	
344	325	765	  1	
344	367	765	  1	
344	371	765	  1	
344	512	765	  1	
346	  0	765	  1	
346	  5	765	  1	
346	304	765	  1	
347	  8	765	  1	
347	179	765	  1	
347	211	765	  1	
347	229	765	  1	
347	280	765	  1	
347	360	765	  1	
348	 32	765	  1	
348	384	765	  1	
349	 51	765	  1	
349	 92	765	  1	
349	104	765	  1	
349	111	765	  1	
349	219	765	  1	
349	288	765	  1	
349	301	765	  1	
349	395	765	  1	
350	310	765	  1	
351	143	765	  1	
351	367	765	  1	
351	512	765	  1	
352	  8	765	  1	
352	 87	765	  1	
352	 96	765	  1	
352	164	765	  1	
352	215	765	  1	
352	278	765	  1	
352	286	765	  1	
352	333	765	  1	
352	347	765	  1	
352	456	765	  1	
352	483	765	  1	
353	240	765	  1	
353	306	765	  1	
353	328	765	  1	
354	375	765	  1	
355	176	765	  1	
355	386	765	  1	
356	139	765	  1	
357	120	765	  1	
357	241	765	  1	
357	395	765	  1	
358	136	765	  1	
358	142	765	  1	
359	344	765	  1	
359	351	765	  1	
359	480	765	  1	
359	487	765	  1	
360	 24	765	  1	
360	 56	765	  1	
360	130	765	  1	
360	158	765	  1	
360	174	765	  1	
360	184	765	  1	
360	200	765	  1	
360	207	765	  1	
360	232	765	  1	
360	285	765	  1	
360	312	765	  1	
360	322	765	  1	
360	334	765	  1	
360	359	765	  1	
360	365	765	  1	
360	389	765	  1	
360	423	765	  1	
360	429	765	  1	
360	456	765	  1	
360	599	765	  1	
361	102	765	  1	
361	302	765	  1	
361	416	765	  1	
362	251	765	  1	
362	277	765	  1	
362	354	765	  1	
362	592	765	  1	
363	267	765	  1	
363	472	765	  1	
363	591	765	  1	
364	 96	765	  1	
364	599	765	  1	
365	 30	765	  1	
365	 63	765	  1	
365	126	765	  1	
365	190	765	  1	
365	360	765	  1	
365	400	765	  1	
366	286	765	  1	
366	456	765	  1	
367	102	765	  1	
367	203	765	  1	
367	272	765	  1	
367	420	765	  1	
367	478	765	  1	
367	483	765	  1	
368	 38	765	  1	
368	 46	765	  1	
368	 75	765	  1	
368	 88	765	  1	
368	 95	765	  1	
368	120	765	  1	
368	144	765	  1	
368	149	765	  1	
368	159	765	  1	
368	176	765	  1	
368	184	765	  1	
368	237	765	  1	
368	296	765	  1	
368	303	765	  1	
368	328	765	  1	
368	375	765	  1	
368	379	765	  1	
368	392	765	  1	
368	408	765	  1	
368	415	765	  1	
369	368	765	  1	
370	171	765	  1	
370	211	765	  1	
370	261	765	  1	
370	349	765	  1	
371	232	765	  1	
372	 91	765	  1	
372	424	765	  1	
373	 56	765	  1	
373	 64	765	  1	
373	123	765	  1	
373	148	765	  1	
373	255	765	  1	
373	341	765	  1	
373	350	765	  1	
373	372	765	  1	
374	145	765	  1	
374	336	765	  1	
374	431	765	  1	
375	 21	765	  1	
375	 32	765	  1	
375	128	765	  1	
375	243	765	  1	
375	248	765	  1	
375	260	765	  1	
375	370	765	  1	
376	 48	765	  1	
376	 83	765	  1	
376	 96	765	  1	
376	118	765	  1	
376	136	765	  1	
376	155	765	  1	
376	162	765	  1	
376	183	765	  1	
376	216	765	  1	
376	238	765	  1	
376	264	765	  1	
376	403	765	  1	
376	485	765	  1	
376	536	765	  1	
378	 72	765	  1	
379	 16	765	  1	
379	128	765	  1	
379	296	765	  1	
379	310	765	  1	
379	371	765	  1	
379	432	765	  1	
380	125	765	  1	
381	270	765	  1	
381	295	765	  1	
381	344	765	  1	
381	472	765	  1	
382	116	765	  1	
382	350	765	  1	
382	480	765	  1	
383	157	765	  1	
383	218	765	  1	
383	343	765	  1	
383	599	765	  1	
384	 19	765	  1	
384	 38	765	  1	
384	 76	765	  1	
384	 84	765	  1	
384	133	765	  1	
384	144	765	  1	
384	150	765	  1	
384	176	765	  1	
384	184	765	  1	
384	191	765	  1	
384	203	765	  1	
384	256	765	  1	
384	322	765	  1	
384	328	765	  1	
384	352	765	  1	
384	383	765	  1	
384	392	765	  1	
384	396	765	  1	
384	467	765	  1	
384	494	765	  1	
384	501	765	  1	
385	 34	765	  1	
385	124	765	  1	
385	192	765	  1	
386	 72	765	  1	
386	 96	765	  1	
386	112	765	  1	
386	334	765	  1	
387	288	765	  1	
387	376	765	  1	
387	480	765	  1	
387	487	765	  1	
389	118	765	  1	
389	147	765	  1	
389	262	765	  1	
390	 22	765	  1	
390	179	765	  1	
390	235	765	  1	
390	328	765	  1	
391	 16	765	  1	
391	 80	765	  1	
391	112	765	  1	
391	187	765	  1	
391	207	765	  1	
391	383	765	  1	
391	464	765	  1	
391	471	765	  1	
391	576	765	  1	
392	 45	765	  1	
392	 56	765	  1	
392	109	765	  1	
392	122	765	  1	
392	136	765	  1	
392	162	765	  1	
392	168	765	  1	
392	197	765	  1	
392	306	765	  1	
392	336	765	  1	
392	359	765	  1	
392	376	765	  1	
392	386	765	  1	
392	432	765	  1	
393	187	765	  1	
393	247	765	  1	
393	327	765	  1	
394	 62	765	  1	
394	 85	765	  1	
395	 32	765	  1	
395	208	765	  1	
395	343	765	  1	
395	496	765	  1	
396	146	765	  1	
396	191	765	  1	
396	200	765	  1	
397	 11	765	  1	
397	 56	765	  1	
397	118	765	  1	
397	160	765	  1	
397	167	765	  1	
397	400	765	  1	
398	 29	765	  1	
398	178	765	  1	
399	 61	765	  1	
399	 80	765	  1	
399	173	765	  1	
399	272	765	  1	
399	336	765	  1	
399	379	765	  1	
399	564	765	  1	
400	 59	765	  1	
400	 98	765	  1	
400	130	765	  1	
400	135	765	  1	
400	139	765	  1	
400	176	765	  1	
400	195	765	  1	
400	311	765	  1	
400	330	765	  1	
400	342	765	  1	
400	358	765	  1	
400	390	765	  1	
403	183	765	  1	
403	235	765	  1	
403	382	765	  1	
404	150	765	  1	
404	463	765	  1	
406	100	765	  1	
406	144	765	  1	
406	173	765	  1	
406	340	765	  1	
406	344	765	  1	
407	 59	765	  1	
407	176	765	  1	
407	194	765	  1	
407	599	765	  1	
408	  0	765	  1	
408	 13	765	  1	
408	 24	765	  1	
408	 39	765	  1	
408	 46	765	  1	
408	 79	765	  1	
408	 88	765	  1	
408	117	765	  1	
408	160	765	  1	
408	255	765	  1	
408	323	765	  1	
408	336	765	  1	
408	483	765	  1	
409	180	765	  1	
410	 32	765	  1	
412	145	765	  1	
413	  8	765	  1	
413	151	765	  1	
413	192	765	  1	
413	205	765	  1	
414	 24	765	  1	
414	 44	765	  1	
414	 89	765	  1	
414	248	765	  1	
414	376	765	  1	
415	 75	765	  1	
415	334	765	  1	
416	 18	765	  1	
416	 49	765	  1	
416	 98	765	  1	
416	107	765	  1	
416	128	765	  1	
416	133	765	  1	
416	152	765	  1	
416	404	765	  1	
416	408	765	  1	
416	480	765	  1	
417	 46	765	  1	
418	 26	765	  1	
418	343	765	  1	
419	 32	765	  1	
419	142	765	  1	
419	176	765	  1	
419	419	765	  1	
420	320	765	  1	
421	 95	765	  1	
421	130	765	  1	
421	158	765	  1	
421	394	765	  1	
421	399	765	  1	
421	424	765	  1	
421	431	765	  1	
422	 72	765	  1	
422	336	765	  1	
423	 91	765	  1	
423	119	765	  1	
423	327	765	  1	
423	382	765	  1	
424	  8	765	  1	
424	 46	765	  1	
424	 52	765	  1	
424	107	765	  1	
424	114	765	  1	
424	120	765	  1	
424	139	765	  1	
424	168	765	  1	
424	176	765	  1	
424	279	765	  1	
425	 24	765	  1	
426	 14	765	  1	
426	431	765	  1	
427	 31	765	  1	
427	 83	765	  1	
427	 96	765	  1	
427	192	765	  1	
427	272	765	  1	
427	320	765	  1	
428	  8	765	  1	
428	 43	765	  1	
429	 79	765	  1	
429	112	765	  1	
429	131	765	  1	
429	175	765	  1	
430	 87	765	  1	
430	223	765	  1	
430	239	765	  1	
431	 15	765	  1	
431	279	765	  1	
431	317	765	  1	
432	  8	765	  1	
432	 75	765	  1	
432	104	765	  1	
432	125	765	  1	
432	145	765	  1	
432	205	765	  1	
432	251	765	  1	
432	330	765	  1	
432	384	765	  1	
432	399	765	  1	
432	436	765	  1	
432	552	765	  1	
433	 52	765	  1	
434	 56	765	  1	
434	395	765	  1	
436	 48	765	  1	
437	 12	765	  1	
437	200	765	  1	
437	228	765	  1	
438	 27	765	  1	
438	122	765	  1	
438	136	765	  1	
438	439	765	  1	
439	 72	765	  1	
439	 79	765	  1	
439	126	765	  1	
439	248	765	  1	
439	255	765	  1	
439	456	765	  1	
440	  2	765	  1	
440	 20	765	  1	
440	 31	765	  1	
440	 63	765	  1	
440	 85	765	  1	
440	 94	765	  1	
440	190	765	  1	
440	197	765	  1	
440	213	765	  1	
440	245	765	  1	
440	323	765	  1	
440	351	765	  1	
441	295	765	  1	
442	 16	765	  1	
442	 32	765	  1	
442	119	765	  1	
442	135	765	  1	
442	184	765	  1	
442	208	765	  1	
443	344	765	  1	
443	384	765	  1	
443	406	765	  1	
443	495	765	  1	
445	192	765	  1	
446	126	765	  1	
446	172	765	  1	
446	214	765	  1	
446	424	765	  1	
446	464	765	  1	
446	471	765	  1	
447	 16	765	  1	
447	 37	765	  1	
447	 56	765	  1	
447	351	765	  1	
447	399	765	  1	
447	401	765	  1	
448	  8	765	  1	
448	 33	765	  1	
448	 55	765	  1	
448	 67	765	  1	
448	104	765	  1	
448	200	765	  1	
448	245	765	  1	
448	296	765	  1	
448	303	765	  1	
448	375	765	  1	
448	512	765	  1	
448	596	765	  1	
450	 85	765	  1	
451	 48	765	  1	
451	295	765	  1	
451	431	765	  1	
451	543	765	  1	
452	 16	765	  1	
452	126	765	  1	
453	108	765	  1	
453	158	765	  1	
454	133	765	  1	
454	144	765	  1	
455	 21	765	  1	
455	 55	765	  1	
455	 67	765	  1	
455	424	765	  1	
455	599	765	  1	
456	 24	765	  1	
456	 48	765	  1	
456	171	765	  1	
456	194	765	  1	
456	203	765	  1	
456	231	765	  1	
456	328	765	  1	
456	392	765	  1	
458	 30	765	  1	
458	 40	765	  1	
459	 87	765	  1	
459	 94	765	  1	
459	184	765	  1	
459	264	765	  1	
460	219	765	  1	
460	287	765	  1	
460	356	765	  1	
460	517	765	  1	
461	 75	765	  1	
461	192	765	  1	
462	 24	765	  1	
462	344	765	  1	
463	 47	765	  1	
463	104	765	  1	
463	288	765	  1	
464	 32	765	  1	
464	 54	765	  1	
464	 79	765	  1	
464	128	765	  1	
464	141	765	  1	
464	155	765	  1	
464	171	765	  1	
464	181	765	  1	
464	192	765	  1	
464	232	765	  1	
464	559	765	  1	
466	 72	765	  1	
466	 84	765	  1	
466	160	765	  1	
466	174	765	  1	
466	589	765	  1	
467	165	765	  1	
467	328	765	  1	
468	231	765	  1	
469	136	765	  1	
470	171	765	  1	
471	116	765	  1	
471	224	765	  1	
471	232	765	  1	
471	464	765	  1	
472	 88	765	  1	
472	178	765	  1	
472	189	765	  1	
472	247	765	  1	
472	267	765	  1	
472	286	765	  1	
472	347	765	  1	
474	 93	765	  1	
474	104	765	  1	
474	110	765	  1	
474	120	765	  1	
474	328	765	  1	
474	344	765	  1	
475	 24	765	  1	
476	117	765	  1	
477	106	765	  1	
477	230	765	  1	
477	242	765	  1	
478	126	765	  1	
479	 71	765	  1	
479	 88	765	  1	
479	104	765	  1	
479	112	765	  1	
480	  8	765	  1	
480	 82	765	  1	
480	 89	765	  1	
480	167	765	  1	
481	104	765	  1	
482	 48	765	  1	
482	 91	765	  1	
482	192	765	  1	
482	199	765	  1	
483	160	765	  1	
483	174	765	  1	
484	128	765	  1	
484	368	765	  1	
484	495	765	  1	
485	 14	765	  1	
485	 94	765	  1	
485	208	765	  1	
486	 80	765	  1	
486	135	765	  1	
487	167	765	  1	
488	  0	765	  1	
488	 16	765	  1	
488	 26	765	  1	
488	104	765	  1	
488	144	765	  1	
488	152	765	  1	
488	156	765	  1	
488	176	765	  1	
488	182	765	  1	
488	195	765	  1	
488	259	765	  1	
488	306	765	  1	
488	314	765	  1	
488	416	765	  1	
488	488	765	  1	
490	123	765	  1	
490	369	765	  1	
490	431	765	  1	
491	 23	765	  1	
493	 94	765	  1	
493	179	765	  1	
493	200	765	  1	
493	244	765	  1	
493	368	765	  1	
494	 71	765	  1	
495	 16	765	  1	
495	256	765	  1	
495	263	765	  1	
495	336	765	  1	
496	 19	765	  1	
496	 29	765	  1	
496	104	765	  1	
496	113	765	  1	
496	116	765	  1	
496	134	765	  1	
496	165	765	  1	
496	214	765	  1	
496	296	765	  1	
496	303	765	  1	
498	 24	765	  1	
498	160	765	  1	
498	208	765	  1	
499	 36	765	  1	
499	111	765	  1	
499	316	765	  1	
500	106	765	  1	
501	 16	765	  1	
501	 71	765	  1	
501	128	765	  1	
502	133	765	  1	
502	166	765	  1	
503	124	765	  1	
503	151	765	  1	
503	299	765	  1	
503	324	765	  1	
504	  9	765	  1	
504	 64	765	  1	
504	 79	765	  1	
504	 97	765	  1	
504	120	765	  1	
504	154	765	  1	
504	170	765	  1	
504	175	765	  1	
504	184	765	  1	
504	228	765	  1	
504	259	765	  1	
504	288	765	  1	
504	307	765	  1	
504	399	765	  1	
505	 74	765	  1	
507	 65	765	  1	
507	146	765	  1	
507	159	765	  1	
507	426	765	  1	
509	118	765	  1	
509	190	765	  1	
510	 96	765	  1	
510	154	765	  1	
511	 79	765	  1	
511	295	765	  1	
511	304	765	  1	
511	311	765	  1	
511	326	765	  1	
511	535	765	  1	
512	  1	765	  1	
512	 10	765	  1	
512	 16	765	  1	
512	 24	765	  1	
512	 45	765	  1	
512	 83	765	  1	
512	104	765	  1	
512	110	765	  1	
512	123	765	  1	
512	128	765	  1	
512	163	765	  1	
512	168	765	  1	
512	208	765	  1	
512	392	765	  1	
513	336	765	  1	
514	302	765	  1	
515	 31	765	  1	
515	121	765	  1	
515	184	765	  1	
515	200	765	  1	
515	211	765	  1	
516	 64	765	  1	
516	 79	765	  1	
516	243	765	  1	
517	  7	765	  1	
517	 40	765	  1	
517	107	765	  1	
517	259	765	  1	
518	296	765	  1	
518	310	765	  1	
519	  0	765	  1	
519	 14	765	  1	
519	 16	765	  1	
519	 24	765	  1	
519	208	765	  1	
520	 15	765	  1	
520	 51	765	  1	
520	 56	765	  1	
520	117	765	  1	
520	130	765	  1	
520	182	765	  1	
520	192	765	  1	
520	221	765	  1	
520	247	765	  1	
520	304	765	  1	
520	325	765	  1	
520	330	765	  1	
520	336	765	  1	
521	 96	765	  1	
522	 39	765	  1	
522	 46	765	  1	
522	344	765	  1	
523	128	765	  1	
523	216	765	  1	
523	240	765	  1	
523	343	765	  1	
523	358	765	  1	
525	 62	765	  1	
525	198	765	  1	
525	288	765	  1	
525	350	765	  1	
526	 40	765	  1	
526	 48	765	  1	
526	317	765	  1	
527	  8	765	  1	
527	182	765	  1	
527	247	765	  1	
527	336	765	  1	
528	 11	765	  1	
528	 39	765	  1	
528	 82	765	  1	
528	136	765	  1	
528	174	765	  1	
528	205	765	  1	
528	216	765	  1	
528	232	765	  1	
528	239	765	  1	
528	264	765	  1	
528	312	765	  1	
528	363	765	  1	
530	317	765	  1	
530	334	765	  1	
531	101	765	  1	
531	208	765	  1	
531	277	765	  1	
531	399	765	  1	
532	 55	765	  1	
532	109	765	  1	
532	192	765	  1	
533	200	765	  1	
533	310	765	  1	
534	239	765	  1	
534	328	765	  1	
534	376	765	  1	
534	383	765	  1	
535	 39	765	  1	
535	123	765	  1	
535	174	765	  1	
535	191	765	  1	
535	264	765	  1	
535	360	765	  1	
535	367	765	  1	
535	392	765	  1	
536	  3	765	  1	
536	 15	765	  1	
536	 35	765	  1	
536	 48	765	  1	
536	192	765	  1	
536	226	765	  1	
536	296	765	  1	
536	420	765	  1	
537	328	765	  1	
537	335	765	  1	
539	104	765	  1	
539	144	765	  1	
540	168	765	  1	
541	 86	765	  1	
541	111	765	  1	
541	220	765	  1	
542	196	765	  1	
542	352	765	  1	
543	 32	765	  1	
543	 39	765	  1	
543	329	765	  1	
544	  7	765	  1	
544	 57	765	  1	
544	 61	765	  1	
544	 68	765	  1	
544	 72	765	  1	
544	 80	765	  1	
544	 95	765	  1	
544	115	765	  1	
544	151	765	  1	
544	160	765	  1	
544	167	765	  1	
544	199	765	  1	
544	202	765	  1	
544	208	765	  1	
544	280	765	  1	
544	343	765	  1	
544	346	765	  1	
544	426	765	  1	
545	 64	765	  1	
545	127	765	  1	
546	331	765	  1	
546	431	765	  1	
547	 88	765	  1	
547	128	765	  1	
547	194	765	  1	
548	184	765	  1	
550	 72	765	  1	
550	338	765	  1	
551	 95	765	  1	
551	136	765	  1	
551	208	765	  1	
552	220	765	  1	
552	262	765	  1	
552	288	765	  1	
552	292	765	  1	
552	309	765	  1	
552	336	765	  1	
553	 71	765	  1	
554	104	765	  1	
555	 88	765	  1	
555	160	765	  1	
555	216	765	  1	
555	248	765	  1	
555	280	765	  1	
555	346	765	  1	
557	  6	765	  1	
557	 64	765	  1	
557	109	765	  1	
557	151	765	  1	
558	144	765	  1	
558	263	765	  1	
558	310	765	  1	
559	184	765	  1	
560	  8	765	  1	
560	 32	765	  1	
560	120	765	  1	
560	190	765	  1	
560	282	765	  1	
560	322	765	  1	
560	330	765	  1	
560	352	765	  1	
560	376	765	  1	
562	237	765	  1	
562	245	765	  1	
562	248	765	  1	
563	 40	765	  1	
563	173	765	  1	
563	232	765	  1	
563	383	765	  1	
565	 13	765	  1	
565	216	765	  1	
565	223	765	  1	
565	298	765	  1	
565	311	765	  1	
566	 46	765	  1	
566	181	765	  1	
566	290	765	  1	
566	295	765	  1	
566	304	765	  1	
566	332	765	  1	
567	287	765	  1	
567	376	765	  1	
568	 48	765	  1	
568	 83	765	  1	
568	 88	765	  1	
568	112	765	  1	
568	120	765	  1	
568	136	765	  1	
568	255	765	  1	
568	272	765	  1	
568	328	765	  1	
568	344	765	  1	
570	316	765	  1	
571	 55	765	  1	
572	120	765	  1	
572	255	765	  1	
573	277	765	  1	
573	527	765	  1	
574	 82	765	  1	
574	312	765	  1	
574	344	765	  1	
575	 48	765	  1	
575	248	765	  1	
575	339	765	  1	
576	 67	765	  1	
576	 96	765	  1	
576	144	765	  1	
576	184	765	  1	
576	283	765	  1	
578	400	765	  1	
579	191	765	  1	
579	247	765	  1	
580	319	765	  1	
580	475	765	  1	
581	360	765	  1	
581	367	765	  1	
582	 84	765	  1	
582	151	765	  1	
582	241	765	  1	
582	400	765	  1	
583	184	765	  1	
583	351	765	  1	
584	 40	765	  1	
584	 72	765	  1	
584	 79	765	  1	
584	 88	765	  1	
584	105	765	  1	
584	111	765	  1	
584	125	765	  1	
584	152	765	  1	
584	192	765	  1	
584	205	765	  1	
584	216	765	  1	
584	231	765	  1	
584	295	765	  1	
584	297	765	  1	
585	222	765	  1	
586	134	765	  1	
587	120	765	  1	
587	200	765	  1	
587	224	765	  1	
588	216	765	  1	
588	290	765	  1	
588	310	765	  1	
589	167	765	  1	
589	295	765	  1	
590	128	765	  1	
590	195	765	  1	
590	272	765	  1	
591	 75	765	  1	
591	162	765	  1	
591	231	765	  1	
592	 64	765	  1	
592	118	765	  1	
592	223	765	  1	
592	248	765	  1	
592	311	765	  1	
592	320	765	  1	
592	326	765	  1	
593	108	765	  1	
594	254	765	  1	
594	280	765	  1	
594	563	765	  1	
595	 56	765	  1	
595	 71	765	  1	
595	 96	765	  1	
597	320	765	  1	
598	 51	765	  1	
599	 64	765	  1	
599	118	765	  1	
599	216	765	  1	
599	238	765	  1	
599	248	765	  1	
599	280	765	  1	
599	407	765	  1	
599	567	765	  1	
600	 53	765	  1	
600	 63	765	  1	
600	144	765	  1	
600	150	765	  1	
600	204	765	  1	
600	258	765	  1	
600	263	765	  1	
600	278	765	  1	
600	480	765	  1	
601	396	765	  1	
603	226	765	  1	
604	 78	765	  1	
604	239	765	  1	
605	282	765	  1	
605	287	765	  1	
605	344	765	  1	
605	351	765	  1	
608	  8	765	  1	
608	111	765	  1	
608	208	765	  1	
608	248	765	  1	
608	255	765	  1	
608	262	765	  1	
608	328	765	  1	
608	368	765	  1	
608	380	765	  1	
609	303	765	  1	
610	296	765	  1	
611	335	765	  1	
611	375	765	  1	
612	168	765	  1	
614	 69	765	  1	
614	303	765	  1	
615	111	765	  1	
615	251	765	  1	
615	256	765	  1	
615	262	765	  1	
615	297	765	  1	
615	328	765	  1	
616	195	765	  1	
616	200	765	  1	
616	231	765	  1	
616	240	765	  1	
616	246	765	  1	
616	258	765	  1	
616	312	765	  1	
616	352	765	  1	
617	 88	765	  1	
618	317	765	  1	
619	224	765	  1	
621	263	765	  1	
621	302	765	  1	
621	328	765	  1	
622	 69	765	  1	
623	231	765	  1	
623	352	765	  1	
624	 51	765	  1	
624	274	765	  1	
624	304	765	  1	
624	414	765	  1	
625	103	765	  1	
628	310	765	  1	
632	155	765	  1	
632	216	765	  1	
632	295	765	  1	
634	 15	765	  1	
635	141	765	  1	
635	365	765	  1	
636	351	765	  1	
636	383	765	  1	
638	231	765	  1	
638	346	765	  1	
639	213	765	  1	
639	218	765	  1	
640	104	765	  1	
640	303	765	  1	
640	331	765	  1	
640	599	765	  1	
642	240	765	  1	
645	376	765	  1	
647	 74	765	  1	
648	  3	765	  1	
648	 91	765	  1	
648	130	765	  1	
648	204	765	  1	
648	256	765	  1	
649	332	765	  1	
650	114	765	  1	
650	156	765	  1	
650	183	765	  1	
650	200	765	  1	
650	359	765	  1	
654	104	765	  1	
654	152	765	  1	
655	 88	765	  1	
655	 95	765	  1	
655	215	765	  1	
655	256	765	  1	
656	 77	765	  1	
656	149	765	  1	
656	172	765	  1	
656	371	765	  1	
656	383	765	  1	
659	 64	765	  1	
662	143	765	  1	
662	167	765	  1	
663	172	765	  1	
663	572	765	  1	
664	192	765	  1	
667	  0	765	  1	
667	 79	765	  1	
670	157	765	  1	
672	 71	765	  1	
672	507	765	  1	
675	280	765	  1	
680	 79	765	  1	
680	135	765	  1	
687	128	765	  1	
688	146	765	  1	
688	151	765	  1	
690	143	765	  1	
691	 66	765	  1	
691	175	765	  1	
693	127	765	  1	
696	136	765	  1	
696	245	765	  1	
696	256	765	  1	
703	192	765	  1	
704	144	765	  1	
711	165	765	  1	
730	236	765	  1	
731	520	765	  1	
740	 88	765	  1	
766	 79	765	  1	
770	263	765	  1	
776	127	765	  1	
796	162	765	  1	
