# 
#  Image file: Goad1_T0070.jpg
#  Applied threshold: 575
#  Algorithm used: fill2                 
#  Particle count: 1851
#  Location (x,y), max luminance, and mass:
# 
  0	127	765	  1	
  0	202	765	  1	
  8	490	765	  1	
 11	199	765	  1	
 15	199	765	  1	
 15	272	765	  1	
 19	194	765	  1	
 23	271	765	  1	
 24	575	765	  1	
 26	495	765	  1	
 31	119	765	  1	
 39	134	765	  1	
 40	131	765	  1	
 44	314	765	  1	
 46	348	765	  1	
 48	480	765	  1	
 56	240	765	  1	
 62	136	765	  1	
 68	230	765	  1	
 71	110	765	  1	
 71	240	765	  1	
 72	107	765	  1	
 72	303	765	  1	
 72	352	765	  1	
 75	143	765	  1	
 79	359	765	  1	
 83	 61	765	  1	
 88	146	765	  1	
 88	216	765	  1	
 88	235	765	  1	
 88	351	765	  1	
 90	370	765	  1	
 91	151	765	  1	
 95	231	765	  1	
 95	235	765	  1	
 95	342	765	  1	
 96	 93	765	  1	
 96	136	765	  1	
 96	142	765	  1	
 99	176	765	  1	
 99	376	765	  1	
100	 96	765	  1	
100	320	765	  1	
101	216	765	  1	
103	152	765	  1	
103	159	765	  1	
103	267	765	  1	
104	321	765	  1	
105	 71	765	  1	
109	507	765	  1	
111	327	765	  1	
111	426	765	  1	
112	 16	765	  1	
112	384	765	  1	
115	208	765	  1	
115	246	765	  1	
119	191	765	  1	
120	152	765	  1	
120	280	765	  1	
123	 91	765	  1	
124	  6	765	  1	
124	 80	765	  1	
124	172	765	  1	
125	327	765	  1	
127	 55	765	  1	
127	152	765	  1	
127	280	765	  1	
128	  7	765	  1	
128	256	765	  1	
128	398	765	  1	
128	471	765	  1	
131	167	765	  1	
131	317	765	  1	
135	181	765	  1	
135	256	765	  1	
135	475	765	  1	
136	192	765	  1	
136	375	765	  1	
138	 80	765	  1	
139	  7	765	  1	
139	272	765	  1	
139	359	765	  1	
140	 90	765	  1	
141	102	765	  1	
141	127	765	  1	
143	  2	765	  1	
143	139	765	  1	
143	226	765	  1	
143	254	765	  1	
143	400	765	  1	
144	433	765	  1	
144	552	765	  1	
146	 71	765	  1	
146	367	765	  1	
146	528	765	  1	
146	535	765	  1	
149	239	765	  1	
149	360	765	  1	
150	215	765	  1	
150	372	765	  1	
150	378	765	  1	
151	552	765	  1	
152	175	765	  1	
152	232	765	  1	
152	247	765	  1	
152	288	765	  1	
152	406	765	  1	
154	239	765	  1	
154	370	765	  1	
155	296	765	  1	
155	377	765	  1	
157	242	765	  1	
157	367	765	  1	
157	384	765	  1	
158	224	765	  1	
158	404	765	  1	
159	173	765	  1	
160	 99	765	  1	
160	110	765	  1	
160	118	765	  1	
160	195	765	  1	
160	204	765	  1	
160	304	765	  1	
160	352	765	  1	
160	383	765	  1	
163	127	765	  1	
163	157	765	  1	
163	212	765	  1	
163	311	765	  1	
163	368	765	  1	
164	232	765	  1	
165	181	765	  1	
165	375	765	  1	
166	  8	765	  1	
166	224	765	  1	
166	392	765	  1	
166	399	765	  1	
167	 22	765	  1	
167	120	765	  1	
167	304	765	  1	
168	 63	765	  1	
168	102	765	  1	
168	209	765	  1	
168	252	765	  1	
168	278	765	  1	
168	289	765	  1	
168	294	765	  1	
168	306	765	  1	
168	328	765	  1	
168	336	765	  1	
168	407	765	  1	
168	419	765	  1	
169	343	765	  1	
170	 96	765	  1	
170	308	765	  1	
170	360	765	  1	
171	240	765	  1	
171	346	765	  1	
173	305	765	  1	
174	 51	765	  1	
174	210	765	  1	
174	232	765	  1	
174	404	765	  1	
175	136	765	  1	
175	252	765	  1	
175	308	765	  1	
176	 16	765	  1	
176	 56	765	  1	
176	 94	765	  1	
176	100	765	  1	
176	110	765	  1	
176	131	765	  1	
176	220	765	  1	
176	328	765	  1	
176	360	765	  1	
176	383	765	  1	
176	401	765	  1	
176	430	765	  1	
176	471	765	  1	
176	504	765	  1	
177	176	765	  1	
178	  5	765	  1	
178	 99	765	  1	
178	142	765	  1	
179	  8	765	  1	
179	 64	765	  1	
179	261	765	  1	
179	272	765	  1	
179	376	765	  1	
180	111	765	  1	
181	226	765	  1	
181	231	765	  1	
181	429	765	  1	
182	 92	765	  1	
182	128	765	  1	
182	223	765	  1	
182	330	765	  1	
183	334	765	  1	
183	346	765	  1	
183	383	765	  1	
183	407	765	  1	
184	 22	765	  1	
184	 48	765	  1	
184	 85	765	  1	
184	127	765	  1	
184	139	765	  1	
184	424	765	  1	
184	440	765	  1	
185	112	765	  1	
185	371	765	  1	
186	 68	765	  1	
187	 55	765	  1	
187	343	765	  1	
187	405	765	  1	
187	431	765	  1	
190	160	765	  1	
190	288	765	  1	
191	 48	765	  1	
191	102	765	  1	
191	108	765	  1	
191	113	765	  1	
191	136	765	  1	
191	143	765	  1	
191	191	765	  1	
191	394	765	  1	
191	399	765	  1	
191	424	765	  1	
191	440	765	  1	
192	 16	765	  1	
192	 47	765	  1	
192	 98	765	  1	
192	127	765	  1	
192	149	765	  1	
192	192	765	  1	
192	271	765	  1	
192	363	765	  1	
193	238	765	  1	
194	 96	765	  1	
194	103	765	  1	
194	263	765	  1	
194	351	765	  1	
195	124	765	  1	
195	178	765	  1	
195	599	765	  1	
196	182	765	  1	
197	159	765	  1	
198	 99	765	  1	
199	116	765	  1	
199	121	765	  1	
199	263	765	  1	
199	288	765	  1	
199	360	765	  1	
199	367	765	  1	
200	 40	765	  1	
200	 49	765	  1	
200	 64	765	  1	
200	136	765	  1	
200	168	765	  1	
200	195	765	  1	
200	218	765	  1	
200	311	765	  1	
200	344	765	  1	
203	304	765	  1	
203	351	765	  1	
203	391	765	  1	
203	408	765	  1	
203	435	765	  1	
205	126	765	  1	
205	192	765	  1	
205	238	765	  1	
205	319	765	  1	
205	352	765	  1	
206	358	765	  1	
207	 43	765	  1	
207	311	765	  1	
207	415	765	  1	
208	  5	765	  1	
208	131	765	  1	
208	173	765	  1	
208	275	765	  1	
208	319	765	  1	
208	376	765	  1	
211	278	765	  1	
211	328	765	  1	
212	120	765	  1	
212	174	765	  1	
212	183	765	  1	
212	408	765	  1	
213	280	765	  1	
213	346	765	  1	
213	351	765	  1	
215	168	765	  1	
215	398	765	  1	
215	403	765	  1	
215	442	765	  1	
216	 16	765	  1	
216	 23	765	  1	
216	 39	765	  1	
216	 88	765	  1	
216	117	765	  1	
216	133	765	  1	
216	141	765	  1	
216	235	765	  1	
216	287	765	  1	
216	295	765	  1	
216	333	765	  1	
216	352	765	  1	
216	382	765	  1	
216	387	765	  1	
216	560	765	  1	
217	175	765	  1	
218	131	765	  1	
218	290	765	  1	
218	357	765	  1	
219	160	765	  1	
219	278	765	  1	
219	370	765	  1	
219	375	765	  1	
220	103	765	  1	
220	181	765	  1	
220	189	765	  1	
221	 64	765	  1	
221	272	765	  1	
221	351	765	  1	
222	 39	765	  1	
222	 96	765	  1	
222	295	765	  1	
223	 19	765	  1	
223	128	765	  1	
223	167	765	  1	
223	232	765	  1	
223	239	765	  1	
223	287	765	  1	
223	311	765	  1	
223	440	765	  1	
224	 32	765	  1	
224	 85	765	  1	
224	116	765	  1	
224	150	765	  1	
224	155	765	  1	
224	192	765	  1	
224	205	765	  1	
224	376	765	  1	
224	382	765	  1	
224	400	765	  1	
224	407	765	  1	
224	412	765	  1	
225	 48	765	  1	
226	200	765	  1	
227	  0	765	  1	
227	 64	765	  1	
228	344	765	  1	
229	 80	765	  1	
229	 88	765	  1	
229	102	765	  1	
229	112	765	  1	
229	120	765	  1	
229	163	765	  1	
229	432	765	  1	
230	206	765	  1	
230	389	765	  1	
231	 35	765	  1	
231	136	765	  1	
231	349	765	  1	
232	 56	765	  1	
232	148	765	  1	
232	256	765	  1	
232	312	765	  1	
232	352	765	  1	
232	448	765	  1	
232	461	765	  1	
232	472	765	  1	
233	 23	765	  1	
233	 88	765	  1	
234	 16	765	  1	
234	437	765	  1	
235	 62	765	  1	
235	 71	765	  1	
235	 99	765	  1	
235	104	765	  1	
235	376	765	  1	
235	424	765	  1	
235	455	765	  1	
236	 95	765	  1	
236	151	765	  1	
237	 72	765	  1	
237	139	765	  1	
237	358	765	  1	
238	  8	765	  1	
238	176	765	  1	
238	432	765	  1	
239	 90	765	  1	
239	263	765	  1	
239	448	765	  1	
240	  3	765	  1	
240	 82	765	  1	
240	168	765	  1	
240	182	765	  1	
240	192	765	  1	
240	201	765	  1	
240	216	765	  1	
240	343	765	  1	
240	368	765	  1	
240	384	765	  1	
240	424	765	  1	
240	459	765	  1	
241	358	765	  1	
242	232	765	  1	
242	301	765	  1	
242	381	765	  1	
242	390	765	  1	
243	 78	765	  1	
243	150	765	  1	
243	336	765	  1	
243	468	765	  1	
244	 95	765	  1	
245	 80	765	  1	
245	158	765	  1	
245	179	765	  1	
245	222	765	  1	
245	376	765	  1	
245	407	765	  1	
246	 72	765	  1	
246	384	765	  1	
246	456	765	  1	
247	  3	765	  1	
247	 52	765	  1	
247	 92	765	  1	
247	171	765	  1	
247	248	765	  1	
247	261	765	  1	
247	343	765	  1	
247	427	765	  1	
248	 32	765	  1	
248	 39	765	  1	
248	 53	765	  1	
248	 59	765	  1	
248	 64	765	  1	
248	 68	765	  1	
248	160	765	  1	
248	168	765	  1	
248	184	765	  1	
248	203	765	  1	
248	218	765	  1	
248	274	765	  1	
248	304	765	  1	
248	365	765	  1	
248	379	765	  1	
248	390	765	  1	
248	440	765	  1	
248	447	765	  1	
249	128	765	  1	
251	269	765	  1	
252	 40	765	  1	
253	101	765	  1	
253	110	765	  1	
253	142	765	  1	
253	360	765	  1	
253	387	765	  1	
254	  7	765	  1	
254	 47	765	  1	
254	133	765	  1	
254	203	765	  1	
254	368	765	  1	
254	375	765	  1	
255	 35	765	  1	
255	 53	765	  1	
255	315	765	  1	
255	440	765	  1	
255	447	765	  1	
255	592	765	  1	
256	  0	765	  1	
256	 10	765	  1	
256	112	765	  1	
256	152	765	  1	
256	156	765	  1	
256	160	765	  1	
256	176	765	  1	
256	208	765	  1	
256	213	765	  1	
256	277	765	  1	
256	423	765	  1	
256	438	765	  1	
256	456	765	  1	
256	463	765	  1	
256	523	765	  1	
257	174	765	  1	
258	120	765	  1	
258	354	765	  1	
258	520	765	  1	
259	 13	765	  1	
259	183	765	  1	
259	416	765	  1	
259	448	765	  1	
259	471	765	  1	
259	488	765	  1	
261	111	765	  1	
261	156	765	  1	
261	376	765	  1	
261	494	765	  1	
262	  0	765	  1	
262	215	765	  1	
262	459	765	  1	
263	 48	765	  1	
263	 72	765	  1	
263	176	765	  1	
263	423	765	  1	
263	464	765	  1	
263	529	765	  1	
264	 15	765	  1	
264	 35	765	  1	
264	 60	765	  1	
264	 81	765	  1	
264	 87	765	  1	
264	106	765	  1	
264	147	765	  1	
264	184	765	  1	
264	208	765	  1	
264	224	765	  1	
264	256	765	  1	
264	303	765	  1	
264	328	765	  1	
264	335	765	  1	
265	 72	765	  1	
266	160	765	  1	
266	190	765	  1	
266	408	765	  1	
266	448	765	  1	
267	 11	765	  1	
267	 46	765	  1	
267	351	765	  1	
269	115	765	  1	
269	262	765	  1	
269	366	765	  1	
270	184	765	  1	
270	400	765	  1	
271	148	765	  1	
271	301	765	  1	
271	523	765	  1	
272	 40	765	  1	
272	130	765	  1	
272	175	765	  1	
272	192	765	  1	
272	248	765	  1	
272	265	765	  1	
272	319	765	  1	
272	431	765	  1	
272	439	765	  1	
272	446	765	  1	
272	536	765	  1	
273	135	765	  1	
273	156	765	  1	
273	211	765	  1	
274	 87	765	  1	
274	559	765	  1	
275	168	765	  1	
275	255	765	  1	
275	312	765	  1	
276	 46	765	  1	
276	 83	765	  1	
276	264	765	  1	
276	274	765	  1	
277	 32	765	  1	
277	144	765	  1	
277	279	765	  1	
277	434	765	  1	
278	552	765	  1	
279	175	765	  1	
279	248	765	  1	
279	319	765	  1	
279	464	765	  1	
280	 31	765	  1	
280	 45	765	  1	
280	 56	765	  1	
280	 79	765	  1	
280	 99	765	  1	
280	165	765	  1	
280	191	765	  1	
280	195	765	  1	
280	218	765	  1	
280	223	765	  1	
280	232	765	  1	
280	288	765	  1	
280	292	765	  1	
280	301	765	  1	
280	325	765	  1	
280	364	765	  1	
280	535	765	  1	
282	128	765	  1	
282	135	765	  1	
283	152	765	  1	
283	184	765	  1	
283	320	765	  1	
283	409	765	  1	
283	520	765	  1	
285	 56	765	  1	
285	 87	765	  1	
285	415	765	  1	
286	174	765	  1	
286	192	765	  1	
286	336	765	  1	
286	370	765	  1	
287	 19	765	  1	
287	 79	765	  1	
287	290	765	  1	
287	367	765	  1	
287	528	765	  1	
288	  8	765	  1	
288	 32	765	  1	
288	 61	765	  1	
288	 93	765	  1	
288	120	765	  1	
288	149	765	  1	
288	251	765	  1	
288	256	765	  1	
288	288	765	  1	
288	383	765	  1	
288	400	765	  1	
288	407	765	  1	
288	471	765	  1	
290	240	765	  1	
290	247	765	  1	
290	403	765	  1	
291	 83	765	  1	
291	200	765	  1	
291	214	765	  1	
291	343	765	  1	
291	352	765	  1	
293	 37	765	  1	
294	 80	765	  1	
294	 87	765	  1	
294	 95	765	  1	
294	120	765	  1	
294	296	765	  1	
294	520	765	  1	
295	  8	765	  1	
295	 18	765	  1	
295	130	765	  1	
295	223	765	  1	
295	383	765	  1	
295	387	765	  1	
296	  0	765	  1	
296	 22	765	  1	
296	 31	765	  1	
296	103	765	  1	
296	155	765	  1	
296	174	765	  1	
296	231	765	  1	
296	302	765	  1	
296	344	765	  1	
296	368	765	  1	
296	371	765	  1	
296	375	765	  1	
296	424	765	  1	
296	431	765	  1	
296	472	765	  1	
296	528	765	  1	
297	251	765	  1	
298	296	765	  1	
298	351	765	  1	
299	 96	765	  1	
299	224	765	  1	
300	152	765	  1	
300	159	765	  1	
301	115	765	  1	
302	 91	765	  1	
302	352	765	  1	
302	464	765	  1	
302	530	765	  1	
303	 27	765	  1	
303	103	765	  1	
303	174	765	  1	
303	231	765	  1	
303	302	765	  1	
303	403	765	  1	
303	472	765	  1	
303	500	765	  1	
304	 13	765	  1	
304	 75	765	  1	
304	176	765	  1	
304	251	765	  1	
304	286	765	  1	
304	294	765	  1	
304	304	765	  1	
304	314	765	  1	
304	323	765	  1	
304	509	765	  1	
304	594	765	  1	
305	128	765	  1	
305	135	765	  1	
306	144	765	  1	
306	247	765	  1	
307	 96	765	  1	
307	320	765	  1	
307	327	765	  1	
307	344	765	  1	
307	504	765	  1	
308	149	765	  1	
309	  0	765	  1	
309	  7	765	  1	
309	160	765	  1	
309	256	765	  1	
309	368	765	  1	
309	423	765	  1	
310	101	765	  1	
310	205	765	  1	
310	295	765	  1	
311	 19	765	  1	
311	 71	765	  1	
311	230	765	  1	
311	248	765	  1	
311	319	765	  1	
311	323	765	  1	
311	439	765	  1	
312	 17	765	  1	
312	 91	765	  1	
312	123	765	  1	
312	187	765	  1	
312	193	765	  1	
312	208	765	  1	
312	232	765	  1	
312	237	765	  1	
312	245	765	  1	
312	328	765	  1	
312	361	765	  1	
312	405	765	  1	
312	512	765	  1	
313	 24	765	  1	
314	311	765	  1	
314	384	765	  1	
315	 64	765	  1	
315	128	765	  1	
315	199	765	  1	
315	235	765	  1	
315	396	765	  1	
315	519	765	  1	
316	 16	765	  1	
317	109	765	  1	
317	152	765	  1	
317	216	765	  1	
317	223	765	  1	
317	267	765	  1	
317	414	765	  1	
318	 59	765	  1	
318	102	765	  1	
318	120	765	  1	
318	127	765	  1	
318	194	765	  1	
318	362	765	  1	
318	394	765	  1	
318	423	765	  1	
318	432	765	  1	
319	232	765	  1	
319	320	765	  1	
319	456	765	  1	
319	512	765	  1	
319	575	765	  1	
320	 10	765	  1	
320	 28	765	  1	
320	 88	765	  1	
320	296	765	  1	
320	302	765	  1	
320	315	765	  1	
320	342	765	  1	
320	354	765	  1	
320	428	765	  1	
322	264	765	  1	
322	278	765	  1	
322	331	765	  1	
323	 30	765	  1	
323	 64	765	  1	
323	134	765	  1	
323	224	765	  1	
323	227	765	  1	
324	166	765	  1	
324	430	765	  1	
325	143	765	  1	
325	373	765	  1	
326	231	765	  1	
326	270	765	  1	
326	296	765	  1	
326	461	765	  1	
327	 39	765	  1	
327	312	765	  1	
327	319	765	  1	
327	368	765	  1	
327	392	765	  1	
327	416	765	  1	
328	  0	765	  1	
328	 17	765	  1	
328	 72	765	  1	
328	 96	765	  1	
328	184	765	  1	
328	191	765	  1	
328	238	765	  1	
328	322	765	  1	
328	326	765	  1	
328	382	765	  1	
329	 39	765	  1	
329	233	765	  1	
330	398	765	  1	
331	286	765	  1	
331	295	765	  1	
331	311	765	  1	
332	  9	765	  1	
332	 36	765	  1	
332	356	765	  1	
333	  6	765	  1	
333	 87	765	  1	
333	174	765	  1	
333	318	765	  1	
333	333	765	  1	
333	480	765	  1	
333	487	765	  1	
334	 39	765	  1	
334	103	765	  1	
334	256	765	  1	
334	280	765	  1	
334	298	765	  1	
334	352	765	  1	
334	383	765	  1	
334	456	765	  1	
335	288	765	  1	
335	368	765	  1	
335	392	765	  1	
335	576	765	  1	
336	 48	765	  1	
336	 54	765	  1	
336	116	765	  1	
336	123	765	  1	
336	183	765	  1	
336	208	765	  1	
336	215	765	  1	
336	221	765	  1	
336	263	765	  1	
336	351	765	  1	
336	380	765	  1	
336	440	765	  1	
336	536	765	  1	
337	  4	765	  1	
337	304	765	  1	
338	126	765	  1	
339	360	765	  1	
339	416	765	  1	
339	447	765	  1	
340	 30	765	  1	
340	280	765	  1	
341	 11	765	  1	
341	 99	765	  1	
341	112	765	  1	
341	304	765	  1	
341	310	765	  1	
341	542	765	  1	
342	  0	765	  1	
342	 24	765	  1	
342	248	765	  1	
342	255	765	  1	
342	320	765	  1	
342	368	765	  1	
342	383	765	  1	
342	472	765	  1	
343	127	765	  1	
343	179	765	  1	
343	440	765	  1	
344	 28	765	  1	
344	 80	765	  1	
344	138	765	  1	
344	146	765	  1	
344	171	765	  1	
344	235	765	  1	
344	288	765	  1	
344	296	765	  1	
344	442	765	  1	
345	 48	765	  1	
345	 59	765	  1	
346	159	765	  1	
346	248	765	  1	
346	255	765	  1	
346	415	765	  1	
347	  6	765	  1	
347	 16	765	  1	
347	 83	765	  1	
347	280	765	  1	
348	 32	765	  1	
348	 38	765	  1	
348	119	765	  1	
349	430	765	  1	
350	 80	765	  1	
350	120	765	  1	
350	208	765	  1	
350	222	765	  1	
350	288	765	  1	
351	168	765	  1	
351	175	765	  1	
351	232	765	  1	
351	239	765	  1	
351	407	765	  1	
351	424	765	  1	
351	429	765	  1	
352	 54	765	  1	
352	109	765	  1	
352	147	765	  1	
352	165	765	  1	
352	192	765	  1	
352	255	765	  1	
352	257	765	  1	
352	287	765	  1	
352	327	765	  1	
352	408	765	  1	
352	420	765	  1	
354	 48	765	  1	
354	352	765	  1	
354	359	765	  1	
355	 24	765	  1	
355	280	765	  1	
356	119	765	  1	
356	315	765	  1	
356	408	765	  1	
357	127	765	  1	
357	152	765	  1	
357	298	765	  1	
357	374	765	  1	
357	425	765	  1	
358	  4	765	  1	
358	 55	765	  1	
358	104	765	  1	
359	 39	765	  1	
359	 96	765	  1	
359	165	765	  1	
359	199	765	  1	
359	252	765	  1	
359	269	765	  1	
359	275	765	  1	
359	287	765	  1	
359	300	765	  1	
359	412	765	  1	
360	  8	765	  1	
360	 19	765	  1	
360	 43	765	  1	
360	 84	765	  1	
360	112	765	  1	
360	116	765	  1	
360	122	765	  1	
360	128	765	  1	
360	149	765	  1	
360	184	765	  1	
360	216	765	  1	
360	270	765	  1	
360	280	765	  1	
360	320	765	  1	
360	376	765	  1	
360	391	765	  1	
360	455	765	  1	
360	599	765	  1	
362	231	765	  1	
362	248	765	  1	
362	296	765	  1	
362	423	765	  1	
363	 80	765	  1	
363	141	765	  1	
363	538	765	  1	
364	112	765	  1	
364	268	765	  1	
365	380	765	  1	
366	136	765	  1	
366	167	765	  1	
366	188	765	  1	
366	254	765	  1	
366	346	765	  1	
367	 40	765	  1	
367	216	765	  1	
367	283	765	  1	
367	323	765	  1	
367	355	765	  1	
368	  4	765	  1	
368	 69	765	  1	
368	 77	765	  1	
368	135	765	  1	
368	239	765	  1	
368	264	765	  1	
368	271	765	  1	
368	316	765	  1	
368	336	765	  1	
368	387	765	  1	
368	424	765	  1	
368	435	765	  1	
370	 94	765	  1	
370	112	765	  1	
370	283	765	  1	
371	 80	765	  1	
371	232	765	  1	
371	287	765	  1	
371	343	765	  1	
373	  7	765	  1	
373	149	765	  1	
373	167	765	  1	
373	440	765	  1	
374	427	765	  1	
374	446	765	  1	
375	144	765	  1	
375	157	765	  1	
375	165	765	  1	
375	239	765	  1	
375	319	765	  1	
375	336	765	  1	
376	 30	765	  1	
376	 35	765	  1	
376	 43	765	  1	
376	 48	765	  1	
376	 52	765	  1	
376	 96	765	  1	
376	150	765	  1	
376	173	765	  1	
376	248	765	  1	
376	304	765	  1	
376	400	765	  1	
378	 16	765	  1	
378	168	765	  1	
378	309	765	  1	
379	 70	765	  1	
379	159	765	  1	
379	338	765	  1	
379	343	765	  1	
379	415	765	  1	
380	423	765	  1	
380	439	765	  1	
381	126	765	  1	
381	390	765	  1	
383	 30	765	  1	
383	 39	765	  1	
383	 64	765	  1	
383	 80	765	  1	
383	150	765	  1	
383	200	765	  1	
383	207	765	  1	
383	232	765	  1	
384	  3	765	  1	
384	  8	765	  1	
384	 84	765	  1	
384	104	765	  1	
384	295	765	  1	
384	322	765	  1	
384	328	765	  1	
384	463	765	  1	
386	 52	765	  1	
386	117	765	  1	
387	 40	765	  1	
387	 72	765	  1	
387	 94	765	  1	
387	112	765	  1	
387	140	765	  1	
387	225	765	  1	
387	288	765	  1	
389	110	765	  1	
390	143	765	  1	
390	343	765	  1	
391	  8	765	  1	
391	 24	765	  1	
391	 31	765	  1	
391	 47	765	  1	
391	 53	765	  1	
391	232	765	  1	
391	295	765	  1	
391	328	765	  1	
391	336	765	  1	
391	559	765	  1	
392	 32	765	  1	
392	 58	765	  1	
392	 66	765	  1	
392	 80	765	  1	
392	101	765	  1	
392	112	765	  1	
392	123	765	  1	
392	287	765	  1	
392	376	765	  1	
393	 93	765	  1	
394	 14	765	  1	
394	237	765	  1	
394	316	765	  1	
394	383	765	  1	
395	 71	765	  1	
395	200	765	  1	
395	221	765	  1	
395	256	765	  1	
397	 10	765	  1	
397	 60	765	  1	
397	135	765	  1	
398	 32	765	  1	
398	 67	765	  1	
398	 93	765	  1	
398	213	765	  1	
398	286	765	  1	
399	 80	765	  1	
399	 88	765	  1	
399	120	765	  1	
399	127	765	  1	
399	232	765	  1	
399	312	765	  1	
400	  0	765	  1	
400	 16	765	  1	
400	 83	765	  1	
400	114	765	  1	
400	139	765	  1	
400	144	765	  1	
400	164	765	  1	
400	360	765	  1	
400	390	765	  1	
400	408	765	  1	
402	152	765	  1	
403	 64	765	  1	
403	104	765	  1	
403	184	765	  1	
403	283	765	  1	
403	368	765	  1	
403	377	765	  1	
403	415	765	  1	
403	480	765	  1	
403	487	765	  1	
404	  3	765	  1	
404	 24	765	  1	
404	274	765	  1	
405	 14	765	  1	
405	279	765	  1	
405	334	765	  1	
405	395	765	  1	
406	511	765	  1	
407	144	765	  1	
407	408	765	  1	
408	 45	765	  1	
408	 77	765	  1	
408	 85	765	  1	
408	110	765	  1	
408	117	765	  1	
408	125	765	  1	
408	154	765	  1	
408	188	765	  1	
408	195	765	  1	
408	240	765	  1	
408	248	765	  1	
408	275	765	  1	
408	320	765	  1	
408	360	765	  1	
408	424	765	  1	
408	430	765	  1	
408	456	765	  1	
409	 24	765	  1	
409	 29	765	  1	
411	 32	765	  1	
411	312	765	  1	
411	427	765	  1	
413	 40	765	  1	
413	 56	765	  1	
413	 72	765	  1	
413	 94	765	  1	
413	164	765	  1	
413	245	765	  1	
413	416	765	  1	
413	421	765	  1	
414	112	765	  1	
414	404	765	  1	
414	459	765	  1	
415	191	765	  1	
415	348	765	  1	
415	448	765	  1	
416	 16	765	  1	
416	 69	765	  1	
416	 89	765	  1	
416	119	765	  1	
416	144	765	  1	
416	150	765	  1	
416	173	765	  1	
416	230	765	  1	
416	243	765	  1	
416	298	765	  1	
416	314	765	  1	
416	327	765	  1	
417	 87	765	  1	
417	311	765	  1	
418	360	765	  1	
419	 43	765	  1	
419	171	765	  1	
419	224	765	  1	
419	335	765	  1	
419	373	765	  1	
420	 32	765	  1	
420	115	765	  1	
420	366	765	  1	
421	  8	765	  1	
421	 23	765	  1	
421	 26	765	  1	
421	147	765	  1	
421	303	765	  1	
421	322	765	  1	
421	594	765	  1	
422	 80	765	  1	
422	208	765	  1	
422	327	765	  1	
423	240	765	  1	
423	247	765	  1	
423	288	765	  1	
423	328	765	  1	
423	349	765	  1	
423	359	765	  1	
423	423	765	  1	
424	125	765	  1	
424	134	765	  1	
424	144	765	  1	
424	176	765	  1	
424	200	765	  1	
424	218	765	  1	
424	304	765	  1	
424	311	765	  1	
424	327	765	  1	
424	382	765	  1	
425	 29	765	  1	
425	 40	765	  1	
425	 56	765	  1	
425	 63	765	  1	
425	 77	765	  1	
425	223	765	  1	
426	 39	765	  1	
426	 88	765	  1	
426	159	765	  1	
427	 47	765	  1	
427	104	765	  1	
428	147	765	  1	
429	 23	765	  1	
429	 80	765	  1	
429	 87	765	  1	
429	131	765	  1	
429	208	765	  1	
430	  8	765	  1	
430	192	765	  1	
430	223	765	  1	
431	 44	765	  1	
431	307	765	  1	
431	382	765	  1	
432	  3	765	  1	
432	 43	765	  1	
432	 64	765	  1	
432	 67	765	  1	
432	 94	765	  1	
432	100	765	  1	
432	104	765	  1	
432	153	765	  1	
432	160	765	  1	
432	167	765	  1	
432	170	765	  1	
432	227	765	  1	
432	332	765	  1	
432	343	765	  1	
432	368	765	  1	
433	207	765	  1	
434	  8	765	  1	
434	 25	765	  1	
434	287	765	  1	
435	 35	765	  1	
435	 48	765	  1	
435	 59	765	  1	
435	 90	765	  1	
435	336	765	  1	
435	375	765	  1	
436	  0	765	  1	
436	  7	765	  1	
436	 46	765	  1	
436	117	765	  1	
436	200	765	  1	
436	279	765	  1	
437	 12	765	  1	
437	181	765	  1	
438	175	765	  1	
439	 43	765	  1	
439	120	765	  1	
439	168	765	  1	
439	192	765	  1	
439	214	765	  1	
439	248	765	  1	
439	286	765	  1	
439	343	765	  1	
439	368	765	  1	
440	 51	765	  1	
440	 61	765	  1	
440	 66	765	  1	
440	 82	765	  1	
440	103	765	  1	
440	133	765	  1	
440	139	765	  1	
440	144	765	  1	
440	191	765	  1	
440	202	765	  1	
440	208	765	  1	
440	212	765	  1	
440	220	765	  1	
440	244	765	  1	
440	359	765	  1	
441	  0	765	  1	
441	 28	765	  1	
442	161	765	  1	
442	200	765	  1	
442	392	765	  1	
443	  8	765	  1	
443	 24	765	  1	
443	167	765	  1	
444	117	765	  1	
444	227	765	  1	
445	 56	765	  1	
445	246	765	  1	
445	404	765	  1	
446	 32	765	  1	
446	185	765	  1	
446	203	765	  1	
446	236	765	  1	
446	358	765	  1	
447	120	765	  1	
447	224	765	  1	
447	240	765	  1	
447	248	765	  1	
447	339	765	  1	
448	 19	765	  1	
448	 42	765	  1	
448	 75	765	  1	
448	171	765	  1	
448	262	765	  1	
449	441	765	  1	
450	168	765	  1	
451	191	765	  1	
451	408	765	  1	
453	 80	765	  1	
454	 53	765	  1	
454	124	765	  1	
454	259	765	  1	
454	391	765	  1	
455	120	765	  1	
455	467	765	  1	
456	 32	765	  1	
456	 64	765	  1	
456	 75	765	  1	
456	 85	765	  1	
456	221	765	  1	
456	283	765	  1	
456	288	765	  1	
456	310	765	  1	
456	416	765	  1	
458	102	765	  1	
458	304	765	  1	
459	152	765	  1	
459	191	765	  1	
459	198	765	  1	
459	216	765	  1	
459	287	765	  1	
459	294	765	  1	
460	 72	765	  1	
460	118	765	  1	
460	175	765	  1	
461	  0	765	  1	
462	227	765	  1	
462	272	765	  1	
462	279	765	  1	
463	 23	765	  1	
463	232	765	  1	
464	  8	765	  1	
464	 18	765	  1	
464	154	765	  1	
464	162	765	  1	
464	187	765	  1	
464	192	765	  1	
464	228	765	  1	
464	296	765	  1	
466	144	765	  1	
466	359	765	  1	
467	 15	765	  1	
467	 67	765	  1	
467	240	765	  1	
468	112	765	  1	
468	216	765	  1	
469	118	765	  1	
469	198	765	  1	
469	288	765	  1	
470	 80	765	  1	
470	115	765	  1	
470	325	765	  1	
471	 32	765	  1	
471	175	765	  1	
471	183	765	  1	
472	  3	765	  1	
472	106	765	  1	
472	112	765	  1	
472	116	765	  1	
472	135	765	  1	
472	157	765	  1	
472	208	765	  1	
472	280	765	  1	
472	395	765	  1	
472	408	765	  1	
474	207	765	  1	
474	213	765	  1	
474	304	765	  1	
475	 67	765	  1	
475	328	765	  1	
477	 80	765	  1	
477	152	765	  1	
478	 86	765	  1	
478	 95	765	  1	
479	126	765	  1	
479	160	765	  1	
479	168	765	  1	
479	197	765	  1	
479	208	765	  1	
479	296	765	  1	
480	  0	765	  1	
480	  5	765	  1	
480	 99	765	  1	
480	229	765	  1	
480	243	765	  1	
480	295	765	  1	
481	 96	765	  1	
482	224	765	  1	
482	431	765	  1	
483	 80	765	  1	
483	192	765	  1	
484	 30	765	  1	
484	 48	765	  1	
484	135	765	  1	
485	240	765	  1	
486	 24	765	  1	
486	 55	765	  1	
486	230	765	  1	
487	 87	765	  1	
487	108	765	  1	
487	128	765	  1	
487	291	765	  1	
487	411	765	  1	
488	  2	765	  1	
488	 40	765	  1	
488	 91	765	  1	
488	110	765	  1	
488	120	765	  1	
488	147	765	  1	
488	179	765	  1	
488	194	765	  1	
488	237	765	  1	
488	275	765	  1	
488	296	765	  1	
488	305	765	  1	
488	320	765	  1	
488	575	765	  1	
489	104	765	  1	
489	135	765	  1	
489	186	765	  1	
489	216	765	  1	
489	267	765	  1	
489	282	765	  1	
489	287	765	  1	
490	191	765	  1	
490	416	765	  1	
491	 47	765	  1	
491	123	765	  1	
491	342	765	  1	
491	429	765	  1	
492	 66	765	  1	
492	 96	765	  1	
493	144	765	  1	
493	422	765	  1	
494	 52	765	  1	
494	336	765	  1	
495	 40	765	  1	
495	109	765	  1	
495	184	765	  1	
495	192	765	  1	
495	199	765	  1	
495	320	765	  1	
495	388	765	  1	
496	 88	765	  1	
496	147	765	  1	
496	165	765	  1	
496	191	765	  1	
496	213	765	  1	
496	223	765	  1	
496	227	765	  1	
496	239	765	  1	
496	375	765	  1	
497	 16	765	  1	
498	117	765	  1	
498	160	765	  1	
498	208	765	  1	
498	298	765	  1	
499	 56	765	  1	
499	136	765	  1	
499	141	765	  1	
499	303	765	  1	
502	 92	765	  1	
502	288	765	  1	
503	152	765	  1	
504	 32	765	  1	
504	113	765	  1	
504	122	765	  1	
504	136	765	  1	
505	 64	765	  1	
507	119	765	  1	
507	160	765	  1	
508	 88	765	  1	
508	334	765	  1	
509	159	765	  1	
509	171	765	  1	
509	208	765	  1	
510	 36	765	  1	
510	 93	765	  1	
510	296	765	  1	
510	328	765	  1	
511	416	765	  1	
512	  0	765	  1	
512	 27	765	  1	
512	 55	765	  1	
512	 87	765	  1	
512	 90	765	  1	
512	219	765	  1	
512	239	765	  1	
512	275	765	  1	
512	392	765	  1	
512	396	765	  1	
512	431	765	  1	
513	 80	765	  1	
513	191	765	  1	
513	199	765	  1	
514	144	765	  1	
515	232	765	  1	
515	248	765	  1	
516	156	765	  1	
516	334	765	  1	
517	174	765	  1	
517	319	765	  1	
517	344	765	  1	
517	349	765	  1	
517	456	765	  1	
518	115	765	  1	
518	147	765	  1	
518	184	765	  1	
518	210	765	  1	
518	243	765	  1	
518	328	765	  1	
518	415	765	  1	
519	152	765	  1	
519	239	765	  1	
519	431	765	  1	
520	104	765	  1	
520	120	765	  1	
520	124	765	  1	
520	131	765	  1	
520	200	765	  1	
520	270	765	  1	
520	304	765	  1	
520	343	765	  1	
520	356	765	  1	
522	 93	765	  1	
522	206	765	  1	
522	266	765	  1	
523	287	765	  1	
523	296	765	  1	
524	216	765	  1	
524	228	765	  1	
524	271	765	  1	
524	310	765	  1	
525	103	765	  1	
525	110	765	  1	
525	144	765	  1	
525	168	765	  1	
525	192	765	  1	
525	215	765	  1	
525	352	765	  1	
526	200	765	  1	
526	265	765	  1	
526	400	765	  1	
527	197	765	  1	
527	363	765	  1	
528	189	765	  1	
528	204	765	  1	
528	231	765	  1	
528	312	765	  1	
528	336	765	  1	
528	344	765	  1	
528	384	765	  1	
528	406	765	  1	
529	200	765	  1	
529	320	765	  1	
531	391	765	  1	
531	448	765	  1	
533	112	765	  1	
533	168	765	  1	
533	284	765	  1	
533	296	765	  1	
533	303	765	  1	
534	184	765	  1	
535	 47	765	  1	
535	200	765	  1	
535	206	765	  1	
535	264	765	  1	
535	319	765	  1	
535	327	765	  1	
535	384	765	  1	
536	 79	765	  1	
536	 95	765	  1	
536	124	765	  1	
536	139	765	  1	
536	147	765	  1	
536	175	765	  1	
536	312	765	  1	
536	350	765	  1	
539	192	765	  1	
539	199	765	  1	
539	272	765	  1	
539	368	765	  1	
539	387	765	  1	
540	 88	765	  1	
541	127	765	  1	
541	232	765	  1	
542	  8	765	  1	
542	 44	765	  1	
542	151	765	  1	
542	168	765	  1	
542	374	765	  1	
543	223	765	  1	
544	 67	765	  1	
544	136	765	  1	
544	143	765	  1	
544	152	765	  1	
544	176	765	  1	
544	304	765	  1	
544	328	765	  1	
544	380	765	  1	
547	368	765	  1	
548	 78	765	  1	
549	182	765	  1	
550	  7	765	  1	
550	110	765	  1	
550	120	765	  1	
550	126	765	  1	
550	320	765	  1	
550	383	765	  1	
551	 64	765	  1	
551	 71	765	  1	
551	232	765	  1	
551	245	765	  1	
551	375	765	  1	
552	 72	765	  1	
552	135	765	  1	
552	147	765	  1	
552	152	765	  1	
552	163	765	  1	
552	184	765	  1	
552	223	765	  1	
552	298	765	  1	
552	367	765	  1	
554	359	765	  1	
554	362	765	  1	
555	 79	765	  1	
555	104	765	  1	
555	128	765	  1	
557	119	765	  1	
558	156	765	  1	
558	379	765	  1	
559	135	765	  1	
559	200	765	  1	
559	367	765	  1	
560	 99	765	  1	
560	128	765	  1	
560	160	765	  1	
560	171	765	  1	
560	176	765	  1	
560	183	765	  1	
560	208	765	  1	
560	243	765	  1	
560	309	765	  1	
560	331	765	  1	
561	304	765	  1	
562	231	765	  1	
563	167	765	  1	
563	214	765	  1	
563	263	765	  1	
563	296	765	  1	
563	343	765	  1	
563	351	765	  1	
565	 72	765	  1	
565	 77	765	  1	
565	368	765	  1	
566	443	765	  1	
567	 96	765	  1	
567	103	765	  1	
567	160	765	  1	
567	168	765	  1	
567	175	765	  1	
567	179	765	  1	
567	256	765	  1	
567	300	765	  1	
567	331	765	  1	
567	391	765	  1	
568	216	765	  1	
568	271	765	  1	
568	307	765	  1	
568	316	765	  1	
568	328	765	  1	
568	376	765	  1	
570	456	765	  1	
571	126	765	  1	
571	251	765	  1	
573	218	765	  1	
574	120	765	  1	
575	 62	765	  1	
575	266	765	  1	
575	383	765	  1	
575	458	765	  1	
576	112	765	  1	
576	136	765	  1	
576	271	765	  1	
578	544	765	  1	
579	119	765	  1	
580	298	765	  1	
581	 75	765	  1	
581	 96	765	  1	
582	260	765	  1	
583	112	765	  1	
583	271	765	  1	
583	352	765	  1	
584	 80	765	  1	
584	 88	765	  1	
584	104	765	  1	
584	247	765	  1	
584	386	765	  1	
584	391	765	  1	
584	400	765	  1	
585	256	765	  1	
585	261	765	  1	
586	111	765	  1	
587	167	765	  1	
587	407	765	  1	
588	313	765	  1	
590	170	765	  1	
591	  0	765	  1	
591	  7	765	  1	
591	318	765	  1	
591	400	765	  1	
591	467	765	  1	
592	  8	765	  1	
592	 15	765	  1	
592	 32	765	  1	
592	112	765	  1	
592	138	765	  1	
592	191	765	  1	
592	255	765	  1	
592	274	765	  1	
592	301	765	  1	
592	345	765	  1	
594	 22	765	  1	
594	328	765	  1	
594	335	765	  1	
595	 93	765	  1	
597	299	765	  1	
599	 88	765	  1	
599	 98	765	  1	
599	104	765	  1	
599	138	765	  1	
599	309	765	  1	
599	316	765	  1	
600	171	765	  1	
600	296	765	  1	
600	359	765	  1	
600	400	765	  1	
600	412	765	  1	
602	115	765	  1	
603	156	765	  1	
603	176	765	  1	
603	184	765	  1	
603	352	765	  1	
604	485	765	  1	
606	104	765	  1	
606	344	765	  1	
607	 71	765	  1	
607	119	765	  1	
607	171	765	  1	
607	286	765	  1	
607	331	765	  1	
607	359	765	  1	
608	  0	765	  1	
608	 78	765	  1	
608	124	765	  1	
608	133	765	  1	
608	336	765	  1	
608	418	765	  1	
608	512	765	  1	
610	 68	765	  1	
611	 13	765	  1	
611	 21	765	  1	
613	326	765	  1	
615	104	765	  1	
616	343	765	  1	
619	392	765	  1	
619	458	765	  1	
621	  7	765	  1	
621	 83	765	  1	
624	  2	765	  1	
624	 69	765	  1	
624	263	765	  1	
624	368	765	  1	
624	396	765	  1	
626	311	765	  1	
628	487	765	  1	
630	  0	765	  1	
631	 71	765	  1	
631	131	765	  1	
631	224	765	  1	
632	 79	765	  1	
632	107	765	  1	
632	144	765	  1	
632	272	765	  1	
632	355	765	  1	
639	117	765	  1	
639	287	765	  1	
639	352	765	  1	
639	359	765	  1	
640	267	765	  1	
642	325	765	  1	
642	495	765	  1	
645	239	765	  1	
647	280	765	  1	
648	360	765	  1	
648	366	765	  1	
651	111	765	  1	
652	351	765	  1	
654	104	765	  1	
655	419	765	  1	
656	235	765	  1	
658	232	765	  1	
662	207	765	  1	
663	141	765	  1	
663	267	765	  1	
664	 87	765	  1	
664	147	765	  1	
664	287	765	  1	
667	304	765	  1	
672	506	765	  1	
674	  0	765	  1	
679	496	765	  1	
683	128	765	  1	
688	391	765	  1	
688	454	765	  1	
690	306	765	  1	
695	179	765	  1	
696	228	765	  1	
703	248	765	  1	
717	100	765	  1	
736	304	765	  1	
742	599	765	  1	
