# 
#  Image file: Goad1_T0169.jpg
#  Applied threshold: 575
#  Algorithm used: fill2                 
#  Particle count: 1910
#  Location (x,y), max luminance, and mass:
# 
  0	160	765	  1	
  0	487	765	  1	
  7	439	765	  1	
  7	461	765	  1	
  8	127	765	  1	
  8	482	765	  1	
 10	267	765	  1	
 11	144	765	  1	
 11	151	765	  1	
 11	184	765	  1	
 14	304	765	  1	
 18	579	765	  1	
 23	223	765	  1	
 24	360	765	  1	
 32	104	765	  1	
 38	306	765	  1	
 39	271	765	  1	
 46	442	765	  1	
 55	256	765	  1	
 56	  7	765	  1	
 56	103	765	  1	
 60	 96	765	  1	
 61	250	765	  1	
 64	275	765	  1	
 66	391	765	  1	
 69	161	765	  1	
 76	532	765	  1	
 80	360	765	  1	
 82	342	765	  1	
 88	135	765	  1	
 91	111	765	  1	
 91	162	765	  1	
 91	191	765	  1	
 95	 47	765	  1	
 96	177	765	  1	
 96	288	765	  1	
 96	295	765	  1	
 96	332	765	  1	
 98	293	765	  1	
 99	295	765	  1	
103	320	765	  1	
103	379	765	  1	
104	439	765	  1	
105	256	765	  1	
106	141	765	  1	
111	288	765	  1	
111	528	765	  1	
112	180	765	  1	
112	287	765	  1	
112	423	765	  1	
115	120	765	  1	
118	251	765	  1	
119	376	765	  1	
120	 15	765	  1	
120	119	765	  1	
120	152	765	  1	
120	191	765	  1	
120	198	765	  1	
120	501	765	  1	
120	508	765	  1	
123	184	765	  1	
124	  0	765	  1	
125	167	765	  1	
126	136	765	  1	
127	  5	765	  1	
127	191	765	  1	
127	271	765	  1	
128	248	765	  1	
128	283	765	  1	
128	286	765	  1	
128	312	765	  1	
131	272	765	  1	
132	147	765	  1	
132	199	765	  1	
132	282	765	  1	
133	278	765	  1	
134	156	765	  1	
135	438	765	  1	
136	 71	765	  1	
136	131	765	  1	
137	205	765	  1	
138	 64	765	  1	
139	  8	765	  1	
139	179	765	  1	
139	200	765	  1	
140	224	765	  1	
141	128	765	  1	
142	102	765	  1	
142	139	765	  1	
143	 84	765	  1	
143	208	765	  1	
143	283	765	  1	
143	466	765	  1	
144	 48	765	  1	
144	152	765	  1	
144	168	765	  1	
144	175	765	  1	
144	231	765	  1	
144	280	765	  1	
146	 53	765	  1	
147	224	765	  1	
147	439	765	  1	
148	 93	765	  1	
148	263	765	  1	
148	320	765	  1	
149	 40	765	  1	
151	231	765	  1	
151	257	765	  1	
151	383	765	  1	
152	126	765	  1	
152	138	765	  1	
152	239	765	  1	
154	 80	765	  1	
155	 95	765	  1	
155	368	765	  1	
155	378	765	  1	
156	183	765	  1	
156	375	765	  1	
157	 53	765	  1	
157	315	765	  1	
158	124	765	  1	
158	147	765	  1	
159	254	765	  1	
159	288	765	  1	
160	 58	765	  1	
160	 64	765	  1	
160	100	765	  1	
160	118	765	  1	
160	209	765	  1	
160	230	765	  1	
160	368	765	  1	
163	 71	765	  1	
163	215	765	  1	
163	340	765	  1	
165	112	765	  1	
165	256	765	  1	
165	315	765	  1	
166	183	765	  1	
166	231	765	  1	
167	 16	765	  1	
167	 51	765	  1	
167	 67	765	  1	
167	376	765	  1	
168	  7	765	  1	
168	 74	765	  1	
168	106	765	  1	
168	120	765	  1	
168	130	765	  1	
168	216	765	  1	
168	232	765	  1	
168	267	765	  1	
168	296	765	  1	
168	303	765	  1	
169	152	765	  1	
170	128	765	  1	
170	135	765	  1	
170	336	765	  1	
171	223	765	  1	
172	 58	765	  1	
172	124	765	  1	
172	342	765	  1	
173	 80	765	  1	
173	183	765	  1	
173	224	765	  1	
173	392	765	  1	
174	131	765	  1	
175	111	765	  1	
175	216	765	  1	
175	296	765	  1	
175	303	765	  1	
175	327	765	  1	
175	448	765	  1	
176	117	765	  1	
176	165	765	  1	
176	192	765	  1	
176	247	765	  1	
176	354	765	  1	
176	360	765	  1	
176	365	765	  1	
177	 88	765	  1	
177	 93	765	  1	
177	264	765	  1	
178	183	765	  1	
178	223	765	  1	
179	 64	765	  1	
179	240	765	  1	
179	280	765	  1	
179	312	765	  1	
180	 80	765	  1	
180	175	765	  1	
180	320	765	  1	
181	 94	765	  1	
181	127	765	  1	
181	197	765	  1	
181	328	765	  1	
183	114	765	  1	
183	186	765	  1	
183	191	765	  1	
183	247	765	  1	
183	407	765	  1	
184	 63	765	  1	
184	 80	765	  1	
184	 93	765	  1	
184	144	765	  1	
184	433	765	  1	
184	535	765	  1	
185	255	765	  1	
186	368	765	  1	
186	375	765	  1	
187	 56	765	  1	
187	 95	765	  1	
187	117	765	  1	
187	287	765	  1	
187	403	765	  1	
187	412	765	  1	
187	432	765	  1	
189	128	765	  1	
189	160	765	  1	
189	328	765	  1	
189	439	765	  1	
191	 63	765	  1	
191	 92	765	  1	
191	168	765	  1	
191	295	765	  1	
191	398	765	  1	
192	 29	765	  1	
192	 80	765	  1	
192	107	765	  1	
192	192	765	  1	
192	211	765	  1	
192	224	765	  1	
192	245	765	  1	
192	314	765	  1	
192	381	765	  1	
192	416	765	  1	
194	 91	765	  1	
194	134	765	  1	
194	191	765	  1	
194	440	765	  1	
195	175	765	  1	
195	240	765	  1	
196	 56	765	  1	
197	 95	765	  1	
197	194	765	  1	
198	128	765	  1	
198	207	765	  1	
198	335	765	  1	
198	359	765	  1	
199	 39	765	  1	
199	 80	765	  1	
199	163	765	  1	
199	168	765	  1	
199	215	765	  1	
199	512	765	  1	
199	519	765	  1	
200	  5	765	  1	
200	 27	765	  1	
200	 40	765	  1	
200	 64	765	  1	
200	 68	765	  1	
200	117	765	  1	
200	125	765	  1	
200	136	765	  1	
200	142	765	  1	
200	159	765	  1	
200	167	765	  1	
200	199	765	  1	
200	285	765	  1	
200	288	765	  1	
200	319	765	  1	
200	349	765	  1	
201	130	765	  1	
202	 54	765	  1	
202	207	765	  1	
202	464	765	  1	
203	 32	765	  1	
203	 39	765	  1	
203	295	765	  1	
203	312	765	  1	
205	528	765	  1	
206	153	765	  1	
206	224	765	  1	
206	448	765	  1	
206	470	765	  1	
207	 24	765	  1	
207	 31	765	  1	
207	 60	765	  1	
207	199	765	  1	
207	288	765	  1	
207	319	765	  1	
207	464	765	  1	
208	 79	765	  1	
208	 91	765	  1	
208	181	765	  1	
208	207	765	  1	
208	280	765	  1	
208	361	765	  1	
208	496	765	  1	
208	503	765	  1	
210	126	765	  1	
210	367	765	  1	
211	103	765	  1	
211	192	765	  1	
211	320	765	  1	
212	158	765	  1	
213	 74	765	  1	
213	120	765	  1	
213	135	765	  1	
213	295	765	  1	
214	 91	765	  1	
214	112	765	  1	
214	117	765	  1	
214	124	765	  1	
214	362	765	  1	
215	199	765	  1	
215	203	765	  1	
215	256	765	  1	
215	284	765	  1	
215	488	765	  1	
215	503	765	  1	
216	 16	765	  1	
216	 23	765	  1	
216	 64	765	  1	
216	109	765	  1	
216	128	765	  1	
216	152	765	  1	
216	182	765	  1	
216	190	765	  1	
216	315	765	  1	
216	320	765	  1	
216	418	765	  1	
216	431	765	  1	
216	499	765	  1	
216	555	765	  1	
216	592	765	  1	
217	105	765	  1	
217	335	765	  1	
218	273	765	  1	
218	415	765	  1	
219	 71	765	  1	
219	176	765	  1	
219	488	765	  1	
220	119	765	  1	
221	136	765	  1	
221	143	765	  1	
222	109	765	  1	
222	119	765	  1	
222	159	765	  1	
223	 19	765	  1	
223	 32	765	  1	
223	 64	765	  1	
223	279	765	  1	
223	415	765	  1	
223	495	765	  1	
223	499	765	  1	
224	  8	765	  1	
224	 96	765	  1	
224	104	765	  1	
224	144	765	  1	
224	192	765	  1	
224	312	765	  1	
224	316	765	  1	
224	335	765	  1	
224	338	765	  1	
224	356	765	  1	
224	399	765	  1	
224	477	765	  1	
226	320	765	  1	
227	 47	765	  1	
227	 75	765	  1	
228	246	765	  1	
228	330	765	  1	
229	  0	765	  1	
229	248	765	  1	
229	263	765	  1	
229	483	765	  1	
230	213	765	  1	
230	240	765	  1	
230	472	765	  1	
231	101	765	  1	
231	144	765	  1	
231	192	765	  1	
231	257	765	  1	
231	327	765	  1	
232	 50	765	  1	
232	 55	765	  1	
232	141	765	  1	
232	154	765	  1	
232	160	765	  1	
232	183	765	  1	
232	189	765	  1	
232	208	765	  1	
232	270	765	  1	
232	383	765	  1	
232	400	765	  1	
232	407	765	  1	
232	440	765	  1	
232	536	765	  1	
232	559	765	  1	
234	264	765	  1	
235	 64	765	  1	
235	128	765	  1	
235	376	765	  1	
236	314	765	  1	
237	112	765	  1	
237	136	765	  1	
237	270	765	  1	
237	454	765	  1	
238	 24	765	  1	
238	 50	765	  1	
238	176	765	  1	
238	195	765	  1	
239	 55	765	  1	
239	264	765	  1	
239	326	765	  1	
239	383	765	  1	
239	394	765	  1	
239	403	765	  1	
239	559	765	  1	
240	 78	765	  1	
240	 87	765	  1	
240	103	765	  1	
240	117	765	  1	
240	168	765	  1	
240	197	765	  1	
240	229	765	  1	
240	278	765	  1	
240	456	765	  1	
240	463	765	  1	
240	471	765	  1	
241	 96	765	  1	
242	149	765	  1	
242	180	765	  1	
242	459	765	  1	
242	467	765	  1	
243	110	765	  1	
243	232	765	  1	
243	358	765	  1	
243	544	765	  1	
244	  5	765	  1	
244	103	765	  1	
245	  0	765	  1	
245	 75	765	  1	
246	145	765	  1	
246	151	765	  1	
246	176	765	  1	
246	198	765	  1	
247	 31	765	  1	
247	 96	765	  1	
247	471	765	  1	
248	 18	765	  1	
248	 46	765	  1	
248	152	765	  1	
248	160	765	  1	
248	201	765	  1	
248	219	765	  1	
248	232	765	  1	
248	237	765	  1	
248	248	765	  1	
248	304	765	  1	
248	327	765	  1	
248	374	765	  1	
248	448	765	  1	
248	515	765	  1	
249	242	765	  1	
250	 22	765	  1	
250	111	765	  1	
250	256	765	  1	
251	 96	765	  1	
251	193	765	  1	
251	320	765	  1	
251	462	765	  1	
252	232	765	  1	
252	247	765	  1	
252	299	765	  1	
253	 18	765	  1	
254	 23	765	  1	
254	 47	765	  1	
254	187	765	  1	
254	372	765	  1	
254	455	765	  1	
254	525	765	  1	
254	567	765	  1	
255	262	765	  1	
255	327	765	  1	
256	 83	765	  1	
256	 88	765	  1	
256	 91	765	  1	
256	184	765	  1	
256	210	765	  1	
256	227	765	  1	
256	264	765	  1	
256	304	765	  1	
256	312	765	  1	
256	319	765	  1	
256	458	765	  1	
256	462	765	  1	
256	494	765	  1	
257	261	765	  1	
257	483	765	  1	
257	591	765	  1	
258	 30	765	  1	
259	 40	765	  1	
259	243	765	  1	
259	311	765	  1	
259	403	765	  1	
260	 24	765	  1	
260	104	765	  1	
261	 62	765	  1	
261	256	765	  1	
261	280	765	  1	
261	463	765	  1	
261	488	765	  1	
262	 32	765	  1	
262	 86	765	  1	
262	176	765	  1	
263	  8	765	  1	
263	 47	765	  1	
263	110	765	  1	
263	262	765	  1	
263	304	765	  1	
263	480	765	  1	
264	 54	765	  1	
264	 68	765	  1	
264	 72	765	  1	
264	116	765	  1	
264	192	765	  1	
264	209	765	  1	
264	216	765	  1	
264	227	765	  1	
264	264	765	  1	
264	392	765	  1	
264	472	765	  1	
264	503	765	  1	
264	536	765	  1	
265	 24	765	  1	
265	 31	765	  1	
265	496	765	  1	
265	527	765	  1	
267	  0	765	  1	
267	 56	765	  1	
267	104	765	  1	
267	120	765	  1	
268	288	765	  1	
269	158	765	  1	
269	286	765	  1	
269	367	765	  1	
269	455	765	  1	
270	193	765	  1	
270	210	765	  1	
270	293	765	  1	
271	 76	765	  1	
271	224	765	  1	
271	488	765	  1	
271	499	765	  1	
271	527	765	  1	
272	 19	765	  1	
272	 45	765	  1	
272	 70	765	  1	
272	 88	765	  1	
272	109	765	  1	
272	200	765	  1	
272	214	765	  1	
272	264	765	  1	
272	272	765	  1	
272	301	765	  1	
272	402	765	  1	
272	413	765	  1	
272	466	765	  1	
272	474	765	  1	
272	511	765	  1	
274	 28	765	  1	
274	208	765	  1	
274	270	765	  1	
274	471	765	  1	
275	255	765	  1	
276	214	765	  1	
277	 67	765	  1	
277	102	765	  1	
277	136	765	  1	
277	247	765	  1	
277	264	765	  1	
278	 16	765	  1	
278	 23	765	  1	
278	249	765	  1	
279	  5	765	  1	
279	366	765	  1	
279	466	765	  1	
279	507	765	  1	
280	 60	765	  1	
280	132	765	  1	
280	140	765	  1	
280	195	765	  1	
280	232	765	  1	
280	288	765	  1	
280	319	765	  1	
280	360	765	  1	
280	412	765	  1	
280	441	765	  1	
280	493	765	  1	
280	512	765	  1	
280	520	765	  1	
280	535	765	  1	
282	 87	765	  1	
283	128	765	  1	
283	136	765	  1	
283	192	765	  1	
283	314	765	  1	
283	479	765	  1	
284	218	765	  1	
284	407	765	  1	
285	  0	765	  1	
285	392	765	  1	
286	 64	765	  1	
287	  4	765	  1	
287	288	765	  1	
287	512	765	  1	
287	527	765	  1	
288	 28	765	  1	
288	 40	765	  1	
288	 47	765	  1	
288	 88	765	  1	
288	108	765	  1	
288	112	765	  1	
288	120	765	  1	
288	176	765	  1	
288	232	765	  1	
288	246	765	  1	
288	249	765	  1	
288	256	765	  1	
288	328	765	  1	
288	471	765	  1	
288	474	765	  1	
288	568	765	  1	
291	510	765	  1	
292	120	765	  1	
294	 95	765	  1	
294	243	765	  1	
294	405	765	  1	
295	176	765	  1	
295	196	765	  1	
295	453	765	  1	
296	 18	765	  1	
296	 23	765	  1	
296	 32	765	  1	
296	 39	765	  1	
296	 55	765	  1	
296	 74	765	  1	
296	 79	765	  1	
296	 85	765	  1	
296	152	765	  1	
296	232	765	  1	
296	252	765	  1	
296	288	765	  1	
296	330	765	  1	
296	363	765	  1	
296	370	765	  1	
296	382	765	  1	
296	415	765	  1	
296	464	765	  1	
296	471	765	  1	
297	176	765	  1	
298	  5	765	  1	
298	 48	765	  1	
298	192	765	  1	
298	240	765	  1	
298	379	765	  1	
299	  0	765	  1	
299	 71	765	  1	
299	136	765	  1	
299	200	765	  1	
300	247	765	  1	
302	 16	765	  1	
302	 21	765	  1	
302	181	765	  1	
302	519	765	  1	
303	 35	765	  1	
303	 55	765	  1	
303	232	765	  1	
303	244	765	  1	
303	288	765	  1	
303	376	765	  1	
303	384	765	  1	
303	415	765	  1	
304	 48	765	  1	
304	136	765	  1	
304	141	765	  1	
304	173	765	  1	
304	214	765	  1	
304	440	765	  1	
304	564	765	  1	
306	184	765	  1	
307	 96	765	  1	
307	191	765	  1	
307	208	765	  1	
307	304	765	  1	
308	358	765	  1	
308	368	765	  1	
309	  8	765	  1	
309	160	765	  1	
309	256	765	  1	
309	295	765	  1	
309	567	765	  1	
310	182	765	  1	
310	309	765	  1	
310	352	765	  1	
311	232	765	  1	
311	248	765	  1	
311	322	765	  1	
311	423	765	  1	
311	470	765	  1	
312	 47	765	  1	
312	 88	765	  1	
312	131	765	  1	
312	179	765	  1	
312	200	765	  1	
312	204	765	  1	
312	213	765	  1	
312	226	765	  1	
312	285	765	  1	
312	296	765	  1	
312	304	765	  1	
312	319	765	  1	
312	336	765	  1	
312	355	765	  1	
312	384	765	  1	
312	391	765	  1	
312	393	765	  1	
312	402	765	  1	
312	415	765	  1	
312	599	765	  1	
313	147	765	  1	
313	310	765	  1	
314	  3	765	  1	
314	  7	765	  1	
314	264	765	  1	
314	399	765	  1	
314	460	765	  1	
315	386	765	  1	
316	296	765	  1	
316	301	765	  1	
316	395	765	  1	
317	216	765	  1	
317	231	765	  1	
317	327	765	  1	
317	360	765	  1	
317	463	765	  1	
318	136	765	  1	
318	191	765	  1	
318	403	765	  1	
319	415	765	  1	
320	  8	765	  1	
320	 14	765	  1	
320	 20	765	  1	
320	 32	765	  1	
320	 82	765	  1	
320	 96	765	  1	
320	156	765	  1	
320	176	765	  1	
320	280	765	  1	
320	293	765	  1	
320	309	765	  1	
320	344	765	  1	
320	386	765	  1	
320	391	765	  1	
320	456	765	  1	
321	142	765	  1	
322	  6	765	  1	
322	463	765	  1	
323	 56	765	  1	
323	262	765	  1	
323	335	765	  1	
324	379	765	  1	
324	408	765	  1	
325	 83	765	  1	
325	168	765	  1	
325	175	765	  1	
325	182	765	  1	
325	296	765	  1	
325	328	765	  1	
325	366	765	  1	
325	599	765	  1	
326	202	765	  1	
327	120	765	  1	
327	128	765	  1	
327	376	765	  1	
327	458	765	  1	
328	  2	765	  1	
328	 23	765	  1	
328	 54	765	  1	
328	 92	765	  1	
328	106	765	  1	
328	141	765	  1	
328	152	765	  1	
328	171	765	  1	
328	232	765	  1	
328	239	765	  1	
328	255	765	  1	
328	299	765	  1	
328	337	765	  1	
328	368	765	  1	
328	392	765	  1	
328	402	765	  1	
328	479	765	  1	
328	490	765	  1	
328	504	765	  1	
328	530	765	  1	
329	157	765	  1	
330	 16	765	  1	
331	 48	765	  1	
331	 70	765	  1	
331	246	765	  1	
333	  0	765	  1	
333	  7	765	  1	
333	 60	765	  1	
333	107	765	  1	
333	184	765	  1	
333	229	765	  1	
333	343	765	  1	
333	448	765	  1	
334	158	765	  1	
334	514	765	  1	
335	 16	765	  1	
335	235	765	  1	
335	255	765	  1	
335	461	765	  1	
336	  8	765	  1	
336	 21	765	  1	
336	 48	765	  1	
336	 91	765	  1	
336	144	765	  1	
336	192	765	  1	
336	290	765	  1	
336	305	765	  1	
336	410	765	  1	
336	448	765	  1	
337	454	765	  1	
338	 15	765	  1	
338	 80	765	  1	
338	247	765	  1	
338	368	765	  1	
339	216	765	  1	
339	308	765	  1	
339	416	765	  1	
339	592	765	  1	
341	 85	765	  1	
341	224	765	  1	
341	231	765	  1	
341	328	765	  1	
341	402	765	  1	
341	582	765	  1	
342	 89	765	  1	
342	 95	765	  1	
342	253	765	  1	
342	264	765	  1	
342	299	765	  1	
342	304	765	  1	
343	 48	765	  1	
343	 52	765	  1	
343	 80	765	  1	
343	163	765	  1	
343	242	765	  1	
343	368	765	  1	
343	410	765	  1	
344	 13	765	  1	
344	 29	765	  1	
344	 65	765	  1	
344	 77	765	  1	
344	105	765	  1	
344	136	765	  1	
344	173	765	  1	
344	200	765	  1	
344	344	765	  1	
344	414	765	  1	
344	448	765	  1	
344	455	765	  1	
344	544	765	  1	
344	568	765	  1	
345	375	765	  1	
346	278	765	  1	
346	512	765	  1	
347	184	765	  1	
347	360	765	  1	
347	451	765	  1	
348	110	765	  1	
348	328	765	  1	
348	408	765	  1	
349	  3	765	  1	
349	 72	765	  1	
349	 88	765	  1	
349	126	765	  1	
349	230	765	  1	
349	432	765	  1	
350	189	765	  1	
350	288	765	  1	
350	335	765	  1	
351	200	765	  1	
351	344	765	  1	
351	448	765	  1	
351	455	765	  1	
352	 82	765	  1	
352	 87	765	  1	
352	104	765	  1	
352	115	765	  1	
352	117	765	  1	
352	148	765	  1	
352	152	765	  1	
352	159	765	  1	
352	232	765	  1	
352	300	765	  1	
352	312	765	  1	
352	319	765	  1	
352	431	765	  1	
354	197	765	  1	
355	 30	765	  1	
355	 96	765	  1	
355	192	765	  1	
355	239	765	  1	
355	384	765	  1	
355	391	765	  1	
355	424	765	  1	
356	 16	765	  1	
356	267	765	  1	
357	  7	765	  1	
357	114	765	  1	
357	182	765	  1	
357	214	765	  1	
357	376	765	  1	
357	399	765	  1	
358	150	765	  1	
359	111	765	  1	
359	155	765	  1	
359	315	765	  1	
359	387	765	  1	
360	 10	765	  1	
360	104	765	  1	
360	123	765	  1	
360	152	765	  1	
360	204	765	  1	
360	333	765	  1	
360	424	765	  1	
360	439	765	  1	
360	442	765	  1	
360	448	765	  1	
360	472	765	  1	
362	208	765	  1	
363	432	765	  1	
363	555	765	  1	
364	235	765	  1	
364	408	765	  1	
365	 66	765	  1	
365	135	765	  1	
365	158	765	  1	
365	190	765	  1	
366	215	765	  1	
366	323	765	  1	
366	413	765	  1	
366	475	765	  1	
367	 72	765	  1	
367	200	765	  1	
367	308	765	  1	
367	312	765	  1	
367	319	765	  1	
367	443	765	  1	
368	  0	765	  1	
368	 27	765	  1	
368	 38	765	  1	
368	250	765	  1	
368	303	765	  1	
368	373	765	  1	
368	511	765	  1	
369	 72	765	  1	
371	 42	765	  1	
371	168	765	  1	
371	243	765	  1	
371	296	765	  1	
371	408	765	  1	
371	504	765	  1	
373	152	765	  1	
373	463	765	  1	
374	175	765	  1	
374	319	765	  1	
374	435	765	  1	
374	456	765	  1	
375	 24	765	  1	
375	 31	765	  1	
375	 96	765	  1	
375	103	765	  1	
375	303	765	  1	
375	415	765	  1	
375	511	765	  1	
376	  8	765	  1	
376	 56	765	  1	
376	 63	765	  1	
376	 80	765	  1	
376	 87	765	  1	
376	 91	765	  1	
376	114	765	  1	
376	139	765	  1	
376	182	765	  1	
376	192	765	  1	
376	195	765	  1	
376	248	765	  1	
376	359	765	  1	
376	391	765	  1	
376	402	765	  1	
376	419	765	  1	
376	472	765	  1	
376	540	765	  1	
376	550	765	  1	
378	381	765	  1	
379	101	765	  1	
379	128	765	  1	
379	251	765	  1	
380	 59	765	  1	
380	172	765	  1	
380	512	765	  1	
380	536	765	  1	
381	 47	765	  1	
382	122	765	  1	
382	134	765	  1	
382	192	765	  1	
382	350	765	  1	
382	373	765	  1	
383	176	765	  1	
383	391	765	  1	
383	416	765	  1	
383	423	765	  1	
383	471	765	  1	
383	562	765	  1	
384	 72	765	  1	
384	 88	765	  1	
384	104	765	  1	
384	204	765	  1	
384	224	765	  1	
384	288	765	  1	
384	299	765	  1	
384	304	765	  1	
384	311	765	  1	
384	434	765	  1	
384	454	765	  1	
384	560	765	  1	
385	 99	765	  1	
385	192	765	  1	
386	 85	765	  1	
386	128	765	  1	
386	185	765	  1	
387	  8	765	  1	
387	 40	765	  1	
387	 80	765	  1	
387	167	765	  1	
387	280	765	  1	
387	288	765	  1	
388	 28	765	  1	
388	207	765	  1	
388	379	765	  1	
388	463	765	  1	
388	471	765	  1	
389	110	765	  1	
389	191	765	  1	
389	400	765	  1	
389	407	765	  1	
390	 55	765	  1	
390	451	765	  1	
390	551	765	  1	
391	 44	765	  1	
391	120	765	  1	
391	303	765	  1	
391	307	765	  1	
391	349	765	  1	
392	  8	765	  1	
392	 59	765	  1	
392	 64	765	  1	
392	143	765	  1	
392	187	765	  1	
392	207	765	  1	
392	256	765	  1	
392	266	765	  1	
392	272	765	  1	
392	278	765	  1	
392	282	765	  1	
392	299	765	  1	
394	 13	765	  1	
394	183	765	  1	
394	202	765	  1	
394	263	765	  1	
395	 88	765	  1	
395	112	765	  1	
395	192	765	  1	
397	256	765	  1	
397	424	765	  1	
399	 29	765	  1	
399	 46	765	  1	
399	120	765	  1	
399	127	765	  1	
399	175	765	  1	
399	207	765	  1	
399	287	765	  1	
399	301	765	  1	
400	 72	765	  1	
400	 90	765	  1	
400	135	765	  1	
400	152	765	  1	
400	184	765	  1	
400	199	765	  1	
400	224	765	  1	
400	240	765	  1	
400	268	765	  1	
400	318	765	  1	
400	336	765	  1	
400	527	765	  1	
401	216	765	  1	
402	  9	765	  1	
402	503	765	  1	
403	112	765	  1	
403	520	765	  1	
404	 24	765	  1	
405	 19	765	  1	
405	 64	765	  1	
405	 91	765	  1	
405	205	765	  1	
405	216	765	  1	
405	496	765	  1	
406	231	765	  1	
407	 13	765	  1	
407	114	765	  1	
407	135	765	  1	
407	222	765	  1	
407	264	765	  1	
407	527	765	  1	
408	 45	765	  1	
408	 59	765	  1	
408	120	765	  1	
408	136	765	  1	
408	179	765	  1	
408	405	765	  1	
408	456	765	  1	
408	463	765	  1	
409	143	765	  1	
410	328	765	  1	
411	  5	765	  1	
411	 32	765	  1	
411	304	765	  1	
411	383	765	  1	
411	428	765	  1	
412	210	765	  1	
412	431	765	  1	
413	 40	765	  1	
414	  8	765	  1	
414	400	765	  1	
415	  0	765	  1	
415	 21	765	  1	
415	313	765	  1	
415	378	765	  1	
415	459	765	  1	
416	 91	765	  1	
416	 98	765	  1	
416	103	765	  1	
416	110	765	  1	
416	127	765	  1	
416	136	765	  1	
416	143	765	  1	
416	207	765	  1	
416	229	765	  1	
416	472	765	  1	
416	587	765	  1	
417	 50	765	  1	
417	559	765	  1	
418	184	765	  1	
418	342	765	  1	
419	 96	765	  1	
419	108	765	  1	
419	154	765	  1	
419	200	765	  1	
419	416	765	  1	
420	 32	765	  1	
420	109	765	  1	
420	121	765	  1	
421	 53	765	  1	
421	128	765	  1	
422	224	765	  1	
422	337	765	  1	
423	 56	765	  1	
423	 63	765	  1	
423	104	765	  1	
423	139	765	  1	
423	157	765	  1	
423	184	765	  1	
423	342	765	  1	
423	427	765	  1	
424	  3	765	  1	
424	 35	765	  1	
424	 43	765	  1	
424	 72	765	  1	
424	 96	765	  1	
424	101	765	  1	
424	144	765	  1	
424	151	765	  1	
424	168	765	  1	
424	176	765	  1	
424	200	765	  1	
424	282	765	  1	
424	288	765	  1	
424	296	765	  1	
424	311	765	  1	
424	430	765	  1	
424	443	765	  1	
424	504	765	  1	
425	 59	765	  1	
426	  6	765	  1	
426	280	765	  1	
426	287	765	  1	
427	 16	765	  1	
427	118	765	  1	
427	303	765	  1	
428	223	765	  1	
428	282	765	  1	
429	  0	765	  1	
429	 47	765	  1	
429	106	765	  1	
429	112	765	  1	
429	136	765	  1	
429	143	765	  1	
429	182	765	  1	
429	192	765	  1	
429	207	765	  1	
429	256	765	  1	
430	232	765	  1	
430	312	765	  1	
431	 32	765	  1	
431	280	765	  1	
431	296	765	  1	
431	430	765	  1	
432	  5	765	  1	
432	 16	765	  1	
432	 58	765	  1	
432	 63	765	  1	
432	 67	765	  1	
432	 83	765	  1	
432	140	765	  1	
432	152	765	  1	
432	156	765	  1	
432	165	765	  1	
432	208	765	  1	
432	212	765	  1	
432	248	765	  1	
432	392	765	  1	
433	128	765	  1	
433	131	765	  1	
435	  0	765	  1	
435	255	765	  1	
437	 71	765	  1	
437	268	765	  1	
438	165	765	  1	
438	288	765	  1	
439	248	765	  1	
440	 51	765	  1	
440	 60	765	  1	
440	 80	765	  1	
440	104	765	  1	
440	169	765	  1	
440	187	765	  1	
440	192	765	  1	
440	211	765	  1	
440	224	765	  1	
440	255	765	  1	
440	261	765	  1	
440	335	765	  1	
440	352	765	  1	
441	 68	765	  1	
442	 69	765	  1	
442	198	765	  1	
442	248	765	  1	
442	400	765	  1	
443	 14	765	  1	
443	128	765	  1	
443	175	765	  1	
444	 31	765	  1	
445	 34	765	  1	
445	214	765	  1	
445	232	765	  1	
446	  1	765	  1	
446	192	765	  1	
447	 71	765	  1	
447	131	765	  1	
447	135	765	  1	
447	363	765	  1	
448	 13	765	  1	
448	 52	765	  1	
448	 77	765	  1	
448	 82	765	  1	
448	111	765	  1	
448	119	765	  1	
448	142	765	  1	
448	222	765	  1	
448	228	765	  1	
448	351	765	  1	
448	356	765	  1	
448	456	765	  1	
449	 59	765	  1	
449	120	765	  1	
449	168	765	  1	
451	 48	765	  1	
451	161	765	  1	
451	175	765	  1	
451	192	765	  1	
451	248	765	  1	
451	317	765	  1	
451	424	765	  1	
452	229	765	  1	
453	 71	765	  1	
453	 80	765	  1	
453	136	765	  1	
453	258	765	  1	
454	171	765	  1	
455	 15	765	  1	
455	120	765	  1	
455	164	765	  1	
455	211	765	  1	
455	383	765	  1	
455	599	765	  1	
456	  8	765	  1	
456	 20	765	  1	
456	 46	765	  1	
456	 48	765	  1	
456	 55	765	  1	
456	 64	765	  1	
456	133	765	  1	
456	176	765	  1	
456	182	765	  1	
456	200	765	  1	
456	220	765	  1	
456	240	765	  1	
456	268	765	  1	
456	312	765	  1	
456	550	765	  1	
458	 32	765	  1	
458	128	765	  1	
459	  0	765	  1	
459	 15	765	  1	
459	136	765	  1	
459	143	765	  1	
461	243	765	  1	
463	 48	765	  1	
463	 55	765	  1	
463	383	765	  1	
464	  0	765	  1	
464	 15	765	  1	
464	 65	765	  1	
464	 88	765	  1	
464	108	765	  1	
464	118	765	  1	
464	130	765	  1	
464	147	765	  1	
464	229	765	  1	
464	280	765	  1	
466	 75	765	  1	
467	 56	765	  1	
467	 96	765	  1	
467	104	765	  1	
467	198	765	  1	
468	124	765	  1	
469	 40	765	  1	
469	 47	765	  1	
469	120	765	  1	
469	135	765	  1	
469	216	765	  1	
469	279	765	  1	
469	288	765	  1	
471	128	765	  1	
471	564	765	  1	
472	 24	765	  1	
472	 51	765	  1	
472	 79	765	  1	
472	 82	765	  1	
472	 86	765	  1	
472	118	765	  1	
472	200	765	  1	
472	216	765	  1	
472	223	765	  1	
472	234	765	  1	
472	250	765	  1	
472	269	765	  1	
472	285	765	  1	
472	387	765	  1	
473	 72	765	  1	
473	207	765	  1	
474	 91	765	  1	
475	144	765	  1	
477	232	765	  1	
477	239	765	  1	
477	248	765	  1	
477	255	765	  1	
477	357	765	  1	
478	 15	765	  1	
479	 24	765	  1	
479	 72	765	  1	
479	216	765	  1	
479	223	765	  1	
480	  8	765	  1	
480	 40	765	  1	
480	 56	765	  1	
480	 63	765	  1	
480	 68	765	  1	
480	 88	765	  1	
480	100	765	  1	
480	111	765	  1	
480	144	765	  1	
481	224	765	  1	
482	 64	765	  1	
482	155	765	  1	
482	376	765	  1	
483	 15	765	  1	
483	120	765	  1	
483	136	765	  1	
483	280	765	  1	
484	 54	765	  1	
484	 83	765	  1	
484	344	765	  1	
486	 40	765	  1	
486	 65	765	  1	
486	110	765	  1	
486	229	765	  1	
487	 56	765	  1	
487	 92	765	  1	
488	  0	765	  1	
488	  4	765	  1	
488	 21	765	  1	
488	 31	765	  1	
488	 36	765	  1	
488	128	765	  1	
488	158	765	  1	
488	176	765	  1	
488	183	765	  1	
488	191	765	  1	
488	206	765	  1	
488	219	765	  1	
488	248	765	  1	
488	584	765	  1	
488	594	765	  1	
490	 40	765	  1	
490	 51	765	  1	
490	 59	765	  1	
490	200	765	  1	
491	187	765	  1	
491	238	765	  1	
491	264	765	  1	
493	 16	765	  1	
493	155	765	  1	
495	179	765	  1	
495	184	765	  1	
495	191	765	  1	
495	216	765	  1	
495	223	765	  1	
495	248	765	  1	
495	383	765	  1	
496	  8	765	  1	
496	 14	765	  1	
496	 19	765	  1	
496	 72	765	  1	
496	104	765	  1	
496	109	765	  1	
496	136	765	  1	
496	144	765	  1	
496	240	765	  1	
496	264	765	  1	
496	356	765	  1	
499	133	765	  1	
499	232	765	  1	
499	310	765	  1	
500	105	765	  1	
500	120	765	  1	
501	142	765	  1	
501	147	765	  1	
501	158	765	  1	
502	 11	765	  1	
503	112	765	  1	
503	304	765	  1	
503	351	765	  1	
503	376	765	  1	
503	407	765	  1	
504	 15	765	  1	
504	 32	765	  1	
504	 72	765	  1	
504	 89	765	  1	
504	 98	765	  1	
504	102	765	  1	
504	151	765	  1	
504	200	765	  1	
504	207	765	  1	
504	298	765	  1	
504	323	765	  1	
504	362	765	  1	
505	 64	765	  1	
505	171	765	  1	
506	244	765	  1	
507	 95	765	  1	
507	203	765	  1	
507	248	765	  1	
508	 88	765	  1	
509	  8	765	  1	
509	118	765	  1	
509	160	765	  1	
509	176	765	  1	
509	184	765	  1	
509	256	765	  1	
509	263	765	  1	
510	 12	765	  1	
510	208	765	  1	
510	296	765	  1	
511	200	765	  1	
512	170	765	  1	
512	175	765	  1	
512	189	765	  1	
512	212	765	  1	
512	266	765	  1	
512	278	765	  1	
512	311	765	  1	
512	321	765	  1	
512	392	765	  1	
512	578	765	  1	
515	 64	765	  1	
515	304	765	  1	
516	270	765	  1	
517	 78	765	  1	
517	184	765	  1	
517	211	765	  1	
518	133	765	  1	
518	264	765	  1	
518	325	765	  1	
519	152	765	  1	
519	311	765	  1	
519	576	765	  1	
520	  5	765	  1	
520	 32	765	  1	
520	 52	765	  1	
520	 63	765	  1	
520	116	765	  1	
520	119	765	  1	
520	125	765	  1	
520	128	765	  1	
520	131	765	  1	
520	219	765	  1	
520	242	765	  1	
521	 48	765	  1	
522	115	765	  1	
522	152	765	  1	
522	159	765	  1	
522	336	765	  1	
523	 47	765	  1	
523	 90	765	  1	
523	112	765	  1	
523	126	765	  1	
523	271	765	  1	
524	214	765	  1	
524	407	765	  1	
525	  0	765	  1	
525	 88	765	  1	
525	 95	765	  1	
525	130	765	  1	
525	232	765	  1	
525	402	765	  1	
526	 59	765	  1	
526	120	765	  1	
527	 39	765	  1	
527	 53	765	  1	
527	264	765	  1	
528	 83	765	  1	
528	128	765	  1	
528	152	765	  1	
528	168	765	  1	
528	172	765	  1	
528	200	765	  1	
528	384	765	  1	
528	400	765	  1	
530	136	765	  1	
531	 45	765	  1	
531	218	765	  1	
533	407	765	  1	
534	 55	765	  1	
534	112	765	  1	
534	293	765	  1	
535	  8	765	  1	
535	 88	765	  1	
535	141	765	  1	
535	415	765	  1	
536	120	765	  1	
536	127	765	  1	
536	139	765	  1	
536	175	765	  1	
536	184	765	  1	
536	188	765	  1	
536	310	765	  1	
536	320	765	  1	
536	327	765	  1	
536	400	765	  1	
537	144	765	  1	
538	304	765	  1	
539	 56	765	  1	
539	207	765	  1	
539	282	765	  1	
541	 87	765	  1	
541	232	765	  1	
542	277	765	  1	
542	461	765	  1	
543	323	765	  1	
544	 72	765	  1	
544	101	765	  1	
544	111	765	  1	
544	152	765	  1	
544	196	765	  1	
544	205	765	  1	
544	243	765	  1	
544	288	765	  1	
544	310	765	  1	
544	328	765	  1	
544	360	765	  1	
544	367	765	  1	
544	375	765	  1	
544	392	765	  1	
547	 87	765	  1	
547	 96	765	  1	
547	159	765	  1	
547	172	765	  1	
547	254	765	  1	
547	335	765	  1	
547	368	765	  1	
547	399	765	  1	
549	240	765	  1	
550	108	765	  1	
550	153	765	  1	
551	 72	765	  1	
551	 79	765	  1	
551	328	765	  1	
551	339	765	  1	
551	363	765	  1	
551	375	765	  1	
551	392	765	  1	
551	457	765	  1	
551	527	765	  1	
552	 93	765	  1	
552	115	765	  1	
552	133	765	  1	
552	184	765	  1	
552	216	765	  1	
552	247	765	  1	
552	259	765	  1	
552	275	765	  1	
552	292	765	  1	
552	296	765	  1	
552	308	765	  1	
552	390	765	  1	
553	359	765	  1	
554	128	765	  1	
555	 88	765	  1	
555	198	765	  1	
555	240	765	  1	
555	255	765	  1	
556	190	765	  1	
557	 93	765	  1	
557	142	765	  1	
557	183	765	  1	
557	192	765	  1	
558	134	765	  1	
558	294	765	  1	
559	119	765	  1	
559	155	765	  1	
559	247	765	  1	
559	263	765	  1	
559	352	765	  1	
560	 53	765	  1	
560	120	765	  1	
560	126	765	  1	
560	150	765	  1	
560	231	765	  1	
560	260	765	  1	
560	388	765	  1	
561	323	765	  1	
562	117	765	  1	
562	165	765	  1	
562	180	765	  1	
562	315	765	  1	
564	224	765	  1	
564	256	765	  1	
564	274	765	  1	
565	 80	765	  1	
565	 87	765	  1	
565	147	765	  1	
565	198	765	  1	
566	263	765	  1	
567	 47	765	  1	
567	231	765	  1	
568	  0	765	  1	
568	  6	765	  1	
568	 22	765	  1	
568	 93	765	  1	
568	112	765	  1	
568	134	765	  1	
568	151	765	  1	
568	167	765	  1	
568	248	765	  1	
568	394	765	  1	
569	141	765	  1	
569	416	765	  1	
570	326	765	  1	
571	160	765	  1	
571	237	765	  1	
571	384	765	  1	
573	  3	765	  1	
573	131	765	  1	
573	184	765	  1	
573	399	765	  1	
574	219	765	  1	
575	136	765	  1	
575	167	765	  1	
575	318	765	  1	
576	  7	765	  1	
576	 64	765	  1	
576	104	765	  1	
576	176	765	  1	
576	306	765	  1	
579	111	765	  1	
579	191	765	  1	
579	463	765	  1	
580	269	765	  1	
581	 96	765	  1	
581	160	765	  1	
582	  2	765	  1	
583	276	765	  1	
583	280	765	  1	
584	 80	765	  1	
584	 93	765	  1	
584	176	765	  1	
584	192	765	  1	
584	216	765	  1	
584	360	765	  1	
584	384	765	  1	
586	198	765	  1	
587	339	765	  1	
587	367	765	  1	
588	266	765	  1	
589	296	765	  1	
589	431	765	  1	
590	116	765	  1	
590	192	765	  1	
590	400	765	  1	
591	 80	765	  1	
591	360	765	  1	
592	 72	765	  1	
592	124	765	  1	
592	163	765	  1	
592	195	765	  1	
592	206	765	  1	
592	243	765	  1	
592	320	765	  1	
592	327	765	  1	
592	559	765	  1	
594	 90	765	  1	
595	 79	765	  1	
595	 96	765	  1	
595	216	765	  1	
595	246	765	  1	
597	 99	765	  1	
597	199	765	  1	
598	 32	765	  1	
598	255	765	  1	
599	 63	765	  1	
599	 72	765	  1	
599	119	765	  1	
599	163	765	  1	
599	304	765	  1	
599	320	765	  1	
599	327	765	  1	
599	387	765	  1	
600	263	765	  1	
600	376	765	  1	
601	245	765	  1	
603	447	765	  1	
605	 51	765	  1	
605	210	765	  1	
605	240	765	  1	
605	251	765	  1	
605	256	765	  1	
605	368	765	  1	
605	383	765	  1	
606	215	765	  1	
606	317	765	  1	
607	423	765	  1	
608	 67	765	  1	
608	218	765	  1	
608	224	765	  1	
608	311	765	  1	
608	328	765	  1	
608	335	765	  1	
608	384	765	  1	
608	464	765	  1	
610	228	765	  1	
610	256	765	  1	
610	263	765	  1	
610	287	765	  1	
610	376	765	  1	
611	191	765	  1	
611	304	765	  1	
611	391	765	  1	
614	229	765	  1	
615	103	765	  1	
615	311	765	  1	
615	380	765	  1	
615	456	765	  1	
616	 70	765	  1	
616	 79	765	  1	
616	233	765	  1	
616	328	765	  1	
616	471	765	  1	
620	 56	765	  1	
620	224	765	  1	
621	211	765	  1	
622	 80	765	  1	
622	376	765	  1	
623	  7	765	  1	
623	 68	765	  1	
623	272	765	  1	
624	203	765	  1	
624	262	765	  1	
624	352	765	  1	
624	440	765	  1	
626	256	765	  1	
627	144	765	  1	
628	 98	765	  1	
629	231	765	  1	
629	262	765	  1	
631	 88	765	  1	
631	115	765	  1	
631	144	765	  1	
631	256	765	  1	
631	367	765	  1	
631	383	765	  1	
632	  6	765	  1	
632	 78	765	  1	
632	264	765	  1	
632	270	765	  1	
632	289	765	  1	
632	294	765	  1	
632	417	765	  1	
638	290	765	  1	
638	293	765	  1	
639	 40	765	  1	
639	152	765	  1	
639	360	765	  1	
640	 62	765	  1	
640	274	765	  1	
640	286	765	  1	
640	396	765	  1	
643	167	765	  1	
643	296	765	  1	
643	426	765	  1	
645	141	765	  1	
646	 76	765	  1	
646	284	765	  1	
646	344	765	  1	
647	 48	765	  1	
647	133	765	  1	
647	396	765	  1	
648	183	765	  1	
648	272	765	  1	
648	280	765	  1	
648	286	765	  1	
648	322	765	  1	
648	439	765	  1	
649	239	765	  1	
650	371	765	  1	
651	222	765	  1	
652	143	765	  1	
656	123	765	  1	
656	196	765	  1	
656	256	765	  1	
659	135	765	  1	
661	192	765	  1	
663	 73	765	  1	
663	 87	765	  1	
664	 96	765	  1	
664	200	765	  1	
664	207	765	  1	
664	303	765	  1	
667	 45	765	  1	
670	279	765	  1	
671	312	765	  1	
672	192	765	  1	
672	199	765	  1	
672	512	765	  1	
675	134	765	  1	
679	 98	765	  1	
679	195	765	  1	
680	 71	765	  1	
680	123	765	  1	
680	128	765	  1	
682	562	765	  1	
688	351	765	  1	
688	480	765	  1	
696	443	765	  1	
698	160	765	  1	
703	443	765	  1	
704	159	765	  1	
709	207	765	  1	
741	367	765	  1	
759	285	765	  1	
767	 52	765	  1	
768	162	765	  1	
795	180	765	  1	
795	184	765	  1	
