# 
#  Image file: Goad1_T0061.jpg
#  Applied threshold: 575
#  Algorithm used: fill2                 
#  Particle count: 1932
#  Location (x,y), max luminance, and mass:
# 
  0	184	765	  1	
  0	199	765	  1	
  2	195	765	  1	
  8	135	765	  1	
 11	143	765	  1	
 12	199	765	  1	
 16	416	765	  1	
 24	 96	765	  1	
 30	362	765	  1	
 31	303	765	  1	
 32	256	765	  1	
 40	 88	765	  1	
 41	114	765	  1	
 43	121	765	  1	
 47	128	765	  1	
 55	216	765	  1	
 71	143	765	  1	
 71	366	765	  1	
 72	136	765	  1	
 72	152	765	  1	
 72	160	765	  1	
 77	112	765	  1	
 79	592	765	  1	
 85	 96	765	  1	
 85	166	765	  1	
 87	160	765	  1	
 87	247	765	  1	
 88	 88	765	  1	
 88	250	765	  1	
 88	335	765	  1	
 91	228	765	  1	
 91	378	765	  1	
 92	352	765	  1	
 92	543	765	  1	
 93	254	765	  1	
 95	199	765	  1	
 95	237	765	  1	
 95	455	765	  1	
 96	 96	765	  1	
 98	141	765	  1	
 98	325	765	  1	
 99	487	765	  1	
103	159	765	  1	
103	239	765	  1	
104	  7	765	  1	
104	163	765	  1	
104	266	765	  1	
104	456	765	  1	
105	104	765	  1	
108	111	765	  1	
108	400	765	  1	
111	215	765	  1	
111	519	765	  1	
112	232	765	  1	
112	248	765	  1	
114	227	765	  1	
115	432	765	  1	
117	463	765	  1	
118	132	765	  1	
119	 52	765	  1	
119	 64	765	  1	
119	425	765	  1	
119	456	765	  1	
120	335	765	  1	
120	352	765	  1	
122	 15	765	  1	
122	178	765	  1	
124	111	765	  1	
127	  8	765	  1	
127	103	765	  1	
127	335	765	  1	
127	352	765	  1	
127	435	765	  1	
128	250	765	  1	
128	488	765	  1	
130	 90	765	  1	
131	215	765	  1	
131	231	765	  1	
134	344	765	  1	
135	 56	765	  1	
135	 88	765	  1	
136	  8	765	  1	
136	 82	765	  1	
136	239	765	  1	
136	392	765	  1	
139	309	765	  1	
139	328	765	  1	
140	232	765	  1	
140	283	765	  1	
142	101	765	  1	
142	170	765	  1	
142	400	765	  1	
143	  3	765	  1	
143	 82	765	  1	
143	 90	765	  1	
143	392	765	  1	
143	415	765	  1	
144	107	765	  1	
144	168	765	  1	
144	175	765	  1	
144	366	765	  1	
145	383	765	  1	
145	432	765	  1	
146	234	765	  1	
147	398	765	  1	
149	160	765	  1	
150	288	765	  1	
151	100	765	  1	
151	104	765	  1	
151	171	765	  1	
152	 72	765	  1	
152	 94	765	  1	
152	128	765	  1	
152	191	765	  1	
152	407	765	  1	
155	 79	765	  1	
155	 88	765	  1	
155	135	765	  1	
155	248	765	  1	
158	378	765	  1	
159	 72	765	  1	
159	128	765	  1	
159	392	765	  1	
159	398	765	  1	
160	 87	765	  1	
160	349	765	  1	
160	352	765	  1	
162	 53	765	  1	
163	 56	765	  1	
163	143	765	  1	
164	296	765	  1	
165	 72	765	  1	
165	 96	765	  1	
166	 62	765	  1	
167	 31	765	  1	
167	136	765	  1	
167	384	765	  1	
167	391	765	  1	
167	568	765	  1	
168	  4	765	  1	
168	 44	765	  1	
168	 64	765	  1	
168	 68	765	  1	
168	170	765	  1	
168	299	765	  1	
168	307	765	  1	
168	459	765	  1	
169	 91	765	  1	
171	 80	765	  1	
173	104	765	  1	
173	395	765	  1	
174	 23	765	  1	
174	 47	765	  1	
174	 68	765	  1	
174	 71	765	  1	
174	237	765	  1	
175	133	765	  1	
175	224	765	  1	
175	231	765	  1	
175	299	765	  1	
175	344	765	  1	
176	 20	765	  1	
176	 53	765	  1	
176	112	765	  1	
176	120	765	  1	
176	151	765	  1	
176	258	765	  1	
176	340	765	  1	
176	403	765	  1	
176	520	765	  1	
176	567	765	  1	
177	344	765	  1	
178	187	765	  1	
179	 36	765	  1	
179	 40	765	  1	
179	 64	765	  1	
179	143	765	  1	
179	199	765	  1	
180	112	765	  1	
181	 62	765	  1	
181	125	765	  1	
181	527	765	  1	
183	 20	765	  1	
183	 31	765	  1	
183	 47	765	  1	
183	119	765	  1	
183	136	765	  1	
183	151	765	  1	
183	226	765	  1	
183	328	765	  1	
183	347	765	  1	
183	351	765	  1	
183	384	765	  1	
183	427	765	  1	
184	 43	765	  1	
184	107	765	  1	
184	210	765	  1	
184	300	765	  1	
184	365	765	  1	
185	403	765	  1	
186	 56	765	  1	
189	104	765	  1	
190	 88	765	  1	
191	  8	765	  1	
191	 48	765	  1	
191	119	765	  1	
191	308	765	  1	
191	344	765	  1	
191	398	765	  1	
192	122	765	  1	
192	128	765	  1	
192	176	765	  1	
192	213	765	  1	
192	223	765	  1	
192	267	765	  1	
192	303	765	  1	
192	313	765	  1	
192	383	765	  1	
192	407	765	  1	
192	496	765	  1	
194	 79	765	  1	
194	119	765	  1	
194	127	765	  1	
194	218	765	  1	
195	 96	765	  1	
195	296	765	  1	
195	434	765	  1	
196	413	765	  1	
198	109	765	  1	
198	171	765	  1	
198	176	765	  1	
199	 16	765	  1	
199	 24	765	  1	
199	223	765	  1	
199	231	765	  1	
199	303	765	  1	
199	311	765	  1	
199	313	765	  1	
199	399	765	  1	
200	 80	765	  1	
200	 92	765	  1	
200	139	765	  1	
200	144	765	  1	
200	167	765	  1	
200	192	765	  1	
200	288	765	  1	
200	317	765	  1	
200	344	765	  1	
200	366	765	  1	
202	 86	765	  1	
202	312	765	  1	
202	423	765	  1	
203	104	765	  1	
203	115	765	  1	
203	128	765	  1	
203	160	765	  1	
203	218	765	  1	
203	270	765	  1	
203	295	765	  1	
203	443	765	  1	
204	239	765	  1	
205	126	765	  1	
205	384	765	  1	
206	 75	765	  1	
206	 80	765	  1	
206	200	765	  1	
206	317	765	  1	
206	363	765	  1	
206	415	765	  1	
207	 94	765	  1	
207	136	765	  1	
207	288	765	  1	
207	402	765	  1	
208	 61	765	  1	
208	105	765	  1	
208	112	765	  1	
208	117	765	  1	
208	175	765	  1	
208	178	765	  1	
208	295	765	  1	
208	335	765	  1	
208	360	765	  1	
208	393	765	  1	
210	277	765	  1	
210	358	765	  1	
210	366	765	  1	
211	135	765	  1	
211	381	765	  1	
211	391	765	  1	
211	408	765	  1	
212	124	765	  1	
212	264	765	  1	
213	 99	765	  1	
213	111	765	  1	
213	120	765	  1	
214	172	765	  1	
214	186	765	  1	
214	359	765	  1	
215	  8	765	  1	
215	 32	765	  1	
215	291	765	  1	
215	335	765	  1	
215	384	765	  1	
215	410	765	  1	
215	423	765	  1	
216	  5	765	  1	
216	 80	765	  1	
216	 88	765	  1	
216	 94	765	  1	
216	136	765	  1	
216	151	765	  1	
216	155	765	  1	
216	160	765	  1	
216	323	765	  1	
216	336	765	  1	
216	368	765	  1	
217	352	765	  1	
218	104	765	  1	
218	142	765	  1	
218	285	765	  1	
218	390	765	  1	
219	111	765	  1	
219	200	765	  1	
219	334	765	  1	
219	339	765	  1	
219	439	765	  1	
220	125	765	  1	
220	131	765	  1	
220	358	765	  1	
221	 62	765	  1	
221	 83	765	  1	
221	 91	765	  1	
221	416	765	  1	
222	 31	765	  1	
222	109	765	  1	
222	120	765	  1	
222	131	765	  1	
222	136	765	  1	
222	272	765	  1	
222	336	765	  1	
223	240	765	  1	
223	288	765	  1	
223	295	765	  1	
223	327	765	  1	
223	368	765	  1	
223	395	765	  1	
223	456	765	  1	
224	 69	765	  1	
224	103	765	  1	
224	366	765	  1	
224	376	765	  1	
224	387	765	  1	
224	400	765	  1	
224	427	765	  1	
224	447	765	  1	
226	126	765	  1	
226	295	765	  1	
226	459	765	  1	
227	167	765	  1	
227	416	765	  1	
228	432	765	  1	
229	184	765	  1	
229	264	765	  1	
229	283	765	  1	
229	407	765	  1	
229	456	765	  1	
229	463	765	  1	
230	120	765	  1	
230	175	765	  1	
230	352	765	  1	
230	364	765	  1	
230	383	765	  1	
230	391	765	  1	
231	 88	765	  1	
231	 99	765	  1	
231	160	765	  1	
231	312	765	  1	
231	424	765	  1	
231	431	765	  1	
232	 63	765	  1	
232	 80	765	  1	
232	112	765	  1	
232	152	765	  1	
232	168	765	  1	
232	182	765	  1	
232	197	765	  1	
232	202	765	  1	
232	214	765	  1	
232	218	765	  1	
232	223	765	  1	
232	291	765	  1	
232	335	765	  1	
232	360	765	  1	
232	392	765	  1	
232	399	765	  1	
232	451	765	  1	
232	479	765	  1	
233	376	765	  1	
233	432	765	  1	
233	439	765	  1	
234	 96	765	  1	
234	103	765	  1	
234	173	765	  1	
235	 64	765	  1	
235	408	765	  1	
237	  8	765	  1	
237	 15	765	  1	
237	 58	765	  1	
237	134	765	  1	
237	192	765	  1	
237	455	765	  1	
238	165	765	  1	
238	295	765	  1	
238	395	765	  1	
239	 40	765	  1	
239	 47	765	  1	
239	 71	765	  1	
239	 80	765	  1	
239	 96	765	  1	
239	328	765	  1	
239	473	765	  1	
240	  0	765	  1	
240	  4	765	  1	
240	 48	765	  1	
240	124	765	  1	
240	151	765	  1	
240	184	765	  1	
240	195	765	  1	
240	215	765	  1	
240	280	765	  1	
240	304	765	  1	
240	311	765	  1	
240	347	765	  1	
240	358	765	  1	
240	368	765	  1	
240	371	765	  1	
240	384	765	  1	
240	408	765	  1	
240	413	765	  1	
240	426	765	  1	
240	446	765	  1	
240	456	765	  1	
240	464	765	  1	
240	471	765	  1	
240	487	765	  1	
242	295	765	  1	
243	135	765	  1	
243	286	765	  1	
243	472	765	  1	
243	480	765	  1	
244	124	765	  1	
244	408	765	  1	
244	440	765	  1	
245	 39	765	  1	
245	160	765	  1	
245	318	765	  1	
245	351	765	  1	
245	416	765	  1	
245	454	765	  1	
246	150	765	  1	
246	384	765	  1	
247	307	765	  1	
247	487	765	  1	
248	 18	765	  1	
248	 67	765	  1	
248	131	765	  1	
248	141	765	  1	
248	168	765	  1	
248	211	765	  1	
248	216	765	  1	
248	320	765	  1	
248	324	765	  1	
248	374	765	  1	
248	440	765	  1	
248	488	765	  1	
249	 91	765	  1	
250	 75	765	  1	
250	255	765	  1	
251	 16	765	  1	
251	 23	765	  1	
251	 59	765	  1	
251	166	765	  1	
251	184	765	  1	
252	120	765	  1	
252	125	765	  1	
252	459	765	  1	
253	 80	765	  1	
253	408	765	  1	
254	104	765	  1	
254	372	765	  1	
254	422	765	  1	
255	 40	765	  1	
256	  7	765	  1	
256	 48	765	  1	
256	 98	765	  1	
256	115	765	  1	
256	144	765	  1	
256	272	765	  1	
256	276	765	  1	
256	282	765	  1	
256	287	765	  1	
256	289	765	  1	
256	326	765	  1	
256	464	765	  1	
257	344	765	  1	
258	210	765	  1	
258	317	765	  1	
259	 37	765	  1	
259	279	765	  1	
259	295	765	  1	
259	351	765	  1	
259	415	765	  1	
260	123	765	  1	
260	504	765	  1	
261	136	765	  1	
261	143	765	  1	
261	160	765	  1	
261	326	765	  1	
261	395	765	  1	
262	 13	765	  1	
262	 48	765	  1	
262	 72	765	  1	
262	282	765	  1	
263	  8	765	  1	
263	287	765	  1	
263	408	765	  1	
263	503	765	  1	
264	 64	765	  1	
264	 84	765	  1	
264	216	765	  1	
264	264	765	  1	
264	288	765	  1	
264	375	765	  1	
264	381	765	  1	
264	392	765	  1	
264	400	765	  1	
264	531	765	  1	
265	 54	765	  1	
266	 70	765	  1	
266	110	765	  1	
266	279	765	  1	
266	408	765	  1	
267	 32	765	  1	
267	128	765	  1	
267	159	765	  1	
268	 85	765	  1	
269	  8	765	  1	
269	232	765	  1	
269	320	765	  1	
270	 64	765	  1	
270	272	765	  1	
270	522	765	  1	
271	 79	765	  1	
271	148	765	  1	
271	157	765	  1	
271	208	765	  1	
271	277	765	  1	
271	303	765	  1	
271	400	765	  1	
271	456	765	  1	
271	531	765	  1	
272	 71	765	  1	
272	123	765	  1	
272	137	765	  1	
272	176	765	  1	
272	197	765	  1	
272	243	765	  1	
272	352	765	  1	
272	368	765	  1	
272	384	765	  1	
272	472	765	  1	
272	504	765	  1	
274	 29	765	  1	
274	207	765	  1	
274	269	765	  1	
274	400	765	  1	
275	183	765	  1	
275	216	765	  1	
275	303	765	  1	
276	142	765	  1	
276	357	765	  1	
277	 32	765	  1	
277	 46	765	  1	
277	152	765	  1	
277	224	765	  1	
277	248	765	  1	
277	255	765	  1	
277	291	765	  1	
278	131	765	  1	
278	200	765	  1	
278	278	765	  1	
278	463	765	  1	
278	501	765	  1	
279	 71	765	  1	
279	176	765	  1	
279	196	765	  1	
279	328	765	  1	
279	335	765	  1	
279	472	765	  1	
280	 68	765	  1	
280	 80	765	  1	
280	149	765	  1	
280	155	765	  1	
280	163	765	  1	
280	286	765	  1	
280	301	765	  1	
280	336	765	  1	
280	351	765	  1	
280	360	765	  1	
280	374	765	  1	
280	448	765	  1	
281	391	765	  1	
282	 19	765	  1	
282	456	765	  1	
283	152	765	  1	
283	403	765	  1	
284	 70	765	  1	
284	297	765	  1	
284	344	765	  1	
284	360	765	  1	
285	224	765	  1	
285	374	765	  1	
285	400	765	  1	
287	149	765	  1	
287	351	765	  1	
287	370	765	  1	
288	 39	765	  1	
288	 47	765	  1	
288	 64	765	  1	
288	134	765	  1	
288	248	765	  1	
288	252	765	  1	
288	320	765	  1	
288	332	765	  1	
288	367	765	  1	
288	399	765	  1	
288	504	765	  1	
288	544	765	  1	
289	328	765	  1	
289	380	765	  1	
290	142	765	  1	
290	304	765	  1	
290	475	765	  1	
291	  8	765	  1	
291	 32	765	  1	
291	 80	765	  1	
291	 84	765	  1	
291	152	765	  1	
291	198	765	  1	
291	360	765	  1	
291	392	765	  1	
292	333	765	  1	
293	 31	765	  1	
293	131	765	  1	
293	136	765	  1	
293	377	765	  1	
293	489	765	  1	
294	104	765	  1	
294	301	765	  1	
294	328	765	  1	
295	 39	765	  1	
295	 43	765	  1	
295	120	765	  1	
295	319	765	  1	
295	367	765	  1	
295	399	765	  1	
295	551	765	  1	
295	591	765	  1	
296	  8	765	  1	
296	 21	765	  1	
296	 32	765	  1	
296	 48	765	  1	
296	 55	765	  1	
296	 64	765	  1	
296	 75	765	  1	
296	112	765	  1	
296	141	765	  1	
296	146	765	  1	
296	153	765	  1	
296	170	765	  1	
296	243	765	  1	
296	288	765	  1	
296	295	765	  1	
296	355	765	  1	
296	362	765	  1	
296	413	765	  1	
297	 80	765	  1	
297	 87	765	  1	
297	427	765	  1	
298	  3	765	  1	
298	 95	765	  1	
298	126	765	  1	
298	133	765	  1	
300	367	765	  1	
301	 16	765	  1	
301	300	765	  1	
301	328	765	  1	
302	318	765	  1	
302	404	765	  1	
303	 35	765	  1	
303	 51	765	  1	
303	123	765	  1	
303	352	765	  1	
303	359	765	  1	
303	491	765	  1	
303	503	765	  1	
304	 80	765	  1	
304	120	765	  1	
304	139	765	  1	
304	155	765	  1	
304	219	765	  1	
304	231	765	  1	
304	234	765	  1	
304	241	765	  1	
304	414	765	  1	
304	528	765	  1	
304	535	765	  1	
306	 15	765	  1	
306	399	765	  1	
307	 85	765	  1	
307	408	765	  1	
307	471	765	  1	
308	352	765	  1	
309	 72	765	  1	
309	208	765	  1	
309	311	765	  1	
309	368	765	  1	
310	568	765	  1	
311	 96	765	  1	
311	219	765	  1	
311	471	765	  1	
311	531	765	  1	
312	  0	765	  1	
312	 20	765	  1	
312	 27	765	  1	
312	112	765	  1	
312	126	765	  1	
312	188	765	  1	
312	240	765	  1	
312	319	765	  1	
312	364	765	  1	
312	376	765	  1	
312	381	765	  1	
312	411	765	  1	
312	520	765	  1	
314	229	765	  1	
314	402	765	  1	
314	471	765	  1	
315	200	765	  1	
315	224	765	  1	
315	296	765	  1	
315	313	765	  1	
315	361	765	  1	
315	511	765	  1	
315	578	765	  1	
316	233	765	  1	
317	191	765	  1	
317	223	765	  1	
317	415	765	  1	
317	487	765	  1	
318	 99	765	  1	
318	408	765	  1	
319	  0	765	  1	
319	 16	765	  1	
319	 24	765	  1	
319	 31	765	  1	
319	 80	765	  1	
319	126	765	  1	
319	207	765	  1	
319	243	765	  1	
319	303	765	  1	
319	376	765	  1	
319	488	765	  1	
320	 25	765	  1	
320	 64	765	  1	
320	136	765	  1	
320	152	765	  1	
320	160	765	  1	
320	171	765	  1	
320	325	765	  1	
320	352	765	  1	
320	359	765	  1	
320	456	765	  1	
320	467	765	  1	
320	504	765	  1	
320	543	765	  1	
322	166	765	  1	
322	304	765	  1	
322	311	765	  1	
323	 62	765	  1	
323	264	765	  1	
323	427	765	  1	
323	458	765	  1	
323	511	765	  1	
324	216	765	  1	
324	220	765	  1	
324	312	765	  1	
325	 70	765	  1	
325	296	765	  1	
325	336	765	  1	
325	368	765	  1	
326	160	765	  1	
326	175	765	  1	
328	  8	765	  1	
328	 64	765	  1	
328	 75	765	  1	
328	142	765	  1	
328	171	765	  1	
328	192	765	  1	
328	244	765	  1	
328	288	765	  1	
328	379	765	  1	
328	447	765	  1	
328	527	765	  1	
329	 71	765	  1	
330	455	765	  1	
330	588	765	  1	
331	440	765	  1	
331	464	765	  1	
331	520	765	  1	
332	 39	765	  1	
332	136	765	  1	
333	128	765	  1	
333	315	765	  1	
333	515	765	  1	
334	  9	765	  1	
334	 20	765	  1	
334	 34	765	  1	
334	112	765	  1	
334	280	765	  1	
334	359	765	  1	
335	 64	765	  1	
335	168	765	  1	
335	175	765	  1	
335	431	765	  1	
335	447	765	  1	
335	456	765	  1	
335	527	765	  1	
336	  0	765	  1	
336	 48	765	  1	
336	 55	765	  1	
336	 80	765	  1	
336	 96	765	  1	
336	127	765	  1	
336	164	765	  1	
336	208	765	  1	
336	215	765	  1	
336	219	765	  1	
336	256	765	  1	
336	261	765	  1	
336	287	765	  1	
336	291	765	  1	
336	320	765	  1	
336	344	765	  1	
336	368	765	  1	
336	424	765	  1	
337	305	765	  1	
338	200	765	  1	
338	207	765	  1	
338	216	765	  1	
338	325	765	  1	
338	354	765	  1	
339	 71	765	  1	
339	 79	765	  1	
339	296	765	  1	
339	303	765	  1	
339	312	765	  1	
339	349	765	  1	
339	400	765	  1	
340	 85	765	  1	
341	262	765	  1	
341	264	765	  1	
342	 11	765	  1	
342	272	765	  1	
342	295	765	  1	
342	317	765	  1	
342	359	765	  1	
343	 64	765	  1	
343	 96	765	  1	
343	211	765	  1	
343	320	765	  1	
343	427	765	  1	
344	 29	765	  1	
344	 46	765	  1	
344	117	765	  1	
344	139	765	  1	
344	178	765	  1	
344	183	765	  1	
344	189	765	  1	
344	276	765	  1	
344	339	765	  1	
344	344	765	  1	
344	371	765	  1	
344	435	765	  1	
344	442	765	  1	
344	447	765	  1	
344	508	765	  1	
344	599	765	  1	
346	 11	765	  1	
346	 40	765	  1	
346	285	765	  1	
346	343	765	  1	
347	  0	765	  1	
347	271	765	  1	
347	351	765	  1	
347	407	765	  1	
347	430	765	  1	
347	439	765	  1	
348	 88	765	  1	
348	112	765	  1	
348	280	765	  1	
348	392	765	  1	
349	 24	765	  1	
349	288	765	  1	
349	339	765	  1	
349	352	765	  1	
349	420	765	  1	
350	285	765	  1	
351	 80	765	  1	
351	 87	765	  1	
351	264	765	  1	
351	280	765	  1	
351	319	765	  1	
351	344	765	  1	
351	400	765	  1	
352	  0	765	  1	
352	 54	765	  1	
352	 82	765	  1	
352	206	765	  1	
352	217	765	  1	
352	242	765	  1	
352	247	765	  1	
352	263	765	  1	
352	336	765	  1	
352	343	765	  1	
352	362	765	  1	
352	376	765	  1	
352	419	765	  1	
352	431	765	  1	
352	458	765	  1	
353	256	765	  1	
353	435	765	  1	
353	440	765	  1	
354	 96	765	  1	
354	102	765	  1	
354	140	765	  1	
354	265	765	  1	
354	300	765	  1	
355	399	765	  1	
355	535	765	  1	
356	 32	765	  1	
356	263	765	  1	
356	317	765	  1	
357	 38	765	  1	
357	218	765	  1	
357	320	765	  1	
357	325	765	  1	
358	 77	765	  1	
358	278	765	  1	
359	 40	765	  1	
359	 47	765	  1	
359	 54	765	  1	
359	307	765	  1	
359	312	765	  1	
359	339	765	  1	
359	383	765	  1	
359	424	765	  1	
360	  0	765	  1	
360	  7	765	  1	
360	 90	765	  1	
360	104	765	  1	
360	109	765	  1	
360	112	765	  1	
360	163	765	  1	
360	249	765	  1	
360	316	765	  1	
360	335	765	  1	
360	352	765	  1	
360	359	765	  1	
360	430	765	  1	
360	466	765	  1	
361	123	765	  1	
361	159	765	  1	
361	444	765	  1	
362	 82	765	  1	
362	278	765	  1	
363	 24	765	  1	
363	 31	765	  1	
363	 64	765	  1	
363	 92	765	  1	
363	325	765	  1	
364	 87	765	  1	
364	111	765	  1	
364	166	765	  1	
364	229	765	  1	
364	253	765	  1	
365	 35	765	  1	
365	 71	765	  1	
365	 96	765	  1	
365	103	765	  1	
365	319	765	  1	
366	267	765	  1	
366	272	765	  1	
366	408	765	  1	
367	 80	765	  1	
367	106	765	  1	
367	118	765	  1	
367	127	765	  1	
367	309	765	  1	
367	355	765	  1	
367	444	765	  1	
368	 91	765	  1	
368	123	765	  1	
368	149	765	  1	
368	157	765	  1	
368	246	765	  1	
368	302	765	  1	
368	370	765	  1	
368	410	765	  1	
370	296	765	  1	
370	320	765	  1	
371	 96	765	  1	
371	437	765	  1	
372	 64	765	  1	
373	 40	765	  1	
373	 55	765	  1	
373	 88	765	  1	
373	259	765	  1	
374	  7	765	  1	
374	 24	765	  1	
374	157	765	  1	
375	149	765	  1	
375	430	765	  1	
376	 51	765	  1	
376	 71	765	  1	
376	 85	765	  1	
376	152	765	  1	
376	200	765	  1	
376	312	765	  1	
376	412	765	  1	
377	402	765	  1	
377	488	765	  1	
378	158	765	  1	
378	424	765	  1	
378	536	765	  1	
379	127	765	  1	
379	172	765	  1	
379	295	765	  1	
379	439	765	  1	
381	 40	765	  1	
381	 59	765	  1	
381	 88	765	  1	
381	 95	765	  1	
381	152	765	  1	
381	415	765	  1	
382	 15	765	  1	
382	 71	765	  1	
382	140	765	  1	
382	200	765	  1	
382	316	765	  1	
383	120	765	  1	
383	158	765	  1	
383	424	765	  1	
384	 21	765	  1	
384	 32	765	  1	
384	192	765	  1	
384	207	765	  1	
384	215	765	  1	
384	255	765	  1	
384	274	765	  1	
384	298	765	  1	
384	306	765	  1	
384	325	765	  1	
384	331	765	  1	
384	351	765	  1	
384	383	765	  1	
384	406	765	  1	
384	500	765	  1	
385	 40	765	  1	
385	272	765	  1	
386	 77	765	  1	
386	488	765	  1	
387	376	765	  1	
388	  6	765	  1	
388	128	765	  1	
388	327	765	  1	
388	330	765	  1	
388	470	765	  1	
389	363	765	  1	
389	398	765	  1	
390	 45	765	  1	
390	231	765	  1	
390	464	765	  1	
391	136	765	  1	
391	383	765	  1	
391	429	765	  1	
391	472	765	  1	
392	  4	765	  1	
392	 10	765	  1	
392	 13	765	  1	
392	 35	765	  1	
392	 58	765	  1	
392	 62	765	  1	
392	109	765	  1	
392	120	765	  1	
392	150	765	  1	
392	228	765	  1	
392	240	765	  1	
392	244	765	  1	
392	264	765	  1	
392	272	765	  1	
392	279	765	  1	
392	286	765	  1	
392	320	765	  1	
392	368	765	  1	
392	463	765	  1	
393	 18	765	  1	
394	  0	765	  1	
394	 15	765	  1	
394	 27	765	  1	
394	180	765	  1	
394	271	765	  1	
394	280	765	  1	
394	502	765	  1	
395	 50	765	  1	
395	227	765	  1	
395	327	765	  1	
396	200	765	  1	
396	226	765	  1	
397	 61	765	  1	
398	148	765	  1	
398	170	765	  1	
398	264	765	  1	
398	457	765	  1	
399	 32	765	  1	
399	 39	765	  1	
399	231	765	  1	
399	275	765	  1	
399	419	765	  1	
399	498	765	  1	
400	 18	765	  1	
400	 48	765	  1	
400	 69	765	  1	
400	 88	765	  1	
400	149	765	  1	
400	184	765	  1	
400	191	765	  1	
400	235	765	  1	
400	288	765	  1	
400	336	765	  1	
400	342	765	  1	
400	345	765	  1	
400	383	765	  1	
400	543	765	  1	
401	 28	765	  1	
401	 93	765	  1	
401	360	765	  1	
401	396	765	  1	
402	256	765	  1	
402	272	765	  1	
403	 72	765	  1	
403	143	765	  1	
405	 40	765	  1	
405	 47	765	  1	
405	 64	765	  1	
405	495	765	  1	
406	  2	765	  1	
406	 51	765	  1	
407	 15	765	  1	
407	 18	765	  1	
407	128	765	  1	
407	187	765	  1	
407	200	765	  1	
407	232	765	  1	
407	239	765	  1	
407	272	765	  1	
408	 31	765	  1	
408	 82	765	  1	
408	100	765	  1	
408	147	765	  1	
408	248	765	  1	
408	256	765	  1	
408	264	765	  1	
408	312	765	  1	
408	339	765	  1	
408	389	765	  1	
408	418	765	  1	
408	424	765	  1	
408	429	765	  1	
410	168	765	  1	
410	423	765	  1	
411	 96	765	  1	
411	160	765	  1	
411	194	765	  1	
411	319	765	  1	
411	428	765	  1	
412	112	765	  1	
412	263	765	  1	
412	384	765	  1	
413	383	765	  1	
414	  8	765	  1	
414	 39	765	  1	
414	101	765	  1	
414	212	765	  1	
414	227	765	  1	
414	267	765	  1	
414	312	765	  1	
414	360	765	  1	
415	 27	765	  1	
415	336	765	  1	
415	343	765	  1	
415	378	765	  1	
416	 48	765	  1	
416	 51	765	  1	
416	 88	765	  1	
416	136	765	  1	
416	143	765	  1	
416	152	765	  1	
416	172	765	  1	
416	222	765	  1	
416	240	765	  1	
416	250	765	  1	
416	347	765	  1	
418	324	765	  1	
418	366	765	  1	
419	 37	765	  1	
419	 56	765	  1	
419	120	765	  1	
420	 93	765	  1	
420	190	765	  1	
420	216	765	  1	
420	423	765	  1	
421	 88	765	  1	
422	111	765	  1	
422	184	765	  1	
422	417	765	  1	
423	139	765	  1	
423	344	765	  1	
423	351	765	  1	
423	381	765	  1	
424	  5	765	  1	
424	 15	765	  1	
424	 38	765	  1	
424	 43	765	  1	
424	 62	765	  1	
424	 82	765	  1	
424	107	765	  1	
424	120	765	  1	
424	192	765	  1	
424	216	765	  1	
424	251	765	  1	
424	320	765	  1	
424	327	765	  1	
426	 91	765	  1	
426	126	765	  1	
426	200	765	  1	
427	 47	765	  1	
427	416	765	  1	
429	  0	765	  1	
429	 80	765	  1	
429	 87	765	  1	
429	155	765	  1	
430	120	765	  1	
430	168	765	  1	
430	223	765	  1	
431	192	765	  1	
431	248	765	  1	
431	255	765	  1	
431	323	765	  1	
431	423	765	  1	
432	 31	765	  1	
432	 76	765	  1	
432	 97	765	  1	
432	133	765	  1	
432	179	765	  1	
432	189	765	  1	
432	212	765	  1	
432	226	765	  1	
432	231	765	  1	
432	240	765	  1	
432	280	765	  1	
432	311	765	  1	
432	446	765	  1	
433	159	765	  1	
434	208	765	  1	
435	 24	765	  1	
435	191	765	  1	
435	286	765	  1	
435	304	765	  1	
435	319	765	  1	
437	 72	765	  1	
437	216	765	  1	
437	247	765	  1	
438	 45	765	  1	
438	114	765	  1	
439	 31	765	  1	
439	119	765	  1	
439	189	765	  1	
439	198	765	  1	
439	311	765	  1	
440	  8	765	  1	
440	 27	765	  1	
440	 59	765	  1	
440	127	765	  1	
440	137	765	  1	
440	143	765	  1	
440	182	765	  1	
440	232	765	  1	
440	248	765	  1	
440	314	765	  1	
440	384	765	  1	
440	413	765	  1	
440	439	765	  1	
441	 16	765	  1	
441	 51	765	  1	
441	169	765	  1	
441	174	765	  1	
441	295	765	  1	
442	118	765	  1	
442	168	765	  1	
442	175	765	  1	
442	208	765	  1	
442	255	765	  1	
443	 22	765	  1	
443	 88	765	  1	
444	 31	765	  1	
444	192	765	  1	
445	180	765	  1	
446	 16	765	  1	
446	213	765	  1	
446	452	765	  1	
447	123	765	  1	
447	247	765	  1	
447	288	765	  1	
447	400	765	  1	
448	  3	765	  1	
448	 10	765	  1	
448	 66	765	  1	
448	 72	765	  1	
448	 89	765	  1	
448	205	765	  1	
448	216	765	  1	
448	222	765	  1	
448	380	765	  1	
449	128	765	  1	
450	123	765	  1	
450	200	765	  1	
451	 22	765	  1	
451	 56	765	  1	
451	 95	765	  1	
451	168	765	  1	
451	175	765	  1	
451	236	765	  1	
451	360	765	  1	
452	134	765	  1	
453	167	765	  1	
453	216	765	  1	
454	120	765	  1	
454	143	765	  1	
454	206	765	  1	
455	 27	765	  1	
456	 16	765	  1	
456	 32	765	  1	
456	 39	765	  1	
456	 62	765	  1	
456	 84	765	  1	
456	114	765	  1	
456	179	765	  1	
456	186	765	  1	
456	216	765	  1	
456	247	765	  1	
456	250	765	  1	
456	320	765	  1	
458	221	765	  1	
459	 64	765	  1	
459	160	765	  1	
459	327	765	  1	
460	120	765	  1	
460	216	765	  1	
461	 59	765	  1	
461	115	765	  1	
461	127	765	  1	
461	143	765	  1	
461	179	765	  1	
461	192	765	  1	
461	232	765	  1	
461	272	765	  1	
461	279	765	  1	
462	264	765	  1	
462	271	765	  1	
463	 35	765	  1	
463	221	765	  1	
463	320	765	  1	
464	  5	765	  1	
464	 16	765	  1	
464	 50	765	  1	
464	 90	765	  1	
464	109	765	  1	
464	159	765	  1	
464	165	765	  1	
464	191	765	  1	
464	205	765	  1	
464	214	765	  1	
464	224	765	  1	
464	272	765	  1	
464	384	765	  1	
465	 94	765	  1	
466	  0	765	  1	
466	  8	765	  1	
466	104	765	  1	
466	152	765	  1	
466	186	765	  1	
466	200	765	  1	
467	271	765	  1	
468	278	765	  1	
469	 48	765	  1	
469	 55	765	  1	
469	112	765	  1	
469	170	765	  1	
470	  6	765	  1	
470	152	765	  1	
470	206	765	  1	
470	234	765	  1	
472	 19	765	  1	
472	 32	765	  1	
472	 56	765	  1	
472	 63	765	  1	
472	 88	765	  1	
472	 94	765	  1	
472	101	765	  1	
472	118	765	  1	
472	141	765	  1	
472	160	765	  1	
472	203	765	  1	
472	216	765	  1	
472	229	765	  1	
472	245	765	  1	
472	296	765	  1	
472	323	765	  1	
472	387	765	  1	
473	183	765	  1	
474	 96	765	  1	
474	112	765	  1	
474	223	765	  1	
475	  8	765	  1	
475	 39	765	  1	
475	214	765	  1	
475	264	765	  1	
475	303	765	  1	
475	336	765	  1	
476	134	765	  1	
476	191	765	  1	
477	124	765	  1	
477	166	765	  1	
477	232	765	  1	
477	240	765	  1	
477	280	765	  1	
477	287	765	  1	
478	102	765	  1	
478	333	765	  1	
479	 16	765	  1	
479	 23	765	  1	
479	 32	765	  1	
479	 59	765	  1	
479	189	765	  1	
479	296	765	  1	
479	320	765	  1	
479	327	765	  1	
479	372	765	  1	
480	 40	765	  1	
480	 46	765	  1	
480	 63	765	  1	
480	104	765	  1	
480	253	765	  1	
480	264	765	  1	
480	410	765	  1	
480	416	765	  1	
481	143	765	  1	
481	224	765	  1	
482	123	765	  1	
483	  0	765	  1	
483	160	765	  1	
483	271	765	  1	
484	 56	765	  1	
485	 14	765	  1	
485	142	765	  1	
485	159	765	  1	
485	191	765	  1	
485	291	765	  1	
485	304	765	  1	
485	311	765	  1	
485	352	765	  1	
486	 72	765	  1	
486	 79	765	  1	
486	128	765	  1	
486	184	765	  1	
486	229	765	  1	
486	264	765	  1	
487	132	765	  1	
487	287	765	  1	
487	348	765	  1	
488	 18	765	  1	
488	 40	765	  1	
488	 96	765	  1	
488	104	765	  1	
488	111	765	  1	
488	127	765	  1	
488	136	765	  1	
488	146	765	  1	
488	179	765	  1	
488	416	765	  1	
489	199	765	  1	
490	184	765	  1	
491	 32	765	  1	
491	256	765	  1	
492	139	765	  1	
493	 23	765	  1	
493	 40	765	  1	
493	 61	765	  1	
493	151	765	  1	
493	280	765	  1	
493	423	765	  1	
494	107	765	  1	
494	119	765	  1	
495	195	765	  1	
496	 18	765	  1	
496	 63	765	  1	
496	 84	765	  1	
496	111	765	  1	
496	123	765	  1	
496	152	765	  1	
496	174	765	  1	
496	191	765	  1	
496	198	765	  1	
496	225	765	  1	
496	237	765	  1	
496	262	765	  1	
496	328	765	  1	
497	  2	765	  1	
498	 96	765	  1	
498	208	765	  1	
499	  7	765	  1	
499	158	765	  1	
499	181	765	  1	
499	196	765	  1	
499	259	765	  1	
500	136	765	  1	
501	 16	765	  1	
501	 23	765	  1	
501	 95	765	  1	
501	143	765	  1	
501	170	765	  1	
501	232	765	  1	
502	 48	765	  1	
502	152	765	  1	
502	214	765	  1	
502	224	765	  1	
502	298	765	  1	
503	 99	765	  1	
503	244	765	  1	
503	288	765	  1	
504	 24	765	  1	
504	 28	765	  1	
504	 72	765	  1	
504	117	765	  1	
504	120	765	  1	
504	126	765	  1	
504	133	765	  1	
504	144	765	  1	
504	216	765	  1	
504	222	765	  1	
504	236	765	  1	
504	275	765	  1	
504	318	765	  1	
505	112	765	  1	
506	174	765	  1	
507	146	765	  1	
507	192	765	  1	
508	126	765	  1	
508	159	765	  1	
509	208	765	  1	
509	219	765	  1	
509	248	765	  1	
510	119	765	  1	
510	168	765	  1	
510	388	765	  1	
511	114	765	  1	
511	125	765	  1	
511	272	765	  1	
511	279	765	  1	
511	565	765	  1	
512	  8	765	  1	
512	 14	765	  1	
512	111	765	  1	
512	143	765	  1	
512	240	765	  1	
512	247	765	  1	
512	252	765	  1	
512	311	765	  1	
514	 83	765	  1	
514	248	765	  1	
515	 36	765	  1	
515	136	765	  1	
515	160	765	  1	
516	 64	765	  1	
516	144	765	  1	
516	156	765	  1	
516	211	765	  1	
517	 11	765	  1	
517	 80	765	  1	
517	184	765	  1	
517	208	765	  1	
517	322	765	  1	
517	327	765	  1	
518	 71	765	  1	
518	111	765	  1	
518	148	765	  1	
518	243	765	  1	
518	248	765	  1	
518	255	765	  1	
519	115	765	  1	
519	120	765	  1	
519	126	765	  1	
519	143	765	  1	
519	296	765	  1	
519	311	765	  1	
520	  0	765	  1	
520	 67	765	  1	
520	 96	765	  1	
520	117	765	  1	
520	157	765	  1	
520	189	765	  1	
520	192	765	  1	
520	204	765	  1	
520	223	765	  1	
520	235	765	  1	
521	200	765	  1	
523	176	765	  1	
525	112	765	  1	
525	152	765	  1	
525	188	765	  1	
525	310	765	  1	
526	 82	765	  1	
526	 87	765	  1	
526	103	765	  1	
527	  0	765	  1	
527	 52	765	  1	
527	 64	765	  1	
527	 71	765	  1	
527	 98	765	  1	
527	197	765	  1	
527	204	765	  1	
527	223	765	  1	
527	235	765	  1	
528	 47	765	  1	
528	 88	765	  1	
528	128	765	  1	
528	135	765	  1	
528	160	765	  1	
528	173	765	  1	
528	358	765	  1	
528	545	765	  1	
530	168	765	  1	
531	208	765	  1	
531	304	765	  1	
533	192	765	  1	
533	455	765	  1	
534	174	765	  1	
535	 83	765	  1	
535	 88	765	  1	
535	280	765	  1	
535	399	765	  1	
535	456	765	  1	
536	 15	765	  1	
536	 24	765	  1	
536	 31	765	  1	
536	120	765	  1	
536	141	765	  1	
536	147	765	  1	
536	168	765	  1	
536	191	765	  1	
536	229	765	  1	
536	320	765	  1	
536	331	765	  1	
537	104	765	  1	
537	335	765	  1	
538	 80	765	  1	
538	 87	765	  1	
538	133	765	  1	
539	264	765	  1	
540	332	765	  1	
541	136	765	  1	
541	180	765	  1	
541	326	765	  1	
541	352	765	  1	
542	128	765	  1	
542	224	765	  1	
542	335	765	  1	
543	  8	765	  1	
543	190	765	  1	
544	 65	765	  1	
544	126	765	  1	
544	142	765	  1	
544	153	765	  1	
544	195	765	  1	
544	217	765	  1	
544	265	765	  1	
544	288	765	  1	
544	295	765	  1	
544	387	765	  1	
546	136	765	  1	
546	207	765	  1	
547	 77	765	  1	
547	118	765	  1	
547	253	765	  1	
549	245	765	  1	
549	384	765	  1	
550	219	765	  1	
551	112	765	  1	
551	291	765	  1	
551	320	765	  1	
551	563	765	  1	
552	 45	765	  1	
552	 72	765	  1	
552	111	765	  1	
552	200	765	  1	
552	376	765	  1	
554	184	765	  1	
554	399	765	  1	
555	104	765	  1	
555	207	765	  1	
555	381	765	  1	
556	359	765	  1	
557	175	765	  1	
557	352	765	  1	
557	392	765	  1	
558	 40	765	  1	
558	376	765	  1	
559	 75	765	  1	
559	111	765	  1	
559	200	765	  1	
559	245	765	  1	
560	 88	765	  1	
560	 95	765	  1	
560	104	765	  1	
560	146	765	  1	
560	254	765	  1	
560	261	765	  1	
560	412	765	  1	
562	  8	765	  1	
562	 15	765	  1	
562	119	765	  1	
562	319	765	  1	
563	 91	765	  1	
563	191	765	  1	
563	222	765	  1	
563	311	765	  1	
565	256	765	  1	
565	304	765	  1	
566	408	765	  1	
567	 88	765	  1	
567	 95	765	  1	
567	184	765	  1	
567	315	765	  1	
567	319	765	  1	
568	 78	765	  1	
568	112	765	  1	
568	152	765	  1	
568	159	765	  1	
568	192	765	  1	
568	424	765	  1	
571	119	765	  1	
574	247	765	  1	
575	 78	765	  1	
575	112	765	  1	
575	155	765	  1	
575	271	765	  1	
575	344	765	  1	
575	428	765	  1	
576	 85	765	  1	
576	103	765	  1	
576	109	765	  1	
576	138	765	  1	
576	152	765	  1	
576	240	765	  1	
576	279	765	  1	
576	283	765	  1	
576	295	765	  1	
576	336	765	  1	
576	340	765	  1	
576	415	765	  1	
577	322	765	  1	
578	264	765	  1	
579	 96	765	  1	
579	184	765	  1	
579	288	765	  1	
579	304	765	  1	
579	351	765	  1	
579	408	765	  1	
581	280	765	  1	
581	344	765	  1	
582	327	765	  1	
583	295	765	  1	
583	415	765	  1	
583	447	765	  1	
583	535	765	  1	
584	 78	765	  1	
584	 82	765	  1	
584	 93	765	  1	
584	 96	765	  1	
584	245	765	  1	
584	341	765	  1	
585	200	765	  1	
586	 15	765	  1	
586	 47	765	  1	
586	111	765	  1	
586	397	765	  1	
586	471	765	  1	
587	351	765	  1	
587	392	765	  1	
588	311	765	  1	
588	336	765	  1	
590	  0	765	  1	
591	176	765	  1	
591	320	765	  1	
591	350	765	  1	
591	448	765	  1	
592	 16	765	  1	
592	112	765	  1	
592	286	765	  1	
592	295	765	  1	
594	 56	765	  1	
594	107	765	  1	
595	208	765	  1	
596	 98	765	  1	
597	144	765	  1	
597	151	765	  1	
597	243	765	  1	
598	 75	765	  1	
599	215	765	  1	
599	291	765	  1	
599	478	765	  1	
600	 24	765	  1	
600	112	765	  1	
600	191	765	  1	
600	307	765	  1	
600	336	765	  1	
603	  0	765	  1	
603	395	765	  1	
604	312	765	  1	
605	334	765	  1	
606	216	765	  1	
607	 31	765	  1	
607	132	765	  1	
607	357	765	  1	
608	  8	765	  1	
608	200	765	  1	
608	292	765	  1	
608	309	765	  1	
608	351	765	  1	
611	288	765	  1	
614	312	765	  1	
615	  8	765	  1	
615	 68	765	  1	
615	266	765	  1	
615	292	765	  1	
616	  3	765	  1	
616	 53	765	  1	
616	139	765	  1	
616	296	765	  1	
616	310	765	  1	
616	374	765	  1	
617	343	765	  1	
618	468	765	  1	
622	 53	765	  1	
623	  0	765	  1	
623	  7	765	  1	
623	311	765	  1	
623	374	765	  1	
624	131	765	  1	
624	333	765	  1	
624	379	765	  1	
624	490	765	  1	
626	120	765	  1	
627	 87	765	  1	
629	310	765	  1	
631	129	765	  1	
631	135	765	  1	
631	432	765	  1	
632	126	765	  1	
632	288	765	  1	
632	295	765	  1	
632	304	765	  1	
632	472	765	  1	
633	215	765	  1	
635	303	765	  1	
635	311	765	  1	
635	397	765	  1	
638	292	765	  1	
639	192	765	  1	
639	304	765	  1	
639	344	765	  1	
642	338	765	  1	
642	376	765	  1	
643	320	765	  1	
643	343	765	  1	
644	333	765	  1	
645	 16	765	  1	
645	116	765	  1	
647	 94	765	  1	
648	511	765	  1	
655	104	765	  1	
655	111	765	  1	
656	265	765	  1	
661	296	765	  1	
663	217	765	  1	
664	216	765	  1	
664	392	765	  1	
664	399	765	  1	
666	317	765	  1	
669	495	765	  1	
671	 88	765	  1	
674	 82	765	  1	
679	168	765	  1	
685	280	765	  1	
688	544	765	  1	
695	259	765	  1	
696	255	765	  1	
703	247	765	  1	
708	338	765	  1	
711	320	765	  1	
715	110	765	  1	
