# 
#  Image file: Goad1_T0091.jpg
#  Applied threshold: 575
#  Algorithm used: fill2                 
#  Particle count: 1966
#  Location (x,y), max luminance, and mass:
# 
  0	168	765	  1	
  0	179	765	  1	
  0	440	765	  1	
  7	181	765	  1	
  7	512	765	  1	
  8	143	765	  1	
  8	350	765	  1	
 15	 20	765	  1	
 15	247	765	  1	
 15	373	765	  1	
 24	144	765	  1	
 30	119	765	  1	
 31	 74	765	  1	
 32	347	765	  1	
 32	355	765	  1	
 39	 79	765	  1	
 39	557	765	  1	
 55	318	765	  1	
 56	103	765	  1	
 56	264	765	  1	
 66	424	765	  1	
 73	599	765	  1	
 79	119	765	  1	
 79	183	765	  1	
 79	392	765	  1	
 79	416	765	  1	
 80	 83	765	  1	
 82	343	765	  1	
 87	126	765	  1	
 87	235	765	  1	
 88	151	765	  1	
 88	227	765	  1	
 88	381	765	  1	
 90	328	765	  1	
 91	398	765	  1	
 94	154	765	  1	
 95	 47	765	  1	
 95	146	765	  1	
 95	381	765	  1	
 96	 91	765	  1	
 96	120	765	  1	
 96	130	765	  1	
 96	304	765	  1	
 98	448	765	  1	
 99	 84	765	  1	
 99	224	765	  1	
101	135	765	  1	
103	152	765	  1	
103	157	765	  1	
103	208	765	  1	
104	372	765	  1	
104	399	765	  1	
106	414	765	  1	
106	508	765	  1	
108	368	765	  1	
110	201	765	  1	
110	376	765	  1	
112	 79	765	  1	
112	175	765	  1	
112	271	765	  1	
114	160	765	  1	
119	269	765	  1	
120	146	765	  1	
120	155	765	  1	
120	234	765	  1	
120	271	765	  1	
120	280	765	  1	
120	287	765	  1	
120	300	765	  1	
123	  0	765	  1	
123	 90	765	  1	
125	 66	765	  1	
125	168	765	  1	
127	155	765	  1	
127	160	765	  1	
127	264	765	  1	
127	283	765	  1	
127	363	765	  1	
128	111	765	  1	
128	176	765	  1	
128	183	765	  1	
128	198	765	  1	
128	205	765	  1	
128	259	765	  1	
128	344	765	  1	
128	472	765	  1	
128	504	765	  1	
130	384	765	  1	
131	104	765	  1	
131	351	765	  1	
132	304	765	  1	
133	390	765	  1	
134	200	765	  1	
135	 15	765	  1	
135	111	765	  1	
135	179	765	  1	
135	344	765	  1	
135	504	765	  1	
136	136	765	  1	
136	424	765	  1	
136	431	765	  1	
140	  7	765	  1	
140	278	765	  1	
141	260	765	  1	
142	272	765	  1	
142	352	765	  1	
143	111	765	  1	
143	223	765	  1	
144	136	765	  1	
144	143	765	  1	
144	160	765	  1	
144	232	765	  1	
144	287	765	  1	
144	351	765	  1	
144	384	765	  1	
144	420	765	  1	
146	 47	765	  1	
146	196	765	  1	
147	 24	765	  1	
147	167	765	  1	
147	344	765	  1	
149	131	765	  1	
150	139	765	  1	
150	272	765	  1	
151	351	765	  1	
152	 53	765	  1	
152	160	765	  1	
152	182	765	  1	
152	185	765	  1	
152	368	765	  1	
156	336	765	  1	
156	384	765	  1	
157	 96	765	  1	
157	249	765	  1	
158	 55	765	  1	
158	351	765	  1	
159	327	765	  1	
159	392	765	  1	
160	263	765	  1	
160	312	765	  1	
160	319	765	  1	
160	355	765	  1	
160	536	765	  1	
162	365	765	  1	
163	256	765	  1	
163	352	765	  1	
163	519	765	  1	
164	192	765	  1	
164	376	765	  1	
165	  0	765	  1	
165	215	765	  1	
166	  5	765	  1	
166	144	765	  1	
166	199	765	  1	
166	269	765	  1	
167	 88	765	  1	
167	263	765	  1	
167	343	765	  1	
168	  0	765	  1	
168	 42	765	  1	
168	 75	765	  1	
168	232	765	  1	
168	239	765	  1	
168	256	765	  1	
168	322	765	  1	
168	335	765	  1	
168	418	765	  1	
170	328	765	  1	
170	332	765	  1	
170	389	765	  1	
171	  0	765	  1	
171	 72	765	  1	
171	 79	765	  1	
172	  7	765	  1	
172	 55	765	  1	
172	239	765	  1	
172	378	765	  1	
173	110	765	  1	
174	 49	765	  1	
175	 75	765	  1	
175	226	765	  1	
175	234	765	  1	
175	339	765	  1	
175	552	765	  1	
176	 64	765	  1	
176	256	765	  1	
176	296	765	  1	
176	346	765	  1	
176	360	765	  1	
176	372	765	  1	
176	493	765	  1	
177	232	765	  1	
178	 80	765	  1	
178	303	765	  1	
179	199	765	  1	
179	251	765	  1	
179	263	765	  1	
180	 88	765	  1	
181	  7	765	  1	
181	248	765	  1	
181	312	765	  1	
182	 64	765	  1	
182	336	765	  1	
182	347	765	  1	
182	408	765	  1	
183	128	765	  1	
183	235	765	  1	
184	  0	765	  1	
184	157	765	  1	
184	208	765	  1	
184	223	765	  1	
184	239	765	  1	
184	280	765	  1	
184	317	765	  1	
184	322	765	  1	
184	359	765	  1	
184	396	765	  1	
185	152	765	  1	
185	334	765	  1	
185	408	765	  1	
186	234	765	  1	
187	220	765	  1	
187	352	765	  1	
189	109	765	  1	
189	120	765	  1	
189	144	765	  1	
189	320	765	  1	
189	334	765	  1	
189	479	765	  1	
190	239	765	  1	
190	395	765	  1	
191	271	765	  1	
191	359	765	  1	
192	 10	765	  1	
192	 75	765	  1	
192	 99	765	  1	
192	242	765	  1	
192	247	765	  1	
192	278	765	  1	
192	288	765	  1	
192	304	765	  1	
192	344	765	  1	
192	351	765	  1	
192	418	765	  1	
192	551	765	  1	
194	 36	765	  1	
195	 46	765	  1	
195	295	765	  1	
196	152	765	  1	
196	219	765	  1	
196	247	765	  1	
198	 19	765	  1	
198	159	765	  1	
198	163	765	  1	
199	104	765	  1	
199	108	765	  1	
199	208	765	  1	
199	243	765	  1	
199	272	765	  1	
199	288	765	  1	
199	344	765	  1	
199	351	765	  1	
200	 69	765	  1	
200	131	765	  1	
200	261	765	  1	
200	280	765	  1	
200	311	765	  1	
200	320	765	  1	
200	334	765	  1	
200	423	765	  1	
200	504	765	  1	
201	408	765	  1	
202	122	765	  1	
202	286	765	  1	
203	 88	765	  1	
203	166	765	  1	
203	328	765	  1	
203	342	765	  1	
203	362	765	  1	
203	480	765	  1	
204	256	765	  1	
205	 79	765	  1	
205	233	765	  1	
205	280	765	  1	
206	160	765	  1	
206	244	765	  1	
207	120	765	  1	
207	286	765	  1	
207	383	765	  1	
207	456	765	  1	
207	488	765	  1	
208	 32	765	  1	
208	 38	765	  1	
208	 46	765	  1	
208	 96	765	  1	
208	117	765	  1	
208	209	765	  1	
208	214	765	  1	
208	227	765	  1	
208	295	765	  1	
208	334	765	  1	
208	411	765	  1	
210	112	765	  1	
210	245	765	  1	
210	394	765	  1	
210	445	765	  1	
211	149	765	  1	
211	315	765	  1	
211	328	765	  1	
211	539	765	  1	
213	 56	765	  1	
213	130	765	  1	
213	279	765	  1	
214	118	765	  1	
214	135	765	  1	
214	157	765	  1	
214	224	765	  1	
214	231	765	  1	
215	 64	765	  1	
215	291	765	  1	
215	368	765	  1	
215	536	765	  1	
215	543	765	  1	
216	 93	765	  1	
216	109	765	  1	
216	154	765	  1	
216	216	765	  1	
216	252	765	  1	
216	264	765	  1	
216	272	765	  1	
216	303	765	  1	
216	343	765	  1	
216	432	765	  1	
217	 80	765	  1	
218	  0	765	  1	
218	336	765	  1	
219	144	765	  1	
219	304	765	  1	
221	 32	765	  1	
221	 39	765	  1	
221	 64	765	  1	
221	 71	765	  1	
221	104	765	  1	
221	157	765	  1	
221	208	765	  1	
221	271	765	  1	
221	312	765	  1	
222	303	765	  1	
222	451	765	  1	
222	503	765	  1	
223	112	765	  1	
223	248	765	  1	
223	397	765	  1	
223	440	765	  1	
224	 40	765	  1	
224	 54	765	  1	
224	 81	765	  1	
224	160	765	  1	
224	192	765	  1	
224	198	765	  1	
224	224	765	  1	
224	259	765	  1	
224	322	765	  1	
224	411	765	  1	
226	 48	765	  1	
227	  8	765	  1	
227	 73	765	  1	
227	 81	765	  1	
227	152	765	  1	
227	264	765	  1	
228	160	765	  1	
228	256	765	  1	
229	 96	765	  1	
229	195	765	  1	
229	400	765	  1	
229	416	765	  1	
230	 54	765	  1	
230	 85	765	  1	
231	120	765	  1	
231	208	765	  1	
231	248	765	  1	
231	288	765	  1	
231	579	765	  1	
232	 15	765	  1	
232	 64	765	  1	
232	 71	765	  1	
232	141	765	  1	
232	149	765	  1	
232	163	765	  1	
232	173	765	  1	
232	182	765	  1	
232	189	765	  1	
232	278	765	  1	
232	385	765	  1	
232	392	765	  1	
232	398	765	  1	
235	 95	765	  1	
235	167	765	  1	
235	262	765	  1	
235	591	765	  1	
236	  3	765	  1	
237	 99	765	  1	
237	135	765	  1	
237	144	765	  1	
237	272	765	  1	
237	395	765	  1	
237	424	765	  1	
238	 80	765	  1	
238	120	765	  1	
238	152	765	  1	
238	162	765	  1	
238	384	765	  1	
238	391	765	  1	
239	253	765	  1	
240	 16	765	  1	
240	 34	765	  1	
240	 42	765	  1	
240	 58	765	  1	
240	 63	765	  1	
240	 78	765	  1	
240	115	765	  1	
240	200	765	  1	
240	225	765	  1	
240	266	765	  1	
240	277	765	  1	
240	300	765	  1	
240	386	765	  1	
240	432	765	  1	
240	436	765	  1	
242	232	765	  1	
243	336	765	  1	
245	  6	765	  1	
245	 79	765	  1	
245	 88	765	  1	
245	160	765	  1	
247	 19	765	  1	
247	200	765	  1	
247	277	765	  1	
248	  8	765	  1	
248	 28	765	  1	
248	 50	765	  1	
248	131	765	  1	
248	152	765	  1	
248	168	765	  1	
248	211	765	  1	
248	232	765	  1	
248	391	765	  1	
248	402	765	  1	
248	423	765	  1	
248	448	765	  1	
248	464	765	  1	
248	526	765	  1	
250	134	765	  1	
250	184	765	  1	
250	327	765	  1	
250	415	765	  1	
251	 15	765	  1	
251	195	765	  1	
251	432	765	  1	
253	 39	765	  1	
253	 48	765	  1	
253	 55	765	  1	
253	440	765	  1	
254	299	765	  1	
254	384	765	  1	
255	  8	765	  1	
255	184	765	  1	
255	402	765	  1	
255	423	765	  1	
256	  5	765	  1	
256	 36	765	  1	
256	 64	765	  1	
256	 74	765	  1	
256	 79	765	  1	
256	113	765	  1	
256	120	765	  1	
256	146	765	  1	
256	174	765	  1	
256	208	765	  1	
256	213	765	  1	
256	224	765	  1	
256	238	765	  1	
256	266	765	  1	
256	344	765	  1	
256	472	765	  1	
256	504	765	  1	
258	 40	765	  1	
258	171	765	  1	
258	176	765	  1	
258	471	765	  1	
261	  0	765	  1	
261	 48	765	  1	
261	156	765	  1	
261	192	765	  1	
261	312	765	  1	
262	 64	765	  1	
262	168	765	  1	
262	198	765	  1	
262	208	765	  1	
262	220	765	  1	
262	472	765	  1	
262	487	765	  1	
263	 86	765	  1	
263	151	765	  1	
263	236	765	  1	
264	 43	765	  1	
264	 76	765	  1	
264	112	765	  1	
264	119	765	  1	
264	126	765	  1	
264	206	765	  1	
264	240	765	  1	
264	256	765	  1	
264	270	765	  1	
264	328	765	  1	
264	335	765	  1	
264	351	765	  1	
264	507	765	  1	
265	 35	765	  1	
266	216	765	  1	
268	287	765	  1	
269	  0	765	  1	
269	123	765	  1	
269	311	765	  1	
269	510	765	  1	
270	 77	765	  1	
270	195	765	  1	
271	206	765	  1	
271	219	765	  1	
271	261	765	  1	
271	331	765	  1	
271	347	765	  1	
271	513	765	  1	
272	 10	765	  1	
272	 16	765	  1	
272	 28	765	  1	
272	 40	765	  1	
272	 68	765	  1	
272	130	765	  1	
272	160	765	  1	
272	184	765	  1	
272	188	765	  1	
272	214	765	  1	
272	232	765	  1	
272	301	765	  1	
272	315	765	  1	
272	320	765	  1	
272	360	765	  1	
272	386	765	  1	
272	475	765	  1	
272	511	765	  1	
272	531	765	  1	
272	536	765	  1	
274	 76	765	  1	
274	 78	765	  1	
274	141	765	  1	
274	208	765	  1	
274	256	765	  1	
274	367	765	  1	
275	112	765	  1	
275	176	765	  1	
277	  8	765	  1	
277	 32	765	  1	
277	 45	765	  1	
277	102	765	  1	
277	207	765	  1	
277	504	765	  1	
278	 56	765	  1	
278	 88	765	  1	
278	189	765	  1	
278	415	765	  1	
278	476	765	  1	
279	184	765	  1	
279	212	765	  1	
279	232	765	  1	
279	262	765	  1	
279	284	765	  1	
279	362	765	  1	
279	400	765	  1	
279	528	765	  1	
279	535	765	  1	
280	 54	765	  1	
280	 69	765	  1	
280	 85	765	  1	
280	 96	765	  1	
280	112	765	  1	
280	142	765	  1	
280	163	765	  1	
280	168	765	  1	
280	191	765	  1	
280	246	765	  1	
280	256	765	  1	
280	310	765	  1	
280	333	765	  1	
280	344	765	  1	
280	352	765	  1	
280	357	765	  1	
280	376	765	  1	
280	383	765	  1	
280	439	765	  1	
280	448	765	  1	
280	467	765	  1	
280	510	765	  1	
281	 64	765	  1	
281	427	765	  1	
282	  0	765	  1	
282	126	765	  1	
283	187	765	  1	
283	232	765	  1	
283	304	765	  1	
283	324	765	  1	
283	408	765	  1	
283	520	765	  1	
284	 70	765	  1	
284	295	765	  1	
284	348	765	  1	
284	504	765	  1	
285	 51	765	  1	
285	245	765	  1	
285	368	765	  1	
286	291	765	  1	
286	314	765	  1	
286	357	765	  1	
286	379	765	  1	
287	136	765	  1	
287	168	765	  1	
287	184	765	  1	
287	191	765	  1	
287	256	765	  1	
287	333	765	  1	
288	 63	765	  1	
288	 69	765	  1	
288	 88	765	  1	
288	107	765	  1	
288	160	765	  1	
288	226	765	  1	
288	311	765	  1	
288	336	765	  1	
288	415	765	  1	
288	477	765	  1	
288	544	765	  1	
289	200	765	  1	
290	  6	765	  1	
290	355	765	  1	
291	 58	765	  1	
291	291	765	  1	
291	551	765	  1	
292	 15	765	  1	
292	300	765	  1	
293	134	765	  1	
293	166	765	  1	
293	296	765	  1	
293	304	765	  1	
293	309	765	  1	
293	341	765	  1	
293	456	765	  1	
293	482	765	  1	
294	 70	765	  1	
294	139	765	  1	
295	  0	765	  1	
295	 12	765	  1	
295	 48	765	  1	
295	349	765	  1	
295	472	765	  1	
295	544	765	  1	
296	 80	765	  1	
296	117	765	  1	
296	192	765	  1	
296	198	765	  1	
296	208	765	  1	
296	215	765	  1	
296	287	765	  1	
296	318	765	  1	
296	402	765	  1	
297	 88	765	  1	
298	376	765	  1	
298	389	765	  1	
299	440	765	  1	
300	256	765	  1	
300	351	765	  1	
301	  0	765	  1	
301	160	765	  1	
301	195	765	  1	
301	246	765	  1	
301	315	765	  1	
301	339	765	  1	
301	405	765	  1	
302	 83	765	  1	
302	357	765	  1	
302	384	765	  1	
303	 93	765	  1	
303	493	765	  1	
303	560	765	  1	
304	 48	765	  1	
304	 56	765	  1	
304	 64	765	  1	
304	103	765	  1	
304	138	765	  1	
304	144	765	  1	
304	176	765	  1	
304	186	765	  1	
304	240	765	  1	
304	286	765	  1	
304	304	765	  1	
304	421	765	  1	
304	459	765	  1	
306	 62	765	  1	
306	118	765	  1	
306	245	765	  1	
306	559	765	  1	
307	 96	765	  1	
307	310	765	  1	
307	408	765	  1	
307	502	765	  1	
308	208	765	  1	
308	344	765	  1	
309	 78	765	  1	
309	 95	765	  1	
309	183	765	  1	
309	191	765	  1	
309	206	765	  1	
310	 56	765	  1	
310	112	765	  1	
310	215	765	  1	
311	 64	765	  1	
311	120	765	  1	
311	144	765	  1	
311	240	765	  1	
311	256	765	  1	
311	421	765	  1	
311	531	765	  1	
312	 80	765	  1	
312	128	765	  1	
312	163	765	  1	
312	186	765	  1	
312	208	765	  1	
312	224	765	  1	
312	228	765	  1	
312	238	765	  1	
312	312	765	  1	
312	317	765	  1	
312	354	765	  1	
312	463	765	  1	
312	563	765	  1	
313	307	765	  1	
314	134	765	  1	
314	296	765	  1	
314	303	765	  1	
315	199	765	  1	
315	280	765	  1	
316	107	765	  1	
316	452	765	  1	
317	 64	765	  1	
317	184	765	  1	
317	191	765	  1	
317	219	765	  1	
317	224	765	  1	
317	239	765	  1	
317	262	765	  1	
317	328	765	  1	
318	128	765	  1	
318	160	765	  1	
318	512	765	  1	
319	236	765	  1	
320	  8	765	  1	
320	 21	765	  1	
320	 48	765	  1	
320	 58	765	  1	
320	 63	765	  1	
320	114	765	  1	
320	119	765	  1	
320	123	765	  1	
320	248	765	  1	
320	322	765	  1	
320	327	765	  1	
320	360	765	  1	
320	363	765	  1	
320	392	765	  1	
320	397	765	  1	
320	552	765	  1	
321	 24	765	  1	
321	414	765	  1	
322	147	765	  1	
323	280	765	  1	
323	287	765	  1	
323	405	765	  1	
325	136	765	  1	
325	152	765	  1	
326	 77	765	  1	
326	200	765	  1	
326	485	765	  1	
327	392	765	  1	
327	397	765	  1	
328	 31	765	  1	
328	 96	765	  1	
328	120	765	  1	
328	226	765	  1	
328	232	765	  1	
328	248	765	  1	
328	266	765	  1	
328	299	765	  1	
328	317	765	  1	
328	324	765	  1	
328	328	765	  1	
328	334	765	  1	
328	342	765	  1	
328	408	765	  1	
328	448	765	  1	
329	136	765	  1	
329	141	765	  1	
329	367	765	  1	
330	  8	765	  1	
330	453	765	  1	
330	576	765	  1	
331	127	765	  1	
331	160	765	  1	
332	 16	765	  1	
332	455	765	  1	
333	155	765	  1	
333	414	765	  1	
334	165	765	  1	
334	231	765	  1	
334	283	765	  1	
334	450	765	  1	
335	 30	765	  1	
335	 40	765	  1	
335	120	765	  1	
335	128	765	  1	
335	221	765	  1	
335	366	765	  1	
336	 48	765	  1	
336	 54	765	  1	
336	117	765	  1	
336	125	765	  1	
336	136	765	  1	
336	187	765	  1	
336	195	765	  1	
336	232	765	  1	
336	242	765	  1	
336	254	765	  1	
336	295	765	  1	
336	410	765	  1	
336	432	765	  1	
336	440	765	  1	
336	456	765	  1	
336	496	765	  1	
336	534	765	  1	
336	552	765	  1	
336	579	765	  1	
337	 80	765	  1	
337	 85	765	  1	
337	304	765	  1	
338	176	765	  1	
338	559	765	  1	
340	532	765	  1	
341	 51	765	  1	
341	262	765	  1	
341	384	765	  1	
341	552	765	  1	
342	 43	765	  1	
342	252	765	  1	
342	543	765	  1	
343	  8	765	  1	
343	101	765	  1	
343	136	765	  1	
343	352	765	  1	
343	472	765	  1	
343	482	765	  1	
343	534	765	  1	
343	576	765	  1	
343	583	765	  1	
344	  0	765	  1	
344	 24	765	  1	
344	 31	765	  1	
344	 61	765	  1	
344	 67	765	  1	
344	106	765	  1	
344	171	765	  1	
344	188	765	  1	
344	202	765	  1	
344	287	765	  1	
344	317	765	  1	
344	344	765	  1	
344	351	765	  1	
344	379	765	  1	
344	459	765	  1	
344	584	765	  1	
345	208	765	  1	
345	282	765	  1	
345	311	765	  1	
345	400	765	  1	
345	581	765	  1	
346	117	765	  1	
346	152	765	  1	
346	318	765	  1	
346	426	765	  1	
348	328	765	  1	
348	576	765	  1	
349	  6	765	  1	
349	184	765	  1	
349	376	765	  1	
350	304	765	  1	
350	335	765	  1	
350	459	765	  1	
351	 96	765	  1	
351	111	765	  1	
351	295	765	  1	
351	402	765	  1	
351	587	765	  1	
352	  0	765	  1	
352	  8	765	  1	
352	 64	765	  1	
352	 88	765	  1	
352	144	765	  1	
352	191	765	  1	
352	219	765	  1	
352	261	765	  1	
352	287	765	  1	
352	320	765	  1	
352	336	765	  1	
353	304	765	  1	
354	 48	765	  1	
355	 16	765	  1	
355	 72	765	  1	
355	327	765	  1	
355	383	765	  1	
355	448	765	  1	
356	156	765	  1	
356	281	765	  1	
356	583	765	  1	
357	 88	765	  1	
357	 99	765	  1	
357	224	765	  1	
357	314	765	  1	
357	318	765	  1	
357	400	765	  1	
358	454	765	  1	
359	 79	765	  1	
359	104	765	  1	
359	152	765	  1	
359	187	765	  1	
359	216	765	  1	
359	272	765	  1	
359	320	765	  1	
359	544	765	  1	
360	 19	765	  1	
360	 39	765	  1	
360	 45	765	  1	
360	130	765	  1	
360	208	765	  1	
360	271	765	  1	
360	288	765	  1	
360	328	765	  1	
360	335	765	  1	
360	343	765	  1	
360	352	765	  1	
360	368	765	  1	
360	407	765	  1	
360	423	765	  1	
360	429	765	  1	
360	479	765	  1	
361	473	765	  1	
362	299	765	  1	
362	416	765	  1	
363	 32	765	  1	
363	 48	765	  1	
363	 80	765	  1	
363	 87	765	  1	
363	136	765	  1	
363	435	765	  1	
364	372	765	  1	
365	 40	765	  1	
365	 92	765	  1	
365	128	765	  1	
365	207	765	  1	
365	266	765	  1	
365	296	765	  1	
365	380	765	  1	
366	 53	765	  1	
366	402	765	  1	
367	331	765	  1	
367	339	765	  1	
367	355	765	  1	
367	407	765	  1	
368	 56	765	  1	
368	119	765	  1	
368	188	765	  1	
368	199	765	  1	
368	224	765	  1	
368	251	765	  1	
368	304	765	  1	
368	320	765	  1	
368	325	765	  1	
368	416	765	  1	
368	472	765	  1	
368	504	765	  1	
368	510	765	  1	
368	516	765	  1	
368	568	765	  1	
370	 39	765	  1	
370	136	765	  1	
370	193	765	  1	
370	229	765	  1	
371	 47	765	  1	
371	 96	765	  1	
371	311	765	  1	
372	104	765	  1	
372	561	765	  1	
372	596	765	  1	
373	184	765	  1	
374	 64	765	  1	
374	224	765	  1	
374	248	765	  1	
374	380	765	  1	
375	  0	765	  1	
375	111	765	  1	
375	139	765	  1	
375	152	765	  1	
375	176	765	  1	
375	183	765	  1	
375	259	765	  1	
375	264	765	  1	
375	304	765	  1	
375	463	765	  1	
376	 23	765	  1	
376	 48	765	  1	
376	 83	765	  1	
376	 96	765	  1	
376	144	765	  1	
376	184	765	  1	
376	199	765	  1	
376	207	765	  1	
376	221	765	  1	
376	275	765	  1	
376	280	765	  1	
376	288	765	  1	
376	295	765	  1	
376	320	765	  1	
376	355	765	  1	
376	405	765	  1	
376	455	765	  1	
376	543	765	  1	
378	284	765	  1	
378	331	765	  1	
379	 31	765	  1	
379	264	765	  1	
380	 16	765	  1	
380	184	765	  1	
381	 56	765	  1	
381	 72	765	  1	
381	 98	765	  1	
381	127	765	  1	
381	191	765	  1	
381	219	765	  1	
381	400	765	  1	
382	119	765	  1	
383	 22	765	  1	
383	 36	765	  1	
383	 42	765	  1	
383	 86	765	  1	
383	103	765	  1	
383	271	765	  1	
383	291	765	  1	
383	352	765	  1	
383	359	765	  1	
383	448	765	  1	
384	  2	765	  1	
384	  6	765	  1	
384	 14	765	  1	
384	 48	765	  1	
384	 55	765	  1	
384	 93	765	  1	
384	149	765	  1	
384	205	765	  1	
384	208	765	  1	
384	288	765	  1	
384	314	765	  1	
384	360	765	  1	
384	392	765	  1	
384	423	765	  1	
384	488	765	  1	
385	368	765	  1	
385	375	765	  1	
386	 24	765	  1	
387	 80	765	  1	
387	117	765	  1	
387	194	765	  1	
387	332	765	  1	
388	 13	765	  1	
388	 38	765	  1	
388	214	765	  1	
388	454	765	  1	
389	110	765	  1	
389	423	765	  1	
390	 24	765	  1	
390	 31	765	  1	
390	322	765	  1	
390	417	765	  1	
391	 34	765	  1	
391	 48	765	  1	
391	 55	765	  1	
392	 31	765	  1	
392	 72	765	  1	
392	 96	765	  1	
392	119	765	  1	
392	126	765	  1	
392	131	765	  1	
392	224	765	  1	
392	242	765	  1	
392	249	765	  1	
392	279	765	  1	
392	364	765	  1	
392	456	765	  1	
392	471	765	  1	
393	 61	765	  1	
393	 91	765	  1	
393	304	765	  1	
394	 19	765	  1	
394	112	765	  1	
394	176	765	  1	
394	183	765	  1	
394	199	765	  1	
394	260	765	  1	
394	360	765	  1	
395	 23	765	  1	
395	120	765	  1	
395	136	765	  1	
395	216	765	  1	
395	232	765	  1	
396	 12	765	  1	
396	 51	765	  1	
397	 64	765	  1	
397	408	765	  1	
398	  0	765	  1	
398	 10	765	  1	
398	 32	765	  1	
398	132	765	  1	
399	  4	765	  1	
399	 96	765	  1	
399	119	765	  1	
399	240	765	  1	
399	456	765	  1	
400	 48	765	  1	
400	 72	765	  1	
400	 78	765	  1	
400	143	765	  1	
400	176	765	  1	
400	184	765	  1	
400	288	765	  1	
400	320	765	  1	
400	391	765	  1	
400	399	765	  1	
400	440	765	  1	
401	 67	765	  1	
402	182	765	  1	
402	591	765	  1	
403	 34	765	  1	
403	199	765	  1	
404	 24	765	  1	
405	 40	765	  1	
405	 47	765	  1	
405	 72	765	  1	
405	 78	765	  1	
405	112	765	  1	
407	 54	765	  1	
407	176	765	  1	
407	240	765	  1	
407	288	765	  1	
407	402	765	  1	
407	440	765	  1	
408	  0	765	  1	
408	 24	765	  1	
408	 30	765	  1	
408	 64	765	  1	
408	 84	765	  1	
408	109	765	  1	
408	130	765	  1	
408	182	765	  1	
408	224	765	  1	
408	244	765	  1	
408	264	765	  1	
408	312	765	  1	
408	344	765	  1	
408	357	765	  1	
408	360	765	  1	
408	375	765	  1	
408	418	765	  1	
408	443	765	  1	
408	599	765	  1	
410	146	765	  1	
410	191	765	  1	
410	426	765	  1	
411	240	765	  1	
411	267	765	  1	
411	328	765	  1	
412	390	765	  1	
413	 44	765	  1	
413	 48	765	  1	
413	 70	765	  1	
413	416	765	  1	
414	231	765	  1	
414	264	765	  1	
414	375	765	  1	
414	384	765	  1	
415	 85	765	  1	
415	176	765	  1	
415	245	765	  1	
415	312	765	  1	
415	443	765	  1	
416	117	765	  1	
416	168	765	  1	
416	192	765	  1	
416	216	765	  1	
416	223	765	  1	
416	247	765	  1	
416	280	765	  1	
416	287	765	  1	
416	314	765	  1	
416	336	765	  1	
416	371	765	  1	
416	393	765	  1	
417	 11	765	  1	
417	 96	765	  1	
418	112	765	  1	
419	199	765	  1	
419	240	765	  1	
420	156	765	  1	
420	210	765	  1	
420	367	765	  1	
421	 36	765	  1	
421	 55	765	  1	
421	104	765	  1	
421	147	765	  1	
421	160	765	  1	
421	364	765	  1	
422	118	765	  1	
422	319	765	  1	
423	192	765	  1	
423	219	765	  1	
423	247	765	  1	
423	328	765	  1	
423	427	765	  1	
424	  0	765	  1	
424	  5	765	  1	
424	 22	765	  1	
424	 47	765	  1	
424	 50	765	  1	
424	 56	765	  1	
424	 76	765	  1	
424	 83	765	  1	
424	 92	765	  1	
424	 96	765	  1	
424	143	765	  1	
424	158	765	  1	
424	216	765	  1	
424	311	765	  1	
424	503	765	  1	
426	 16	765	  1	
427	110	765	  1	
427	213	765	  1	
427	275	765	  1	
427	304	765	  1	
427	368	765	  1	
428	 29	765	  1	
428	 44	765	  1	
428	120	765	  1	
428	140	765	  1	
428	168	765	  1	
428	392	765	  1	
429	 48	765	  1	
429	 64	765	  1	
429	178	765	  1	
430	 24	765	  1	
430	 85	765	  1	
430	114	765	  1	
430	159	765	  1	
430	373	765	  1	
430	399	765	  1	
431	 80	765	  1	
431	 95	765	  1	
431	104	765	  1	
431	151	765	  1	
431	311	765	  1	
432	  8	765	  1	
432	 16	765	  1	
432	 27	765	  1	
432	 59	765	  1	
432	 61	765	  1	
432	167	765	  1	
432	192	765	  1	
432	240	765	  1	
432	248	765	  1	
432	263	765	  1	
432	279	765	  1	
432	285	765	  1	
432	464	765	  1	
433	 24	765	  1	
433	 31	765	  1	
433	 58	765	  1	
433	 85	765	  1	
433	104	765	  1	
433	255	765	  1	
434	175	765	  1	
435	 27	765	  1	
435	 63	765	  1	
435	124	765	  1	
435	144	765	  1	
435	199	765	  1	
435	375	765	  1	
437	  0	765	  1	
437	 14	765	  1	
438	 59	765	  1	
438	 86	765	  1	
438	112	765	  1	
438	216	765	  1	
438	260	765	  1	
439	154	765	  1	
439	192	765	  1	
439	251	765	  1	
439	368	765	  1	
440	 16	765	  1	
440	 20	765	  1	
440	 35	765	  1	
440	 43	765	  1	
440	 49	765	  1	
440	 77	765	  1	
440	 96	765	  1	
440	104	765	  1	
440	146	765	  1	
440	167	765	  1	
440	188	765	  1	
440	195	765	  1	
441	127	765	  1	
442	 62	765	  1	
442	162	765	  1	
442	206	765	  1	
443	136	765	  1	
443	157	765	  1	
443	173	765	  1	
443	179	765	  1	
443	184	765	  1	
443	240	765	  1	
444	 17	765	  1	
445	144	765	  1	
445	151	765	  1	
445	256	765	  1	
445	346	765	  1	
446	 56	765	  1	
446	 78	765	  1	
446	 96	765	  1	
446	120	765	  1	
446	190	765	  1	
447	 37	765	  1	
447	 87	765	  1	
447	168	765	  1	
447	199	765	  1	
447	206	765	  1	
448	 13	765	  1	
448	 32	765	  1	
448	126	765	  1	
448	132	765	  1	
448	203	765	  1	
448	219	765	  1	
448	231	765	  1	
448	271	765	  1	
448	280	765	  1	
448	288	765	  1	
448	374	765	  1	
448	394	765	  1	
449	 63	765	  1	
449	208	765	  1	
450	  8	765	  1	
450	 99	765	  1	
450	248	765	  1	
451	 50	765	  1	
451	174	765	  1	
451	264	765	  1	
451	368	765	  1	
452	 40	765	  1	
452	139	765	  1	
452	293	765	  1	
453	 27	765	  1	
453	 44	765	  1	
453	 59	765	  1	
453	144	765	  1	
454	 14	765	  1	
454	 19	765	  1	
454	170	765	  1	
455	 48	765	  1	
455	 53	765	  1	
455	 64	765	  1	
455	200	765	  1	
455	271	765	  1	
455	280	765	  1	
456	  2	765	  1	
456	  8	765	  1	
456	 75	765	  1	
456	 81	765	  1	
456	115	765	  1	
456	124	765	  1	
456	163	765	  1	
456	208	765	  1	
456	230	765	  1	
456	239	765	  1	
456	266	765	  1	
458	120	765	  1	
458	156	765	  1	
459	112	765	  1	
459	216	765	  1	
460	224	765	  1	
460	365	765	  1	
461	  0	765	  1	
461	124	765	  1	
461	168	765	  1	
461	455	765	  1	
462	128	765	  1	
462	167	765	  1	
462	208	765	  1	
462	253	765	  1	
464	 31	765	  1	
464	 40	765	  1	
464	 67	765	  1	
464	 96	765	  1	
464	112	765	  1	
464	152	765	  1	
464	192	765	  1	
464	199	765	  1	
464	368	765	  1	
465	144	765	  1	
465	263	765	  1	
467	 24	765	  1	
467	 47	765	  1	
467	166	765	  1	
467	208	765	  1	
468	 72	765	  1	
469	 64	765	  1	
469	288	765	  1	
469	315	765	  1	
470	257	765	  1	
470	400	765	  1	
471	 16	765	  1	
471	 31	765	  1	
471	 40	765	  1	
471	128	765	  1	
471	195	765	  1	
472	 24	765	  1	
472	 48	765	  1	
472	 55	765	  1	
472	 72	765	  1	
472	 82	765	  1	
472	 90	765	  1	
472	 96	765	  1	
472	139	765	  1	
472	156	765	  1	
472	200	765	  1	
472	211	765	  1	
472	216	765	  1	
472	253	765	  1	
472	264	765	  1	
472	274	765	  1	
472	279	765	  1	
472	285	765	  1	
472	295	765	  1	
472	344	765	  1	
472	351	765	  1	
472	354	765	  1	
472	368	765	  1	
472	381	765	  1	
472	399	765	  1	
474	112	765	  1	
474	248	765	  1	
474	288	765	  1	
475	222	765	  1	
476	 71	765	  1	
477	 75	765	  1	
478	203	765	  1	
478	254	765	  1	
478	286	765	  1	
478	296	765	  1	
478	371	765	  1	
479	 27	765	  1	
479	176	765	  1	
479	208	765	  1	
479	354	765	  1	
479	400	765	  1	
480	 24	765	  1	
480	 40	765	  1	
480	 64	765	  1	
480	 71	765	  1	
480	 95	765	  1	
480	144	765	  1	
480	168	765	  1	
480	283	765	  1	
480	288	765	  1	
480	305	765	  1	
480	327	765	  1	
480	352	765	  1	
480	376	765	  1	
481	  0	765	  1	
481	  7	765	  1	
481	 80	765	  1	
481	 90	765	  1	
481	123	765	  1	
482	 45	765	  1	
482	 75	765	  1	
482	101	765	  1	
482	128	765	  1	
482	171	765	  1	
483	 31	765	  1	
483	359	765	  1	
484	 54	765	  1	
484	118	765	  1	
484	144	765	  1	
485	 40	765	  1	
485	192	765	  1	
485	296	765	  1	
485	376	765	  1	
486	 71	765	  1	
486	 92	765	  1	
486	102	765	  1	
486	168	765	  1	
486	175	765	  1	
486	291	765	  1	
486	304	765	  1	
487	 24	765	  1	
487	112	765	  1	
487	327	765	  1	
487	352	765	  1	
488	  8	765	  1	
488	 86	765	  1	
488	145	765	  1	
488	150	765	  1	
488	197	765	  1	
488	213	765	  1	
488	276	765	  1	
488	299	765	  1	
490	112	765	  1	
490	282	765	  1	
491	207	765	  1	
491	272	765	  1	
491	369	765	  1	
492	119	765	  1	
493	192	765	  1	
494	 55	765	  1	
494	312	765	  1	
494	319	765	  1	
495	 39	765	  1	
495	200	765	  1	
495	294	765	  1	
496	 64	765	  1	
496	144	765	  1	
496	154	765	  1	
496	165	765	  1	
496	201	765	  1	
496	229	765	  1	
496	242	765	  1	
496	256	765	  1	
496	268	765	  1	
496	314	765	  1	
496	343	765	  1	
496	376	765	  1	
496	464	765	  1	
498	160	765	  1	
498	206	765	  1	
499	145	765	  1	
499	192	765	  1	
499	224	765	  1	
499	304	765	  1	
500	 91	765	  1	
500	413	765	  1	
501	  0	765	  1	
501	 70	765	  1	
501	 83	765	  1	
501	312	765	  1	
501	319	765	  1	
502	128	765	  1	
502	166	765	  1	
502	202	765	  1	
502	214	765	  1	
502	360	765	  1	
503	149	765	  1	
503	154	765	  1	
503	270	765	  1	
503	282	765	  1	
503	538	765	  1	
504	112	765	  1	
504	253	765	  1	
504	298	765	  1	
505	144	765	  1	
506	134	765	  1	
506	160	765	  1	
507	 64	765	  1	
507	237	765	  1	
507	370	765	  1	
508	110	765	  1	
508	146	765	  1	
508	227	765	  1	
509	108	765	  1	
509	118	765	  1	
510	128	765	  1	
510	144	765	  1	
510	151	765	  1	
510	166	765	  1	
511	298	765	  1	
512	  0	765	  1	
512	 48	765	  1	
512	 55	765	  1	
512	 81	765	  1	
512	 86	765	  1	
512	 93	765	  1	
512	110	765	  1	
512	136	765	  1	
512	140	765	  1	
512	156	765	  1	
512	162	765	  1	
512	184	765	  1	
512	213	765	  1	
512	220	765	  1	
512	231	765	  1	
512	251	765	  1	
512	283	765	  1	
512	296	765	  1	
512	317	765	  1	
512	392	765	  1	
512	395	765	  1	
513	271	765	  1	
514	342	765	  1	
515	  8	765	  1	
516	210	765	  1	
518	288	765	  1	
519	  0	765	  1	
519	 51	765	  1	
519	143	765	  1	
519	147	765	  1	
519	200	765	  1	
519	221	765	  1	
519	248	765	  1	
519	255	765	  1	
520	 39	765	  1	
520	219	765	  1	
520	261	765	  1	
520	367	765	  1	
521	152	765	  1	
523	159	765	  1	
523	230	765	  1	
523	360	765	  1	
524	303	765	  1	
525	 39	765	  1	
525	139	765	  1	
525	182	765	  1	
526	239	765	  1	
527	 95	765	  1	
527	216	765	  1	
527	223	765	  1	
527	367	765	  1	
527	399	765	  1	
528	 48	765	  1	
528	 90	765	  1	
528	152	765	  1	
528	200	765	  1	
528	229	765	  1	
528	242	765	  1	
528	247	765	  1	
528	266	765	  1	
528	352	765	  1	
528	356	765	  1	
530	 11	765	  1	
530	128	765	  1	
530	320	765	  1	
531	 16	765	  1	
531	104	765	  1	
534	 55	765	  1	
534	163	765	  1	
534	200	765	  1	
535	347	765	  1	
536	  9	765	  1	
536	109	765	  1	
536	120	765	  1	
536	152	765	  1	
536	182	765	  1	
536	218	765	  1	
536	324	765	  1	
538	257	765	  1	
538	368	765	  1	
539	 19	765	  1	
539	159	765	  1	
539	191	765	  1	
540	224	765	  1	
541	279	765	  1	
542	179	765	  1	
543	  9	765	  1	
543	152	765	  1	
543	332	765	  1	
544	 96	765	  1	
544	136	765	  1	
544	144	765	  1	
544	173	765	  1	
544	200	765	  1	
544	231	765	  1	
544	237	765	  1	
544	315	765	  1	
544	346	765	  1	
547	212	765	  1	
547	280	765	  1	
547	368	765	  1	
549	 94	765	  1	
550	216	765	  1	
551	229	765	  1	
551	312	765	  1	
551	423	765	  1	
552	  2	765	  1	
552	 64	765	  1	
552	163	765	  1	
552	168	765	  1	
552	175	765	  1	
552	284	765	  1	
552	352	765	  1	
553	280	765	  1	
555	103	765	  1	
555	269	765	  1	
555	359	765	  1	
556	171	765	  1	
557	200	765	  1	
557	227	765	  1	
557	240	765	  1	
557	356	765	  1	
558	157	765	  1	
559	284	765	  1	
559	296	765	  1	
559	384	765	  1	
559	414	765	  1	
560	 91	765	  1	
560	135	765	  1	
560	288	765	  1	
560	292	765	  1	
560	349	765	  1	
560	405	765	  1	
560	447	765	  1	
560	512	765	  1	
562	189	765	  1	
562	398	765	  1	
563	184	765	  1	
563	200	765	  1	
563	215	765	  1	
563	407	765	  1	
564	 39	765	  1	
564	224	765	  1	
564	293	765	  1	
564	344	765	  1	
565	123	765	  1	
565	130	765	  1	
566	231	765	  1	
568	139	765	  1	
568	160	765	  1	
568	269	765	  1	
568	330	765	  1	
571	 80	765	  1	
571	240	765	  1	
571	317	765	  1	
571	332	765	  1	
571	373	765	  1	
572	224	765	  1	
572	244	765	  1	
572	270	765	  1	
574	167	765	  1	
575	136	765	  1	
575	143	765	  1	
575	248	765	  1	
575	255	765	  1	
575	285	765	  1	
575	296	765	  1	
575	440	765	  1	
576	192	765	  1	
576	199	765	  1	
576	205	765	  1	
576	283	765	  1	
576	472	765	  1	
578	227	765	  1	
580	207	765	  1	
581	246	765	  1	
581	280	765	  1	
583	104	765	  1	
583	195	765	  1	
583	220	765	  1	
583	232	765	  1	
583	237	765	  1	
583	297	765	  1	
583	362	765	  1	
584	 80	765	  1	
584	 84	765	  1	
584	 92	765	  1	
584	144	765	  1	
584	151	765	  1	
584	240	765	  1	
584	249	765	  1	
584	255	765	  1	
584	260	765	  1	
584	300	765	  1	
584	353	765	  1	
584	384	765	  1	
584	511	765	  1	
587	203	765	  1	
587	391	765	  1	
588	111	765	  1	
588	244	765	  1	
589	252	765	  1	
589	311	765	  1	
590	 64	765	  1	
590	267	765	  1	
590	271	765	  1	
590	356	765	  1	
591	232	765	  1	
591	248	765	  1	
591	384	765	  1	
591	430	765	  1	
592	168	765	  1	
592	204	765	  1	
592	251	765	  1	
592	299	765	  1	
592	312	765	  1	
592	320	765	  1	
592	336	765	  1	
592	391	765	  1	
594	175	765	  1	
594	224	765	  1	
594	327	765	  1	
594	464	765	  1	
595	106	765	  1	
595	246	765	  1	
595	344	765	  1	
596	 94	765	  1	
596	208	765	  1	
596	238	765	  1	
597	231	765	  1	
597	255	765	  1	
597	376	765	  1	
597	567	765	  1	
598	307	765	  1	
598	320	765	  1	
599	 99	765	  1	
599	259	765	  1	
599	387	765	  1	
600	 16	765	  1	
600	 70	765	  1	
600	104	765	  1	
600	232	765	  1	
600	240	765	  1	
600	285	765	  1	
600	328	765	  1	
600	336	765	  1	
600	352	765	  1	
602	 63	765	  1	
603	215	765	  1	
603	280	765	  1	
603	335	765	  1	
603	359	765	  1	
605	252	765	  1	
605	282	765	  1	
605	351	765	  1	
606	287	765	  1	
607	 68	765	  1	
607	112	765	  1	
607	328	765	  1	
607	343	765	  1	
608	255	765	  1	
608	259	765	  1	
608	356	765	  1	
608	405	765	  1	
610	168	765	  1	
610	208	765	  1	
610	288	765	  1	
611	344	765	  1	
613	247	765	  1	
614	250	765	  1	
614	255	765	  1	
614	357	765	  1	
614	392	765	  1	
615	 71	765	  1	
615	232	765	  1	
615	294	765	  1	
615	347	765	  1	
615	352	765	  1	
615	405	765	  1	
616	 69	765	  1	
616	 80	765	  1	
616	143	765	  1	
616	264	765	  1	
616	278	765	  1	
619	 87	765	  1	
620	280	765	  1	
622	 69	765	  1	
622	269	765	  1	
623	 80	765	  1	
623	264	765	  1	
623	284	765	  1	
623	320	765	  1	
624	263	765	  1	
624	382	765	  1	
624	463	765	  1	
626	157	765	  1	
626	472	765	  1	
627	 96	765	  1	
627	328	765	  1	
628	 63	765	  1	
629	259	765	  1	
629	447	765	  1	
631	 71	765	  1	
631	200	765	  1	
631	280	765	  1	
631	379	765	  1	
632	  0	765	  1	
632	240	765	  1	
632	247	765	  1	
632	260	765	  1	
632	356	765	  1	
636	180	765	  1	
638	 99	765	  1	
638	290	765	  1	
638	352	765	  1	
638	399	765	  1	
639	 86	765	  1	
639	136	765	  1	
639	143	765	  1	
639	243	765	  1	
640	 48	765	  1	
640	 55	765	  1	
640	280	765	  1	
640	336	765	  1	
640	383	765	  1	
643	 24	765	  1	
643	376	765	  1	
645	352	765	  1	
647	103	765	  1	
648	 64	765	  1	
648	298	765	  1	
648	359	765	  1	
648	576	765	  1	
656	 87	765	  1	
656	330	765	  1	
656	408	765	  1	
658	239	765	  1	
659	312	765	  1	
663	330	765	  1	
663	448	765	  1	
667	127	765	  1	
670	 95	765	  1	
670	177	765	  1	
672	288	765	  1	
672	376	765	  1	
676	447	765	  1	
679	440	765	  1	
680	464	765	  1	
687	416	765	  1	
687	451	765	  1	
688	339	765	  1	
691	480	765	  1	
694	372	765	  1	
695	253	765	  1	
695	508	765	  1	
704	200	765	  1	
704	488	765	  1	
723	 92	765	  1	
727	 63	765	  1	
727	327	765	  1	
731	239	765	  1	
782	128	765	  1	
