# 
#  Image file: Goad1_T0037.jpg
#  Applied threshold: 575
#  Algorithm used: fill2                 
#  Particle count: 1932
#  Location (x,y), max luminance, and mass:
# 
  2	240	765	  1	
  7	132	765	  1	
  8	113	765	  1	
  8	176	765	  1	
  8	259	765	  1	
 11	183	765	  1	
 14	232	765	  1	
 19	226	765	  1	
 23	127	765	  1	
 24	442	765	  1	
 32	 95	765	  1	
 39	 75	765	  1	
 40	  0	765	  1	
 45	304	765	  1	
 47	347	765	  1	
 55	192	765	  1	
 56	152	765	  1	
 58	 96	765	  1	
 64	346	765	  1	
 68	264	765	  1	
 74	109	765	  1	
 78	374	765	  1	
 80	138	765	  1	
 80	384	765	  1	
 80	400	765	  1	
 81	344	765	  1	
 87	149	765	  1	
 87	411	765	  1	
 88	240	765	  1	
 90	554	765	  1	
 91	249	765	  1	
 91	348	765	  1	
 93	327	765	  1	
 95	266	765	  1	
 96	576	765	  1	
 97	344	765	  1	
 98	 46	765	  1	
 98	350	765	  1	
100	121	765	  1	
101	535	765	  1	
102	399	765	  1	
103	 96	765	  1	
103	344	765	  1	
103	349	765	  1	
103	520	765	  1	
104	144	765	  1	
104	151	765	  1	
104	424	765	  1	
106	143	765	  1	
108	350	765	  1	
109	 80	765	  1	
109	158	765	  1	
110	271	765	  1	
110	344	765	  1	
111	215	765	  1	
111	319	765	  1	
112	 55	765	  1	
112	307	765	  1	
112	414	765	  1	
114	131	765	  1	
114	247	765	  1	
115	144	765	  1	
115	151	765	  1	
116	352	765	  1	
118	495	765	  1	
119	141	765	  1	
119	456	765	  1	
120	103	765	  1	
120	271	765	  1	
120	314	765	  1	
120	438	765	  1	
121	341	765	  1	
122	211	765	  1	
123	  0	765	  1	
123	336	765	  1	
124	319	765	  1	
125	346	765	  1	
125	357	765	  1	
126	312	765	  1	
127	  8	765	  1	
127	 95	765	  1	
127	223	765	  1	
127	271	765	  1	
127	351	765	  1	
127	383	765	  1	
127	432	765	  1	
128	175	765	  1	
128	192	765	  1	
128	348	765	  1	
131	172	765	  1	
132	343	765	  1	
133	374	765	  1	
134	174	765	  1	
134	456	765	  1	
135	168	765	  1	
135	431	765	  1	
136	184	765	  1	
136	190	765	  1	
136	357	765	  1	
138	  8	765	  1	
138	143	765	  1	
139	368	765	  1	
141	170	765	  1	
141	263	765	  1	
142	 18	765	  1	
142	352	765	  1	
143	312	765	  1	
143	368	765	  1	
143	380	765	  1	
143	488	765	  1	
144	 95	765	  1	
144	101	765	  1	
144	108	765	  1	
144	152	765	  1	
144	215	765	  1	
144	287	765	  1	
144	328	765	  1	
144	432	765	  1	
144	439	765	  1	
144	472	765	  1	
147	207	765	  1	
147	239	765	  1	
147	479	765	  1	
148	132	765	  1	
148	223	765	  1	
148	458	765	  1	
149	 86	765	  1	
149	355	765	  1	
150	266	765	  1	
151	435	765	  1	
151	472	765	  1	
152	 76	765	  1	
152	215	765	  1	
152	218	765	  1	
152	223	765	  1	
152	275	765	  1	
152	376	765	  1	
157	160	765	  1	
158	176	765	  1	
158	490	765	  1	
159	 64	765	  1	
159	 71	765	  1	
160	  0	765	  1	
160	  7	765	  1	
160	 66	765	  1	
160	 72	765	  1	
160	112	765	  1	
160	152	765	  1	
160	159	765	  1	
160	171	765	  1	
160	255	765	  1	
160	327	765	  1	
160	352	765	  1	
160	360	765	  1	
160	367	765	  1	
160	411	765	  1	
163	 15	765	  1	
163	 88	765	  1	
163	 95	765	  1	
163	103	765	  1	
165	192	765	  1	
166	139	765	  1	
167	  8	765	  1	
167	 66	765	  1	
167	152	765	  1	
167	159	765	  1	
167	207	765	  1	
167	380	765	  1	
168	 47	765	  1	
168	 63	765	  1	
168	 79	765	  1	
168	165	765	  1	
168	184	765	  1	
168	296	765	  1	
168	583	765	  1	
171	 72	765	  1	
171	 88	765	  1	
171	104	765	  1	
171	119	765	  1	
171	303	765	  1	
171	415	765	  1	
172	160	765	  1	
172	439	765	  1	
173	128	765	  1	
173	191	765	  1	
173	424	765	  1	
174	112	765	  1	
174	367	765	  1	
174	599	765	  1	
175	 48	765	  1	
175	 79	765	  1	
175	296	765	  1	
175	413	765	  1	
175	418	765	  1	
176	 37	765	  1	
176	 80	765	  1	
176	247	765	  1	
176	355	765	  1	
176	367	765	  1	
176	496	765	  1	
178	287	765	  1	
179	240	765	  1	
179	503	765	  1	
180	431	765	  1	
180	471	765	  1	
182	 92	765	  1	
183	 63	765	  1	
183	247	765	  1	
183	304	765	  1	
183	496	765	  1	
184	 24	765	  1	
184	128	765	  1	
184	138	765	  1	
184	320	765	  1	
184	512	765	  1	
184	599	765	  1	
185	143	765	  1	
186	 55	765	  1	
186	376	765	  1	
186	411	765	  1	
187	 87	765	  1	
187	136	765	  1	
188	 56	765	  1	
188	128	765	  1	
188	311	765	  1	
189	359	765	  1	
189	363	765	  1	
189	402	765	  1	
189	415	765	  1	
190	 63	765	  1	
190	256	765	  1	
190	262	765	  1	
190	269	765	  1	
190	299	765	  1	
191	 31	765	  1	
191	371	765	  1	
191	407	765	  1	
192	  0	765	  1	
192	  7	765	  1	
192	 59	765	  1	
192	104	765	  1	
192	120	765	  1	
192	160	765	  1	
192	166	765	  1	
192	178	765	  1	
192	224	765	  1	
192	264	765	  1	
192	282	765	  1	
192	415	765	  1	
192	463	765	  1	
193	247	765	  1	
194	583	765	  1	
195	407	765	  1	
195	423	765	  1	
196	168	765	  1	
196	351	765	  1	
197	140	765	  1	
197	163	765	  1	
197	362	765	  1	
197	367	765	  1	
198	112	765	  1	
198	129	765	  1	
198	224	765	  1	
198	284	765	  1	
199	  3	765	  1	
199	 56	765	  1	
199	 63	765	  1	
199	136	765	  1	
199	318	765	  1	
199	375	765	  1	
200	 66	765	  1	
200	 91	765	  1	
200	 99	765	  1	
200	119	765	  1	
200	121	765	  1	
200	152	765	  1	
200	166	765	  1	
200	279	765	  1	
200	360	765	  1	
200	365	765	  1	
200	373	765	  1	
200	423	765	  1	
200	504	765	  1	
202	216	765	  1	
202	223	765	  1	
202	476	765	  1	
203	 16	765	  1	
203	272	765	  1	
203	438	765	  1	
205	 98	765	  1	
205	103	765	  1	
206	339	765	  1	
206	360	765	  1	
207	 94	765	  1	
207	279	765	  1	
207	319	765	  1	
207	504	765	  1	
207	520	765	  1	
207	527	765	  1	
208	  2	765	  1	
208	 13	765	  1	
208	 48	765	  1	
208	 55	765	  1	
208	 80	765	  1	
208	136	765	  1	
208	149	765	  1	
208	251	765	  1	
208	280	765	  1	
208	335	765	  1	
208	384	765	  1	
208	391	765	  1	
209	267	765	  1	
210	  7	765	  1	
211	 87	765	  1	
211	143	765	  1	
211	239	765	  1	
211	328	765	  1	
213	 64	765	  1	
213	144	765	  1	
213	171	765	  1	
213	207	765	  1	
213	248	765	  1	
213	432	765	  1	
214	507	765	  1	
214	512	765	  1	
215	 32	765	  1	
215	 80	765	  1	
215	335	765	  1	
216	 78	765	  1	
216	104	765	  1	
216	109	765	  1	
216	245	765	  1	
216	296	765	  1	
216	399	765	  1	
218	  7	765	  1	
218	 72	765	  1	
218	140	765	  1	
219	160	765	  1	
219	182	765	  1	
219	240	765	  1	
219	392	765	  1	
220	296	765	  1	
221	 39	765	  1	
222	330	765	  1	
222	419	765	  1	
223	 76	765	  1	
223	136	765	  1	
223	267	765	  1	
223	309	765	  1	
223	399	765	  1	
223	461	765	  1	
224	 94	765	  1	
224	157	765	  1	
224	166	765	  1	
224	269	765	  1	
224	294	765	  1	
224	347	765	  1	
224	372	765	  1	
224	376	765	  1	
224	383	765	  1	
224	425	765	  1	
224	439	765	  1	
224	515	765	  1	
225	276	765	  1	
226	296	765	  1	
226	422	765	  1	
226	447	765	  1	
227	432	765	  1	
228	  8	765	  1	
228	264	765	  1	
228	448	765	  1	
228	455	765	  1	
229	102	765	  1	
229	112	765	  1	
229	184	765	  1	
229	240	765	  1	
229	245	765	  1	
229	390	765	  1	
230	283	765	  1	
230	416	765	  1	
231	311	765	  1	
231	347	765	  1	
231	439	765	  1	
231	442	765	  1	
232	 50	765	  1	
232	 56	765	  1	
232	 72	765	  1	
232	104	765	  1	
232	192	765	  1	
232	198	765	  1	
232	208	765	  1	
232	215	765	  1	
232	279	765	  1	
232	297	765	  1	
232	376	765	  1	
232	432	765	  1	
232	584	765	  1	
234	 87	765	  1	
234	480	765	  1	
235	 79	765	  1	
235	136	765	  1	
235	237	765	  1	
237	162	765	  1	
237	195	765	  1	
237	310	765	  1	
237	359	765	  1	
238	 11	765	  1	
239	 59	765	  1	
239	 72	765	  1	
239	211	765	  1	
239	296	765	  1	
239	426	765	  1	
240	  3	765	  1	
240	 35	765	  1	
240	 47	765	  1	
240	128	765	  1	
240	139	765	  1	
240	187	765	  1	
240	200	765	  1	
240	224	765	  1	
240	246	765	  1	
240	263	765	  1	
240	285	765	  1	
240	347	765	  1	
240	365	765	  1	
240	384	765	  1	
240	399	765	  1	
240	416	765	  1	
240	445	765	  1	
240	464	765	  1	
240	475	765	  1	
243	 40	765	  1	
243	 71	765	  1	
243	 96	765	  1	
243	272	765	  1	
243	279	765	  1	
245	 63	765	  1	
245	158	765	  1	
245	166	765	  1	
245	416	765	  1	
245	431	765	  1	
245	440	765	  1	
246	  0	765	  1	
246	319	765	  1	
247	  5	765	  1	
247	 47	765	  1	
247	235	765	  1	
247	246	765	  1	
247	275	765	  1	
247	365	765	  1	
248	 24	765	  1	
248	 80	765	  1	
248	 89	765	  1	
248	114	765	  1	
248	125	765	  1	
248	148	765	  1	
248	152	765	  1	
248	168	765	  1	
248	192	765	  1	
248	330	765	  1	
248	376	765	  1	
248	384	765	  1	
249	136	765	  1	
249	143	765	  1	
249	267	765	  1	
250	112	765	  1	
250	165	765	  1	
250	471	765	  1	
251	 72	765	  1	
251	230	765	  1	
251	382	765	  1	
251	423	765	  1	
251	456	765	  1	
252	120	765	  1	
253	  0	765	  1	
253	 39	765	  1	
253	151	765	  1	
254	115	765	  1	
254	160	765	  1	
254	224	765	  1	
254	528	765	  1	
255	126	765	  1	
255	138	765	  1	
255	387	765	  1	
256	 19	765	  1	
256	100	765	  1	
256	131	765	  1	
256	197	765	  1	
256	208	765	  1	
256	214	765	  1	
256	239	765	  1	
256	280	765	  1	
256	306	765	  1	
256	344	765	  1	
256	398	765	  1	
256	434	765	  1	
256	439	765	  1	
256	490	765	  1	
256	499	765	  1	
256	504	765	  1	
258	 31	765	  1	
258	116	765	  1	
258	192	765	  1	
258	287	765	  1	
258	291	765	  1	
259	 48	765	  1	
259	174	765	  1	
259	464	765	  1	
261	136	765	  1	
261	141	765	  1	
261	151	765	  1	
261	220	765	  1	
261	231	765	  1	
261	234	765	  1	
262	 16	765	  1	
262	124	765	  1	
262	198	765	  1	
262	275	765	  1	
262	453	765	  1	
262	504	765	  1	
263	 36	765	  1	
263	373	765	  1	
264	  8	765	  1	
264	 52	765	  1	
264	 88	765	  1	
264	104	765	  1	
264	128	765	  1	
264	165	765	  1	
264	208	765	  1	
264	215	765	  1	
264	224	765	  1	
264	228	765	  1	
264	242	765	  1	
264	295	765	  1	
264	315	765	  1	
264	360	765	  1	
264	366	765	  1	
264	384	765	  1	
264	404	765	  1	
264	415	765	  1	
264	427	765	  1	
264	462	765	  1	
264	482	765	  1	
264	515	765	  1	
264	528	765	  1	
266	136	765	  1	
266	418	765	  1	
266	488	765	  1	
267	176	765	  1	
267	240	765	  1	
267	247	765	  1	
267	314	765	  1	
267	391	765	  1	
267	408	765	  1	
267	423	765	  1	
267	448	765	  1	
267	455	765	  1	
268	285	765	  1	
268	378	765	  1	
268	471	765	  1	
268	487	765	  1	
269	 64	765	  1	
269	147	765	  1	
269	160	765	  1	
269	290	765	  1	
269	363	765	  1	
270	118	765	  1	
270	219	765	  1	
270	402	765	  1	
270	431	765	  1	
270	460	765	  1	
271	  8	765	  1	
271	304	765	  1	
271	384	765	  1	
271	415	765	  1	
271	501	765	  1	
271	551	765	  1	
272	 16	765	  1	
272	 42	765	  1	
272	110	765	  1	
272	128	765	  1	
272	176	765	  1	
272	182	765	  1	
272	191	765	  1	
272	283	765	  1	
272	330	765	  1	
273	384	765	  1	
274	109	765	  1	
274	218	765	  1	
275	223	765	  1	
275	496	765	  1	
276	104	765	  1	
277	131	765	  1	
277	335	765	  1	
277	352	765	  1	
277	359	765	  1	
277	455	765	  1	
278	 67	765	  1	
278	237	765	  1	
279	 55	765	  1	
279	176	765	  1	
279	547	765	  1	
279	552	765	  1	
280	 24	765	  1	
280	 64	765	  1	
280	120	765	  1	
280	150	765	  1	
280	155	765	  1	
280	171	765	  1	
280	274	765	  1	
280	278	765	  1	
280	288	765	  1	
280	295	765	  1	
280	323	765	  1	
280	344	765	  1	
280	352	765	  1	
280	367	765	  1	
280	376	765	  1	
280	383	765	  1	
280	400	765	  1	
280	493	765	  1	
280	568	765	  1	
281	 45	765	  1	
282	411	765	  1	
283	351	765	  1	
285	112	765	  1	
285	256	765	  1	
285	422	765	  1	
285	446	765	  1	
286	160	765	  1	
286	352	765	  1	
286	500	765	  1	
287	 24	765	  1	
287	103	765	  1	
287	147	765	  1	
287	164	765	  1	
287	344	765	  1	
287	568	765	  1	
288	  0	765	  1	
288	 83	765	  1	
288	192	765	  1	
288	199	765	  1	
288	237	765	  1	
288	399	765	  1	
288	415	765	  1	
288	424	765	  1	
288	444	765	  1	
288	448	765	  1	
288	504	765	  1	
289	104	765	  1	
289	248	765	  1	
289	334	765	  1	
290	 64	765	  1	
290	453	765	  1	
291	431	765	  1	
292	158	765	  1	
292	415	765	  1	
293	  0	765	  1	
293	116	765	  1	
293	331	765	  1	
294	 70	765	  1	
294	120	765	  1	
294	195	765	  1	
294	320	765	  1	
294	399	765	  1	
294	448	765	  1	
295	104	765	  1	
295	152	765	  1	
295	408	765	  1	
295	424	765	  1	
296	  8	765	  1	
296	189	765	  1	
296	232	765	  1	
296	251	765	  1	
296	300	765	  1	
296	304	765	  1	
296	324	765	  1	
296	339	765	  1	
296	355	765	  1	
296	376	765	  1	
300	327	765	  1	
301	 82	765	  1	
301	200	765	  1	
301	287	765	  1	
301	315	765	  1	
303	336	765	  1	
303	343	765	  1	
303	503	765	  1	
304	 13	765	  1	
304	 56	765	  1	
304	 60	765	  1	
304	 69	765	  1	
304	168	765	  1	
304	175	765	  1	
304	181	765	  1	
304	193	765	  1	
304	199	765	  1	
304	247	765	  1	
304	284	765	  1	
304	288	765	  1	
304	334	765	  1	
304	344	765	  1	
304	351	765	  1	
304	441	765	  1	
304	461	765	  1	
305	 64	765	  1	
305	371	765	  1	
305	503	765	  1	
305	528	765	  1	
307	160	765	  1	
307	447	765	  1	
307	543	765	  1	
308	 70	765	  1	
308	306	765	  1	
309	176	765	  1	
309	312	765	  1	
310	 76	765	  1	
310	318	765	  1	
310	335	765	  1	
311	 27	765	  1	
311	171	765	  1	
311	181	765	  1	
312	  6	765	  1	
312	 40	765	  1	
312	112	765	  1	
312	118	765	  1	
312	137	765	  1	
312	147	765	  1	
312	152	765	  1	
312	158	765	  1	
312	165	765	  1	
312	186	765	  1	
312	236	765	  1	
312	254	765	  1	
312	316	765	  1	
312	379	765	  1	
312	390	765	  1	
312	477	765	  1	
312	488	765	  1	
312	512	765	  1	
313	352	765	  1	
313	376	765	  1	
314	  0	765	  1	
314	115	765	  1	
314	179	765	  1	
315	104	765	  1	
315	359	765	  1	
315	386	765	  1	
315	472	765	  1	
315	547	765	  1	
316	452	765	  1	
317	155	765	  1	
317	160	765	  1	
317	568	765	  1	
318	  6	765	  1	
318	112	765	  1	
318	119	765	  1	
318	244	765	  1	
318	317	765	  1	
318	424	765	  1	
318	512	765	  1	
319	216	765	  1	
319	312	765	  1	
319	376	765	  1	
319	435	765	  1	
319	447	765	  1	
319	552	765	  1	
320	 16	765	  1	
320	 63	765	  1	
320	 72	765	  1	
320	 78	765	  1	
320	 96	765	  1	
320	176	765	  1	
320	187	765	  1	
320	320	765	  1	
320	331	765	  1	
320	339	765	  1	
320	368	765	  1	
320	383	765	  1	
320	392	765	  1	
320	538	765	  1	
322	102	765	  1	
323	  8	765	  1	
323	142	765	  1	
323	264	765	  1	
323	378	765	  1	
323	439	765	  1	
325	 72	765	  1	
325	 79	765	  1	
325	 88	765	  1	
325	112	765	  1	
325	296	765	  1	
325	335	765	  1	
326	  3	765	  1	
326	115	765	  1	
326	239	765	  1	
326	270	765	  1	
326	435	765	  1	
327	 51	765	  1	
327	343	765	  1	
327	567	765	  1	
328	  0	765	  1	
328	  7	765	  1	
328	 14	765	  1	
328	 30	765	  1	
328	 40	765	  1	
328	 59	765	  1	
328	107	765	  1	
328	120	765	  1	
328	160	765	  1	
328	191	765	  1	
328	206	765	  1	
328	283	765	  1	
328	311	765	  1	
328	320	765	  1	
328	338	765	  1	
328	355	765	  1	
328	360	765	  1	
328	371	765	  1	
328	378	765	  1	
328	390	765	  1	
328	392	765	  1	
328	398	765	  1	
328	405	765	  1	
328	418	765	  1	
328	423	765	  1	
328	584	765	  1	
329	 88	765	  1	
329	186	765	  1	
331	 14	765	  1	
331	 63	765	  1	
331	 70	765	  1	
331	192	765	  1	
331	366	765	  1	
331	487	765	  1	
332	389	765	  1	
332	479	765	  1	
333	200	765	  1	
333	395	765	  1	
333	406	765	  1	
334	  0	765	  1	
334	 58	765	  1	
334	163	765	  1	
334	176	765	  1	
334	191	765	  1	
334	405	765	  1	
335	 15	765	  1	
335	 29	765	  1	
335	400	765	  1	
335	440	765	  1	
335	459	765	  1	
335	480	765	  1	
335	519	765	  1	
336	 18	765	  1	
336	 48	765	  1	
336	 96	765	  1	
336	150	765	  1	
336	216	765	  1	
336	237	765	  1	
336	311	765	  1	
336	320	765	  1	
336	357	765	  1	
336	366	765	  1	
336	443	765	  1	
338	144	765	  1	
338	232	765	  1	
338	379	765	  1	
338	477	765	  1	
339	184	765	  1	
339	322	765	  1	
339	352	765	  1	
340	248	765	  1	
341	 55	765	  1	
341	 80	765	  1	
341	239	765	  1	
341	363	765	  1	
341	384	765	  1	
342	190	765	  1	
342	328	765	  1	
343	  0	765	  1	
343	  8	765	  1	
343	 12	765	  1	
343	 96	765	  1	
343	144	765	  1	
343	216	765	  1	
343	224	765	  1	
343	335	765	  1	
343	410	765	  1	
343	443	765	  1	
343	477	765	  1	
344	  3	765	  1	
344	 24	765	  1	
344	 34	765	  1	
344	 39	765	  1	
344	 48	765	  1	
344	 60	765	  1	
344	131	765	  1	
344	134	765	  1	
344	168	765	  1	
344	201	765	  1	
344	206	765	  1	
344	288	765	  1	
344	325	765	  1	
344	368	765	  1	
345	 31	765	  1	
345	123	765	  1	
345	147	765	  1	
345	166	765	  1	
346	 50	765	  1	
346	 91	765	  1	
346	351	765	  1	
346	390	765	  1	
346	446	765	  1	
347	  7	765	  1	
347	108	765	  1	
347	118	765	  1	
347	176	765	  1	
347	274	765	  1	
349	300	765	  1	
349	406	765	  1	
349	439	765	  1	
350	 59	765	  1	
350	216	765	  1	
350	264	765	  1	
350	288	765	  1	
350	344	765	  1	
350	384	765	  1	
350	498	765	  1	
351	 24	765	  1	
351	 34	765	  1	
351	 39	765	  1	
351	 48	765	  1	
351	 55	765	  1	
351	104	765	  1	
351	120	765	  1	
351	335	765	  1	
352	 37	765	  1	
352	132	765	  1	
352	139	765	  1	
352	152	765	  1	
352	192	765	  1	
352	199	765	  1	
352	256	765	  1	
352	280	765	  1	
352	286	765	  1	
352	304	765	  1	
352	339	765	  1	
352	362	765	  1	
352	389	765	  1	
352	411	765	  1	
352	426	765	  1	
354	 75	765	  1	
354	352	765	  1	
354	384	765	  1	
355	 80	765	  1	
355	325	765	  1	
355	464	765	  1	
356	259	765	  1	
356	428	765	  1	
356	456	765	  1	
357	312	765	  1	
357	375	765	  1	
357	427	765	  1	
358	331	765	  1	
358	390	765	  1	
359	195	765	  1	
359	275	765	  1	
359	316	765	  1	
359	455	765	  1	
359	592	765	  1	
360	  8	765	  1	
360	 16	765	  1	
360	 80	765	  1	
360	 88	765	  1	
360	114	765	  1	
360	144	765	  1	
360	150	765	  1	
360	167	765	  1	
360	184	765	  1	
360	257	765	  1	
360	270	765	  1	
360	330	765	  1	
360	365	765	  1	
360	453	765	  1	
360	467	765	  1	
360	511	765	  1	
362	231	765	  1	
363	 22	765	  1	
363	277	765	  1	
363	471	765	  1	
364	504	765	  1	
365	 94	765	  1	
365	147	765	  1	
365	416	765	  1	
366	360	765	  1	
366	400	765	  1	
366	407	765	  1	
366	439	765	  1	
367	 86	765	  1	
367	224	765	  1	
367	456	765	  1	
367	467	765	  1	
367	491	765	  1	
368	 47	765	  1	
368	 58	765	  1	
368	 69	765	  1	
368	127	765	  1	
368	136	765	  1	
368	152	765	  1	
368	216	765	  1	
368	221	765	  1	
368	230	765	  1	
368	242	765	  1	
368	255	765	  1	
368	386	765	  1	
368	392	765	  1	
369	 40	765	  1	
370	479	765	  1	
371	 25	765	  1	
371	102	765	  1	
371	155	765	  1	
371	399	765	  1	
371	528	765	  1	
373	 56	765	  1	
373	 80	765	  1	
373	259	765	  1	
373	348	765	  1	
374	 64	765	  1	
374	 96	765	  1	
374	152	765	  1	
374	175	765	  1	
374	427	765	  1	
374	447	765	  1	
375	 47	765	  1	
375	159	765	  1	
375	183	765	  1	
375	232	765	  1	
375	247	765	  1	
375	296	765	  1	
375	339	765	  1	
375	392	765	  1	
375	464	765	  1	
375	471	765	  1	
376	  8	765	  1	
376	 43	765	  1	
376	 69	765	  1	
376	 72	765	  1	
376	110	765	  1	
376	115	765	  1	
376	143	765	  1	
376	216	765	  1	
376	223	765	  1	
376	323	765	  1	
376	402	765	  1	
376	416	765	  1	
376	436	765	  1	
377	 88	765	  1	
377	106	765	  1	
378	 96	765	  1	
379	 58	765	  1	
379	200	765	  1	
379	336	765	  1	
379	368	765	  1	
379	423	765	  1	
382	395	765	  1	
383	 40	765	  1	
383	 47	765	  1	
383	320	765	  1	
383	416	765	  1	
383	544	765	  1	
384	  0	765	  1	
384	 10	765	  1	
384	 63	765	  1	
384	192	765	  1	
384	204	765	  1	
384	208	765	  1	
384	291	765	  1	
384	330	765	  1	
384	350	765	  1	
384	432	765	  1	
384	491	765	  1	
384	500	765	  1	
385	 72	765	  1	
386	  7	765	  1	
386	 14	765	  1	
386	118	765	  1	
386	182	765	  1	
386	346	765	  1	
387	  8	765	  1	
387	 23	765	  1	
387	 48	765	  1	
388	192	765	  1	
388	328	765	  1	
388	332	765	  1	
388	350	765	  1	
388	434	765	  1	
390	208	765	  1	
390	288	765	  1	
390	295	765	  1	
391	167	765	  1	
391	176	765	  1	
391	338	765	  1	
392	 14	765	  1	
392	 29	765	  1	
392	 48	765	  1	
392	 82	765	  1	
392	 87	765	  1	
392	120	765	  1	
392	136	765	  1	
392	140	765	  1	
392	168	765	  1	
392	213	765	  1	
392	272	765	  1	
392	279	765	  1	
392	291	765	  1	
393	 32	765	  1	
393	 91	765	  1	
394	416	765	  1	
395	184	765	  1	
395	197	765	  1	
395	208	765	  1	
395	501	765	  1	
396	344	765	  1	
396	496	765	  1	
396	507	765	  1	
398	 27	765	  1	
398	351	765	  1	
399	  4	765	  1	
399	234	765	  1	
399	275	765	  1	
399	288	765	  1	
399	295	765	  1	
399	383	765	  1	
399	423	765	  1	
400	 30	765	  1	
400	 77	765	  1	
400	123	765	  1	
400	142	765	  1	
400	149	765	  1	
400	212	765	  1	
400	280	765	  1	
400	376	765	  1	
400	479	765	  1	
402	 25	765	  1	
402	255	765	  1	
403	138	765	  1	
403	199	765	  1	
403	267	765	  1	
404	 31	765	  1	
404	399	765	  1	
405	155	765	  1	
405	288	765	  1	
406	 13	765	  1	
406	144	765	  1	
407	 32	765	  1	
408	  6	765	  1	
408	 45	765	  1	
408	160	765	  1	
408	170	765	  1	
408	181	765	  1	
408	208	765	  1	
408	232	765	  1	
408	272	765	  1	
408	291	765	  1	
408	320	765	  1	
408	327	765	  1	
408	344	765	  1	
408	360	765	  1	
409	215	765	  1	
410	167	765	  1	
411	 88	765	  1	
411	118	765	  1	
411	279	765	  1	
412	423	765	  1	
413	110	765	  1	
413	160	765	  1	
415	232	765	  1	
415	272	765	  1	
415	323	765	  1	
415	344	765	  1	
415	362	765	  1	
415	391	765	  1	
415	507	765	  1	
415	543	765	  1	
415	546	765	  1	
416	 11	765	  1	
416	 16	765	  1	
416	 23	765	  1	
416	 48	765	  1	
416	 51	765	  1	
416	 56	765	  1	
416	 61	765	  1	
416	 67	765	  1	
416	 88	765	  1	
416	 94	765	  1	
416	 99	765	  1	
416	144	765	  1	
416	153	765	  1	
416	181	765	  1	
416	193	765	  1	
416	207	765	  1	
416	279	765	  1	
416	330	765	  1	
416	383	765	  1	
416	419	765	  1	
416	452	765	  1	
416	472	765	  1	
416	486	765	  1	
418	  0	765	  1	
418	107	765	  1	
418	121	765	  1	
419	159	765	  1	
419	251	765	  1	
419	264	765	  1	
419	269	765	  1	
419	291	765	  1	
419	376	765	  1	
420	335	765	  1	
421	 91	765	  1	
421	112	765	  1	
422	 99	765	  1	
422	328	765	  1	
422	434	765	  1	
423	 19	765	  1	
423	196	765	  1	
423	275	765	  1	
423	383	765	  1	
424	 15	765	  1	
424	 24	765	  1	
424	 72	765	  1	
424	 76	765	  1	
424	 82	765	  1	
424	136	765	  1	
424	147	765	  1	
424	181	765	  1	
424	240	765	  1	
425	304	765	  1	
426	  6	765	  1	
426	 59	765	  1	
426	311	765	  1	
427	 10	765	  1	
427	 23	765	  1	
427	 48	765	  1	
427	126	765	  1	
427	247	765	  1	
427	366	765	  1	
428	174	765	  1	
429	 29	765	  1	
429	295	765	  1	
429	304	765	  1	
429	376	765	  1	
430	  0	765	  1	
430	184	765	  1	
431	168	765	  1	
431	202	765	  1	
431	240	765	  1	
431	264	765	  1	
431	503	765	  1	
432	 67	765	  1	
432	144	765	  1	
432	151	765	  1	
432	155	765	  1	
432	224	765	  1	
432	232	765	  1	
432	238	765	  1	
432	311	765	  1	
432	400	765	  1	
433	 22	765	  1	
434	 48	765	  1	
434	128	765	  1	
434	317	765	  1	
435	 72	765	  1	
435	375	765	  1	
436	 15	765	  1	
436	220	765	  1	
437	 13	765	  1	
437	 16	765	  1	
437	 59	765	  1	
437	235	765	  1	
437	283	765	  1	
438	  8	765	  1	
438	 88	765	  1	
438	 93	765	  1	
438	143	765	  1	
438	213	765	  1	
438	231	765	  1	
438	264	765	  1	
439	 19	765	  1	
439	175	765	  1	
439	186	765	  1	
439	272	765	  1	
439	444	765	  1	
440	 16	765	  1	
440	 35	765	  1	
440	 45	765	  1	
440	 52	765	  1	
440	 78	765	  1	
440	149	765	  1	
440	156	765	  1	
440	201	765	  1	
440	294	765	  1	
440	378	765	  1	
440	464	765	  1	
442	108	765	  1	
442	462	765	  1	
443	 88	765	  1	
443	186	765	  1	
443	464	765	  1	
444	137	765	  1	
444	143	765	  1	
444	176	765	  1	
444	224	765	  1	
445	 19	765	  1	
445	 96	765	  1	
445	144	765	  1	
445	274	765	  1	
446	 76	765	  1	
447	 15	765	  1	
447	175	765	  1	
447	201	765	  1	
447	386	765	  1	
448	 29	765	  1	
448	112	765	  1	
448	176	765	  1	
448	190	765	  1	
448	197	765	  1	
448	208	765	  1	
448	238	765	  1	
448	249	765	  1	
448	272	765	  1	
448	282	765	  1	
448	383	765	  1	
448	408	765	  1	
449	127	765	  1	
449	160	765	  1	
450	 24	765	  1	
450	 66	765	  1	
450	152	765	  1	
451	 96	765	  1	
451	143	765	  1	
451	235	765	  1	
452	120	765	  1	
453	 56	765	  1	
453	 78	765	  1	
453	138	765	  1	
453	214	765	  1	
454	 30	765	  1	
454	104	765	  1	
454	194	765	  1	
454	291	765	  1	
455	 71	765	  1	
455	272	765	  1	
455	416	765	  1	
456	 32	765	  1	
456	 80	765	  1	
456	 84	765	  1	
456	110	765	  1	
456	171	765	  1	
456	198	765	  1	
456	264	765	  1	
456	306	765	  1	
456	455	765	  1	
457	 88	765	  1	
457	132	765	  1	
458	149	765	  1	
458	242	765	  1	
458	288	765	  1	
458	295	765	  1	
459	  7	765	  1	
459	 17	765	  1	
459	111	765	  1	
459	166	765	  1	
459	184	765	  1	
459	232	765	  1	
459	448	765	  1	
461	120	765	  1	
462	 99	765	  1	
462	127	765	  1	
462	311	765	  1	
462	336	765	  1	
462	343	765	  1	
463	168	765	  1	
463	175	765	  1	
463	455	765	  1	
464	 16	765	  1	
464	 40	765	  1	
464	 55	765	  1	
464	 66	765	  1	
464	 80	765	  1	
464	 95	765	  1	
464	109	765	  1	
464	141	765	  1	
464	156	765	  1	
464	166	765	  1	
464	226	765	  1	
464	248	765	  1	
464	285	765	  1	
464	368	765	  1	
464	551	765	  1	
467	 47	765	  1	
467	 71	765	  1	
467	146	765	  1	
467	312	765	  1	
468	136	765	  1	
468	211	765	  1	
469	 39	765	  1	
469	194	765	  1	
469	224	765	  1	
469	231	765	  1	
469	264	765	  1	
469	488	765	  1	
470	323	765	  1	
471	 55	765	  1	
471	280	765	  1	
471	375	765	  1	
472	  8	765	  1	
472	189	765	  1	
472	232	765	  1	
472	261	765	  1	
472	288	765	  1	
472	296	765	  1	
472	302	765	  1	
472	352	765	  1	
472	372	765	  1	
472	387	765	  1	
474	 14	765	  1	
474	342	765	  1	
475	159	765	  1	
475	360	765	  1	
477	 56	765	  1	
477	238	765	  1	
478	  8	765	  1	
478	376	765	  1	
478	383	765	  1	
479	167	765	  1	
479	336	765	  1	
480	 32	765	  1	
480	 55	765	  1	
480	 67	765	  1	
480	 72	765	  1	
480	144	765	  1	
480	176	765	  1	
480	185	765	  1	
480	242	765	  1	
480	253	765	  1	
480	266	765	  1	
480	271	765	  1	
480	296	765	  1	
480	302	765	  1	
480	416	765	  1	
482	 11	765	  1	
482	191	765	  1	
483	 48	765	  1	
484	 64	765	  1	
484	 71	765	  1	
485	 16	765	  1	
485	247	765	  1	
486	186	765	  1	
487	125	765	  1	
487	192	765	  1	
487	424	765	  1	
488	 15	765	  1	
488	 40	765	  1	
488	 47	765	  1	
488	 66	765	  1	
488	144	765	  1	
488	176	765	  1	
488	183	765	  1	
488	208	765	  1	
488	221	765	  1	
488	248	765	  1	
488	258	765	  1	
488	276	765	  1	
488	294	765	  1	
488	313	765	  1	
488	466	765	  1	
489	 79	765	  1	
489	119	765	  1	
490	104	765	  1	
491	  8	765	  1	
491	 16	765	  1	
491	 73	765	  1	
491	151	765	  1	
491	264	765	  1	
491	288	765	  1	
491	368	765	  1	
492	208	765	  1	
493	 95	765	  1	
493	112	765	  1	
493	292	765	  1	
494	 21	765	  1	
494	249	765	  1	
494	260	765	  1	
494	280	765	  1	
495	 64	765	  1	
495	143	765	  1	
495	192	765	  1	
495	199	765	  1	
496	 42	765	  1	
496	 56	765	  1	
496	 78	765	  1	
496	111	765	  1	
496	219	765	  1	
496	261	765	  1	
496	266	765	  1	
496	275	765	  1	
496	303	765	  1	
498	 16	765	  1	
498	136	765	  1	
498	146	765	  1	
498	298	765	  1	
499	 64	765	  1	
499	191	765	  1	
499	351	765	  1	
500	167	765	  1	
501	206	765	  1	
501	222	765	  1	
501	272	765	  1	
502	 22	765	  1	
502	105	765	  1	
502	303	765	  1	
502	328	765	  1	
503	288	765	  1	
503	295	765	  1	
503	320	765	  1	
504	  8	765	  1	
504	 43	765	  1	
504	 64	765	  1	
504	 82	765	  1	
504	110	765	  1	
504	159	765	  1	
504	168	765	  1	
504	178	765	  1	
504	195	765	  1	
504	240	765	  1	
504	246	765	  1	
504	275	765	  1	
504	312	765	  1	
505	320	765	  1	
506	154	765	  1	
506	208	765	  1	
507	  7	765	  1	
508	158	765	  1	
508	240	765	  1	
509	 80	765	  1	
509	 87	765	  1	
510	 43	765	  1	
510	 56	765	  1	
510	168	765	  1	
510	214	765	  1	
510	308	765	  1	
511	112	765	  1	
511	154	765	  1	
511	195	765	  1	
512	  4	765	  1	
512	 19	765	  1	
512	 54	765	  1	
512	 66	765	  1	
512	 72	765	  1	
512	 79	765	  1	
512	131	765	  1	
512	151	765	  1	
512	167	765	  1	
512	237	765	  1	
512	304	765	  1	
512	352	765	  1	
512	359	765	  1	
514	160	765	  1	
514	232	765	  1	
515	 16	765	  1	
515	 23	765	  1	
515	119	765	  1	
515	144	765	  1	
515	248	765	  1	
515	255	765	  1	
517	106	765	  1	
517	135	765	  1	
518	150	765	  1	
518	238	765	  1	
519	 19	765	  1	
519	167	765	  1	
519	211	765	  1	
519	355	765	  1	
519	399	765	  1	
520	  8	765	  1	
520	 15	765	  1	
520	 40	765	  1	
520	 53	765	  1	
520	 60	765	  1	
520	 71	765	  1	
520	 77	765	  1	
520	 83	765	  1	
520	 96	765	  1	
520	111	765	  1	
520	120	765	  1	
520	160	765	  1	
520	182	765	  1	
520	296	765	  1	
520	300	765	  1	
520	330	765	  1	
520	352	765	  1	
520	359	765	  1	
520	424	765	  1	
522	 48	765	  1	
522	353	765	  1	
523	 47	765	  1	
523	252	765	  1	
523	360	765	  1	
524	240	765	  1	
525	106	765	  1	
526	247	765	  1	
526	389	765	  1	
527	 40	765	  1	
527	 62	765	  1	
527	223	765	  1	
527	383	765	  1	
528	  0	765	  1	
528	 48	765	  1	
528	 80	765	  1	
528	 91	765	  1	
528	115	765	  1	
528	159	765	  1	
528	176	765	  1	
528	183	765	  1	
528	201	765	  1	
528	207	765	  1	
528	278	765	  1	
528	342	765	  1	
528	376	765	  1	
528	424	765	  1	
530	192	765	  1	
530	255	765	  1	
530	285	765	  1	
530	344	765	  1	
531	152	765	  1	
531	280	765	  1	
531	311	765	  1	
532	112	765	  1	
533	203	765	  1	
533	208	765	  1	
533	383	765	  1	
535	 51	765	  1	
535	 80	765	  1	
535	 94	765	  1	
535	159	765	  1	
535	179	765	  1	
535	278	765	  1	
535	376	765	  1	
536	 77	765	  1	
536	115	765	  1	
536	136	765	  1	
536	146	765	  1	
536	152	765	  1	
536	188	765	  1	
536	212	765	  1	
536	370	765	  1	
539	  2	765	  1	
539	  7	765	  1	
539	 59	765	  1	
539	159	765	  1	
539	400	765	  1	
541	 72	765	  1	
541	118	765	  1	
541	142	765	  1	
541	151	765	  1	
541	336	765	  1	
543	 81	765	  1	
543	343	765	  1	
543	348	765	  1	
544	 10	765	  1	
544	 15	765	  1	
544	 80	765	  1	
544	111	765	  1	
544	125	765	  1	
544	128	765	  1	
544	224	765	  1	
544	248	765	  1	
544	263	765	  1	
544	352	765	  1	
544	406	765	  1	
546	252	765	  1	
547	319	765	  1	
548	108	765	  1	
548	259	765	  1	
549	 16	765	  1	
549	 85	765	  1	
549	134	765	  1	
549	184	765	  1	
550	378	765	  1	
551	 72	765	  1	
552	 79	765	  1	
552	 94	765	  1	
552	155	765	  1	
552	220	765	  1	
552	279	765	  1	
552	311	765	  1	
552	319	765	  1	
552	343	765	  1	
553	103	765	  1	
554	263	765	  1	
555	143	765	  1	
555	231	765	  1	
555	272	765	  1	
555	400	765	  1	
555	423	765	  1	
557	  0	765	  1	
558	187	765	  1	
558	343	765	  1	
559	 75	765	  1	
559	224	765	  1	
559	255	765	  1	
559	261	765	  1	
559	279	765	  1	
559	336	765	  1	
560	  3	765	  1	
560	 90	765	  1	
560	143	765	  1	
560	148	765	  1	
560	160	765	  1	
560	167	765	  1	
560	218	765	  1	
560	223	765	  1	
560	266	765	  1	
560	394	765	  1	
563	 96	765	  1	
563	136	765	  1	
563	190	765	  1	
563	336	765	  1	
563	488	765	  1	
564	 24	765	  1	
564	 93	765	  1	
564	278	765	  1	
564	296	765	  1	
565	264	765	  1	
565	274	765	  1	
566	218	765	  1	
566	271	765	  1	
566	303	765	  1	
567	  0	765	  1	
567	  7	765	  1	
567	 64	765	  1	
567	 71	765	  1	
567	103	765	  1	
567	120	765	  1	
567	163	765	  1	
567	223	765	  1	
567	343	765	  1	
568	  8	765	  1	
568	 15	765	  1	
568	 27	765	  1	
568	 35	765	  1	
568	 63	765	  1	
568	168	765	  1	
568	172	765	  1	
568	207	765	  1	
568	247	765	  1	
568	257	765	  1	
568	272	765	  1	
568	291	765	  1	
568	327	765	  1	
568	403	765	  1	
568	466	765	  1	
570	202	765	  1	
571	  8	765	  1	
571	320	765	  1	
571	374	765	  1	
573	182	765	  1	
574	169	765	  1	
574	276	765	  1	
575	 24	765	  1	
575	 31	765	  1	
575	 39	765	  1	
575	 63	765	  1	
575	175	765	  1	
575	207	765	  1	
575	288	765	  1	
575	295	765	  1	
576	 40	765	  1	
576	 69	765	  1	
576	111	765	  1	
576	152	765	  1	
576	160	765	  1	
576	239	765	  1	
576	260	765	  1	
576	279	765	  1	
576	282	765	  1	
576	412	765	  1	
576	464	765	  1	
578	247	765	  1	
578	256	765	  1	
578	288	765	  1	
579	166	765	  1	
579	208	765	  1	
581	106	765	  1	
581	270	765	  1	
581	408	765	  1	
582	261	765	  1	
583	282	765	  1	
584	 24	765	  1	
584	 70	765	  1	
584	111	765	  1	
584	174	765	  1	
584	350	765	  1	
584	483	765	  1	
585	 38	765	  1	
587	297	765	  1	
587	408	765	  1	
591	 71	765	  1	
591	260	765	  1	
591	279	765	  1	
591	288	765	  1	
591	340	765	  1	
591	400	765	  1	
591	536	765	  1	
592	 16	765	  1	
592	 90	765	  1	
592	120	765	  1	
592	136	765	  1	
592	184	765	  1	
592	206	765	  1	
592	271	765	  1	
592	280	765	  1	
594	107	765	  1	
595	  7	765	  1	
595	 31	765	  1	
595	127	765	  1	
596	 96	765	  1	
597	 99	765	  1	
597	216	765	  1	
598	 88	765	  1	
598	100	765	  1	
599	  0	765	  1	
599	120	765	  1	
599	347	765	  1	
599	352	765	  1	
599	359	765	  1	
600	 52	765	  1	
600	 91	765	  1	
600	151	765	  1	
600	168	765	  1	
600	240	765	  1	
600	244	765	  1	
601	287	765	  1	
602	440	765	  1	
603	231	765	  1	
605	 67	765	  1	
605	256	765	  1	
605	336	765	  1	
605	341	765	  1	
606	 75	765	  1	
606	245	765	  1	
606	384	765	  1	
607	240	765	  1	
608	  8	765	  1	
608	215	765	  1	
608	287	765	  1	
608	309	765	  1	
611	496	765	  1	
612	168	765	  1	
614	 74	765	  1	
614	269	765	  1	
615	  8	765	  1	
615	134	765	  1	
615	215	765	  1	
615	374	765	  1	
616	 53	765	  1	
616	 72	765	  1	
616	 80	765	  1	
616	 87	765	  1	
616	328	765	  1	
618	392	765	  1	
621	120	765	  1	
623	 83	765	  1	
623	104	765	  1	
623	339	765	  1	
624	 52	765	  1	
624	 78	765	  1	
624	296	765	  1	
627	179	765	  1	
629	 20	765	  1	
631	296	765	  1	
632	122	765	  1	
632	283	765	  1	
632	336	765	  1	
634	343	765	  1	
638	  7	765	  1	
638	135	765	  1	
639	344	765	  1	
640	114	765	  1	
640	230	765	  1	
640	294	765	  1	
640	322	765	  1	
640	375	765	  1	
640	568	765	  1	
644	224	765	  1	
645	104	765	  1	
645	126	765	  1	
646	371	765	  1	
647	135	765	  1	
647	223	765	  1	
647	463	765	  1	
648	288	765	  1	
649	599	765	  1	
654	 67	765	  1	
654	119	765	  1	
654	267	765	  1	
654	351	765	  1	
656	 87	765	  1	
656	224	765	  1	
659	 80	765	  1	
660	 12	765	  1	
663	 87	765	  1	
663	356	765	  1	
664	 72	765	  1	
664	111	765	  1	
664	120	765	  1	
664	127	765	  1	
664	191	765	  1	
667	304	765	  1	
671	213	765	  1	
671	346	765	  1	
672	136	765	  1	
673	141	765	  1	
679	279	765	  1	
680	136	765	  1	
680	336	765	  1	
687	 10	765	  1	
687	203	765	  1	
695	278	765	  1	
705	144	765	  1	
718	123	765	  1	
741	134	765	  1	
