# 
#  Image file: Goad1_T0139.jpg
#  Applied threshold: 575
#  Algorithm used: fill2                 
#  Particle count: 1918
#  Location (x,y), max luminance, and mass:
# 
  0	247	765	  1	
  3	415	765	  1	
  8	134	765	  1	
  8	352	765	  1	
 10	143	765	  1	
 11	311	765	  1	
 16	468	765	  1	
 23	399	765	  1	
 24	136	765	  1	
 31	227	765	  1	
 31	311	765	  1	
 32	247	765	  1	
 37	554	765	  1	
 39	151	765	  1	
 40	139	765	  1	
 40	256	765	  1	
 43	240	765	  1	
 43	456	765	  1	
 55	299	765	  1	
 56	320	765	  1	
 62	138	765	  1	
 63	287	765	  1	
 69	111	765	  1	
 70	 93	765	  1	
 72	304	765	  1	
 72	308	765	  1	
 72	504	765	  1	
 76	561	765	  1	
 82	136	765	  1	
 84	231	765	  1	
 88	159	765	  1	
 89	197	765	  1	
 90	311	765	  1	
 94	155	765	  1	
 95	368	765	  1	
 96	  7	765	  1	
 96	439	765	  1	
 98	487	765	  1	
100	311	765	  1	
102	  5	765	  1	
104	 95	765	  1	
104	166	765	  1	
104	287	765	  1	
104	319	765	  1	
104	523	765	  1	
108	302	765	  1	
108	564	765	  1	
111	 95	765	  1	
111	300	765	  1	
111	488	765	  1	
112	152	765	  1	
112	295	765	  1	
115	103	765	  1	
115	162	765	  1	
115	431	765	  1	
116	386	765	  1	
117	 95	765	  1	
119	312	765	  1	
119	359	765	  1	
120	109	765	  1	
120	117	765	  1	
120	392	765	  1	
122	  0	765	  1	
122	104	765	  1	
123	 91	765	  1	
124	319	765	  1	
124	444	765	  1	
125	463	765	  1	
126	 88	765	  1	
126	 95	765	  1	
127	126	765	  1	
127	392	765	  1	
128	106	765	  1	
128	133	765	  1	
128	202	765	  1	
128	207	765	  1	
128	230	765	  1	
128	244	765	  1	
128	295	765	  1	
128	496	765	  1	
131	118	765	  1	
131	128	765	  1	
133	181	765	  1	
133	224	765	  1	
134	211	765	  1	
134	239	765	  1	
135	150	765	  1	
135	476	765	  1	
136	307	765	  1	
136	320	765	  1	
136	327	765	  1	
139	  7	765	  1	
139	128	765	  1	
139	168	765	  1	
139	203	765	  1	
141	120	765	  1	
141	125	765	  1	
141	296	765	  1	
142	115	765	  1	
143	134	765	  1	
143	159	765	  1	
143	208	765	  1	
143	323	765	  1	
143	336	765	  1	
143	340	765	  1	
144	  0	765	  1	
144	 71	765	  1	
144	119	765	  1	
144	174	765	  1	
144	230	765	  1	
144	259	765	  1	
144	414	765	  1	
147	112	765	  1	
147	183	765	  1	
147	336	765	  1	
147	343	765	  1	
150	104	765	  1	
150	175	765	  1	
150	306	765	  1	
151	 71	765	  1	
151	119	765	  1	
151	204	765	  1	
151	277	765	  1	
151	303	765	  1	
151	339	765	  1	
152	 10	765	  1	
152	128	765	  1	
152	146	765	  1	
152	216	765	  1	
152	223	765	  1	
152	343	765	  1	
154	136	765	  1	
154	239	765	  1	
154	312	765	  1	
154	379	765	  1	
154	403	765	  1	
155	208	765	  1	
156	 94	765	  1	
157	133	765	  1	
157	312	765	  1	
158	 88	765	  1	
158	336	765	  1	
159	 64	765	  1	
159	 71	765	  1	
159	140	765	  1	
160	240	765	  1	
160	247	765	  1	
160	277	765	  1	
160	285	765	  1	
160	351	765	  1	
161	317	765	  1	
162	575	765	  1	
163	167	765	  1	
164	101	765	  1	
164	272	765	  1	
164	279	765	  1	
165	324	765	  1	
167	 88	765	  1	
167	 95	765	  1	
167	 98	765	  1	
167	243	765	  1	
167	285	765	  1	
167	376	765	  1	
167	407	765	  1	
167	512	765	  1	
168	 76	765	  1	
168	 90	765	  1	
168	135	765	  1	
168	275	765	  1	
171	231	765	  1	
171	379	765	  1	
172	302	765	  1	
172	404	765	  1	
172	415	765	  1	
173	 58	765	  1	
173	 72	765	  1	
173	 91	765	  1	
173	351	765	  1	
176	 99	765	  1	
176	126	765	  1	
176	136	765	  1	
176	194	765	  1	
176	256	765	  1	
176	280	765	  1	
176	287	765	  1	
176	599	765	  1	
177	143	765	  1	
178	391	765	  1	
179	184	765	  1	
179	259	765	  1	
180	112	765	  1	
181	111	765	  1	
182	202	765	  1	
182	387	765	  1	
183	 96	765	  1	
183	103	765	  1	
183	228	765	  1	
183	283	765	  1	
183	399	765	  1	
183	599	765	  1	
184	 76	765	  1	
184	 85	765	  1	
184	 99	765	  1	
184	140	765	  1	
184	190	765	  1	
184	246	765	  1	
184	272	765	  1	
184	279	765	  1	
184	348	765	  1	
184	368	765	  1	
185	136	765	  1	
186	 87	765	  1	
186	184	765	  1	
187	 75	765	  1	
187	 88	765	  1	
187	287	765	  1	
187	464	765	  1	
189	189	765	  1	
189	256	765	  1	
190	263	765	  1	
191	240	765	  1	
191	357	765	  1	
191	456	765	  1	
191	550	765	  1	
192	104	765	  1	
192	162	765	  1	
192	178	765	  1	
192	184	765	  1	
192	256	765	  1	
192	301	765	  1	
192	327	765	  1	
192	372	765	  1	
193	234	765	  1	
194	103	765	  1	
194	160	765	  1	
194	167	765	  1	
194	263	765	  1	
194	295	765	  1	
195	142	765	  1	
195	189	765	  1	
195	264	765	  1	
195	320	765	  1	
196	 82	765	  1	
196	104	765	  1	
197	 39	765	  1	
197	 96	765	  1	
197	256	765	  1	
198	 94	765	  1	
198	151	765	  1	
198	163	765	  1	
198	271	765	  1	
199	 56	765	  1	
199	176	765	  1	
199	327	765	  1	
199	403	765	  1	
200	 37	765	  1	
200	 92	765	  1	
200	109	765	  1	
200	118	765	  1	
200	133	765	  1	
200	152	765	  1	
200	158	765	  1	
200	190	765	  1	
200	248	765	  1	
200	259	765	  1	
200	323	765	  1	
200	359	765	  1	
200	423	765	  1	
200	450	765	  1	
202	 82	765	  1	
202	232	765	  1	
202	254	765	  1	
203	240	765	  1	
203	264	765	  1	
203	352	765	  1	
204	127	765	  1	
205	 38	765	  1	
205	 88	765	  1	
205	104	765	  1	
205	128	765	  1	
205	319	765	  1	
205	377	765	  1	
206	160	765	  1	
206	298	765	  1	
206	391	765	  1	
207	  0	765	  1	
207	  7	765	  1	
207	 16	765	  1	
207	 32	765	  1	
207	 75	765	  1	
207	 80	765	  1	
207	115	765	  1	
207	146	765	  1	
207	267	765	  1	
207	359	765	  1	
207	450	765	  1	
207	536	765	  1	
207	543	765	  1	
208	 95	765	  1	
208	100	765	  1	
208	202	765	  1	
208	232	765	  1	
208	408	765	  1	
208	526	765	  1	
210	 87	765	  1	
210	136	765	  1	
210	259	765	  1	
211	112	765	  1	
211	133	765	  1	
211	247	765	  1	
211	253	765	  1	
211	421	765	  1	
211	551	765	  1	
212	 91	765	  1	
213	 64	765	  1	
213	120	765	  1	
213	127	765	  1	
213	383	765	  1	
214	532	765	  1	
215	 32	765	  1	
215	 82	765	  1	
215	122	765	  1	
215	235	765	  1	
215	240	765	  1	
215	286	765	  1	
215	408	765	  1	
215	416	765	  1	
215	487	765	  1	
216	 40	765	  1	
216	 72	765	  1	
216	 95	765	  1	
216	104	765	  1	
216	130	765	  1	
216	153	765	  1	
216	206	765	  1	
216	224	765	  1	
216	231	765	  1	
216	381	765	  1	
216	397	765	  1	
216	468	765	  1	
216	551	765	  1	
216	583	765	  1	
217	200	765	  1	
218	 45	765	  1	
218	 48	765	  1	
218	235	765	  1	
218	577	765	  1	
219	 80	765	  1	
219	191	765	  1	
219	248	765	  1	
219	377	765	  1	
220	139	765	  1	
220	357	765	  1	
221	  0	765	  1	
221	 79	765	  1	
221	259	765	  1	
222	108	765	  1	
222	114	765	  1	
222	204	765	  1	
223	227	765	  1	
223	381	765	  1	
223	464	765	  1	
223	478	765	  1	
223	528	765	  1	
223	551	765	  1	
224	  8	765	  1	
224	 32	765	  1	
224	 54	765	  1	
224	 80	765	  1	
224	 84	765	  1	
224	 99	765	  1	
224	122	765	  1	
224	158	765	  1	
224	161	765	  1	
224	166	765	  1	
224	170	765	  1	
224	250	765	  1	
224	256	765	  1	
224	296	765	  1	
224	330	765	  1	
224	370	765	  1	
224	384	765	  1	
224	455	765	  1	
225	132	765	  1	
225	232	765	  1	
225	367	765	  1	
226	 88	765	  1	
226	184	765	  1	
226	223	765	  1	
226	332	765	  1	
226	390	765	  1	
226	447	765	  1	
227	 43	765	  1	
227	 48	765	  1	
227	558	765	  1	
228	 36	765	  1	
228	165	765	  1	
229	118	765	  1	
229	171	765	  1	
229	329	765	  1	
230	152	765	  1	
230	190	765	  1	
230	384	765	  1	
230	552	765	  1	
231	136	765	  1	
231	256	765	  1	
231	296	765	  1	
231	332	765	  1	
231	448	765	  1	
231	544	765	  1	
232	 16	765	  1	
232	 23	765	  1	
232	176	765	  1	
232	224	765	  1	
232	251	765	  1	
232	260	765	  1	
232	272	765	  1	
232	279	765	  1	
232	451	765	  1	
233	464	765	  1	
233	468	765	  1	
234	 80	765	  1	
234	256	765	  1	
234	378	765	  1	
235	174	765	  1	
235	183	765	  1	
235	383	765	  1	
236	248	765	  1	
236	263	765	  1	
237	144	765	  1	
237	350	765	  1	
237	408	765	  1	
238	 72	765	  1	
238	413	765	  1	
239	 19	765	  1	
239	184	765	  1	
239	448	765	  1	
239	455	765	  1	
239	471	765	  1	
240	 62	765	  1	
240	112	765	  1	
240	199	765	  1	
240	203	765	  1	
240	248	765	  1	
240	269	765	  1	
240	285	765	  1	
240	304	765	  1	
240	309	765	  1	
240	402	765	  1	
240	407	765	  1	
240	552	765	  1	
241	 23	765	  1	
242	181	765	  1	
243	219	765	  1	
243	464	765	  1	
245	159	765	  1	
245	272	765	  1	
245	423	765	  1	
246	248	765	  1	
246	306	765	  1	
246	311	765	  1	
246	412	765	  1	
247	 71	765	  1	
247	112	765	  1	
247	192	765	  1	
247	254	765	  1	
247	468	765	  1	
248	  8	765	  1	
248	 39	765	  1	
248	 72	765	  1	
248	122	765	  1	
248	131	765	  1	
248	136	765	  1	
248	183	765	  1	
248	191	765	  1	
248	264	765	  1	
248	271	765	  1	
248	343	765	  1	
248	376	765	  1	
248	437	765	  1	
248	447	765	  1	
250	 32	765	  1	
250	432	765	  1	
252	187	765	  1	
253	 46	765	  1	
253	208	765	  1	
253	442	765	  1	
254	 10	765	  1	
254	112	765	  1	
254	438	765	  1	
254	447	765	  1	
255	 20	765	  1	
255	 39	765	  1	
255	267	765	  1	
255	316	765	  1	
255	339	765	  1	
256	 56	765	  1	
256	 63	765	  1	
256	 66	765	  1	
256	155	765	  1	
256	196	765	  1	
256	222	765	  1	
256	232	765	  1	
256	238	765	  1	
256	253	765	  1	
256	261	765	  1	
256	272	765	  1	
256	288	765	  1	
256	440	765	  1	
256	446	765	  1	
257	 99	765	  1	
258	 40	765	  1	
258	 95	765	  1	
258	270	765	  1	
259	 77	765	  1	
259	192	765	  1	
259	328	765	  1	
259	335	765	  1	
259	448	765	  1	
260	104	765	  1	
261	160	765	  1	
261	219	765	  1	
261	248	765	  1	
262	 47	765	  1	
262	 72	765	  1	
262	198	765	  1	
262	276	765	  1	
263	 59	765	  1	
263	206	765	  1	
263	262	765	  1	
264	  0	765	  1	
264	 32	765	  1	
264	 39	765	  1	
264	 48	765	  1	
264	 80	765	  1	
264	 88	765	  1	
264	167	765	  1	
264	179	765	  1	
264	200	765	  1	
264	227	765	  1	
264	320	765	  1	
264	375	765	  1	
264	526	765	  1	
264	559	765	  1	
266	391	765	  1	
266	492	765	  1	
266	533	765	  1	
267	 35	765	  1	
267	262	765	  1	
267	327	765	  1	
267	405	765	  1	
268	109	765	  1	
268	230	765	  1	
269	  8	765	  1	
270	292	765	  1	
271	 32	765	  1	
271	 39	765	  1	
271	320	765	  1	
271	368	765	  1	
271	480	765	  1	
271	499	765	  1	
271	503	765	  1	
271	520	765	  1	
271	532	765	  1	
272	 64	765	  1	
272	190	765	  1	
272	198	765	  1	
272	301	765	  1	
272	336	765	  1	
272	342	765	  1	
272	402	765	  1	
272	460	765	  1	
272	544	765	  1	
275	208	765	  1	
275	240	765	  1	
275	527	765	  1	
277	187	765	  1	
277	202	765	  1	
277	207	765	  1	
277	264	765	  1	
277	463	765	  1	
278	  7	765	  1	
278	295	765	  1	
278	522	765	  1	
279	 32	765	  1	
279	 64	765	  1	
279	477	765	  1	
280	 56	765	  1	
280	 61	765	  1	
280	 96	765	  1	
280	153	765	  1	
280	179	765	  1	
280	221	765	  1	
280	240	765	  1	
280	249	765	  1	
280	263	765	  1	
280	280	765	  1	
280	344	765	  1	
280	515	765	  1	
280	548	765	  1	
281	 48	765	  1	
281	415	765	  1	
282	104	765	  1	
282	216	765	  1	
282	224	765	  1	
282	259	765	  1	
282	410	765	  1	
283	  0	765	  1	
283	 78	765	  1	
283	351	765	  1	
283	584	765	  1	
285	184	765	  1	
285	239	765	  1	
285	544	765	  1	
286	 88	765	  1	
286	344	765	  1	
286	420	765	  1	
287	 61	765	  1	
287	168	765	  1	
287	192	765	  1	
287	207	765	  1	
287	294	765	  1	
287	512	765	  1	
287	519	765	  1	
287	569	765	  1	
287	575	765	  1	
288	 64	765	  1	
288	162	765	  1	
288	216	765	  1	
288	240	765	  1	
288	255	765	  1	
288	306	765	  1	
288	311	765	  1	
288	317	765	  1	
288	320	765	  1	
288	342	765	  1	
288	349	765	  1	
288	427	765	  1	
288	480	765	  1	
288	526	765	  1	
288	560	765	  1	
288	567	765	  1	
290	104	765	  1	
290	328	765	  1	
291	  6	765	  1	
291	 32	765	  1	
291	144	765	  1	
291	151	765	  1	
291	207	765	  1	
291	226	765	  1	
291	323	765	  1	
291	447	765	  1	
292	216	765	  1	
292	240	765	  1	
292	304	765	  1	
293	 55	765	  1	
293	344	765	  1	
294	 39	765	  1	
294	 48	765	  1	
294	111	765	  1	
294	423	765	  1	
294	563	765	  1	
295	 67	765	  1	
295	200	765	  1	
295	308	765	  1	
295	317	765	  1	
295	427	765	  1	
295	523	765	  1	
296	 16	765	  1	
296	151	765	  1	
296	173	765	  1	
296	184	765	  1	
296	192	765	  1	
296	208	765	  1	
296	233	765	  1	
296	251	765	  1	
296	370	765	  1	
296	392	765	  1	
296	568	765	  1	
296	599	765	  1	
297	218	765	  1	
297	472	765	  1	
298	  8	765	  1	
298	 79	765	  1	
298	334	765	  1	
298	479	765	  1	
299	 62	765	  1	
299	302	765	  1	
300	140	765	  1	
300	146	765	  1	
300	160	765	  1	
301	111	765	  1	
301	199	765	  1	
302	150	765	  1	
302	211	765	  1	
302	463	765	  1	
302	485	765	  1	
303	 14	765	  1	
303	243	765	  1	
303	332	765	  1	
303	488	765	  1	
303	592	765	  1	
304	  2	765	  1	
304	 64	765	  1	
304	 78	765	  1	
304	101	765	  1	
304	138	765	  1	
304	200	765	  1	
304	286	765	  1	
304	304	765	  1	
304	469	765	  1	
306	376	765	  1	
306	456	765	  1	
307	150	765	  1	
307	240	765	  1	
307	396	765	  1	
309	  7	765	  1	
309	 16	765	  1	
309	 80	765	  1	
309	111	765	  1	
309	136	765	  1	
309	143	765	  1	
309	182	765	  1	
309	205	765	  1	
309	224	765	  1	
310	399	765	  1	
311	168	765	  1	
311	278	765	  1	
311	456	765	  1	
312	  0	765	  1	
312	 72	765	  1	
312	160	765	  1	
312	187	765	  1	
312	192	765	  1	
312	218	765	  1	
312	256	765	  1	
312	312	765	  1	
312	319	765	  1	
312	333	765	  1	
312	351	765	  1	
312	386	765	  1	
312	416	765	  1	
312	452	765	  1	
312	463	765	  1	
312	563	765	  1	
313	 15	765	  1	
313	339	765	  1	
314	 77	765	  1	
314	110	765	  1	
314	274	765	  1	
315	 48	765	  1	
315	146	765	  1	
315	151	765	  1	
315	304	765	  1	
315	421	765	  1	
317	 60	765	  1	
317	136	765	  1	
317	163	765	  1	
317	176	765	  1	
317	262	765	  1	
317	397	765	  1	
318	  0	765	  1	
318	104	765	  1	
318	279	765	  1	
318	359	765	  1	
318	416	765	  1	
319	  8	765	  1	
319	 72	765	  1	
319	192	765	  1	
319	315	765	  1	
319	392	765	  1	
319	446	765	  1	
320	 77	765	  1	
320	 96	765	  1	
320	173	765	  1	
320	200	765	  1	
320	295	765	  1	
320	423	765	  1	
320	432	765	  1	
322	344	765	  1	
322	408	765	  1	
322	419	765	  1	
323	152	765	  1	
323	202	765	  1	
323	254	765	  1	
323	288	765	  1	
325	 15	765	  1	
325	 54	765	  1	
325	 86	765	  1	
325	168	765	  1	
326	351	765	  1	
326	414	765	  1	
327	  0	765	  1	
327	119	765	  1	
327	204	765	  1	
327	295	765	  1	
327	344	765	  1	
327	432	765	  1	
327	456	765	  1	
328	  1	765	  1	
328	116	765	  1	
328	128	765	  1	
328	135	765	  1	
328	184	765	  1	
328	280	765	  1	
328	348	765	  1	
328	384	765	  1	
328	440	765	  1	
328	494	765	  1	
328	543	765	  1	
329	533	765	  1	
330	261	765	  1	
330	399	765	  1	
331	168	765	  1	
331	256	765	  1	
331	287	765	  1	
331	315	765	  1	
331	422	765	  1	
331	485	765	  1	
332	  7	765	  1	
332	188	765	  1	
332	528	765	  1	
333	248	765	  1	
335	280	765	  1	
335	440	765	  1	
335	472	765	  1	
335	552	765	  1	
335	575	765	  1	
336	 19	765	  1	
336	 35	765	  1	
336	 48	765	  1	
336	 55	765	  1	
336	 69	765	  1	
336	120	765	  1	
336	162	765	  1	
336	167	765	  1	
336	213	765	  1	
336	221	765	  1	
336	227	765	  1	
336	245	765	  1	
336	306	765	  1	
336	376	765	  1	
336	423	765	  1	
336	431	765	  1	
336	506	765	  1	
337	 88	765	  1	
337	235	765	  1	
337	398	765	  1	
338	100	765	  1	
338	125	765	  1	
338	343	765	  1	
338	407	765	  1	
338	464	765	  1	
340	311	765	  1	
341	 64	765	  1	
341	 88	765	  1	
341	192	765	  1	
341	197	765	  1	
341	208	765	  1	
341	216	765	  1	
341	368	765	  1	
342	 19	765	  1	
342	261	765	  1	
342	304	765	  1	
343	 51	765	  1	
343	 95	765	  1	
343	147	765	  1	
343	398	765	  1	
344	  3	765	  1	
344	 62	765	  1	
344	 72	765	  1	
344	 88	765	  1	
344	104	765	  1	
344	155	765	  1	
344	190	765	  1	
344	219	765	  1	
344	264	765	  1	
344	303	765	  1	
344	312	765	  1	
344	323	765	  1	
344	334	765	  1	
344	344	765	  1	
344	351	765	  1	
344	363	765	  1	
344	379	765	  1	
344	384	765	  1	
344	424	765	  1	
344	568	765	  1	
346	328	765	  1	
347	 13	765	  1	
347	240	765	  1	
347	319	765	  1	
348	 77	765	  1	
348	229	765	  1	
348	360	765	  1	
348	376	765	  1	
349	 92	765	  1	
349	 96	765	  1	
349	239	765	  1	
349	248	765	  1	
349	270	765	  1	
349	415	765	  1	
350	  0	765	  1	
350	  7	765	  1	
350	 59	765	  1	
350	219	765	  1	
350	335	765	  1	
351	 48	765	  1	
351	198	765	  1	
351	224	765	  1	
351	312	765	  1	
351	320	765	  1	
351	327	765	  1	
351	344	765	  1	
351	351	765	  1	
352	 86	765	  1	
352	133	765	  1	
352	200	765	  1	
352	206	765	  1	
352	218	765	  1	
352	240	765	  1	
352	246	765	  1	
352	259	765	  1	
352	272	765	  1	
352	282	765	  1	
352	303	765	  1	
352	324	765	  1	
352	336	765	  1	
352	432	765	  1	
352	439	765	  1	
352	479	765	  1	
352	520	765	  1	
352	597	765	  1	
354	127	765	  1	
354	141	765	  1	
354	231	765	  1	
354	591	765	  1	
355	 72	765	  1	
355	 79	765	  1	
355	152	765	  1	
355	354	765	  1	
355	368	765	  1	
355	375	765	  1	
356	217	765	  1	
356	318	765	  1	
357	128	765	  1	
358	125	765	  1	
358	228	765	  1	
358	276	765	  1	
358	312	765	  1	
358	356	765	  1	
359	117	765	  1	
359	136	765	  1	
359	169	765	  1	
359	520	765	  1	
359	599	765	  1	
360	 88	765	  1	
360	112	765	  1	
360	119	765	  1	
360	176	765	  1	
360	181	765	  1	
360	219	765	  1	
360	230	765	  1	
360	235	765	  1	
360	272	765	  1	
360	303	765	  1	
360	315	765	  1	
360	430	765	  1	
360	454	765	  1	
360	458	765	  1	
362	 48	765	  1	
362	 55	765	  1	
362	312	765	  1	
363	 86	765	  1	
363	279	765	  1	
365	 94	765	  1	
365	160	765	  1	
365	167	765	  1	
365	190	765	  1	
365	215	765	  1	
366	115	765	  1	
366	124	765	  1	
366	223	765	  1	
367	 72	765	  1	
367	267	765	  1	
367	272	765	  1	
367	303	765	  1	
367	319	765	  1	
367	406	765	  1	
367	431	765	  1	
368	 13	765	  1	
368	 37	765	  1	
368	 48	765	  1	
368	108	765	  1	
368	144	765	  1	
368	148	765	  1	
368	157	765	  1	
368	187	765	  1	
368	320	765	  1	
368	328	765	  1	
368	360	765	  1	
368	386	765	  1	
368	443	765	  1	
368	460	765	  1	
368	496	765	  1	
369	159	765	  1	
369	335	765	  1	
370	324	765	  1	
370	400	765	  1	
371	104	765	  1	
372	312	765	  1	
372	355	765	  1	
373	174	765	  1	
373	259	765	  1	
374	 93	765	  1	
374	147	765	  1	
374	192	765	  1	
374	295	765	  1	
375	 48	765	  1	
375	144	765	  1	
375	290	765	  1	
375	446	765	  1	
375	538	765	  1	
376	 32	765	  1	
376	 55	765	  1	
376	176	765	  1	
376	238	765	  1	
376	262	765	  1	
376	271	765	  1	
376	312	765	  1	
376	376	765	  1	
376	382	765	  1	
377	126	765	  1	
378	175	765	  1	
378	536	765	  1	
379	 40	765	  1	
379	264	765	  1	
379	352	765	  1	
380	109	765	  1	
380	199	765	  1	
380	294	765	  1	
380	330	765	  1	
380	360	765	  1	
381	 16	765	  1	
381	149	765	  1	
381	162	765	  1	
381	286	765	  1	
381	315	765	  1	
382	 31	765	  1	
382	104	765	  1	
382	335	765	  1	
382	579	765	  1	
383	 87	765	  1	
383	154	765	  1	
383	176	765	  1	
383	238	765	  1	
383	256	765	  1	
383	271	765	  1	
384	 76	765	  1	
384	130	765	  1	
384	136	765	  1	
384	178	765	  1	
384	187	765	  1	
384	192	765	  1	
384	208	765	  1	
384	246	765	  1	
384	295	765	  1	
384	324	765	  1	
384	378	765	  1	
384	388	765	  1	
384	432	765	  1	
384	501	765	  1	
384	509	765	  1	
384	560	765	  1	
384	591	765	  1	
385	288	765	  1	
385	438	765	  1	
386	102	765	  1	
387	 16	765	  1	
388	261	765	  1	
389	 31	765	  1	
389	128	765	  1	
389	175	765	  1	
389	192	765	  1	
389	439	765	  1	
390	211	765	  1	
390	243	765	  1	
390	400	765	  1	
390	506	765	  1	
391	169	765	  1	
391	280	765	  1	
391	376	765	  1	
391	384	765	  1	
391	551	765	  1	
391	564	765	  1	
392	 95	765	  1	
392	106	765	  1	
392	122	765	  1	
392	225	765	  1	
392	230	765	  1	
392	239	765	  1	
392	270	765	  1	
392	299	765	  1	
392	320	765	  1	
392	358	765	  1	
392	362	765	  1	
393	 40	765	  1	
393	280	765	  1	
394	 24	765	  1	
394	223	765	  1	
394	496	765	  1	
395	 88	765	  1	
395	191	765	  1	
395	287	765	  1	
396	 10	765	  1	
396	 67	765	  1	
396	236	765	  1	
397	 32	765	  1	
397	168	765	  1	
398	 45	765	  1	
398	296	765	  1	
398	303	765	  1	
398	309	765	  1	
398	576	765	  1	
399	 95	765	  1	
399	270	765	  1	
399	282	765	  1	
400	  0	765	  1	
400	 96	765	  1	
400	107	765	  1	
400	112	765	  1	
400	152	765	  1	
400	156	765	  1	
400	160	765	  1	
400	167	765	  1	
400	189	765	  1	
400	193	765	  1	
400	254	765	  1	
400	279	765	  1	
400	320	765	  1	
400	359	765	  1	
400	391	765	  1	
400	539	765	  1	
403	384	765	  1	
404	344	765	  1	
404	355	765	  1	
405	 24	765	  1	
405	102	765	  1	
405	117	765	  1	
405	199	765	  1	
405	224	765	  1	
405	231	765	  1	
405	268	765	  1	
406	 34	765	  1	
406	252	765	  1	
406	334	765	  1	
407	 15	765	  1	
407	163	765	  1	
407	391	765	  1	
408	 22	765	  1	
408	 78	765	  1	
408	104	765	  1	
408	256	765	  1	
408	312	765	  1	
408	320	765	  1	
408	339	765	  1	
408	359	765	  1	
408	467	765	  1	
408	491	765	  1	
409	163	765	  1	
410	192	765	  1	
411	 16	765	  1	
411	 27	765	  1	
411	 62	765	  1	
411	 94	765	  1	
411	319	765	  1	
412	112	765	  1	
413	  8	765	  1	
413	326	765	  1	
414	104	765	  1	
414	118	765	  1	
415	192	765	  1	
415	264	765	  1	
415	268	765	  1	
415	312	765	  1	
416	 56	765	  1	
416	 96	765	  1	
416	103	765	  1	
416	111	765	  1	
416	143	765	  1	
416	157	765	  1	
416	176	765	  1	
416	212	765	  1	
416	241	765	  1	
416	259	765	  1	
416	282	765	  1	
416	297	765	  1	
416	311	765	  1	
416	336	765	  1	
416	384	765	  1	
416	388	765	  1	
416	499	765	  1	
416	599	765	  1	
417	184	765	  1	
417	306	765	  1	
418	 19	765	  1	
418	 29	765	  1	
419	 78	765	  1	
419	181	765	  1	
419	216	765	  1	
419	250	765	  1	
420	112	765	  1	
420	124	765	  1	
420	190	765	  1	
420	272	765	  1	
421	 24	765	  1	
421	164	765	  1	
421	215	765	  1	
421	349	765	  1	
422	115	765	  1	
422	131	765	  1	
422	247	765	  1	
422	394	765	  1	
422	508	765	  1	
423	345	765	  1	
424	 64	765	  1	
424	 88	765	  1	
424	189	765	  1	
424	216	765	  1	
424	223	765	  1	
424	231	765	  1	
424	239	765	  1	
424	252	765	  1	
424	310	765	  1	
424	320	765	  1	
424	327	765	  1	
426	160	765	  1	
426	167	765	  1	
427	224	765	  1	
427	245	765	  1	
427	248	765	  1	
427	304	765	  1	
428	311	765	  1	
429	  8	765	  1	
429	 70	765	  1	
429	163	765	  1	
429	282	765	  1	
430	183	765	  1	
430	202	765	  1	
430	207	765	  1	
431	121	765	  1	
431	144	765	  1	
431	306	765	  1	
431	323	765	  1	
432	 68	765	  1	
432	 72	765	  1	
432	114	765	  1	
432	155	765	  1	
432	176	765	  1	
432	224	765	  1	
432	245	765	  1	
432	267	765	  1	
432	328	765	  1	
432	343	765	  1	
432	368	765	  1	
433	256	765	  1	
433	351	765	  1	
434	240	765	  1	
434	264	765	  1	
435	  8	765	  1	
435	357	765	  1	
435	375	765	  1	
436	 24	765	  1	
436	195	765	  1	
437	 83	765	  1	
437	260	765	  1	
438	246	765	  1	
439	 23	765	  1	
439	 31	765	  1	
439	102	765	  1	
439	224	765	  1	
439	368	765	  1	
439	382	765	  1	
440	  0	765	  1	
440	 34	765	  1	
440	104	765	  1	
440	117	765	  1	
440	124	765	  1	
440	176	765	  1	
440	200	765	  1	
440	256	765	  1	
440	567	765	  1	
441	103	765	  1	
442	 23	765	  1	
442	 94	765	  1	
442	112	765	  1	
442	155	765	  1	
442	183	765	  1	
442	187	765	  1	
444	 89	765	  1	
444	271	765	  1	
445	144	765	  1	
445	167	765	  1	
445	232	765	  1	
446	118	765	  1	
446	133	765	  1	
446	177	765	  1	
446	258	765	  1	
446	266	765	  1	
446	288	765	  1	
447	 72	765	  1	
447	 96	765	  1	
447	124	765	  1	
447	259	765	  1	
448	 32	765	  1	
448	 93	765	  1	
448	133	765	  1	
448	168	765	  1	
448	193	765	  1	
448	199	765	  1	
448	205	765	  1	
448	248	765	  1	
448	355	765	  1	
449	223	765	  1	
451	 31	765	  1	
451	151	765	  1	
452	192	765	  1	
452	216	765	  1	
453	 96	765	  1	
453	104	765	  1	
453	171	765	  1	
453	270	765	  1	
453	296	765	  1	
455	 23	765	  1	
455	 26	765	  1	
455	 40	765	  1	
455	131	765	  1	
455	146	765	  1	
455	312	765	  1	
455	447	765	  1	
456	 19	765	  1	
456	 48	765	  1	
456	 88	765	  1	
456	152	765	  1	
456	168	765	  1	
456	181	765	  1	
456	203	765	  1	
456	213	765	  1	
456	224	765	  1	
456	256	765	  1	
456	355	765	  1	
458	208	765	  1	
459	 40	765	  1	
459	120	765	  1	
459	128	765	  1	
460	199	765	  1	
461	 72	765	  1	
461	 88	765	  1	
461	112	765	  1	
461	176	765	  1	
462	125	765	  1	
463	  8	765	  1	
463	 48	765	  1	
463	131	765	  1	
463	260	765	  1	
464	 31	765	  1	
464	 75	765	  1	
464	130	765	  1	
464	137	765	  1	
464	165	765	  1	
464	173	765	  1	
464	214	765	  1	
464	228	765	  1	
465	 24	765	  1	
465	 51	765	  1	
466	 63	765	  1	
466	208	765	  1	
467	 16	765	  1	
469	 55	765	  1	
469	160	765	  1	
469	198	765	  1	
469	296	765	  1	
470	 28	765	  1	
470	155	765	  1	
470	213	765	  1	
471	128	765	  1	
472	  8	765	  1	
472	 67	765	  1	
472	 88	765	  1	
472	100	765	  1	
472	163	765	  1	
472	169	765	  1	
472	252	765	  1	
472	347	765	  1	
472	351	765	  1	
472	354	765	  1	
474	 92	765	  1	
475	 48	765	  1	
475	328	765	  1	
476	 88	765	  1	
476	131	765	  1	
476	299	765	  1	
477	 14	765	  1	
477	 21	765	  1	
477	 35	765	  1	
477	150	765	  1	
477	170	765	  1	
477	175	765	  1	
477	208	765	  1	
477	215	765	  1	
478	  3	765	  1	
478	334	765	  1	
480	  0	765	  1	
480	  5	765	  1	
480	 38	765	  1	
480	 88	765	  1	
480	114	765	  1	
480	119	765	  1	
480	176	765	  1	
480	202	765	  1	
480	261	765	  1	
480	294	765	  1	
480	386	765	  1	
480	404	765	  1	
481	  8	765	  1	
482	 34	765	  1	
482	 85	765	  1	
483	 44	765	  1	
483	 80	765	  1	
483	143	765	  1	
483	354	765	  1	
484	158	765	  1	
485	200	765	  1	
485	207	765	  1	
485	248	765	  1	
485	407	765	  1	
486	 15	765	  1	
486	 90	765	  1	
486	138	765	  1	
486	152	765	  1	
486	292	765	  1	
487	176	765	  1	
488	 52	765	  1	
488	 64	765	  1	
488	119	765	  1	
488	134	765	  1	
488	184	765	  1	
488	281	765	  1	
488	295	765	  1	
488	317	765	  1	
489	128	765	  1	
489	240	765	  1	
489	245	765	  1	
490	290	765	  1	
490	400	765	  1	
491	 80	765	  1	
492	112	765	  1	
493	 56	765	  1	
493	248	765	  1	
494	 45	765	  1	
494	295	765	  1	
495	133	765	  1	
496	 77	765	  1	
496	106	765	  1	
496	111	765	  1	
496	123	765	  1	
496	135	765	  1	
496	138	765	  1	
496	160	765	  1	
496	176	765	  1	
496	229	765	  1	
496	235	765	  1	
496	285	765	  1	
496	303	765	  1	
496	329	765	  1	
498	147	765	  1	
498	351	765	  1	
499	112	765	  1	
499	131	765	  1	
499	296	765	  1	
500	136	765	  1	
501	 72	765	  1	
501	207	765	  1	
501	224	765	  1	
502	151	765	  1	
502	251	765	  1	
502	330	765	  1	
503	141	765	  1	
503	285	765	  1	
503	303	765	  1	
504	  0	765	  1	
504	 59	765	  1	
504	101	765	  1	
504	171	765	  1	
504	200	765	  1	
504	245	765	  1	
504	320	765	  1	
504	327	765	  1	
504	511	765	  1	
504	560	765	  1	
505	 16	765	  1	
505	 23	765	  1	
505	263	765	  1	
507	112	765	  1	
507	207	765	  1	
507	312	765	  1	
507	363	765	  1	
508	107	765	  1	
510	 79	765	  1	
510	142	765	  1	
510	256	765	  1	
511	168	765	  1	
511	175	765	  1	
511	200	765	  1	
512	 11	765	  1	
512	 37	765	  1	
512	 72	765	  1	
512	 88	765	  1	
512	112	765	  1	
512	118	765	  1	
512	136	765	  1	
512	166	765	  1	
512	198	765	  1	
512	212	765	  1	
512	218	765	  1	
512	224	765	  1	
512	248	765	  1	
512	311	765	  1	
512	336	765	  1	
514	152	765	  1	
514	208	765	  1	
515	 32	765	  1	
515	144	765	  1	
515	160	765	  1	
515	270	765	  1	
515	304	765	  1	
517	 48	765	  1	
517	 79	765	  1	
517	139	765	  1	
517	211	765	  1	
517	312	765	  1	
517	317	765	  1	
517	328	765	  1	
518	227	765	  1	
518	343	765	  1	
518	408	765	  1	
518	415	765	  1	
519	333	765	  1	
519	399	765	  1	
520	171	765	  1	
520	256	765	  1	
520	263	765	  1	
520	285	765	  1	
520	301	765	  1	
520	323	765	  1	
521	 47	765	  1	
521	 88	765	  1	
521	240	765	  1	
522	 32	765	  1	
522	216	765	  1	
523	160	765	  1	
524	228	765	  1	
524	360	765	  1	
525	399	765	  1	
526	133	765	  1	
527	 16	765	  1	
527	 40	765	  1	
527	 88	765	  1	
527	168	765	  1	
527	175	765	  1	
527	220	765	  1	
527	247	765	  1	
527	285	765	  1	
527	320	765	  1	
527	327	765	  1	
527	383	765	  1	
527	392	765	  1	
527	400	765	  1	
528	  3	765	  1	
528	109	765	  1	
528	160	765	  1	
528	187	765	  1	
528	192	765	  1	
528	214	765	  1	
528	232	765	  1	
528	245	765	  1	
528	315	765	  1	
528	384	765	  1	
529	136	765	  1	
529	498	765	  1	
530	248	765	  1	
530	391	765	  1	
531	120	765	  1	
533	 55	765	  1	
533	 88	765	  1	
533	175	765	  1	
534	384	765	  1	
535	  0	765	  1	
535	  7	765	  1	
535	 48	765	  1	
535	192	765	  1	
535	328	765	  1	
535	439	765	  1	
536	 58	765	  1	
536	 62	765	  1	
536	104	765	  1	
536	169	765	  1	
536	181	765	  1	
536	213	765	  1	
536	251	765	  1	
536	288	765	  1	
536	400	765	  1	
536	414	765	  1	
539	 80	765	  1	
539	157	765	  1	
539	240	765	  1	
539	272	765	  1	
539	295	765	  1	
541	110	765	  1	
541	200	765	  1	
542	245	765	  1	
542	276	765	  1	
543	173	765	  1	
543	288	765	  1	
544	 32	765	  1	
544	 87	765	  1	
544	136	765	  1	
544	143	765	  1	
544	295	765	  1	
544	307	765	  1	
544	328	765	  1	
544	343	765	  1	
544	411	765	  1	
546	 43	765	  1	
546	399	765	  1	
547	  0	765	  1	
548	 39	765	  1	
548	334	765	  1	
548	368	765	  1	
549	115	765	  1	
549	185	765	  1	
549	290	765	  1	
550	  7	765	  1	
551	 87	765	  1	
551	375	765	  1	
551	408	765	  1	
551	415	765	  1	
552	 56	765	  1	
552	 63	765	  1	
552	 80	765	  1	
552	108	765	  1	
552	152	765	  1	
552	159	765	  1	
552	213	765	  1	
552	224	765	  1	
552	231	765	  1	
552	368	765	  1	
552	464	765	  1	
552	496	765	  1	
553	248	765	  1	
554	112	765	  1	
554	208	765	  1	
555	191	765	  1	
557	319	765	  1	
558	118	765	  1	
558	214	765	  1	
558	254	765	  1	
558	318	765	  1	
558	330	765	  1	
559	 96	765	  1	
559	148	765	  1	
559	155	765	  1	
559	184	765	  1	
559	227	765	  1	
560	  0	765	  1	
560	 68	765	  1	
560	103	765	  1	
560	120	765	  1	
560	127	765	  1	
560	200	765	  1	
560	216	765	  1	
560	222	765	  1	
560	246	765	  1	
560	280	765	  1	
561	119	765	  1	
562	110	765	  1	
564	240	765	  1	
565	219	765	  1	
565	295	765	  1	
566	 70	765	  1	
567	 64	765	  1	
567	123	765	  1	
567	244	765	  1	
568	 72	765	  1	
568	 79	765	  1	
568	112	765	  1	
568	207	765	  1	
568	215	765	  1	
568	231	765	  1	
568	246	765	  1	
568	328	765	  1	
568	344	765	  1	
568	599	765	  1	
569	101	765	  1	
570	250	765	  1	
571	 62	765	  1	
571	117	765	  1	
571	192	765	  1	
571	200	765	  1	
571	224	765	  1	
571	277	765	  1	
571	334	765	  1	
573	 96	765	  1	
573	144	765	  1	
574	  0	765	  1	
574	239	765	  1	
575	231	765	  1	
576	 51	765	  1	
576	114	765	  1	
576	120	765	  1	
576	188	765	  1	
576	214	765	  1	
576	222	765	  1	
576	272	765	  1	
576	280	765	  1	
576	290	765	  1	
576	327	765	  1	
577	255	765	  1	
577	304	765	  1	
578	184	765	  1	
579	127	765	  1	
579	320	765	  1	
581	295	765	  1	
582	 96	765	  1	
582	517	765	  1	
583	120	765	  1	
583	189	765	  1	
583	194	765	  1	
583	402	765	  1	
583	447	765	  1	
584	 24	765	  1	
584	 40	765	  1	
584	 64	765	  1	
584	208	765	  1	
584	250	765	  1	
584	299	765	  1	
584	530	765	  1	
585	255	765	  1	
586	 31	765	  1	
586	111	765	  1	
586	137	765	  1	
587	258	765	  1	
587	275	765	  1	
588	 47	765	  1	
588	248	765	  1	
588	311	765	  1	
588	461	765	  1	
589	  6	765	  1	
590	223	765	  1	
590	263	765	  1	
590	299	765	  1	
591	138	765	  1	
591	167	765	  1	
591	243	765	  1	
592	 79	765	  1	
592	280	765	  1	
594	259	765	  1	
595	 56	765	  1	
595	 96	765	  1	
596	106	765	  1	
596	452	765	  1	
597	426	765	  1	
597	567	765	  1	
599	 87	765	  1	
599	111	765	  1	
599	264	765	  1	
599	271	765	  1	
600	120	765	  1	
600	218	765	  1	
600	247	765	  1	
600	254	765	  1	
600	267	765	  1	
600	336	765	  1	
601	296	765	  1	
602	 63	765	  1	
603	 11	765	  1	
603	126	765	  1	
605	256	765	  1	
606	120	765	  1	
606	252	765	  1	
606	317	765	  1	
607	 24	765	  1	
607	104	765	  1	
607	240	765	  1	
607	336	765	  1	
607	371	765	  1	
608	272	765	  1	
608	279	765	  1	
608	306	765	  1	
608	328	765	  1	
611	127	765	  1	
611	296	765	  1	
611	335	765	  1	
612	 68	765	  1	
612	152	765	  1	
612	256	765	  1	
612	263	765	  1	
613	336	765	  1	
615	 80	765	  1	
615	259	765	  1	
615	309	765	  1	
615	328	765	  1	
616	168	765	  1	
616	240	765	  1	
616	269	765	  1	
616	296	765	  1	
616	310	765	  1	
616	322	765	  1	
616	353	765	  1	
620	 19	765	  1	
620	327	765	  1	
621	312	765	  1	
621	317	765	  1	
621	384	765	  1	
621	391	765	  1	
622	 68	765	  1	
622	311	765	  1	
622	333	765	  1	
623	367	765	  1	
624	279	765	  1	
624	392	765	  1	
624	452	765	  1	
625	120	765	  1	
625	330	765	  1	
628	 67	765	  1	
631	 59	765	  1	
631	131	765	  1	
631	279	765	  1	
632	 95	765	  1	
632	319	765	  1	
635	312	765	  1	
635	360	765	  1	
635	367	765	  1	
636	 51	765	  1	
636	 80	765	  1	
636	 93	765	  1	
638	 55	765	  1	
639	243	765	  1	
639	319	765	  1	
639	453	765	  1	
640	 23	765	  1	
640	154	765	  1	
640	215	765	  1	
640	232	765	  1	
640	296	765	  1	
640	308	765	  1	
640	312	765	  1	
640	328	765	  1	
641	304	765	  1	
642	412	765	  1	
643	 47	765	  1	
643	259	765	  1	
644	376	765	  1	
645	309	765	  1	
647	215	765	  1	
647	239	765	  1	
648	203	765	  1	
648	289	765	  1	
648	323	765	  1	
648	360	765	  1	
648	366	765	  1	
648	370	765	  1	
648	384	765	  1	
650	 23	765	  1	
650	 64	765	  1	
651	391	765	  1	
653	176	765	  1	
653	263	765	  1	
654	192	765	  1	
654	288	765	  1	
655	184	765	  1	
655	368	765	  1	
655	384	765	  1	
656	136	765	  1	
656	187	765	  1	
656	383	765	  1	
659	376	765	  1	
660	 64	765	  1	
660	432	765	  1	
663	127	765	  1	
663	231	765	  1	
663	383	765	  1	
663	431	765	  1	
664	140	765	  1	
669	143	765	  1	
670	418	765	  1	
671	 44	765	  1	
672	424	765	  1	
675	207	765	  1	
679	127	765	  1	
679	130	765	  1	
679	256	765	  1	
680	128	765	  1	
680	392	765	  1	
682	261	765	  1	
687	239	765	  1	
692	141	765	  1	
694	464	765	  1	
696	220	765	  1	
709	264	765	  1	
724	584	765	  1	
744	479	765	  1	
749	124	765	  1	
760	 65	765	  1	
762	544	765	  1	
764	196	765	  1	
791	120	765	  1	
795	503	765	  1	
