# 
#  Image file: Goad1_T0199.jpg
#  Applied threshold: 575
#  Algorithm used: fill2                 
#  Particle count: 2090
#  Location (x,y), max luminance, and mass:
# 
  0	247	765	  1	
  0	277	765	  1	
  3	 64	765	  1	
  7	247	765	  1	
  7	283	765	  1	
  7	599	765	  1	
  8	131	765	  1	
 16	231	765	  1	
 23	112	765	  1	
 23	184	765	  1	
 24	  8	765	  1	
 29	279	765	  1	
 30	301	765	  1	
 32	111	765	  1	
 38	 87	765	  1	
 39	160	765	  1	
 40	157	765	  1	
 40	274	765	  1	
 45	175	765	  1	
 45	471	765	  1	
 47	159	765	  1	
 47	257	765	  1	
 47	300	765	  1	
 48	588	765	  1	
 52	186	765	  1	
 53	271	765	  1	
 63	220	765	  1	
 66	111	765	  1	
 69	356	765	  1	
 72	144	765	  1	
 75	535	765	  1	
 79	114	765	  1	
 79	149	765	  1	
 79	192	765	  1	
 79	272	765	  1	
 80	 87	765	  1	
 80	224	765	  1	
 80	373	765	  1	
 82	368	765	  1	
 85	224	765	  1	
 86	147	765	  1	
 87	373	765	  1	
 88	153	765	  1	
 88	447	765	  1	
 96	184	765	  1	
 96	272	765	  1	
 96	342	765	  1	
 96	388	765	  1	
 98	130	765	  1	
 99	595	765	  1	
103	187	765	  1	
103	290	765	  1	
103	342	765	  1	
104	152	765	  1	
104	237	765	  1	
104	359	765	  1	
104	384	765	  1	
104	456	765	  1	
107	104	765	  1	
107	352	765	  1	
107	390	765	  1	
108	374	765	  1	
109	473	765	  1	
111	272	765	  1	
111	359	765	  1	
111	368	765	  1	
111	384	765	  1	
112	 87	765	  1	
112	327	765	  1	
112	354	765	  1	
116	353	765	  1	
116	375	765	  1	
116	382	765	  1	
117	400	765	  1	
118	227	765	  1	
119	320	765	  1	
119	358	765	  1	
119	376	765	  1	
120	159	765	  1	
120	191	765	  1	
122	167	765	  1	
123	184	765	  1	
123	341	765	  1	
123	395	765	  1	
124	448	765	  1	
125	105	765	  1	
126	372	765	  1	
127	191	765	  1	
127	363	765	  1	
127	493	765	  1	
128	113	765	  1	
128	128	765	  1	
128	173	765	  1	
128	182	765	  1	
128	231	765	  1	
128	344	765	  1	
128	504	765	  1	
129	119	765	  1	
130	164	765	  1	
131	200	765	  1	
131	224	765	  1	
131	352	765	  1	
134	 56	765	  1	
134	206	765	  1	
135	 51	765	  1	
135	115	765	  1	
135	177	765	  1	
135	231	765	  1	
136	 86	765	  1	
136	151	765	  1	
136	192	765	  1	
136	233	765	  1	
136	296	765	  1	
136	380	765	  1	
137	128	765	  1	
137	175	765	  1	
137	250	765	  1	
138	179	765	  1	
139	144	765	  1	
139	291	765	  1	
140	196	765	  1	
140	208	765	  1	
141	103	765	  1	
141	138	765	  1	
142	132	765	  1	
142	170	765	  1	
142	235	765	  1	
143	151	765	  1	
143	296	765	  1	
143	352	765	  1	
143	519	765	  1	
144	 24	765	  1	
144	 54	765	  1	
144	 91	765	  1	
144	109	765	  1	
144	115	765	  1	
144	123	765	  1	
144	153	765	  1	
144	157	765	  1	
144	249	765	  1	
144	354	765	  1	
144	472	765	  1	
145	192	765	  1	
146	128	765	  1	
147	 93	765	  1	
147	168	765	  1	
147	479	765	  1	
149	 24	765	  1	
149	119	765	  1	
149	181	765	  1	
149	208	765	  1	
150	134	765	  1	
150	370	765	  1	
150	451	765	  1	
151	 88	765	  1	
151	127	765	  1	
151	430	765	  1	
151	472	765	  1	
152	138	765	  1	
152	160	765	  1	
152	164	765	  1	
152	187	765	  1	
153	120	765	  1	
155	 80	765	  1	
157	104	765	  1	
157	111	765	  1	
157	136	765	  1	
157	143	765	  1	
157	168	765	  1	
157	208	765	  1	
157	215	765	  1	
158	 86	765	  1	
158	247	765	  1	
158	255	765	  1	
159	124	765	  1	
159	184	765	  1	
159	191	765	  1	
159	432	765	  1	
160	 64	765	  1	
160	102	765	  1	
160	144	765	  1	
160	227	765	  1	
160	335	765	  1	
163	 71	765	  1	
163	192	765	  1	
163	368	765	  1	
163	439	765	  1	
163	535	765	  1	
164	175	765	  1	
165	135	765	  1	
166	216	765	  1	
167	  8	765	  1	
167	 64	765	  1	
167	100	765	  1	
167	198	765	  1	
167	224	765	  1	
167	231	765	  1	
167	362	765	  1	
167	483	765	  1	
168	165	765	  1	
168	232	765	  1	
168	264	765	  1	
168	272	765	  1	
168	400	765	  1	
168	407	765	  1	
170	 87	765	  1	
170	130	765	  1	
170	262	765	  1	
171	 72	765	  1	
171	135	765	  1	
171	152	765	  1	
171	175	765	  1	
172	112	765	  1	
172	126	765	  1	
172	238	765	  1	
172	392	765	  1	
173	224	765	  1	
174	 48	765	  1	
174	 55	765	  1	
174	120	765	  1	
175	 81	765	  1	
175	168	765	  1	
175	403	765	  1	
175	511	765	  1	
176	 19	765	  1	
176	 47	765	  1	
176	 64	765	  1	
176	149	765	  1	
176	192	765	  1	
176	210	765	  1	
176	232	765	  1	
176	264	765	  1	
176	296	765	  1	
176	312	765	  1	
176	319	765	  1	
176	357	765	  1	
176	365	765	  1	
176	383	765	  1	
176	387	765	  1	
176	407	765	  1	
176	426	765	  1	
176	431	765	  1	
177	219	765	  1	
177	304	765	  1	
178	  8	765	  1	
178	 93	765	  1	
179	199	765	  1	
179	255	765	  1	
179	263	765	  1	
179	272	765	  1	
179	303	765	  1	
179	376	765	  1	
179	592	765	  1	
179	599	765	  1	
180	212	765	  1	
181	 16	765	  1	
181	 71	765	  1	
181	211	765	  1	
181	242	765	  1	
182	365	765	  1	
182	391	765	  1	
182	424	765	  1	
182	429	765	  1	
183	 40	765	  1	
183	 95	765	  1	
183	192	765	  1	
183	296	765	  1	
183	315	765	  1	
183	383	765	  1	
183	407	765	  1	
183	520	765	  1	
184	 91	765	  1	
184	102	765	  1	
184	125	765	  1	
184	144	765	  1	
184	157	765	  1	
184	174	765	  1	
184	181	765	  1	
184	264	765	  1	
184	271	765	  1	
184	282	765	  1	
184	368	765	  1	
184	397	765	  1	
185	 98	765	  1	
185	119	765	  1	
185	507	765	  1	
186	134	765	  1	
186	149	765	  1	
187	 85	765	  1	
187	210	765	  1	
187	218	765	  1	
187	352	765	  1	
188	 88	765	  1	
188	253	765	  1	
189	179	765	  1	
189	372	765	  1	
189	424	765	  1	
190	 72	765	  1	
190	 91	765	  1	
190	103	765	  1	
190	120	765	  1	
190	128	765	  1	
190	215	765	  1	
190	286	765	  1	
190	479	765	  1	
191	 79	765	  1	
191	240	765	  1	
191	250	765	  1	
191	264	765	  1	
191	271	765	  1	
191	312	765	  1	
191	319	765	  1	
192	 23	765	  1	
192	 67	765	  1	
192	 96	765	  1	
192	123	765	  1	
192	139	765	  1	
192	160	765	  1	
192	207	765	  1	
192	296	765	  1	
192	316	765	  1	
192	323	765	  1	
192	331	765	  1	
192	365	765	  1	
192	392	765	  1	
192	399	765	  1	
192	531	765	  1	
193	 66	765	  1	
194	178	765	  1	
194	317	765	  1	
195	312	765	  1	
195	348	765	  1	
196	367	765	  1	
197	335	765	  1	
198	163	765	  1	
198	344	765	  1	
198	356	765	  1	
198	514	765	  1	
199	 64	765	  1	
199	128	765	  1	
199	144	765	  1	
199	157	765	  1	
199	296	765	  1	
199	395	765	  1	
199	416	765	  1	
199	528	765	  1	
199	535	765	  1	
200	 63	765	  1	
200	 78	765	  1	
200	125	765	  1	
200	136	765	  1	
200	175	765	  1	
200	288	765	  1	
200	333	765	  1	
200	355	765	  1	
200	364	765	  1	
200	375	765	  1	
200	434	765	  1	
200	439	765	  1	
202	 67	765	  1	
202	119	765	  1	
202	152	765	  1	
202	345	765	  1	
202	523	765	  1	
203	 56	765	  1	
203	106	765	  1	
203	168	765	  1	
203	304	765	  1	
203	368	765	  1	
205	 78	765	  1	
206	295	765	  1	
207	 63	765	  1	
207	 69	765	  1	
207	175	765	  1	
207	192	765	  1	
207	375	765	  1	
208	117	765	  1	
208	143	765	  1	
208	199	765	  1	
208	208	765	  1	
208	230	765	  1	
208	256	765	  1	
208	336	765	  1	
208	342	765	  1	
208	376	765	  1	
209	 79	765	  1	
209	406	765	  1	
211	192	765	  1	
211	326	765	  1	
212	107	765	  1	
212	382	765	  1	
212	551	765	  1	
213	 95	765	  1	
213	124	765	  1	
214	 73	765	  1	
214	157	765	  1	
214	256	765	  1	
215	 88	765	  1	
215	199	765	  1	
215	280	765	  1	
215	316	765	  1	
216	 56	765	  1	
216	 83	765	  1	
216	102	765	  1	
216	120	765	  1	
216	135	765	  1	
216	181	765	  1	
216	232	765	  1	
216	245	765	  1	
216	304	765	  1	
216	311	765	  1	
216	360	765	  1	
216	375	765	  1	
216	392	765	  1	
216	399	765	  1	
216	406	765	  1	
216	507	765	  1	
216	536	765	  1	
216	543	765	  1	
218	368	765	  1	
219	 63	765	  1	
219	 92	765	  1	
219	215	765	  1	
219	235	765	  1	
219	263	765	  1	
219	399	765	  1	
219	519	765	  1	
221	 39	765	  1	
221	144	765	  1	
221	403	765	  1	
221	418	765	  1	
221	439	765	  1	
222	150	765	  1	
222	334	765	  1	
222	352	765	  1	
223	 56	765	  1	
223	 72	765	  1	
223	 88	765	  1	
223	103	765	  1	
223	247	765	  1	
223	256	765	  1	
223	307	765	  1	
223	344	765	  1	
223	360	765	  1	
223	375	765	  1	
223	539	765	  1	
224	 45	765	  1	
224	 64	765	  1	
224	138	765	  1	
224	213	765	  1	
224	320	765	  1	
226	392	765	  1	
227	366	765	  1	
227	495	765	  1	
228	 96	765	  1	
228	407	765	  1	
228	583	765	  1	
229	  0	765	  1	
229	136	765	  1	
229	370	765	  1	
230	108	765	  1	
230	215	765	  1	
230	362	765	  1	
230	398	765	  1	
231	 37	765	  1	
231	239	765	  1	
232	  8	765	  1	
232	 53	765	  1	
232	 63	765	  1	
232	 96	765	  1	
232	133	765	  1	
232	155	765	  1	
232	184	765	  1	
232	191	765	  1	
232	208	765	  1	
232	218	765	  1	
232	226	765	  1	
232	288	765	  1	
232	307	765	  1	
232	316	765	  1	
232	408	765	  1	
232	414	765	  1	
232	440	765	  1	
234	128	765	  1	
234	293	765	  1	
237	 72	765	  1	
237	144	765	  1	
237	151	765	  1	
237	160	765	  1	
237	175	765	  1	
237	311	765	  1	
237	392	765	  1	
237	411	765	  1	
238	 16	765	  1	
238	 78	765	  1	
238	134	765	  1	
238	288	765	  1	
239	187	765	  1	
239	211	765	  1	
240	  0	765	  1	
240	  6	765	  1	
240	 44	765	  1	
240	 87	765	  1	
240	 95	765	  1	
240	 99	765	  1	
240	123	765	  1	
240	136	765	  1	
240	192	765	  1	
240	231	765	  1	
240	239	765	  1	
240	315	765	  1	
240	357	765	  1	
240	424	765	  1	
240	428	765	  1	
240	448	765	  1	
240	464	765	  1	
240	485	765	  1	
240	491	765	  1	
240	592	765	  1	
242	 76	765	  1	
242	293	765	  1	
242	471	765	  1	
243	 40	765	  1	
243	 88	765	  1	
244	256	765	  1	
244	452	765	  1	
245	  3	765	  1	
245	111	765	  1	
245	319	765	  1	
245	416	765	  1	
245	488	765	  1	
246	 45	765	  1	
246	 74	765	  1	
246	429	765	  1	
246	480	765	  1	
247	128	765	  1	
247	135	765	  1	
247	235	765	  1	
247	288	765	  1	
247	466	765	  1	
247	574	765	  1	
248	 11	765	  1	
248	 18	765	  1	
248	157	765	  1	
248	168	765	  1	
248	176	765	  1	
248	183	765	  1	
248	191	765	  1	
248	219	765	  1	
248	224	765	  1	
248	240	765	  1	
248	259	765	  1	
248	285	765	  1	
248	304	765	  1	
248	351	765	  1	
248	379	765	  1	
248	395	765	  1	
248	413	765	  1	
248	477	765	  1	
249	 72	765	  1	
250	 92	765	  1	
251	 40	765	  1	
251	104	765	  1	
251	152	765	  1	
251	173	765	  1	
251	251	765	  1	
253	 46	765	  1	
253	299	765	  1	
253	408	765	  1	
254	168	765	  1	
254	231	765	  1	
255	  0	765	  1	
255	 80	765	  1	
255	179	765	  1	
255	187	765	  1	
255	216	765	  1	
255	223	765	  1	
255	240	765	  1	
255	256	765	  1	
255	512	765	  1	
255	560	765	  1	
256	  8	765	  1	
256	 50	765	  1	
256	208	765	  1	
256	212	765	  1	
256	371	765	  1	
256	484	765	  1	
256	496	765	  1	
256	503	765	  1	
257	239	765	  1	
258	120	765	  1	
259	 14	765	  1	
259	 72	765	  1	
259	 79	765	  1	
259	168	765	  1	
259	199	765	  1	
259	379	765	  1	
261	 48	765	  1	
261	296	765	  1	
261	303	765	  1	
262	  8	765	  1	
262	 75	765	  1	
262	368	765	  1	
262	375	765	  1	
262	528	765	  1	
263	178	765	  1	
263	455	765	  1	
263	496	765	  1	
263	503	765	  1	
264	 15	765	  1	
264	 72	765	  1	
264	144	765	  1	
264	160	765	  1	
264	170	765	  1	
264	184	765	  1	
264	199	765	  1	
264	225	765	  1	
264	280	765	  1	
264	287	765	  1	
264	304	765	  1	
264	400	765	  1	
264	480	765	  1	
264	498	765	  1	
264	518	765	  1	
265	 32	765	  1	
265	 39	765	  1	
267	410	765	  1	
267	528	765	  1	
268	195	765	  1	
268	232	765	  1	
268	464	765	  1	
269	310	765	  1	
269	403	765	  1	
269	421	765	  1	
269	496	765	  1	
269	503	765	  1	
269	536	765	  1	
270	371	765	  1	
270	533	765	  1	
271	 11	765	  1	
271	144	765	  1	
271	184	765	  1	
271	471	765	  1	
271	563	765	  1	
272	  0	765	  1	
272	 13	765	  1	
272	 47	765	  1	
272	 64	765	  1	
272	 71	765	  1	
272	151	765	  1	
272	173	765	  1	
272	192	765	  1	
272	240	765	  1	
272	258	765	  1	
272	263	765	  1	
272	360	765	  1	
272	367	765	  1	
272	384	765	  1	
272	392	765	  1	
272	398	765	  1	
272	413	765	  1	
272	459	765	  1	
272	480	765	  1	
272	486	765	  1	
272	514	765	  1	
273	206	765	  1	
274	168	765	  1	
274	429	765	  1	
277	  8	765	  1	
277	 76	765	  1	
277	101	765	  1	
277	395	765	  1	
277	520	765	  1	
278	174	765	  1	
278	258	765	  1	
278	282	765	  1	
278	400	765	  1	
278	514	765	  1	
279	195	765	  1	
279	263	765	  1	
279	363	765	  1	
279	413	765	  1	
279	456	765	  1	
279	463	765	  1	
280	 32	765	  1	
280	 56	765	  1	
280	 63	765	  1	
280	 67	765	  1	
280	154	765	  1	
280	163	765	  1	
280	168	765	  1	
280	374	765	  1	
280	479	765	  1	
280	510	765	  1	
280	534	765	  1	
281	389	765	  1	
281	411	765	  1	
282	368	765	  1	
282	515	765	  1	
283	403	765	  1	
284	 59	765	  1	
284	200	765	  1	
285	  0	765	  1	
285	159	765	  1	
285	284	765	  1	
285	415	765	  1	
285	423	765	  1	
286	 15	765	  1	
286	 39	765	  1	
286	144	765	  1	
286	331	765	  1	
286	378	765	  1	
287	 64	765	  1	
287	 71	765	  1	
287	170	765	  1	
287	374	765	  1	
287	388	765	  1	
288	 85	765	  1	
288	 98	765	  1	
288	240	765	  1	
288	247	765	  1	
288	253	765	  1	
288	333	765	  1	
288	400	765	  1	
288	416	765	  1	
288	424	765	  1	
288	544	765	  1	
289	215	765	  1	
290	155	765	  1	
290	174	765	  1	
290	224	765	  1	
290	423	765	  1	
291	  7	765	  1	
291	 64	765	  1	
291	136	765	  1	
291	551	765	  1	
293	 47	765	  1	
293	374	765	  1	
293	406	765	  1	
293	431	765	  1	
293	488	765	  1	
294	152	765	  1	
294	328	765	  1	
295	  0	765	  1	
295	167	765	  1	
295	384	765	  1	
295	418	765	  1	
296	  7	765	  1	
296	 67	765	  1	
296	 77	765	  1	
296	 88	765	  1	
296	 92	765	  1	
296	101	765	  1	
296	127	765	  1	
296	134	765	  1	
296	192	765	  1	
296	199	765	  1	
296	311	765	  1	
296	371	765	  1	
296	459	765	  1	
296	583	765	  1	
297	251	765	  1	
298	374	765	  1	
299	168	765	  1	
299	392	765	  1	
299	438	765	  1	
299	448	765	  1	
299	576	765	  1	
300	  3	765	  1	
300	 96	765	  1	
300	456	765	  1	
301	 90	765	  1	
301	122	765	  1	
301	369	765	  1	
302	336	765	  1	
302	360	765	  1	
303	195	765	  1	
303	424	765	  1	
303	583	765	  1	
304	  0	765	  1	
304	 23	765	  1	
304	 59	765	  1	
304	 80	765	  1	
304	 86	765	  1	
304	138	765	  1	
304	251	765	  1	
304	286	765	  1	
304	312	765	  1	
304	413	765	  1	
304	588	765	  1	
304	592	765	  1	
304	599	765	  1	
306	 71	765	  1	
306	 96	765	  1	
306	178	765	  1	
306	336	765	  1	
306	377	765	  1	
306	408	765	  1	
307	416	765	  1	
307	462	765	  1	
308	119	765	  1	
308	161	765	  1	
308	312	765	  1	
309	 83	765	  1	
309	187	765	  1	
310	  8	765	  1	
310	102	765	  1	
310	143	765	  1	
310	181	765	  1	
310	292	765	  1	
310	301	765	  1	
310	307	765	  1	
311	175	765	  1	
311	192	765	  1	
311	248	765	  1	
311	344	765	  1	
311	380	765	  1	
311	462	765	  1	
311	595	765	  1	
312	 13	765	  1	
312	 43	765	  1	
312	 96	765	  1	
312	104	765	  1	
312	147	765	  1	
312	200	765	  1	
312	206	765	  1	
312	216	765	  1	
312	224	765	  1	
312	232	765	  1	
312	354	765	  1	
312	400	765	  1	
312	502	765	  1	
314	 79	765	  1	
314	229	765	  1	
314	264	765	  1	
314	280	765	  1	
314	324	765	  1	
315	 24	765	  1	
315	176	765	  1	
315	199	765	  1	
315	317	765	  1	
316	163	765	  1	
316	269	765	  1	
317	 86	765	  1	
317	359	765	  1	
318	386	765	  1	
319	 40	765	  1	
319	 47	765	  1	
319	168	765	  1	
319	224	765	  1	
319	232	765	  1	
319	322	765	  1	
319	504	765	  1	
320	  5	765	  1	
320	 24	765	  1	
320	 39	765	  1	
320	 96	765	  1	
320	116	765	  1	
320	133	765	  1	
320	200	765	  1	
320	206	765	  1	
320	237	765	  1	
320	245	765	  1	
320	330	765	  1	
320	351	765	  1	
320	360	765	  1	
320	403	765	  1	
320	447	765	  1	
320	462	765	  1	
320	464	765	  1	
320	471	765	  1	
322	112	765	  1	
322	123	765	  1	
322	335	765	  1	
322	440	765	  1	
323	  0	765	  1	
323	 32	765	  1	
323	117	765	  1	
323	221	765	  1	
323	344	765	  1	
323	411	765	  1	
324	 63	765	  1	
324	366	765	  1	
325	 30	765	  1	
325	 79	765	  1	
325	152	765	  1	
325	203	765	  1	
325	232	765	  1	
325	240	765	  1	
325	280	765	  1	
326	440	765	  1	
326	523	765	  1	
327	 39	765	  1	
327	112	765	  1	
327	351	765	  1	
327	467	765	  1	
328	  3	765	  1	
328	  7	765	  1	
328	 43	765	  1	
328	 85	765	  1	
328	124	765	  1	
328	136	765	  1	
328	142	765	  1	
328	243	765	  1	
328	253	765	  1	
328	261	765	  1	
328	285	765	  1	
328	372	765	  1	
328	400	765	  1	
328	576	765	  1	
330	 32	765	  1	
330	440	765	  1	
330	451	765	  1	
331	 16	765	  1	
331	 72	765	  1	
331	208	765	  1	
331	232	765	  1	
331	581	765	  1	
332	455	765	  1	
333	  7	765	  1	
333	139	765	  1	
333	147	765	  1	
333	248	765	  1	
333	256	765	  1	
333	296	765	  1	
333	404	765	  1	
334	112	765	  1	
334	355	765	  1	
334	366	765	  1	
335	 40	765	  1	
335	 47	765	  1	
335	160	765	  1	
335	216	765	  1	
335	451	765	  1	
335	576	765	  1	
336	 32	765	  1	
336	 80	765	  1	
336	 88	765	  1	
336	 99	765	  1	
336	120	765	  1	
336	199	765	  1	
336	208	765	  1	
336	235	765	  1	
336	259	765	  1	
336	309	765	  1	
336	359	765	  1	
336	372	765	  1	
336	382	765	  1	
336	395	765	  1	
336	416	765	  1	
336	423	765	  1	
336	432	765	  1	
338	 39	765	  1	
338	168	765	  1	
338	304	765	  1	
338	431	765	  1	
339	 87	765	  1	
340	 80	765	  1	
340	260	765	  1	
340	309	765	  1	
341	127	765	  1	
341	211	765	  1	
341	224	765	  1	
341	248	765	  1	
341	255	765	  1	
341	294	765	  1	
341	344	765	  1	
341	384	765	  1	
341	480	765	  1	
342	 32	765	  1	
342	231	765	  1	
342	354	765	  1	
342	359	765	  1	
343	 99	765	  1	
343	174	765	  1	
343	199	765	  1	
343	216	765	  1	
343	304	765	  1	
343	355	765	  1	
343	419	765	  1	
343	426	765	  1	
343	448	765	  1	
343	455	765	  1	
344	131	765	  1	
344	150	765	  1	
344	160	765	  1	
344	204	765	  1	
344	207	765	  1	
344	215	765	  1	
344	232	765	  1	
344	273	765	  1	
344	280	765	  1	
344	309	765	  1	
344	313	765	  1	
344	362	765	  1	
344	367	765	  1	
344	408	765	  1	
344	440	765	  1	
344	469	765	  1	
344	483	765	  1	
344	488	765	  1	
344	495	765	  1	
344	568	765	  1	
345	178	765	  1	
345	183	765	  1	
345	323	765	  1	
346	 84	765	  1	
346	200	765	  1	
346	576	765	  1	
347	  8	765	  1	
347	 95	765	  1	
347	496	765	  1	
348	  5	765	  1	
348	446	765	  1	
349	  0	765	  1	
349	391	765	  1	
350	 90	765	  1	
350	149	765	  1	
350	315	765	  1	
351	288	765	  1	
351	381	765	  1	
351	480	765	  1	
351	487	765	  1	
351	491	765	  1	
352	 21	765	  1	
352	 51	765	  1	
352	 58	765	  1	
352	101	765	  1	
352	119	765	  1	
352	136	765	  1	
352	176	765	  1	
352	188	765	  1	
352	210	765	  1	
352	215	765	  1	
352	235	765	  1	
352	248	765	  1	
352	252	765	  1	
352	259	765	  1	
352	267	765	  1	
352	279	765	  1	
352	320	765	  1	
352	333	765	  1	
352	365	765	  1	
352	392	765	  1	
353	143	765	  1	
353	237	765	  1	
353	240	765	  1	
353	399	765	  1	
354	127	765	  1	
354	255	765	  1	
354	464	765	  1	
355	  0	765	  1	
355	 74	765	  1	
355	 79	765	  1	
355	152	765	  1	
355	184	765	  1	
355	200	765	  1	
355	207	765	  1	
355	259	765	  1	
355	327	765	  1	
356	234	765	  1	
356	278	765	  1	
357	 16	765	  1	
357	222	765	  1	
357	252	765	  1	
357	312	765	  1	
357	384	765	  1	
358	 59	765	  1	
358	102	765	  1	
358	120	765	  1	
358	202	765	  1	
359	136	765	  1	
359	144	765	  1	
359	155	765	  1	
359	395	765	  1	
360	  8	765	  1	
360	 42	765	  1	
360	118	765	  1	
360	131	765	  1	
360	152	765	  1	
360	162	765	  1	
360	233	765	  1	
360	242	765	  1	
360	256	765	  1	
360	288	765	  1	
360	295	765	  1	
360	304	765	  1	
360	311	765	  1	
360	341	765	  1	
360	372	765	  1	
360	376	765	  1	
360	382	765	  1	
360	495	765	  1	
361	400	765	  1	
362	200	765	  1	
362	207	765	  1	
362	359	765	  1	
363	 95	765	  1	
363	128	765	  1	
363	176	765	  1	
363	255	765	  1	
363	407	765	  1	
363	488	765	  1	
364	 72	765	  1	
364	232	765	  1	
364	330	765	  1	
364	456	765	  1	
365	 40	765	  1	
365	 47	765	  1	
365	158	765	  1	
365	167	765	  1	
365	190	765	  1	
365	236	765	  1	
365	266	765	  1	
365	296	765	  1	
365	327	765	  1	
365	379	765	  1	
365	440	765	  1	
365	447	765	  1	
366	101	765	  1	
367	 88	765	  1	
367	118	765	  1	
367	233	765	  1	
367	271	765	  1	
367	307	765	  1	
367	320	765	  1	
367	384	765	  1	
367	495	765	  1	
368	 37	765	  1	
368	 48	765	  1	
368	 55	765	  1	
368	163	765	  1	
368	208	765	  1	
368	212	765	  1	
368	216	765	  1	
368	331	765	  1	
368	352	765	  1	
368	386	765	  1	
369	 80	765	  1	
369	338	765	  1	
370	 96	765	  1	
370	240	765	  1	
370	251	765	  1	
371	223	765	  1	
371	280	765	  1	
371	304	765	  1	
372	244	765	  1	
372	328	765	  1	
373	 64	765	  1	
373	120	765	  1	
373	176	765	  1	
373	288	765	  1	
373	295	765	  1	
373	312	765	  1	
374	  4	765	  1	
374	 32	765	  1	
374	240	765	  1	
374	250	765	  1	
374	259	765	  1	
374	512	765	  1	
375	 72	765	  1	
375	160	765	  1	
375	167	765	  1	
375	216	765	  1	
375	333	765	  1	
375	355	765	  1	
376	 14	765	  1	
376	 23	765	  1	
376	 29	765	  1	
376	 42	765	  1	
376	106	765	  1	
376	114	765	  1	
376	118	765	  1	
376	145	765	  1	
376	153	765	  1	
376	159	765	  1	
376	184	765	  1	
376	188	765	  1	
376	222	765	  1	
376	239	765	  1	
376	272	765	  1	
376	278	765	  1	
376	303	765	  1	
376	320	765	  1	
376	336	765	  1	
376	344	765	  1	
376	392	765	  1	
376	400	765	  1	
376	455	765	  1	
376	479	765	  1	
378	382	765	  1	
379	219	765	  1	
379	372	765	  1	
379	472	765	  1	
380	440	765	  1	
381	 43	765	  1	
381	110	765	  1	
381	224	765	  1	
381	275	765	  1	
381	326	765	  1	
381	338	765	  1	
382	 96	765	  1	
382	155	765	  1	
382	351	765	  1	
383	 22	765	  1	
383	151	765	  1	
383	232	765	  1	
383	381	765	  1	
383	479	765	  1	
384	  0	765	  1	
384	 37	765	  1	
384	 47	765	  1	
384	 65	765	  1	
384	104	765	  1	
384	176	765	  1	
384	200	765	  1	
384	239	765	  1	
384	358	765	  1	
384	413	765	  1	
384	491	765	  1	
384	501	765	  1	
386	432	765	  1	
387	 56	765	  1	
387	 71	765	  1	
387	113	765	  1	
387	136	765	  1	
387	184	765	  1	
387	320	765	  1	
387	327	765	  1	
387	344	765	  1	
388	 24	765	  1	
388	444	765	  1	
389	 32	765	  1	
389	 64	765	  1	
389	207	765	  1	
389	408	765	  1	
389	421	765	  1	
390	107	765	  1	
390	163	765	  1	
391	  8	765	  1	
391	 40	765	  1	
391	 47	765	  1	
391	235	765	  1	
391	358	765	  1	
392	  0	765	  1	
392	 66	765	  1	
392	 91	765	  1	
392	110	765	  1	
392	151	765	  1	
392	158	765	  1	
392	299	765	  1	
392	307	765	  1	
392	320	765	  1	
392	352	765	  1	
392	386	765	  1	
392	432	765	  1	
392	440	765	  1	
392	447	765	  1	
393	288	765	  1	
393	327	765	  1	
393	357	765	  1	
394	200	765	  1	
394	264	765	  1	
394	268	765	  1	
395	183	765	  1	
395	192	765	  1	
395	279	765	  1	
395	496	765	  1	
395	552	765	  1	
396	147	765	  1	
397	 19	765	  1	
397	384	765	  1	
397	391	765	  1	
397	424	765	  1	
397	439	765	  1	
398	 71	765	  1	
399	 24	765	  1	
399	 29	765	  1	
399	176	765	  1	
399	296	765	  1	
399	303	765	  1	
399	320	765	  1	
399	443	765	  1	
399	474	765	  1	
400	 37	765	  1	
400	 47	765	  1	
400	 77	765	  1	
400	128	765	  1	
400	328	765	  1	
400	335	765	  1	
400	343	765	  1	
400	400	765	  1	
400	456	765	  1	
402	 23	765	  1	
402	 72	765	  1	
402	152	765	  1	
402	192	765	  1	
402	296	765	  1	
402	385	765	  1	
402	543	765	  1	
403	183	765	  1	
403	463	765	  1	
404	327	765	  1	
405	128	765	  1	
405	168	765	  1	
405	175	765	  1	
405	424	765	  1	
405	438	765	  1	
406	 78	765	  1	
406	152	765	  1	
406	186	765	  1	
406	226	765	  1	
407	 40	765	  1	
407	 47	765	  1	
407	176	765	  1	
407	200	765	  1	
407	205	765	  1	
407	264	765	  1	
407	277	765	  1	
407	300	765	  1	
407	339	765	  1	
407	360	765	  1	
407	456	765	  1	
408	 64	765	  1	
408	 72	765	  1	
408	136	765	  1	
408	146	765	  1	
408	171	765	  1	
408	182	765	  1	
408	275	765	  1	
408	383	765	  1	
408	527	765	  1	
410	430	765	  1	
411	104	765	  1	
412	 16	765	  1	
412	146	765	  1	
412	364	765	  1	
413	 54	765	  1	
413	 70	765	  1	
413	 86	765	  1	
413	111	765	  1	
413	192	765	  1	
413	371	765	  1	
413	378	765	  1	
414	120	765	  1	
414	151	765	  1	
414	189	765	  1	
415	 23	765	  1	
415	168	765	  1	
415	175	765	  1	
415	226	765	  1	
415	272	765	  1	
415	279	765	  1	
415	298	765	  1	
415	303	765	  1	
415	421	765	  1	
415	527	765	  1	
416	 40	765	  1	
416	 47	765	  1	
416	 56	765	  1	
416	163	765	  1	
416	207	765	  1	
416	256	765	  1	
416	384	765	  1	
416	400	765	  1	
416	419	765	  1	
417	 93	765	  1	
418	120	765	  1	
419	 63	765	  1	
419	216	765	  1	
419	248	765	  1	
420	104	765	  1	
420	424	765	  1	
421	404	765	  1	
421	430	765	  1	
422	 90	765	  1	
422	196	765	  1	
422	511	765	  1	
423	 43	765	  1	
423	 56	765	  1	
423	 80	765	  1	
423	103	765	  1	
423	207	765	  1	
423	381	765	  1	
423	416	765	  1	
424	 24	765	  1	
424	 98	765	  1	
424	120	765	  1	
424	127	765	  1	
424	134	765	  1	
424	179	765	  1	
424	231	765	  1	
424	296	765	  1	
424	344	765	  1	
424	366	765	  1	
424	389	765	  1	
425	240	765	  1	
426	 86	765	  1	
427	 48	765	  1	
427	 66	765	  1	
427	111	765	  1	
427	303	765	  1	
428	 30	765	  1	
428	319	765	  1	
429	  8	765	  1	
429	 96	765	  1	
429	103	765	  1	
429	132	765	  1	
429	168	765	  1	
429	192	765	  1	
429	208	765	  1	
429	278	765	  1	
430	391	765	  1	
431	247	765	  1	
431	256	765	  1	
431	296	765	  1	
431	314	765	  1	
431	376	765	  1	
431	548	765	  1	
432	  6	765	  1	
432	 21	765	  1	
432	 87	765	  1	
432	 90	765	  1	
432	112	765	  1	
432	120	765	  1	
432	152	765	  1	
432	291	765	  1	
432	304	765	  1	
432	383	765	  1	
432	424	765	  1	
433	118	765	  1	
434	104	765	  1	
434	216	765	  1	
435	376	765	  1	
436	224	765	  1	
437	  3	765	  1	
437	 95	765	  1	
437	138	765	  1	
437	295	765	  1	
438	 28	765	  1	
438	312	765	  1	
439	168	765	  1	
439	216	765	  1	
439	383	765	  1	
439	536	765	  1	
440	  8	765	  1	
440	 31	765	  1	
440	 54	765	  1	
440	 63	765	  1	
440	 96	765	  1	
440	147	765	  1	
440	184	765	  1	
440	191	765	  1	
440	224	765	  1	
440	288	765	  1	
440	295	765	  1	
440	384	765	  1	
440	389	765	  1	
441	 15	765	  1	
441	198	765	  1	
443	 20	765	  1	
443	108	765	  1	
443	387	765	  1	
444	104	765	  1	
444	235	765	  1	
444	403	765	  1	
445	 24	765	  1	
445	176	765	  1	
445	239	765	  1	
445	302	765	  1	
445	407	765	  1	
447	 15	765	  1	
447	 63	765	  1	
447	248	765	  1	
448	  2	765	  1	
448	 59	765	  1	
448	 83	765	  1	
448	 88	765	  1	
448	 96	765	  1	
448	119	765	  1	
448	174	765	  1	
448	192	765	  1	
448	216	765	  1	
448	344	765	  1	
448	384	765	  1	
448	472	765	  1	
449	 22	765	  1	
449	184	765	  1	
450	  8	765	  1	
450	168	765	  1	
450	224	765	  1	
450	424	765	  1	
451	 30	765	  1	
451	112	765	  1	
451	136	765	  1	
452	 20	765	  1	
452	 48	765	  1	
452	296	765	  1	
452	399	765	  1	
453	 18	765	  1	
453	 75	765	  1	
453	430	765	  1	
454	 55	765	  1	
454	174	765	  1	
455	 23	765	  1	
455	 63	765	  1	
455	 97	765	  1	
455	397	765	  1	
456	 39	765	  1	
456	104	765	  1	
456	128	765	  1	
456	149	765	  1	
456	181	765	  1	
456	226	765	  1	
456	261	765	  1	
456	272	765	  1	
456	302	765	  1	
456	399	765	  1	
458	296	765	  1	
459	240	765	  1	
459	351	765	  1	
461	119	765	  1	
461	144	765	  1	
461	176	765	  1	
461	216	765	  1	
461	279	765	  1	
462	112	765	  1	
462	152	765	  1	
462	227	765	  1	
462	272	765	  1	
462	303	765	  1	
462	371	765	  1	
463	104	765	  1	
463	383	765	  1	
464	 88	765	  1	
464	 94	765	  1	
464	101	765	  1	
464	123	765	  1	
464	129	765	  1	
464	165	765	  1	
464	184	765	  1	
464	204	765	  1	
464	414	765	  1	
464	535	765	  1	
465	 70	765	  1	
465	111	765	  1	
466	 78	765	  1	
466	504	765	  1	
467	 56	765	  1	
467	159	765	  1	
468	135	765	  1	
469	118	765	  1	
469	516	765	  1	
470	154	765	  1	
471	 42	765	  1	
472	  3	765	  1	
472	  9	765	  1	
472	 18	765	  1	
472	 24	765	  1	
472	 48	765	  1	
472	 56	765	  1	
472	 74	765	  1	
472	112	765	  1	
472	125	765	  1	
472	139	765	  1	
472	168	765	  1	
472	176	765	  1	
472	188	765	  1	
472	216	765	  1	
472	347	765	  1	
473	175	765	  1	
474	 79	765	  1	
474	117	765	  1	
474	344	765	  1	
474	534	765	  1	
475	343	765	  1	
476	 88	765	  1	
477	 16	765	  1	
477	 23	765	  1	
477	107	765	  1	
478	223	765	  1	
479	 62	765	  1	
479	 94	765	  1	
479	104	765	  1	
479	199	765	  1	
480	 47	765	  1	
480	 83	765	  1	
480	122	765	  1	
480	140	765	  1	
480	144	765	  1	
480	191	765	  1	
480	207	765	  1	
480	415	765	  1	
480	455	765	  1	
481	  8	765	  1	
481	 15	765	  1	
481	264	765	  1	
483	199	765	  1	
484	 93	765	  1	
484	136	765	  1	
484	372	765	  1	
486	 85	765	  1	
486	143	765	  1	
486	151	765	  1	
486	487	765	  1	
487	207	765	  1	
487	415	765	  1	
488	  8	765	  1	
488	 28	765	  1	
488	100	765	  1	
488	115	765	  1	
488	132	765	  1	
488	136	765	  1	
491	 30	765	  1	
491	115	765	  1	
491	120	765	  1	
491	143	765	  1	
491	328	765	  1	
492	 24	765	  1	
492	383	765	  1	
493	  8	765	  1	
494	 16	765	  1	
494	256	765	  1	
495	 51	765	  1	
495	 72	765	  1	
495	136	765	  1	
495	222	765	  1	
495	331	765	  1	
495	380	765	  1	
496	 32	765	  1	
496	 36	765	  1	
496	 48	765	  1	
496	 67	765	  1	
496	 80	765	  1	
496	 90	765	  1	
496	 98	765	  1	
496	108	765	  1	
496	134	765	  1	
496	200	765	  1	
496	219	765	  1	
496	231	765	  1	
496	264	765	  1	
496	319	765	  1	
499	 16	765	  1	
499	144	765	  1	
499	278	765	  1	
500	 64	765	  1	
500	 71	765	  1	
500	118	765	  1	
501	160	765	  1	
501	207	765	  1	
501	319	765	  1	
502	184	765	  1	
502	191	765	  1	
504	  0	765	  1	
504	 56	765	  1	
504	 72	765	  1	
504	 85	765	  1	
504	 92	765	  1	
504	151	765	  1	
504	176	765	  1	
504	232	765	  1	
504	272	765	  1	
504	288	765	  1	
504	307	765	  1	
507	136	765	  1	
507	239	765	  1	
507	296	765	  1	
509	 59	765	  1	
509	207	765	  1	
510	279	765	  1	
510	301	765	  1	
511	232	765	  1	
511	308	765	  1	
512	 11	765	  1	
512	 54	765	  1	
512	 74	765	  1	
512	 79	765	  1	
512	149	765	  1	
512	187	765	  1	
512	239	765	  1	
512	285	765	  1	
512	338	765	  1	
512	391	765	  1	
514	 66	765	  1	
515	 96	765	  1	
515	136	765	  1	
515	143	765	  1	
515	152	765	  1	
515	159	765	  1	
515	232	765	  1	
516	  2	765	  1	
516	 64	765	  1	
516	 79	765	  1	
516	211	765	  1	
517	 50	765	  1	
518	184	765	  1	
518	293	765	  1	
518	360	765	  1	
518	399	765	  1	
519	239	765	  1	
519	364	765	  1	
519	404	765	  1	
520	 40	765	  1	
520	 88	765	  1	
520	103	765	  1	
520	111	765	  1	
520	122	765	  1	
520	211	765	  1	
520	221	765	  1	
520	253	765	  1	
520	288	765	  1	
520	304	765	  1	
520	397	765	  1	
522	 46	765	  1	
522	 56	765	  1	
522	 64	765	  1	
522	189	765	  1	
523	 96	765	  1	
523	166	765	  1	
524	184	765	  1	
524	392	765	  1	
525	104	765	  1	
525	110	765	  1	
525	315	765	  1	
526	  0	765	  1	
526	 40	765	  1	
526	 69	765	  1	
526	160	765	  1	
526	264	765	  1	
526	310	765	  1	
527	 64	765	  1	
527	 79	765	  1	
527	189	765	  1	
527	208	765	  1	
527	215	765	  1	
528	  4	765	  1	
528	 24	765	  1	
528	 62	765	  1	
528	 90	765	  1	
528	186	765	  1	
528	296	765	  1	
528	336	765	  1	
528	344	765	  1	
530	414	765	  1	
531	  8	765	  1	
531	270	765	  1	
531	288	765	  1	
532	125	765	  1	
533	264	765	  1	
534	 94	765	  1	
534	336	765	  1	
535	248	765	  1	
535	387	765	  1	
536	 48	765	  1	
536	 55	765	  1	
536	171	765	  1	
536	182	765	  1	
536	192	765	  1	
536	203	765	  1	
536	328	765	  1	
536	335	765	  1	
536	567	765	  1	
538	103	765	  1	
538	304	765	  1	
538	311	765	  1	
538	319	765	  1	
539	111	765	  1	
539	255	765	  1	
539	496	765	  1	
540	 82	765	  1	
540	158	765	  1	
540	270	765	  1	
540	368	765	  1	
541	  0	765	  1	
541	179	765	  1	
542	 88	765	  1	
542	152	765	  1	
542	216	765	  1	
542	375	765	  1	
543	223	765	  1	
543	248	765	  1	
543	314	765	  1	
543	331	765	  1	
544	  8	765	  1	
544	 63	765	  1	
544	 80	765	  1	
544	112	765	  1	
544	259	765	  1	
545	176	765	  1	
546	 87	765	  1	
546	104	765	  1	
546	320	765	  1	
547	 56	765	  1	
547	108	765	  1	
547	127	765	  1	
548	278	765	  1	
549	332	765	  1	
550	 16	765	  1	
550	 80	765	  1	
550	110	765	  1	
550	272	765	  1	
550	304	765	  1	
550	416	765	  1	
551	 63	765	  1	
551	119	765	  1	
551	210	765	  1	
551	215	765	  1	
551	220	765	  1	
552	 24	765	  1	
552	 31	765	  1	
552	 64	765	  1	
552	152	765	  1	
552	163	765	  1	
552	200	765	  1	
552	224	765	  1	
552	229	765	  1	
552	248	765	  1	
552	267	765	  1	
552	299	765	  1	
553	272	765	  1	
554	183	765	  1	
554	205	765	  1	
554	301	765	  1	
555	106	765	  1	
555	255	765	  1	
558	156	765	  1	
559	 27	765	  1	
559	200	765	  1	
559	224	765	  1	
559	300	765	  1	
559	428	765	  1	
559	552	765	  1	
560	  8	765	  1	
560	 75	765	  1	
560	113	765	  1	
560	128	765	  1	
560	232	765	  1	
560	238	765	  1	
560	255	765	  1	
560	269	765	  1	
560	309	765	  1	
560	323	765	  1	
560	394	765	  1	
560	399	765	  1	
562	320	765	  1	
563	 15	765	  1	
563	 45	765	  1	
563	174	765	  1	
563	459	765	  1	
564	240	765	  1	
565	235	765	  1	
566	132	765	  1	
567	  8	765	  1	
567	 72	765	  1	
567	 79	765	  1	
567	187	765	  1	
567	302	765	  1	
568	 15	765	  1	
568	 83	765	  1	
568	103	765	  1	
568	128	765	  1	
568	136	765	  1	
568	168	765	  1	
568	172	765	  1	
568	256	765	  1	
568	264	765	  1	
568	293	765	  1	
568	519	765	  1	
570	129	765	  1	
570	263	765	  1	
571	  0	765	  1	
571	  8	765	  1	
571	368	765	  1	
571	375	765	  1	
573	141	765	  1	
573	232	765	  1	
573	256	765	  1	
574	400	765	  1	
575	 15	765	  1	
575	 75	765	  1	
575	128	765	  1	
575	247	765	  1	
575	267	765	  1	
575	368	765	  1	
575	375	765	  1	
575	392	765	  1	
575	448	765	  1	
576	  5	765	  1	
576	 45	765	  1	
576	 88	765	  1	
576	112	765	  1	
576	118	765	  1	
576	184	765	  1	
576	261	765	  1	
576	278	765	  1	
576	291	765	  1	
576	311	765	  1	
576	319	765	  1	
576	327	765	  1	
576	428	765	  1	
579	 95	765	  1	
579	207	765	  1	
579	468	765	  1	
581	  0	765	  1	
581	 96	765	  1	
581	115	765	  1	
581	298	765	  1	
582	 35	765	  1	
582	279	765	  1	
583	 56	765	  1	
583	 88	765	  1	
583	288	765	  1	
583	295	765	  1	
583	327	765	  1	
584	 81	765	  1	
584	111	765	  1	
584	120	765	  1	
584	128	765	  1	
584	184	765	  1	
584	232	765	  1	
584	248	765	  1	
584	252	765	  1	
584	296	765	  1	
584	301	765	  1	
584	320	765	  1	
584	352	765	  1	
586	237	765	  1	
587	135	765	  1	
587	311	765	  1	
588	323	765	  1	
589	 54	765	  1	
589	125	765	  1	
589	479	765	  1	
590	181	765	  1	
590	223	765	  1	
590	248	765	  1	
590	263	765	  1	
591	128	765	  1	
591	232	765	  1	
592	 72	765	  1	
592	111	765	  1	
592	192	765	  1	
592	196	765	  1	
592	219	765	  1	
592	256	765	  1	
592	260	765	  1	
592	272	765	  1	
592	288	765	  1	
592	304	765	  1	
592	314	765	  1	
592	400	765	  1	
593	236	765	  1	
594	 91	765	  1	
594	184	765	  1	
594	188	765	  1	
594	209	765	  1	
594	564	765	  1	
595	 63	765	  1	
595	 96	765	  1	
595	107	765	  1	
596	271	765	  1	
596	278	765	  1	
597	 99	765	  1	
597	237	765	  1	
598	223	765	  1	
599	  7	765	  1	
599	184	765	  1	
599	188	765	  1	
599	264	765	  1	
600	 52	765	  1	
600	 63	765	  1	
600	104	765	  1	
600	227	765	  1	
600	248	765	  1	
600	255	765	  1	
600	321	765	  1	
600	328	765	  1	
602	273	765	  1	
602	335	765	  1	
603	279	765	  1	
604	 71	765	  1	
604	199	765	  1	
604	239	765	  1	
604	392	765	  1	
606	229	765	  1	
606	307	765	  1	
607	104	765	  1	
607	233	765	  1	
607	244	765	  1	
607	251	765	  1	
607	330	765	  1	
608	 68	765	  1	
608	107	765	  1	
608	209	765	  1	
608	298	765	  1	
608	344	765	  1	
608	479	765	  1	
609	268	765	  1	
610	264	765	  1	
611	278	765	  1	
612	210	765	  1	
613	303	765	  1	
615	107	765	  1	
615	143	765	  1	
615	174	765	  1	
615	469	765	  1	
616	261	765	  1	
616	272	765	  1	
616	296	765	  1	
616	309	765	  1	
616	316	765	  1	
616	352	765	  1	
616	424	765	  1	
619	326	765	  1	
621	214	765	  1	
621	302	765	  1	
622	318	765	  1	
622	503	765	  1	
623	119	765	  1	
623	160	765	  1	
624	 80	765	  1	
624	 87	765	  1	
624	128	765	  1	
624	274	765	  1	
625	335	765	  1	
626	428	765	  1	
627	261	765	  1	
630	329	765	  1	
632	 71	765	  1	
632	 77	765	  1	
632	135	765	  1	
632	184	765	  1	
632	215	765	  1	
632	296	765	  1	
632	309	765	  1	
633	259	765	  1	
635	191	765	  1	
637	304	765	  1	
638	135	765	  1	
639	152	765	  1	
639	159	765	  1	
640	328	765	  1	
640	334	765	  1	
640	463	765	  1	
642	191	765	  1	
642	359	765	  1	
643	287	765	  1	
643	598	765	  1	
647	 80	765	  1	
648	195	765	  1	
651	207	765	  1	
651	390	765	  1	
652	106	765	  1	
652	315	765	  1	
654	176	765	  1	
655	136	765	  1	
655	336	765	  1	
655	343	765	  1	
656	207	765	  1	
659	200	765	  1	
662	347	765	  1	
663	 69	765	  1	
663	 72	765	  1	
663	104	765	  1	
663	111	765	  1	
663	327	765	  1	
664	191	765	  1	
664	200	765	  1	
670	187	765	  1	
671	 84	765	  1	
671	335	765	  1	
672	192	765	  1	
672	222	765	  1	
672	511	765	  1	
683	518	765	  1	
690	136	765	  1	
693	 58	765	  1	
695	243	765	  1	
696	408	765	  1	
698	263	765	  1	
706	495	765	  1	
711	544	765	  1	
714	136	765	  1	
727	344	765	  1	
732	506	765	  1	
768	 68	765	  1	
774	120	765	  1	
784	 48	765	  1	
799	149	765	  1	
