# 
#  Image file: Goad1_T0190.jpg
#  Applied threshold: 575
#  Algorithm used: fill2                 
#  Particle count: 1916
#  Location (x,y), max luminance, and mass:
# 
  0	247	765	  1	
  0	272	765	  1	
  6	263	765	  1	
 10	296	765	  1	
 11	311	765	  1	
 15	264	765	  1	
 16	176	765	  1	
 23	271	765	  1	
 24	288	765	  1	
 24	376	765	  1	
 28	164	765	  1	
 31	319	765	  1	
 37	 98	765	  1	
 39	411	765	  1	
 39	535	765	  1	
 40	352	765	  1	
 40	383	765	  1	
 51	348	765	  1	
 53	200	765	  1	
 56	288	765	  1	
 60	 96	765	  1	
 61	190	765	  1	
 63	559	765	  1	
 64	347	765	  1	
 67	152	765	  1	
 71	 72	765	  1	
 71	 79	765	  1	
 71	107	765	  1	
 71	376	765	  1	
 71	384	765	  1	
 72	144	765	  1	
 72	177	765	  1	
 72	263	765	  1	
 78	360	765	  1	
 78	375	765	  1	
 79	151	765	  1	
 80	 88	765	  1	
 80	407	765	  1	
 81	119	765	  1	
 82	112	765	  1	
 85	 96	765	  1	
 87	 48	765	  1	
 87	148	765	  1	
 87	167	765	  1	
 87	402	765	  1	
 88	277	765	  1	
 89	133	765	  1	
 95	 87	765	  1	
 95	168	765	  1	
 96	259	765	  1	
 96	290	765	  1	
 96	383	765	  1	
 96	503	765	  1	
100	143	765	  1	
100	305	765	  1	
103	136	765	  1	
104	 98	765	  1	
106	155	765	  1	
106	293	765	  1	
106	490	765	  1	
107	292	765	  1	
109	115	765	  1	
110	390	765	  1	
111	127	765	  1	
111	229	765	  1	
112	 12	765	  1	
112	368	765	  1	
112	372	765	  1	
112	532	765	  1	
114	  8	765	  1	
114	266	765	  1	
115	335	765	  1	
115	420	765	  1	
116	528	765	  1	
118	205	765	  1	
119	360	765	  1	
119	410	765	  1	
119	519	765	  1	
120	150	765	  1	
120	170	765	  1	
120	288	765	  1	
126	 55	765	  1	
127	 88	765	  1	
127	 95	765	  1	
127	125	765	  1	
128	159	765	  1	
128	192	765	  1	
128	199	765	  1	
128	207	765	  1	
128	232	765	  1	
128	272	765	  1	
131	152	765	  1	
132	416	765	  1	
134	101	765	  1	
134	257	765	  1	
135	159	765	  1	
135	195	765	  1	
135	239	765	  1	
135	247	765	  1	
136	224	765	  1	
136	375	765	  1	
136	400	765	  1	
139	104	765	  1	
139	183	765	  1	
142	128	765	  1	
142	144	765	  1	
143	 24	765	  1	
143	199	765	  1	
144	216	765	  1	
144	223	765	  1	
144	248	765	  1	
144	260	765	  1	
144	567	765	  1	
147	136	765	  1	
147	208	765	  1	
148	 95	765	  1	
149	119	765	  1	
149	128	765	  1	
149	183	765	  1	
149	248	765	  1	
149	372	765	  1	
150	170	765	  1	
151	143	765	  1	
151	179	765	  1	
151	219	765	  1	
151	423	765	  1	
152	 87	765	  1	
152	125	765	  1	
152	158	765	  1	
152	196	765	  1	
152	200	765	  1	
152	204	765	  1	
154	120	765	  1	
154	168	765	  1	
154	237	765	  1	
154	261	765	  1	
155	 78	765	  1	
155	232	765	  1	
157	152	765	  1	
157	199	765	  1	
157	230	765	  1	
158	126	765	  1	
158	175	765	  1	
158	205	765	  1	
159	 87	765	  1	
160	 97	765	  1	
160	103	765	  1	
160	106	765	  1	
160	111	765	  1	
160	208	765	  1	
160	242	765	  1	
160	247	765	  1	
160	444	765	  1	
161	232	765	  1	
161	239	765	  1	
162	136	765	  1	
164	 14	765	  1	
164	126	765	  1	
165	 96	765	  1	
165	159	765	  1	
166	  8	765	  1	
166	242	765	  1	
167	 24	765	  1	
167	 64	765	  1	
167	108	765	  1	
167	247	765	  1	
167	271	765	  1	
167	536	765	  1	
168	 74	765	  1	
168	 86	765	  1	
168	 90	765	  1	
168	204	765	  1	
168	231	765	  1	
168	248	765	  1	
168	252	765	  1	
168	261	765	  1	
168	272	765	  1	
168	560	765	  1	
170	 96	765	  1	
170	160	765	  1	
170	296	765	  1	
171	387	765	  1	
173	 80	765	  1	
173	 93	765	  1	
173	207	765	  1	
173	224	765	  1	
174	136	765	  1	
175	 99	765	  1	
175	267	765	  1	
175	376	765	  1	
175	383	765	  1	
176	109	765	  1	
176	231	765	  1	
176	291	765	  1	
176	351	765	  1	
177	152	765	  1	
177	158	765	  1	
177	253	765	  1	
178	364	765	  1	
180	 89	765	  1	
181	152	765	  1	
182	176	765	  1	
182	226	765	  1	
182	304	765	  1	
182	311	765	  1	
182	336	765	  1	
182	379	765	  1	
183	367	765	  1	
183	408	765	  1	
184	 48	765	  1	
184	112	765	  1	
184	120	765	  1	
184	167	765	  1	
184	224	765	  1	
184	271	765	  1	
184	368	765	  1	
184	375	765	  1	
184	404	765	  1	
186	 72	765	  1	
186	 80	765	  1	
186	191	765	  1	
187	 55	765	  1	
187	 58	765	  1	
187	117	765	  1	
187	156	765	  1	
187	424	765	  1	
188	232	765	  1	
189	112	765	  1	
189	400	765	  1	
190	120	765	  1	
190	167	765	  1	
190	247	765	  1	
191	 48	765	  1	
191	 92	765	  1	
191	152	765	  1	
191	163	765	  1	
191	190	765	  1	
191	371	765	  1	
192	 64	765	  1	
192	 68	765	  1	
192	114	765	  1	
192	128	765	  1	
192	134	765	  1	
192	144	765	  1	
192	192	765	  1	
192	288	765	  1	
192	295	765	  1	
192	320	765	  1	
192	375	765	  1	
192	387	765	  1	
193	 31	765	  1	
193	312	765	  1	
194	125	765	  1	
194	238	765	  1	
196	131	765	  1	
196	280	765	  1	
196	422	765	  1	
197	 78	765	  1	
197	128	765	  1	
197	134	765	  1	
197	163	765	  1	
197	270	765	  1	
197	319	765	  1	
197	334	765	  1	
197	519	765	  1	
198	 31	765	  1	
198	287	765	  1	
198	291	765	  1	
198	363	765	  1	
199	 85	765	  1	
199	352	765	  1	
199	384	765	  1	
199	391	765	  1	
200	 96	765	  1	
200	111	765	  1	
200	119	765	  1	
200	175	765	  1	
201	135	765	  1	
202	150	765	  1	
202	170	765	  1	
202	394	765	  1	
203	  8	765	  1	
203	128	765	  1	
203	304	765	  1	
205	 13	765	  1	
205	 72	765	  1	
205	376	765	  1	
206	 99	765	  1	
206	119	765	  1	
206	144	765	  1	
206	175	765	  1	
206	240	765	  1	
206	247	765	  1	
207	383	765	  1	
208	172	765	  1	
208	239	765	  1	
208	288	765	  1	
208	295	765	  1	
208	392	765	  1	
208	419	765	  1	
208	456	765	  1	
209	123	765	  1	
210	134	765	  1	
210	328	765	  1	
211	  8	765	  1	
211	110	765	  1	
211	390	765	  1	
211	399	765	  1	
211	463	765	  1	
212	503	765	  1	
213	191	765	  1	
214	 15	765	  1	
214	 87	765	  1	
214	107	765	  1	
214	128	765	  1	
214	256	765	  1	
214	269	765	  1	
214	291	765	  1	
215	 76	765	  1	
215	 80	765	  1	
215	120	765	  1	
215	232	765	  1	
215	354	765	  1	
215	456	765	  1	
215	471	765	  1	
216	 16	765	  1	
216	 83	765	  1	
216	112	765	  1	
216	154	765	  1	
216	174	765	  1	
216	179	765	  1	
216	243	765	  1	
216	392	765	  1	
216	406	765	  1	
216	416	765	  1	
216	448	765	  1	
216	455	765	  1	
216	580	765	  1	
219	109	765	  1	
221	336	765	  1	
221	576	765	  1	
222	 72	765	  1	
222	 79	765	  1	
222	152	765	  1	
222	175	765	  1	
222	240	765	  1	
222	247	765	  1	
223	183	765	  1	
223	451	765	  1	
224	 39	765	  1	
224	 58	765	  1	
224	107	765	  1	
224	120	765	  1	
224	136	765	  1	
224	256	765	  1	
224	271	765	  1	
224	285	765	  1	
224	318	765	  1	
224	325	765	  1	
224	328	765	  1	
224	375	765	  1	
224	384	765	  1	
224	408	765	  1	
224	424	765	  1	
224	559	765	  1	
226	364	765	  1	
227	232	765	  1	
227	263	765	  1	
227	323	765	  1	
227	335	765	  1	
227	457	765	  1	
228	430	765	  1	
229	106	765	  1	
229	111	765	  1	
229	168	765	  1	
229	391	765	  1	
229	406	765	  1	
230	 74	765	  1	
230	 85	765	  1	
230	103	765	  1	
230	277	765	  1	
230	370	765	  1	
230	412	765	  1	
230	487	765	  1	
231	240	765	  1	
231	247	765	  1	
231	256	765	  1	
231	271	765	  1	
231	312	765	  1	
231	328	765	  1	
231	544	765	  1	
232	 46	765	  1	
232	 80	765	  1	
232	 87	765	  1	
232	123	765	  1	
232	153	765	  1	
232	183	765	  1	
232	191	765	  1	
232	288	765	  1	
232	440	765	  1	
232	451	765	  1	
233	112	765	  1	
233	118	765	  1	
234	  6	765	  1	
234	 96	765	  1	
234	224	765	  1	
234	231	765	  1	
234	437	765	  1	
235	 72	765	  1	
235	 83	765	  1	
235	295	765	  1	
235	432	765	  1	
236	312	765	  1	
237	 24	765	  1	
237	 31	765	  1	
237	172	765	  1	
238	 47	765	  1	
238	327	765	  1	
239	 80	765	  1	
239	 87	765	  1	
239	187	765	  1	
239	288	765	  1	
239	316	765	  1	
239	448	765	  1	
239	455	765	  1	
240	  6	765	  1	
240	 88	765	  1	
240	160	765	  1	
240	226	765	  1	
240	245	765	  1	
240	280	765	  1	
240	310	765	  1	
240	416	765	  1	
241	133	765	  1	
241	488	765	  1	
242	 76	765	  1	
242	158	765	  1	
243	 64	765	  1	
243	 95	765	  1	
243	117	765	  1	
243	152	765	  1	
243	451	765	  1	
244	527	765	  1	
245	104	765	  1	
245	128	765	  1	
245	144	765	  1	
245	304	765	  1	
245	504	765	  1	
246	  7	765	  1	
246	 47	765	  1	
247	160	765	  1	
247	230	765	  1	
247	416	765	  1	
248	  8	765	  1	
248	 56	765	  1	
248	 63	765	  1	
248	 74	765	  1	
248	120	765	  1	
248	148	765	  1	
248	168	765	  1	
248	232	765	  1	
248	249	765	  1	
248	255	765	  1	
248	300	765	  1	
248	434	765	  1	
248	440	765	  1	
248	447	765	  1	
248	451	765	  1	
248	472	765	  1	
248	515	765	  1	
248	576	765	  1	
249	 93	765	  1	
249	463	765	  1	
250	 40	765	  1	
250	 99	765	  1	
250	130	765	  1	
250	288	765	  1	
251	245	765	  1	
251	583	765	  1	
252	 59	765	  1	
252	 88	765	  1	
252	 96	765	  1	
252	103	765	  1	
253	 43	765	  1	
253	107	765	  1	
253	237	765	  1	
253	432	765	  1	
253	439	765	  1	
254	 86	765	  1	
254	255	765	  1	
254	448	765	  1	
254	506	765	  1	
255	  8	765	  1	
255	311	765	  1	
255	453	765	  1	
255	512	765	  1	
255	519	765	  1	
255	576	765	  1	
256	 16	765	  1	
256	 20	765	  1	
256	 50	765	  1	
256	 91	765	  1	
256	152	765	  1	
256	200	765	  1	
256	207	765	  1	
256	216	765	  1	
256	411	765	  1	
256	496	765	  1	
256	503	765	  1	
256	540	765	  1	
256	560	765	  1	
258	104	765	  1	
259	 40	765	  1	
259	168	765	  1	
259	255	765	  1	
259	440	765	  1	
259	447	765	  1	
259	592	765	  1	
260	232	765	  1	
260	544	765	  1	
261	 48	765	  1	
261	 55	765	  1	
262	 21	765	  1	
262	208	765	  1	
262	215	765	  1	
262	503	765	  1	
263	 16	765	  1	
263	 24	765	  1	
263	 88	765	  1	
263	 95	765	  1	
263	200	765	  1	
263	518	765	  1	
263	536	765	  1	
263	551	765	  1	
263	563	765	  1	
264	 22	765	  1	
264	 61	765	  1	
264	 75	765	  1	
264	157	765	  1	
264	167	765	  1	
264	181	765	  1	
264	216	765	  1	
264	239	765	  1	
264	267	765	  1	
264	299	765	  1	
264	382	765	  1	
266	 82	765	  1	
266	176	765	  1	
266	190	765	  1	
267	  8	765	  1	
267	 19	765	  1	
267	 87	765	  1	
267	232	765	  1	
267	272	765	  1	
267	390	765	  1	
268	503	765	  1	
268	520	765	  1	
269	 47	765	  1	
269	 56	765	  1	
269	152	765	  1	
269	207	765	  1	
269	219	765	  1	
269	310	765	  1	
269	431	765	  1	
269	479	765	  1	
270	182	765	  1	
270	384	765	  1	
270	527	765	  1	
270	576	765	  1	
271	163	765	  1	
271	200	765	  1	
271	239	765	  1	
271	288	765	  1	
271	303	765	  1	
271	497	765	  1	
272	 29	765	  1	
272	 40	765	  1	
272	149	765	  1	
272	165	765	  1	
272	179	765	  1	
272	191	765	  1	
272	231	765	  1	
272	245	765	  1	
272	255	765	  1	
272	264	765	  1	
272	287	765	  1	
272	316	765	  1	
272	320	765	  1	
272	329	765	  1	
272	402	765	  1	
272	413	765	  1	
272	416	765	  1	
272	439	765	  1	
272	442	765	  1	
272	448	765	  1	
272	471	765	  1	
272	501	765	  1	
272	512	765	  1	
272	558	765	  1	
273	197	765	  1	
273	200	765	  1	
273	303	765	  1	
275	224	765	  1	
275	280	765	  1	
275	472	765	  1	
277	 75	765	  1	
277	152	765	  1	
277	271	765	  1	
277	319	765	  1	
277	475	765	  1	
277	552	765	  1	
278	205	765	  1	
278	236	765	  1	
278	344	765	  1	
278	515	765	  1	
279	231	765	  1	
279	287	765	  1	
279	349	765	  1	
279	426	765	  1	
280	 67	765	  1	
280	195	765	  1	
280	224	765	  1	
280	248	765	  1	
280	264	765	  1	
280	283	765	  1	
280	288	765	  1	
280	298	765	  1	
280	328	765	  1	
280	384	765	  1	
280	400	765	  1	
280	530	765	  1	
280	535	765	  1	
281	204	765	  1	
282	 80	765	  1	
282	240	765	  1	
282	309	765	  1	
282	504	765	  1	
283	 23	765	  1	
283	 94	765	  1	
283	254	765	  1	
283	409	765	  1	
285	 72	765	  1	
285	415	765	  1	
286	302	765	  1	
287	 64	765	  1	
287	 80	765	  1	
287	185	765	  1	
287	288	765	  1	
287	319	765	  1	
287	375	765	  1	
288	 53	765	  1	
288	196	765	  1	
288	216	765	  1	
288	254	765	  1	
288	293	765	  1	
288	332	765	  1	
288	336	765	  1	
288	384	765	  1	
288	425	765	  1	
288	448	765	  1	
288	471	765	  1	
289	144	765	  1	
291	343	765	  1	
291	391	765	  1	
293	250	765	  1	
294	 95	765	  1	
294	308	765	  1	
294	332	765	  1	
294	347	765	  1	
294	435	765	  1	
294	468	765	  1	
295	180	765	  1	
295	336	765	  1	
295	384	765	  1	
295	424	765	  1	
296	  1	765	  1	
296	 72	765	  1	
296	103	765	  1	
296	147	765	  1	
296	152	765	  1	
296	171	765	  1	
296	192	765	  1	
296	232	765	  1	
296	370	765	  1	
296	376	765	  1	
296	383	765	  1	
296	395	765	  1	
296	435	765	  1	
296	454	765	  1	
298	 61	765	  1	
298	416	765	  1	
299	 88	765	  1	
299	176	765	  1	
299	200	765	  1	
299	296	765	  1	
299	428	765	  1	
301	101	765	  1	
302	 29	765	  1	
303	 56	765	  1	
303	 72	765	  1	
303	189	765	  1	
303	368	765	  1	
303	379	765	  1	
303	392	765	  1	
303	399	765	  1	
303	445	765	  1	
304	 27	765	  1	
304	 64	765	  1	
304	 90	765	  1	
304	104	765	  1	
304	112	765	  1	
304	288	765	  1	
304	294	765	  1	
304	335	765	  1	
304	527	765	  1	
306	304	765	  1	
306	463	765	  1	
307	168	765	  1	
307	287	765	  1	
307	406	765	  1	
308	311	765	  1	
309	 88	765	  1	
309	 95	765	  1	
309	175	765	  1	
309	199	765	  1	
310	 19	765	  1	
310	 24	765	  1	
310	 31	765	  1	
310	111	765	  1	
310	396	765	  1	
311	291	765	  1	
311	368	765	  1	
311	439	765	  1	
311	454	765	  1	
311	459	765	  1	
311	520	765	  1	
312	  5	765	  1	
312	 56	765	  1	
312	 98	765	  1	
312	123	765	  1	
312	144	765	  1	
312	160	765	  1	
312	187	765	  1	
312	210	765	  1	
312	280	765	  1	
312	319	765	  1	
312	328	765	  1	
312	355	765	  1	
313	168	765	  1	
313	175	765	  1	
315	 30	765	  1	
315	312	765	  1	
316	 87	765	  1	
317	 75	765	  1	
317	126	765	  1	
317	208	765	  1	
317	215	765	  1	
317	466	765	  1	
318	163	765	  1	
318	272	765	  1	
319	 83	765	  1	
319	319	765	  1	
319	327	765	  1	
319	495	765	  1	
320	 21	765	  1	
320	 24	765	  1	
320	 39	765	  1	
320	120	765	  1	
320	128	765	  1	
320	134	765	  1	
320	158	765	  1	
320	171	765	  1	
320	244	765	  1	
320	248	765	  1	
320	256	765	  1	
320	362	765	  1	
320	455	765	  1	
321	 96	765	  1	
321	103	765	  1	
322	490	765	  1	
323	 15	765	  1	
323	 32	765	  1	
323	 56	765	  1	
323	167	765	  1	
323	192	765	  1	
324	124	765	  1	
324	470	765	  1	
325	240	765	  1	
326	 24	765	  1	
326	123	765	  1	
326	219	765	  1	
326	288	765	  1	
326	498	765	  1	
327	  0	765	  1	
327	 39	765	  1	
327	136	765	  1	
327	158	765	  1	
327	488	765	  1	
327	503	765	  1	
328	 22	765	  1	
328	 47	765	  1	
328	 78	765	  1	
328	104	765	  1	
328	170	765	  1	
328	208	765	  1	
328	254	765	  1	
328	320	765	  1	
328	400	765	  1	
328	406	765	  1	
328	443	765	  1	
328	523	765	  1	
328	546	765	  1	
330	118	765	  1	
330	131	765	  1	
330	214	765	  1	
330	360	765	  1	
331	 40	765	  1	
331	 71	765	  1	
331	184	765	  1	
332	124	765	  1	
332	320	765	  1	
333	 18	765	  1	
333	135	765	  1	
333	304	765	  1	
333	440	765	  1	
334	  8	765	  1	
334	 15	765	  1	
334	 30	765	  1	
334	112	765	  1	
334	120	765	  1	
334	164	765	  1	
334	208	765	  1	
334	219	765	  1	
334	243	765	  1	
334	252	765	  1	
334	501	765	  1	
334	546	765	  1	
335	 47	765	  1	
335	 72	765	  1	
336	 55	765	  1	
336	 59	765	  1	
336	109	765	  1	
336	159	765	  1	
336	192	765	  1	
336	199	765	  1	
336	206	765	  1	
336	226	765	  1	
336	231	765	  1	
336	248	765	  1	
336	255	765	  1	
336	264	765	  1	
336	268	765	  1	
336	356	765	  1	
336	376	765	  1	
336	407	765	  1	
336	418	765	  1	
336	432	765	  1	
336	439	765	  1	
338	456	765	  1	
339	152	765	  1	
339	190	765	  1	
339	288	765	  1	
340	  0	765	  1	
340	331	765	  1	
340	408	765	  1	
341	262	765	  1	
341	344	765	  1	
341	368	765	  1	
341	392	765	  1	
341	397	765	  1	
341	418	765	  1	
342	251	765	  1	
342	378	765	  1	
343	159	765	  1	
343	195	765	  1	
343	383	765	  1	
343	458	765	  1	
343	496	765	  1	
343	559	765	  1	
344	  5	765	  1	
344	 11	765	  1	
344	 29	765	  1	
344	 51	765	  1	
344	 64	765	  1	
344	 76	765	  1	
344	 90	765	  1	
344	116	765	  1	
344	145	765	  1	
344	218	765	  1	
344	275	765	  1	
344	280	765	  1	
344	301	765	  1	
344	393	765	  1	
344	400	765	  1	
344	440	765	  1	
344	447	765	  1	
344	454	765	  1	
345	448	765	  1	
346	 35	765	  1	
346	184	765	  1	
347	 16	765	  1	
347	 40	765	  1	
347	127	765	  1	
348	384	765	  1	
349	  0	765	  1	
349	270	765	  1	
350	116	765	  1	
350	404	765	  1	
351	120	765	  1	
351	191	765	  1	
351	443	765	  1	
352	 24	765	  1	
352	 67	765	  1	
352	130	765	  1	
352	168	765	  1	
352	186	765	  1	
352	229	765	  1	
352	242	765	  1	
352	246	765	  1	
352	263	765	  1	
352	288	765	  1	
352	320	765	  1	
352	334	765	  1	
352	337	765	  1	
352	397	765	  1	
352	405	765	  1	
352	419	765	  1	
353	376	765	  1	
354	261	765	  1	
354	266	765	  1	
355	 78	765	  1	
355	262	765	  1	
355	296	765	  1	
355	368	765	  1	
355	386	765	  1	
355	391	765	  1	
356	135	765	  1	
356	252	765	  1	
356	278	765	  1	
357	  3	765	  1	
357	 27	765	  1	
357	120	765	  1	
357	127	765	  1	
357	200	765	  1	
357	251	765	  1	
357	304	765	  1	
357	311	765	  1	
358	 40	765	  1	
358	 72	765	  1	
358	141	765	  1	
358	256	765	  1	
359	 70	765	  1	
359	168	765	  1	
359	213	765	  1	
359	216	765	  1	
359	272	765	  1	
359	504	765	  1	
360	 31	765	  1	
360	 64	765	  1	
360	 75	765	  1	
360	101	765	  1	
360	117	765	  1	
360	122	765	  1	
360	149	765	  1	
360	174	765	  1	
360	234	765	  1	
360	286	765	  1	
360	299	765	  1	
360	308	765	  1	
360	430	765	  1	
360	442	765	  1	
360	455	765	  1	
361	 42	765	  1	
361	250	765	  1	
362	 94	765	  1	
362	240	765	  1	
362	280	765	  1	
363	 24	765	  1	
363	448	765	  1	
363	504	765	  1	
365	  8	765	  1	
365	 87	765	  1	
365	144	765	  1	
365	168	765	  1	
365	267	765	  1	
366	 67	765	  1	
366	188	765	  1	
366	205	765	  1	
366	241	765	  1	
366	334	765	  1	
367	 31	765	  1	
367	 72	765	  1	
367	 79	765	  1	
367	182	765	  1	
367	286	765	  1	
367	379	765	  1	
367	400	765	  1	
367	455	765	  1	
367	511	765	  1	
368	  7	765	  1	
368	 50	765	  1	
368	 58	765	  1	
368	109	765	  1	
368	135	765	  1	
368	155	765	  1	
368	176	765	  1	
368	208	765	  1	
368	224	765	  1	
368	310	765	  1	
368	356	765	  1	
368	443	765	  1	
368	499	765	  1	
370	199	765	  1	
370	345	765	  1	
371	144	765	  1	
371	330	765	  1	
371	496	765	  1	
371	503	765	  1	
372	131	765	  1	
372	351	765	  1	
372	424	765	  1	
373	 48	765	  1	
373	 55	765	  1	
373	 63	765	  1	
373	 75	765	  1	
373	 88	765	  1	
373	224	765	  1	
373	296	765	  1	
373	303	765	  1	
373	408	765	  1	
374	  0	765	  1	
374	 27	765	  1	
374	359	765	  1	
374	431	765	  1	
375	127	765	  1	
375	252	765	  1	
375	499	765	  1	
376	  5	765	  1	
376	 23	765	  1	
376	 80	765	  1	
376	 84	765	  1	
376	102	765	  1	
376	114	765	  1	
376	123	765	  1	
376	136	765	  1	
376	160	765	  1	
376	184	765	  1	
376	248	765	  1	
376	255	765	  1	
376	360	765	  1	
376	378	765	  1	
376	454	765	  1	
376	472	765	  1	
378	 72	765	  1	
378	127	765	  1	
378	475	765	  1	
379	 16	765	  1	
379	367	765	  1	
379	383	765	  1	
379	424	765	  1	
380	520	765	  1	
381	 39	765	  1	
381	 64	765	  1	
381	154	765	  1	
381	344	765	  1	
381	384	765	  1	
381	438	765	  1	
382	119	765	  1	
382	251	765	  1	
382	309	765	  1	
382	591	765	  1	
383	 23	765	  1	
383	102	765	  1	
383	360	765	  1	
383	376	765	  1	
383	431	765	  1	
383	472	765	  1	
383	526	765	  1	
383	599	765	  1	
384	 48	765	  1	
384	 61	765	  1	
384	 97	765	  1	
384	155	765	  1	
384	192	765	  1	
384	197	765	  1	
384	204	765	  1	
384	274	765	  1	
384	279	765	  1	
384	299	765	  1	
384	320	765	  1	
384	415	765	  1	
385	 91	765	  1	
385	335	765	  1	
385	355	765	  1	
386	125	765	  1	
386	411	765	  1	
387	 32	765	  1	
387	109	765	  1	
387	326	765	  1	
388	352	765	  1	
388	359	765	  1	
389	  8	765	  1	
389	 23	765	  1	
389	 56	765	  1	
389	207	765	  1	
389	400	765	  1	
390	 48	765	  1	
390	315	765	  1	
390	406	765	  1	
392	 19	765	  1	
392	 67	765	  1	
392	 92	765	  1	
392	 97	765	  1	
392	103	765	  1	
392	109	765	  1	
392	136	765	  1	
392	182	765	  1	
392	243	765	  1	
392	336	765	  1	
392	350	765	  1	
392	416	765	  1	
392	423	765	  1	
392	464	765	  1	
392	482	765	  1	
392	487	765	  1	
393	154	765	  1	
394	220	765	  1	
395	 88	765	  1	
395	496	765	  1	
396	567	765	  1	
397	 11	765	  1	
397	 35	765	  1	
397	 48	765	  1	
397	176	765	  1	
397	181	765	  1	
397	200	765	  1	
398	  4	765	  1	
398	336	765	  1	
398	442	765	  1	
398	447	765	  1	
399	216	765	  1	
399	360	765	  1	
399	419	765	  1	
400	 21	765	  1	
400	 88	765	  1	
400	140	765	  1	
400	144	765	  1	
400	148	765	  1	
400	160	765	  1	
400	166	765	  1	
400	181	765	  1	
400	256	765	  1	
400	405	765	  1	
400	456	765	  1	
401	 67	765	  1	
401	335	765	  1	
402	  8	765	  1	
402	128	765	  1	
402	400	765	  1	
402	472	765	  1	
403	243	765	  1	
404	 94	765	  1	
404	192	765	  1	
404	462	765	  1	
405	115	765	  1	
405	141	765	  1	
405	163	765	  1	
405	207	765	  1	
406	 14	765	  1	
406	134	765	  1	
406	145	765	  1	
407	168	765	  1	
407	208	765	  1	
407	226	765	  1	
407	231	765	  1	
407	240	765	  1	
408	  3	765	  1	
408	 37	765	  1	
408	 74	765	  1	
408	 95	765	  1	
408	100	765	  1	
408	110	765	  1	
408	118	765	  1	
408	155	765	  1	
408	167	765	  1	
408	332	765	  1	
408	342	765	  1	
408	390	765	  1	
409	 32	765	  1	
409	219	765	  1	
410	 12	765	  1	
410	151	765	  1	
410	311	765	  1	
410	480	765	  1	
410	495	765	  1	
411	 87	765	  1	
412	145	765	  1	
413	128	765	  1	
413	207	765	  1	
413	352	765	  1	
413	359	765	  1	
413	384	765	  1	
414	151	765	  1	
414	192	765	  1	
415	 15	765	  1	
415	296	765	  1	
415	484	765	  1	
415	491	765	  1	
416	 51	765	  1	
416	 69	765	  1	
416	 91	765	  1	
416	103	765	  1	
416	119	765	  1	
416	173	765	  1	
416	178	765	  1	
417	 37	765	  1	
417	112	765	  1	
418	 32	765	  1	
418	207	765	  1	
419	384	765	  1	
421	 11	765	  1	
421	 54	765	  1	
421	133	765	  1	
421	183	765	  1	
421	430	765	  1	
423	 35	765	  1	
423	 99	765	  1	
423	327	765	  1	
423	391	765	  1	
424	 24	765	  1	
424	126	765	  1	
424	143	765	  1	
424	216	765	  1	
424	232	765	  1	
424	288	765	  1	
424	335	765	  1	
424	350	765	  1	
424	419	765	  1	
426	 74	765	  1	
426	176	765	  1	
427	 95	765	  1	
428	239	765	  1	
428	330	765	  1	
429	  8	765	  1	
429	123	765	  1	
429	200	765	  1	
430	 48	765	  1	
430	 55	765	  1	
430	132	765	  1	
430	182	765	  1	
430	234	765	  1	
430	408	765	  1	
430	415	765	  1	
431	 89	765	  1	
431	144	765	  1	
431	288	765	  1	
432	 20	765	  1	
432	 56	765	  1	
432	 79	765	  1	
432	 85	765	  1	
432	127	765	  1	
432	155	765	  1	
432	167	765	  1	
432	173	765	  1	
432	192	765	  1	
432	199	765	  1	
432	253	765	  1	
432	393	765	  1	
432	400	765	  1	
432	404	765	  1	
432	439	765	  1	
433	106	765	  1	
433	111	765	  1	
434	407	765	  1	
435	 72	765	  1	
435	432	765	  1	
436	392	765	  1	
437	 10	765	  1	
437	 26	765	  1	
437	125	765	  1	
437	183	765	  1	
437	224	765	  1	
437	288	765	  1	
438	419	765	  1	
439	  0	765	  1	
439	 22	765	  1	
439	 79	765	  1	
439	 96	765	  1	
439	195	765	  1	
439	247	765	  1	
439	368	765	  1	
439	439	765	  1	
439	443	765	  1	
440	 49	765	  1	
440	 56	765	  1	
440	 88	765	  1	
440	 93	765	  1	
440	104	765	  1	
440	128	765	  1	
440	168	765	  1	
440	174	765	  1	
440	220	765	  1	
440	256	765	  1	
440	263	765	  1	
440	296	765	  1	
440	359	765	  1	
440	472	765	  1	
440	487	765	  1	
441	184	765	  1	
441	244	765	  1	
442	110	765	  1	
443	  0	765	  1	
443	 72	765	  1	
443	133	765	  1	
443	144	765	  1	
443	251	765	  1	
443	352	765	  1	
445	171	765	  1	
446	 58	765	  1	
446	127	765	  1	
446	213	765	  1	
446	259	765	  1	
447	116	765	  1	
447	244	765	  1	
447	272	765	  1	
447	359	765	  1	
447	392	765	  1	
448	  0	765	  1	
448	 24	765	  1	
448	 31	765	  1	
448	 34	765	  1	
448	 72	765	  1	
448	 76	765	  1	
448	 98	765	  1	
448	152	765	  1	
448	184	765	  1	
448	191	765	  1	
448	208	765	  1	
448	315	765	  1	
448	568	765	  1	
451	 95	765	  1	
451	142	765	  1	
452	 31	765	  1	
452	552	765	  1	
452	559	765	  1	
453	 99	765	  1	
453	158	765	  1	
454	 88	765	  1	
455	 18	765	  1	
455	 29	765	  1	
456	  8	765	  1	
456	 32	765	  1	
456	 39	765	  1	
456	 59	765	  1	
456	106	765	  1	
456	122	765	  1	
456	128	765	  1	
456	202	765	  1	
456	271	765	  1	
456	320	765	  1	
456	360	765	  1	
456	459	765	  1	
456	542	765	  1	
458	 16	765	  1	
458	 49	765	  1	
458	 53	765	  1	
458	224	765	  1	
459	 28	765	  1	
459	 72	765	  1	
459	136	765	  1	
459	214	765	  1	
459	264	765	  1	
459	280	765	  1	
460	 95	765	  1	
461	 78	765	  1	
461	120	765	  1	
461	127	765	  1	
462	 35	765	  1	
462	 62	765	  1	
462	 88	765	  1	
463	 53	765	  1	
463	111	765	  1	
463	271	765	  1	
463	288	765	  1	
463	359	765	  1	
464	 22	765	  1	
464	163	765	  1	
464	475	765	  1	
464	562	765	  1	
466	117	765	  1	
466	160	765	  1	
466	173	765	  1	
467	104	765	  1	
467	423	765	  1	
469	 16	765	  1	
469	 23	765	  1	
469	 55	765	  1	
469	 87	765	  1	
469	 91	765	  1	
469	167	765	  1	
470	136	765	  1	
471	543	765	  1	
472	 32	765	  1	
472	 38	765	  1	
472	 68	765	  1	
472	104	765	  1	
472	124	765	  1	
472	128	765	  1	
472	134	765	  1	
472	178	765	  1	
472	208	765	  1	
472	344	765	  1	
475	 64	765	  1	
475	240	765	  1	
477	131	765	  1	
477	176	765	  1	
477	183	765	  1	
478	 87	765	  1	
479	208	765	  1	
479	335	765	  1	
480	 16	765	  1	
480	 47	765	  1	
480	 54	765	  1	
480	 72	765	  1	
480	 82	765	  1	
480	 91	765	  1	
480	298	765	  1	
480	568	765	  1	
482	 40	765	  1	
482	118	765	  1	
482	200	765	  1	
483	 94	765	  1	
483	158	765	  1	
483	183	765	  1	
484	 56	765	  1	
485	 82	765	  1	
485	211	765	  1	
486	112	765	  1	
486	152	765	  1	
486	206	765	  1	
486	352	765	  1	
487	 47	765	  1	
487	 63	765	  1	
487	298	765	  1	
487	336	765	  1	
487	369	765	  1	
488	 19	765	  1	
488	 27	765	  1	
488	 38	765	  1	
488	 94	765	  1	
488	160	765	  1	
488	184	765	  1	
488	200	765	  1	
488	230	765	  1	
488	584	765	  1	
488	591	765	  1	
490	383	765	  1	
491	 86	765	  1	
491	128	765	  1	
491	144	765	  1	
491	168	765	  1	
493	  0	765	  1	
493	 38	765	  1	
494	 24	765	  1	
494	135	765	  1	
494	381	765	  1	
495	 16	765	  1	
495	200	765	  1	
495	338	765	  1	
495	376	765	  1	
496	 45	765	  1	
496	 57	765	  1	
496	111	765	  1	
496	127	765	  1	
496	227	765	  1	
496	264	765	  1	
496	288	765	  1	
498	114	765	  1	
498	135	765	  1	
498	144	765	  1	
498	314	765	  1	
500	320	765	  1	
501	 91	765	  1	
501	123	765	  1	
502	224	765	  1	
502	264	765	  1	
502	328	765	  1	
503	418	765	  1	
504	 22	765	  1	
504	 64	765	  1	
504	 72	765	  1	
504	 81	765	  1	
504	112	765	  1	
504	146	765	  1	
504	152	765	  1	
504	163	765	  1	
504	178	765	  1	
504	327	765	  1	
505	504	765	  1	
506	  8	765	  1	
506	368	765	  1	
507	 31	765	  1	
507	 73	765	  1	
508	 87	765	  1	
508	222	765	  1	
509	 56	765	  1	
509	 79	765	  1	
509	118	765	  1	
509	176	765	  1	
509	183	765	  1	
510	216	765	  1	
511	 24	765	  1	
511	159	765	  1	
511	320	765	  1	
511	327	765	  1	
511	368	765	  1	
511	424	765	  1	
512	 48	765	  1	
512	 55	765	  1	
512	 64	765	  1	
512	102	765	  1	
512	112	765	  1	
512	123	765	  1	
512	128	765	  1	
512	160	765	  1	
512	197	765	  1	
512	212	765	  1	
512	264	765	  1	
512	355	765	  1	
512	392	765	  1	
514	 11	765	  1	
514	 71	765	  1	
514	134	765	  1	
515	192	765	  1	
515	271	765	  1	
515	318	765	  1	
516	114	765	  1	
516	120	765	  1	
516	256	765	  1	
516	263	765	  1	
517	 99	765	  1	
517	144	765	  1	
517	211	765	  1	
518	 64	765	  1	
518	128	765	  1	
518	240	765	  1	
518	283	765	  1	
519	 51	765	  1	
519	183	765	  1	
519	264	765	  1	
519	352	765	  1	
519	359	765	  1	
520	 32	765	  1	
520	 96	765	  1	
520	110	765	  1	
520	117	765	  1	
520	146	765	  1	
520	219	765	  1	
520	308	765	  1	
520	336	765	  1	
522	 56	765	  1	
522	 79	765	  1	
523	255	765	  1	
523	272	765	  1	
523	279	765	  1	
523	295	765	  1	
524	 96	765	  1	
526	222	765	  1	
527	 39	765	  1	
527	247	765	  1	
527	288	765	  1	
527	319	765	  1	
528	  8	765	  1	
528	 12	765	  1	
528	 50	765	  1	
528	 82	765	  1	
528	123	765	  1	
528	199	765	  1	
528	216	765	  1	
528	280	765	  1	
528	316	765	  1	
528	328	765	  1	
528	333	765	  1	
528	357	765	  1	
529	 87	765	  1	
529	141	765	  1	
530	103	765	  1	
531	 21	765	  1	
531	112	765	  1	
531	192	765	  1	
531	208	765	  1	
531	287	765	  1	
531	294	765	  1	
532	399	765	  1	
533	136	765	  1	
533	179	765	  1	
534	142	765	  1	
534	312	765	  1	
535	 50	765	  1	
535	199	765	  1	
536	 62	765	  1	
536	 96	765	  1	
536	112	765	  1	
536	139	765	  1	
536	146	765	  1	
536	191	765	  1	
536	226	765	  1	
536	231	765	  1	
536	303	765	  1	
538	295	765	  1	
539	 87	765	  1	
539	110	765	  1	
539	368	765	  1	
540	 82	765	  1	
541	 98	765	  1	
541	118	765	  1	
541	144	765	  1	
541	151	765	  1	
541	159	765	  1	
541	220	765	  1	
542	 10	765	  1	
542	 21	765	  1	
543	 56	765	  1	
543	136	765	  1	
543	303	765	  1	
544	  0	765	  1	
544	 63	765	  1	
544	 80	765	  1	
544	 87	765	  1	
544	108	765	  1	
544	115	765	  1	
544	165	765	  1	
544	169	765	  1	
544	173	765	  1	
544	196	765	  1	
544	261	765	  1	
544	272	765	  1	
544	336	765	  1	
544	344	765	  1	
544	432	765	  1	
544	479	765	  1	
546	136	765	  1	
547	 16	765	  1	
547	 23	765	  1	
547	120	765	  1	
547	184	765	  1	
547	334	765	  1	
547	343	765	  1	
548	195	765	  1	
549	  6	765	  1	
549	100	765	  1	
549	152	765	  1	
549	159	765	  1	
549	223	765	  1	
551	328	765	  1	
551	336	765	  1	
551	344	765	  1	
552	104	765	  1	
552	151	765	  1	
552	160	765	  1	
552	220	765	  1	
552	231	765	  1	
552	248	765	  1	
552	251	765	  1	
552	262	765	  1	
552	296	765	  1	
552	427	765	  1	
553	140	765	  1	
553	295	765	  1	
554	 70	765	  1	
554	274	765	  1	
555	376	765	  1	
558	 75	765	  1	
558	160	765	  1	
558	299	765	  1	
559	 51	765	  1	
559	104	765	  1	
559	111	765	  1	
559	227	765	  1	
560	 31	765	  1	
560	 39	765	  1	
560	107	765	  1	
560	124	765	  1	
560	150	765	  1	
560	213	765	  1	
560	240	765	  1	
560	255	765	  1	
560	306	765	  1	
561	280	765	  1	
563	295	765	  1	
565	 88	765	  1	
565	243	765	  1	
565	291	765	  1	
565	311	765	  1	
567	286	765	  1	
567	295	765	  1	
567	304	765	  1	
568	  6	765	  1	
568	 35	765	  1	
568	 78	765	  1	
568	112	765	  1	
568	152	765	  1	
568	159	765	  1	
568	173	765	  1	
568	250	765	  1	
568	259	765	  1	
568	271	765	  1	
568	318	765	  1	
568	328	765	  1	
568	360	765	  1	
568	366	765	  1	
568	406	765	  1	
570	 85	765	  1	
570	135	765	  1	
570	456	765	  1	
571	 80	765	  1	
571	192	765	  1	
573	144	765	  1	
573	359	765	  1	
574	 15	765	  1	
574	247	765	  1	
575	  0	765	  1	
575	 32	765	  1	
575	 39	765	  1	
575	 75	765	  1	
575	155	765	  1	
575	400	765	  1	
575	456	765	  1	
576	104	765	  1	
576	135	765	  1	
576	143	765	  1	
576	214	765	  1	
576	231	765	  1	
576	240	765	  1	
576	288	765	  1	
576	304	765	  1	
576	323	765	  1	
577	327	765	  1	
578	208	765	  1	
579	128	765	  1	
579	247	765	  1	
579	310	765	  1	
580	 96	765	  1	
582	103	765	  1	
583	135	765	  1	
583	139	765	  1	
583	152	765	  1	
583	159	765	  1	
583	231	765	  1	
583	240	765	  1	
583	312	765	  1	
583	407	765	  1	
584	 88	765	  1	
584	 96	765	  1	
584	131	765	  1	
584	187	765	  1	
584	206	765	  1	
584	232	765	  1	
584	239	765	  1	
584	259	765	  1	
584	293	765	  1	
584	298	765	  1	
584	328	765	  1	
584	447	765	  1	
585	 93	765	  1	
585	208	765	  1	
585	216	765	  1	
586	200	765	  1	
586	318	765	  1	
587	150	765	  1	
587	235	765	  1	
588	184	765	  1	
589	 88	765	  1	
589	136	765	  1	
589	310	765	  1	
589	335	765	  1	
590	108	765	  1	
590	277	765	  1	
590	327	765	  1	
591	128	765	  1	
591	232	765	  1	
591	239	765	  1	
591	256	765	  1	
591	263	765	  1	
591	298	765	  1	
592	 16	765	  1	
592	 61	765	  1	
592	229	765	  1	
592	248	765	  1	
592	320	765	  1	
592	330	765	  1	
594	 56	765	  1	
595	  5	765	  1	
595	352	765	  1	
595	359	765	  1	
596	144	765	  1	
596	270	765	  1	
597	100	765	  1	
597	276	765	  1	
597	295	765	  1	
598	151	765	  1	
598	210	765	  1	
598	222	765	  1	
598	225	765	  1	
598	264	765	  1	
598	304	765	  1	
598	328	765	  1	
598	528	765	  1	
599	 83	765	  1	
599	 95	765	  1	
599	255	765	  1	
599	320	765	  1	
599	400	765	  1	
599	408	765	  1	
600	113	765	  1	
600	228	765	  1	
600	256	765	  1	
600	306	765	  1	
600	333	765	  1	
600	336	765	  1	
601	264	765	  1	
602	239	765	  1	
603	226	765	  1	
603	322	765	  1	
603	341	765	  1	
605	256	765	  1	
605	304	765	  1	
605	330	765	  1	
606	216	765	  1	
606	251	765	  1	
608	 96	765	  1	
608	344	765	  1	
609	112	765	  1	
609	256	765	  1	
609	263	765	  1	
610	296	765	  1	
611	 87	765	  1	
611	103	765	  1	
611	232	765	  1	
612	238	765	  1	
613	272	765	  1	
613	279	765	  1	
615	  5	765	  1	
615	 96	765	  1	
615	296	765	  1	
615	344	765	  1	
616	  8	765	  1	
616	 71	765	  1	
616	112	765	  1	
616	200	765	  1	
616	231	765	  1	
616	240	765	  1	
616	264	765	  1	
616	268	765	  1	
616	288	765	  1	
616	294	765	  1	
616	308	765	  1	
616	312	765	  1	
616	318	765	  1	
616	339	765	  1	
619	224	765	  1	
620	248	765	  1	
621	328	765	  1	
623	  8	765	  1	
623	 69	765	  1	
623	127	765	  1	
623	200	765	  1	
623	231	765	  1	
624	195	765	  1	
624	271	765	  1	
624	347	765	  1	
625	 96	765	  1	
627	120	765	  1	
628	328	765	  1	
629	211	765	  1	
631	264	765	  1	
632	240	765	  1	
632	319	765	  1	
634	351	765	  1	
635	183	765	  1	
635	312	765	  1	
639	319	765	  1	
640	215	765	  1	
640	231	765	  1	
640	269	765	  1	
642	304	765	  1	
643	 55	765	  1	
644	377	765	  1	
645	311	765	  1	
647	 76	765	  1	
647	215	765	  1	
648	238	765	  1	
648	402	765	  1	
649	215	765	  1	
650	119	765	  1	
651	187	765	  1	
651	335	765	  1	
656	359	765	  1	
662	  1	765	  1	
662	 66	765	  1	
663	 75	765	  1	
664	  0	765	  1	
669	158	765	  1	
672	254	765	  1	
672	511	765	  1	
679	251	765	  1	
680	532	765	  1	
688	137	765	  1	
689	 71	765	  1	
690	143	765	  1	
698	112	765	  1	
704	164	765	  1	
719	200	765	  1	
723	191	765	  1	
740	 89	765	  1	
763	 79	765	  1	
