# 
#  Image file: Goad1_T0006.jpg
#  Applied threshold: 575
#  Algorithm used: fill2                 
#  Particle count: 1967
#  Location (x,y), max luminance, and mass:
# 
  3	263	765	  1	
  4	392	765	  1	
  7	115	765	  1	
  7	133	765	  1	
  7	226	765	  1	
  8	565	765	  1	
 11	143	765	  1	
 12	236	765	  1	
 15	285	765	  1	
 15	431	765	  1	
 16	304	765	  1	
 19	111	765	  1	
 23	359	765	  1	
 24	224	765	  1	
 29	562	765	  1	
 30	111	765	  1	
 32	127	765	  1	
 32	312	765	  1	
 32	408	765	  1	
 36	412	765	  1	
 39	271	765	  1	
 40	159	765	  1	
 51	 39	765	  1	
 54	256	765	  1	
 56	 97	765	  1	
 56	104	765	  1	
 63	120	765	  1	
 63	187	765	  1	
 66	296	765	  1	
 68	211	765	  1	
 72	  8	765	  1	
 72	108	765	  1	
 72	152	765	  1	
 78	190	765	  1	
 79	 89	765	  1	
 80	 11	765	  1	
 80	279	765	  1	
 80	395	765	  1	
 82	264	765	  1	
 82	375	765	  1	
 83	160	765	  1	
 85	377	765	  1	
 87	144	765	  1	
 87	402	765	  1	
 87	456	765	  1	
 88	 77	765	  1	
 88	151	765	  1	
 88	283	765	  1	
 88	514	765	  1	
 91	118	765	  1	
 91	499	765	  1	
 94	364	765	  1	
 95	280	765	  1	
 96	279	765	  1	
 96	414	765	  1	
103	 79	765	  1	
103	379	765	  1	
104	286	765	  1	
104	339	765	  1	
104	343	765	  1	
106	264	765	  1	
106	312	765	  1	
106	352	765	  1	
109	472	765	  1	
111	199	765	  1	
111	336	765	  1	
112	  3	765	  1	
112	 87	765	  1	
112	168	765	  1	
112	175	765	  1	
112	208	765	  1	
113	229	765	  1	
114	403	765	  1	
115	 64	765	  1	
115	286	765	  1	
115	399	765	  1	
116	104	765	  1	
116	122	765	  1	
116	222	765	  1	
118	216	765	  1	
118	280	765	  1	
119	171	765	  1	
119	267	765	  1	
119	320	765	  1	
119	424	765	  1	
120	 82	765	  1	
120	159	765	  1	
120	191	765	  1	
120	219	765	  1	
121	  0	765	  1	
122	212	765	  1	
122	239	765	  1	
123	184	765	  1	
124	128	765	  1	
124	240	765	  1	
126	223	765	  1	
127	191	765	  1	
127	304	765	  1	
128	188	765	  1	
128	250	765	  1	
128	259	765	  1	
128	272	765	  1	
128	328	765	  1	
128	392	765	  1	
134	 55	765	  1	
134	212	765	  1	
135	152	765	  1	
135	220	765	  1	
135	247	765	  1	
135	392	765	  1	
136	 87	765	  1	
136	 96	765	  1	
136	111	765	  1	
136	149	765	  1	
136	168	765	  1	
136	224	765	  1	
136	231	765	  1	
136	239	765	  1	
136	472	765	  1	
139	104	765	  1	
139	208	765	  1	
139	453	765	  1	
140	102	765	  1	
140	281	765	  1	
141	400	765	  1	
142	111	765	  1	
142	171	765	  1	
142	287	765	  1	
143	  8	765	  1	
143	 71	765	  1	
143	166	765	  1	
143	215	765	  1	
143	440	765	  1	
144	  0	765	  1	
144	154	765	  1	
144	168	765	  1	
144	175	765	  1	
144	207	765	  1	
144	216	765	  1	
144	242	765	  1	
144	258	765	  1	
144	311	765	  1	
144	330	765	  1	
144	348	765	  1	
147	246	765	  1	
147	285	765	  1	
148	384	765	  1	
149	127	765	  1	
149	272	765	  1	
149	307	765	  1	
150	421	765	  1	
151	 78	765	  1	
151	120	765	  1	
151	171	765	  1	
151	240	765	  1	
151	280	765	  1	
151	371	765	  1	
151	417	765	  1	
152	186	765	  1	
152	226	765	  1	
152	235	765	  1	
152	247	765	  1	
152	456	765	  1	
154	368	765	  1	
155	240	765	  1	
155	312	765	  1	
156	198	765	  1	
156	375	765	  1	
157	191	765	  1	
158	226	765	  1	
159	 66	765	  1	
159	230	765	  1	
159	247	765	  1	
159	284	765	  1	
159	520	765	  1	
160	  3	765	  1	
160	100	765	  1	
160	119	765	  1	
160	152	765	  1	
160	176	765	  1	
160	213	765	  1	
160	285	765	  1	
160	296	765	  1	
160	359	765	  1	
160	411	765	  1	
160	415	765	  1	
162	 55	765	  1	
162	276	765	  1	
162	368	765	  1	
163	159	765	  1	
163	181	765	  1	
163	192	765	  1	
164	469	765	  1	
165	232	765	  1	
165	239	765	  1	
165	287	765	  1	
166	176	765	  1	
167	  0	765	  1	
167	  7	765	  1	
167	 40	765	  1	
167	 66	765	  1	
167	152	765	  1	
167	261	765	  1	
167	368	765	  1	
168	  8	765	  1	
168	 77	765	  1	
168	103	765	  1	
168	114	765	  1	
168	224	765	  1	
168	231	765	  1	
168	538	765	  1	
170	111	765	  1	
170	379	765	  1	
173	119	765	  1	
173	160	765	  1	
173	421	765	  1	
174	181	765	  1	
174	471	765	  1	
175	224	765	  1	
175	231	765	  1	
175	320	765	  1	
175	463	765	  1	
176	 18	765	  1	
176	 48	765	  1	
176	 99	765	  1	
176	175	765	  1	
176	200	765	  1	
176	240	765	  1	
176	282	765	  1	
176	311	765	  1	
176	421	765	  1	
176	447	765	  1	
176	568	765	  1	
177	304	765	  1	
178	111	765	  1	
179	168	765	  1	
179	267	765	  1	
179	294	765	  1	
181	103	765	  1	
181	196	765	  1	
181	379	765	  1	
181	422	765	  1	
182	111	765	  1	
183	175	765	  1	
183	256	765	  1	
183	408	765	  1	
183	419	765	  1	
184	 63	765	  1	
184	 93	765	  1	
184	128	765	  1	
184	160	765	  1	
184	167	765	  1	
184	172	765	  1	
184	190	765	  1	
184	264	765	  1	
184	291	765	  1	
184	317	765	  1	
184	351	765	  1	
184	359	765	  1	
184	477	765	  1	
184	544	765	  1	
184	552	765	  1	
186	 88	765	  1	
186	142	765	  1	
187	136	765	  1	
189	240	765	  1	
189	304	765	  1	
189	309	765	  1	
190	 63	765	  1	
190	 94	765	  1	
190	188	765	  1	
190	268	765	  1	
191	163	765	  1	
191	288	765	  1	
191	295	765	  1	
191	298	765	  1	
191	351	765	  1	
191	383	765	  1	
191	504	765	  1	
192	 19	765	  1	
192	 64	765	  1	
192	 80	765	  1	
192	104	765	  1	
192	108	765	  1	
192	150	765	  1	
192	278	765	  1	
192	286	765	  1	
192	306	765	  1	
192	313	765	  1	
192	327	765	  1	
192	340	765	  1	
192	364	765	  1	
192	407	765	  1	
194	183	765	  1	
195	 71	765	  1	
195	247	765	  1	
195	320	765	  1	
196	360	765	  1	
197	136	765	  1	
197	168	765	  1	
197	192	765	  1	
197	343	765	  1	
198	128	765	  1	
198	146	765	  1	
198	299	765	  1	
198	367	765	  1	
198	375	765	  1	
199	 64	765	  1	
199	143	765	  1	
199	294	765	  1	
199	327	765	  1	
199	468	765	  1	
200	 53	765	  1	
200	118	765	  1	
200	160	765	  1	
200	213	765	  1	
200	227	765	  1	
200	246	765	  1	
200	322	765	  1	
200	387	765	  1	
200	521	765	  1	
201	152	765	  1	
201	165	765	  1	
202	293	765	  1	
202	309	765	  1	
203	248	765	  1	
203	304	765	  1	
203	334	765	  1	
204	167	765	  1	
204	239	765	  1	
205	  6	765	  1	
205	134	765	  1	
205	171	765	  1	
205	176	765	  1	
205	208	765	  1	
205	384	765	  1	
206	 48	765	  1	
206	157	765	  1	
206	224	765	  1	
206	320	765	  1	
206	563	765	  1	
207	118	765	  1	
207	163	765	  1	
207	192	765	  1	
208	 24	765	  1	
208	 32	765	  1	
208	 36	765	  1	
208	139	765	  1	
208	144	765	  1	
208	151	765	  1	
208	288	765	  1	
208	312	765	  1	
208	337	765	  1	
208	342	765	  1	
208	368	765	  1	
208	375	765	  1	
208	391	765	  1	
208	456	765	  1	
209	136	765	  1	
209	143	765	  1	
210	 31	765	  1	
210	424	765	  1	
211	 93	765	  1	
211	227	765	  1	
211	264	765	  1	
211	295	765	  1	
212	125	765	  1	
212	327	765	  1	
212	447	765	  1	
213	 88	765	  1	
213	120	765	  1	
213	155	765	  1	
213	163	765	  1	
213	316	765	  1	
213	344	765	  1	
213	376	765	  1	
213	383	765	  1	
214	 37	765	  1	
214	 80	765	  1	
214	442	765	  1	
215	 21	765	  1	
215	 32	765	  1	
215	 64	765	  1	
215	147	765	  1	
215	288	765	  1	
215	368	765	  1	
215	387	765	  1	
216	 63	765	  1	
216	 95	765	  1	
216	176	765	  1	
216	246	765	  1	
216	358	765	  1	
216	380	765	  1	
217	162	765	  1	
217	167	765	  1	
217	200	765	  1	
218	 58	765	  1	
218	250	765	  1	
218	285	765	  1	
218	334	765	  1	
218	360	765	  1	
219	143	765	  1	
219	159	765	  1	
219	269	765	  1	
219	448	765	  1	
219	488	765	  1	
219	517	765	  1	
220	218	765	  1	
220	551	765	  1	
221	 84	765	  1	
221	192	765	  1	
221	199	765	  1	
221	232	765	  1	
221	237	765	  1	
221	282	765	  1	
221	320	765	  1	
222	380	765	  1	
222	455	765	  1	
223	143	765	  1	
223	246	765	  1	
223	333	765	  1	
223	376	765	  1	
223	536	765	  1	
224	 64	765	  1	
224	103	765	  1	
224	139	765	  1	
224	160	765	  1	
224	189	765	  1	
224	205	765	  1	
224	270	765	  1	
224	280	765	  1	
224	315	765	  1	
224	347	765	  1	
224	367	765	  1	
224	399	765	  1	
224	437	765	  1	
224	537	765	  1	
224	559	765	  1	
226	101	765	  1	
226	200	765	  1	
226	309	765	  1	
226	320	765	  1	
226	358	765	  1	
226	458	765	  1	
227	128	765	  1	
227	248	765	  1	
227	264	765	  1	
227	287	765	  1	
227	392	765	  1	
227	407	765	  1	
227	455	765	  1	
228	 93	765	  1	
228	275	765	  1	
228	432	765	  1	
229	 70	765	  1	
229	182	765	  1	
229	238	765	  1	
229	599	765	  1	
230	 16	765	  1	
230	 23	765	  1	
230	103	765	  1	
230	206	765	  1	
230	312	765	  1	
230	319	765	  1	
230	448	765	  1	
231	 55	765	  1	
231	 88	765	  1	
231	136	765	  1	
231	143	765	  1	
231	280	765	  1	
231	352	765	  1	
231	399	765	  1	
231	456	765	  1	
232	 35	765	  1	
232	 83	765	  1	
232	121	765	  1	
232	129	765	  1	
232	140	765	  1	
232	157	765	  1	
232	184	765	  1	
232	197	765	  1	
232	391	765	  1	
232	416	765	  1	
232	440	765	  1	
232	470	765	  1	
233	168	765	  1	
234	152	765	  1	
234	232	765	  1	
234	399	765	  1	
235	 75	765	  1	
235	224	765	  1	
235	261	765	  1	
235	384	765	  1	
236	 93	765	  1	
237	196	765	  1	
237	271	765	  1	
237	406	765	  1	
237	415	765	  1	
237	456	765	  1	
238	 66	765	  1	
238	 88	765	  1	
238	138	765	  1	
239	 61	765	  1	
239	203	765	  1	
239	232	765	  1	
239	280	765	  1	
239	296	765	  1	
239	303	765	  1	
239	391	765	  1	
239	503	765	  1	
240	 96	765	  1	
240	169	765	  1	
240	245	765	  1	
240	256	765	  1	
240	263	765	  1	
240	272	765	  1	
240	279	765	  1	
240	488	765	  1	
240	536	765	  1	
242	 85	765	  1	
242	195	765	  1	
242	396	765	  1	
243	128	765	  1	
243	168	765	  1	
243	543	765	  1	
244	191	765	  1	
245	  8	765	  1	
245	 80	765	  1	
245	112	765	  1	
245	440	765	  1	
246	379	765	  1	
246	463	765	  1	
247	149	765	  1	
247	275	765	  1	
247	397	765	  1	
247	536	765	  1	
248	104	765	  1	
248	110	765	  1	
248	123	765	  1	
248	128	765	  1	
248	137	765	  1	
248	151	765	  1	
248	160	765	  1	
248	168	765	  1	
248	216	765	  1	
248	240	765	  1	
248	296	765	  1	
248	343	765	  1	
248	366	765	  1	
248	416	765	  1	
248	432	765	  1	
248	487	765	  1	
248	551	765	  1	
249	320	765	  1	
250	456	765	  1	
250	463	765	  1	
250	547	765	  1	
253	  0	765	  1	
253	166	765	  1	
253	299	765	  1	
253	422	765	  1	
254	 38	765	  1	
254	179	765	  1	
254	402	765	  1	
255	 64	765	  1	
255	360	765	  1	
255	484	765	  1	
256	 28	765	  1	
256	 61	765	  1	
256	114	765	  1	
256	160	765	  1	
256	186	765	  1	
256	191	765	  1	
256	197	765	  1	
256	224	765	  1	
256	256	765	  1	
256	265	765	  1	
256	288	765	  1	
256	432	765	  1	
256	544	765	  1	
257	416	765	  1	
258	 56	765	  1	
258	166	765	  1	
258	223	765	  1	
258	230	765	  1	
258	303	765	  1	
258	520	765	  1	
258	559	765	  1	
261	  7	765	  1	
261	 24	765	  1	
261	144	765	  1	
261	276	765	  1	
261	309	765	  1	
261	438	765	  1	
261	544	765	  1	
261	557	765	  1	
262	 62	765	  1	
262	160	765	  1	
262	224	765	  1	
262	264	765	  1	
262	271	765	  1	
262	288	765	  1	
263	  0	765	  1	
263	188	765	  1	
263	218	765	  1	
263	294	765	  1	
263	303	765	  1	
263	552	765	  1	
264	 53	765	  1	
264	118	765	  1	
264	163	765	  1	
264	170	765	  1	
264	216	765	  1	
264	235	765	  1	
264	296	765	  1	
264	415	765	  1	
264	480	765	  1	
264	487	765	  1	
264	491	765	  1	
264	515	765	  1	
265	390	765	  1	
267	128	765	  1	
267	408	765	  1	
267	483	765	  1	
268	176	765	  1	
268	182	765	  1	
268	255	765	  1	
268	327	765	  1	
269	 72	765	  1	
269	 79	765	  1	
269	135	765	  1	
269	191	765	  1	
269	520	765	  1	
270	488	765	  1	
271	480	765	  1	
271	493	765	  1	
271	498	765	  1	
271	525	765	  1	
272	 42	765	  1	
272	123	765	  1	
272	149	765	  1	
272	200	765	  1	
272	215	765	  1	
272	224	765	  1	
272	248	765	  1	
272	256	765	  1	
272	288	765	  1	
272	312	765	  1	
272	335	765	  1	
272	400	765	  1	
272	440	765	  1	
273	155	765	  1	
274	 46	765	  1	
274	128	765	  1	
274	206	765	  1	
274	535	765	  1	
275	302	765	  1	
275	328	765	  1	
275	339	765	  1	
276	259	765	  1	
277	 32	765	  1	
277	 86	765	  1	
277	130	765	  1	
277	134	765	  1	
277	144	765	  1	
277	232	765	  1	
277	378	765	  1	
277	383	765	  1	
278	112	765	  1	
278	200	765	  1	
278	319	765	  1	
278	351	765	  1	
279	335	765	  1	
279	496	765	  1	
279	503	765	  1	
279	544	765	  1	
280	  0	765	  1	
280	  6	765	  1	
280	 10	765	  1	
280	 22	765	  1	
280	 31	765	  1	
280	 56	765	  1	
280	 67	765	  1	
280	 93	765	  1	
280	 98	765	  1	
280	136	765	  1	
280	140	765	  1	
280	152	765	  1	
280	168	765	  1	
280	207	765	  1	
280	210	765	  1	
280	299	765	  1	
280	328	765	  1	
280	360	765	  1	
280	388	765	  1	
280	392	765	  1	
280	454	765	  1	
280	532	765	  1	
280	563	765	  1	
281	424	765	  1	
282	182	765	  1	
282	402	765	  1	
283	 18	765	  1	
283	 24	765	  1	
284	 75	765	  1	
284	408	765	  1	
285	103	765	  1	
285	215	765	  1	
285	238	765	  1	
285	528	765	  1	
285	536	765	  1	
285	567	765	  1	
286	348	765	  1	
286	388	765	  1	
286	418	765	  1	
286	429	765	  1	
286	451	765	  1	
287	 22	765	  1	
287	 31	765	  1	
287	296	765	  1	
287	303	765	  1	
287	384	765	  1	
287	415	765	  1	
288	 27	765	  1	
288	 62	765	  1	
288	129	765	  1	
288	135	765	  1	
288	140	765	  1	
288	179	765	  1	
288	189	765	  1	
288	250	765	  1	
288	288	765	  1	
288	295	765	  1	
288	320	765	  1	
288	331	765	  1	
288	398	765	  1	
288	432	765	  1	
288	448	765	  1	
288	454	765	  1	
288	526	765	  1	
288	568	765	  1	
290	573	765	  1	
291	 80	765	  1	
291	286	765	  1	
291	296	765	  1	
291	327	765	  1	
291	392	765	  1	
291	451	765	  1	
292	131	765	  1	
292	142	765	  1	
292	472	765	  1	
293	 75	765	  1	
293	 99	765	  1	
293	182	765	  1	
293	486	765	  1	
294	568	765	  1	
295	 86	765	  1	
295	120	765	  1	
295	127	765	  1	
295	291	765	  1	
295	303	765	  1	
295	320	765	  1	
295	328	765	  1	
295	335	765	  1	
295	526	765	  1	
296	  0	765	  1	
296	  7	765	  1	
296	 13	765	  1	
296	 40	765	  1	
296	 62	765	  1	
296	 70	765	  1	
296	 78	765	  1	
296	112	765	  1	
296	128	765	  1	
296	153	765	  1	
296	176	765	  1	
296	213	765	  1	
296	251	765	  1	
296	308	765	  1	
296	384	765	  1	
296	426	765	  1	
296	454	765	  1	
296	519	765	  1	
296	560	765	  1	
296	567	765	  1	
296	598	765	  1	
298	 88	765	  1	
298	127	765	  1	
298	192	765	  1	
298	202	765	  1	
298	460	765	  1	
299	456	765	  1	
300	 15	765	  1	
300	356	765	  1	
301	 27	765	  1	
301	208	765	  1	
302	135	765	  1	
302	160	765	  1	
303	 40	765	  1	
303	140	765	  1	
303	199	765	  1	
303	343	765	  1	
303	496	765	  1	
303	501	765	  1	
303	504	765	  1	
303	563	765	  1	
304	  0	765	  1	
304	 38	765	  1	
304	 66	765	  1	
304	 71	765	  1	
304	 80	765	  1	
304	131	765	  1	
304	168	765	  1	
304	211	765	  1	
304	221	765	  1	
304	240	765	  1	
304	286	765	  1	
304	575	765	  1	
305	251	765	  1	
306	 85	765	  1	
306	304	765	  1	
307	247	765	  1	
307	594	765	  1	
308	 35	765	  1	
308	290	765	  1	
308	456	765	  1	
309	  0	765	  1	
309	171	765	  1	
309	182	765	  1	
309	216	765	  1	
310	  4	765	  1	
310	 11	765	  1	
310	 94	765	  1	
310	461	765	  1	
311	 16	765	  1	
311	240	765	  1	
311	432	765	  1	
311	568	765	  1	
311	599	765	  1	
312	  8	765	  1	
312	 15	765	  1	
312	 86	765	  1	
312	112	765	  1	
312	147	765	  1	
312	160	765	  1	
312	187	765	  1	
312	192	765	  1	
312	224	765	  1	
312	247	765	  1	
312	253	765	  1	
312	475	765	  1	
312	482	765	  1	
312	495	765	  1	
312	512	765	  1	
314	 92	765	  1	
314	488	765	  1	
315	143	765	  1	
315	176	765	  1	
315	208	765	  1	
315	221	765	  1	
315	273	765	  1	
317	 35	765	  1	
317	 80	765	  1	
317	163	765	  1	
317	184	765	  1	
317	328	765	  1	
317	333	765	  1	
319	 64	765	  1	
319	 71	765	  1	
319	 92	765	  1	
319	168	765	  1	
319	312	765	  1	
319	317	765	  1	
320	  0	765	  1	
320	 96	765	  1	
320	157	765	  1	
320	200	765	  1	
320	206	765	  1	
320	232	765	  1	
320	314	765	  1	
320	319	765	  1	
320	352	765	  1	
320	389	765	  1	
320	420	765	  1	
321	263	765	  1	
322	 27	765	  1	
322	 88	765	  1	
322	454	765	  1	
323	  8	765	  1	
323	144	765	  1	
323	182	765	  1	
323	327	765	  1	
323	359	765	  1	
323	416	765	  1	
324	336	765	  1	
324	432	765	  1	
324	488	765	  1	
325	 32	765	  1	
325	 80	765	  1	
326	149	765	  1	
326	243	765	  1	
326	263	765	  1	
326	317	765	  1	
326	504	765	  1	
327	 86	765	  1	
327	320	765	  1	
327	352	765	  1	
327	439	765	  1	
327	460	765	  1	
328	  9	765	  1	
328	 29	765	  1	
328	110	765	  1	
328	128	765	  1	
328	153	765	  1	
328	185	765	  1	
328	191	765	  1	
328	238	765	  1	
328	272	765	  1	
328	278	765	  1	
328	287	765	  1	
328	360	765	  1	
328	384	765	  1	
328	503	765	  1	
328	534	765	  1	
330	106	765	  1	
330	317	765	  1	
330	375	765	  1	
330	398	765	  1	
331	 22	765	  1	
331	 43	765	  1	
333	 70	765	  1	
333	165	765	  1	
333	224	765	  1	
334	111	765	  1	
334	116	765	  1	
334	247	765	  1	
334	307	765	  1	
334	396	765	  1	
335	283	765	  1	
335	439	765	  1	
336	 54	765	  1	
336	 96	765	  1	
336	133	765	  1	
336	146	765	  1	
336	166	765	  1	
336	216	765	  1	
336	321	765	  1	
336	343	765	  1	
336	360	765	  1	
336	512	765	  1	
336	543	765	  1	
337	 67	765	  1	
337	126	765	  1	
337	246	765	  1	
338	 71	765	  1	
338	160	765	  1	
338	264	765	  1	
338	366	765	  1	
338	399	765	  1	
339	190	765	  1	
339	198	765	  1	
339	235	765	  1	
340	107	765	  1	
340	360	765	  1	
341	 21	765	  1	
341	 53	765	  1	
341	101	765	  1	
341	175	765	  1	
342	 16	765	  1	
343	 48	765	  1	
343	160	765	  1	
343	234	765	  1	
343	239	765	  1	
344	 74	765	  1	
344	 79	765	  1	
344	130	765	  1	
344	141	765	  1	
344	153	765	  1	
344	202	765	  1	
344	208	765	  1	
344	219	765	  1	
344	256	765	  1	
344	263	765	  1	
344	320	765	  1	
344	323	765	  1	
344	373	765	  1	
344	468	765	  1	
347	 88	765	  1	
347	144	765	  1	
347	167	765	  1	
347	272	765	  1	
347	464	765	  1	
348	112	765	  1	
348	253	765	  1	
348	321	765	  1	
349	248	765	  1	
350	139	765	  1	
350	211	765	  1	
350	376	765	  1	
351	202	765	  1	
351	221	765	  1	
351	263	765	  1	
352	 48	765	  1	
352	 58	765	  1	
352	118	765	  1	
352	142	765	  1	
352	176	765	  1	
352	184	765	  1	
352	192	765	  1	
352	200	765	  1	
352	219	765	  1	
352	240	765	  1	
352	247	765	  1	
352	260	765	  1	
352	283	765	  1	
352	347	765	  1	
352	434	765	  1	
352	439	765	  1	
353	 80	765	  1	
353	134	765	  1	
353	267	765	  1	
355	 55	765	  1	
355	330	765	  1	
355	399	765	  1	
355	461	765	  1	
356	141	765	  1	
356	215	765	  1	
357	 14	765	  1	
357	 31	765	  1	
357	 63	765	  1	
357	182	765	  1	
357	190	765	  1	
358	  1	765	  1	
358	222	765	  1	
359	112	765	  1	
359	160	765	  1	
359	200	765	  1	
359	275	765	  1	
359	280	765	  1	
359	287	765	  1	
359	489	765	  1	
360	 42	765	  1	
360	 47	765	  1	
360	 68	765	  1	
360	 76	765	  1	
360	140	765	  1	
360	154	765	  1	
360	199	765	  1	
360	272	765	  1	
360	355	765	  1	
360	360	765	  1	
360	402	765	  1	
360	511	765	  1	
360	599	765	  1	
362	129	765	  1	
362	240	765	  1	
362	368	765	  1	
362	415	765	  1	
363	176	765	  1	
363	504	765	  1	
364	 96	765	  1	
364	245	765	  1	
364	402	765	  1	
365	  0	765	  1	
365	160	765	  1	
365	189	765	  1	
365	192	765	  1	
365	238	765	  1	
366	272	765	  1	
367	143	765	  1	
367	184	765	  1	
367	407	765	  1	
367	447	765	  1	
367	511	765	  1	
368	 68	765	  1	
368	 80	765	  1	
368	 87	765	  1	
368	106	765	  1	
368	127	765	  1	
368	169	765	  1	
368	173	765	  1	
368	264	765	  1	
368	444	765	  1	
369	122	765	  1	
370	 54	765	  1	
372	114	765	  1	
372	204	765	  1	
373	 46	765	  1	
373	104	765	  1	
373	111	765	  1	
373	144	765	  1	
373	259	765	  1	
373	404	765	  1	
373	438	765	  1	
374	173	765	  1	
374	445	765	  1	
374	525	765	  1	
375	184	765	  1	
375	528	765	  1	
376	 10	765	  1	
376	 23	765	  1	
376	 40	765	  1	
376	 87	765	  1	
376	120	765	  1	
376	155	765	  1	
376	162	765	  1	
376	176	765	  1	
376	224	765	  1	
376	239	765	  1	
376	248	765	  1	
376	269	765	  1	
376	312	765	  1	
376	328	765	  1	
376	349	765	  1	
376	388	765	  1	
376	397	765	  1	
376	416	765	  1	
377	112	765	  1	
377	152	765	  1	
378	392	765	  1	
379	 79	765	  1	
379	372	765	  1	
379	423	765	  1	
380	127	765	  1	
381	 56	765	  1	
381	200	765	  1	
381	288	765	  1	
381	295	765	  1	
381	384	765	  1	
381	399	765	  1	
382	471	765	  1	
383	 22	765	  1	
383	121	765	  1	
383	176	765	  1	
383	262	765	  1	
383	331	765	  1	
383	416	765	  1	
384	  2	765	  1	
384	 37	765	  1	
384	 45	765	  1	
384	 88	765	  1	
384	104	765	  1	
384	158	765	  1	
384	171	765	  1	
384	273	765	  1	
384	279	765	  1	
384	291	765	  1	
384	359	765	  1	
384	370	765	  1	
384	455	765	  1	
384	500	765	  1	
384	576	765	  1	
385	112	765	  1	
385	117	765	  1	
385	226	765	  1	
387	162	765	  1	
387	236	765	  1	
387	382	765	  1	
388	 34	765	  1	
389	  3	765	  1	
389	 55	765	  1	
389	120	765	  1	
389	174	765	  1	
389	251	765	  1	
390	 46	765	  1	
390	152	765	  1	
390	295	765	  1	
391	224	765	  1	
391	352	765	  1	
392	 64	765	  1	
392	 77	765	  1	
392	 81	765	  1	
392	 87	765	  1	
392	154	765	  1	
392	190	765	  1	
392	354	765	  1	
392	403	765	  1	
392	472	765	  1	
394	184	765	  1	
394	220	765	  1	
394	551	765	  1	
395	104	765	  1	
395	176	765	  1	
395	200	765	  1	
396	 46	765	  1	
396	360	765	  1	
396	495	765	  1	
397	400	765	  1	
398	 84	765	  1	
398	275	765	  1	
399	  0	765	  1	
399	 11	765	  1	
399	159	765	  1	
399	328	765	  1	
400	 10	765	  1	
400	 22	765	  1	
400	 31	765	  1	
400	 40	765	  1	
400	108	765	  1	
400	147	765	  1	
400	236	765	  1	
400	244	765	  1	
400	256	765	  1	
400	279	765	  1	
400	283	765	  1	
400	360	765	  1	
400	392	765	  1	
400	423	765	  1	
400	456	765	  1	
401	 72	765	  1	
401	154	765	  1	
402	374	765	  1	
402	401	765	  1	
403	240	765	  1	
403	272	765	  1	
403	384	765	  1	
404	176	765	  1	
404	232	765	  1	
404	416	765	  1	
405	 87	765	  1	
406	 48	765	  1	
407	  8	765	  1	
407	152	765	  1	
407	159	765	  1	
407	183	765	  1	
407	256	765	  1	
407	279	765	  1	
407	287	765	  1	
407	360	765	  1	
407	423	765	  1	
408	 19	765	  1	
408	 72	765	  1	
408	 77	765	  1	
408	 96	765	  1	
408	115	765	  1	
408	160	765	  1	
408	248	765	  1	
408	264	765	  1	
408	271	765	  1	
408	312	765	  1	
408	352	765	  1	
408	424	765	  1	
408	433	765	  1	
411	 82	765	  1	
411	319	765	  1	
412	366	765	  1	
413	  2	765	  1	
413	344	765	  1	
414	491	765	  1	
415	  8	765	  1	
415	280	765	  1	
415	287	765	  1	
415	312	765	  1	
415	395	765	  1	
415	408	765	  1	
415	415	765	  1	
415	584	765	  1	
416	 10	765	  1	
416	112	765	  1	
416	141	765	  1	
416	193	765	  1	
416	205	765	  1	
416	232	765	  1	
416	244	765	  1	
416	296	765	  1	
416	439	765	  1	
416	456	765	  1	
416	471	765	  1	
416	504	765	  1	
416	543	765	  1	
418	 80	765	  1	
419	  0	765	  1	
419	152	765	  1	
419	168	765	  1	
419	223	765	  1	
420	 95	765	  1	
420	249	765	  1	
420	436	765	  1	
421	204	765	  1	
421	459	765	  1	
422	158	765	  1	
423	200	765	  1	
423	312	765	  1	
423	411	765	  1	
423	432	765	  1	
424	 40	765	  1	
424	 47	765	  1	
424	 53	765	  1	
424	168	765	  1	
424	189	765	  1	
424	311	765	  1	
424	327	765	  1	
424	354	765	  1	
425	120	765	  1	
426	560	765	  1	
427	 72	765	  1	
427	203	765	  1	
427	224	765	  1	
428	  0	765	  1	
428	 48	765	  1	
428	 87	765	  1	
428	308	765	  1	
429	184	765	  1	
430	 88	765	  1	
430	192	765	  1	
431	  6	765	  1	
431	 43	765	  1	
431	 80	765	  1	
431	236	765	  1	
431	327	765	  1	
431	424	765	  1	
432	 76	765	  1	
432	104	765	  1	
432	124	765	  1	
432	155	765	  1	
432	191	765	  1	
432	208	765	  1	
432	312	765	  1	
432	343	765	  1	
432	368	765	  1	
432	372	765	  1	
432	408	765	  1	
432	422	765	  1	
432	498	765	  1	
434	117	765	  1	
434	253	765	  1	
435	107	765	  1	
435	167	765	  1	
435	336	765	  1	
436	120	765	  1	
437	  5	765	  1	
437	 83	765	  1	
437	127	765	  1	
437	263	765	  1	
437	359	765	  1	
438	 93	765	  1	
438	115	765	  1	
439	343	765	  1	
440	 29	765	  1	
440	 49	765	  1	
440	 61	765	  1	
440	112	765	  1	
440	136	765	  1	
440	152	765	  1	
440	159	765	  1	
440	175	765	  1	
440	179	765	  1	
440	192	765	  1	
440	224	765	  1	
440	282	765	  1	
440	373	765	  1	
440	384	765	  1	
440	391	765	  1	
440	455	765	  1	
440	528	765	  1	
441	 96	765	  1	
442	 56	765	  1	
442	104	765	  1	
442	295	765	  1	
443	117	765	  1	
443	406	765	  1	
444	 24	765	  1	
444	 99	765	  1	
445	 31	765	  1	
445	 88	765	  1	
445	229	765	  1	
446	287	765	  1	
446	400	765	  1	
447	103	765	  1	
447	198	765	  1	
447	261	765	  1	
447	387	765	  1	
447	416	765	  1	
448	 61	765	  1	
448	104	765	  1	
448	120	765	  1	
448	130	765	  1	
448	135	765	  1	
448	141	765	  1	
448	183	765	  1	
448	248	765	  1	
448	381	765	  1	
449	  8	765	  1	
450	110	765	  1	
450	238	765	  1	
450	319	765	  1	
450	520	765	  1	
451	122	765	  1	
451	168	765	  1	
452	 60	765	  1	
453	 16	765	  1	
453	 24	765	  1	
453	182	765	  1	
453	280	765	  1	
453	311	765	  1	
454	152	765	  1	
454	229	765	  1	
455	 53	765	  1	
455	 80	765	  1	
455	160	765	  1	
455	221	765	  1	
456	 48	765	  1	
456	 64	765	  1	
456	115	765	  1	
456	200	765	  1	
456	204	765	  1	
456	215	765	  1	
456	255	765	  1	
456	264	765	  1	
456	283	765	  1	
457	 80	765	  1	
458	  0	765	  1	
458	238	765	  1	
458	360	765	  1	
459	103	765	  1	
459	120	765	  1	
459	168	765	  1	
459	208	765	  1	
461	142	765	  1	
462	  6	765	  1	
462	 55	765	  1	
462	128	765	  1	
462	227	765	  1	
462	400	765	  1	
463	 80	765	  1	
463	223	765	  1	
463	232	765	  1	
463	280	765	  1	
463	287	765	  1	
463	488	765	  1	
464	 16	765	  1	
464	 24	765	  1	
464	 50	765	  1	
464	 64	765	  1	
464	 88	765	  1	
464	126	765	  1	
464	323	765	  1	
464	351	765	  1	
464	391	765	  1	
465	 96	765	  1	
465	384	765	  1	
466	 70	765	  1	
466	242	765	  1	
466	280	765	  1	
466	376	765	  1	
467	 32	765	  1	
467	188	765	  1	
467	315	765	  1	
467	336	765	  1	
467	343	765	  1	
467	451	765	  1	
468	102	765	  1	
469	 53	765	  1	
469	224	765	  1	
469	231	765	  1	
470	 64	765	  1	
470	120	765	  1	
470	126	765	  1	
470	218	765	  1	
471	 27	765	  1	
471	196	765	  1	
471	233	765	  1	
471	280	765	  1	
471	320	765	  1	
471	327	765	  1	
471	382	765	  1	
471	388	765	  1	
472	  0	765	  1	
472	  5	765	  1	
472	 54	765	  1	
472	 85	765	  1	
472	 94	765	  1	
472	112	765	  1	
472	164	765	  1	
472	216	765	  1	
472	246	765	  1	
472	256	765	  1	
472	263	765	  1	
472	353	765	  1	
473	 11	765	  1	
474	 48	765	  1	
474	 79	765	  1	
475	 16	765	  1	
475	155	765	  1	
475	223	765	  1	
475	288	765	  1	
475	324	765	  1	
475	338	765	  1	
476	160	765	  1	
476	176	765	  1	
476	184	765	  1	
476	359	765	  1	
477	  7	765	  1	
477	 91	765	  1	
477	102	765	  1	
477	272	765	  1	
477	335	765	  1	
477	355	765	  1	
478	 72	765	  1	
478	327	765	  1	
479	 54	765	  1	
479	190	765	  1	
479	216	765	  1	
479	256	765	  1	
479	263	765	  1	
480	 22	765	  1	
480	 66	765	  1	
480	 87	765	  1	
480	182	765	  1	
480	288	765	  1	
480	295	765	  1	
481	 15	765	  1	
482	 63	765	  1	
482	 80	765	  1	
482	166	765	  1	
483	 40	765	  1	
483	280	765	  1	
483	303	765	  1	
485	  0	765	  1	
485	160	765	  1	
485	263	765	  1	
486	229	765	  1	
487	291	765	  1	
487	296	765	  1	
487	543	765	  1	
488	  8	765	  1	
488	 24	765	  1	
488	 45	765	  1	
488	106	765	  1	
488	121	765	  1	
488	144	765	  1	
488	152	765	  1	
488	158	765	  1	
488	195	765	  1	
488	204	765	  1	
488	240	765	  1	
488	246	765	  1	
488	256	765	  1	
488	293	765	  1	
488	311	765	  1	
489	261	765	  1	
491	 19	765	  1	
491	 31	765	  1	
491	368	765	  1	
493	 40	765	  1	
493	104	765	  1	
493	111	765	  1	
493	163	765	  1	
493	288	765	  1	
495	 24	765	  1	
495	153	765	  1	
495	168	765	  1	
495	192	765	  1	
495	199	765	  1	
495	319	765	  1	
496	 20	765	  1	
496	 50	765	  1	
496	136	765	  1	
496	140	765	  1	
496	144	765	  1	
496	151	765	  1	
496	167	765	  1	
496	209	765	  1	
496	328	765	  1	
498	284	765	  1	
499	376	765	  1	
500	126	765	  1	
500	161	765	  1	
500	308	765	  1	
500	318	765	  1	
501	 16	765	  1	
501	 48	765	  1	
501	 55	765	  1	
501	120	765	  1	
501	256	765	  1	
501	274	765	  1	
502	157	765	  1	
502	312	765	  1	
502	328	765	  1	
504	 72	765	  1	
504	104	765	  1	
504	144	765	  1	
504	160	765	  1	
504	179	765	  1	
504	218	765	  1	
504	234	765	  1	
504	247	765	  1	
504	296	765	  1	
504	321	765	  1	
504	367	765	  1	
506	312	765	  1	
507	205	765	  1	
507	248	765	  1	
509	176	765	  1	
509	243	765	  1	
509	296	765	  1	
510	156	765	  1	
510	170	765	  1	
510	223	765	  1	
510	254	765	  1	
510	322	765	  1	
510	335	765	  1	
511	  8	765	  1	
511	 15	765	  1	
511	 24	765	  1	
511	272	765	  1	
512	 39	765	  1	
512	 96	765	  1	
512	123	765	  1	
512	128	765	  1	
512	148	765	  1	
512	200	765	  1	
512	224	765	  1	
512	336	765	  1	
512	371	765	  1	
515	 32	765	  1	
515	 64	765	  1	
515	160	765	  1	
515	231	765	  1	
515	248	765	  1	
515	283	765	  1	
516	132	765	  1	
516	144	765	  1	
517	  8	765	  1	
518	 77	765	  1	
518	 80	765	  1	
518	108	765	  1	
518	127	765	  1	
518	325	765	  1	
519	 39	765	  1	
519	 96	765	  1	
519	151	765	  1	
519	224	765	  1	
519	240	765	  1	
519	255	765	  1	
519	464	765	  1	
520	  0	765	  1	
520	 19	765	  1	
520	 95	765	  1	
520	115	765	  1	
520	124	765	  1	
520	181	765	  1	
520	222	765	  1	
520	280	765	  1	
520	338	765	  1	
520	416	765	  1	
520	432	765	  1	
522	 88	765	  1	
522	239	765	  1	
522	423	765	  1	
523	 56	765	  1	
524	280	765	  1	
524	297	765	  1	
525	  4	765	  1	
525	143	765	  1	
525	147	765	  1	
525	176	765	  1	
526	 63	765	  1	
526	107	765	  1	
526	284	765	  1	
526	303	765	  1	
527	 32	765	  1	
527	 95	765	  1	
527	208	765	  1	
527	423	765	  1	
528	 85	765	  1	
528	 90	765	  1	
528	152	765	  1	
528	244	765	  1	
528	277	765	  1	
528	288	765	  1	
528	312	765	  1	
528	363	765	  1	
528	599	765	  1	
530	317	765	  1	
533	 96	765	  1	
533	294	765	  1	
534	 48	765	  1	
534	 55	765	  1	
534	192	765	  1	
535	104	765	  1	
535	111	765	  1	
535	176	765	  1	
535	240	765	  1	
535	376	765	  1	
535	383	765	  1	
535	387	765	  1	
536	 14	765	  1	
536	 31	765	  1	
536	115	765	  1	
536	127	765	  1	
536	146	765	  1	
536	152	765	  1	
536	190	765	  1	
536	197	765	  1	
536	247	765	  1	
536	288	765	  1	
538	133	765	  1	
538	192	765	  1	
539	 95	765	  1	
539	159	765	  1	
539	280	765	  1	
539	291	765	  1	
540	180	765	  1	
541	144	765	  1	
541	151	765	  1	
542	 11	765	  1	
542	 85	765	  1	
542	198	765	  1	
543	288	765	  1	
543	295	765	  1	
543	352	765	  1	
543	539	765	  1	
544	 92	765	  1	
544	176	765	  1	
544	208	765	  1	
544	275	765	  1	
544	336	765	  1	
544	343	765	  1	
545	 80	765	  1	
545	104	765	  1	
546	256	765	  1	
547	191	765	  1	
547	302	765	  1	
548	359	765	  1	
550	 91	765	  1	
550	134	765	  1	
550	176	765	  1	
551	  8	765	  1	
551	 15	765	  1	
551	 86	765	  1	
551	208	765	  1	
551	272	765	  1	
551	285	765	  1	
551	339	765	  1	
552	 93	765	  1	
552	136	765	  1	
552	152	765	  1	
552	162	765	  1	
552	200	765	  1	
552	207	765	  1	
552	249	765	  1	
552	296	765	  1	
552	310	765	  1	
552	353	765	  1	
554	 88	765	  1	
554	104	765	  1	
554	264	765	  1	
554	274	765	  1	
554	359	765	  1	
555	143	765	  1	
555	261	765	  1	
555	279	765	  1	
558	 94	765	  1	
558	110	765	  1	
558	160	765	  1	
558	255	765	  1	
558	354	765	  1	
559	136	765	  1	
559	351	765	  1	
560	 72	765	  1	
560	 80	765	  1	
560	 87	765	  1	
560	158	765	  1	
560	208	765	  1	
560	221	765	  1	
560	232	765	  1	
560	239	765	  1	
561	149	765	  1	
562	214	765	  1	
562	380	765	  1	
563	 79	765	  1	
563	144	765	  1	
563	395	765	  1	
565	 70	765	  1	
565	167	765	  1	
565	191	765	  1	
565	248	765	  1	
566	156	765	  1	
566	208	765	  1	
566	439	765	  1	
567	 83	765	  1	
567	235	765	  1	
567	360	765	  1	
567	376	765	  1	
567	494	765	  1	
568	  0	765	  1	
568	  4	765	  1	
568	  8	765	  1	
568	199	765	  1	
568	264	765	  1	
570	511	765	  1	
571	192	765	  1	
571	246	765	  1	
571	327	765	  1	
574	  5	765	  1	
575	  0	765	  1	
575	199	765	  1	
575	232	765	  1	
576	 13	765	  1	
576	 59	765	  1	
576	211	765	  1	
576	247	765	  1	
576	280	765	  1	
576	300	765	  1	
576	303	765	  1	
576	353	765	  1	
576	376	765	  1	
576	383	765	  1	
578	364	765	  1	
578	368	765	  1	
579	  8	765	  1	
579	264	765	  1	
579	288	765	  1	
583	 71	765	  1	
583	208	765	  1	
583	215	765	  1	
584	 40	765	  1	
584	 92	765	  1	
584	106	765	  1	
584	141	765	  1	
584	151	765	  1	
584	175	765	  1	
584	251	765	  1	
586	 80	765	  1	
587	111	765	  1	
587	168	765	  1	
588	530	765	  1	
589	127	765	  1	
589	250	765	  1	
589	255	765	  1	
591	175	765	  1	
591	276	765	  1	
592	 16	765	  1	
592	 72	765	  1	
592	112	765	  1	
592	160	765	  1	
592	192	765	  1	
592	290	765	  1	
592	320	765	  1	
592	339	765	  1	
593	295	765	  1	
594	 80	765	  1	
594	363	765	  1	
595	288	765	  1	
598	100	765	  1	
598	104	765	  1	
598	144	765	  1	
599	387	765	  1	
599	484	765	  1	
600	 64	765	  1	
600	106	765	  1	
600	120	765	  1	
600	157	765	  1	
600	175	765	  1	
600	192	765	  1	
600	244	765	  1	
600	259	765	  1	
600	287	765	  1	
600	400	765	  1	
603	175	765	  1	
603	272	765	  1	
603	407	765	  1	
606	245	765	  1	
606	290	765	  1	
607	 67	765	  1	
607	 80	765	  1	
607	106	765	  1	
607	124	765	  1	
607	157	765	  1	
607	256	765	  1	
607	263	765	  1	
608	 51	765	  1	
608	101	765	  1	
608	204	765	  1	
608	223	765	  1	
608	254	765	  1	
608	272	765	  1	
608	400	765	  1	
608	498	765	  1	
608	539	765	  1	
610	278	765	  1	
610	287	765	  1	
611	152	765	  1	
611	312	765	  1	
612	202	765	  1	
615	102	765	  1	
616	195	765	  1	
616	259	765	  1	
616	375	765	  1	
619	152	765	  1	
620	407	765	  1	
621	212	765	  1	
621	435	765	  1	
622	 83	765	  1	
622	142	765	  1	
623	157	765	  1	
623	192	765	  1	
623	199	765	  1	
623	256	765	  1	
623	263	765	  1	
623	272	765	  1	
623	296	765	  1	
623	336	765	  1	
623	494	765	  1	
623	523	765	  1	
624	 57	765	  1	
624	 74	765	  1	
624	232	765	  1	
624	242	765	  1	
624	492	765	  1	
626	120	765	  1	
627	288	765	  1	
627	295	765	  1	
630	343	765	  1	
631	135	765	  1	
631	279	765	  1	
632	174	765	  1	
632	232	765	  1	
632	272	765	  1	
632	288	765	  1	
632	336	765	  1	
634	291	765	  1	
635	241	765	  1	
638	 11	765	  1	
638	112	765	  1	
638	288	765	  1	
638	336	765	  1	
639	275	765	  1	
640	119	765	  1	
640	168	765	  1	
640	359	765	  1	
640	407	765	  1	
643	112	765	  1	
643	350	765	  1	
645	  0	765	  1	
645	344	765	  1	
646	 75	765	  1	
647	119	765	  1	
647	138	765	  1	
648	191	765	  1	
649	306	765	  1	
652	 95	765	  1	
652	333	765	  1	
655	160	765	  1	
655	183	765	  1	
655	328	765	  1	
656	 46	765	  1	
656	112	765	  1	
656	219	765	  1	
656	373	765	  1	
661	112	765	  1	
662	126	765	  1	
663	 75	765	  1	
664	189	765	  1	
665	380	765	  1	
671	448	765	  1	
675	190	765	  1	
688	186	765	  1	
694	463	765	  1	
696	 96	765	  1	
701	367	765	  1	
703	376	765	  1	
706	175	765	  1	
712	152	765	  1	
735	386	765	  1	
747	248	765	  1	
