# 
#  Image file: Goad1_T0170.jpg
#  Applied threshold: 575
#  Algorithm used: fill2                 
#  Particle count: 1924
#  Location (x,y), max luminance, and mass:
# 
  0	159	765	  1	
  8	128	765	  1	
  8	547	765	  1	
 15	384	765	  1	
 16	304	765	  1	
 16	578	765	  1	
 23	416	765	  1	
 31	312	765	  1	
 32	210	765	  1	
 32	544	765	  1	
 38	304	765	  1	
 40	275	765	  1	
 56	106	765	  1	
 56	400	765	  1	
 56	407	765	  1	
 59	224	765	  1	
 61	251	765	  1	
 71	215	765	  1	
 72	260	765	  1	
 72	312	765	  1	
 72	319	765	  1	
 73	202	765	  1	
 76	532	765	  1	
 80	 11	765	  1	
 80	216	765	  1	
 80	223	765	  1	
 80	384	765	  1	
 86	143	765	  1	
 87	132	765	  1	
 87	364	765	  1	
 88	106	765	  1	
 91	162	765	  1	
 95	106	765	  1	
 96	174	765	  1	
 96	330	765	  1	
 98	301	765	  1	
100	103	765	  1	
101	175	765	  1	
101	303	765	  1	
102	272	765	  1	
103	104	765	  1	
103	192	765	  1	
103	367	765	  1	
104	139	765	  1	
104	432	765	  1	
107	280	765	  1	
110	527	765	  1	
111	297	765	  1	
111	422	765	  1	
111	439	765	  1	
112	152	765	  1	
112	159	765	  1	
112	392	765	  1	
116	168	765	  1	
119	 14	765	  1	
119	359	765	  1	
120	146	765	  1	
120	288	765	  1	
120	299	765	  1	
120	312	765	  1	
123	295	765	  1	
126	144	765	  1	
126	312	765	  1	
127	 55	765	  1	
127	269	765	  1	
127	288	765	  1	
128	130	765	  1	
128	139	765	  1	
128	195	765	  1	
128	370	765	  1	
128	383	765	  1	
128	487	765	  1	
129	128	765	  1	
129	287	765	  1	
133	146	765	  1	
133	199	765	  1	
134	383	765	  1	
136	119	765	  1	
136	157	765	  1	
136	166	765	  1	
136	204	765	  1	
136	232	765	  1	
136	358	765	  1	
136	362	765	  1	
139	163	765	  1	
139	224	765	  1	
141	368	765	  1	
142	160	765	  1	
144	  1	765	  1	
144	 48	765	  1	
144	149	765	  1	
144	154	765	  1	
144	174	765	  1	
144	179	765	  1	
144	267	765	  1	
144	282	765	  1	
144	347	765	  1	
144	367	765	  1	
144	372	765	  1	
146	316	765	  1	
146	368	765	  1	
147	120	765	  1	
149	200	765	  1	
149	223	765	  1	
149	306	765	  1	
150	171	765	  1	
150	248	765	  1	
150	263	765	  1	
151	 53	765	  1	
151	 58	765	  1	
151	426	765	  1	
152	232	765	  1	
152	288	765	  1	
152	383	765	  1	
152	386	765	  1	
152	487	765	  1	
153	248	765	  1	
154	239	765	  1	
155	263	765	  1	
155	312	765	  1	
155	378	765	  1	
156	  7	765	  1	
156	181	765	  1	
156	259	765	  1	
158	269	765	  1	
159	232	765	  1	
160	 64	765	  1	
160	 71	765	  1	
160	160	765	  1	
160	210	765	  1	
160	285	765	  1	
160	316	765	  1	
160	359	765	  1	
160	558	765	  1	
162	 88	765	  1	
162	514	765	  1	
163	295	765	  1	
163	352	765	  1	
165	  8	765	  1	
165	 15	765	  1	
165	567	765	  1	
167	 67	765	  1	
167	316	765	  1	
167	359	765	  1	
167	376	765	  1	
167	391	765	  1	
167	579	765	  1	
168	 16	765	  1	
168	109	765	  1	
168	275	765	  1	
168	341	765	  1	
168	400	765	  1	
170	130	765	  1	
170	308	765	  1	
171	135	765	  1	
171	152	765	  1	
172	111	765	  1	
172	439	765	  1	
173	222	765	  1	
174	327	765	  1	
175	590	765	  1	
176	 80	765	  1	
176	115	765	  1	
176	179	765	  1	
176	194	765	  1	
176	231	765	  1	
176	256	765	  1	
176	263	765	  1	
176	336	765	  1	
176	344	765	  1	
176	360	765	  1	
177	264	765	  1	
178	 98	765	  1	
178	199	765	  1	
179	 71	765	  1	
179	 88	765	  1	
179	145	765	  1	
179	391	765	  1	
180	 26	765	  1	
180	277	765	  1	
181	128	765	  1	
181	173	765	  1	
181	312	765	  1	
182	101	765	  1	
182	157	765	  1	
182	239	765	  1	
183	 96	765	  1	
183	181	765	  1	
183	194	765	  1	
183	259	765	  1	
183	362	765	  1	
184	 93	765	  1	
184	126	765	  1	
184	144	765	  1	
184	202	765	  1	
184	292	765	  1	
184	303	765	  1	
184	347	765	  1	
184	403	765	  1	
184	408	765	  1	
184	431	765	  1	
185	168	765	  1	
186	 56	765	  1	
186	 64	765	  1	
187	216	765	  1	
187	296	765	  1	
187	535	765	  1	
188	 69	765	  1	
188	200	765	  1	
189	168	765	  1	
189	186	765	  1	
189	240	765	  1	
189	286	765	  1	
189	295	765	  1	
189	299	765	  1	
190	196	765	  1	
190	408	765	  1	
191	 60	765	  1	
191	 93	765	  1	
191	175	765	  1	
191	400	765	  1	
192	 24	765	  1	
192	 76	765	  1	
192	 80	765	  1	
192	131	765	  1	
192	141	765	  1	
192	176	765	  1	
192	287	765	  1	
192	378	765	  1	
192	443	765	  1	
193	383	765	  1	
194	 28	765	  1	
195	280	765	  1	
196	176	765	  1	
196	380	765	  1	
197	 61	765	  1	
197	170	765	  1	
198	 16	765	  1	
198	 93	765	  1	
198	439	765	  1	
199	128	765	  1	
199	135	765	  1	
199	232	765	  1	
199	287	765	  1	
199	299	765	  1	
199	432	765	  1	
199	436	765	  1	
200	 32	765	  1	
200	 72	765	  1	
200	122	765	  1	
200	183	765	  1	
200	192	765	  1	
200	219	765	  1	
200	285	765	  1	
200	348	765	  1	
200	368	765	  1	
200	416	765	  1	
200	423	765	  1	
200	455	765	  1	
201	127	765	  1	
201	168	765	  1	
202	 86	765	  1	
202	159	765	  1	
202	240	765	  1	
203	134	765	  1	
203	299	765	  1	
203	304	765	  1	
204	179	765	  1	
205	247	765	  1	
205	447	765	  1	
206	152	765	  1	
207	 60	765	  1	
207	 72	765	  1	
207	 87	765	  1	
207	144	765	  1	
207	285	765	  1	
207	359	765	  1	
207	382	765	  1	
207	419	765	  1	
207	455	765	  1	
207	463	765	  1	
208	 12	765	  1	
208	139	765	  1	
208	163	765	  1	
208	208	765	  1	
208	214	765	  1	
208	396	765	  1	
208	511	765	  1	
209	 96	765	  1	
210	180	765	  1	
210	328	765	  1	
211	  8	765	  1	
211	403	765	  1	
212	112	765	  1	
212	124	765	  1	
213	104	765	  1	
213	168	765	  1	
214	 66	765	  1	
214	156	765	  1	
214	548	765	  1	
216	 35	765	  1	
216	 64	765	  1	
216	 83	765	  1	
216	109	765	  1	
216	167	765	  1	
216	181	765	  1	
216	295	765	  1	
216	322	765	  1	
216	328	765	  1	
216	352	765	  1	
217	 39	765	  1	
218	 32	765	  1	
219	288	765	  1	
219	334	765	  1	
219	359	765	  1	
219	442	765	  1	
220	328	765	  1	
221	 14	765	  1	
221	 71	765	  1	
221	119	765	  1	
221	143	765	  1	
221	176	765	  1	
222	280	765	  1	
222	340	765	  1	
222	463	765	  1	
223	 37	765	  1	
223	 80	765	  1	
223	 87	765	  1	
223	295	765	  1	
223	352	765	  1	
223	383	765	  1	
223	446	765	  1	
224	 16	765	  1	
224	 32	765	  1	
224	 64	765	  1	
224	 77	765	  1	
224	 96	765	  1	
224	122	765	  1	
224	144	765	  1	
224	191	765	  1	
224	312	765	  1	
224	319	765	  1	
225	 48	765	  1	
225	 55	765	  1	
226	332	765	  1	
226	357	765	  1	
227	423	765	  1	
227	456	765	  1	
227	543	765	  1	
227	559	765	  1	
228	101	765	  1	
228	136	765	  1	
229	120	765	  1	
230	583	765	  1	
231	 35	765	  1	
231	168	765	  1	
231	352	765	  1	
231	463	765	  1	
232	  2	765	  1	
232	  8	765	  1	
232	 16	765	  1	
232	 81	765	  1	
232	117	765	  1	
232	142	765	  1	
232	152	765	  1	
232	162	765	  1	
232	167	765	  1	
232	182	765	  1	
232	193	765	  1	
232	200	765	  1	
232	464	765	  1	
232	472	765	  1	
233	 96	765	  1	
233	207	765	  1	
234	340	765	  1	
235	232	765	  1	
235	256	765	  1	
235	479	765	  1	
236	120	765	  1	
237	 56	765	  1	
237	139	765	  1	
237	368	765	  1	
237	373	765	  1	
238	 26	765	  1	
238	325	765	  1	
239	108	765	  1	
239	113	765	  1	
239	178	765	  1	
239	239	765	  1	
239	340	765	  1	
239	394	765	  1	
239	397	765	  1	
239	472	765	  1	
240	 38	765	  1	
240	 47	765	  1	
240	 72	765	  1	
240	 88	765	  1	
240	 94	765	  1	
240	201	765	  1	
240	216	765	  1	
240	223	765	  1	
240	227	765	  1	
240	232	765	  1	
240	242	765	  1	
240	456	765	  1	
240	467	765	  1	
240	552	765	  1	
240	579	765	  1	
241	  5	765	  1	
242	106	765	  1	
243	 40	765	  1	
243	 80	765	  1	
243	111	765	  1	
243	184	765	  1	
243	219	765	  1	
243	470	765	  1	
244	  1	765	  1	
244	351	765	  1	
244	459	765	  1	
245	 91	765	  1	
245	120	765	  1	
245	160	765	  1	
246	  7	765	  1	
246	469	765	  1	
247	 47	765	  1	
247	 99	765	  1	
247	216	765	  1	
247	223	765	  1	
247	536	765	  1	
248	  9	765	  1	
248	178	765	  1	
248	190	765	  1	
248	194	765	  1	
248	243	765	  1	
248	256	765	  1	
248	306	765	  1	
248	392	765	  1	
248	552	765	  1	
249	 15	765	  1	
249	112	765	  1	
250	 61	765	  1	
251	 56	765	  1	
252	189	765	  1	
253	  0	765	  1	
253	 64	765	  1	
253	206	765	  1	
253	400	765	  1	
253	407	765	  1	
253	557	765	  1	
254	179	765	  1	
255	 15	765	  1	
256	 88	765	  1	
256	191	765	  1	
256	195	765	  1	
256	217	765	  1	
256	239	765	  1	
256	261	765	  1	
256	443	765	  1	
256	478	765	  1	
256	504	765	  1	
256	519	765	  1	
256	531	765	  1	
256	591	765	  1	
258	184	765	  1	
259	255	765	  1	
259	472	765	  1	
259	487	765	  1	
261	 32	765	  1	
261	 64	765	  1	
261	 71	765	  1	
261	104	765	  1	
261	111	765	  1	
261	192	765	  1	
261	376	765	  1	
262	261	765	  1	
262	439	765	  1	
263	107	765	  1	
263	230	765	  1	
263	252	765	  1	
263	447	765	  1	
263	528	765	  1	
263	535	765	  1	
264	  0	765	  1	
264	 61	765	  1	
264	 67	765	  1	
264	141	765	  1	
264	176	765	  1	
264	199	765	  1	
264	216	765	  1	
264	280	765	  1	
264	459	765	  1	
264	494	765	  1	
264	538	765	  1	
264	543	765	  1	
265	264	765	  1	
265	271	765	  1	
265	463	765	  1	
266	240	765	  1	
266	473	765	  1	
267	 72	765	  1	
267	 79	765	  1	
267	192	765	  1	
267	286	765	  1	
267	483	765	  1	
268	479	765	  1	
269	 46	765	  1	
269	195	765	  1	
269	223	765	  1	
269	368	765	  1	
269	454	765	  1	
269	464	765	  1	
270	309	765	  1	
270	351	765	  1	
270	487	765	  1	
270	493	765	  1	
270	499	765	  1	
271	469	765	  1	
271	520	765	  1	
271	527	765	  1	
271	531	765	  1	
272	  8	765	  1	
272	 16	765	  1	
272	 23	765	  1	
272	 27	765	  1	
272	 72	765	  1	
272	128	765	  1	
272	157	765	  1	
272	208	765	  1	
272	215	765	  1	
272	256	765	  1	
272	402	765	  1	
272	421	765	  1	
272	472	765	  1	
272	477	765	  1	
272	496	765	  1	
274	216	765	  1	
274	270	765	  1	
275	 15	765	  1	
275	130	765	  1	
275	277	765	  1	
276	 39	765	  1	
277	  4	765	  1	
277	 75	765	  1	
277	474	765	  1	
278	135	765	  1	
278	423	765	  1	
278	496	765	  1	
279	  8	765	  1	
279	 16	765	  1	
279	 23	765	  1	
279	 56	765	  1	
279	232	765	  1	
279	240	765	  1	
279	247	765	  1	
279	463	765	  1	
280	 82	765	  1	
280	 90	765	  1	
280	 98	765	  1	
280	131	765	  1	
280	140	765	  1	
280	288	765	  1	
280	344	765	  1	
280	352	765	  1	
280	360	765	  1	
280	365	765	  1	
280	374	765	  1	
280	384	765	  1	
280	489	765	  1	
280	493	765	  1	
280	515	765	  1	
282	415	765	  1	
283	 56	765	  1	
283	216	765	  1	
283	351	765	  1	
283	445	765	  1	
283	483	765	  1	
284	 86	765	  1	
284	503	765	  1	
285	 64	765	  1	
285	 95	765	  1	
285	392	765	  1	
286	291	765	  1	
287	  7	765	  1	
287	 80	765	  1	
287	344	765	  1	
287	352	765	  1	
287	384	765	  1	
287	416	765	  1	
287	512	765	  1	
287	519	765	  1	
288	 83	765	  1	
288	144	765	  1	
288	150	765	  1	
288	202	765	  1	
288	240	765	  1	
288	247	765	  1	
288	251	765	  1	
288	336	765	  1	
288	536	765	  1	
290	 75	765	  1	
290	224	765	  1	
290	324	765	  1	
291	235	765	  1	
291	343	765	  1	
291	543	765	  1	
293	 24	765	  1	
293	 96	765	  1	
293	328	765	  1	
294	116	765	  1	
294	216	765	  1	
295	208	765	  1	
295	243	765	  1	
295	255	765	  1	
295	320	765	  1	
295	336	765	  1	
295	536	765	  1	
296	  0	765	  1	
296	  6	765	  1	
296	 67	765	  1	
296	 88	765	  1	
296	127	765	  1	
296	130	765	  1	
296	184	765	  1	
296	251	765	  1	
296	379	765	  1	
296	450	765	  1	
296	570	765	  1	
297	387	765	  1	
298	389	765	  1	
299	 48	765	  1	
299	 55	765	  1	
299	215	765	  1	
299	298	765	  1	
299	461	765	  1	
300	 16	765	  1	
301	  3	765	  1	
301	 78	765	  1	
301	 90	765	  1	
301	102	765	  1	
301	120	765	  1	
301	135	765	  1	
301	192	765	  1	
301	247	765	  1	
301	288	765	  1	
302	 23	765	  1	
303	144	765	  1	
303	303	765	  1	
303	520	765	  1	
303	524	765	  1	
303	548	765	  1	
304	 27	765	  1	
304	 32	765	  1	
304	 48	765	  1	
304	 64	765	  1	
304	104	765	  1	
304	173	765	  1	
304	183	765	  1	
304	216	765	  1	
304	234	765	  1	
304	328	765	  1	
304	360	765	  1	
304	527	765	  1	
305	 24	765	  1	
305	191	765	  1	
306	 70	765	  1	
306	333	765	  1	
307	152	765	  1	
307	223	765	  1	
308	366	765	  1	
308	469	765	  1	
309	  7	765	  1	
309	 56	765	  1	
309	 63	765	  1	
309	284	765	  1	
309	293	765	  1	
309	307	765	  1	
309	424	765	  1	
310	 19	765	  1	
310	208	765	  1	
310	236	765	  1	
310	256	765	  1	
310	368	765	  1	
311	144	765	  1	
311	216	765	  1	
311	227	765	  1	
311	384	765	  1	
312	  4	765	  1	
312	 13	765	  1	
312	 27	765	  1	
312	 80	765	  1	
312	 85	765	  1	
312	123	765	  1	
312	152	765	  1	
312	166	765	  1	
312	232	765	  1	
312	239	765	  1	
312	267	765	  1	
312	280	765	  1	
312	319	765	  1	
312	335	765	  1	
312	344	765	  1	
312	348	765	  1	
312	383	765	  1	
312	475	765	  1	
312	482	765	  1	
314	277	765	  1	
314	304	765	  1	
314	398	765	  1	
315	187	765	  1	
315	263	765	  1	
315	272	765	  1	
316	157	765	  1	
317	 40	765	  1	
317	 45	765	  1	
317	 87	765	  1	
317	136	765	  1	
317	176	765	  1	
317	487	765	  1	
318	 14	765	  1	
318	296	765	  1	
318	319	765	  1	
318	339	765	  1	
318	357	765	  1	
318	392	765	  1	
319	184	765	  1	
319	191	765	  1	
319	216	765	  1	
319	235	765	  1	
319	376	765	  1	
319	488	765	  1	
320	  5	765	  1	
320	 20	765	  1	
320	 53	765	  1	
320	 64	765	  1	
320	 88	765	  1	
320	128	765	  1	
320	133	765	  1	
320	160	765	  1	
320	164	765	  1	
320	293	765	  1	
320	304	765	  1	
320	309	765	  1	
320	328	765	  1	
320	391	765	  1	
320	451	765	  1	
321	439	765	  1	
322	 29	765	  1	
322	 94	765	  1	
322	440	765	  1	
323	 16	765	  1	
323	368	765	  1	
323	379	765	  1	
324	135	765	  1	
324	334	765	  1	
324	432	765	  1	
325	 70	765	  1	
325	150	765	  1	
325	182	765	  1	
325	296	765	  1	
325	319	765	  1	
325	343	765	  1	
325	484	765	  1	
327	 21	765	  1	
327	 24	765	  1	
327	442	765	  1	
327	448	765	  1	
327	455	765	  1	
328	  3	765	  1	
328	 30	765	  1	
328	 95	765	  1	
328	106	765	  1	
328	130	765	  1	
328	152	765	  1	
328	158	765	  1	
328	167	765	  1	
328	192	765	  1	
328	228	765	  1	
328	331	765	  1	
328	362	765	  1	
328	369	765	  1	
328	384	765	  1	
328	507	765	  1	
328	517	765	  1	
329	120	765	  1	
329	453	765	  1	
330	383	765	  1	
331	 15	765	  1	
331	 72	765	  1	
331	 96	765	  1	
331	135	765	  1	
331	160	765	  1	
331	264	765	  1	
331	289	765	  1	
331	295	765	  1	
333	 27	765	  1	
333	 62	765	  1	
333	107	765	  1	
333	228	765	  1	
333	280	765	  1	
333	296	765	  1	
333	439	765	  1	
333	513	765	  1	
334	  8	765	  1	
334	112	765	  1	
334	377	765	  1	
334	447	765	  1	
335	167	765	  1	
335	220	765	  1	
335	454	765	  1	
335	461	765	  1	
335	489	765	  1	
335	574	765	  1	
336	 55	765	  1	
336	 82	765	  1	
336	110	765	  1	
336	117	765	  1	
336	171	765	  1	
336	183	765	  1	
336	208	765	  1	
336	214	765	  1	
336	257	765	  1	
336	277	765	  1	
336	320	765	  1	
336	360	765	  1	
336	367	765	  1	
336	387	765	  1	
336	440	765	  1	
337	102	765	  1	
337	307	765	  1	
338	 49	765	  1	
338	 93	765	  1	
339	 38	765	  1	
339	176	765	  1	
339	327	765	  1	
339	389	765	  1	
339	416	765	  1	
340	375	765	  1	
341	 30	765	  1	
341	106	765	  1	
341	112	765	  1	
341	184	765	  1	
341	224	765	  1	
341	328	765	  1	
341	410	765	  1	
342	 85	765	  1	
342	163	765	  1	
342	174	765	  1	
342	235	765	  1	
343	 55	765	  1	
343	320	765	  1	
343	384	765	  1	
343	443	765	  1	
343	503	765	  1	
343	576	765	  1	
344	 44	765	  1	
344	 63	765	  1	
344	 91	765	  1	
344	139	765	  1	
344	145	765	  1	
344	209	765	  1	
344	219	765	  1	
344	262	765	  1	
344	267	765	  1	
344	344	765	  1	
344	370	765	  1	
344	455	765	  1	
344	458	765	  1	
344	567	765	  1	
345	279	765	  1	
346	176	765	  1	
346	364	765	  1	
347	 56	765	  1	
347	 80	765	  1	
347	107	765	  1	
347	351	765	  1	
347	448	765	  1	
348	384	765	  1	
349	  4	765	  1	
349	288	765	  1	
349	304	765	  1	
349	311	765	  1	
349	375	765	  1	
349	394	765	  1	
349	399	765	  1	
349	408	765	  1	
350	192	765	  1	
350	199	765	  1	
350	463	765	  1	
351	 63	765	  1	
351	180	765	  1	
351	220	765	  1	
351	455	765	  1	
351	531	765	  1	
352	 75	765	  1	
352	 80	765	  1	
352	101	765	  1	
352	115	765	  1	
352	240	765	  1	
352	247	765	  1	
352	349	765	  1	
352	419	765	  1	
352	440	765	  1	
354	157	765	  1	
354	412	765	  1	
355	152	765	  1	
355	373	765	  1	
355	389	765	  1	
355	448	765	  1	
356	264	765	  1	
357	216	765	  1	
357	223	765	  1	
358	  0	765	  1	
358	  6	765	  1	
358	111	765	  1	
358	267	765	  1	
358	381	765	  1	
359	118	765	  1	
359	243	765	  1	
359	355	765	  1	
359	455	765	  1	
360	 11	765	  1	
360	114	765	  1	
360	133	765	  1	
360	149	765	  1	
360	181	765	  1	
360	360	765	  1	
360	376	765	  1	
360	394	765	  1	
360	416	765	  1	
360	424	765	  1	
360	433	765	  1	
360	474	765	  1	
362	 42	765	  1	
362	 86	765	  1	
362	279	765	  1	
362	366	765	  1	
362	522	765	  1	
363	 47	765	  1	
363	193	765	  1	
363	207	765	  1	
363	368	765	  1	
364	433	765	  1	
364	568	765	  1	
365	  0	765	  1	
365	 75	765	  1	
365	 96	765	  1	
365	123	765	  1	
365	144	765	  1	
365	190	765	  1	
365	360	765	  1	
365	472	765	  1	
366	447	765	  1	
367	114	765	  1	
367	234	765	  1	
367	275	765	  1	
367	320	765	  1	
367	366	765	  1	
367	394	765	  1	
367	442	765	  1	
367	477	765	  1	
367	527	765	  1	
368	 27	765	  1	
368	 66	765	  1	
368	 88	765	  1	
368	136	765	  1	
368	149	765	  1	
368	168	765	  1	
368	295	765	  1	
368	443	765	  1	
368	511	765	  1	
369	162	765	  1	
369	173	765	  1	
370	 39	765	  1	
370	372	765	  1	
370	493	765	  1	
370	576	765	  1	
370	583	765	  1	
371	 48	765	  1	
371	 55	765	  1	
371	 93	765	  1	
371	192	765	  1	
371	199	765	  1	
371	488	765	  1	
373	 16	765	  1	
373	 67	765	  1	
373	256	765	  1	
373	279	765	  1	
373	363	765	  1	
374	123	765	  1	
374	150	765	  1	
374	380	765	  1	
374	434	765	  1	
374	447	765	  1	
375	 24	765	  1	
375	 31	765	  1	
375	368	765	  1	
376	  7	765	  1	
376	 43	765	  1	
376	 96	765	  1	
376	102	765	  1	
376	131	765	  1	
376	135	765	  1	
376	240	765	  1	
376	301	765	  1	
376	416	765	  1	
376	448	765	  1	
376	455	765	  1	
377	128	765	  1	
378	 86	765	  1	
379	 16	765	  1	
379	 56	765	  1	
379	 72	765	  1	
379	174	765	  1	
379	296	765	  1	
379	376	765	  1	
379	423	765	  1	
379	464	765	  1	
381	 96	765	  1	
381	198	765	  1	
381	279	765	  1	
381	347	765	  1	
382	134	765	  1	
383	 80	765	  1	
383	142	765	  1	
383	416	765	  1	
383	451	765	  1	
383	547	765	  1	
384	 46	765	  1	
384	 50	765	  1	
384	 58	765	  1	
384	 72	765	  1	
384	 89	765	  1	
384	117	765	  1	
384	193	765	  1	
384	232	765	  1	
384	245	765	  1	
384	264	765	  1	
384	285	765	  1	
384	288	765	  1	
384	295	765	  1	
384	302	765	  1	
384	322	765	  1	
384	358	765	  1	
384	388	765	  1	
384	459	765	  1	
384	488	765	  1	
384	499	765	  1	
385	240	765	  1	
386	  0	765	  1	
386	115	765	  1	
386	297	765	  1	
386	456	765	  1	
387	128	765	  1	
387	493	765	  1	
388	288	765	  1	
388	463	765	  1	
389	 40	765	  1	
389	 78	765	  1	
389	280	765	  1	
389	391	765	  1	
389	469	765	  1	
390	  6	765	  1	
391	 50	765	  1	
391	 95	765	  1	
391	118	765	  1	
391	207	765	  1	
391	247	765	  1	
392	  8	765	  1	
392	 16	765	  1	
392	 58	765	  1	
392	 62	765	  1	
392	159	765	  1	
392	168	765	  1	
392	173	765	  1	
392	216	765	  1	
392	248	765	  1	
392	282	765	  1	
392	303	765	  1	
392	357	765	  1	
392	387	765	  1	
393	 48	765	  1	
393	 53	765	  1	
393	371	765	  1	
394	166	765	  1	
394	183	765	  1	
394	200	765	  1	
394	239	765	  1	
394	320	765	  1	
394	327	765	  1	
395	152	765	  1	
395	224	765	  1	
395	255	765	  1	
396	175	765	  1	
397	234	765	  1	
398	 63	765	  1	
398	295	765	  1	
399	 48	765	  1	
399	 52	765	  1	
399	159	765	  1	
399	248	765	  1	
399	261	765	  1	
399	287	765	  1	
399	301	765	  1	
399	360	765	  1	
399	386	765	  1	
400	 37	765	  1	
400	 46	765	  1	
400	 75	765	  1	
400	 82	765	  1	
400	 87	765	  1	
400	 90	765	  1	
400	143	765	  1	
400	182	765	  1	
400	208	765	  1	
400	224	765	  1	
400	247	765	  1	
400	256	765	  1	
400	304	765	  1	
400	311	765	  1	
400	317	765	  1	
400	402	765	  1	
400	456	765	  1	
401	267	765	  1	
403	 64	765	  1	
403	119	765	  1	
403	136	765	  1	
403	152	765	  1	
403	232	765	  1	
403	271	765	  1	
403	393	765	  1	
404	  9	765	  1	
404	462	765	  1	
405	 32	765	  1	
405	 40	765	  1	
405	200	765	  1	
407	 55	765	  1	
407	143	765	  1	
407	182	765	  1	
407	219	765	  1	
407	228	765	  1	
407	307	765	  1	
408	 18	765	  1	
408	 36	765	  1	
408	 64	765	  1	
408	151	765	  1	
408	272	765	  1	
408	278	765	  1	
408	388	765	  1	
408	451	765	  1	
409	 16	765	  1	
410	104	765	  1	
411	 72	765	  1	
411	427	765	  1	
412	140	765	  1	
413	 70	765	  1	
413	275	765	  1	
413	416	765	  1	
413	423	765	  1	
415	220	765	  1	
415	391	765	  1	
416	  5	765	  1	
416	 38	765	  1	
416	 42	765	  1	
416	 75	765	  1	
416	 82	765	  1	
416	105	765	  1	
416	131	765	  1	
416	159	765	  1	
416	189	765	  1	
416	226	765	  1	
416	231	765	  1	
416	242	765	  1	
416	367	765	  1	
416	384	765	  1	
416	394	765	  1	
416	399	765	  1	
416	407	765	  1	
416	419	765	  1	
416	472	765	  1	
417	 96	765	  1	
417	146	765	  1	
418	175	765	  1	
419	 32	765	  1	
419	120	765	  1	
419	360	765	  1	
421	 91	765	  1	
421	154	765	  1	
421	184	765	  1	
421	200	765	  1	
421	208	765	  1	
421	321	765	  1	
422	159	765	  1	
422	247	765	  1	
423	 47	765	  1	
423	 99	765	  1	
423	128	765	  1	
423	135	765	  1	
423	226	765	  1	
423	367	765	  1	
423	400	765	  1	
423	416	765	  1	
423	423	765	  1	
424	 16	765	  1	
424	 22	765	  1	
424	143	765	  1	
424	167	765	  1	
424	172	765	  1	
424	219	765	  1	
424	283	765	  1	
424	288	765	  1	
424	408	765	  1	
424	415	765	  1	
424	435	765	  1	
426	 85	765	  1	
426	120	765	  1	
426	127	765	  1	
426	134	765	  1	
426	293	765	  1	
427	 24	765	  1	
427	 56	765	  1	
427	160	765	  1	
427	223	765	  1	
428	106	765	  1	
429	 19	765	  1	
429	 39	765	  1	
429	 45	765	  1	
429	 93	765	  1	
429	168	765	  1	
429	200	765	  1	
429	240	765	  1	
429	384	765	  1	
430	 96	765	  1	
430	102	765	  1	
430	112	765	  1	
430	148	765	  1	
431	 30	765	  1	
431	143	765	  1	
431	432	765	  1	
431	439	765	  1	
432	  0	765	  1	
432	  6	765	  1	
432	 22	765	  1	
432	 96	765	  1	
432	119	765	  1	
432	128	765	  1	
432	135	765	  1	
432	152	765	  1	
432	176	765	  1	
432	190	765	  1	
432	248	765	  1	
432	331	765	  1	
432	416	765	  1	
432	423	765	  1	
432	448	765	  1	
433	232	765	  1	
434	104	765	  1	
434	200	765	  1	
434	396	765	  1	
435	216	765	  1	
436	266	765	  1	
436	407	765	  1	
438	 12	765	  1	
438	172	765	  1	
438	206	765	  1	
438	215	765	  1	
439	111	765	  1	
439	113	765	  1	
439	191	765	  1	
439	248	765	  1	
439	368	765	  1	
440	 16	765	  1	
440	 46	765	  1	
440	 59	765	  1	
440	 82	765	  1	
440	103	765	  1	
440	121	765	  1	
440	149	765	  1	
440	165	765	  1	
440	168	765	  1	
440	192	765	  1	
440	216	765	  1	
440	243	765	  1	
440	352	765	  1	
441	255	765	  1	
442	213	765	  1	
442	399	765	  1	
443	 21	765	  1	
443	 35	765	  1	
444	131	765	  1	
445	 79	765	  1	
445	 87	765	  1	
445	144	765	  1	
446	 71	765	  1	
446	232	765	  1	
447	  0	765	  1	
448	 34	765	  1	
448	 59	765	  1	
448	115	765	  1	
448	128	765	  1	
448	195	765	  1	
448	217	765	  1	
448	224	765	  1	
448	240	765	  1	
449	 80	765	  1	
449	 85	765	  1	
450	127	765	  1	
450	136	765	  1	
450	168	765	  1	
450	229	765	  1	
451	131	765	  1	
451	161	765	  1	
451	248	765	  1	
452	124	765	  1	
452	251	765	  1	
453	  7	765	  1	
453	 38	765	  1	
453	 48	765	  1	
453	 61	765	  1	
453	422	765	  1	
454	 45	765	  1	
454	 71	765	  1	
454	100	765	  1	
454	128	765	  1	
454	172	765	  1	
454	229	765	  1	
454	293	765	  1	
455	 64	765	  1	
455	 78	765	  1	
455	120	765	  1	
455	221	765	  1	
455	248	765	  1	
455	266	765	  1	
455	312	765	  1	
455	368	765	  1	
456	 12	765	  1	
456	 19	765	  1	
456	 96	765	  1	
456	142	765	  1	
456	176	765	  1	
456	182	765	  1	
456	197	765	  1	
456	208	765	  1	
456	383	765	  1	
456	577	765	  1	
458	 45	765	  1	
458	 72	765	  1	
458	 88	765	  1	
458	187	765	  1	
459	213	765	  1	
459	240	765	  1	
460	135	765	  1	
461	  2	765	  1	
461	  8	765	  1	
463	107	765	  1	
463	120	765	  1	
463	127	765	  1	
463	278	765	  1	
464	 29	765	  1	
464	 50	765	  1	
464	 55	765	  1	
464	 88	765	  1	
464	132	765	  1	
464	141	765	  1	
464	159	765	  1	
464	255	765	  1	
464	308	765	  1	
465	192	765	  1	
465	211	765	  1	
466	119	765	  1	
466	152	765	  1	
467	  0	765	  1	
467	 15	765	  1	
467	248	765	  1	
468	 38	765	  1	
468	291	765	  1	
469	137	765	  1	
469	183	765	  1	
469	246	765	  1	
469	271	765	  1	
469	435	765	  1	
470	 32	765	  1	
470	115	765	  1	
470	128	765	  1	
471	111	765	  1	
471	159	765	  1	
471	255	765	  1	
472	  0	765	  1	
472	 72	765	  1	
472	 81	765	  1	
472	 87	765	  1	
472	149	765	  1	
472	166	765	  1	
472	176	765	  1	
472	194	765	  1	
472	599	765	  1	
474	 48	765	  1	
474	 77	765	  1	
474	144	765	  1	
475	272	765	  1	
476	 72	765	  1	
477	  0	765	  1	
477	356	765	  1	
478	  9	765	  1	
478	 54	765	  1	
478	150	765	  1	
479	 15	765	  1	
479	127	765	  1	
480	 24	765	  1	
480	 32	765	  1	
480	 38	765	  1	
480	144	765	  1	
480	229	765	  1	
480	237	765	  1	
480	255	765	  1	
481	 99	765	  1	
481	266	765	  1	
481	271	765	  1	
482	  6	765	  1	
482	224	765	  1	
484	 40	765	  1	
485	 12	765	  1	
485	 35	765	  1	
485	 52	765	  1	
485	 79	765	  1	
485	120	765	  1	
485	152	765	  1	
485	200	765	  1	
485	232	765	  1	
485	291	765	  1	
486	  0	765	  1	
486	391	765	  1	
487	 47	765	  1	
487	447	765	  1	
488	  8	765	  1	
488	 18	765	  1	
488	 72	765	  1	
488	128	765	  1	
488	184	765	  1	
488	203	765	  1	
488	266	765	  1	
488	322	765	  1	
489	245	765	  1	
489	256	765	  1	
489	263	765	  1	
490	 59	765	  1	
491	 80	765	  1	
493	 16	765	  1	
493	 23	765	  1	
493	136	765	  1	
493	271	765	  1	
493	279	765	  1	
496	  0	765	  1	
496	 69	765	  1	
496	 88	765	  1	
496	 96	765	  1	
496	106	765	  1	
496	111	765	  1	
496	132	765	  1	
496	140	765	  1	
496	144	765	  1	
496	151	765	  1	
496	198	765	  1	
496	219	765	  1	
496	248	765	  1	
496	254	765	  1	
496	262	765	  1	
497	235	765	  1	
498	 16	765	  1	
499	210	765	  1	
500	375	765	  1	
501	102	765	  1	
501	223	765	  1	
501	311	765	  1	
501	327	765	  1	
502	317	765	  1	
502	348	765	  1	
503	128	765	  1	
503	132	765	  1	
503	144	765	  1	
503	152	765	  1	
503	359	765	  1	
504	 32	765	  1	
504	 59	765	  1	
504	 64	765	  1	
504	 80	765	  1	
504	 84	765	  1	
504	110	765	  1	
504	165	765	  1	
504	176	765	  1	
504	264	765	  1	
504	280	765	  1	
504	299	765	  1	
506	 22	765	  1	
507	 71	765	  1	
508	  8	765	  1	
509	118	765	  1	
509	248	765	  1	
509	268	765	  1	
510	 16	765	  1	
510	283	765	  1	
511	296	765	  1	
511	303	765	  1	
512	  0	765	  1	
512	 32	765	  1	
512	 81	765	  1	
512	 97	765	  1	
512	104	765	  1	
512	111	765	  1	
512	120	765	  1	
512	176	765	  1	
512	192	765	  1	
512	197	765	  1	
512	211	765	  1	
512	239	765	  1	
512	271	765	  1	
515	101	765	  1	
515	232	765	  1	
515	256	765	  1	
516	  8	765	  1	
516	107	765	  1	
516	223	765	  1	
516	322	765	  1	
517	 98	765	  1	
517	208	765	  1	
517	263	765	  1	
518	152	765	  1	
518	330	765	  1	
519	  0	765	  1	
519	239	765	  1	
520	 31	765	  1	
520	104	765	  1	
520	112	765	  1	
520	117	765	  1	
520	120	765	  1	
520	149	765	  1	
520	171	765	  1	
520	205	765	  1	
520	266	765	  1	
520	327	765	  1	
520	359	765	  1	
520	456	765	  1	
521	 47	765	  1	
521	125	765	  1	
522	 94	765	  1	
522	131	765	  1	
522	144	765	  1	
523	160	765	  1	
523	232	765	  1	
523	236	765	  1	
524	113	765	  1	
524	271	765	  1	
525	  0	765	  1	
525	 16	765	  1	
525	 80	765	  1	
525	158	765	  1	
525	168	765	  1	
525	200	765	  1	
525	320	765	  1	
526	126	765	  1	
526	150	765	  1	
526	223	765	  1	
527	 40	765	  1	
527	 90	765	  1	
527	119	765	  1	
528	 42	765	  1	
528	 75	765	  1	
528	 88	765	  1	
528	112	765	  1	
528	144	765	  1	
528	215	765	  1	
528	247	765	  1	
528	312	765	  1	
528	344	765	  1	
528	351	765	  1	
530	240	765	  1	
530	287	765	  1	
531	 88	765	  1	
531	125	765	  1	
531	318	765	  1	
532	112	765	  1	
532	130	765	  1	
533	 96	765	  1	
533	336	765	  1	
533	400	765	  1	
534	128	765	  1	
535	 23	765	  1	
535	 32	765	  1	
535	120	765	  1	
535	251	765	  1	
535	347	765	  1	
536	 57	765	  1	
536	 62	765	  1	
536	 85	765	  1	
536	129	765	  1	
536	141	765	  1	
536	146	765	  1	
536	168	765	  1	
536	186	765	  1	
536	200	765	  1	
536	295	765	  1	
536	317	765	  1	
538	139	765	  1	
538	176	765	  1	
538	192	765	  1	
539	 24	765	  1	
539	175	765	  1	
539	360	765	  1	
540	281	765	  1	
541	120	765	  1	
541	135	765	  1	
541	292	765	  1	
541	496	765	  1	
542	 72	765	  1	
542	 97	765	  1	
542	269	765	  1	
542	366	765	  1	
542	460	765	  1	
543	200	765	  1	
543	317	765	  1	
544	  0	765	  1	
544	 56	765	  1	
544	 63	765	  1	
544	 66	765	  1	
544	 94	765	  1	
544	109	765	  1	
544	195	765	  1	
544	240	765	  1	
544	247	765	  1	
544	253	765	  1	
544	288	765	  1	
544	301	765	  1	
544	307	765	  1	
544	471	765	  1	
545	136	765	  1	
546	156	765	  1	
547	 86	765	  1	
547	 96	765	  1	
547	172	765	  1	
547	294	765	  1	
547	312	765	  1	
547	334	765	  1	
547	408	765	  1	
549	124	765	  1	
549	159	765	  1	
549	280	765	  1	
550	  7	765	  1	
550	 80	765	  1	
550	 95	765	  1	
550	340	765	  1	
550	456	765	  1	
551	 59	765	  1	
551	 72	765	  1	
551	304	765	  1	
551	311	765	  1	
551	319	765	  1	
551	328	765	  1	
552	114	765	  1	
552	150	765	  1	
552	208	765	  1	
552	392	765	  1	
554	 88	765	  1	
554	157	765	  1	
555	186	765	  1	
555	198	765	  1	
555	235	765	  1	
555	273	765	  1	
555	368	765	  1	
558	 94	765	  1	
558	118	765	  1	
558	144	765	  1	
558	311	765	  1	
559	  0	765	  1	
559	152	765	  1	
559	167	765	  1	
559	279	765	  1	
560	137	765	  1	
560	181	765	  1	
560	189	765	  1	
560	267	765	  1	
560	272	765	  1	
560	312	765	  1	
560	325	765	  1	
560	376	765	  1	
560	400	765	  1	
561	107	765	  1	
561	280	765	  1	
562	 23	765	  1	
562	166	765	  1	
563	223	765	  1	
563	406	765	  1	
565	112	765	  1	
566	136	765	  1	
566	143	765	  1	
566	216	765	  1	
566	272	765	  1	
566	326	765	  1	
566	379	765	  1	
567	160	765	  1	
567	301	765	  1	
567	305	765	  1	
567	479	765	  1	
568	141	765	  1	
568	147	765	  1	
568	152	765	  1	
568	176	765	  1	
568	250	765	  1	
568	328	765	  1	
568	344	765	  1	
568	360	765	  1	
568	366	765	  1	
568	392	765	  1	
570	 48	765	  1	
570	157	765	  1	
571	183	765	  1	
573	119	765	  1	
574	136	765	  1	
574	141	765	  1	
574	276	765	  1	
574	319	765	  1	
575	144	765	  1	
575	151	765	  1	
576	 39	765	  1	
576	128	765	  1	
576	166	765	  1	
576	192	765	  1	
576	232	765	  1	
576	256	765	  1	
576	263	765	  1	
576	279	765	  1	
576	315	765	  1	
576	327	765	  1	
576	394	765	  1	
577	266	765	  1	
578	114	765	  1	
578	211	765	  1	
578	450	765	  1	
579	119	765	  1	
579	199	765	  1	
579	271	765	  1	
579	320	765	  1	
581	144	765	  1	
581	192	765	  1	
582	  0	765	  1	
583	240	765	  1	
583	259	765	  1	
583	327	765	  1	
583	408	765	  1	
584	 72	765	  1	
584	 93	765	  1	
584	122	765	  1	
584	142	765	  1	
584	176	765	  1	
584	183	765	  1	
584	218	765	  1	
584	275	765	  1	
584	379	765	  1	
586	 79	765	  1	
586	115	765	  1	
587	 64	765	  1	
587	 85	765	  1	
587	126	765	  1	
587	136	765	  1	
587	168	765	  1	
589	429	765	  1	
590	122	765	  1	
590	272	765	  1	
590	365	765	  1	
591	 16	765	  1	
591	 74	765	  1	
591	179	765	  1	
591	227	765	  1	
591	288	765	  1	
591	311	765	  1	
591	376	765	  1	
591	383	765	  1	
592	 88	765	  1	
592	114	765	  1	
592	184	765	  1	
592	207	765	  1	
592	214	765	  1	
592	231	765	  1	
592	239	765	  1	
592	251	765	  1	
592	320	765	  1	
592	384	765	  1	
592	391	765	  1	
592	451	765	  1	
594	 96	765	  1	
595	 56	765	  1	
595	191	765	  1	
595	288	765	  1	
595	327	765	  1	
597	 99	765	  1	
597	104	765	  1	
597	125	765	  1	
597	163	765	  1	
597	245	765	  1	
597	262	765	  1	
597	355	765	  1	
597	567	765	  1	
598	 47	765	  1	
598	311	765	  1	
599	184	765	  1	
599	213	765	  1	
599	248	765	  1	
599	255	765	  1	
599	320	765	  1	
599	360	765	  1	
599	387	765	  1	
600	 32	765	  1	
600	 63	765	  1	
600	277	765	  1	
600	328	765	  1	
600	357	765	  1	
601	376	765	  1	
602	262	765	  1	
603	 63	765	  1	
604	  1	765	  1	
604	272	765	  1	
604	288	765	  1	
605	  7	765	  1	
605	238	765	  1	
606	157	765	  1	
606	295	765	  1	
607	176	765	  1	
607	256	765	  1	
607	315	765	  1	
607	328	765	  1	
608	184	765	  1	
608	213	765	  1	
608	274	765	  1	
608	288	765	  1	
608	423	765	  1	
609	159	765	  1	
610	400	765	  1	
610	406	765	  1	
611	280	765	  1	
612	 71	765	  1	
613	304	765	  1	
614	208	765	  1	
614	295	765	  1	
616	176	765	  1	
616	231	765	  1	
616	278	765	  1	
618	  8	765	  1	
619	 55	765	  1	
623	231	765	  1	
623	240	765	  1	
623	278	765	  1	
624	248	765	  1	
624	367	765	  1	
624	463	765	  1	
627	255	765	  1	
628	136	765	  1	
630	162	765	  1	
631	248	765	  1	
631	463	765	  1	
632	213	765	  1	
632	295	765	  1	
632	344	765	  1	
632	352	765	  1	
632	414	765	  1	
635	240	765	  1	
637	215	765	  1	
639	 48	765	  1	
639	 55	765	  1	
639	 64	765	  1	
639	105	765	  1	
640	274	765	  1	
640	426	765	  1	
643	168	765	  1	
647	 75	765	  1	
647	133	765	  1	
647	343	765	  1	
648	 47	765	  1	
648	157	765	  1	
648	239	765	  1	
648	288	765	  1	
650	369	765	  1	
651	295	765	  1	
652	224	765	  1	
654	 77	765	  1	
655	 64	765	  1	
655	288	765	  1	
656	 56	765	  1	
656	160	765	  1	
656	274	765	  1	
656	383	765	  1	
661	 76	765	  1	
662	139	765	  1	
662	279	765	  1	
664	 63	765	  1	
672	186	765	  1	
677	392	765	  1	
679	 55	765	  1	
679	189	765	  1	
680	 95	765	  1	
680	160	765	  1	
680	176	765	  1	
680	432	765	  1	
683	183	765	  1	
683	562	765	  1	
687	176	765	  1	
688	129	765	  1	
688	432	765	  1	
695	195	765	  1	
695	295	765	  1	
699	349	765	  1	
701	276	765	  1	
704	304	765	  1	
711	144	765	  1	
712	296	765	  1	
719	248	765	  1	
719	288	765	  1	
739	327	765	  1	
742	365	765	  1	
754	 95	765	  1	
757	336	765	  1	
759	285	765	  1	
768	159	765	  1	
776	533	765	  1	
795	184	765	  1	
796	180	765	  1	
798	183	765	  1	
