# 
#  Image file: Goad1_T0018.jpg
#  Applied threshold: 575
#  Algorithm used: fill2                 
#  Particle count: 1938
#  Location (x,y), max luminance, and mass:
# 
  5	102	765	  1	
  7	111	765	  1	
  7	264	765	  1	
  7	287	765	  1	
  7	399	765	  1	
  8	543	765	  1	
 12	240	765	  1	
 15	536	765	  1	
 16	  8	765	  1	
 16	300	765	  1	
 32	 96	765	  1	
 32	238	765	  1	
 34	367	765	  1	
 35	 61	765	  1	
 39	100	765	  1	
 39	392	765	  1	
 40	151	765	  1	
 44	248	765	  1	
 47	256	765	  1	
 55	151	765	  1	
 55	254	765	  1	
 56	 22	765	  1	
 56	103	765	  1	
 56	108	765	  1	
 56	340	765	  1	
 59	111	765	  1	
 64	197	765	  1	
 72	296	765	  1	
 73	344	765	  1	
 77	384	765	  1	
 78	192	765	  1	
 78	282	765	  1	
 80	107	765	  1	
 80	549	765	  1	
 83	360	765	  1	
 87	163	765	  1	
 88	237	765	  1	
 88	268	765	  1	
 89	 67	765	  1	
 90	335	765	  1	
 91	260	765	  1	
 93	440	765	  1	
 94	232	765	  1	
 94	311	765	  1	
 95	328	765	  1	
 96	122	765	  1	
 96	349	765	  1	
 96	374	765	  1	
 96	382	765	  1	
 96	400	765	  1	
 96	583	765	  1	
 98	293	765	  1	
 99	 24	765	  1	
 99	152	765	  1	
 99	239	765	  1	
100	103	765	  1	
100	528	765	  1	
101	 91	765	  1	
102	232	765	  1	
102	372	765	  1	
103	 69	765	  1	
103	 87	765	  1	
103	104	765	  1	
103	256	765	  1	
103	328	765	  1	
103	380	765	  1	
104	127	765	  1	
104	144	765	  1	
104	317	765	  1	
104	379	765	  1	
104	543	765	  1	
107	312	765	  1	
109	133	765	  1	
109	376	765	  1	
112	150	765	  1	
112	208	765	  1	
112	298	765	  1	
112	383	765	  1	
112	407	765	  1	
113	346	765	  1	
117	259	765	  1	
117	539	765	  1	
118	121	765	  1	
118	145	765	  1	
118	299	765	  1	
119	 39	765	  1	
119	 61	765	  1	
119	143	765	  1	
119	199	765	  1	
120	194	765	  1	
120	216	765	  1	
120	231	765	  1	
120	291	765	  1	
120	368	765	  1	
121	360	765	  1	
121	367	765	  1	
121	375	765	  1	
122	395	765	  1	
124	229	765	  1	
125	136	765	  1	
125	224	765	  1	
126	216	765	  1	
126	221	765	  1	
126	312	765	  1	
127	230	765	  1	
127	260	765	  1	
127	399	765	  1	
128	 10	765	  1	
128	169	765	  1	
128	175	765	  1	
128	227	765	  1	
128	362	765	  1	
131	 88	765	  1	
132	216	765	  1	
133	 42	765	  1	
133	184	765	  1	
133	207	765	  1	
133	372	765	  1	
134	 15	765	  1	
134	223	765	  1	
134	383	765	  1	
134	456	765	  1	
135	 88	765	  1	
135	568	765	  1	
136	 16	765	  1	
136	 56	765	  1	
136	111	765	  1	
136	127	765	  1	
136	163	765	  1	
136	197	765	  1	
136	415	765	  1	
138	103	765	  1	
138	285	765	  1	
139	  7	765	  1	
139	120	765	  1	
139	218	765	  1	
139	319	765	  1	
140	496	765	  1	
141	144	765	  1	
141	175	765	  1	
141	192	765	  1	
142	 90	765	  1	
142	339	765	  1	
143	  2	765	  1	
143	 69	765	  1	
143	111	765	  1	
143	127	765	  1	
143	367	765	  1	
144	  7	765	  1	
144	136	765	  1	
144	143	765	  1	
144	196	765	  1	
144	351	765	  1	
144	400	765	  1	
145	268	765	  1	
146	264	765	  1	
146	462	765	  1	
147	112	765	  1	
148	272	765	  1	
148	343	765	  1	
149	456	765	  1	
151	 74	765	  1	
151	256	765	  1	
151	287	765	  1	
152	134	765	  1	
152	199	765	  1	
152	201	765	  1	
152	206	765	  1	
152	232	765	  1	
152	272	765	  1	
152	400	765	  1	
154	308	765	  1	
155	192	765	  1	
156	378	765	  1	
156	583	765	  1	
157	202	765	  1	
157	207	765	  1	
157	568	765	  1	
158	132	765	  1	
158	198	765	  1	
159	224	765	  1	
159	427	765	  1	
159	463	765	  1	
160	173	765	  1	
160	176	765	  1	
160	192	765	  1	
160	211	765	  1	
160	335	765	  1	
160	368	765	  1	
161	399	765	  1	
163	394	765	  1	
163	472	765	  1	
164	 74	765	  1	
165	 16	765	  1	
165	180	765	  1	
165	568	765	  1	
166	242	765	  1	
166	320	765	  1	
168	103	765	  1	
168	433	765	  1	
169	407	765	  1	
170	336	765	  1	
173	 63	765	  1	
173	128	765	  1	
173	152	765	  1	
174	191	765	  1	
174	436	765	  1	
175	 31	765	  1	
175	 39	765	  1	
175	340	765	  1	
176	136	765	  1	
176	168	765	  1	
176	296	765	  1	
176	520	765	  1	
176	575	765	  1	
177	  3	765	  1	
179	368	765	  1	
180	240	765	  1	
181	174	765	  1	
182	 78	765	  1	
182	304	765	  1	
183	224	765	  1	
183	415	765	  1	
183	520	765	  1	
184	112	765	  1	
184	128	765	  1	
184	138	765	  1	
184	146	765	  1	
184	255	765	  1	
184	280	765	  1	
184	286	765	  1	
184	399	765	  1	
184	514	765	  1	
184	542	765	  1	
186	282	765	  1	
186	320	765	  1	
186	324	765	  1	
187	 55	765	  1	
187	248	765	  1	
188	370	765	  1	
188	572	765	  1	
189	160	765	  1	
189	270	765	  1	
189	367	765	  1	
190	 72	765	  1	
190	148	765	  1	
190	255	765	  1	
190	474	765	  1	
191	128	765	  1	
191	239	765	  1	
191	280	765	  1	
191	287	765	  1	
191	397	765	  1	
191	536	765	  1	
192	 88	765	  1	
192	133	765	  1	
192	176	765	  1	
192	277	765	  1	
192	342	765	  1	
192	551	765	  1	
194	151	765	  1	
194	299	765	  1	
194	584	765	  1	
195	 10	765	  1	
195	126	765	  1	
196	272	765	  1	
196	325	765	  1	
196	502	765	  1	
196	546	765	  1	
197	148	765	  1	
197	283	765	  1	
197	336	765	  1	
198	259	765	  1	
199	246	765	  1	
199	455	765	  1	
199	536	765	  1	
200	 66	765	  1	
200	 82	765	  1	
200	 90	765	  1	
200	119	765	  1	
200	157	765	  1	
200	192	765	  1	
200	251	765	  1	
201	  7	765	  1	
201	343	765	  1	
201	517	765	  1	
203	383	765	  1	
204	240	765	  1	
204	273	765	  1	
205	171	765	  1	
206	 84	765	  1	
206	 98	765	  1	
206	179	765	  1	
207	144	765	  1	
207	336	765	  1	
207	504	765	  1	
207	520	765	  1	
207	544	765	  1	
207	599	765	  1	
208	 63	765	  1	
208	138	765	  1	
208	256	765	  1	
208	263	765	  1	
208	323	765	  1	
208	332	765	  1	
208	415	765	  1	
209	271	765	  1	
210	219	765	  1	
211	 56	765	  1	
211	184	765	  1	
211	230	765	  1	
211	279	765	  1	
211	439	765	  1	
212	264	765	  1	
212	328	765	  1	
213	158	765	  1	
213	176	765	  1	
213	432	765	  1	
214	287	765	  1	
214	335	765	  1	
214	415	765	  1	
214	419	765	  1	
215	 63	765	  1	
215	123	765	  1	
215	151	765	  1	
215	224	765	  1	
215	259	765	  1	
215	320	765	  1	
215	327	765	  1	
215	455	765	  1	
216	 32	765	  1	
216	 40	765	  1	
216	 46	765	  1	
216	 78	765	  1	
216	160	765	  1	
216	198	765	  1	
216	235	765	  1	
216	322	765	  1	
216	360	765	  1	
216	365	765	  1	
216	424	765	  1	
216	496	765	  1	
217	 68	765	  1	
218	127	765	  1	
218	139	765	  1	
218	189	765	  1	
218	251	765	  1	
219	 88	765	  1	
219	130	765	  1	
219	184	765	  1	
219	194	765	  1	
219	304	765	  1	
220	374	765	  1	
221	434	765	  1	
222	427	765	  1	
223	 71	765	  1	
223	142	765	  1	
223	319	765	  1	
223	501	765	  1	
223	560	765	  1	
224	 54	765	  1	
224	127	765	  1	
224	179	765	  1	
224	194	765	  1	
224	215	765	  1	
224	229	765	  1	
224	256	765	  1	
224	327	765	  1	
224	344	765	  1	
224	368	765	  1	
224	376	765	  1	
224	411	765	  1	
224	416	765	  1	
224	447	765	  1	
224	480	765	  1	
224	536	765	  1	
225	235	765	  1	
226	 31	765	  1	
226	312	765	  1	
226	373	765	  1	
226	422	765	  1	
226	432	765	  1	
227	 48	765	  1	
227	211	765	  1	
227	263	765	  1	
227	322	765	  1	
227	359	765	  1	
227	383	765	  1	
229	192	765	  1	
230	416	765	  1	
230	440	765	  1	
231	 74	765	  1	
231	112	765	  1	
231	143	765	  1	
231	207	765	  1	
231	240	765	  1	
231	256	765	  1	
231	352	765	  1	
231	376	765	  1	
231	408	765	  1	
231	480	765	  1	
232	 96	765	  1	
232	109	765	  1	
232	122	765	  1	
232	144	765	  1	
232	162	765	  1	
232	167	765	  1	
232	224	765	  1	
232	419	765	  1	
232	442	765	  1	
232	462	765	  1	
232	472	765	  1	
232	479	765	  1	
235	323	765	  1	
235	368	765	  1	
235	408	765	  1	
236	175	765	  1	
237	 88	765	  1	
237	120	765	  1	
237	200	765	  1	
237	423	765	  1	
238	110	765	  1	
238	455	765	  1	
238	575	765	  1	
239	 19	765	  1	
239	 48	765	  1	
239	 64	765	  1	
239	462	765	  1	
239	475	765	  1	
240	  2	765	  1	
240	 24	765	  1	
240	 37	765	  1	
240	 77	765	  1	
240	195	765	  1	
240	208	765	  1	
240	245	765	  1	
240	272	765	  1	
240	301	765	  1	
240	307	765	  1	
240	392	765	  1	
240	445	765	  1	
240	482	765	  1	
241	  0	765	  1	
241	232	765	  1	
242	102	765	  1	
242	240	765	  1	
242	488	765	  1	
243	 30	765	  1	
243	 54	765	  1	
243	 88	765	  1	
243	255	765	  1	
243	392	765	  1	
245	160	765	  1	
245	256	765	  1	
245	276	765	  1	
245	344	765	  1	
245	351	765	  1	
246	 19	765	  1	
246	 48	765	  1	
246	177	765	  1	
246	246	765	  1	
246	366	765	  1	
246	567	765	  1	
247	304	765	  1	
247	311	765	  1	
247	445	765	  1	
248	  0	765	  1	
248	 55	765	  1	
248	 67	765	  1	
248	 79	765	  1	
248	171	765	  1	
248	208	765	  1	
248	322	765	  1	
248	416	765	  1	
248	423	765	  1	
248	503	765	  1	
248	536	765	  1	
248	584	765	  1	
249	288	765	  1	
249	391	765	  1	
250	 74	765	  1	
250	181	765	  1	
251	106	765	  1	
251	215	765	  1	
251	456	765	  1	
251	549	765	  1	
253	  6	765	  1	
253	232	765	  1	
253	407	765	  1	
254	168	765	  1	
254	272	765	  1	
255	104	765	  1	
255	111	765	  1	
255	176	765	  1	
255	496	765	  1	
256	 50	765	  1	
256	 99	765	  1	
256	182	765	  1	
256	224	765	  1	
256	244	765	  1	
256	424	765	  1	
256	430	765	  1	
256	469	765	  1	
256	504	765	  1	
256	511	765	  1	
256	528	765	  1	
257	 88	765	  1	
257	 95	765	  1	
258	 40	765	  1	
258	171	765	  1	
258	508	765	  1	
259	311	765	  1	
261	104	765	  1	
261	230	765	  1	
261	234	765	  1	
261	312	765	  1	
261	360	765	  1	
261	427	765	  1	
261	496	765	  1	
262	  0	765	  1	
262	 99	765	  1	
262	168	765	  1	
262	220	765	  1	
262	392	765	  1	
262	399	765	  1	
262	464	765	  1	
263	182	765	  1	
263	320	765	  1	
264	 88	765	  1	
264	102	765	  1	
264	152	765	  1	
264	186	765	  1	
264	192	765	  1	
264	198	765	  1	
264	241	765	  1	
264	248	765	  1	
264	280	765	  1	
264	285	765	  1	
264	328	765	  1	
264	349	765	  1	
264	379	765	  1	
264	398	765	  1	
264	400	765	  1	
264	414	765	  1	
264	423	765	  1	
264	485	765	  1	
265	290	765	  1	
266	408	765	  1	
267	176	765	  1	
267	224	765	  1	
267	247	765	  1	
267	319	765	  1	
267	504	765	  1	
268	234	765	  1	
269	 99	765	  1	
269	254	765	  1	
269	384	765	  1	
269	480	765	  1	
269	551	765	  1	
270	332	765	  1	
270	392	765	  1	
270	472	765	  1	
271	290	765	  1	
271	312	765	  1	
271	376	765	  1	
271	400	765	  1	
271	414	765	  1	
271	486	765	  1	
271	508	765	  1	
272	 10	765	  1	
272	 16	765	  1	
272	 42	765	  1	
272	 70	765	  1	
272	 82	765	  1	
272	156	765	  1	
272	176	765	  1	
272	227	765	  1	
272	232	765	  1	
272	256	765	  1	
272	296	765	  1	
272	352	765	  1	
272	432	765	  1	
272	438	765	  1	
272	448	765	  1	
272	458	765	  1	
272	506	765	  1	
272	511	765	  1	
272	528	765	  1	
272	536	765	  1	
273	 37	765	  1	
274	 90	765	  1	
274	543	765	  1	
275	 64	765	  1	
275	160	765	  1	
275	192	765	  1	
275	303	765	  1	
276	182	765	  1	
277	  8	765	  1	
277	 33	765	  1	
277	 71	765	  1	
277	176	765	  1	
277	238	765	  1	
277	283	765	  1	
277	455	765	  1	
278	 23	765	  1	
278	 47	765	  1	
278	506	765	  1	
279	184	765	  1	
279	296	765	  1	
279	355	765	  1	
279	511	765	  1	
279	568	765	  1	
280	 53	765	  1	
280	 93	765	  1	
280	163	765	  1	
280	171	765	  1	
280	200	765	  1	
280	240	765	  1	
280	246	765	  1	
280	254	765	  1	
280	301	765	  1	
280	328	765	  1	
280	377	765	  1	
280	386	765	  1	
280	413	765	  1	
280	448	765	  1	
280	455	765	  1	
280	487	765	  1	
280	496	765	  1	
280	503	765	  1	
280	514	765	  1	
280	522	765	  1	
280	527	765	  1	
282	 85	765	  1	
282	388	765	  1	
283	120	765	  1	
283	216	765	  1	
283	408	765	  1	
283	424	765	  1	
283	480	765	  1	
284	 71	765	  1	
285	  0	765	  1	
285	243	765	  1	
285	519	765	  1	
286	343	765	  1	
286	377	765	  1	
286	387	765	  1	
287	301	765	  1	
287	416	765	  1	
287	487	765	  1	
288	 27	765	  1	
288	 34	765	  1	
288	 48	765	  1	
288	113	765	  1	
288	135	765	  1	
288	181	765	  1	
288	192	765	  1	
288	238	765	  1	
288	247	765	  1	
288	344	765	  1	
288	351	765	  1	
288	384	765	  1	
288	390	765	  1	
288	415	765	  1	
288	432	765	  1	
288	498	765	  1	
288	526	765	  1	
288	544	765	  1	
289	152	765	  1	
290	  8	765	  1	
290	343	765	  1	
291	 38	765	  1	
291	224	765	  1	
291	358	765	  1	
291	400	765	  1	
291	439	765	  1	
293	 15	765	  1	
293	 83	765	  1	
293	109	765	  1	
293	232	765	  1	
293	304	765	  1	
293	320	765	  1	
293	488	765	  1	
294	163	765	  1	
294	496	765	  1	
294	511	765	  1	
295	152	765	  1	
295	243	765	  1	
295	251	765	  1	
295	328	765	  1	
295	347	765	  1	
295	408	765	  1	
295	432	765	  1	
295	586	765	  1	
295	591	765	  1	
296	 16	765	  1	
296	 53	765	  1	
296	 75	765	  1	
296	 95	765	  1	
296	146	765	  1	
296	173	765	  1	
296	205	765	  1	
296	290	765	  1	
296	384	765	  1	
296	424	765	  1	
296	484	765	  1	
297	 85	765	  1	
298	181	765	  1	
299	200	765	  1	
300	423	765	  1	
301	 48	765	  1	
301	 80	765	  1	
301	 91	765	  1	
301	119	765	  1	
301	151	765	  1	
301	288	765	  1	
301	295	765	  1	
301	480	765	  1	
302	100	765	  1	
303	 36	765	  1	
303	 72	765	  1	
303	 79	765	  1	
303	 87	765	  1	
303	384	765	  1	
303	505	765	  1	
304	 10	765	  1	
304	 58	765	  1	
304	133	765	  1	
304	184	765	  1	
304	211	765	  1	
304	219	765	  1	
304	315	765	  1	
304	343	765	  1	
304	515	765	  1	
304	544	765	  1	
305	  0	765	  1	
305	194	765	  1	
305	199	765	  1	
306	128	765	  1	
306	253	765	  1	
307	 27	765	  1	
307	304	765	  1	
307	371	765	  1	
307	416	765	  1	
307	550	765	  1	
309	  8	765	  1	
309	 15	765	  1	
309	224	765	  1	
309	237	765	  1	
309	382	765	  1	
310	134	765	  1	
310	294	765	  1	
310	316	765	  1	
310	427	765	  1	
310	512	765	  1	
310	519	765	  1	
311	 19	765	  1	
311	323	765	  1	
312	 45	765	  1	
312	152	765	  1	
312	159	765	  1	
312	168	765	  1	
312	248	765	  1	
312	254	765	  1	
312	371	765	  1	
312	384	765	  1	
312	391	765	  1	
312	395	765	  1	
312	400	765	  1	
312	408	765	  1	
312	446	765	  1	
312	472	765	  1	
314	312	765	  1	
314	432	765	  1	
314	547	765	  1	
315	223	765	  1	
315	437	765	  1	
315	495	765	  1	
316	 34	765	  1	
316	 80	765	  1	
316	155	765	  1	
316	262	765	  1	
317	128	765	  1	
317	192	765	  1	
318	391	765	  1	
318	444	765	  1	
318	479	765	  1	
319	 87	765	  1	
319	328	765	  1	
319	368	765	  1	
319	375	765	  1	
319	399	765	  1	
320	 20	765	  1	
320	 88	765	  1	
320	109	765	  1	
320	114	765	  1	
320	133	765	  1	
320	176	765	  1	
320	200	765	  1	
320	206	765	  1	
320	277	765	  1	
320	352	765	  1	
320	359	765	  1	
320	376	765	  1	
320	387	765	  1	
320	395	765	  1	
320	419	765	  1	
320	449	765	  1	
320	454	765	  1	
320	456	765	  1	
320	463	765	  1	
320	503	765	  1	
320	512	765	  1	
321	400	765	  1	
322	142	765	  1	
322	272	765	  1	
322	424	765	  1	
323	194	765	  1	
323	264	765	  1	
323	335	765	  1	
324	378	765	  1	
325	 17	765	  1	
325	 72	765	  1	
325	144	765	  1	
325	203	765	  1	
325	277	765	  1	
325	339	765	  1	
325	344	765	  1	
326	 39	765	  1	
326	168	765	  1	
326	262	765	  1	
326	367	765	  1	
327	123	765	  1	
327	163	765	  1	
327	270	765	  1	
327	328	765	  1	
327	404	765	  1	
328	 31	765	  1	
328	 88	765	  1	
328	 95	765	  1	
328	 98	765	  1	
328	103	765	  1	
328	152	765	  1	
328	157	765	  1	
328	171	765	  1	
328	181	765	  1	
328	249	765	  1	
328	359	765	  1	
328	408	765	  1	
328	431	765	  1	
328	439	765	  1	
328	484	765	  1	
329	126	765	  1	
330	 32	765	  1	
330	367	765	  1	
331	 46	765	  1	
331	415	765	  1	
331	432	765	  1	
332	120	765	  1	
332	158	765	  1	
333	 40	765	  1	
333	264	765	  1	
333	354	765	  1	
333	376	765	  1	
333	391	765	  1	
334	 24	765	  1	
334	248	765	  1	
334	298	765	  1	
334	571	765	  1	
335	 29	765	  1	
335	135	765	  1	
335	408	765	  1	
335	424	765	  1	
335	439	765	  1	
336	  8	765	  1	
336	 32	765	  1	
336	 67	765	  1	
336	157	765	  1	
336	208	765	  1	
336	214	765	  1	
336	218	765	  1	
336	224	765	  1	
336	237	765	  1	
336	257	765	  1	
336	293	765	  1	
336	320	765	  1	
336	332	765	  1	
336	336	765	  1	
336	358	765	  1	
336	381	765	  1	
336	396	765	  1	
336	431	765	  1	
337	131	765	  1	
338	352	765	  1	
338	420	765	  1	
339	 72	765	  1	
339	120	765	  1	
339	144	765	  1	
339	192	765	  1	
339	376	765	  1	
340	227	765	  1	
340	320	765	  1	
341	 99	765	  1	
341	211	765	  1	
341	216	765	  1	
341	223	765	  1	
342	 12	765	  1	
342	 68	765	  1	
342	134	765	  1	
342	335	765	  1	
342	416	765	  1	
343	248	765	  1	
343	356	765	  1	
343	427	765	  1	
344	 24	765	  1	
344	 37	765	  1	
344	 62	765	  1	
344	 72	765	  1	
344	 96	765	  1	
344	128	765	  1	
344	143	765	  1	
344	152	765	  1	
344	168	765	  1	
344	179	765	  1	
344	267	765	  1	
344	370	765	  1	
344	386	765	  1	
345	  4	765	  1	
345	238	765	  1	
346	  0	765	  1	
346	 29	765	  1	
347	 16	765	  1	
347	194	765	  1	
347	207	765	  1	
347	264	765	  1	
347	271	765	  1	
347	315	765	  1	
348	128	765	  1	
348	184	765	  1	
348	339	765	  1	
349	 11	765	  1	
349	143	765	  1	
349	288	765	  1	
349	392	765	  1	
349	424	765	  1	
350	  0	765	  1	
350	224	765	  1	
351	  5	765	  1	
351	 97	765	  1	
351	247	765	  1	
351	359	765	  1	
351	471	765	  1	
352	  8	765	  1	
352	 43	765	  1	
352	 53	765	  1	
352	 69	765	  1	
352	 80	765	  1	
352	147	765	  1	
352	160	765	  1	
352	216	765	  1	
352	248	765	  1	
352	290	765	  1	
352	376	765	  1	
352	427	765	  1	
352	455	765	  1	
352	472	765	  1	
352	528	765	  1	
353	 99	765	  1	
353	335	765	  1	
354	129	765	  1	
354	400	765	  1	
355	 64	765	  1	
355	138	765	  1	
355	232	765	  1	
355	262	765	  1	
355	385	765	  1	
356	324	765	  1	
356	463	765	  1	
357	126	765	  1	
357	146	765	  1	
357	323	765	  1	
357	378	765	  1	
358	322	765	  1	
359	 40	765	  1	
359	 45	765	  1	
359	110	765	  1	
359	362	765	  1	
359	424	765	  1	
359	431	765	  1	
359	479	765	  1	
360	 24	765	  1	
360	 75	765	  1	
360	144	765	  1	
360	150	765	  1	
360	167	765	  1	
360	221	765	  1	
360	304	765	  1	
360	368	765	  1	
360	399	765	  1	
360	447	765	  1	
360	584	765	  1	
360	591	765	  1	
361	240	765	  1	
362	122	765	  1	
362	384	765	  1	
363	118	765	  1	
363	127	765	  1	
363	160	765	  1	
363	180	765	  1	
363	230	765	  1	
363	455	765	  1	
364	  0	765	  1	
364	138	765	  1	
364	391	765	  1	
365	 40	765	  1	
365	147	765	  1	
365	224	765	  1	
365	535	765	  1	
366	135	765	  1	
366	442	765	  1	
367	 72	765	  1	
367	 79	765	  1	
367	112	765	  1	
367	167	765	  1	
367	248	765	  1	
367	371	765	  1	
368	 37	765	  1	
368	 70	765	  1	
368	 99	765	  1	
368	119	765	  1	
368	187	765	  1	
368	264	765	  1	
368	399	765	  1	
369	113	765	  1	
370	 56	765	  1	
370	168	765	  1	
371	 88	765	  1	
371	287	765	  1	
372	 27	765	  1	
372	200	765	  1	
373	142	765	  1	
373	183	765	  1	
373	216	765	  1	
373	543	765	  1	
374	  0	765	  1	
374	174	765	  1	
374	432	765	  1	
374	436	765	  1	
374	440	765	  1	
374	447	765	  1	
375	 90	765	  1	
375	191	765	  1	
375	248	765	  1	
375	262	765	  1	
375	264	765	  1	
375	523	765	  1	
375	528	765	  1	
376	 10	765	  1	
376	 15	765	  1	
376	 36	765	  1	
376	 48	765	  1	
376	 80	765	  1	
376	128	765	  1	
376	155	765	  1	
376	312	765	  1	
376	402	765	  1	
376	427	765	  1	
376	480	765	  1	
376	486	765	  1	
377	114	765	  1	
377	119	765	  1	
378	 26	765	  1	
378	319	765	  1	
378	437	765	  1	
379	 72	765	  1	
380	 54	765	  1	
380	183	765	  1	
380	261	765	  1	
381	  0	765	  1	
381	 56	765	  1	
381	104	765	  1	
382	 38	765	  1	
382	 77	765	  1	
382	143	765	  1	
382	168	765	  1	
382	256	765	  1	
382	312	765	  1	
382	391	765	  1	
382	544	765	  1	
383	112	765	  1	
383	155	765	  1	
383	288	765	  1	
383	344	765	  1	
383	424	765	  1	
383	431	765	  1	
384	  0	765	  1	
384	 16	765	  1	
384	 32	765	  1	
384	120	765	  1	
384	328	765	  1	
384	332	765	  1	
384	339	765	  1	
384	381	765	  1	
384	454	765	  1	
384	463	765	  1	
384	495	765	  1	
385	488	765	  1	
386	380	765	  1	
386	448	765	  1	
387	159	765	  1	
387	188	765	  1	
387	423	765	  1	
388	136	765	  1	
388	141	765	  1	
388	207	765	  1	
389	110	765	  1	
389	144	765	  1	
389	168	765	  1	
391	336	765	  1	
391	343	765	  1	
391	452	765	  1	
391	555	765	  1	
392	  0	765	  1	
392	 61	765	  1	
392	 66	765	  1	
392	 90	765	  1	
392	152	765	  1	
392	206	765	  1	
392	229	765	  1	
392	248	765	  1	
392	328	765	  1	
392	338	765	  1	
392	431	765	  1	
392	527	765	  1	
394	190	765	  1	
394	279	765	  1	
395	 19	765	  1	
395	209	765	  1	
395	255	765	  1	
396	 15	765	  1	
396	 26	765	  1	
396	200	765	  1	
396	358	765	  1	
397	  4	765	  1	
397	 56	765	  1	
397	 76	765	  1	
397	326	765	  1	
397	438	765	  1	
398	  0	765	  1	
398	333	765	  1	
398	343	765	  1	
398	354	765	  1	
399	  9	765	  1	
399	 24	765	  1	
399	143	765	  1	
399	248	765	  1	
399	350	765	  1	
399	527	765	  1	
400	 43	765	  1	
400	 53	765	  1	
400	 61	765	  1	
400	 80	765	  1	
400	 92	765	  1	
400	104	765	  1	
400	120	765	  1	
400	138	765	  1	
400	149	765	  1	
400	168	765	  1	
400	173	765	  1	
400	176	765	  1	
400	198	765	  1	
400	205	765	  1	
400	216	765	  1	
400	242	765	  1	
400	272	765	  1	
400	356	765	  1	
400	368	765	  1	
400	392	765	  1	
400	541	765	  1	
402	 38	765	  1	
402	 46	765	  1	
402	213	765	  1	
402	334	765	  1	
403	182	765	  1	
403	223	765	  1	
404	 66	765	  1	
404	104	765	  1	
405	143	765	  1	
405	192	765	  1	
405	220	765	  1	
405	311	765	  1	
406	 54	765	  1	
406	208	765	  1	
406	328	765	  1	
406	352	765	  1	
406	360	765	  1	
406	367	765	  1	
407	 26	765	  1	
407	 32	765	  1	
407	111	765	  1	
408	  8	765	  1	
408	 19	765	  1	
408	 45	765	  1	
408	 76	765	  1	
408	 82	765	  1	
408	 99	765	  1	
408	114	765	  1	
408	157	765	  1	
408	232	765	  1	
408	256	765	  1	
408	331	765	  1	
408	527	765	  1	
410	152	765	  1	
411	 16	765	  1	
411	184	765	  1	
411	366	765	  1	
412	236	765	  1	
413	 54	765	  1	
413	119	765	  1	
413	168	765	  1	
413	176	765	  1	
414	  8	765	  1	
414	158	765	  1	
414	174	765	  1	
414	183	765	  1	
414	287	765	  1	
414	408	765	  1	
415	248	765	  1	
415	328	765	  1	
415	335	765	  1	
415	360	765	  1	
415	386	765	  1	
415	390	765	  1	
415	394	765	  1	
415	403	765	  1	
415	435	765	  1	
416	  2	765	  1	
416	 23	765	  1	
416	 64	765	  1	
416	195	765	  1	
416	221	765	  1	
416	274	765	  1	
416	304	765	  1	
416	346	765	  1	
416	351	765	  1	
417	114	765	  1	
417	315	765	  1	
418	 16	765	  1	
418	 72	765	  1	
418	447	765	  1	
419	199	765	  1	
419	248	765	  1	
420	 82	765	  1	
420	358	765	  1	
420	419	765	  1	
421	  8	765	  1	
421	223	765	  1	
422	 26	765	  1	
422	 79	765	  1	
423	  7	765	  1	
423	 12	765	  1	
423	 31	765	  1	
423	 43	765	  1	
423	111	765	  1	
423	195	765	  1	
423	423	765	  1	
424	 53	765	  1	
424	 93	765	  1	
424	113	765	  1	
424	152	765	  1	
424	178	765	  1	
424	240	765	  1	
424	285	765	  1	
424	354	765	  1	
424	360	765	  1	
424	366	765	  1	
424	511	765	  1	
425	167	765	  1	
425	215	765	  1	
426	158	765	  1	
426	188	765	  1	
426	330	765	  1	
427	 64	765	  1	
427	111	765	  1	
427	128	765	  1	
427	280	765	  1	
428	 78	765	  1	
429	  0	765	  1	
429	 48	765	  1	
430	256	765	  1	
430	263	765	  1	
431	 70	765	  1	
431	 89	765	  1	
431	164	765	  1	
431	192	765	  1	
431	199	765	  1	
431	506	765	  1	
432	 53	765	  1	
432	 72	765	  1	
432	 91	765	  1	
432	104	765	  1	
432	152	765	  1	
432	172	765	  1	
432	176	765	  1	
432	189	765	  1	
432	239	765	  1	
432	248	765	  1	
432	352	765	  1	
432	359	765	  1	
432	368	765	  1	
432	415	765	  1	
432	504	765	  1	
433	181	765	  1	
435	184	765	  1	
435	207	765	  1	
435	355	765	  1	
435	375	765	  1	
435	464	765	  1	
436	156	765	  1	
436	191	765	  1	
436	407	765	  1	
436	409	765	  1	
437	 31	765	  1	
437	168	765	  1	
437	173	765	  1	
437	244	765	  1	
438	224	765	  1	
438	288	765	  1	
438	381	765	  1	
439	 23	765	  1	
439	 88	765	  1	
439	 95	765	  1	
439	117	765	  1	
439	160	765	  1	
439	248	765	  1	
439	257	765	  1	
439	352	765	  1	
439	359	765	  1	
439	368	765	  1	
439	400	765	  1	
439	415	765	  1	
439	421	765	  1	
440	  2	765	  1	
440	 16	765	  1	
440	 65	765	  1	
440	 83	765	  1	
440	103	765	  1	
440	127	765	  1	
440	133	765	  1	
440	163	765	  1	
440	286	765	  1	
440	344	765	  1	
440	367	765	  1	
442	187	765	  1	
442	280	765	  1	
443	100	765	  1	
443	352	765	  1	
444	 16	765	  1	
444	 23	765	  1	
445	174	765	  1	
445	464	765	  1	
445	524	765	  1	
446	471	765	  1	
447	 95	765	  1	
447	192	765	  1	
447	284	765	  1	
447	359	765	  1	
447	363	765	  1	
447	488	765	  1	
448	 33	765	  1	
448	 48	765	  1	
448	 56	765	  1	
448	150	765	  1	
448	184	765	  1	
448	215	765	  1	
448	246	765	  1	
448	318	765	  1	
448	382	765	  1	
448	480	765	  1	
448	501	765	  1	
451	 88	765	  1	
451	111	765	  1	
451	159	765	  1	
451	205	765	  1	
451	223	765	  1	
451	344	765	  1	
451	384	765	  1	
452	352	765	  1	
453	 54	765	  1	
453	 62	765	  1	
453	135	765	  1	
453	194	765	  1	
454	 26	765	  1	
455	 23	765	  1	
455	152	765	  1	
455	160	765	  1	
455	167	765	  1	
455	188	765	  1	
455	216	765	  1	
456	 48	765	  1	
456	 64	765	  1	
456	 80	765	  1	
456	 93	765	  1	
456	136	765	  1	
456	140	765	  1	
456	163	765	  1	
456	169	765	  1	
456	258	765	  1	
456	264	765	  1	
456	271	765	  1	
456	288	765	  1	
456	312	765	  1	
456	328	765	  1	
456	407	765	  1	
457	175	765	  1	
458	352	765	  1	
459	166	765	  1	
459	295	765	  1	
459	335	765	  1	
460	 83	765	  1	
460	362	765	  1	
461	  0	765	  1	
461	 60	765	  1	
461	104	765	  1	
461	162	765	  1	
461	175	765	  1	
462	189	765	  1	
462	315	765	  1	
463	 94	765	  1	
463	288	765	  1	
463	328	765	  1	
464	 32	765	  1	
464	 50	765	  1	
464	 74	765	  1	
464	 86	765	  1	
464	 96	765	  1	
464	131	765	  1	
464	139	765	  1	
464	160	765	  1	
464	179	765	  1	
464	192	765	  1	
464	200	765	  1	
464	248	765	  1	
464	255	765	  1	
464	320	765	  1	
464	382	765	  1	
464	558	765	  1	
466	144	765	  1	
466	159	765	  1	
466	168	765	  1	
467	 13	765	  1	
467	 39	765	  1	
467	162	765	  1	
467	228	765	  1	
467	285	765	  1	
467	336	765	  1	
467	376	765	  1	
468	170	765	  1	
468	198	765	  1	
469	 72	765	  1	
469	 88	765	  1	
469	214	765	  1	
469	326	765	  1	
470	 60	765	  1	
470	131	765	  1	
470	261	765	  1	
470	267	765	  1	
471	 32	765	  1	
471	 55	765	  1	
471	136	765	  1	
471	176	765	  1	
471	183	765	  1	
472	 18	765	  1	
472	 29	765	  1	
472	128	765	  1	
472	194	765	  1	
472	319	765	  1	
472	350	765	  1	
473	 80	765	  1	
474	143	765	  1	
475	279	765	  1	
475	312	765	  1	
477	  6	765	  1	
477	 16	765	  1	
477	 23	765	  1	
478	408	765	  1	
479	104	765	  1	
479	151	765	  1	
479	215	765	  1	
479	274	765	  1	
479	319	765	  1	
480	 80	765	  1	
480	 96	765	  1	
480	266	765	  1	
480	271	765	  1	
480	296	765	  1	
480	336	765	  1	
480	364	765	  1	
480	370	765	  1	
481	248	765	  1	
481	253	765	  1	
481	455	765	  1	
482	280	765	  1	
483	159	765	  1	
485	 16	765	  1	
485	 32	765	  1	
486	 87	765	  1	
486	136	765	  1	
487	 56	765	  1	
487	296	765	  1	
487	448	765	  1	
487	455	765	  1	
488	 29	765	  1	
488	 74	765	  1	
488	 78	765	  1	
488	152	765	  1	
488	187	765	  1	
488	208	765	  1	
488	214	765	  1	
488	229	765	  1	
488	232	765	  1	
488	239	765	  1	
488	256	765	  1	
488	288	765	  1	
489	349	765	  1	
490	224	765	  1	
491	 16	765	  1	
491	248	765	  1	
491	272	765	  1	
491	344	765	  1	
493	110	765	  1	
493	211	765	  1	
493	262	765	  1	
493	293	765	  1	
493	320	765	  1	
493	327	765	  1	
494	 72	765	  1	
494	163	765	  1	
494	191	765	  1	
494	229	765	  1	
495	235	765	  1	
495	367	765	  1	
496	 11	765	  1	
496	 27	765	  1	
496	 33	765	  1	
496	 41	765	  1	
496	 56	765	  1	
496	 63	765	  1	
496	 69	765	  1	
496	 84	765	  1	
496	168	765	  1	
496	224	765	  1	
496	313	765	  1	
496	359	765	  1	
498	264	765	  1	
499	152	765	  1	
499	159	765	  1	
499	319	765	  1	
501	127	765	  1	
501	151	765	  1	
502	216	765	  1	
503	 80	765	  1	
503	112	765	  1	
503	183	765	  1	
503	269	765	  1	
503	327	765	  1	
504	  3	765	  1	
504	  8	765	  1	
504	 64	765	  1	
504	116	765	  1	
504	171	765	  1	
504	192	765	  1	
504	248	765	  1	
504	316	765	  1	
504	344	765	  1	
505	224	765	  1	
506	 13	765	  1	
506	312	765	  1	
507	 99	765	  1	
507	123	765	  1	
507	170	765	  1	
507	199	765	  1	
507	352	765	  1	
508	117	765	  1	
508	134	765	  1	
508	160	765	  1	
508	229	765	  1	
508	316	765	  1	
509	 54	765	  1	
509	152	765	  1	
509	222	765	  1	
509	247	765	  1	
509	254	765	  1	
510	157	765	  1	
511	 40	765	  1	
511	192	765	  1	
511	304	765	  1	
511	312	765	  1	
512	 48	765	  1	
512	 80	765	  1	
512	 88	765	  1	
512	103	765	  1	
512	123	765	  1	
512	296	765	  1	
512	352	765	  1	
512	388	765	  1	
513	 94	765	  1	
513	222	765	  1	
514	143	765	  1	
515	 20	765	  1	
515	527	765	  1	
516	359	765	  1	
517	 51	765	  1	
518	 83	765	  1	
518	120	765	  1	
518	210	765	  1	
519	  8	765	  1	
519	223	765	  1	
520	  7	765	  1	
520	 40	765	  1	
520	 72	765	  1	
520	 79	765	  1	
520	 90	765	  1	
520	112	765	  1	
520	152	765	  1	
520	272	765	  1	
520	279	765	  1	
520	288	765	  1	
521	192	765	  1	
522	216	765	  1	
522	367	765	  1	
523	 64	765	  1	
523	128	765	  1	
523	303	765	  1	
524	204	765	  1	
525	  3	765	  1	
525	158	765	  1	
526	 91	765	  1	
526	100	765	  1	
526	291	765	  1	
526	407	765	  1	
527	 75	765	  1	
527	 80	765	  1	
527	120	765	  1	
527	127	765	  1	
527	299	765	  1	
528	 42	765	  1	
528	101	765	  1	
528	146	765	  1	
528	191	765	  1	
528	196	765	  1	
528	218	765	  1	
528	260	765	  1	
528	280	765	  1	
528	285	765	  1	
528	296	765	  1	
528	319	765	  1	
528	423	765	  1	
529	231	765	  1	
530	119	765	  1	
530	339	765	  1	
530	375	765	  1	
531	416	765	  1	
533	 88	765	  1	
533	 96	765	  1	
533	128	765	  1	
533	147	765	  1	
533	160	765	  1	
533	263	765	  1	
533	384	765	  1	
534	114	765	  1	
534	199	765	  1	
534	224	765	  1	
534	327	765	  1	
535	191	765	  1	
535	296	765	  1	
535	423	765	  1	
535	525	765	  1	
536	 23	765	  1	
536	 40	765	  1	
536	 56	765	  1	
536	 85	765	  1	
536	 92	765	  1	
536	104	765	  1	
536	110	765	  1	
536	168	765	  1	
536	220	765	  1	
536	240	765	  1	
536	247	765	  1	
536	252	765	  1	
536	259	765	  1	
537	 47	765	  1	
539	 94	765	  1	
539	256	765	  1	
539	263	765	  1	
539	318	765	  1	
540	 82	765	  1	
541	  7	765	  1	
541	 55	765	  1	
541	 81	765	  1	
541	116	765	  1	
543	151	765	  1	
543	220	765	  1	
543	259	765	  1	
544	  8	765	  1	
544	104	765	  1	
544	177	765	  1	
544	231	765	  1	
544	234	765	  1	
544	552	765	  1	
545	 78	765	  1	
545	 99	765	  1	
546	 85	765	  1	
547	 39	765	  1	
547	199	765	  1	
547	227	765	  1	
547	256	765	  1	
549	146	765	  1	
550	184	765	  1	
550	436	765	  1	
551	  8	765	  1	
551	 86	765	  1	
551	168	765	  1	
551	208	765	  1	
551	224	765	  1	
551	231	765	  1	
552	 48	765	  1	
552	 55	765	  1	
552	 96	765	  1	
552	130	765	  1	
552	156	765	  1	
552	291	765	  1	
552	296	765	  1	
552	349	765	  1	
552	415	765	  1	
554	256	765	  1	
555	232	765	  1	
555	343	765	  1	
556	169	765	  1	
557	243	765	  1	
558	160	765	  1	
558	264	765	  1	
559	 51	765	  1	
559	143	765	  1	
559	296	765	  1	
559	415	765	  1	
559	559	765	  1	
560	  8	765	  1	
560	203	765	  1	
560	208	765	  1	
560	216	765	  1	
560	223	765	  1	
560	314	765	  1	
560	336	765	  1	
560	352	765	  1	
563	 13	765	  1	
563	295	765	  1	
563	326	765	  1	
563	359	765	  1	
565	544	765	  1	
566	291	765	  1	
566	348	765	  1	
567	208	765	  1	
567	352	765	  1	
568	  2	765	  1	
568	 99	765	  1	
568	112	765	  1	
568	127	765	  1	
568	142	765	  1	
568	215	765	  1	
568	228	765	  1	
568	304	765	  1	
570	311	765	  1	
570	535	765	  1	
571	200	765	  1	
571	223	765	  1	
573	149	765	  1	
575	127	765	  1	
575	142	765	  1	
575	279	765	  1	
575	335	765	  1	
575	423	765	  1	
576	  0	765	  1	
576	 48	765	  1	
576	 83	765	  1	
576	292	765	  1	
576	352	765	  1	
576	359	765	  1	
577	208	765	  1	
579	272	765	  1	
579	311	765	  1	
580	304	765	  1	
581	 96	765	  1	
582	  0	765	  1	
582	288	765	  1	
583	 83	765	  1	
583	104	765	  1	
583	278	765	  1	
583	303	765	  1	
583	328	765	  1	
583	343	765	  1	
583	355	765	  1	
584	 44	765	  1	
584	 79	765	  1	
584	 93	765	  1	
584	111	765	  1	
584	119	765	  1	
584	144	765	  1	
584	160	765	  1	
584	194	765	  1	
584	218	765	  1	
584	234	765	  1	
584	258	765	  1	
584	439	765	  1	
584	464	765	  1	
585	 40	765	  1	
585	301	765	  1	
586	296	765	  1	
587	167	765	  1	
587	238	765	  1	
588	 55	765	  1	
588	123	765	  1	
588	448	765	  1	
589	232	765	  1	
589	351	765	  1	
590	439	765	  1	
591	 76	765	  1	
591	160	765	  1	
591	256	765	  1	
591	263	765	  1	
591	464	765	  1	
592	 39	765	  1	
592	 82	765	  1	
592	 87	765	  1	
592	127	765	  1	
592	205	765	  1	
592	246	765	  1	
592	269	765	  1	
592	273	765	  1	
595	 32	765	  1	
595	292	765	  1	
596	 82	765	  1	
596	 87	765	  1	
596	191	765	  1	
596	200	765	  1	
596	264	765	  1	
598	 99	765	  1	
599	 39	765	  1	
599	199	765	  1	
599	400	765	  1	
600	 87	765	  1	
600	104	765	  1	
600	115	765	  1	
600	183	765	  1	
600	263	765	  1	
600	279	765	  1	
601	231	765	  1	
604	135	765	  1	
605	 66	765	  1	
605	455	765	  1	
606	287	765	  1	
607	 84	765	  1	
607	183	765	  1	
607	280	765	  1	
607	517	765	  1	
608	100	765	  1	
608	245	765	  1	
608	270	765	  1	
608	303	765	  1	
608	572	765	  1	
611	279	765	  1	
611	352	765	  1	
615	 68	765	  1	
615	167	765	  1	
615	272	765	  1	
616	 95	765	  1	
616	181	765	  1	
616	239	765	  1	
616	344	765	  1	
617	395	765	  1	
621	152	765	  1	
622	 69	765	  1	
622	173	765	  1	
622	253	765	  1	
623	 55	765	  1	
623	125	765	  1	
623	499	765	  1	
624	 35	765	  1	
624	 80	765	  1	
624	288	765	  1	
627	246	765	  1	
628	 64	765	  1	
631	199	765	  1	
632	  9	765	  1	
632	 87	765	  1	
633	104	765	  1	
635	 15	765	  1	
637	  7	765	  1	
638	221	765	  1	
639	111	765	  1	
639	176	765	  1	
639	243	765	  1	
639	487	765	  1	
640	135	765	  1	
643	327	765	  1	
645	519	765	  1	
647	128	765	  1	
647	327	765	  1	
648	144	765	  1	
648	151	765	  1	
648	314	765	  1	
650	 64	765	  1	
650	160	765	  1	
651	282	765	  1	
651	335	765	  1	
653	 94	765	  1	
655	 67	765	  1	
656	112	765	  1	
656	144	765	  1	
656	352	765	  1	
658	159	765	  1	
660	 35	765	  1	
663	142	765	  1	
663	200	765	  1	
670	367	765	  1	
672	168	765	  1	
672	250	765	  1	
672	552	765	  1	
676	111	765	  1	
679	250	765	  1	
680	 71	765	  1	
680	379	765	  1	
683	296	765	  1	
688	303	765	  1	
700	167	765	  1	
701	276	765	  1	
704	155	765	  1	
733	336	765	  1	
