# 
#  Image file: Goad1_T0044.jpg
#  Applied threshold: 575
#  Algorithm used: fill2                 
#  Particle count: 1854
#  Location (x,y), max luminance, and mass:
# 
  0	200	765	  1	
  0	247	765	  1	
  0	271	765	  1	
  5	247	765	  1	
  7	167	765	  1	
  7	511	765	  1	
  8	131	765	  1	
 22	424	765	  1	
 24	192	765	  1	
 24	199	765	  1	
 27	296	765	  1	
 27	319	765	  1	
 32	191	765	  1	
 32	256	765	  1	
 39	303	765	  1	
 40	 63	765	  1	
 48	399	765	  1	
 51	144	765	  1	
 55	339	765	  1	
 55	383	765	  1	
 56	216	765	  1	
 56	504	765	  1	
 60	424	765	  1	
 63	111	765	  1	
 64	120	765	  1	
 64	168	765	  1	
 64	295	765	  1	
 64	544	765	  1	
 70	111	765	  1	
 71	 93	765	  1	
 79	239	765	  1	
 80	288	765	  1	
 80	303	765	  1	
 80	336	765	  1	
 87	141	765	  1	
 88	 37	765	  1	
 88	311	765	  1	
 88	318	765	  1	
 88	351	765	  1	
 89	243	765	  1	
 90	339	765	  1	
 91	343	765	  1	
 94	119	765	  1	
 95	311	765	  1	
 95	318	765	  1	
 95	327	765	  1	
 96	 87	765	  1	
 96	155	765	  1	
 96	176	765	  1	
 96	439	765	  1	
 96	512	765	  1	
 98	160	765	  1	
 99	144	765	  1	
103	104	765	  1	
103	152	765	  1	
103	159	765	  1	
104	136	765	  1	
104	275	765	  1	
108	564	765	  1	
111	124	765	  1	
111	272	765	  1	
111	279	765	  1	
111	428	765	  1	
111	495	765	  1	
112	248	765	  1	
112	269	765	  1	
112	509	765	  1	
115	320	765	  1	
119	112	765	  1	
119	432	765	  1	
120	131	765	  1	
120	139	765	  1	
120	327	765	  1	
120	340	765	  1	
122	  0	765	  1	
122	197	765	  1	
123	111	765	  1	
125	  5	765	  1	
126	340	765	  1	
127	 24	765	  1	
127	134	765	  1	
127	143	765	  1	
127	312	765	  1	
127	319	765	  1	
128	 83	765	  1	
128	328	765	  1	
128	338	765	  1	
128	480	765	  1	
131	304	765	  1	
135	104	765	  1	
135	139	765	  1	
136	158	765	  1	
136	296	765	  1	
136	311	765	  1	
136	328	765	  1	
136	359	765	  1	
137	480	765	  1	
138	448	765	  1	
139	 55	765	  1	
139	279	765	  1	
141	103	765	  1	
141	459	765	  1	
142	126	765	  1	
142	391	765	  1	
143	  2	765	  1	
143	 83	765	  1	
143	 95	765	  1	
143	111	765	  1	
143	163	765	  1	
143	248	765	  1	
143	343	765	  1	
143	440	765	  1	
144	 74	765	  1	
144	 79	765	  1	
144	326	765	  1	
147	260	765	  1	
147	399	765	  1	
149	 78	765	  1	
149	135	765	  1	
151	 55	765	  1	
151	 72	765	  1	
152	139	765	  1	
152	171	765	  1	
152	174	765	  1	
152	320	765	  1	
152	352	765	  1	
154	170	765	  1	
156	120	765	  1	
156	175	765	  1	
157	152	765	  1	
157	390	765	  1	
158	125	765	  1	
158	143	765	  1	
159	592	765	  1	
160	 96	765	  1	
160	103	765	  1	
160	117	765	  1	
160	227	765	  1	
160	247	765	  1	
160	316	765	  1	
160	357	765	  1	
160	360	765	  1	
160	416	765	  1	
160	423	765	  1	
162	112	765	  1	
163	353	765	  1	
164	312	765	  1	
165	134	765	  1	
165	144	765	  1	
165	151	765	  1	
165	576	765	  1	
166	 91	765	  1	
166	118	765	  1	
166	168	765	  1	
166	376	765	  1	
167	535	765	  1	
168	 72	765	  1	
168	 88	765	  1	
168	128	765	  1	
168	152	765	  1	
168	198	765	  1	
168	232	765	  1	
168	335	765	  1	
168	407	765	  1	
168	487	765	  1	
169	367	765	  1	
170	106	765	  1	
170	142	765	  1	
171	122	765	  1	
171	239	765	  1	
171	405	765	  1	
173	112	765	  1	
173	256	765	  1	
173	319	765	  1	
173	464	765	  1	
174	136	765	  1	
174	152	765	  1	
174	160	765	  1	
175	232	765	  1	
175	278	765	  1	
175	423	765	  1	
175	503	765	  1	
175	591	765	  1	
176	 96	765	  1	
176	142	765	  1	
176	156	765	  1	
176	165	765	  1	
176	349	765	  1	
178	 86	765	  1	
178	151	765	  1	
179	110	765	  1	
179	182	765	  1	
179	261	765	  1	
179	436	765	  1	
179	478	765	  1	
180	568	765	  1	
182	 77	765	  1	
182	392	765	  1	
183	194	765	  1	
183	293	765	  1	
183	486	765	  1	
183	560	765	  1	
184	 63	765	  1	
184	 96	765	  1	
184	125	765	  1	
184	128	765	  1	
184	130	765	  1	
184	135	765	  1	
184	235	765	  1	
184	291	765	  1	
184	320	765	  1	
184	327	765	  1	
184	346	765	  1	
185	121	765	  1	
186	304	765	  1	
186	400	765	  1	
186	560	765	  1	
187	 56	765	  1	
187	 80	765	  1	
189	112	765	  1	
189	120	765	  1	
189	406	765	  1	
190	116	765	  1	
190	296	765	  1	
191	 47	765	  1	
191	 63	765	  1	
191	 96	765	  1	
191	176	765	  1	
191	232	765	  1	
191	239	765	  1	
191	272	765	  1	
191	287	765	  1	
191	376	765	  1	
192	 92	765	  1	
192	104	765	  1	
192	134	765	  1	
192	202	765	  1	
192	253	765	  1	
192	279	765	  1	
192	311	765	  1	
192	407	765	  1	
193	120	765	  1	
193	429	765	  1	
194	 76	765	  1	
195	216	765	  1	
195	295	765	  1	
195	319	765	  1	
195	360	765	  1	
195	552	765	  1	
197	110	765	  1	
197	126	765	  1	
197	144	765	  1	
197	151	765	  1	
198	 94	765	  1	
198	272	765	  1	
198	402	765	  1	
199	201	765	  1	
199	218	765	  1	
199	288	765	  1	
199	312	765	  1	
199	326	765	  1	
199	439	765	  1	
199	464	765	  1	
200	 39	765	  1	
200	155	765	  1	
200	213	765	  1	
200	243	765	  1	
200	259	765	  1	
200	319	765	  1	
200	344	765	  1	
200	351	765	  1	
200	392	765	  1	
200	408	765	  1	
200	422	765	  1	
200	496	765	  1	
201	115	765	  1	
201	368	765	  1	
203	107	765	  1	
203	160	765	  1	
203	192	765	  1	
203	240	765	  1	
203	247	765	  1	
203	399	765	  1	
203	415	765	  1	
204	 32	765	  1	
204	360	765	  1	
204	480	765	  1	
205	 94	765	  1	
205	208	765	  1	
206	198	765	  1	
206	448	765	  1	
207	232	765	  1	
207	243	765	  1	
207	347	765	  1	
207	373	765	  1	
207	392	765	  1	
207	408	765	  1	
207	456	765	  1	
208	 80	765	  1	
208	139	765	  1	
208	152	765	  1	
208	181	765	  1	
208	186	765	  1	
208	239	765	  1	
208	335	765	  1	
208	389	765	  1	
208	402	765	  1	
208	487	765	  1	
210	 86	765	  1	
211	419	765	  1	
211	463	765	  1	
212	269	765	  1	
213	 39	765	  1	
213	455	765	  1	
214	 80	765	  1	
215	 32	765	  1	
215	143	765	  1	
215	194	765	  1	
215	235	765	  1	
215	283	765	  1	
215	335	765	  1	
215	487	765	  1	
215	512	765	  1	
216	 72	765	  1	
216	 88	765	  1	
216	 96	765	  1	
216	280	765	  1	
216	323	765	  1	
216	400	765	  1	
219	142	765	  1	
220	274	765	  1	
221	134	765	  1	
221	152	765	  1	
221	167	765	  1	
222	184	765	  1	
223	 72	765	  1	
223	 79	765	  1	
223	208	765	  1	
223	440	765	  1	
224	 63	765	  1	
224	120	765	  1	
224	140	765	  1	
224	291	765	  1	
224	350	765	  1	
224	375	765	  1	
224	559	765	  1	
225	420	765	  1	
226	136	765	  1	
227	  0	765	  1	
227	 75	765	  1	
227	200	765	  1	
227	367	765	  1	
227	456	765	  1	
228	416	765	  1	
229	104	765	  1	
229	143	765	  1	
229	168	765	  1	
230	450	765	  1	
231	152	765	  1	
231	350	765	  1	
231	368	765	  1	
232	  3	765	  1	
232	112	765	  1	
232	118	765	  1	
232	162	765	  1	
232	182	765	  1	
232	184	765	  1	
232	199	765	  1	
232	240	765	  1	
232	251	765	  1	
232	279	765	  1	
232	331	765	  1	
232	375	765	  1	
232	408	765	  1	
232	415	765	  1	
234	127	765	  1	
234	285	765	  1	
234	464	765	  1	
235	136	765	  1	
235	192	765	  1	
236	 72	765	  1	
236	176	765	  1	
237	167	765	  1	
237	275	765	  1	
237	423	765	  1	
238	199	765	  1	
239	 18	765	  1	
239	 23	765	  1	
239	181	765	  1	
239	240	765	  1	
239	251	765	  1	
239	287	765	  1	
239	326	765	  1	
239	350	765	  1	
239	371	765	  1	
240	 32	765	  1	
240	 87	765	  1	
240	119	765	  1	
240	138	765	  1	
240	143	765	  1	
240	146	765	  1	
240	232	765	  1	
240	239	765	  1	
240	248	765	  1	
240	304	765	  1	
240	384	765	  1	
240	398	765	  1	
240	584	765	  1	
240	591	765	  1	
240	599	765	  1	
242	 39	765	  1	
242	181	765	  1	
242	310	765	  1	
243	450	765	  1	
244	159	765	  1	
244	164	765	  1	
245	 55	765	  1	
245	104	765	  1	
245	123	765	  1	
245	151	765	  1	
245	395	765	  1	
246	416	765	  1	
246	423	765	  1	
247	310	765	  1	
247	464	765	  1	
247	473	765	  1	
247	479	765	  1	
248	 20	765	  1	
248	 31	765	  1	
248	 38	765	  1	
248	 89	765	  1	
248	168	765	  1	
248	179	765	  1	
248	200	765	  1	
248	216	765	  1	
248	221	765	  1	
248	248	765	  1	
248	256	765	  1	
248	298	765	  1	
248	308	765	  1	
248	365	765	  1	
248	430	765	  1	
249	130	765	  1	
250	 24	765	  1	
250	163	765	  1	
250	170	765	  1	
250	240	765	  1	
250	360	765	  1	
250	416	765	  1	
251	 32	765	  1	
251	 95	765	  1	
251	135	765	  1	
251	432	765	  1	
253	 40	765	  1	
253	 45	765	  1	
253	 80	765	  1	
253	120	765	  1	
253	200	765	  1	
253	408	765	  1	
253	440	765	  1	
254	141	765	  1	
254	248	765	  1	
254	365	765	  1	
255	115	765	  1	
255	166	765	  1	
255	304	765	  1	
255	334	765	  1	
255	387	765	  1	
255	598	765	  1	
256	  0	765	  1	
256	 16	765	  1	
256	 47	765	  1	
256	 56	765	  1	
256	 63	765	  1	
256	 91	765	  1	
256	 96	765	  1	
256	170	765	  1	
256	197	765	  1	
256	208	765	  1	
256	214	765	  1	
256	231	765	  1	
256	260	765	  1	
256	290	765	  1	
256	432	765	  1	
256	438	765	  1	
256	457	765	  1	
256	475	765	  1	
256	493	765	  1	
256	543	765	  1	
257	128	765	  1	
257	134	765	  1	
258	114	765	  1	
259	 40	765	  1	
259	 59	765	  1	
259	167	765	  1	
259	360	765	  1	
260	 28	765	  1	
260	230	765	  1	
260	298	765	  1	
261	 80	765	  1	
261	175	765	  1	
261	295	765	  1	
261	376	765	  1	
261	448	765	  1	
262	156	765	  1	
262	344	765	  1	
263	 47	765	  1	
263	111	765	  1	
263	130	765	  1	
263	165	765	  1	
264	 32	765	  1	
264	 72	765	  1	
264	107	765	  1	
264	215	765	  1	
264	248	765	  1	
264	351	765	  1	
264	397	765	  1	
264	415	765	  1	
264	424	765	  1	
264	455	765	  1	
264	485	765	  1	
264	547	765	  1	
265	407	765	  1	
266	110	765	  1	
266	160	765	  1	
266	224	765	  1	
266	430	765	  1	
266	448	765	  1	
267	176	765	  1	
267	208	765	  1	
267	255	765	  1	
267	280	765	  1	
267	287	765	  1	
267	368	765	  1	
267	480	765	  1	
269	118	765	  1	
269	310	765	  1	
270	166	765	  1	
270	327	765	  1	
270	392	765	  1	
270	401	765	  1	
270	424	765	  1	
270	496	765	  1	
271	215	765	  1	
271	248	765	  1	
271	304	765	  1	
271	415	765	  1	
271	503	765	  1	
272	 29	765	  1	
272	 37	765	  1	
272	112	765	  1	
272	128	765	  1	
272	200	765	  1	
272	251	765	  1	
272	272	765	  1	
272	302	765	  1	
272	335	765	  1	
272	339	765	  1	
272	348	765	  1	
272	439	765	  1	
272	460	765	  1	
273	155	765	  1	
274	104	765	  1	
274	144	765	  1	
274	216	765	  1	
274	344	765	  1	
274	400	765	  1	
275	304	765	  1	
275	322	765	  1	
275	424	765	  1	
276	149	765	  1	
276	323	765	  1	
276	536	765	  1	
277	 46	765	  1	
277	 64	765	  1	
277	207	765	  1	
277	349	765	  1	
278	112	765	  1	
278	223	765	  1	
278	310	765	  1	
278	344	765	  1	
278	463	765	  1	
279	144	765	  1	
279	248	765	  1	
279	255	765	  1	
279	336	765	  1	
279	440	765	  1	
279	523	765	  1	
280	  2	765	  1	
280	 70	765	  1	
280	 82	765	  1	
280	104	765	  1	
280	152	765	  1	
280	272	765	  1	
280	312	765	  1	
280	383	765	  1	
280	400	765	  1	
280	443	765	  1	
281	 15	765	  1	
281	459	765	  1	
281	466	765	  1	
283	 96	765	  1	
283	184	765	  1	
283	256	765	  1	
283	296	765	  1	
283	336	765	  1	
283	367	765	  1	
283	374	765	  1	
283	411	765	  1	
285	 50	765	  1	
285	 55	765	  1	
285	327	765	  1	
285	424	765	  1	
285	479	765	  1	
286	  8	765	  1	
286	302	765	  1	
287	144	765	  1	
287	325	765	  1	
287	343	765	  1	
287	440	765	  1	
287	447	765	  1	
287	519	765	  1	
288	 94	765	  1	
288	231	765	  1	
288	251	765	  1	
288	292	765	  1	
288	296	765	  1	
288	320	765	  1	
288	394	765	  1	
288	435	765	  1	
288	469	765	  1	
288	488	765	  1	
288	498	765	  1	
290	 79	765	  1	
290	149	765	  1	
290	326	765	  1	
291	106	765	  1	
291	111	765	  1	
291	224	765	  1	
292	399	765	  1	
292	489	765	  1	
293	 40	765	  1	
293	 47	765	  1	
293	 84	765	  1	
293	383	765	  1	
294	320	765	  1	
294	407	765	  1	
295	231	765	  1	
295	299	765	  1	
295	304	765	  1	
296	 66	765	  1	
296	 78	765	  1	
296	110	765	  1	
296	162	765	  1	
296	167	765	  1	
296	170	765	  1	
296	199	765	  1	
296	219	765	  1	
296	233	765	  1	
296	340	765	  1	
296	344	765	  1	
296	355	765	  1	
296	382	765	  1	
296	424	765	  1	
296	528	765	  1	
296	535	765	  1	
297	251	765	  1	
298	216	765	  1	
299	103	765	  1	
299	192	765	  1	
299	296	765	  1	
299	312	765	  1	
299	376	765	  1	
299	415	765	  1	
300	325	765	  1	
300	352	765	  1	
300	359	765	  1	
300	456	765	  1	
301	  0	765	  1	
301	 75	765	  1	
301	 80	765	  1	
301	175	765	  1	
302	 41	765	  1	
302	223	765	  1	
302	367	765	  1	
302	463	765	  1	
303	152	765	  1	
303	199	765	  1	
304	 60	765	  1	
304	204	765	  1	
304	224	765	  1	
304	284	765	  1	
304	311	765	  1	
304	326	765	  1	
304	424	765	  1	
304	432	765	  1	
304	464	765	  1	
304	471	765	  1	
304	528	765	  1	
306	 90	765	  1	
306	175	765	  1	
306	302	765	  1	
307	231	765	  1	
307	344	765	  1	
307	387	765	  1	
307	467	765	  1	
308	200	765	  1	
308	512	765	  1	
309	 68	765	  1	
309	290	765	  1	
309	312	765	  1	
309	326	765	  1	
310	 18	765	  1	
310	 95	765	  1	
310	320	765	  1	
310	560	765	  1	
310	567	765	  1	
311	104	765	  1	
311	144	765	  1	
311	224	765	  1	
311	258	765	  1	
311	464	765	  1	
311	471	765	  1	
311	519	765	  1	
312	  0	765	  1	
312	 39	765	  1	
312	 72	765	  1	
312	 78	765	  1	
312	112	765	  1	
312	118	765	  1	
312	159	765	  1	
312	168	765	  1	
312	187	765	  1	
312	238	765	  1	
312	280	765	  1	
312	295	765	  1	
312	327	765	  1	
312	357	765	  1	
312	372	765	  1	
312	377	765	  1	
312	383	765	  1	
312	515	765	  1	
312	584	765	  1	
313	368	765	  1	
313	387	765	  1	
314	310	765	  1	
314	352	765	  1	
315	 88	765	  1	
315	128	765	  1	
315	144	765	  1	
315	176	765	  1	
315	232	765	  1	
315	254	765	  1	
316	442	765	  1	
317	  6	765	  1	
317	 35	765	  1	
317	 75	765	  1	
317	115	765	  1	
317	448	765	  1	
318	248	765	  1	
318	358	765	  1	
318	488	765	  1	
319	159	765	  1	
319	216	765	  1	
319	238	765	  1	
319	304	765	  1	
319	432	765	  1	
319	437	765	  1	
319	453	765	  1	
319	512	765	  1	
319	568	765	  1	
319	575	765	  1	
320	  0	765	  1	
320	  8	765	  1	
320	 40	765	  1	
320	 64	765	  1	
320	 98	765	  1	
320	131	765	  1	
320	144	765	  1	
320	148	765	  1	
320	179	765	  1	
320	270	765	  1	
320	282	765	  1	
320	287	765	  1	
320	335	765	  1	
320	349	765	  1	
320	494	765	  1	
321	107	765	  1	
321	359	765	  1	
321	472	765	  1	
322	 23	765	  1	
322	232	765	  1	
322	239	765	  1	
322	368	765	  1	
322	379	765	  1	
323	 72	765	  1	
323	478	765	  1	
323	503	765	  1	
324	280	765	  1	
324	391	765	  1	
325	154	765	  1	
325	255	765	  1	
325	296	765	  1	
326	  0	765	  1	
326	 16	765	  1	
326	 48	765	  1	
326	 77	765	  1	
326	180	765	  1	
326	218	765	  1	
326	350	765	  1	
326	383	765	  1	
327	106	765	  1	
327	223	765	  1	
327	285	765	  1	
327	368	765	  1	
328	 17	765	  1	
328	 64	765	  1	
328	 82	765	  1	
328	 87	765	  1	
328	111	765	  1	
328	119	765	  1	
328	127	765	  1	
328	165	765	  1	
328	171	765	  1	
328	176	765	  1	
328	190	765	  1	
328	326	765	  1	
328	336	765	  1	
328	342	765	  1	
328	360	765	  1	
328	391	765	  1	
328	402	765	  1	
328	442	765	  1	
329	 69	765	  1	
329	375	765	  1	
329	512	765	  1	
330	  7	765	  1	
330	 26	765	  1	
330	 55	765	  1	
330	184	765	  1	
331	 23	765	  1	
331	120	765	  1	
331	352	765	  1	
331	399	765	  1	
332	 16	765	  1	
333	 72	765	  1	
333	164	765	  1	
333	263	765	  1	
334	 55	765	  1	
334	135	765	  1	
334	147	765	  1	
334	283	765	  1	
334	293	765	  1	
334	325	765	  1	
335	111	765	  1	
335	127	765	  1	
335	129	765	  1	
335	380	765	  1	
335	388	765	  1	
335	392	765	  1	
335	402	765	  1	
335	432	765	  1	
335	488	765	  1	
335	519	765	  1	
336	 19	765	  1	
336	 84	765	  1	
336	121	765	  1	
336	163	765	  1	
336	208	765	  1	
336	226	765	  1	
336	239	765	  1	
336	339	765	  1	
336	363	765	  1	
336	400	765	  1	
336	424	765	  1	
336	440	765	  1	
336	490	765	  1	
336	535	765	  1	
337	319	765	  1	
337	327	765	  1	
337	350	765	  1	
338	230	765	  1	
338	375	765	  1	
339	 12	765	  1	
339	 40	765	  1	
339	117	765	  1	
339	128	765	  1	
339	158	765	  1	
339	215	765	  1	
339	412	765	  1	
339	447	765	  1	
340	308	765	  1	
340	312	765	  1	
341	234	765	  1	
341	444	765	  1	
342	120	765	  1	
342	167	765	  1	
343	 43	765	  1	
343	 79	765	  1	
343	176	765	  1	
343	208	765	  1	
343	231	765	  1	
343	252	765	  1	
343	547	765	  1	
344	 24	765	  1	
344	 53	765	  1	
344	107	765	  1	
344	128	765	  1	
344	135	765	  1	
344	148	765	  1	
344	159	765	  1	
344	181	765	  1	
344	242	765	  1	
344	264	765	  1	
344	324	765	  1	
344	349	765	  1	
344	368	765	  1	
344	383	765	  1	
344	396	765	  1	
344	466	765	  1	
345	 32	765	  1	
346	  3	765	  1	
346	 11	765	  1	
346	 31	765	  1	
346	376	765	  1	
347	176	765	  1	
347	304	765	  1	
348	228	765	  1	
348	325	765	  1	
349	  0	765	  1	
349	111	765	  1	
349	270	765	  1	
349	344	765	  1	
350	471	765	  1	
351	 26	765	  1	
351	157	765	  1	
351	589	765	  1	
352	  6	765	  1	
352	 56	765	  1	
352	 64	765	  1	
352	 80	765	  1	
352	168	765	  1	
352	200	765	  1	
352	207	765	  1	
352	219	765	  1	
352	257	765	  1	
352	262	765	  1	
352	291	765	  1	
352	333	765	  1	
352	368	765	  1	
352	416	765	  1	
352	456	765	  1	
352	490	765	  1	
353	120	765	  1	
353	325	765	  1	
354	 36	765	  1	
354	 96	765	  1	
354	103	765	  1	
354	307	765	  1	
354	538	765	  1	
355	175	765	  1	
355	323	765	  1	
355	343	765	  1	
355	402	765	  1	
356	322	765	  1	
356	375	765	  1	
357	  3	765	  1	
357	 56	765	  1	
357	136	765	  1	
357	147	765	  1	
357	257	765	  1	
357	309	765	  1	
357	352	765	  1	
358	 14	765	  1	
358	318	765	  1	
359	 31	765	  1	
359	125	765	  1	
359	168	765	  1	
359	203	765	  1	
359	216	765	  1	
359	223	765	  1	
359	231	765	  1	
359	252	765	  1	
359	287	765	  1	
359	305	765	  1	
359	315	765	  1	
359	323	765	  1	
359	336	765	  1	
359	431	765	  1	
359	543	765	  1	
360	 47	765	  1	
360	 51	765	  1	
360	 88	765	  1	
360	109	765	  1	
360	123	765	  1	
360	127	765	  1	
360	130	765	  1	
360	160	765	  1	
360	271	765	  1	
360	343	765	  1	
360	389	765	  1	
360	439	765	  1	
360	568	765	  1	
363	 64	765	  1	
363	135	765	  1	
363	182	765	  1	
363	278	765	  1	
363	326	765	  1	
363	432	765	  1	
364	 77	765	  1	
364	124	765	  1	
365	424	765	  1	
366	 69	765	  1	
366	119	765	  1	
366	438	765	  1	
367	 48	765	  1	
367	 55	765	  1	
367	266	765	  1	
367	466	765	  1	
368	 39	765	  1	
368	 56	765	  1	
368	 79	765	  1	
368	 88	765	  1	
368	136	765	  1	
368	432	765	  1	
368	467	765	  1	
371	 95	765	  1	
371	327	765	  1	
371	387	765	  1	
371	439	765	  1	
373	352	765	  1	
374	 14	765	  1	
374	 23	765	  1	
374	307	765	  1	
374	431	765	  1	
374	445	765	  1	
375	157	765	  1	
375	173	765	  1	
375	464	765	  1	
375	471	765	  1	
375	567	765	  1	
376	 24	765	  1	
376	 63	765	  1	
376	 71	765	  1	
376	112	765	  1	
376	128	765	  1	
376	135	765	  1	
376	302	765	  1	
376	318	765	  1	
376	336	765	  1	
376	402	765	  1	
376	411	765	  1	
376	568	765	  1	
378	  2	765	  1	
379	279	765	  1	
379	328	765	  1	
381	231	765	  1	
382	  6	765	  1	
383	255	765	  1	
383	271	765	  1	
383	374	765	  1	
383	408	765	  1	
383	415	765	  1	
384	 14	765	  1	
384	 48	765	  1	
384	 99	765	  1	
384	104	765	  1	
384	175	765	  1	
384	197	765	  1	
384	204	765	  1	
384	208	765	  1	
384	306	765	  1	
384	314	765	  1	
384	320	765	  1	
384	352	765	  1	
384	492	765	  1	
384	528	765	  1	
385	 72	765	  1	
385	464	765	  1	
386	193	765	  1	
386	439	765	  1	
386	488	765	  1	
387	359	765	  1	
387	469	765	  1	
388	 12	765	  1	
388	 58	765	  1	
389	 31	765	  1	
389	136	765	  1	
389	152	765	  1	
389	156	765	  1	
389	167	765	  1	
389	380	765	  1	
389	520	765	  1	
390	 91	765	  1	
391	 48	765	  1	
391	 64	765	  1	
391	112	765	  1	
391	352	765	  1	
391	503	765	  1	
392	 12	765	  1	
392	 53	765	  1	
392	120	765	  1	
392	155	765	  1	
392	302	765	  1	
392	421	765	  1	
392	439	765	  1	
392	476	765	  1	
392	488	765	  1	
393	 48	765	  1	
394	  4	765	  1	
394	 63	765	  1	
394	327	765	  1	
394	432	765	  1	
395	198	765	  1	
395	375	765	  1	
395	430	765	  1	
396	348	765	  1	
397	126	765	  1	
397	174	765	  1	
397	403	765	  1	
397	416	765	  1	
397	472	765	  1	
398	  0	765	  1	
398	 23	765	  1	
399	  5	765	  1	
399	 52	765	  1	
399	 62	765	  1	
400	 40	765	  1	
400	131	765	  1	
400	156	765	  1	
400	184	765	  1	
400	189	765	  1	
400	224	765	  1	
400	258	765	  1	
400	346	765	  1	
400	369	765	  1	
400	440	765	  1	
400	562	765	  1	
401	215	765	  1	
402	 23	765	  1	
402	 59	765	  1	
402	415	765	  1	
403	255	765	  1	
403	380	765	  1	
403	439	765	  1	
404	128	765	  1	
404	462	765	  1	
405	494	765	  1	
406	136	765	  1	
406	142	765	  1	
406	152	765	  1	
406	335	765	  1	
406	351	765	  1	
406	447	765	  1	
407	  0	765	  1	
407	 16	765	  1	
407	 40	765	  1	
407	 56	765	  1	
407	189	765	  1	
407	376	765	  1	
408	 63	765	  1	
408	105	765	  1	
408	155	765	  1	
408	163	765	  1	
408	208	765	  1	
408	272	765	  1	
408	288	765	  1	
408	312	765	  1	
408	486	765	  1	
409	536	765	  1	
410	 19	765	  1	
410	 58	765	  1	
410	 72	765	  1	
410	368	765	  1	
411	 24	765	  1	
411	 38	765	  1	
411	151	765	  1	
411	190	765	  1	
411	344	765	  1	
411	456	765	  1	
413	  8	765	  1	
413	 54	765	  1	
413	120	765	  1	
413	174	765	  1	
413	288	765	  1	
414	 78	765	  1	
414	351	765	  1	
414	375	765	  1	
415	144	765	  1	
415	272	765	  1	
415	391	765	  1	
416	  0	765	  1	
416	 56	765	  1	
416	 85	765	  1	
416	104	765	  1	
416	117	765	  1	
416	167	765	  1	
416	184	765	  1	
416	327	765	  1	
416	419	765	  1	
417	144	765	  1	
418	 55	765	  1	
418	408	765	  1	
419	 64	765	  1	
419	384	765	  1	
419	527	765	  1	
420	172	765	  1	
421	 63	765	  1	
421	 80	765	  1	
422	  3	765	  1	
422	 26	765	  1	
422	165	765	  1	
422	205	765	  1	
422	275	765	  1	
422	285	765	  1	
423	160	765	  1	
423	192	765	  1	
423	232	765	  1	
423	239	765	  1	
423	430	765	  1	
424	  7	765	  1	
424	 72	765	  1	
424	 88	765	  1	
424	132	765	  1	
424	208	765	  1	
424	216	765	  1	
425	127	765	  1	
426	  3	765	  1	
426	 40	765	  1	
426	152	765	  1	
428	 54	765	  1	
429	  8	765	  1	
429	239	765	  1	
431	 88	765	  1	
431	199	765	  1	
431	209	765	  1	
431	403	765	  1	
432	  5	765	  1	
432	 19	765	  1	
432	 64	765	  1	
432	157	765	  1	
432	221	765	  1	
432	226	765	  1	
432	267	765	  1	
432	288	765	  1	
433	 63	765	  1	
434	 87	765	  1	
434	307	765	  1	
434	533	765	  1	
435	  0	765	  1	
435	128	765	  1	
435	231	765	  1	
436	288	765	  1	
436	434	765	  1	
437	  5	765	  1	
437	199	765	  1	
438	439	765	  1	
438	443	765	  1	
439	 19	765	  1	
439	 64	765	  1	
439	 88	765	  1	
439	264	765	  1	
439	271	765	  1	
440	  8	765	  1	
440	 51	765	  1	
440	 58	765	  1	
440	 63	765	  1	
440	112	765	  1	
440	132	765	  1	
440	144	765	  1	
440	149	765	  1	
440	157	765	  1	
440	167	765	  1	
440	181	765	  1	
440	190	765	  1	
440	200	765	  1	
440	203	765	  1	
440	216	765	  1	
440	230	765	  1	
440	235	765	  1	
440	248	765	  1	
440	272	765	  1	
440	279	765	  1	
440	288	765	  1	
440	376	765	  1	
440	382	765	  1	
441	152	765	  1	
442	 66	765	  1	
443	 56	765	  1	
443	186	765	  1	
443	223	765	  1	
443	295	765	  1	
445	 40	765	  1	
445	 72	765	  1	
445	119	765	  1	
445	148	765	  1	
445	163	765	  1	
445	207	765	  1	
445	227	765	  1	
446	203	765	  1	
446	212	765	  1	
446	248	765	  1	
447	 56	765	  1	
447	180	765	  1	
447	216	765	  1	
447	239	765	  1	
447	275	765	  1	
447	288	765	  1	
447	296	765	  1	
447	363	765	  1	
447	399	765	  1	
447	456	765	  1	
447	462	765	  1	
448	 24	765	  1	
448	 33	765	  1	
448	 68	765	  1	
448	 80	765	  1	
448	109	765	  1	
448	127	765	  1	
448	152	765	  1	
448	191	765	  1	
448	193	765	  1	
448	204	765	  1	
448	208	765	  1	
448	245	765	  1	
448	260	765	  1	
448	277	765	  1	
448	295	765	  1	
449	 29	765	  1	
449	 88	765	  1	
450	  8	765	  1	
450	239	765	  1	
450	272	765	  1	
450	480	765	  1	
452	198	765	  1	
453	 96	765	  1	
453	186	765	  1	
453	214	765	  1	
453	280	765	  1	
454	 14	765	  1	
454	 80	765	  1	
454	135	765	  1	
454	139	765	  1	
454	155	765	  1	
454	191	765	  1	
454	234	765	  1	
455	 58	765	  1	
455	 62	765	  1	
455	181	765	  1	
455	227	765	  1	
455	291	765	  1	
456	  8	765	  1	
456	 75	765	  1	
456	131	765	  1	
456	168	765	  1	
456	194	765	  1	
456	229	765	  1	
456	272	765	  1	
456	338	765	  1	
456	395	765	  1	
457	244	765	  1	
457	360	765	  1	
458	187	765	  1	
458	199	765	  1	
459	 14	765	  1	
459	 31	765	  1	
459	 83	765	  1	
459	158	765	  1	
460	272	765	  1	
461	119	765	  1	
461	131	765	  1	
461	192	765	  1	
461	224	765	  1	
462	  8	765	  1	
462	 25	765	  1	
463	127	765	  1	
464	 45	765	  1	
464	 72	765	  1	
464	 88	765	  1	
464	 94	765	  1	
464	 98	765	  1	
464	106	765	  1	
464	141	765	  1	
464	148	765	  1	
464	159	765	  1	
464	183	765	  1	
464	213	765	  1	
464	256	765	  1	
464	272	765	  1	
464	336	765	  1	
464	399	765	  1	
465	280	765	  1	
465	288	765	  1	
466	173	765	  1	
466	200	765	  1	
467	 48	765	  1	
467	 77	765	  1	
467	149	765	  1	
467	154	765	  1	
467	167	765	  1	
467	198	765	  1	
467	343	765	  1	
468	147	765	  1	
468	168	765	  1	
469	 30	765	  1	
469	 40	765	  1	
469	 99	765	  1	
469	134	765	  1	
469	216	765	  1	
469	232	765	  1	
469	264	765	  1	
470	104	765	  1	
470	351	765	  1	
471	159	765	  1	
471	173	765	  1	
471	183	765	  1	
471	336	765	  1	
472	 49	765	  1	
472	 54	765	  1	
472	128	765	  1	
472	160	765	  1	
472	167	765	  1	
472	204	765	  1	
472	228	765	  1	
472	235	765	  1	
472	243	765	  1	
472	253	765	  1	
472	307	765	  1	
472	320	765	  1	
472	344	765	  1	
473	288	765	  1	
474	248	765	  1	
474	325	765	  1	
475	135	765	  1	
475	262	765	  1	
475	426	765	  1	
476	200	765	  1	
476	232	765	  1	
476	239	765	  1	
476	252	765	  1	
477	 50	765	  1	
477	 55	765	  1	
477	174	765	  1	
478	295	765	  1	
478	320	765	  1	
479	127	765	  1	
479	163	765	  1	
479	203	765	  1	
479	304	765	  1	
479	311	765	  1	
480	 88	765	  1	
480	176	765	  1	
480	192	765	  1	
480	218	765	  1	
480	234	765	  1	
480	261	765	  1	
480	283	765	  1	
480	288	765	  1	
480	552	765	  1	
482	 28	765	  1	
483	101	765	  1	
484	 70	765	  1	
485	 14	765	  1	
485	 48	765	  1	
486	 90	765	  1	
486	346	765	  1	
487	 24	765	  1	
487	 64	765	  1	
487	182	765	  1	
487	351	765	  1	
488	 32	765	  1	
488	 44	765	  1	
488	 59	765	  1	
488	 68	765	  1	
488	130	765	  1	
488	152	765	  1	
488	159	765	  1	
488	208	765	  1	
488	214	765	  1	
488	277	765	  1	
488	300	765	  1	
488	331	765	  1	
488	360	765	  1	
488	389	765	  1	
490	 38	765	  1	
491	344	765	  1	
493	192	765	  1	
493	199	765	  1	
493	211	765	  1	
494	 32	765	  1	
494	 74	765	  1	
494	 94	765	  1	
495	  8	765	  1	
495	155	765	  1	
495	328	765	  1	
495	335	765	  1	
496	 80	765	  1	
496	 90	765	  1	
496	175	765	  1	
496	229	765	  1	
496	236	765	  1	
496	248	765	  1	
496	254	765	  1	
496	261	765	  1	
498	 69	765	  1	
498	278	765	  1	
499	168	765	  1	
499	352	765	  1	
501	  0	765	  1	
502	 72	765	  1	
502	358	765	  1	
503	157	765	  1	
503	175	765	  1	
503	215	765	  1	
503	272	765	  1	
503	307	765	  1	
504	 48	765	  1	
504	 55	765	  1	
504	 63	765	  1	
504	101	765	  1	
504	112	765	  1	
504	142	765	  1	
504	170	765	  1	
504	186	765	  1	
504	199	765	  1	
504	209	765	  1	
504	232	765	  1	
504	255	765	  1	
506	343	765	  1	
507	166	765	  1	
507	235	765	  1	
507	248	765	  1	
507	282	765	  1	
507	352	765	  1	
508	 96	765	  1	
508	196	765	  1	
508	296	765	  1	
509	258	765	  1	
510	 13	765	  1	
510	155	765	  1	
510	160	765	  1	
510	277	765	  1	
511	 59	765	  1	
511	192	765	  1	
511	255	765	  1	
511	287	765	  1	
512	 45	765	  1	
512	 58	765	  1	
512	 86	765	  1	
512	200	765	  1	
512	264	765	  1	
512	270	765	  1	
512	281	765	  1	
512	296	765	  1	
512	362	765	  1	
514	 80	765	  1	
514	 94	765	  1	
514	106	765	  1	
514	367	765	  1	
515	  0	765	  1	
515	128	765	  1	
515	135	765	  1	
515	167	765	  1	
515	303	765	  1	
516	 65	765	  1	
516	223	765	  1	
517	 51	765	  1	
518	 88	765	  1	
518	114	765	  1	
518	245	765	  1	
519	160	765	  1	
519	210	765	  1	
520	  0	765	  1	
520	 76	765	  1	
520	 93	765	  1	
520	167	765	  1	
520	208	765	  1	
520	221	765	  1	
520	262	765	  1	
520	344	765	  1	
520	362	765	  1	
522	128	765	  1	
522	135	765	  1	
522	216	765	  1	
522	229	765	  1	
523	351	765	  1	
523	355	765	  1	
524	 53	765	  1	
525	 88	765	  1	
525	102	765	  1	
525	112	765	  1	
525	304	765	  1	
526	222	765	  1	
527	262	765	  1	
527	344	765	  1	
527	376	765	  1	
528	 45	765	  1	
528	 85	765	  1	
528	194	765	  1	
528	199	765	  1	
529	139	765	  1	
529	343	765	  1	
531	  8	765	  1	
531	319	765	  1	
531	336	765	  1	
532	328	765	  1	
533	110	765	  1	
533	192	765	  1	
534	 35	765	  1	
534	386	765	  1	
535	295	765	  1	
535	383	765	  1	
536	 14	765	  1	
536	128	765	  1	
536	135	765	  1	
536	176	765	  1	
536	190	765	  1	
536	200	765	  1	
536	248	765	  1	
536	256	765	  1	
536	328	765	  1	
537	253	765	  1	
539	264	765	  1	
539	271	765	  1	
539	280	765	  1	
539	432	765	  1	
542	 11	765	  1	
542	111	765	  1	
542	179	765	  1	
543	248	765	  1	
543	335	765	  1	
543	338	765	  1	
543	374	765	  1	
544	 22	765	  1	
544	 40	765	  1	
544	 66	765	  1	
544	178	765	  1	
544	232	765	  1	
544	240	765	  1	
544	326	765	  1	
544	352	765	  1	
544	381	765	  1	
544	392	765	  1	
545	152	765	  1	
547	320	765	  1	
547	359	765	  1	
547	368	765	  1	
547	375	765	  1	
547	399	765	  1	
548	184	765	  1	
549	 96	765	  1	
550	376	765	  1	
551	 40	765	  1	
551	158	765	  1	
551	232	765	  1	
551	248	765	  1	
551	352	765	  1	
551	392	765	  1	
551	479	765	  1	
551	527	765	  1	
552	  8	765	  1	
552	110	765	  1	
552	120	765	  1	
552	128	765	  1	
552	134	765	  1	
552	163	765	  1	
552	220	765	  1	
552	224	765	  1	
552	312	765	  1	
552	512	765	  1	
553	416	765	  1	
554	104	765	  1	
554	183	765	  1	
554	205	765	  1	
555	196	765	  1	
555	200	765	  1	
555	231	765	  1	
555	319	765	  1	
556	326	765	  1	
557	248	765	  1	
557	255	765	  1	
557	279	765	  1	
558	223	765	  1	
559	110	765	  1	
559	120	765	  1	
559	160	765	  1	
559	167	765	  1	
559	218	765	  1	
559	312	765	  1	
560	  0	765	  1	
560	131	765	  1	
560	168	765	  1	
560	175	765	  1	
560	180	765	  1	
560	226	765	  1	
562	152	765	  1	
562	248	765	  1	
564	327	765	  1	
564	488	765	  1	
565	125	765	  1	
565	223	765	  1	
565	520	765	  1	
566	235	765	  1	
566	311	765	  1	
567	  0	765	  1	
567	158	765	  1	
567	163	765	  1	
567	171	765	  1	
568	  4	765	  1	
568	112	765	  1	
568	138	765	  1	
568	248	765	  1	
568	255	765	  1	
568	295	765	  1	
568	394	765	  1	
568	416	765	  1	
571	119	765	  1	
572	251	765	  1	
572	319	765	  1	
572	384	765	  1	
573	  0	765	  1	
573	128	765	  1	
573	143	765	  1	
574	184	765	  1	
575	 63	765	  1	
575	112	765	  1	
576	216	765	  1	
576	277	765	  1	
576	458	765	  1	
579	262	765	  1	
579	272	765	  1	
580	255	765	  1	
580	293	765	  1	
581	 96	765	  1	
582	216	765	  1	
582	288	765	  1	
583	 32	765	  1	
583	207	765	  1	
583	244	765	  1	
584	 24	765	  1	
584	105	765	  1	
584	144	765	  1	
584	227	765	  1	
584	232	765	  1	
584	267	765	  1	
584	330	765	  1	
584	472	765	  1	
585	 93	765	  1	
586	111	765	  1	
587	239	765	  1	
587	264	765	  1	
589	222	765	  1	
589	240	765	  1	
589	248	765	  1	
589	255	765	  1	
590	296	765	  1	
590	311	765	  1	
591	160	765	  1	
591	231	765	  1	
592	 53	765	  1	
592	176	765	  1	
592	272	765	  1	
592	283	765	  1	
592	342	765	  1	
592	528	765	  1	
594	265	765	  1	
595	 92	765	  1	
595	107	765	  1	
596	 96	765	  1	
596	104	765	  1	
596	201	765	  1	
597	 99	765	  1	
597	272	765	  1	
598	100	765	  1	
598	183	765	  1	
598	360	765	  1	
599	  0	765	  1	
599	 64	765	  1	
599	308	765	  1	
600	170	765	  1	
600	175	765	  1	
600	226	765	  1	
600	327	765	  1	
601	 64	765	  1	
602	144	765	  1	
603	104	765	  1	
604	528	765	  1	
606	 71	765	  1	
606	170	765	  1	
606	272	765	  1	
607	 18	765	  1	
607	120	765	  1	
607	175	765	  1	
607	246	765	  1	
608	160	765	  1	
608	308	765	  1	
611	 71	765	  1	
611	112	765	  1	
611	387	765	  1	
611	424	765	  1	
612	284	765	  1	
612	490	765	  1	
615	 68	765	  1	
616	 48	765	  1	
616	372	765	  1	
618	 53	765	  1	
618	296	765	  1	
621	127	765	  1	
622	135	765	  1	
623	 48	765	  1	
623	439	765	  1	
624	 68	765	  1	
624	407	765	  1	
627	 96	765	  1	
628	170	765	  1	
631	  6	765	  1	
631	 68	765	  1	
634	198	765	  1	
635	376	765	  1	
635	419	765	  1	
639	120	765	  1	
639	269	765	  1	
640	272	765	  1	
642	277	765	  1	
644	 57	765	  1	
645	272	765	  1	
647	127	765	  1	
647	130	765	  1	
648	136	765	  1	
651	143	765	  1	
653	147	765	  1	
654	256	765	  1	
655	119	765	  1	
655	136	765	  1	
656	 15	765	  1	
656	383	765	  1	
656	591	765	  1	
661	  6	765	  1	
662	336	765	  1	
664	107	765	  1	
667	296	765	  1	
668	199	765	  1	
671	275	765	  1	
678	231	765	  1	
680	 92	765	  1	
680	207	765	  1	
680	415	765	  1	
688	376	765	  1	
696	199	765	  1	
696	384	765	  1	
701	139	765	  1	
722	117	765	  1	
727	330	765	  1	
743	124	765	  1	
