# 
#  Image file: Goad1_T0187.jpg
#  Applied threshold: 575
#  Algorithm used: fill2                 
#  Particle count: 1840
#  Location (x,y), max luminance, and mass:
# 
  0	199	765	  1	
  0	247	765	  1	
  2	158	765	  1	
  3	287	765	  1	
  5	149	765	  1	
  5	247	765	  1	
  7	159	765	  1	
  7	280	765	  1	
  7	351	765	  1	
  7	421	765	  1	
  7	424	765	  1	
  8	128	765	  1	
  8	263	765	  1	
  8	275	765	  1	
 11	236	765	  1	
 12	464	765	  1	
 15	263	765	  1	
 15	287	765	  1	
 15	311	765	  1	
 32	192	765	  1	
 34	106	765	  1	
 35	343	765	  1	
 39	191	765	  1	
 39	198	765	  1	
 55	295	765	  1	
 56	100	765	  1	
 56	119	765	  1	
 63	352	765	  1	
 64	111	765	  1	
 64	229	765	  1	
 66	535	765	  1	
 69	109	765	  1	
 70	231	765	  1	
 72	157	765	  1	
 72	539	765	  1	
 75	181	765	  1	
 75	512	765	  1	
 79	103	765	  1	
 79	374	765	  1	
 79	540	765	  1	
 80	367	765	  1	
 80	423	765	  1	
 83	360	765	  1	
 87	367	765	  1	
 87	423	765	  1	
 87	455	765	  1	
 90	136	765	  1	
 90	343	765	  1	
 95	 36	765	  1	
 95	416	765	  1	
 95	423	765	  1	
 99	431	765	  1	
101	309	765	  1	
103	359	765	  1	
103	499	765	  1	
104	104	765	  1	
104	135	765	  1	
104	267	765	  1	
104	272	765	  1	
104	413	765	  1	
109	280	765	  1	
109	291	765	  1	
110	117	765	  1	
111	104	765	  1	
111	284	765	  1	
112	407	765	  1	
117	406	765	  1	
118	223	765	  1	
118	363	765	  1	
119	160	765	  1	
119	279	765	  1	
119	307	765	  1	
119	430	765	  1	
120	290	765	  1	
120	376	765	  1	
120	511	765	  1	
121	418	765	  1	
122	374	765	  1	
124	  0	765	  1	
127	168	765	  1	
127	248	765	  1	
128	258	765	  1	
130	132	765	  1	
130	271	765	  1	
132	263	765	  1	
132	339	765	  1	
135	 70	765	  1	
135	391	765	  1	
136	 78	765	  1	
136	 86	765	  1	
136	 96	765	  1	
136	111	765	  1	
136	157	765	  1	
136	178	765	  1	
136	183	765	  1	
136	216	765	  1	
139	103	765	  1	
139	183	765	  1	
139	231	765	  1	
140	  7	765	  1	
141	123	765	  1	
141	166	765	  1	
142	 84	765	  1	
142	152	765	  1	
143	 72	765	  1	
143	 96	765	  1	
143	111	765	  1	
143	136	765	  1	
143	216	765	  1	
144	109	765	  1	
144	159	765	  1	
144	266	765	  1	
144	320	765	  1	
144	324	765	  1	
147	224	765	  1	
147	247	765	  1	
148	 39	765	  1	
151	183	765	  1	
151	360	765	  1	
152	136	765	  1	
152	197	765	  1	
152	218	765	  1	
152	320	765	  1	
154	192	765	  1	
155	 23	765	  1	
155	266	765	  1	
156	176	765	  1	
156	360	765	  1	
157	128	765	  1	
158	197	765	  1	
158	216	765	  1	
160	 63	765	  1	
160	 80	765	  1	
160	 99	765	  1	
160	112	765	  1	
160	136	765	  1	
160	142	765	  1	
160	199	765	  1	
160	291	765	  1	
160	319	765	  1	
160	376	765	  1	
162	128	765	  1	
162	280	765	  1	
163	192	765	  1	
166	133	765	  1	
166	382	765	  1	
167	168	765	  1	
167	199	765	  1	
167	291	765	  1	
167	391	765	  1	
168	 91	765	  1	
168	165	765	  1	
168	210	765	  1	
168	216	765	  1	
168	250	765	  1	
168	259	765	  1	
168	266	765	  1	
168	271	765	  1	
168	295	765	  1	
170	248	765	  1	
170	256	765	  1	
171	 96	765	  1	
173	183	765	  1	
174	100	765	  1	
174	160	765	  1	
174	279	765	  1	
174	289	765	  1	
175	111	765	  1	
175	211	765	  1	
175	267	765	  1	
175	339	765	  1	
175	376	765	  1	
175	383	765	  1	
176	 63	765	  1	
176	125	765	  1	
176	152	765	  1	
176	178	765	  1	
176	220	765	  1	
176	224	765	  1	
176	231	765	  1	
176	239	765	  1	
176	242	765	  1	
176	336	765	  1	
176	371	765	  1	
177	255	765	  1	
178	157	765	  1	
179	 11	765	  1	
179	 92	765	  1	
179	471	765	  1	
180	372	765	  1	
182	  3	765	  1	
182	347	765	  1	
183	 56	765	  1	
183	125	765	  1	
183	190	765	  1	
183	263	765	  1	
183	367	765	  1	
183	386	765	  1	
184	 22	765	  1	
184	 72	765	  1	
184	128	765	  1	
184	288	765	  1	
184	294	765	  1	
184	312	765	  1	
184	317	765	  1	
184	323	765	  1	
184	375	765	  1	
184	403	765	  1	
186	161	765	  1	
187	 55	765	  1	
187	 95	765	  1	
187	221	765	  1	
187	536	765	  1	
188	259	765	  1	
188	509	765	  1	
189	 72	765	  1	
189	208	765	  1	
189	215	765	  1	
189	272	765	  1	
189	279	765	  1	
190	103	765	  1	
190	391	765	  1	
191	128	765	  1	
191	317	765	  1	
191	331	765	  1	
191	371	765	  1	
191	400	765	  1	
191	407	765	  1	
191	504	765	  1	
192	 11	765	  1	
192	 67	765	  1	
192	115	765	  1	
192	146	765	  1	
192	206	765	  1	
192	287	765	  1	
192	343	765	  1	
192	519	765	  1	
192	551	765	  1	
193	239	765	  1	
194	 35	765	  1	
194	 64	765	  1	
194	111	765	  1	
195	280	765	  1	
195	336	765	  1	
195	440	765	  1	
197	144	765	  1	
197	151	765	  1	
197	425	765	  1	
197	599	765	  1	
198	  8	765	  1	
198	 15	765	  1	
198	104	765	  1	
198	251	765	  1	
199	 24	765	  1	
199	 67	765	  1	
199	115	765	  1	
199	199	765	  1	
199	287	765	  1	
199	343	765	  1	
199	354	765	  1	
199	508	765	  1	
199	512	765	  1	
200	 17	765	  1	
200	266	765	  1	
200	310	765	  1	
200	362	765	  1	
200	397	765	  1	
202	107	765	  1	
203	 23	765	  1	
203	304	765	  1	
203	416	765	  1	
203	480	765	  1	
204	117	765	  1	
204	317	765	  1	
204	376	765	  1	
204	383	765	  1	
205	  7	765	  1	
205	104	765	  1	
205	372	765	  1	
205	567	765	  1	
206	426	765	  1	
207	 80	765	  1	
207	248	765	  1	
207	255	765	  1	
207	363	765	  1	
207	392	765	  1	
207	399	765	  1	
208	 16	765	  1	
208	 87	765	  1	
208	126	765	  1	
208	148	765	  1	
208	170	765	  1	
208	208	765	  1	
208	419	765	  1	
209	133	765	  1	
210	 86	765	  1	
210	376	765	  1	
210	383	765	  1	
211	136	765	  1	
211	152	765	  1	
211	175	765	  1	
211	280	765	  1	
213	351	765	  1	
214	 23	765	  1	
214	269	765	  1	
215	 79	765	  1	
215	346	765	  1	
215	455	765	  1	
216	 67	765	  1	
216	104	765	  1	
216	152	765	  1	
216	336	765	  1	
216	386	765	  1	
216	391	765	  1	
216	496	765	  1	
216	503	765	  1	
219	 72	765	  1	
219	168	765	  1	
219	424	765	  1	
222	175	765	  1	
222	291	765	  1	
223	 30	765	  1	
223	 40	765	  1	
223	 64	765	  1	
223	 71	765	  1	
223	 88	765	  1	
223	336	765	  1	
223	472	765	  1	
223	568	765	  1	
224	  7	765	  1	
224	142	765	  1	
224	167	765	  1	
224	192	765	  1	
224	199	765	  1	
224	248	765	  1	
224	252	765	  1	
224	314	765	  1	
224	327	765	  1	
224	376	765	  1	
224	403	765	  1	
224	448	765	  1	
225	236	765	  1	
226	112	765	  1	
226	160	765	  1	
227	  0	765	  1	
227	136	765	  1	
227	320	765	  1	
227	324	765	  1	
227	455	765	  1	
228	184	765	  1	
228	343	765	  1	
228	368	765	  1	
228	434	765	  1	
229	 70	765	  1	
229	166	765	  1	
230	 99	765	  1	
230	119	765	  1	
230	191	765	  1	
231	  7	765	  1	
231	199	765	  1	
231	237	765	  1	
231	243	765	  1	
231	448	765	  1	
232	 72	765	  1	
232	121	765	  1	
232	138	765	  1	
232	183	765	  1	
232	235	765	  1	
232	288	765	  1	
232	306	765	  1	
232	388	765	  1	
232	424	765	  1	
232	431	765	  1	
232	464	765	  1	
232	479	765	  1	
232	552	765	  1	
233	 91	765	  1	
234	 40	765	  1	
234	118	765	  1	
234	152	765	  1	
235	166	765	  1	
235	408	765	  1	
235	471	765	  1	
236	294	765	  1	
237	136	765	  1	
237	143	765	  1	
237	159	765	  1	
238	 46	765	  1	
238	239	765	  1	
238	311	765	  1	
239	117	765	  1	
239	176	765	  1	
239	326	765	  1	
239	386	765	  1	
239	464	765	  1	
239	472	765	  1	
240	 16	765	  1	
240	 82	765	  1	
240	120	765	  1	
240	183	765	  1	
240	211	765	  1	
240	225	765	  1	
240	291	765	  1	
240	397	765	  1	
240	440	765	  1	
240	475	765	  1	
240	552	765	  1	
241	456	765	  1	
241	460	765	  1	
243	 95	765	  1	
243	155	765	  1	
243	427	765	  1	
244	  6	765	  1	
244	 80	765	  1	
244	 86	765	  1	
245	 18	765	  1	
245	104	765	  1	
245	123	765	  1	
246	226	765	  1	
246	392	765	  1	
246	448	765	  1	
246	568	765	  1	
247	208	765	  1	
247	215	765	  1	
247	234	765	  1	
247	288	765	  1	
247	295	765	  1	
247	475	765	  1	
248	 24	765	  1	
248	 61	765	  1	
248	 89	765	  1	
248	 96	765	  1	
248	139	765	  1	
248	184	765	  1	
248	201	765	  1	
248	240	765	  1	
248	244	765	  1	
248	252	765	  1	
248	406	765	  1	
248	412	765	  1	
248	463	765	  1	
248	480	765	  1	
248	487	765	  1	
248	505	765	  1	
250	 56	765	  1	
250	296	765	  1	
251	 80	765	  1	
251	143	765	  1	
251	256	765	  1	
251	422	765	  1	
251	497	765	  1	
253	 40	765	  1	
253	232	765	  1	
253	300	765	  1	
253	400	765	  1	
253	408	765	  1	
253	456	765	  1	
254	 62	765	  1	
254	 83	765	  1	
254	135	765	  1	
254	414	765	  1	
254	455	765	  1	
254	483	765	  1	
254	507	765	  1	
255	254	765	  1	
256	  0	765	  1	
256	144	765	  1	
256	151	765	  1	
256	179	765	  1	
256	208	765	  1	
256	214	765	  1	
256	319	765	  1	
256	432	765	  1	
256	445	765	  1	
256	456	765	  1	
256	496	765	  1	
256	518	765	  1	
258	 15	765	  1	
258	 90	765	  1	
258	192	765	  1	
258	464	765	  1	
258	551	765	  1	
259	248	765	  1	
259	543	765	  1	
260	144	765	  1	
260	246	765	  1	
260	253	765	  1	
261	 39	765	  1	
261	399	765	  1	
261	440	765	  1	
262	 88	765	  1	
262	102	765	  1	
262	159	765	  1	
262	176	765	  1	
262	183	765	  1	
262	288	765	  1	
263	 24	765	  1	
263	 94	765	  1	
263	248	765	  1	
263	416	765	  1	
263	423	765	  1	
263	518	765	  1	
264	 14	765	  1	
264	186	765	  1	
264	221	765	  1	
264	268	765	  1	
264	279	765	  1	
264	320	765	  1	
264	448	765	  1	
264	487	765	  1	
264	504	765	  1	
264	511	765	  1	
264	515	765	  1	
265	429	765	  1	
266	273	765	  1	
267	 48	765	  1	
267	168	765	  1	
267	264	765	  1	
267	327	765	  1	
267	405	765	  1	
269	 10	765	  1	
269	184	765	  1	
269	191	765	  1	
269	290	765	  1	
269	424	765	  1	
269	464	765	  1	
269	576	765	  1	
270	200	765	  1	
270	207	765	  1	
270	218	765	  1	
271	 55	765	  1	
271	320	765	  1	
271	431	765	  1	
271	507	765	  1	
271	512	765	  1	
271	519	765	  1	
272	  0	765	  1	
272	 23	765	  1	
272	 42	765	  1	
272	 64	765	  1	
272	 78	765	  1	
272	 88	765	  1	
272	248	765	  1	
272	264	765	  1	
272	412	765	  1	
272	442	765	  1	
272	496	765	  1	
272	536	765	  1	
272	587	765	  1	
274	208	765	  1	
274	271	765	  1	
275	 80	765	  1	
275	192	765	  1	
275	253	765	  1	
275	277	765	  1	
275	337	765	  1	
275	480	765	  1	
277	 40	765	  1	
277	 47	765	  1	
277	 75	765	  1	
277	221	765	  1	
277	264	765	  1	
277	310	765	  1	
278	216	765	  1	
278	520	765	  1	
278	527	765	  1	
279	 23	765	  1	
279	 64	765	  1	
279	208	765	  1	
279	413	765	  1	
279	487	765	  1	
280	 98	765	  1	
280	184	765	  1	
280	240	765	  1	
280	248	765	  1	
280	288	765	  1	
280	339	765	  1	
280	442	765	  1	
280	495	765	  1	
281	181	765	  1	
281	255	765	  1	
281	296	765	  1	
281	328	765	  1	
281	335	765	  1	
282	174	765	  1	
282	192	765	  1	
282	467	765	  1	
283	488	765	  1	
283	534	765	  1	
283	551	765	  1	
284	184	765	  1	
284	302	765	  1	
284	431	765	  1	
285	  0	765	  1	
285	199	765	  1	
285	223	765	  1	
285	240	765	  1	
286	 27	765	  1	
287	151	765	  1	
287	296	765	  1	
287	330	765	  1	
287	336	765	  1	
287	343	765	  1	
287	495	765	  1	
288	 69	765	  1	
288	 85	765	  1	
288	 94	765	  1	
288	160	765	  1	
288	192	765	  1	
288	213	765	  1	
288	227	765	  1	
288	247	765	  1	
288	392	765	  1	
288	424	765	  1	
288	434	765	  1	
288	451	765	  1	
288	467	765	  1	
288	512	765	  1	
291	165	765	  1	
292	120	765	  1	
292	439	765	  1	
293	 39	765	  1	
293	224	765	  1	
294	103	765	  1	
294	112	765	  1	
294	468	765	  1	
295	 32	765	  1	
295	199	765	  1	
295	320	765	  1	
295	568	765	  1	
296	  0	765	  1	
296	 93	765	  1	
296	154	765	  1	
296	171	765	  1	
296	250	765	  1	
296	296	765	  1	
296	359	765	  1	
296	407	765	  1	
296	472	765	  1	
299	102	765	  1	
299	200	765	  1	
299	352	765	  1	
299	368	765	  1	
299	395	765	  1	
299	463	765	  1	
300	404	765	  1	
300	416	765	  1	
301	 68	765	  1	
301	 72	765	  1	
301	192	765	  1	
301	251	765	  1	
301	476	765	  1	
302	 32	765	  1	
302	115	765	  1	
302	288	765	  1	
302	344	765	  1	
302	351	765	  1	
302	423	765	  1	
303	 28	765	  1	
303	144	765	  1	
303	359	765	  1	
304	 40	765	  1	
304	 47	765	  1	
304	 80	765	  1	
304	136	765	  1	
304	141	765	  1	
304	200	765	  1	
304	328	765	  1	
304	335	765	  1	
304	352	765	  1	
304	416	765	  1	
305	304	765	  1	
306	199	765	  1	
306	373	765	  1	
306	391	765	  1	
306	407	765	  1	
307	 15	765	  1	
307	208	765	  1	
308	355	765	  1	
309	  8	765	  1	
309	 64	765	  1	
309	147	765	  1	
309	184	765	  1	
309	343	765	  1	
310	 87	765	  1	
311	 43	765	  1	
311	 80	765	  1	
311	214	765	  1	
311	331	765	  1	
311	419	765	  1	
312	 26	765	  1	
312	 40	765	  1	
312	 77	765	  1	
312	112	765	  1	
312	120	765	  1	
312	127	765	  1	
312	152	765	  1	
312	158	765	  1	
312	174	765	  1	
312	187	765	  1	
312	224	765	  1	
312	255	765	  1	
312	285	765	  1	
312	293	765	  1	
312	301	765	  1	
312	307	765	  1	
312	336	765	  1	
312	440	765	  1	
312	503	765	  1	
313	217	765	  1	
314	223	765	  1	
314	320	765	  1	
314	472	765	  1	
315	 24	765	  1	
315	 31	765	  1	
315	168	765	  1	
315	335	765	  1	
315	363	765	  1	
316	230	765	  1	
316	250	765	  1	
317	155	765	  1	
317	163	765	  1	
317	342	765	  1	
317	445	765	  1	
318	123	765	  1	
318	261	765	  1	
318	320	765	  1	
318	453	765	  1	
319	184	765	  1	
319	301	765	  1	
320	  0	765	  1	
320	 19	765	  1	
320	 94	765	  1	
320	136	765	  1	
320	144	765	  1	
320	240	765	  1	
320	256	765	  1	
320	304	765	  1	
320	349	765	  1	
320	373	765	  1	
320	448	765	  1	
320	552	765	  1	
320	583	765	  1	
321	  8	765	  1	
321	 70	765	  1	
322	464	765	  1	
323	368	765	  1	
324	373	765	  1	
325	254	765	  1	
325	416	765	  1	
327	  0	765	  1	
327	 79	765	  1	
327	200	765	  1	
327	296	765	  1	
327	349	765	  1	
327	398	765	  1	
327	474	765	  1	
327	523	765	  1	
328	 15	765	  1	
328	 21	765	  1	
328	 30	765	  1	
328	 36	765	  1	
328	 68	765	  1	
328	 74	765	  1	
328	 99	765	  1	
328	118	765	  1	
328	127	765	  1	
328	130	765	  1	
328	142	765	  1	
328	151	765	  1	
328	189	765	  1	
328	243	765	  1	
328	272	765	  1	
328	336	765	  1	
328	400	765	  1	
328	452	765	  1	
329	 26	765	  1	
329	378	765	  1	
330	184	765	  1	
331	 88	765	  1	
331	312	765	  1	
332	127	765	  1	
332	391	765	  1	
332	556	765	  1	
333	 23	765	  1	
333	 72	765	  1	
333	 79	765	  1	
333	135	765	  1	
333	231	765	  1	
333	355	765	  1	
334	  0	765	  1	
334	 37	765	  1	
334	 69	765	  1	
334	116	765	  1	
334	140	765	  1	
334	190	765	  1	
335	147	765	  1	
335	240	765	  1	
335	247	765	  1	
335	387	765	  1	
335	455	765	  1	
335	564	765	  1	
336	  6	765	  1	
336	 16	765	  1	
336	 32	765	  1	
336	 64	765	  1	
336	 71	765	  1	
336	 96	765	  1	
336	103	765	  1	
336	158	765	  1	
336	184	765	  1	
336	200	765	  1	
336	214	765	  1	
336	367	765	  1	
336	424	765	  1	
336	499	765	  1	
336	507	765	  1	
338	147	765	  1	
338	152	765	  1	
338	207	765	  1	
338	247	765	  1	
338	377	765	  1	
338	400	765	  1	
339	232	765	  1	
339	391	765	  1	
339	448	765	  1	
339	504	765	  1	
339	511	765	  1	
340	  6	765	  1	
340	384	765	  1	
340	462	765	  1	
341	 40	765	  1	
341	190	765	  1	
341	375	765	  1	
342	212	765	  1	
342	304	765	  1	
342	311	765	  1	
342	408	765	  1	
343	 99	765	  1	
343	418	765	  1	
343	455	765	  1	
343	507	765	  1	
343	542	765	  1	
343	554	765	  1	
344	 24	765	  1	
344	 31	765	  1	
344	 51	765	  1	
344	 79	765	  1	
344	111	765	  1	
344	211	765	  1	
344	235	765	  1	
344	260	765	  1	
344	277	765	  1	
344	286	765	  1	
344	290	765	  1	
344	296	765	  1	
344	312	765	  1	
344	344	765	  1	
344	431	765	  1	
344	439	765	  1	
344	503	765	  1	
345	  7	765	  1	
345	105	765	  1	
346	146	765	  1	
346	221	765	  1	
346	368	765	  1	
346	407	765	  1	
347	  0	765	  1	
347	120	765	  1	
347	300	765	  1	
347	382	765	  1	
347	424	765	  1	
348	 94	765	  1	
348	388	765	  1	
349	272	765	  1	
349	376	765	  1	
350	 24	765	  1	
351	111	765	  1	
351	147	765	  1	
351	216	765	  1	
351	223	765	  1	
351	232	765	  1	
351	239	765	  1	
351	312	765	  1	
351	395	765	  1	
351	431	765	  1	
352	 32	765	  1	
352	 54	765	  1	
352	 64	765	  1	
352	118	765	  1	
352	128	765	  1	
352	268	765	  1	
352	309	765	  1	
352	344	765	  1	
352	407	765	  1	
352	421	765	  1	
353	 16	765	  1	
353	223	765	  1	
354	139	765	  1	
354	266	765	  1	
354	299	765	  1	
355	 72	765	  1	
355	152	765	  1	
355	237	765	  1	
355	328	765	  1	
355	375	765	  1	
356	 76	765	  1	
356	252	765	  1	
356	385	765	  1	
357	 48	765	  1	
357	251	765	  1	
357	276	765	  1	
357	352	765	  1	
357	378	765	  1	
359	208	765	  1	
360	  0	765	  1	
360	 29	765	  1	
360	 40	765	  1	
360	 56	765	  1	
360	 88	765	  1	
360	 95	765	  1	
360	111	765	  1	
360	123	765	  1	
360	130	765	  1	
360	141	765	  1	
360	155	765	  1	
360	168	765	  1	
360	184	765	  1	
360	192	765	  1	
360	272	765	  1	
360	304	765	  1	
360	336	765	  1	
360	368	765	  1	
360	374	765	  1	
360	388	765	  1	
360	432	765	  1	
360	512	765	  1	
361	439	765	  1	
362	 24	765	  1	
362	105	765	  1	
362	117	765	  1	
362	136	765	  1	
362	504	765	  1	
363	197	765	  1	
363	208	765	  1	
363	343	765	  1	
363	347	765	  1	
363	448	765	  1	
364	432	765	  1	
365	128	765	  1	
365	371	765	  1	
365	407	765	  1	
365	456	765	  1	
365	568	765	  1	
366	 29	765	  1	
366	142	765	  1	
366	168	765	  1	
366	389	765	  1	
366	436	765	  1	
367	111	765	  1	
367	384	765	  1	
367	400	765	  1	
368	  4	765	  1	
368	 48	765	  1	
368	 72	765	  1	
368	 79	765	  1	
368	152	765	  1	
368	160	765	  1	
368	203	765	  1	
368	301	765	  1	
368	312	765	  1	
368	328	765	  1	
368	355	765	  1	
368	378	765	  1	
368	394	765	  1	
369	359	765	  1	
370	168	765	  1	
371	 88	765	  1	
371	104	765	  1	
371	223	765	  1	
371	416	765	  1	
372	351	765	  1	
373	130	765	  1	
373	135	765	  1	
374	 48	765	  1	
374	250	765	  1	
374	360	765	  1	
374	427	765	  1	
375	 32	765	  1	
375	 72	765	  1	
375	 79	765	  1	
375	207	765	  1	
375	263	765	  1	
375	536	765	  1	
376	  6	765	  1	
376	 26	765	  1	
376	 43	765	  1	
376	 80	765	  1	
376	 85	765	  1	
376	101	765	  1	
376	112	765	  1	
376	115	765	  1	
376	136	765	  1	
376	143	765	  1	
376	159	765	  1	
376	176	765	  1	
376	238	765	  1	
376	274	765	  1	
376	306	765	  1	
376	374	765	  1	
376	392	765	  1	
376	400	765	  1	
376	520	765	  1	
376	535	765	  1	
378	155	765	  1	
378	472	765	  1	
379	 96	765	  1	
379	279	765	  1	
379	296	765	  1	
379	336	765	  1	
381	 31	765	  1	
381	 56	765	  1	
381	127	765	  1	
381	200	765	  1	
381	438	765	  1	
382	147	765	  1	
382	154	765	  1	
382	391	765	  1	
383	159	765	  1	
383	176	765	  1	
383	224	765	  1	
383	238	765	  1	
383	272	765	  1	
383	299	765	  1	
383	352	765	  1	
383	528	765	  1	
383	599	765	  1	
384	 70	765	  1	
384	 82	765	  1	
384	 95	765	  1	
384	119	765	  1	
384	192	765	  1	
384	205	765	  1	
384	328	765	  1	
384	350	765	  1	
384	395	765	  1	
384	499	765	  1	
385	128	765	  1	
385	335	765	  1	
385	560	765	  1	
385	567	765	  1	
386	344	765	  1	
386	488	765	  1	
387	 32	765	  1	
387	111	765	  1	
387	267	765	  1	
387	318	765	  1	
388	407	765	  1	
389	 67	765	  1	
389	400	765	  1	
389	405	765	  1	
390	 13	765	  1	
390	133	765	  1	
390	178	765	  1	
390	351	765	  1	
391	121	765	  1	
391	392	765	  1	
392	 11	765	  1	
392	 19	765	  1	
392	 40	765	  1	
392	 47	765	  1	
392	101	765	  1	
392	108	765	  1	
392	139	765	  1	
392	232	765	  1	
392	295	765	  1	
392	359	765	  1	
392	384	765	  1	
392	388	765	  1	
392	464	765	  1	
393	 91	765	  1	
393	346	765	  1	
394	152	765	  1	
394	280	765	  1	
394	292	765	  1	
394	410	765	  1	
395	134	765	  1	
395	208	765	  1	
395	221	765	  1	
395	238	765	  1	
395	319	765	  1	
395	327	765	  1	
395	496	765	  1	
396	198	765	  1	
396	351	765	  1	
397	 70	765	  1	
397	112	765	  1	
397	159	765	  1	
397	364	765	  1	
398	154	765	  1	
398	181	765	  1	
398	192	765	  1	
398	389	765	  1	
398	471	765	  1	
399	 43	765	  1	
399	292	765	  1	
400	 29	765	  1	
400	 53	765	  1	
400	 59	765	  1	
400	 76	765	  1	
400	 98	765	  1	
400	139	765	  1	
400	142	765	  1	
400	168	765	  1	
400	218	765	  1	
400	253	765	  1	
400	264	765	  1	
401	136	765	  1	
402	 48	765	  1	
402	174	765	  1	
403	 64	765	  1	
403	166	765	  1	
403	344	765	  1	
403	349	765	  1	
404	140	765	  1	
404	200	765	  1	
405	  0	765	  1	
405	 15	765	  1	
405	 23	765	  1	
405	184	765	  1	
405	451	765	  1	
406	 54	765	  1	
406	168	765	  1	
406	226	765	  1	
406	244	765	  1	
406	391	765	  1	
407	136	765	  1	
407	160	765	  1	
407	360	765	  1	
407	488	765	  1	
408	 30	765	  1	
408	 40	765	  1	
408	 44	765	  1	
408	 88	765	  1	
408	 95	765	  1	
408	 98	765	  1	
408	105	765	  1	
408	117	765	  1	
408	123	765	  1	
408	128	765	  1	
408	176	765	  1	
408	256	765	  1	
408	350	765	  1	
408	403	765	  1	
408	431	765	  1	
408	456	765	  1	
408	495	765	  1	
409	211	765	  1	
410	181	765	  1	
411	 32	765	  1	
411	 90	765	  1	
412	123	765	  1	
412	323	765	  1	
413	 27	765	  1	
413	111	765	  1	
414	202	765	  1	
415	104	765	  1	
415	128	765	  1	
415	245	765	  1	
415	256	765	  1	
415	403	765	  1	
416	 16	765	  1	
416	 48	765	  1	
416	 52	765	  1	
416	115	765	  1	
416	157	765	  1	
416	168	765	  1	
416	179	765	  1	
416	187	765	  1	
416	196	765	  1	
416	349	765	  1	
416	384	765	  1	
417	 90	765	  1	
418	137	765	  1	
418	152	765	  1	
418	240	765	  1	
419	 21	765	  1	
419	 56	765	  1	
419	204	765	  1	
419	214	765	  1	
420	 34	765	  1	
420	 99	765	  1	
421	190	765	  1	
422	158	765	  1	
422	196	765	  1	
422	216	765	  1	
422	246	765	  1	
422	399	765	  1	
423	 95	765	  1	
423	200	765	  1	
423	296	765	  1	
423	330	765	  1	
423	336	765	  1	
423	343	765	  1	
423	384	765	  1	
424	 16	765	  1	
424	 23	765	  1	
424	 64	765	  1	
424	 72	765	  1	
424	112	765	  1	
424	139	765	  1	
424	165	765	  1	
424	232	765	  1	
424	242	765	  1	
424	261	765	  1	
424	379	765	  1	
424	423	765	  1	
424	448	765	  1	
424	464	765	  1	
425	327	765	  1	
426	160	765	  1	
426	208	765	  1	
426	320	765	  1	
427	 48	765	  1	
427	416	765	  1	
428	 77	765	  1	
428	247	765	  1	
429	 88	765	  1	
429	256	765	  1	
430	166	765	  1	
430	223	765	  1	
430	240	765	  1	
431	 19	765	  1	
431	136	765	  1	
431	143	765	  1	
431	423	765	  1	
431	464	765	  1	
432	 56	765	  1	
432	 85	765	  1	
432	 96	765	  1	
432	116	765	  1	
432	126	765	  1	
432	148	765	  1	
432	200	765	  1	
432	224	765	  1	
432	275	765	  1	
432	344	765	  1	
432	396	765	  1	
432	402	765	  1	
432	434	765	  1	
432	439	765	  1	
434	113	765	  1	
434	407	765	  1	
435	216	765	  1	
435	223	765	  1	
435	247	765	  1	
437	184	765	  1	
437	286	765	  1	
438	 13	765	  1	
438	 72	765	  1	
438	117	765	  1	
438	148	765	  1	
438	419	765	  1	
439	  8	765	  1	
439	 96	765	  1	
439	126	765	  1	
439	224	765	  1	
440	 26	765	  1	
440	 58	765	  1	
440	 65	765	  1	
440	 80	765	  1	
440	161	765	  1	
440	192	765	  1	
440	214	765	  1	
440	247	765	  1	
440	304	765	  1	
440	331	765	  1	
441	208	765	  1	
443	407	765	  1	
444	136	765	  1	
444	140	765	  1	
445	 76	765	  1	
445	 94	765	  1	
445	232	765	  1	
446	115	765	  1	
447	 24	765	  1	
447	272	765	  1	
447	328	765	  1	
447	335	765	  1	
447	404	765	  1	
448	 13	765	  1	
448	 18	765	  1	
448	 35	765	  1	
448	 67	765	  1	
448	 88	765	  1	
448	101	765	  1	
448	149	765	  1	
448	160	765	  1	
448	173	765	  1	
448	224	765	  1	
448	326	765	  1	
448	416	765	  1	
448	480	765	  1	
450	  8	765	  1	
452	142	765	  1	
453	129	765	  1	
453	168	765	  1	
454	 14	765	  1	
454	 68	765	  1	
454	135	765	  1	
455	 33	765	  1	
455	176	765	  1	
455	227	765	  1	
455	320	765	  1	
455	431	765	  1	
456	 23	765	  1	
456	 31	765	  1	
456	 39	765	  1	
456	 88	765	  1	
456	124	765	  1	
456	154	765	  1	
456	159	765	  1	
456	200	765	  1	
456	207	765	  1	
456	212	765	  1	
456	278	765	  1	
456	354	765	  1	
456	360	765	  1	
456	453	765	  1	
456	459	765	  1	
458	 16	765	  1	
458	 48	765	  1	
458	 54	765	  1	
458	112	765	  1	
459	 81	765	  1	
459	448	765	  1	
460	 27	765	  1	
460	 61	765	  1	
460	 95	765	  1	
460	271	765	  1	
461	  8	765	  1	
461	142	765	  1	
461	202	765	  1	
461	231	765	  1	
462	128	765	  1	
463	 23	765	  1	
463	 35	765	  1	
463	 48	765	  1	
463	 54	765	  1	
463	 88	765	  1	
463	 96	765	  1	
463	215	765	  1	
463	224	765	  1	
463	488	765	  1	
464	 20	765	  1	
464	136	765	  1	
464	184	765	  1	
464	190	765	  1	
464	487	765	  1	
465	128	765	  1	
466	  8	765	  1	
466	 15	765	  1	
466	343	765	  1	
467	 48	765	  1	
467	 55	765	  1	
467	 80	765	  1	
467	123	765	  1	
467	152	765	  1	
467	208	765	  1	
469	112	765	  1	
469	179	765	  1	
469	187	765	  1	
470	128	765	  1	
471	256	765	  1	
472	 18	765	  1	
472	 23	765	  1	
472	 32	765	  1	
472	125	765	  1	
472	155	765	  1	
472	239	765	  1	
472	286	765	  1	
472	296	765	  1	
472	331	765	  1	
472	424	765	  1	
472	431	765	  1	
474	112	765	  1	
476	232	765	  1	
478	119	765	  1	
478	123	765	  1	
479	 64	765	  1	
479	182	765	  1	
479	285	765	  1	
479	392	765	  1	
480	  8	765	  1	
480	 39	765	  1	
480	 55	765	  1	
480	 87	765	  1	
480	 91	765	  1	
480	192	765	  1	
480	199	765	  1	
480	370	765	  1	
482	 75	765	  1	
482	120	765	  1	
482	224	765	  1	
482	344	765	  1	
483	 16	765	  1	
483	 47	765	  1	
484	135	765	  1	
484	195	765	  1	
484	351	765	  1	
484	376	765	  1	
485	368	765	  1	
488	 39	765	  1	
488	144	765	  1	
488	208	765	  1	
488	214	765	  1	
488	256	765	  1	
488	267	765	  1	
490	276	765	  1	
491	  0	765	  1	
491	369	765	  1	
491	583	765	  1	
493	 16	765	  1	
493	211	765	  1	
495	 37	765	  1	
495	263	765	  1	
495	344	765	  1	
495	368	765	  1	
495	381	765	  1	
496	  8	765	  1	
496	 93	765	  1	
496	104	765	  1	
496	110	765	  1	
496	123	765	  1	
496	133	765	  1	
496	155	765	  1	
496	184	765	  1	
496	190	765	  1	
496	198	765	  1	
496	224	765	  1	
496	231	765	  1	
497	 86	765	  1	
497	194	765	  1	
497	320	765	  1	
498	114	765	  1	
498	187	765	  1	
501	 48	765	  1	
501	 70	765	  1	
501	140	765	  1	
502	126	765	  1	
502	133	765	  1	
502	152	765	  1	
502	184	765	  1	
502	191	765	  1	
502	199	765	  1	
504	  8	765	  1	
504	 56	765	  1	
504	 63	765	  1	
504	144	765	  1	
504	149	765	  1	
504	200	765	  1	
504	207	765	  1	
504	280	765	  1	
504	312	765	  1	
504	326	765	  1	
504	360	765	  1	
504	436	765	  1	
505	 87	765	  1	
506	 23	765	  1	
506	 72	765	  1	
506	184	765	  1	
507	112	765	  1	
507	150	765	  1	
507	154	765	  1	
507	203	765	  1	
509	110	765	  1	
509	191	765	  1	
509	259	765	  1	
510	159	765	  1	
511	 59	765	  1	
511	 75	765	  1	
511	200	765	  1	
511	207	765	  1	
511	367	765	  1	
512	  3	765	  1	
512	 10	765	  1	
512	 44	765	  1	
512	 54	765	  1	
512	 64	765	  1	
512	136	765	  1	
512	208	765	  1	
512	219	765	  1	
512	224	765	  1	
512	395	765	  1	
513	194	765	  1	
513	199	765	  1	
515	 16	765	  1	
515	112	765	  1	
515	211	765	  1	
515	231	765	  1	
517	 51	765	  1	
517	104	765	  1	
517	240	765	  1	
518	 47	765	  1	
518	 87	765	  1	
518	183	765	  1	
519	 79	765	  1	
519	208	765	  1	
519	221	765	  1	
519	248	765	  1	
519	256	765	  1	
520	  0	765	  1	
520	101	765	  1	
520	192	765	  1	
520	200	765	  1	
520	207	765	  1	
520	219	765	  1	
520	439	765	  1	
522	  7	765	  1	
524	316	765	  1	
525	120	765	  1	
527	  0	765	  1	
527	141	765	  1	
527	216	765	  1	
527	223	765	  1	
528	  4	765	  1	
528	 48	765	  1	
528	 69	765	  1	
528	 82	765	  1	
528	 91	765	  1	
528	103	765	  1	
528	107	765	  1	
528	134	765	  1	
528	146	765	  1	
528	151	765	  1	
528	202	765	  1	
528	232	765	  1	
529	127	765	  1	
531	 64	765	  1	
532	 92	765	  1	
533	  7	765	  1	
533	102	765	  1	
533	112	765	  1	
533	130	765	  1	
533	136	765	  1	
534	360	765	  1	
534	367	765	  1	
535	121	765	  1	
536	 56	765	  1	
536	 62	765	  1	
536	 71	765	  1	
536	117	765	  1	
536	176	765	  1	
536	180	765	  1	
536	334	765	  1	
537	187	765	  1	
537	231	765	  1	
538	 23	765	  1	
538	293	765	  1	
538	328	765	  1	
539	 86	765	  1	
539	110	765	  1	
539	192	765	  1	
540	 70	765	  1	
540	126	765	  1	
541	112	765	  1	
541	222	765	  1	
541	354	765	  1	
542	120	765	  1	
542	228	765	  1	
542	340	765	  1	
543	 88	765	  1	
543	 95	765	  1	
543	288	765	  1	
544	  8	765	  1	
544	117	765	  1	
544	127	765	  1	
544	140	765	  1	
544	161	765	  1	
544	168	765	  1	
544	206	765	  1	
544	212	765	  1	
544	235	765	  1	
544	262	765	  1	
544	277	765	  1	
544	314	765	  1	
544	439	765	  1	
546	167	765	  1	
547	120	765	  1	
548	223	765	  1	
549	 61	765	  1	
549	146	765	  1	
549	272	765	  1	
549	343	765	  1	
549	376	765	  1	
550	 51	765	  1	
550	 98	765	  1	
550	162	765	  1	
550	213	765	  1	
550	224	765	  1	
551	 64	765	  1	
551	206	765	  1	
551	232	765	  1	
551	239	765	  1	
551	287	765	  1	
551	431	765	  1	
552	 72	765	  1	
552	 79	765	  1	
552	 91	765	  1	
552	160	765	  1	
552	172	765	  1	
552	334	765	  1	
553	111	765	  1	
553	280	765	  1	
555	 80	765	  1	
555	 87	765	  1	
555	128	765	  1	
555	368	765	  1	
556	104	765	  1	
557	155	765	  1	
557	163	765	  1	
557	168	765	  1	
559	 51	765	  1	
559	 88	765	  1	
559	146	765	  1	
559	160	765	  1	
560	  8	765	  1	
560	 23	765	  1	
560	114	765	  1	
560	119	765	  1	
560	280	765	  1	
560	296	765	  1	
560	343	765	  1	
560	367	765	  1	
562	 72	765	  1	
563	336	765	  1	
564	129	765	  1	
565	266	765	  1	
565	271	765	  1	
566	221	765	  1	
567	252	765	  1	
567	343	765	  1	
568	170	765	  1	
568	182	765	  1	
568	316	765	  1	
568	344	765	  1	
570	383	765	  1	
571	216	765	  1	
571	323	765	  1	
571	351	765	  1	
575	 32	765	  1	
575	182	765	  1	
575	223	765	  1	
575	344	765	  1	
576	 88	765	  1	
576	 95	765	  1	
576	109	765	  1	
576	114	765	  1	
576	121	765	  1	
576	136	765	  1	
576	160	765	  1	
576	176	765	  1	
576	237	765	  1	
576	247	765	  1	
576	280	765	  1	
576	335	765	  1	
579	 16	765	  1	
579	 96	765	  1	
579	167	765	  1	
579	206	765	  1	
579	324	765	  1	
579	328	765	  1	
579	343	765	  1	
580	232	765	  1	
580	400	765	  1	
581	223	765	  1	
582	143	765	  1	
582	260	765	  1	
582	266	765	  1	
582	314	765	  1	
582	367	765	  1	
583	 91	765	  1	
583	160	765	  1	
583	279	765	  1	
583	335	765	  1	
584	 80	765	  1	
584	 93	765	  1	
584	127	765	  1	
584	208	765	  1	
584	215	765	  1	
584	240	765	  1	
584	294	765	  1	
584	302	765	  1	
584	328	765	  1	
584	380	765	  1	
585	218	765	  1	
586	111	765	  1	
586	165	765	  1	
586	184	765	  1	
586	191	765	  1	
586	216	765	  1	
587	 74	765	  1	
587	120	765	  1	
587	160	765	  1	
591	108	765	  1	
591	127	765	  1	
591	136	765	  1	
591	243	765	  1	
592	114	765	  1	
592	158	765	  1	
592	168	765	  1	
592	175	765	  1	
592	276	765	  1	
592	333	765	  1	
592	336	765	  1	
592	391	765	  1	
592	568	765	  1	
594	 13	765	  1	
595	 95	765	  1	
595	171	765	  1	
595	408	765	  1	
596	198	765	  1	
596	284	765	  1	
596	376	765	  1	
597	100	765	  1	
597	104	765	  1	
597	288	765	  1	
597	299	765	  1	
598	 88	765	  1	
598	116	765	  1	
598	159	765	  1	
598	243	765	  1	
598	264	765	  1	
598	280	765	  1	
598	307	765	  1	
599	136	765	  1	
599	168	765	  1	
599	175	765	  1	
599	295	765	  1	
599	383	765	  1	
600	 52	765	  1	
600	246	765	  1	
600	279	765	  1	
600	327	765	  1	
600	336	765	  1	
600	495	765	  1	
602	239	765	  1	
603	  0	765	  1	
605	254	765	  1	
605	315	765	  1	
605	337	765	  1	
606	343	765	  1	
607	246	765	  1	
607	272	765	  1	
607	304	765	  1	
607	379	765	  1	
608	116	765	  1	
608	163	765	  1	
608	223	765	  1	
608	259	765	  1	
608	324	765	  1	
608	350	765	  1	
608	398	765	  1	
610	215	765	  1	
610	239	765	  1	
611	 86	765	  1	
613	320	765	  1	
613	356	765	  1	
614	 80	765	  1	
614	312	765	  1	
614	346	765	  1	
615	 72	765	  1	
615	160	765	  1	
615	167	765	  1	
615	235	765	  1	
616	 11	765	  1	
616	310	765	  1	
616	336	765	  1	
619	103	765	  1	
619	308	765	  1	
619	343	765	  1	
620	  8	765	  1	
622	311	765	  1	
623	183	765	  1	
623	256	765	  1	
623	263	765	  1	
623	336	765	  1	
624	275	765	  1	
624	280	765	  1	
624	319	765	  1	
624	343	765	  1	
624	352	765	  1	
625	 95	765	  1	
629	328	765	  1	
629	356	765	  1	
630	221	765	  1	
631	339	765	  1	
631	346	765	  1	
632	227	765	  1	
636	392	765	  1	
638	512	765	  1	
639	219	765	  1	
640	112	765	  1	
640	330	765	  1	
640	336	765	  1	
640	400	765	  1	
645	168	765	  1	
647	 87	765	  1	
647	246	765	  1	
648	 64	765	  1	
648	 88	765	  1	
648	507	765	  1	
649	405	765	  1	
650	120	765	  1	
652	213	765	  1	
652	344	765	  1	
654	 95	765	  1	
654	191	765	  1	
656	 84	765	  1	
661	 87	765	  1	
663	  8	765	  1	
664	103	765	  1	
664	264	765	  1	
669	184	765	  1	
672	174	765	  1	
677	168	765	  1	
682	104	765	  1	
682	127	765	  1	
685	123	765	  1	
686	 75	765	  1	
692	 87	765	  1	
695	191	765	  1	
720	265	765	  1	
721	194	765	  1	
732	530	765	  1	
738	 89	765	  1	
759	 84	765	  1	
768	271	765	  1	
796	169	765	  1	
799	167	765	  1	
